   1   0.224757E-03  -0.188696E-03   0.112714E-01   0.849280E-02   0.350000E-03
   2  -0.140579E-02  -0.923285E-03   0.189274E-03   0.150028E-03   0.150000E-03
   3   0.107745E-02  -0.144211E-02   0.452826E-02   0.447876E-03   0.450000E-03
   4  -0.579198E-03  -0.265578E-02   0.569227E-02   0.565998E-03   0.200000E-03
   5  -0.938976E-02   0.386977E-02   0.576362E-02   0.100567E-03   0.100000E-03
   6   0.298144E-02  -0.383381E-02   0.743768E-02   0.249451E-03   0.250000E-03
   7   0.112536E-02  -0.305152E-02   0.806955E-02   0.398598E-03   0.400000E-03
   8  -0.426667E-03  -0.167726E-03   0.884013E-02   0.347597E-03   0.350000E-03
   9   0.503108E-03   0.908355E-03   0.928284E-02   0.575382E-03   0.150000E-03
  10   0.402792E-02  -0.408366E-02   0.117866E-01   0.296526E-03   0.300000E-03
  11  -0.176905E-03  -0.269651E-02   0.130281E-01   0.349960E-03   0.350000E-03
  12  -0.311409E-02  -0.215310E-02   0.147616E-01   0.194718E-03   0.200000E-03
  13  -0.117501E-02  -0.984432E-03   0.168982E-01   0.343471E-03   0.350000E-03
  14   0.643018E-04   0.719800E-03   0.175966E-01   0.348281E-03   0.350000E-03
  15  -0.362395E-03   0.812582E-04   0.188168E-01   0.398970E-03   0.400000E-03
  16   0.713342E-03   0.927100E-03   0.195634E-01   0.347457E-03   0.350000E-03
  17  -0.133990E-02   0.446433E-03   0.204791E-01   0.338352E-03   0.350000E-03
  18  -0.133878E-02  -0.457609E-03   0.219309E-01   0.349068E-03   0.350000E-03
  19  -0.903546E-04  -0.764391E-03   0.225201E-01   0.240238E-03   0.250000E-03
  20  -0.241456E-02  -0.909396E-03   0.230196E-01   0.249140E-03   0.250000E-03
  21   0.197626E-02   0.209660E-03   0.244803E-01   0.249761E-03   0.250000E-03
  22  -0.116424E-03  -0.683703E-03   0.257273E-01   0.199928E-03   0.200000E-03
  23   0.210029E-02   0.182675E-02   0.267702E-01   0.998690E-04   0.100000E-03
  24   0.692481E-03   0.655930E-03   0.282496E-01   0.396379E-03   0.400000E-03
  25   0.405122E-03  -0.419680E-03   0.297789E-01   0.398205E-03   0.400000E-03
  26   0.526255E-03  -0.906790E-03   0.305254E-01   0.339901E-03   0.350000E-03
  27  -0.240019E-03  -0.147809E-02   0.318669E-01   0.298694E-03   0.300000E-03
  28  -0.306727E-02  -0.128248E-02   0.333435E-01   0.299773E-03   0.300000E-03
  29   0.819914E-03   0.550807E-03   0.355483E-01   0.445658E-03   0.450000E-03
  30   0.160793E-02  -0.174562E-03   0.373949E-01   0.345537E-03   0.350000E-03
  31  -0.596309E-04   0.343994E-03   0.379868E-01   0.249634E-03   0.250000E-03
  32  -0.248103E-03   0.535906E-03   0.401185E-01   0.197133E-03   0.200000E-03
  33  -0.135123E-02   0.885506E-05   0.410086E-01   0.195103E-03   0.200000E-03
  34  -0.463694E-03  -0.457505E-03   0.446042E-01   0.880674E-03   0.400000E-03
  35   0.222051E-03   0.156561E-02   0.446514E-01   0.192207E-02   0.350000E-03
  36  -0.304103E-03   0.485744E-04   0.863615E-02   0.837470E-02   0.300000E-03
  37  -0.136905E-02   0.310476E-02   0.248366E-03   0.182916E-02   0.250000E-03
  38   0.237008E-02   0.190793E-03   0.758497E-03   0.759126E-03   0.300000E-03
  39   0.155948E-02  -0.171343E-02   0.260820E-02   0.397906E-03   0.400000E-03
  40   0.337261E-03  -0.244318E-02   0.611244E-02   0.299296E-03   0.300000E-03
  41   0.184341E-03  -0.213669E-02   0.680482E-02   0.394669E-03   0.400000E-03
  42   0.298132E-02  -0.831262E-03   0.723358E-02   0.100528E-02   0.350000E-03
  43   0.361634E-03  -0.335070E-02   0.853625E-02   0.917345E-03   0.300000E-03
  44  -0.631702E-03  -0.892354E-03   0.935152E-02   0.968247E-03   0.250000E-03
  45  -0.316902E-02   0.241080E-02   0.992566E-02   0.491826E-03   0.500000E-03
  46  -0.640494E-03  -0.754075E-03   0.108547E-01   0.300031E-03   0.300000E-03
  47   0.571322E-03  -0.730239E-03   0.151870E-01   0.149942E-03   0.150000E-03
  48   0.677920E-03   0.522679E-03   0.157936E-01   0.447452E-03   0.450000E-03
  49  -0.514343E-03  -0.131242E-03   0.164629E-01   0.879397E-03   0.350000E-03
  50  -0.294737E-03   0.707660E-03   0.181865E-01   0.247028E-03   0.250000E-03
  51   0.101389E-02  -0.464775E-03   0.192883E-01   0.876119E-03   0.250000E-03
  52   0.178907E-02   0.338159E-03   0.200192E-01   0.147975E-03   0.150000E-03
  53   0.264069E-02   0.348820E-03   0.204861E-01   0.100323E-02   0.200000E-03
  54  -0.871749E-03  -0.173705E-02   0.211492E-01   0.298716E-03   0.300000E-03
  55   0.301744E-03   0.158368E-03   0.233996E-01   0.999387E-04   0.100000E-03
  56   0.258394E-03   0.371013E-03   0.238472E-01   0.395804E-03   0.400000E-03
  57   0.251906E-03  -0.583236E-05   0.245157E-01   0.920599E-03   0.400000E-03
  58   0.581925E-03   0.175611E-03   0.251135E-01   0.395184E-03   0.400000E-03
  59  -0.294263E-02  -0.303852E-03   0.270657E-01   0.199982E-03   0.200000E-03
  60  -0.106899E-02   0.939127E-03   0.275571E-01   0.298396E-03   0.300000E-03
  61   0.208577E-03   0.799612E-04   0.290873E-01   0.297585E-03   0.300000E-03
  62   0.112304E-02  -0.105598E-02   0.312222E-01   0.347146E-03   0.350000E-03
  63  -0.578900E-03  -0.724352E-03   0.328565E-01   0.196535E-03   0.200000E-03
  64  -0.152742E-02  -0.943274E-04   0.347568E-01   0.345343E-03   0.350000E-03
  65  -0.992365E-04   0.288519E-03   0.363242E-01   0.619206E-03   0.350000E-03
  66   0.643990E-04   0.253682E-04   0.364227E-01   0.139347E-03   0.150000E-03
  67   0.769969E-03   0.124282E-03   0.391332E-01   0.298817E-03   0.300000E-03
  68   0.570222E-03   0.375418E-03   0.422999E-01   0.221538E-03   0.200000E-03
  69  -0.840894E-03  -0.462233E-03   0.438606E-01   0.820739E-03   0.350000E-03
  70  -0.984062E-03  -0.865628E-03   0.424119E-01   0.721671E-02   0.250000E-03
  71  -0.152956E-02   0.950949E-04   0.447017E-01   0.498121E-02   0.300000E-03
  72   0.356669E-03  -0.573719E-03   0.447503E-01   0.248630E-03   0.250000E-03
  73   0.674140E-03   0.262424E-03   0.258474E-02   0.798096E-02   0.350000E-03
  74   0.204208E-02  -0.441651E-03   0.113229E-02   0.295593E-03   0.300000E-03
  75   0.154025E-02   0.130787E-03   0.385754E-02   0.249666E-03   0.250000E-03
  76  -0.516272E-03   0.586191E-03   0.517177E-02   0.920311E-03   0.350000E-03
  77  -0.544664E-03  -0.828749E-03   0.640542E-02   0.833773E-03   0.200000E-03
  78  -0.642917E-03  -0.815566E-03   0.660253E-02   0.134604E-02   0.350000E-03
  79   0.671437E-03  -0.570266E-03   0.792103E-02   0.113311E-02   0.350000E-03
  80  -0.389427E-03  -0.180234E-03   0.902844E-02   0.134385E-02   0.250000E-03
  81  -0.166826E-02   0.255642E-02   0.106530E-01   0.918185E-03   0.350000E-03
  82  -0.571703E-03   0.143072E-02   0.132740E-01   0.980253E-03   0.300000E-03
  83   0.133132E-02  -0.244029E-02   0.137256E-01   0.345097E-03   0.350000E-03
  84  -0.214418E-02  -0.211714E-02   0.143158E-01   0.244349E-03   0.250000E-03
  85  -0.218235E-03   0.927048E-03   0.153949E-01   0.101923E-02   0.250000E-03
  86  -0.205032E-03   0.317390E-03   0.172406E-01   0.106338E-02   0.450000E-03
  87  -0.320607E-03   0.249516E-03   0.188208E-01   0.104754E-02   0.250000E-03
  88  -0.633581E-03  -0.958816E-03   0.200293E-01   0.799622E-03   0.300000E-03
  89   0.170120E-03  -0.118707E-02   0.202811E-01   0.160420E-02   0.400000E-03
  90  -0.535363E-03  -0.191831E-02   0.214630E-01   0.866033E-03   0.350000E-03
  91  -0.337794E-03  -0.871760E-03   0.225908E-01   0.725645E-03   0.250000E-03
  92  -0.221612E-02  -0.131463E-02   0.231786E-01   0.826730E-03   0.350000E-03
  93   0.984040E-03   0.400774E-03   0.238024E-01   0.114021E-02   0.350000E-03
  94   0.105354E-02   0.346581E-03   0.252330E-01   0.113277E-02   0.350000E-03
  95  -0.519003E-04  -0.251251E-03   0.273170E-01   0.900529E-03   0.350000E-03
  96   0.136490E-02   0.344189E-03   0.280201E-01   0.116036E-02   0.400000E-03
  97  -0.405373E-03   0.603859E-03   0.294745E-01   0.969403E-03   0.250000E-03
  98   0.532689E-03  -0.709595E-03   0.302739E-01   0.108842E-02   0.450000E-03
  99   0.108332E-02  -0.661390E-03   0.324110E-01   0.246275E-03   0.250000E-03
 100  -0.276947E-03  -0.197331E-02   0.327321E-01   0.623143E-03   0.250000E-03
 101  -0.164354E-02   0.515926E-03   0.349649E-01   0.106198E-02   0.400000E-03
 102  -0.240198E-02  -0.885869E-03   0.368031E-01   0.257533E-03   0.250000E-03
 103   0.952289E-03  -0.150722E-02   0.376400E-01   0.888560E-03   0.250000E-03
 104  -0.169979E-02   0.786611E-04   0.385347E-01   0.294188E-03   0.300000E-03
 105  -0.250743E-03   0.477480E-04   0.405635E-01   0.244869E-03   0.250000E-03
 106  -0.145403E-02   0.884316E-04   0.431873E-01   0.297106E-03   0.300000E-03
 107  -0.492377E-03   0.519734E-03   0.440856E-01   0.749032E-02   0.350000E-03
 108  -0.152633E-02   0.162102E-02   0.349020E-01   0.748721E-02   0.450000E-03
 109  -0.852668E-03  -0.244084E-03   0.240367E-03   0.601111E-03   0.250000E-03
 110   0.137102E-03  -0.932481E-03   0.584689E-03   0.242658E-03   0.250000E-03
 111  -0.176506E-02  -0.120829E-02   0.181229E-02   0.435416E-03   0.400000E-03
 112   0.696231E-04  -0.205767E-02   0.314357E-02   0.919650E-03   0.350000E-03
 113  -0.834404E-03   0.103102E-04   0.588670E-02   0.112980E-02   0.400000E-03
 114  -0.684164E-03  -0.923452E-03   0.710613E-02   0.155446E-02   0.200000E-03
 115   0.768291E-03   0.362545E-04   0.847401E-02   0.155906E-02   0.350000E-03
 116  -0.281427E-02   0.840852E-03   0.982916E-02   0.133114E-02   0.350000E-03
 117  -0.760732E-03   0.135202E-02   0.113296E-01   0.745044E-03   0.350000E-03
 118  -0.995952E-03  -0.318032E-02   0.123831E-01   0.288834E-03   0.300000E-03
 119  -0.237369E-02   0.824663E-03   0.142490E-01   0.784802E-03   0.300000E-03
 120  -0.591443E-03   0.798259E-03   0.150583E-01   0.589930E-03   0.300000E-03
 121   0.129011E-03   0.147725E-03   0.166771E-01   0.138312E-02   0.200000E-03
 122   0.174250E-03  -0.245044E-03   0.181300E-01   0.942585E-03   0.450000E-03
 123  -0.358414E-03  -0.717489E-05   0.185686E-01   0.141609E-02   0.200000E-03
 124  -0.231907E-03  -0.167612E-02   0.196663E-01   0.127370E-02   0.300000E-03
 125  -0.732824E-03  -0.183954E-02   0.208737E-01   0.773868E-03   0.250000E-03
 126  -0.765791E-03  -0.361335E-03   0.209161E-01   0.131763E-02   0.300000E-03
 127   0.146206E-03  -0.776413E-04   0.227122E-01   0.120400E-02   0.250000E-03
 128   0.364546E-03  -0.109704E-03   0.230667E-01   0.161811E-02   0.300000E-03
 129   0.834524E-03  -0.329216E-04   0.236096E-01   0.169558E-02   0.250000E-03
 130   0.986728E-03   0.303604E-03   0.257315E-01   0.717276E-03   0.300000E-03
 131  -0.135744E-03   0.744121E-03   0.263499E-01   0.393858E-03   0.400000E-03
 132   0.654604E-04   0.939314E-03   0.275183E-01   0.148608E-02   0.200000E-03
 133  -0.948523E-04   0.353440E-03   0.288258E-01   0.944583E-03   0.400000E-03
 134   0.154787E-02  -0.193758E-03   0.311539E-01   0.109116E-02   0.400000E-03
 135  -0.421810E-03  -0.134615E-03   0.320008E-01   0.103554E-02   0.450000E-03
 136  -0.405798E-03  -0.171621E-03   0.340221E-01   0.454453E-03   0.400000E-03
 137   0.188243E-02  -0.917778E-03   0.372274E-01   0.761919E-03   0.100000E-03
 138  -0.315332E-03   0.326412E-03   0.374040E-01   0.132409E-02   0.250000E-03
 139  -0.125577E-02  -0.136931E-02   0.381744E-01   0.766250E-03   0.300000E-03
 140   0.509931E-03   0.154077E-03   0.396777E-01   0.262418E-03   0.250000E-03
 141  -0.161183E-02   0.638918E-03   0.414554E-01   0.247474E-03   0.250000E-03
 142   0.129280E-02   0.524152E-03   0.419013E-01   0.197237E-03   0.200000E-03
 143  -0.400333E-03   0.275931E-04   0.439005E-01   0.632370E-02   0.250000E-03
 144  -0.380992E-03   0.922585E-03   0.295122E-01   0.755446E-02   0.300000E-03
 145   0.302724E-03   0.585329E-03   0.295323E-03   0.337553E-02   0.300000E-03
 146   0.914451E-03   0.214124E-02   0.655665E-03   0.139538E-02   0.350000E-03
 147   0.132455E-03   0.548078E-03   0.401186E-02   0.842410E-03   0.200000E-03
 148  -0.783957E-03  -0.886937E-04   0.528038E-02   0.289304E-03   0.300000E-03
 149  -0.462040E-03   0.633935E-03   0.607968E-02   0.195347E-02   0.450000E-03
 150   0.198934E-02  -0.172332E-02   0.749575E-02   0.148084E-02   0.200000E-03
 151  -0.126875E-02  -0.126508E-02   0.937629E-02   0.162517E-02   0.200000E-03
 152  -0.582114E-03   0.812036E-03   0.103718E-01   0.138678E-02   0.200000E-03
 153  -0.107345E-02   0.579619E-03   0.111277E-01   0.136053E-02   0.300000E-03
 154   0.636529E-03   0.521300E-03   0.125778E-01   0.949365E-03   0.400000E-03
 155   0.741882E-03   0.908201E-03   0.137607E-01   0.883993E-03   0.200000E-03
 156  -0.116404E-02   0.149678E-02   0.147836E-01   0.123314E-02   0.400000E-03
 157  -0.967746E-03  -0.293011E-04   0.159223E-01   0.139283E-02   0.400000E-03
 158  -0.737833E-04  -0.672968E-03   0.173528E-01   0.184955E-02   0.350000E-03
 159   0.938007E-03  -0.137467E-02   0.177489E-01   0.146842E-02   0.200000E-03
 160   0.299648E-03  -0.148501E-02   0.181790E-01   0.164076E-02   0.250000E-03
 161  -0.166581E-03  -0.467797E-03   0.195762E-01   0.181123E-02   0.250000E-03
 162  -0.324860E-03  -0.163893E-03   0.209095E-01   0.181492E-02   0.200000E-03
 163   0.691956E-03  -0.140012E-02   0.221218E-01   0.109329E-02   0.350000E-03
 164   0.638662E-03  -0.624881E-03   0.227300E-01   0.217139E-02   0.300000E-03
 165   0.770181E-03   0.718757E-03   0.248198E-01   0.156701E-02   0.250000E-03
 166   0.160417E-03   0.129192E-03   0.256215E-01   0.157894E-02   0.250000E-03
 167  -0.131237E-03  -0.340476E-03   0.266068E-01   0.113947E-02   0.400000E-03
 168   0.375433E-03  -0.865252E-04   0.285635E-01   0.153657E-02   0.250000E-03
 169   0.537227E-03   0.117523E-04   0.301825E-01   0.172686E-02   0.200000E-03
 170   0.870023E-03   0.308511E-03   0.307763E-01   0.179252E-02   0.400000E-03
 171  -0.893413E-03   0.351962E-05   0.334966E-01   0.911391E-03   0.300000E-03
 172  -0.191379E-02   0.739445E-03   0.341901E-01   0.125342E-02   0.400000E-03
 173   0.131758E-02   0.127502E-02   0.356513E-01   0.118588E-02   0.300000E-03
 174  -0.220355E-03   0.338951E-03   0.368773E-01   0.104323E-02   0.350000E-03
 175   0.103480E-02  -0.419426E-03   0.390250E-01   0.887668E-03   0.300000E-03
 176   0.167347E-03   0.640288E-03   0.400867E-01   0.989427E-03   0.200000E-03
 177  -0.369661E-03   0.443438E-03   0.406072E-01   0.786770E-03   0.300000E-03
 178  -0.291617E-03   0.834421E-03   0.443940E-01   0.143919E-02   0.200000E-03
 179   0.617005E-03   0.436755E-03   0.426985E-01   0.195651E-03   0.200000E-03
 180  -0.424280E-03  -0.996804E-04   0.400294E-01   0.753756E-02   0.300000E-03
 181  -0.138890E-03   0.113346E-02   0.200261E-03   0.104920E-02   0.200000E-03
 182  -0.190206E-03   0.114258E-02   0.136343E-02   0.219457E-02   0.200000E-03
 183  -0.639806E-03   0.399581E-03   0.331016E-02   0.295829E-03   0.300000E-03
 184  -0.575638E-03   0.199716E-03   0.528285E-02   0.160649E-02   0.350000E-03
 185  -0.189744E-03   0.360444E-03   0.623626E-02   0.263285E-02   0.250000E-03
 186  -0.128151E-04   0.551986E-03   0.678150E-02   0.186455E-02   0.200000E-03
 187   0.244975E-02  -0.101593E-02   0.787562E-02   0.179328E-02   0.300000E-03
 188  -0.432741E-03   0.494907E-03   0.962053E-02   0.200211E-02   0.250000E-03
 189  -0.871106E-03   0.551035E-03   0.116627E-01   0.124316E-02   0.250000E-03
 190  -0.128651E-02  -0.463237E-03   0.119397E-01   0.824645E-03   0.250000E-03
 191  -0.346607E-03  -0.193245E-02   0.139816E-01   0.126447E-02   0.250000E-03
 192   0.399032E-03   0.419200E-03   0.142690E-01   0.184151E-02   0.400000E-03
 193  -0.173839E-03   0.628540E-03   0.152979E-01   0.170787E-02   0.300000E-03
 194   0.155892E-03  -0.443852E-03   0.164935E-01   0.195072E-02   0.400000E-03
 195   0.145854E-03  -0.113356E-02   0.179220E-01   0.206948E-02   0.250000E-03
 196  -0.758355E-03  -0.773564E-03   0.191173E-01   0.150968E-02   0.300000E-03
 197  -0.350299E-03  -0.459103E-03   0.199519E-01   0.227731E-02   0.350000E-03
 198  -0.265638E-03  -0.866761E-03   0.206507E-01   0.223996E-02   0.300000E-03
 199  -0.566730E-03  -0.638014E-03   0.214778E-01   0.151330E-02   0.300000E-03
 200  -0.431982E-03  -0.677294E-03   0.222316E-01   0.215612E-02   0.200000E-03
 201  -0.177075E-03   0.497470E-03   0.242718E-01   0.158900E-02   0.300000E-03
 202   0.695221E-03  -0.397124E-03   0.259624E-01   0.121599E-02   0.250000E-03
 203  -0.414492E-03  -0.901954E-03   0.265341E-01   0.182797E-02   0.300000E-03
 204   0.622938E-03   0.612926E-03   0.270800E-01   0.158113E-02   0.250000E-03
 205  -0.344783E-03  -0.136178E-03   0.295998E-01   0.160463E-02   0.400000E-03
 206  -0.260510E-03   0.104815E-03   0.322208E-01   0.180362E-02   0.350000E-03
 207  -0.395971E-04  -0.259535E-03   0.328589E-01   0.130270E-02   0.450000E-03
 208  -0.207850E-03  -0.184036E-03   0.335693E-01   0.166706E-02   0.350000E-03
 209  -0.292042E-03   0.140981E-02   0.362449E-01   0.125968E-02   0.300000E-03
 210  -0.819790E-03   0.147851E-02   0.366489E-01   0.154285E-02   0.200000E-03
 211  -0.101645E-02   0.166505E-02   0.370684E-01   0.168819E-02   0.250000E-03
 212   0.136299E-04   0.276805E-03   0.400695E-01   0.591748E-03   0.200000E-03
 213  -0.119898E-02   0.794024E-03   0.411304E-01   0.623132E-03   0.250000E-03
 214   0.121947E-02   0.807465E-04   0.420754E-01   0.554256E-03   0.200000E-03
 215  -0.261308E-02   0.883903E-03   0.442567E-01   0.149732E-03   0.150000E-03
 216  -0.897555E-03   0.933510E-04   0.216168E-01   0.892232E-02   0.400000E-03
 217  -0.225294E-03  -0.311382E-03   0.141164E-01   0.933384E-02   0.350000E-03
 218   0.275234E-03   0.118830E-02   0.829503E-03   0.206918E-02   0.350000E-03
 219  -0.913572E-03   0.770689E-04   0.365928E-02   0.653484E-03   0.200000E-03
 220   0.106605E-04   0.142959E-03   0.453104E-02   0.129628E-02   0.400000E-03
 221  -0.365918E-03  -0.373035E-04   0.532511E-02   0.219550E-02   0.250000E-03
 222   0.427225E-05   0.335397E-03   0.729094E-02   0.207076E-02   0.350000E-03
 223  -0.862898E-03  -0.110720E-02   0.900039E-02   0.201335E-02   0.350000E-03
 224  -0.139783E-02   0.168413E-02   0.102138E-01   0.191288E-02   0.350000E-03
 225  -0.770642E-03   0.491874E-03   0.106984E-01   0.161117E-02   0.200000E-03
 226   0.933463E-04   0.931545E-03   0.121491E-01   0.149300E-02   0.300000E-03
 227  -0.197662E-03   0.640484E-03   0.129862E-01   0.144721E-02   0.250000E-03
 228  -0.113446E-02   0.784253E-03   0.148535E-01   0.177672E-02   0.150000E-03
 229  -0.978019E-03  -0.708841E-03   0.158507E-01   0.203430E-02   0.250000E-03
 230   0.521167E-04  -0.393930E-03   0.175422E-01   0.246679E-02   0.300000E-03
 231  -0.485659E-03  -0.624304E-03   0.183521E-01   0.228217E-02   0.200000E-03
 232  -0.409089E-03  -0.582166E-03   0.186655E-01   0.190037E-02   0.300000E-03
 233  -0.314241E-03  -0.327163E-03   0.192052E-01   0.234288E-02   0.400000E-03
 234  -0.102886E-02  -0.641869E-03   0.213241E-01   0.209340E-02   0.300000E-03
 235   0.790522E-03  -0.493732E-03   0.224186E-01   0.166602E-02   0.300000E-03
 236   0.812610E-03  -0.648529E-03   0.233252E-01   0.215532E-02   0.300000E-03
 237   0.337659E-03  -0.512864E-03   0.239741E-01   0.216604E-02   0.350000E-03
 238  -0.495718E-03   0.318711E-03   0.252176E-01   0.177649E-02   0.200000E-03
 239  -0.586177E-03  -0.402506E-03   0.267035E-01   0.234643E-02   0.250000E-03
 240   0.587765E-04  -0.255082E-03   0.290113E-01   0.151223E-02   0.200000E-03
 241   0.722707E-03   0.216958E-03   0.302023E-01   0.227091E-02   0.350000E-03
 242  -0.307587E-03   0.107877E-03   0.315240E-01   0.174315E-02   0.350000E-03
 243  -0.867989E-04  -0.392578E-04   0.329467E-01   0.224347E-02   0.500000E-03
 244   0.920770E-04   0.566902E-03   0.354573E-01   0.199251E-02   0.200000E-03
 245  -0.169189E-02  -0.106178E-03   0.349406E-01   0.180857E-02   0.350000E-03
 246  -0.834398E-03   0.126525E-02   0.366044E-01   0.213967E-02   0.400000E-03
 247  -0.142250E-02   0.469105E-03   0.379974E-01   0.138974E-02   0.350000E-03
 248   0.670763E-03  -0.365310E-03   0.396196E-01   0.809147E-03   0.300000E-03
 249  -0.567506E-03   0.107187E-02   0.416469E-01   0.803352E-03   0.300000E-03
 250  -0.153983E-02   0.167267E-03   0.437342E-01   0.242023E-03   0.250000E-03
 251  -0.637740E-03   0.278031E-03   0.446048E-01   0.297502E-02   0.400000E-03
 252  -0.165135E-02   0.945950E-03   0.336641E-01   0.773826E-02   0.350000E-03
 253  -0.150294E-03  -0.301427E-04   0.214906E-02   0.743311E-02   0.350000E-03
 254  -0.103690E-03  -0.148366E-03   0.134981E-02   0.102520E-02   0.350000E-03
 255  -0.408026E-04   0.131698E-02   0.223677E-02   0.989639E-03   0.300000E-03
 256   0.250012E-03  -0.245830E-03   0.474032E-02   0.196387E-02   0.300000E-03
 257   0.250217E-05   0.308698E-03   0.670952E-02   0.235834E-02   0.300000E-03
 258   0.116230E-02  -0.180023E-02   0.834203E-02   0.224375E-02   0.350000E-03
 259  -0.648374E-03   0.282648E-03   0.907690E-02   0.280541E-02   0.450000E-03
 260  -0.762506E-03   0.412513E-03   0.989602E-02   0.259016E-02   0.400000E-03
 261  -0.400539E-03   0.156118E-02   0.116408E-01   0.179977E-02   0.300000E-03
 262  -0.833609E-03   0.413114E-03   0.121934E-01   0.214112E-02   0.350000E-03
 263   0.142217E-03   0.746864E-03   0.135401E-01   0.167057E-02   0.350000E-03
 264  -0.426438E-03  -0.478179E-03   0.148478E-01   0.222487E-02   0.300000E-03
 265  -0.735126E-04  -0.196984E-02   0.166063E-01   0.254021E-02   0.200000E-03
 266   0.158444E-03  -0.568270E-03   0.170088E-01   0.233856E-02   0.250000E-03
 267  -0.188175E-03  -0.460698E-03   0.171289E-01   0.282129E-02   0.250000E-03
 268  -0.188756E-03  -0.239669E-03   0.186280E-01   0.263623E-02   0.250000E-03
 269   0.190961E-03  -0.861528E-03   0.190800E-01   0.298045E-02   0.250000E-03
 270  -0.166472E-03  -0.628981E-03   0.196766E-01   0.291980E-02   0.350000E-03
 271   0.177481E-03  -0.448156E-03   0.219035E-01   0.185151E-02   0.250000E-03
 272  -0.755609E-04  -0.135215E-04   0.223368E-01   0.274327E-02   0.400000E-03
 273   0.977596E-03   0.447273E-03   0.235687E-01   0.279830E-02   0.400000E-03
 274   0.449125E-03  -0.114623E-03   0.257649E-01   0.204922E-02   0.250000E-03
 275  -0.803525E-03  -0.442329E-03   0.262114E-01   0.226834E-02   0.250000E-03
 276   0.153619E-03  -0.133428E-04   0.274511E-01   0.198092E-02   0.300000E-03
 277  -0.136017E-03  -0.483725E-03   0.294175E-01   0.217526E-02   0.200000E-03
 278   0.200211E-03  -0.437129E-03   0.318437E-01   0.239241E-02   0.350000E-03
 279   0.430733E-03  -0.230885E-03   0.323554E-01   0.269751E-02   0.250000E-03
 280  -0.188900E-02  -0.235971E-03   0.343069E-01   0.194337E-02   0.300000E-03
 281   0.371413E-03   0.334288E-06   0.358852E-01   0.173528E-02   0.300000E-03
 282   0.983967E-04   0.135227E-02   0.375493E-01   0.180015E-02   0.250000E-03
 283  -0.235170E-03  -0.181680E-02   0.385035E-01   0.161276E-02   0.200000E-03
 284   0.139810E-03   0.101650E-03   0.385512E-01   0.116535E-02   0.250000E-03
 285  -0.104226E-02   0.948456E-03   0.410954E-01   0.121684E-02   0.350000E-03
 286  -0.162355E-02  -0.638775E-03   0.432185E-01   0.893319E-03   0.300000E-03
 287  -0.376315E-03  -0.148152E-02   0.428412E-01   0.121755E-02   0.200000E-03
 288  -0.459442E-04   0.432894E-03   0.593773E-02   0.799358E-02   0.350000E-03
 289  -0.578362E-03  -0.964281E-06   0.247317E-03   0.232721E-02   0.250000E-03
 290   0.696379E-03   0.763861E-03   0.184142E-02   0.144040E-02   0.300000E-03
 291  -0.125234E-02   0.423009E-03   0.250920E-02   0.163048E-02   0.400000E-03
 292  -0.207530E-03  -0.116069E-04   0.313851E-02   0.151584E-02   0.250000E-03
 293  -0.317820E-03   0.641244E-03   0.569304E-02   0.259399E-02   0.300000E-03
 294   0.367515E-03  -0.790392E-04   0.824754E-02   0.298360E-02   0.400000E-03
 295  -0.867667E-03   0.144425E-03   0.969690E-02   0.338236E-02   0.400000E-03
 296  -0.128802E-02   0.163182E-02   0.111048E-01   0.190783E-02   0.250000E-03
 297  -0.983370E-03   0.177975E-02   0.107098E-01   0.195692E-02   0.150000E-03
 298  -0.301356E-03   0.832629E-03   0.126061E-01   0.168722E-02   0.200000E-03
 299  -0.520734E-03   0.936672E-03   0.138551E-01   0.233764E-02   0.250000E-03
 300  -0.385613E-03   0.116275E-02   0.149104E-01   0.271649E-02   0.200000E-03
 301  -0.163861E-02  -0.405541E-03   0.154226E-01   0.236705E-02   0.300000E-03
 302  -0.266282E-03  -0.197586E-04   0.170435E-01   0.335994E-02   0.300000E-03
 303  -0.720481E-03  -0.694775E-03   0.180335E-01   0.251407E-02   0.200000E-03
 304  -0.491754E-03  -0.111040E-03   0.182193E-01   0.292125E-02   0.250000E-03
 305  -0.323360E-03  -0.603009E-03   0.193847E-01   0.332383E-02   0.150000E-03
 306  -0.395339E-03  -0.638701E-03   0.203813E-01   0.282629E-02   0.350000E-03
 307   0.165082E-03  -0.305473E-04   0.218134E-01   0.234256E-02   0.250000E-03
 308   0.556719E-03   0.826972E-03   0.227256E-01   0.338041E-02   0.350000E-03
 309  -0.295979E-04  -0.542524E-03   0.245291E-01   0.266032E-02   0.400000E-03
 310  -0.708059E-03   0.120941E-02   0.251057E-01   0.226360E-02   0.300000E-03
 311   0.532296E-03  -0.951508E-04   0.272451E-01   0.259209E-02   0.350000E-03
 312   0.701655E-03  -0.101527E-04   0.280942E-01   0.190479E-02   0.350000E-03
 313   0.616692E-03   0.504742E-03   0.296724E-01   0.254124E-02   0.250000E-03
 314   0.995378E-04  -0.608454E-03   0.312000E-01   0.234762E-02   0.300000E-03
 315  -0.109724E-02  -0.888199E-03   0.334308E-01   0.287335E-02   0.300000E-03
 316  -0.164759E-02  -0.177217E-03   0.337901E-01   0.233435E-02   0.350000E-03
 317  -0.152198E-02   0.802650E-03   0.350761E-01   0.254460E-02   0.400000E-03
 318   0.526064E-03   0.739312E-03   0.358639E-01   0.243080E-02   0.400000E-03
 319   0.955632E-03   0.679228E-03   0.389697E-01   0.143424E-02   0.250000E-03
 320  -0.250488E-04   0.116404E-02   0.398310E-01   0.141734E-02   0.300000E-03
 321   0.132295E-04   0.455609E-03   0.404267E-01   0.135210E-02   0.300000E-03
 322   0.658069E-03  -0.107591E-03   0.425908E-01   0.730851E-03   0.350000E-03
 323  -0.156165E-02   0.472883E-03   0.439566E-01   0.211158E-02   0.350000E-03
 324  -0.732330E-03  -0.822367E-04   0.396084E-01   0.718356E-02   0.250000E-03
 325   0.237760E-03  -0.630518E-04   0.153232E-02   0.763821E-02   0.300000E-03
 326   0.881523E-03  -0.101915E-02   0.121617E-02   0.160999E-02   0.250000E-03
 327  -0.335834E-03  -0.137998E-02   0.204105E-02   0.221361E-02   0.350000E-03
 328  -0.500312E-04  -0.654696E-03   0.380065E-02   0.170200E-02   0.450000E-03
 329  -0.482337E-03  -0.376002E-03   0.658620E-02   0.317080E-02   0.400000E-03
 330   0.376468E-03   0.377766E-03   0.721622E-02   0.276424E-02   0.350000E-03
 331  -0.138417E-03   0.312647E-03   0.777161E-02   0.242946E-02   0.250000E-03
 332  -0.100863E-02   0.463897E-03   0.108154E-01   0.254229E-02   0.450000E-03
 333  -0.126994E-02  -0.232701E-02   0.115926E-01   0.239614E-02   0.300000E-03
 334  -0.398564E-03   0.994969E-03   0.129717E-01   0.194408E-02   0.250000E-03
 335  -0.121387E-03   0.110136E-02   0.133683E-01   0.224538E-02   0.250000E-03
 336  -0.107072E-02  -0.148579E-04   0.143550E-01   0.256671E-02   0.300000E-03
 337  -0.209759E-03   0.334054E-03   0.160766E-01   0.253309E-02   0.300000E-03
 338  -0.327346E-03   0.185087E-03   0.166588E-01   0.374389E-02   0.250000E-03
 339  -0.115498E-02   0.177036E-03   0.176517E-01   0.311552E-02   0.350000E-03
 340  -0.453664E-03  -0.584938E-03   0.189817E-01   0.352161E-02   0.300000E-03
 341   0.308370E-04  -0.697294E-03   0.201020E-01   0.340763E-02   0.300000E-03
 342  -0.698029E-04  -0.216475E-04   0.206150E-01   0.332142E-02   0.200000E-03
 343   0.182591E-03  -0.153414E-03   0.216484E-01   0.286545E-02   0.300000E-03
 344   0.109940E-02   0.133614E-03   0.238413E-01   0.337486E-02   0.250000E-03
 345   0.599221E-03  -0.294189E-03   0.251344E-01   0.300594E-02   0.300000E-03
 346   0.979460E-04   0.968915E-04   0.256633E-01   0.263771E-02   0.350000E-03
 347  -0.629315E-03  -0.231841E-03   0.263643E-01   0.289759E-02   0.400000E-03
 348   0.462948E-04  -0.423779E-03   0.289493E-01   0.200580E-02   0.300000E-03
 349   0.537884E-03   0.340864E-03   0.300697E-01   0.285105E-02   0.250000E-03
 350  -0.425110E-04   0.210670E-03   0.320741E-01   0.316653E-02   0.300000E-03
 351  -0.194169E-03  -0.996253E-03   0.328164E-01   0.308050E-02   0.350000E-03
 352  -0.574441E-03  -0.346292E-03   0.345024E-01   0.309508E-02   0.400000E-03
 353   0.178298E-03  -0.656699E-03   0.359007E-01   0.302463E-02   0.200000E-03
 354   0.346058E-03   0.125312E-02   0.372506E-01   0.220056E-02   0.250000E-03
 355  -0.133053E-02   0.889378E-03   0.380418E-01   0.203578E-02   0.300000E-03
 356   0.900987E-03   0.679690E-03   0.393775E-01   0.162002E-02   0.200000E-03
 357  -0.745524E-03  -0.238515E-03   0.408197E-01   0.179936E-02   0.300000E-03
 358  -0.750300E-03   0.129002E-02   0.416773E-01   0.134852E-02   0.250000E-03
 359  -0.151900E-02  -0.408648E-04   0.442646E-01   0.531472E-02   0.250000E-03
 360  -0.148057E-02  -0.320386E-02   0.448001E-01   0.418145E-02   0.200000E-03
 361   0.379908E-03   0.711071E-03   0.685052E-03   0.280173E-02   0.400000E-03
 362  -0.323176E-03   0.307159E-03   0.148329E-02   0.278000E-02   0.400000E-03
 363  -0.400387E-03   0.118313E-04   0.311739E-02   0.201523E-02   0.250000E-03
 364  -0.207919E-03  -0.258928E-03   0.490990E-02   0.254907E-02   0.300000E-03
 365  -0.129945E-03  -0.117186E-03   0.588745E-02   0.315679E-02   0.300000E-03
 366  -0.678818E-03   0.338560E-04   0.616371E-02   0.372531E-02   0.300000E-03
 367  -0.375613E-03   0.174183E-04   0.872435E-02   0.334609E-02   0.200000E-03
 368  -0.768094E-03   0.351752E-03   0.103452E-01   0.312206E-02   0.300000E-03
 369  -0.252022E-03  -0.436235E-04   0.118577E-01   0.298802E-02   0.350000E-03
 370  -0.296086E-03   0.777086E-03   0.128071E-01   0.257017E-02   0.400000E-03
 371  -0.161705E-03   0.143342E-03   0.137419E-01   0.287233E-02   0.300000E-03
 372  -0.800427E-03  -0.175132E-03   0.150258E-01   0.330089E-02   0.400000E-03
 373  -0.972695E-03   0.830982E-03   0.156229E-01   0.292532E-02   0.300000E-03
 374  -0.731412E-03  -0.706724E-03   0.163712E-01   0.316557E-02   0.400000E-03
 375  -0.567119E-03  -0.498171E-03   0.175197E-01   0.393318E-02   0.450000E-03
 376  -0.183556E-03  -0.841113E-03   0.186427E-01   0.308508E-02   0.200000E-03
 377  -0.231579E-03  -0.513869E-03   0.195752E-01   0.378533E-02   0.350000E-03
 378   0.700915E-03   0.401346E-04   0.210908E-01   0.264611E-02   0.300000E-03
 379   0.110421E-03  -0.347725E-04   0.211633E-01   0.329710E-02   0.350000E-03
 380   0.328554E-03  -0.876863E-03   0.219993E-01   0.341070E-02   0.350000E-03
 381  -0.166959E-03   0.171821E-03   0.244343E-01   0.340264E-02   0.350000E-03
 382  -0.145579E-03   0.400584E-03   0.267156E-01   0.349250E-02   0.300000E-03
 383   0.705395E-03  -0.412240E-03   0.278256E-01   0.244110E-02   0.250000E-03
 384   0.454132E-03  -0.484704E-03   0.285060E-01   0.240167E-02   0.300000E-03
 385   0.677900E-03  -0.679608E-04   0.291237E-01   0.257988E-02   0.300000E-03
 386  -0.116526E-03  -0.342119E-03   0.307019E-01   0.267928E-02   0.300000E-03
 387  -0.421455E-03  -0.370421E-03   0.324674E-01   0.367879E-02   0.350000E-03
 388   0.253995E-03  -0.529571E-03   0.354294E-01   0.345910E-02   0.450000E-03
 389   0.316009E-03  -0.229035E-03   0.360800E-01   0.337958E-02   0.200000E-03
 390  -0.571162E-03  -0.449268E-03   0.364904E-01   0.292720E-02   0.400000E-03
 391  -0.141095E-02  -0.821644E-04   0.376945E-01   0.252259E-02   0.300000E-03
 392   0.103031E-02   0.383863E-03   0.390511E-01   0.192669E-02   0.250000E-03
 393   0.252973E-03   0.116776E-03   0.396197E-01   0.211247E-02   0.350000E-03
 394  -0.188521E-03   0.119367E-02   0.422182E-01   0.126204E-02   0.300000E-03
 395  -0.142414E-02   0.813784E-03   0.438973E-01   0.146697E-02   0.300000E-03
 396  -0.756482E-04   0.140172E-02   0.444103E-01   0.241355E-02   0.200000E-03
 397  -0.494345E-04   0.466659E-04   0.973464E-03   0.354521E-02   0.400000E-03
 398  -0.395654E-03   0.240699E-04   0.267745E-02   0.234461E-02   0.300000E-03
 399  -0.244700E-03   0.221369E-03   0.352035E-02   0.238895E-02   0.300000E-03
 400   0.315040E-03  -0.216061E-03   0.422390E-02   0.243543E-02   0.400000E-03
 401  -0.718842E-03   0.171104E-03   0.573640E-02   0.398294E-02   0.200000E-03
 402   0.207364E-03   0.303924E-04   0.727057E-02   0.345941E-02   0.350000E-03
 403  -0.347507E-03   0.338326E-03   0.852577E-02   0.374548E-02   0.250000E-03
 404  -0.815304E-03  -0.433147E-03   0.907361E-02   0.370220E-02   0.300000E-03
 405  -0.161646E-02   0.495174E-03   0.119721E-01   0.352756E-02   0.200000E-03
 406  -0.144342E-03   0.706230E-04   0.125318E-01   0.331444E-02   0.400000E-03
 407  -0.249680E-03   0.176276E-03   0.132086E-01   0.314305E-02   0.300000E-03
 408  -0.607702E-03  -0.324985E-03   0.142304E-01   0.337198E-02   0.400000E-03
 409  -0.950677E-03   0.403261E-04   0.157269E-01   0.356034E-02   0.350000E-03
 410  -0.528626E-03   0.550188E-03   0.161858E-01   0.401561E-02   0.300000E-03
 411  -0.601805E-04   0.610336E-03   0.167213E-01   0.428421E-02   0.300000E-03
 412  -0.587347E-03  -0.601031E-03   0.182844E-01   0.356524E-02   0.400000E-03
 413   0.316571E-04  -0.455347E-03   0.202614E-01   0.398183E-02   0.300000E-03
 414  -0.175430E-03  -0.435361E-03   0.207634E-01   0.374438E-02   0.250000E-03
 415  -0.956605E-04  -0.429356E-03   0.208251E-01   0.439070E-02   0.400000E-03
 416   0.104976E-02  -0.707778E-04   0.223913E-01   0.404911E-02   0.400000E-03
 417   0.215176E-03   0.623281E-03   0.233387E-01   0.358885E-02   0.300000E-03
 418   0.572532E-03   0.586127E-03   0.250816E-01   0.365105E-02   0.350000E-03
 419   0.744912E-03  -0.327767E-04   0.277415E-01   0.307684E-02   0.350000E-03
 420  -0.850706E-04   0.495572E-03   0.283108E-01   0.290817E-02   0.250000E-03
 421   0.246586E-03   0.855644E-03   0.295395E-01   0.312090E-02   0.350000E-03
 422   0.442125E-03   0.241297E-03   0.313305E-01   0.308572E-02   0.450000E-03
 423  -0.836985E-03  -0.708498E-04   0.338169E-01   0.338692E-02   0.350000E-03
 424  -0.529421E-03  -0.144536E-03   0.347422E-01   0.375091E-02   0.300000E-03
 425  -0.644411E-03  -0.522369E-03   0.370028E-01   0.339989E-02   0.300000E-03
 426  -0.937283E-03  -0.418577E-03   0.371819E-01   0.282754E-02   0.300000E-03
 427  -0.153532E-02  -0.438653E-04   0.380439E-01   0.312510E-02   0.300000E-03
 428   0.263101E-03   0.777666E-03   0.385850E-01   0.210092E-02   0.250000E-03
 429  -0.517430E-04   0.244119E-03   0.402344E-01   0.191477E-02   0.300000E-03
 430  -0.958611E-03   0.506112E-03   0.419338E-01   0.188510E-02   0.350000E-03
 431  -0.798732E-03   0.341379E-03   0.426742E-01   0.179123E-02   0.400000E-03
 432  -0.119673E-02   0.775080E-03   0.433001E-01   0.148350E-02   0.300000E-03
 433   0.477404E-04   0.992805E-04   0.347888E-03   0.402094E-02   0.350000E-03
 434   0.115234E-02  -0.607454E-03   0.160627E-02   0.187854E-02   0.200000E-03
 435  -0.699513E-03   0.551878E-03   0.316483E-02   0.292357E-02   0.350000E-03
 436   0.217556E-03   0.228084E-03   0.527948E-02   0.295208E-02   0.250000E-03
 437  -0.641793E-03   0.713310E-03   0.565537E-02   0.359510E-02   0.200000E-03
 438  -0.382275E-03   0.250962E-03   0.675086E-02   0.384848E-02   0.300000E-03
 439   0.436597E-03   0.374775E-03   0.793506E-02   0.366026E-02   0.350000E-03
 440  -0.101198E-02  -0.373602E-04   0.108863E-01   0.377714E-02   0.200000E-03
 441  -0.121324E-02   0.165054E-03   0.109227E-01   0.328129E-02   0.300000E-03
 442  -0.320393E-03  -0.361297E-03   0.130908E-01   0.373531E-02   0.300000E-03
 443  -0.473755E-03  -0.324883E-03   0.136000E-01   0.352815E-02   0.250000E-03
 444  -0.764925E-03  -0.219125E-04   0.152236E-01   0.396888E-02   0.300000E-03
 445  -0.383634E-03   0.545906E-03   0.156774E-01   0.449517E-02   0.400000E-03
 446  -0.546690E-03   0.748175E-03   0.162756E-01   0.450226E-02   0.200000E-03
 447  -0.734744E-03  -0.127708E-04   0.172162E-01   0.461678E-02   0.300000E-03
 448  -0.379717E-03  -0.594922E-03   0.183067E-01   0.446201E-02   0.500000E-03
 449  -0.133216E-03  -0.536657E-03   0.192006E-01   0.443254E-02   0.400000E-03
 450   0.151772E-03  -0.497506E-03   0.198959E-01   0.445469E-02   0.300000E-03
 451  -0.188477E-03  -0.335299E-03   0.215013E-01   0.396619E-02   0.400000E-03
 452   0.356007E-03   0.563899E-03   0.218908E-01   0.460506E-02   0.350000E-03
 453   0.109592E-02   0.241613E-03   0.239920E-01   0.395096E-02   0.350000E-03
 454   0.262936E-03   0.747559E-03   0.257057E-01   0.333562E-02   0.350000E-03
 455   0.290570E-03  -0.137553E-03   0.269442E-01   0.305001E-02   0.200000E-03
 456   0.208759E-03   0.585153E-03   0.288457E-01   0.316785E-02   0.350000E-03
 457  -0.150735E-03  -0.259969E-03   0.304654E-01   0.322648E-02   0.300000E-03
 458  -0.268500E-03  -0.108775E-04   0.307013E-01   0.382145E-02   0.350000E-03
 459  -0.512149E-03  -0.193085E-03   0.317757E-01   0.375436E-02   0.350000E-03
 460  -0.629292E-03  -0.200508E-04   0.342027E-01   0.384449E-02   0.250000E-03
 461  -0.577295E-03  -0.677019E-03   0.364832E-01   0.357521E-02   0.250000E-03
 462   0.480047E-03   0.119750E-02   0.376615E-01   0.428730E-02   0.300000E-03
 463  -0.159122E-02   0.112962E-03   0.382881E-01   0.257960E-02   0.300000E-03
 464  -0.510804E-05   0.253087E-03   0.390270E-01   0.264042E-02   0.450000E-03
 465  -0.884493E-03   0.649547E-03   0.407117E-01   0.238596E-02   0.300000E-03
 466  -0.553109E-03   0.621713E-03   0.411699E-01   0.258177E-02   0.200000E-03
 467  -0.102882E-02   0.138760E-03   0.435634E-01   0.256132E-02   0.250000E-03
 468  -0.594117E-03   0.134388E-03   0.435814E-01   0.383410E-02   0.350000E-03
 469  -0.285242E-03   0.103994E-03   0.105476E-02   0.438961E-02   0.450000E-03
 470   0.333298E-04   0.341186E-03   0.217907E-02   0.284674E-02   0.300000E-03
 471  -0.263374E-03   0.741014E-03   0.387771E-02   0.315285E-02   0.400000E-03
 472  -0.456855E-03   0.926081E-03   0.457031E-02   0.304343E-02   0.300000E-03
 473   0.213577E-04   0.776363E-03   0.505738E-02   0.355857E-02   0.400000E-03
 474   0.372438E-03   0.539097E-03   0.745911E-02   0.402216E-02   0.250000E-03
 475   0.388376E-03   0.740296E-03   0.809662E-02   0.433984E-02   0.350000E-03
 476  -0.876524E-03  -0.365208E-03   0.955190E-02   0.406331E-02   0.300000E-03
 477  -0.148100E-02  -0.755493E-04   0.113087E-01   0.296392E-02   0.200000E-03
 478  -0.100158E-03  -0.164187E-03   0.122523E-01   0.400204E-02   0.350000E-03
 479  -0.482115E-03  -0.101124E-02   0.142044E-01   0.401885E-02   0.250000E-03
 480  -0.607821E-03  -0.541985E-03   0.146739E-01   0.384706E-02   0.250000E-03
 481  -0.627411E-03  -0.281330E-03   0.148095E-01   0.432834E-02   0.250000E-03
 482  -0.438211E-03  -0.496852E-03   0.162697E-01   0.509580E-02   0.400000E-03
 483  -0.459598E-03  -0.745870E-03   0.169666E-01   0.516225E-02   0.300000E-03
 484  -0.414771E-03  -0.358904E-03   0.185784E-01   0.521124E-02   0.300000E-03
 485   0.186693E-03  -0.116749E-04   0.195762E-01   0.507981E-02   0.350000E-03
 486   0.474351E-03  -0.178110E-04   0.202282E-01   0.495234E-02   0.300000E-03
 487   0.714793E-03   0.425449E-03   0.212967E-01   0.496914E-02   0.350000E-03
 488   0.559313E-03   0.220311E-03   0.218151E-01   0.514897E-02   0.200000E-03
 489   0.895919E-03   0.271131E-03   0.245899E-01   0.399252E-02   0.250000E-03
 490   0.707052E-04   0.426921E-03   0.272505E-01   0.340342E-02   0.250000E-03
 491   0.618199E-03   0.146952E-03   0.282663E-01   0.345875E-02   0.300000E-03
 492   0.177748E-03   0.727513E-03   0.292437E-01   0.380165E-02   0.400000E-03
 493   0.369291E-03   0.105046E-03   0.299886E-01   0.359052E-02   0.300000E-03
 494   0.792140E-03  -0.305003E-03   0.312342E-01   0.372679E-02   0.200000E-03
 495  -0.583589E-03  -0.227306E-03   0.328923E-01   0.402172E-02   0.200000E-03
 496  -0.851884E-04   0.162808E-03   0.359474E-01   0.419586E-02   0.350000E-03
 497   0.235922E-03  -0.105616E-02   0.361142E-01   0.372632E-02   0.150000E-03
 498  -0.106235E-02  -0.401653E-03   0.373773E-01   0.381701E-02   0.250000E-03
 499  -0.998732E-03  -0.454110E-03   0.375464E-01   0.334824E-02   0.250000E-03
 500   0.904395E-04  -0.159558E-03   0.394072E-01   0.310437E-02   0.150000E-03
 501  -0.156581E-03   0.208399E-03   0.401681E-01   0.245932E-02   0.250000E-03
 502  -0.303141E-03   0.275094E-03   0.413274E-01   0.211140E-02   0.300000E-03
 503  -0.473724E-03   0.587556E-04   0.429693E-01   0.263389E-02   0.350000E-03
 504  -0.921315E-03   0.272287E-03   0.433087E-01   0.208004E-02   0.300000E-03
 505  -0.138902E-03  -0.517257E-04   0.165177E-02   0.385868E-02   0.350000E-03
 506  -0.280197E-03   0.239939E-03   0.186877E-02   0.330034E-02   0.250000E-03
 507  -0.660564E-03   0.931906E-04   0.332863E-02   0.350042E-02   0.250000E-03
 508  -0.289077E-03   0.758104E-03   0.436564E-02   0.365304E-02   0.300000E-03
 509  -0.645920E-03   0.254370E-03   0.608175E-02   0.426862E-02   0.250000E-03
 510   0.231645E-03   0.613340E-03   0.748867E-02   0.456321E-02   0.300000E-03
 511  -0.405045E-03   0.209796E-03   0.876336E-02   0.423767E-02   0.300000E-03
 512  -0.758984E-03   0.337165E-04   0.103385E-01   0.376771E-02   0.350000E-03
 513  -0.540583E-03   0.399292E-03   0.114734E-01   0.351108E-02   0.300000E-03
 514  -0.250210E-03  -0.449848E-03   0.128787E-01   0.440772E-02   0.400000E-03
 515  -0.477205E-03  -0.101002E-02   0.136143E-01   0.412731E-02   0.350000E-03
 516  -0.285391E-03  -0.403406E-03   0.142837E-01   0.461110E-02   0.350000E-03
 517   0.356668E-03   0.447232E-03   0.151322E-01   0.456438E-02   0.150000E-03
 518  -0.317198E-03  -0.174020E-03   0.154889E-01   0.526692E-02   0.400000E-03
 519  -0.110954E-02  -0.135251E-03   0.176936E-01   0.504624E-02   0.350000E-03
 520   0.145950E-03   0.294991E-04   0.190929E-01   0.551404E-02   0.300000E-03
 521   0.408686E-03   0.173426E-03   0.200780E-01   0.563526E-02   0.400000E-03
 522   0.497789E-03  -0.559521E-04   0.206624E-01   0.528741E-02   0.250000E-03
 523   0.554805E-03   0.668219E-04   0.217962E-01   0.559743E-02   0.250000E-03
 524   0.670664E-03  -0.177351E-03   0.230857E-01   0.412997E-02   0.300000E-03
 525   0.653046E-03   0.378496E-03   0.251338E-01   0.439852E-02   0.400000E-03
 526   0.404880E-03   0.453771E-03   0.255987E-01   0.394781E-02   0.250000E-03
 527   0.373444E-03   0.874385E-03   0.277283E-01   0.372660E-02   0.300000E-03
 528  -0.298628E-04  -0.218559E-03   0.291261E-01   0.454185E-02   0.350000E-03
 529  -0.515893E-03   0.523813E-03   0.304598E-01   0.441440E-02   0.300000E-03
 530  -0.226650E-03  -0.362200E-03   0.321606E-01   0.407341E-02   0.150000E-03
 531  -0.155164E-02  -0.169331E-02   0.330564E-01   0.357514E-02   0.200000E-03
 532   0.154323E-03   0.168664E-03   0.352028E-01   0.427708E-02   0.400000E-03
 533  -0.677515E-03  -0.912634E-03   0.368519E-01   0.397909E-02   0.300000E-03
 534  -0.546399E-03   0.715277E-03   0.382407E-01   0.444270E-02   0.300000E-03
 535   0.394588E-03   0.904561E-03   0.379243E-01   0.374735E-02   0.300000E-03
 536  -0.185811E-03   0.417016E-03   0.387085E-01   0.314596E-02   0.150000E-03
 537  -0.319898E-03   0.846014E-04   0.404475E-01   0.274449E-02   0.150000E-03
 538  -0.714613E-03   0.435483E-04   0.417695E-01   0.251211E-02   0.300000E-03
 539  -0.524524E-03   0.194058E-04   0.423594E-01   0.241275E-02   0.300000E-03
 540  -0.112295E-02   0.124504E-03   0.439697E-01   0.284516E-02   0.250000E-03
 541  -0.447447E-03  -0.806929E-03   0.472766E-02   0.855366E-02   0.300000E-03
 542  -0.397173E-04   0.547509E-04   0.257951E-02   0.353462E-02   0.500000E-03
 543  -0.339986E-04   0.969463E-04   0.376112E-02   0.383996E-02   0.300000E-03
 544  -0.809075E-04   0.156508E-03   0.419715E-02   0.417483E-02   0.250000E-03
 545  -0.347228E-03  -0.408654E-04   0.532027E-02   0.415014E-02   0.250000E-03
 546  -0.365550E-03  -0.256562E-03   0.858674E-02   0.496564E-02   0.450000E-03
 547  -0.863142E-03  -0.175659E-03   0.925357E-02   0.458214E-02   0.300000E-03
 548  -0.801782E-03  -0.456394E-03   0.977042E-02   0.450949E-02   0.200000E-03
 549  -0.946029E-03  -0.164359E-04   0.110842E-01   0.434049E-02   0.400000E-03
 550  -0.678326E-03  -0.130042E-03   0.116536E-01   0.402833E-02   0.250000E-03
 551  -0.551274E-03  -0.500716E-03   0.135490E-01   0.492419E-02   0.450000E-03
 552  -0.282878E-03  -0.580539E-03   0.142495E-01   0.530730E-02   0.350000E-03
 553   0.137800E-02  -0.335541E-03   0.148394E-01   0.483682E-02   0.250000E-03
 554  -0.843566E-05  -0.448749E-03   0.151075E-01   0.578723E-02   0.250000E-03
 555  -0.571366E-03  -0.131753E-03   0.160273E-01   0.585630E-02   0.400000E-03
 556  -0.965162E-03  -0.282402E-04   0.180911E-01   0.555703E-02   0.300000E-03
 557  -0.426335E-03  -0.315367E-03   0.188340E-01   0.484147E-02   0.150000E-03
 558   0.910831E-03   0.234217E-03   0.211594E-01   0.570342E-02   0.400000E-03
 559  -0.212698E-03  -0.523360E-04   0.225735E-01   0.467267E-02   0.250000E-03
 560   0.404230E-03   0.115566E-02   0.236628E-01   0.444649E-02   0.250000E-03
 561   0.332019E-03   0.321772E-03   0.258824E-01   0.447438E-02   0.350000E-03
 562  -0.465948E-04   0.241330E-03   0.261845E-01   0.384539E-02   0.350000E-03
 563   0.830943E-03   0.595658E-03   0.285117E-01   0.411285E-02   0.400000E-03
 564   0.294171E-03  -0.157875E-02   0.285270E-01   0.481249E-02   0.300000E-03
 565   0.339590E-04   0.556648E-03   0.298367E-01   0.425320E-02   0.350000E-03
 566  -0.553565E-03  -0.395806E-03   0.312757E-01   0.437796E-02   0.450000E-03
 567   0.198515E-03  -0.868215E-03   0.332688E-01   0.329314E-02   0.150000E-03
 568  -0.101851E-02  -0.186696E-03   0.338586E-01   0.383279E-02   0.100000E-03
 569  -0.323916E-03   0.573993E-03   0.369905E-01   0.450821E-02   0.250000E-03
 570   0.263484E-03   0.177431E-03   0.378170E-01   0.486589E-02   0.300000E-03
 571  -0.525790E-03   0.942227E-03   0.384834E-01   0.353004E-02   0.300000E-03
 572  -0.372067E-03   0.247778E-03   0.390745E-01   0.340605E-02   0.300000E-03
 573   0.208787E-03  -0.680687E-04   0.397518E-01   0.281581E-02   0.300000E-03
 574  -0.871432E-03   0.121805E-03   0.414253E-01   0.323022E-02   0.500000E-03
 575  -0.609747E-03   0.243891E-03   0.421410E-01   0.291562E-02   0.250000E-03
 576  -0.693790E-03   0.116506E-02   0.444194E-01   0.385735E-02   0.300000E-03
 577  -0.334124E-04   0.455001E-03   0.300993E-03   0.466731E-02   0.300000E-03
 578  -0.147105E-03   0.203721E-03   0.261442E-02   0.437781E-02   0.350000E-03
 579   0.815860E-03  -0.494041E-03   0.476656E-02   0.437287E-02   0.350000E-03
 580  -0.373566E-03  -0.120316E-03   0.543601E-02   0.463497E-02   0.250000E-03
 581  -0.106425E-03   0.369746E-03   0.708148E-02   0.415337E-02   0.150000E-03
 582   0.289440E-03   0.570699E-03   0.794249E-02   0.486756E-02   0.200000E-03
 583  -0.796683E-03  -0.256970E-03   0.995495E-02   0.491672E-02   0.250000E-03
 584  -0.818920E-03  -0.519189E-04   0.103468E-01   0.446497E-02   0.350000E-03
 585  -0.695270E-03   0.399174E-04   0.107133E-01   0.517307E-02   0.450000E-03
 586  -0.447861E-03   0.527929E-03   0.118773E-01   0.452953E-02   0.300000E-03
 587  -0.117881E-02   0.162711E-03   0.123496E-01   0.468900E-02   0.200000E-03
 588  -0.286464E-03   0.317913E-03   0.136771E-01   0.556102E-02   0.200000E-03
 589   0.165668E-03  -0.509341E-03   0.148463E-01   0.536038E-02   0.250000E-03
 590   0.917913E-04  -0.373206E-03   0.154641E-01   0.606067E-02   0.200000E-03
 591  -0.819417E-03  -0.479111E-03   0.173793E-01   0.555068E-02   0.250000E-03
 592  -0.971914E-03   0.188652E-03   0.181357E-01   0.615247E-02   0.300000E-03
 593   0.592717E-03   0.605379E-03   0.194665E-01   0.598004E-02   0.300000E-03
 594   0.581362E-03   0.428740E-03   0.205882E-01   0.618428E-02   0.350000E-03
 595  -0.232874E-04   0.343544E-03   0.222030E-01   0.505469E-02   0.200000E-03
 596   0.858909E-03   0.837970E-03   0.231647E-01   0.477389E-02   0.350000E-03
 597   0.871816E-03   0.124221E-03   0.243630E-01   0.459999E-02   0.400000E-03
 598  -0.191688E-03   0.403947E-03   0.265804E-01   0.441819E-02   0.350000E-03
 599   0.247735E-03   0.790766E-03   0.271312E-01   0.398736E-02   0.350000E-03
 600  -0.248731E-04   0.377653E-03   0.298709E-01   0.490011E-02   0.300000E-03
 601  -0.205783E-03   0.922375E-04   0.304995E-01   0.505357E-02   0.350000E-03
 602   0.107385E-03   0.121484E-03   0.309738E-01   0.489624E-02   0.150000E-03
 603  -0.504042E-03   0.230574E-03   0.330408E-01   0.454953E-02   0.350000E-03
 604  -0.761812E-03  -0.253968E-03   0.334365E-01   0.397215E-02   0.350000E-03
 605   0.102031E-03   0.332022E-03   0.364071E-01   0.478467E-02   0.400000E-03
 606  -0.294458E-03  -0.274706E-04   0.385087E-01   0.514889E-02   0.450000E-03
 607  -0.796109E-03  -0.220839E-03   0.386280E-01   0.405574E-02   0.250000E-03
 608  -0.603762E-03  -0.115987E-02   0.396720E-01   0.346802E-02   0.300000E-03
 609  -0.173051E-04  -0.286213E-03   0.402687E-01   0.320671E-02   0.350000E-03
 610  -0.740332E-03   0.895156E-03   0.408942E-01   0.279672E-02   0.150000E-03
 611  -0.581419E-03  -0.855588E-05   0.428120E-01   0.362459E-02   0.450000E-03
 612  -0.114244E-02   0.644657E-03   0.434478E-01   0.314581E-02   0.350000E-03
 613  -0.742119E-03   0.245302E-04   0.104233E-01   0.863406E-02   0.350000E-03
 614  -0.734918E-04   0.127106E-03   0.313742E-02   0.453949E-02   0.200000E-03
 615  -0.121221E-03   0.155815E-03   0.368237E-02   0.448251E-02   0.350000E-03
 616  -0.709845E-03   0.309594E-03   0.568707E-02   0.432702E-02   0.150000E-03
 617  -0.343297E-03   0.355475E-03   0.663870E-02   0.448551E-02   0.350000E-03
 618  -0.654687E-03   0.208284E-03   0.811964E-02   0.555040E-02   0.300000E-03
 619  -0.956938E-03  -0.360943E-03   0.930451E-02   0.517784E-02   0.300000E-03
 620  -0.847719E-03  -0.226339E-03   0.988549E-02   0.556024E-02   0.400000E-03
 621  -0.401360E-03  -0.367603E-03   0.114042E-01   0.535853E-02   0.250000E-03
 622  -0.692254E-03   0.576173E-03   0.114518E-01   0.486924E-02   0.250000E-03
 623  -0.108931E-02   0.301496E-03   0.126770E-01   0.513000E-02   0.350000E-03
 624  -0.459656E-03  -0.392130E-03   0.140004E-01   0.579618E-02   0.200000E-03
 625  -0.237013E-03  -0.366433E-03   0.145293E-01   0.594291E-02   0.350000E-03
 626  -0.115518E-02  -0.119903E-02   0.166419E-01   0.549595E-02   0.150000E-03
 627   0.246936E-04  -0.644262E-03   0.169466E-01   0.566231E-02   0.200000E-03
 628  -0.640192E-03   0.242590E-03   0.175415E-01   0.607145E-02   0.300000E-03
 629  -0.287274E-03   0.171274E-03   0.187534E-01   0.657074E-02   0.450000E-03
 630   0.590384E-03   0.257657E-04   0.218066E-01   0.614724E-02   0.300000E-03
 631   0.890536E-03   0.856332E-03   0.226967E-01   0.529240E-02   0.350000E-03
 632   0.127683E-03   0.703470E-03   0.237790E-01   0.498244E-02   0.300000E-03
 633   0.691968E-03  -0.920450E-04   0.246157E-01   0.519574E-02   0.250000E-03
 634   0.149883E-03   0.530114E-03   0.271145E-01   0.453378E-02   0.200000E-03
 635   0.365477E-04   0.697951E-03   0.277560E-01   0.448011E-02   0.450000E-03
 636   0.146815E-03   0.370521E-03   0.293315E-01   0.515722E-02   0.300000E-03
 637  -0.114295E-03   0.188483E-03   0.303014E-01   0.566824E-02   0.300000E-03
 638  -0.881741E-03   0.303750E-03   0.321576E-01   0.475273E-02   0.350000E-03
 639  -0.599799E-03   0.145495E-03   0.342950E-01   0.480475E-02   0.250000E-03
 640  -0.644559E-03   0.252196E-03   0.345054E-01   0.430021E-02   0.300000E-03
 641  -0.124957E-03  -0.537028E-04   0.368819E-01   0.529670E-02   0.300000E-03
 642  -0.513841E-03   0.351916E-03   0.372732E-01   0.491425E-02   0.250000E-03
 643  -0.573135E-03   0.540526E-03   0.388070E-01   0.451776E-02   0.250000E-03
 644  -0.500342E-03  -0.147175E-03   0.392852E-01   0.407296E-02   0.400000E-03
 645  -0.880536E-03  -0.118164E-03   0.417287E-01   0.386046E-02   0.200000E-03
 646  -0.112640E-04  -0.140162E-03   0.407869E-01   0.335242E-02   0.150000E-03
 647  -0.593881E-03   0.201387E-03   0.425782E-01   0.301918E-02   0.200000E-03
 648  -0.428354E-03   0.884963E-03   0.448030E-01   0.354033E-02   0.200000E-03
 649  -0.737883E-04   0.742180E-04   0.716896E-03   0.494442E-02   0.200000E-03
 650  -0.128232E-03   0.227756E-04   0.266356E-02   0.506972E-02   0.350000E-03
 651  -0.764622E-04   0.625842E-04   0.319682E-02   0.404314E-02   0.300000E-03
 652  -0.342731E-03  -0.356329E-04   0.458109E-02   0.497067E-02   0.200000E-03
 653  -0.129013E-03  -0.196850E-03   0.656753E-02   0.497822E-02   0.150000E-03
 654   0.285815E-03   0.655071E-03   0.748537E-02   0.525594E-02   0.400000E-03
 655  -0.342929E-03  -0.384925E-03   0.876129E-02   0.574487E-02   0.350000E-03
 656  -0.565364E-03  -0.438887E-03   0.933785E-02   0.590752E-02   0.250000E-03
 657  -0.342161E-03   0.516529E-04   0.104602E-01   0.595269E-02   0.300000E-03
 658  -0.493364E-03   0.241039E-03   0.119782E-01   0.517102E-02   0.350000E-03
 659  -0.108868E-02   0.297233E-03   0.131503E-01   0.549818E-02   0.250000E-03
 660  -0.562841E-03  -0.378807E-03   0.136181E-01   0.625688E-02   0.400000E-03
 661  -0.126698E-03  -0.251942E-03   0.150458E-01   0.633221E-02   0.300000E-03
 662  -0.526209E-03  -0.569155E-04   0.163619E-01   0.646727E-02   0.300000E-03
 663  -0.643060E-03   0.109104E-03   0.166618E-01   0.600823E-02   0.250000E-03
 664  -0.770558E-03   0.172862E-04   0.177749E-01   0.656624E-02   0.250000E-03
 665   0.370797E-03   0.370678E-03   0.199553E-01   0.632340E-02   0.300000E-03
 666   0.641521E-03   0.861919E-03   0.212088E-01   0.640028E-02   0.300000E-03
 667   0.760695E-03   0.234886E-03   0.223012E-01   0.580419E-02   0.300000E-03
 668  -0.409331E-03   0.120429E-02   0.233504E-01   0.539898E-02   0.300000E-03
 669   0.773183E-03   0.870614E-04   0.248247E-01   0.479096E-02   0.100000E-03
 670  -0.463844E-03   0.911837E-03   0.263199E-01   0.490001E-02   0.200000E-03
 671   0.267796E-03   0.497023E-03   0.284576E-01   0.530849E-02   0.200000E-03
 672  -0.340815E-03   0.728731E-04   0.280619E-01   0.510773E-02   0.250000E-03
 673  -0.130125E-03   0.362055E-03   0.309989E-01   0.553025E-02   0.350000E-03
 674  -0.260132E-03   0.344636E-03   0.315649E-01   0.512259E-02   0.350000E-03
 675  -0.637122E-03   0.133964E-03   0.325107E-01   0.427215E-02   0.250000E-03
 676   0.158289E-03   0.140754E-03   0.347926E-01   0.477920E-02   0.250000E-03
 677  -0.937918E-04   0.249521E-03   0.369688E-01   0.598937E-02   0.400000E-03
 678  -0.815911E-03  -0.198586E-03   0.374213E-01   0.539170E-02   0.250000E-03
 679  -0.631298E-03  -0.112118E-03   0.390973E-01   0.542228E-02   0.200000E-03
 680  -0.599134E-03   0.505649E-03   0.392674E-01   0.490055E-02   0.350000E-03
 681  -0.864698E-03   0.177174E-03   0.410981E-01   0.390085E-02   0.250000E-03
 682  -0.617301E-03   0.126954E-03   0.421489E-01   0.341393E-02   0.250000E-03
 683  -0.396595E-03   0.542730E-03   0.440290E-01   0.455201E-02   0.500000E-03
 684  -0.118764E-02   0.525512E-03   0.440481E-01   0.338904E-02   0.300000E-03
 685  -0.841379E-03   0.428658E-04   0.348530E-03   0.739053E-02   0.350000E-03
 686  -0.114657E-03  -0.313739E-03   0.332778E-02   0.565447E-02   0.350000E-03
 687  -0.662285E-04   0.106916E-03   0.330820E-02   0.500848E-02   0.300000E-03
 688  -0.645537E-03  -0.518781E-06   0.502550E-02   0.491433E-02   0.250000E-03
 689   0.122626E-03   0.713312E-03   0.706729E-02   0.482622E-02   0.200000E-03
 690   0.969259E-04  -0.897950E-04   0.761245E-02   0.598774E-02   0.350000E-03
 691  -0.676166E-03  -0.176416E-03   0.877354E-02   0.650742E-02   0.350000E-03
 692  -0.737196E-03  -0.133693E-03   0.989074E-02   0.625815E-02   0.300000E-03
 693  -0.405853E-03   0.383725E-04   0.103837E-01   0.649494E-02   0.250000E-03
 694  -0.682788E-03   0.829816E-04   0.111034E-01   0.587056E-02   0.350000E-03
 695  -0.129887E-02   0.755959E-03   0.128929E-01   0.603975E-02   0.350000E-03
 696   0.308502E-03  -0.455175E-04   0.146252E-01   0.725554E-02   0.250000E-03
 697  -0.563829E-03   0.654594E-03   0.143264E-01   0.666104E-02   0.400000E-03
 698   0.932742E-04  -0.205546E-03   0.156810E-01   0.661901E-02   0.400000E-03
 699  -0.392362E-03  -0.336593E-04   0.170827E-01   0.666231E-02   0.450000E-03
 700  -0.454426E-03   0.267884E-03   0.181287E-01   0.698505E-02   0.300000E-03
 701   0.354200E-03   0.319990E-03   0.194903E-01   0.669901E-02   0.300000E-03
 702   0.475723E-03   0.472472E-03   0.203598E-01   0.689337E-02   0.400000E-03
 703   0.773337E-03   0.138733E-03   0.229750E-01   0.598774E-02   0.400000E-03
 704   0.167499E-03   0.305830E-03   0.241096E-01   0.559748E-02   0.400000E-03
 705   0.637105E-03  -0.903196E-04   0.250904E-01   0.504495E-02   0.250000E-03
 706   0.309266E-03   0.521044E-03   0.259052E-01   0.507275E-02   0.250000E-03
 707   0.278039E-03   0.478439E-04   0.269196E-01   0.509739E-02   0.400000E-03
 708  -0.155447E-04   0.232451E-03   0.298003E-01   0.544460E-02   0.250000E-03
 709  -0.853210E-03   0.321776E-03   0.320862E-01   0.529743E-02   0.200000E-03
 710  -0.663812E-03   0.400475E-03   0.326877E-01   0.503147E-02   0.250000E-03
 711  -0.571627E-03   0.108774E-03   0.337354E-01   0.460092E-02   0.350000E-03
 712   0.188575E-03   0.154556E-03   0.351212E-01   0.521970E-02   0.300000E-03
 713  -0.387561E-03   0.639277E-04   0.381584E-01   0.636444E-02   0.350000E-03
 714  -0.402896E-03   0.952250E-04   0.379319E-01   0.570233E-02   0.350000E-03
 715  -0.484893E-03  -0.298715E-03   0.388337E-01   0.564887E-02   0.150000E-03
 716  -0.104507E-03   0.204227E-03   0.397383E-01   0.453839E-02   0.250000E-03
 717  -0.107493E-03  -0.426829E-03   0.400752E-01   0.366746E-02   0.150000E-03
 718  -0.505907E-03  -0.283224E-04   0.421756E-01   0.391249E-02   0.250000E-03
 719  -0.982785E-03   0.154016E-02   0.448011E-01   0.547032E-02   0.200000E-03
 720  -0.662542E-03  -0.369487E-04   0.434096E-01   0.730577E-02   0.350000E-03
 721  -0.644348E-04   0.160963E-04   0.215151E-02   0.408619E-02   0.200000E-03
 722  -0.217728E-03   0.855083E-04   0.202174E-02   0.516020E-02   0.300000E-03
 723  -0.125560E-03   0.445274E-04   0.424974E-02   0.467140E-02   0.250000E-03
 724  -0.599599E-03  -0.206595E-03   0.602145E-02   0.491494E-02   0.400000E-03
 725   0.399237E-03   0.228739E-04   0.693417E-02   0.514921E-02   0.150000E-03
 726  -0.119839E-03   0.374519E-03   0.653640E-02   0.552578E-02   0.400000E-03
 727  -0.722853E-03  -0.202131E-03   0.824355E-02   0.613663E-02   0.300000E-03
 728  -0.553934E-03  -0.169707E-03   0.936333E-02   0.640537E-02   0.250000E-03
 729  -0.819013E-03   0.167911E-03   0.972082E-02   0.683319E-02   0.300000E-03
 730  -0.835148E-03  -0.862845E-04   0.123562E-01   0.563666E-02   0.250000E-03
 731  -0.568152E-03  -0.718201E-03   0.122133E-01   0.623628E-02   0.350000E-03
 732  -0.409103E-03  -0.458308E-03   0.131020E-01   0.664829E-02   0.250000E-03
 733  -0.321427E-03   0.764660E-03   0.149413E-01   0.687047E-02   0.250000E-03
 734  -0.679156E-03   0.425815E-03   0.161903E-01   0.693638E-02   0.200000E-03
 735  -0.227843E-03   0.133287E-03   0.175619E-01   0.730113E-02   0.350000E-03
 736  -0.117198E-03   0.530797E-03   0.190641E-01   0.736107E-02   0.400000E-03
 737   0.427297E-03   0.456972E-03   0.197516E-01   0.723777E-02   0.300000E-03
 738   0.538229E-03   0.534674E-03   0.214359E-01   0.706042E-02   0.400000E-03
 739   0.799571E-03   0.130085E-03   0.223835E-01   0.644665E-02   0.350000E-03
 740   0.432994E-03   0.294729E-04   0.236884E-01   0.621524E-02   0.350000E-03
 741   0.694437E-03   0.767531E-04   0.247771E-01   0.566575E-02   0.250000E-03
 742  -0.541965E-03   0.433081E-03   0.263246E-01   0.534901E-02   0.250000E-03
 743   0.168956E-03   0.108720E-03   0.275654E-01   0.515115E-02   0.250000E-03
 744   0.111775E-02   0.252487E-03   0.288388E-01   0.520519E-02   0.200000E-03
 745  -0.242953E-03   0.614766E-04   0.315691E-01   0.572230E-02   0.250000E-03
 746  -0.663619E-03   0.418752E-03   0.328093E-01   0.561607E-02   0.350000E-03
 747  -0.549356E-03   0.320053E-03   0.332694E-01   0.515726E-02   0.300000E-03
 748   0.154201E-03   0.243104E-03   0.356636E-01   0.486357E-02   0.350000E-03
 749  -0.198245E-03  -0.304184E-04   0.363143E-01   0.547741E-02   0.300000E-03
 750  -0.817695E-03  -0.366137E-04   0.385057E-01   0.587527E-02   0.250000E-03
 751  -0.433531E-03  -0.282413E-03   0.391622E-01   0.595013E-02   0.300000E-03
 752   0.137184E-02  -0.694297E-03   0.401902E-01   0.423581E-02   0.300000E-03
 753  -0.753097E-04  -0.252735E-03   0.407451E-01   0.305578E-02   0.150000E-03
 754  -0.969282E-03   0.432261E-03   0.418917E-01   0.419254E-02   0.150000E-03
 755  -0.393848E-03  -0.369010E-03   0.425374E-01   0.415594E-02   0.150000E-03
 756  -0.726189E-03  -0.374162E-04   0.431107E-01   0.672860E-02   0.300000E-03
 757  -0.176708E-03   0.217125E-03   0.183929E-02   0.453738E-02   0.350000E-03
 758  -0.121077E-03  -0.340381E-03   0.402231E-02   0.573290E-02   0.350000E-03
 759  -0.531758E-04   0.415723E-04   0.390071E-02   0.509520E-02   0.300000E-03
 760  -0.459839E-03  -0.169515E-03   0.473888E-02   0.562012E-02   0.300000E-03
 761  -0.743871E-03  -0.994489E-04   0.541291E-02   0.543293E-02   0.400000E-03
 762  -0.229710E-03   0.452024E-03   0.593414E-02   0.596955E-02   0.350000E-03
 763  -0.364550E-03  -0.339943E-04   0.690501E-02   0.623325E-02   0.400000E-03
 764  -0.119622E-02   0.162807E-04   0.817369E-02   0.675645E-02   0.300000E-03
 765  -0.606199E-03   0.264385E-03   0.115366E-01   0.641512E-02   0.350000E-03
 766  -0.248502E-03  -0.340540E-03   0.117517E-01   0.577993E-02   0.300000E-03
 767  -0.234832E-03  -0.456765E-03   0.126675E-01   0.654114E-02   0.200000E-03
 768  -0.441688E-03   0.523988E-03   0.137219E-01   0.689781E-02   0.250000E-03
 769  -0.391728E-03   0.678232E-03   0.152409E-01   0.738930E-02   0.350000E-03
 770   0.240652E-03   0.529988E-03   0.158236E-01   0.725115E-02   0.250000E-03
 771  -0.466748E-03   0.578348E-04   0.165552E-01   0.681688E-02   0.100000E-03
 772  -0.392140E-03   0.429592E-03   0.184223E-01   0.744668E-02   0.250000E-03
 773  -0.286273E-04  -0.308659E-03   0.201164E-01   0.783404E-02   0.400000E-03
 774   0.528694E-03   0.594081E-03   0.208179E-01   0.748189E-02   0.350000E-03
 775   0.702376E-03  -0.274147E-03   0.232209E-01   0.658831E-02   0.250000E-03
 776   0.666261E-03  -0.263903E-03   0.248140E-01   0.611294E-02   0.200000E-03
 777  -0.538749E-03   0.254635E-03   0.255042E-01   0.487069E-02   0.200000E-03
 778   0.335776E-03   0.728433E-04   0.259127E-01   0.552016E-02   0.200000E-03
 779   0.795356E-04  -0.142025E-02   0.276219E-01   0.569628E-02   0.300000E-03
 780   0.774011E-04   0.185398E-03   0.293228E-01   0.580530E-02   0.350000E-03
 781  -0.625342E-04   0.218130E-03   0.306885E-01   0.598343E-02   0.200000E-03
 782  -0.867258E-03  -0.279342E-04   0.321140E-01   0.579627E-02   0.300000E-03
 783  -0.485437E-03   0.306076E-03   0.339075E-01   0.527790E-02   0.350000E-03
 784  -0.298234E-03   0.290628E-03   0.344528E-01   0.522194E-02   0.200000E-03
 785   0.892275E-04  -0.783002E-04   0.356732E-01   0.556249E-02   0.350000E-03
 786  -0.499247E-03   0.635863E-04   0.375854E-01   0.619201E-02   0.250000E-03
 787  -0.659148E-03  -0.387404E-03   0.397251E-01   0.615173E-02   0.300000E-03
 788  -0.697782E-03  -0.138178E-03   0.396385E-01   0.550656E-02   0.350000E-03
 789   0.359339E-03   0.482678E-03   0.405673E-01   0.377385E-02   0.300000E-03
 790  -0.867337E-03   0.367905E-03   0.414585E-01   0.430415E-02   0.300000E-03
 791  -0.316144E-03  -0.357953E-03   0.431239E-01   0.436109E-02   0.350000E-03
 792  -0.295935E-03   0.377387E-03   0.438861E-01   0.518571E-02   0.150000E-03
 793  -0.195083E-03  -0.291278E-03   0.284390E-02   0.553356E-02   0.150000E-03
 794  -0.189457E-03   0.162834E-03   0.242599E-02   0.550535E-02   0.150000E-03
 795  -0.299123E-03  -0.474481E-04   0.435668E-02   0.529872E-02   0.200000E-03
 796  -0.278033E-03   0.549783E-04   0.265285E-02   0.652608E-02   0.300000E-03
 797  -0.247055E-03  -0.489388E-03   0.451398E-02   0.629781E-02   0.400000E-03
 798  -0.666263E-03  -0.363021E-03   0.518268E-02   0.609241E-02   0.300000E-03
 799   0.382274E-05   0.158594E-03   0.752871E-02   0.667806E-02   0.350000E-03
 800  -0.654304E-03   0.121011E-03   0.884124E-02   0.710279E-02   0.250000E-03
 801  -0.575873E-03  -0.956471E-04   0.107987E-01   0.677189E-02   0.250000E-03
 802  -0.606518E-03   0.292248E-03   0.112659E-01   0.694993E-02   0.250000E-03
 803  -0.887264E-03   0.620307E-05   0.119959E-01   0.679521E-02   0.250000E-03
 804  -0.192168E-03   0.363737E-03   0.132491E-01   0.717745E-02   0.300000E-03
 805  -0.402468E-03   0.140477E-04   0.140799E-01   0.731491E-02   0.300000E-03
 806  -0.211836E-03  -0.662603E-03   0.157146E-01   0.768723E-02   0.200000E-03
 807  -0.276610E-03   0.718706E-04   0.179947E-01   0.771532E-02   0.250000E-03
 808  -0.146393E-03   0.149320E-03   0.190858E-01   0.820977E-02   0.450000E-03
 809  -0.670245E-04   0.303278E-03   0.214021E-01   0.776293E-02   0.300000E-03
 810   0.660964E-03   0.453178E-03   0.221344E-01   0.704400E-02   0.300000E-03
 811   0.465786E-03   0.425063E-03   0.237144E-01   0.686331E-02   0.300000E-03
 812  -0.136424E-04  -0.528622E-04   0.243364E-01   0.625825E-02   0.300000E-03
 813   0.720566E-03   0.507270E-04   0.253683E-01   0.557363E-02   0.350000E-03
 814  -0.610334E-03  -0.147239E-02   0.271234E-01   0.566154E-02   0.200000E-03
 815   0.211125E-03   0.180554E-03   0.285793E-01   0.589341E-02   0.400000E-03
 816  -0.113411E-03   0.570065E-03   0.312259E-01   0.602303E-02   0.200000E-03
 817  -0.402321E-04   0.609410E-04   0.302414E-01   0.626198E-02   0.300000E-03
 818  -0.558764E-03   0.209820E-03   0.325493E-01   0.620877E-02   0.300000E-03
 819  -0.564193E-03   0.427331E-03   0.334475E-01   0.573524E-02   0.300000E-03
 820  -0.119085E-03   0.441381E-03   0.347041E-01   0.564959E-02   0.300000E-03
 821  -0.193155E-03  -0.134204E-03   0.362003E-01   0.606446E-02   0.300000E-03
 822  -0.374789E-03   0.376358E-04   0.378221E-01   0.692033E-02   0.300000E-03
 823  -0.855821E-03   0.123875E-03   0.387556E-01   0.631948E-02   0.250000E-03
 824  -0.527239E-03  -0.127417E-03   0.408198E-01   0.557472E-02   0.350000E-03
 825  -0.544313E-03  -0.244936E-03   0.402595E-01   0.500410E-02   0.450000E-03
 826  -0.602408E-03  -0.217906E-03   0.408120E-01   0.442712E-02   0.350000E-03
 827  -0.504525E-03  -0.240862E-03   0.422294E-01   0.440888E-02   0.250000E-03
 828  -0.327055E-03  -0.216263E-03   0.402876E-01   0.694108E-02   0.350000E-03
 829  -0.379722E-03   0.797101E-04   0.262844E-02   0.592712E-02   0.300000E-03
 830  -0.205004E-04  -0.208513E-04   0.299460E-03   0.526591E-02   0.300000E-03
 831   0.371764E-04   0.763397E-03   0.313960E-03   0.576516E-02   0.200000E-03
 832  -0.338628E-03   0.110277E-03   0.310031E-02   0.620874E-02   0.250000E-03
 833  -0.325425E-03   0.101628E-03   0.329161E-02   0.672294E-02   0.300000E-03
 834  -0.586723E-03  -0.718998E-03   0.509528E-02   0.668567E-02   0.300000E-03
 835  -0.160423E-03  -0.230927E-03   0.576947E-02   0.685432E-02   0.300000E-03
 836  -0.114714E-03   0.598352E-04   0.760122E-02   0.737201E-02   0.350000E-03
 837  -0.630897E-03   0.861844E-04   0.107983E-01   0.632394E-02   0.200000E-03
 838  -0.818126E-03  -0.189835E-03   0.117435E-01   0.733911E-02   0.350000E-03
 839  -0.405700E-03   0.353839E-03   0.125521E-01   0.712889E-02   0.400000E-03
 840  -0.348643E-03   0.482300E-03   0.141443E-01   0.791089E-02   0.300000E-03
 841   0.342533E-03   0.114172E-03   0.147325E-01   0.779389E-02   0.300000E-03
 842  -0.478944E-03   0.202012E-03   0.170022E-01   0.762769E-02   0.300000E-03
 843  -0.400676E-03   0.255681E-04   0.184388E-01   0.794398E-02   0.250000E-03
 844  -0.626523E-03   0.833363E-03   0.197952E-01   0.845531E-02   0.300000E-03
 845   0.581401E-03  -0.303141E-05   0.207812E-01   0.817956E-02   0.350000E-03
 846   0.697922E-03   0.387500E-03   0.219049E-01   0.754278E-02   0.250000E-03
 847   0.676054E-03   0.353286E-03   0.231813E-01   0.713571E-02   0.300000E-03
 848   0.427732E-04   0.455959E-03   0.244078E-01   0.695326E-02   0.400000E-03
 849   0.723976E-03  -0.285154E-03   0.253402E-01   0.627110E-02   0.350000E-03
 850   0.219623E-03   0.269370E-03   0.266730E-01   0.563853E-02   0.200000E-03
 851   0.375924E-03  -0.102779E-03   0.265264E-01   0.611190E-02   0.300000E-03
 852  -0.639894E-03   0.406652E-03   0.298840E-01   0.583563E-02   0.150000E-03
 853   0.313746E-03   0.841438E-03   0.316778E-01   0.633033E-02   0.350000E-03
 854  -0.446021E-03   0.470831E-03   0.327603E-01   0.682158E-02   0.350000E-03
 855  -0.439599E-03   0.222198E-03   0.331473E-01   0.625428E-02   0.300000E-03
 856  -0.466677E-03   0.469383E-03   0.341033E-01   0.600036E-02   0.400000E-03
 857  -0.322759E-03   0.350899E-03   0.351969E-01   0.607100E-02   0.350000E-03
 858   0.680154E-04   0.226474E-03   0.365518E-01   0.654944E-02   0.300000E-03
 859  -0.337950E-03  -0.204453E-03   0.392872E-01   0.648440E-02   0.250000E-03
 860  -0.666074E-03  -0.925156E-04   0.402141E-01   0.580417E-02   0.300000E-03
 861  -0.719823E-03  -0.123938E-03   0.415173E-01   0.558681E-02   0.350000E-03
 862  -0.519598E-03  -0.186462E-03   0.409902E-01   0.499975E-02   0.250000E-03
 863  -0.157174E-03   0.387852E-03   0.432879E-01   0.514345E-02   0.450000E-03
 864  -0.385842E-03   0.483633E-04   0.445514E-01   0.606959E-02   0.450000E-03
 865  -0.273188E-03   0.109503E-03   0.137445E-02   0.511565E-02   0.350000E-03
 866  -0.238006E-03   0.164870E-03   0.170992E-02   0.554833E-02   0.200000E-03
 867  -0.260250E-03   0.462989E-04   0.203228E-02   0.633937E-02   0.350000E-03
 868  -0.337767E-03   0.799193E-04   0.372706E-02   0.631121E-02   0.300000E-03
 869  -0.347586E-03   0.124532E-04   0.338334E-02   0.726257E-02   0.250000E-03
 870  -0.521887E-03   0.720872E-05   0.627040E-02   0.652499E-02   0.300000E-03
 871  -0.326466E-03   0.173456E-03   0.693151E-02   0.693178E-02   0.300000E-03
 872  -0.593297E-03  -0.107894E-03   0.921816E-02   0.682953E-02   0.200000E-03
 873  -0.283090E-03  -0.748191E-03   0.102936E-01   0.703393E-02   0.300000E-03
 874  -0.423917E-03   0.272679E-03   0.116954E-01   0.799992E-02   0.300000E-03
 875  -0.332890E-03   0.211527E-03   0.122428E-01   0.775482E-02   0.300000E-03
 876  -0.438151E-03   0.260178E-04   0.135955E-01   0.766469E-02   0.300000E-03
 877   0.329296E-03   0.687727E-04   0.147107E-01   0.839312E-02   0.300000E-03
 878  -0.257630E-04   0.279806E-03   0.163664E-01   0.750068E-02   0.350000E-03
 879  -0.279175E-03   0.303872E-03   0.174828E-01   0.789413E-02   0.250000E-03
 880  -0.803763E-03   0.157086E-03   0.177304E-01   0.838410E-02   0.300000E-03
 881   0.215567E-03   0.493881E-05   0.218772E-01   0.812830E-02   0.300000E-03
 882   0.449989E-03   0.384202E-03   0.226444E-01   0.724686E-02   0.250000E-03
 883   0.199833E-03  -0.168043E-03   0.228302E-01   0.666874E-02   0.150000E-03
 884   0.384687E-03   0.131165E-03   0.238853E-01   0.748936E-02   0.350000E-03
 885   0.164232E-03   0.167213E-02   0.257737E-01   0.740185E-02   0.400000E-03
 886   0.436587E-03  -0.128626E-03   0.259357E-01   0.601724E-02   0.300000E-03
 887   0.240455E-03   0.162115E-03   0.283115E-01   0.659102E-02   0.350000E-03
 888  -0.349923E-05   0.925667E-04   0.295572E-01   0.656817E-02   0.450000E-03
 889   0.328312E-04   0.455756E-03   0.309154E-01   0.659193E-02   0.450000E-03
 890  -0.650635E-03   0.405648E-03   0.321959E-01   0.662836E-02   0.250000E-03
 891   0.635067E-04  -0.362475E-03   0.337083E-01   0.663504E-02   0.350000E-03
 892  -0.465290E-03   0.476875E-03   0.346502E-01   0.658289E-02   0.400000E-03
 893  -0.569419E-03   0.189341E-03   0.357313E-01   0.643739E-02   0.300000E-03
 894  -0.634647E-03  -0.184580E-03   0.385823E-01   0.678835E-02   0.250000E-03
 895  -0.383111E-03  -0.709335E-04   0.390908E-01   0.699743E-02   0.300000E-03
 896  -0.561369E-03   0.688347E-03   0.419216E-01   0.696408E-02   0.300000E-03
 897  -0.105458E-02  -0.128163E-03   0.424730E-01   0.661993E-02   0.350000E-03
 898  -0.511856E-03  -0.263975E-03   0.426327E-01   0.460687E-02   0.200000E-03
 899  -0.718678E-03   0.409066E-03   0.424925E-01   0.520269E-02   0.350000E-03
 900  -0.403427E-03   0.554809E-04   0.438292E-01   0.572817E-02   0.350000E-03
 901  -0.248665E-03   0.100094E-03   0.129203E-02   0.570720E-02   0.250000E-03
 902  -0.315912E-03  -0.496088E-04   0.310042E-02   0.767427E-02   0.250000E-03
 903  -0.268648E-03   0.158031E-03   0.211053E-02   0.574598E-02   0.250000E-03
 904  -0.285475E-03   0.182833E-04   0.279296E-02   0.715931E-02   0.350000E-03
 905  -0.459105E-03  -0.195724E-03   0.403085E-02   0.699664E-02   0.450000E-03
 906  -0.811244E-04  -0.571555E-04   0.589010E-02   0.739552E-02   0.250000E-03
 907  -0.365815E-05   0.153136E-03   0.558254E-02   0.639124E-02   0.200000E-03
 908  -0.659205E-03  -0.193829E-03   0.886383E-02   0.765153E-02   0.300000E-03
 909  -0.583573E-03  -0.360864E-04   0.935571E-02   0.730884E-02   0.300000E-03
 910  -0.144449E-03  -0.501939E-04   0.101039E-01   0.806827E-02   0.300000E-03
 911  -0.958384E-03  -0.997930E-04   0.112502E-01   0.767901E-02   0.250000E-03
 912  -0.518916E-03  -0.418098E-03   0.151887E-01   0.866505E-02   0.250000E-03
 913  -0.512099E-03  -0.290812E-03   0.153319E-01   0.808267E-02   0.350000E-03
 914  -0.297369E-03   0.589905E-03   0.161133E-01   0.825805E-02   0.450000E-03
 915  -0.479200E-03   0.464115E-03   0.169988E-01   0.832744E-02   0.400000E-03
 916   0.677263E-04   0.551119E-03   0.203599E-01   0.867212E-02   0.300000E-03
 917   0.117090E-03   0.500624E-03   0.199485E-01   0.910675E-02   0.300000E-03
 918   0.688177E-03  -0.257845E-03   0.224428E-01   0.780990E-02   0.350000E-03
 919   0.775214E-03  -0.264114E-03   0.231417E-01   0.778398E-02   0.350000E-03
 920   0.385653E-03   0.973564E-03   0.247414E-01   0.645434E-02   0.150000E-03
 921   0.192642E-03   0.361751E-04   0.233172E-01   0.852862E-02   0.350000E-03
 922   0.433592E-03   0.209546E-03   0.259176E-01   0.666610E-02   0.350000E-03
 923   0.152244E-03   0.130897E-03   0.276577E-01   0.634347E-02   0.350000E-03
 924  -0.436473E-03   0.461187E-03   0.288765E-01   0.715648E-02   0.450000E-03
 925   0.245334E-04   0.441138E-03   0.310847E-01   0.737332E-02   0.350000E-03
 926  -0.196846E-03   0.601812E-03   0.315966E-01   0.697272E-02   0.300000E-03
 927  -0.140392E-02   0.614630E-05   0.336238E-01   0.718978E-02   0.200000E-03
 928  -0.406289E-03   0.656015E-03   0.341576E-01   0.649652E-02   0.100000E-03
 929  -0.109756E-03   0.138435E-03   0.372113E-01   0.669849E-02   0.350000E-03
 930  -0.503146E-04  -0.286658E-03   0.412216E-01   0.664836E-02   0.300000E-03
 931  -0.854499E-03  -0.396000E-04   0.411896E-01   0.608581E-02   0.250000E-03
 932  -0.660874E-03  -0.358973E-03   0.397379E-01   0.670074E-02   0.250000E-03
 933  -0.660911E-03   0.621782E-04   0.418117E-01   0.627319E-02   0.400000E-03
 934  -0.740446E-03   0.845747E-04   0.412625E-01   0.470763E-02   0.150000E-03
 935  -0.892289E-03   0.313132E-03   0.418083E-01   0.490241E-02   0.400000E-03
 936  -0.295672E-03  -0.588753E-04   0.433685E-01   0.618640E-02   0.300000E-03
 937   0.861903E-04  -0.168564E-03   0.102797E-02   0.722853E-02   0.350000E-03
 938   0.580744E-04  -0.161346E-03   0.298221E-03   0.626583E-02   0.300000E-03
 939  -0.501961E-03  -0.168331E-03   0.373876E-02   0.774341E-02   0.350000E-03
 940  -0.404007E-03   0.172803E-03   0.791156E-03   0.592628E-02   0.300000E-03
 941  -0.171538E-03  -0.638958E-04   0.166095E-02   0.693151E-02   0.350000E-03
 942  -0.332629E-03  -0.174235E-03   0.458778E-02   0.776612E-02   0.500000E-03
 943  -0.380284E-03  -0.119888E-03   0.529897E-02   0.730233E-02   0.350000E-03
 944  -0.517012E-03   0.194090E-03   0.636187E-02   0.711669E-02   0.300000E-03
 945  -0.554323E-03   0.235656E-03   0.108355E-01   0.731962E-02   0.300000E-03
 946  -0.127780E-02  -0.369212E-03   0.985259E-02   0.754326E-02   0.250000E-03
 947   0.120475E-03  -0.290256E-03   0.129409E-01   0.802844E-02   0.450000E-03
 948  -0.312609E-03   0.354571E-03   0.125490E-01   0.860764E-02   0.250000E-03
 949  -0.912662E-03   0.171582E-03   0.156951E-01   0.887976E-02   0.300000E-03
 950  -0.204277E-03  -0.202511E-03   0.139936E-01   0.859406E-02   0.400000E-03
 951  -0.530470E-03   0.518901E-03   0.165523E-01   0.886571E-02   0.300000E-03
 952  -0.500431E-03   0.177034E-03   0.182788E-01   0.841593E-02   0.250000E-03
 953   0.359500E-03  -0.496538E-03   0.209929E-01   0.874073E-02   0.250000E-03
 954   0.695088E-03  -0.385767E-03   0.224772E-01   0.865848E-02   0.500000E-03
 955   0.558076E-03  -0.368863E-03   0.236788E-01   0.805072E-02   0.250000E-03
 956   0.848438E-03  -0.346680E-03   0.251368E-01   0.727237E-02   0.250000E-03
 957   0.584627E-03   0.523221E-03   0.268406E-01   0.766472E-02   0.350000E-03
 958   0.385924E-03   0.176327E-03   0.264997E-01   0.705392E-02   0.350000E-03
 959   0.538101E-03   0.208828E-04   0.269931E-01   0.655886E-02   0.350000E-03
 960  -0.291572E-04   0.474354E-03   0.302507E-01   0.680939E-02   0.250000E-03
 961  -0.435578E-03   0.377811E-04   0.321259E-01   0.797637E-02   0.400000E-03
 962  -0.228403E-03   0.372780E-03   0.316665E-01   0.751707E-02   0.250000E-03
 963  -0.871936E-03   0.350440E-03   0.332850E-01   0.697930E-02   0.200000E-03
 964  -0.743038E-03   0.362905E-03   0.352969E-01   0.684966E-02   0.300000E-03
 965  -0.298529E-03   0.486146E-03   0.360929E-01   0.685103E-02   0.250000E-03
 966   0.282902E-04  -0.671362E-07   0.366870E-01   0.723536E-02   0.400000E-03
 967  -0.213455E-03  -0.323304E-03   0.406489E-01   0.634219E-02   0.350000E-03
 968  -0.188961E-03  -0.319418E-03   0.401606E-01   0.625083E-02   0.150000E-03
 969  -0.593692E-03  -0.186081E-03   0.447508E-01   0.714733E-02   0.250000E-03
 970  -0.354552E-03  -0.388787E-04   0.442550E-01   0.681116E-02   0.350000E-03
 971  -0.968413E-03  -0.348072E-03   0.427242E-01   0.591386E-02   0.400000E-03
 972  -0.332011E-03  -0.331273E-04   0.436583E-01   0.675984E-02   0.250000E-03
 973  -0.328207E-05  -0.246570E-04   0.836622E-03   0.537830E-02   0.250000E-03
 974  -0.450713E-03  -0.114915E-03   0.403039E-02   0.826732E-02   0.250000E-03
 975  -0.243269E-03   0.418716E-04   0.133364E-02   0.630431E-02   0.350000E-03
 976   0.919914E-04  -0.145310E-03   0.772295E-03   0.663124E-02   0.300000E-03
 977  -0.169832E-03  -0.261298E-03   0.735860E-02   0.791983E-02   0.250000E-03
 978  -0.332170E-03  -0.117198E-03   0.697090E-02   0.752987E-02   0.300000E-03
 979  -0.553833E-03  -0.711980E-04   0.643687E-02   0.766060E-02   0.250000E-03
 980  -0.525626E-03  -0.261337E-03   0.818923E-02   0.783609E-02   0.400000E-03
 981  -0.166292E-03   0.113361E-05   0.103507E-01   0.757804E-02   0.250000E-03
 982  -0.384559E-03  -0.444261E-05   0.936706E-02   0.820705E-02   0.450000E-03
 983  -0.340451E-03   0.329876E-03   0.121572E-01   0.829762E-02   0.250000E-03
 984  -0.517864E-03  -0.394738E-03   0.107564E-01   0.801857E-02   0.350000E-03
 985  -0.423696E-03  -0.432587E-03   0.135768E-01   0.816294E-02   0.200000E-03
 986  -0.314301E-03   0.530991E-03   0.189565E-01   0.945765E-02   0.300000E-03
 987  -0.490336E-03   0.177868E-03   0.186541E-01   0.888286E-02   0.350000E-03
 988  -0.635582E-05   0.446856E-03   0.193874E-01   0.889476E-02   0.300000E-03
 989   0.206832E-04   0.533424E-03   0.195055E-01   0.943127E-02   0.250000E-03
 990   0.381546E-03  -0.447500E-04   0.213632E-01   0.831933E-02   0.250000E-03
 991   0.625261E-03  -0.380211E-03   0.242771E-01   0.809333E-02   0.350000E-03
 992   0.254568E-03   0.789266E-04   0.246900E-01   0.759232E-02   0.300000E-03
 993   0.442789E-03   0.352304E-03   0.250336E-01   0.678371E-02   0.250000E-03
 994   0.620326E-03   0.468957E-03   0.271331E-01   0.714124E-02   0.250000E-03
 995  -0.150783E-03   0.506943E-03   0.277822E-01   0.712069E-02   0.400000E-03
 996   0.162790E-03   0.452440E-03   0.304369E-01   0.732557E-02   0.300000E-03
 997   0.671906E-04   0.487105E-03   0.299085E-01   0.717328E-02   0.250000E-03
 998  -0.469609E-03   0.487951E-03   0.321930E-01   0.722979E-02   0.350000E-03
 999  -0.702121E-03   0.134681E-03   0.330369E-01   0.735376E-02   0.250000E-03
1000   0.790127E-03  -0.365961E-03   0.341724E-01   0.715876E-02   0.350000E-03
