   1   0.919983E-03  -0.897854E-03   0.112691E-01   0.849296E-02   0.350000E-03
   2   0.122953E-02  -0.419835E-03   0.173348E-03   0.149992E-03   0.150000E-03
   3  -0.166753E-02   0.450216E-03   0.452519E-02   0.448435E-03   0.450000E-03
   4  -0.145904E-02   0.670561E-03   0.569150E-02   0.564357E-03   0.200000E-03
   5  -0.807378E-02  -0.456066E-03   0.571704E-02   0.100643E-03   0.100000E-03
   6  -0.182635E-03   0.883120E-03   0.743785E-02   0.249441E-03   0.250000E-03
   7  -0.138400E-02   0.113657E-02   0.806978E-02   0.398838E-03   0.400000E-03
   8   0.761044E-03  -0.398417E-03   0.883930E-02   0.347712E-03   0.350000E-03
   9  -0.369140E-03  -0.836450E-04   0.928218E-02   0.574967E-03   0.150000E-03
  10   0.304606E-03  -0.133482E-03   0.117847E-01   0.296215E-03   0.300000E-03
  11   0.288151E-03   0.797670E-03   0.130254E-01   0.351068E-03   0.350000E-03
  12   0.641826E-03  -0.379675E-03   0.147583E-01   0.195039E-03   0.200000E-03
  13   0.197615E-02  -0.725426E-04   0.168966E-01   0.343814E-03   0.350000E-03
  14   0.862592E-03   0.459482E-03   0.175948E-01   0.348450E-03   0.350000E-03
  15   0.950838E-03   0.540857E-03   0.188147E-01   0.399258E-03   0.400000E-03
  16  -0.198467E-03  -0.473262E-05   0.195612E-01   0.347495E-03   0.350000E-03
  17   0.563157E-03  -0.414550E-04   0.204765E-01   0.338802E-03   0.350000E-03
  18   0.301843E-02   0.167802E-03   0.219261E-01   0.349352E-03   0.350000E-03
  19   0.318953E-02   0.360371E-03   0.225153E-01   0.240682E-03   0.250000E-03
  20   0.211464E-02   0.118047E-02   0.230154E-01   0.249446E-03   0.250000E-03
  21  -0.593789E-03   0.457047E-03   0.244761E-01   0.249888E-03   0.250000E-03
  22  -0.116424E-03  -0.138062E-03   0.257273E-01   0.200020E-03   0.200000E-03
  23   0.639608E-03  -0.246133E-02   0.267557E-01   0.100118E-03   0.100000E-03
  24   0.958015E-03   0.867603E-03   0.282413E-01   0.396537E-03   0.400000E-03
  25   0.236966E-03  -0.275825E-03   0.297722E-01   0.398484E-03   0.400000E-03
  26   0.815375E-03  -0.585259E-03   0.305186E-01   0.339403E-03   0.350000E-03
  27  -0.147087E-02  -0.877786E-03   0.318603E-01   0.298592E-03   0.300000E-03
  28  -0.385040E-02  -0.120257E-02   0.333372E-01   0.299904E-03   0.300000E-03
  29   0.572818E-03  -0.700797E-03   0.355422E-01   0.445641E-03   0.450000E-03
  30   0.289141E-02  -0.823395E-03   0.373895E-01   0.345744E-03   0.350000E-03
  31   0.837749E-03  -0.385637E-03   0.379813E-01   0.249719E-03   0.250000E-03
  32  -0.673029E-04   0.278750E-03   0.401129E-01   0.197195E-03   0.200000E-03
  33   0.247215E-03  -0.972423E-03   0.410037E-01   0.194996E-03   0.200000E-03
  34   0.117491E-02   0.883028E-03   0.446039E-01   0.880575E-03   0.400000E-03
  35   0.128394E-02  -0.126593E-02   0.446511E-01   0.192190E-02   0.350000E-03
  36  -0.199333E-03  -0.376484E-03   0.863353E-02   0.837338E-02   0.300000E-03
  37   0.917961E-03   0.188756E-02   0.248187E-03   0.182787E-02   0.250000E-03
  38  -0.842084E-03  -0.432665E-04   0.758227E-03   0.757231E-03   0.300000E-03
  39   0.191277E-02   0.119111E-02   0.261409E-02   0.398315E-03   0.400000E-03
  40  -0.356922E-02   0.127625E-02   0.611256E-02   0.299262E-03   0.300000E-03
  41  -0.168246E-03   0.266809E-03   0.680506E-02   0.394845E-03   0.400000E-03
  42  -0.321888E-03  -0.167272E-03   0.723181E-02   0.100682E-02   0.350000E-03
  43  -0.263520E-03   0.153360E-02   0.853611E-02   0.917992E-03   0.300000E-03
  44  -0.300034E-03   0.343252E-03   0.935032E-02   0.967877E-03   0.250000E-03
  45   0.238655E-02  -0.353060E-03   0.992511E-02   0.492055E-03   0.500000E-03
  46   0.759243E-03  -0.806181E-03   0.108489E-01   0.299970E-03   0.300000E-03
  47   0.571322E-03   0.304531E-03   0.152308E-01   0.149844E-03   0.150000E-03
  48  -0.294366E-03  -0.329524E-03   0.157920E-01   0.447679E-03   0.450000E-03
  49   0.488300E-03  -0.145464E-03   0.164615E-01   0.879979E-03   0.350000E-03
  50   0.464591E-03   0.318651E-03   0.181847E-01   0.247149E-03   0.250000E-03
  51  -0.250626E-04  -0.619156E-04   0.192855E-01   0.875823E-03   0.250000E-03
  52  -0.404293E-04   0.135981E-05   0.200169E-01   0.148095E-03   0.150000E-03
  53   0.265714E-02   0.340738E-03   0.204821E-01   0.100605E-02   0.200000E-03
  54   0.835512E-03  -0.457973E-03   0.211430E-01   0.299297E-03   0.300000E-03
  55   0.301744E-03  -0.308169E-03   0.233996E-01   0.999068E-04   0.100000E-03
  56  -0.620252E-03   0.592851E-03   0.238432E-01   0.396041E-03   0.400000E-03
  57   0.359450E-02  -0.462129E-04   0.245102E-01   0.919104E-03   0.400000E-03
  58   0.227578E-02   0.100210E-02   0.251091E-01   0.395584E-03   0.400000E-03
  59   0.193750E-02  -0.379698E-03   0.270444E-01   0.199939E-03   0.200000E-03
  60  -0.200308E-02   0.858446E-04   0.275489E-01   0.298295E-03   0.300000E-03
  61   0.119174E-02  -0.286897E-03   0.290806E-01   0.297493E-03   0.300000E-03
  62   0.390619E-04  -0.244714E-03   0.312155E-01   0.346937E-03   0.350000E-03
  63  -0.132143E-03  -0.465477E-03   0.328501E-01   0.196658E-03   0.200000E-03
  64  -0.175901E-02   0.660864E-04   0.347509E-01   0.345187E-03   0.350000E-03
  65   0.852546E-03  -0.333639E-03   0.363185E-01   0.619367E-03   0.350000E-03
  66   0.701267E-03  -0.787457E-03   0.364176E-01   0.139375E-03   0.150000E-03
  67   0.534964E-03  -0.738057E-03   0.391275E-01   0.298878E-03   0.300000E-03
  68   0.519435E-02  -0.323462E-02   0.422968E-01   0.212718E-03   0.200000E-03
  69   0.297530E-03   0.664428E-03   0.438597E-01   0.820373E-03   0.350000E-03
  70  -0.810021E-03   0.317942E-03   0.424116E-01   0.721493E-02   0.250000E-03
  71   0.113944E-02   0.123660E-02   0.447013E-01   0.498069E-02   0.300000E-03
  72   0.149514E-02   0.844868E-03   0.447502E-01   0.248598E-03   0.250000E-03
  73  -0.278689E-03   0.848757E-04   0.258302E-02   0.797991E-02   0.350000E-03
  74   0.650310E-03   0.916138E-03   0.113612E-02   0.296146E-03   0.300000E-03
  75  -0.200168E-03   0.754095E-03   0.385464E-02   0.249781E-03   0.250000E-03
  76   0.464895E-03  -0.968872E-03   0.516888E-02   0.920537E-03   0.350000E-03
  77  -0.347470E-03  -0.349044E-03   0.640276E-02   0.831939E-03   0.200000E-03
  78  -0.181933E-03  -0.327808E-03   0.660040E-02   0.134411E-02   0.350000E-03
  79  -0.634600E-03  -0.238264E-03   0.791962E-02   0.113306E-02   0.350000E-03
  80  -0.476610E-03  -0.882449E-04   0.902648E-02   0.134290E-02   0.250000E-03
  81   0.547351E-03   0.232632E-03   0.106514E-01   0.920398E-03   0.350000E-03
  82  -0.623833E-03  -0.169054E-04   0.132709E-01   0.979059E-03   0.300000E-03
  83   0.116684E-02   0.422329E-03   0.137223E-01   0.345243E-03   0.350000E-03
  84   0.985692E-04   0.453914E-03   0.143125E-01   0.244425E-03   0.250000E-03
  85   0.191018E-03  -0.837869E-03   0.153930E-01   0.101900E-02   0.250000E-03
  86   0.108287E-02  -0.589679E-03   0.172390E-01   0.106392E-02   0.450000E-03
  87   0.841544E-03  -0.331707E-03   0.188183E-01   0.104800E-02   0.250000E-03
  88   0.316554E-03   0.500317E-03   0.200265E-01   0.800076E-03   0.300000E-03
  89   0.171870E-04  -0.499871E-04   0.202767E-01   0.160449E-02   0.400000E-03
  90   0.177588E-02   0.154211E-02   0.214583E-01   0.866621E-03   0.350000E-03
  91   0.214025E-02   0.179222E-02   0.225850E-01   0.726549E-03   0.250000E-03
  92   0.223898E-02   0.233585E-02   0.231737E-01   0.827613E-03   0.350000E-03
  93  -0.130507E-02   0.489209E-03   0.237974E-01   0.114052E-02   0.350000E-03
  94   0.125873E-02  -0.407808E-03   0.252268E-01   0.113370E-02   0.350000E-03
  95  -0.168565E-02  -0.231629E-03   0.273155E-01   0.902896E-03   0.350000E-03
  96   0.116750E-02   0.710111E-03   0.280185E-01   0.116260E-02   0.400000E-03
  97  -0.843597E-03   0.675813E-03   0.294672E-01   0.969500E-03   0.250000E-03
  98   0.503244E-03  -0.100110E-03   0.302684E-01   0.108777E-02   0.450000E-03
  99   0.489712E-03  -0.869096E-03   0.324045E-01   0.246371E-03   0.250000E-03
 100  -0.399436E-03  -0.943608E-03   0.327259E-01   0.623420E-03   0.250000E-03
 101  -0.150173E-02   0.754935E-03   0.349581E-01   0.106171E-02   0.400000E-03
 102   0.122857E-02  -0.784604E-03   0.367976E-01   0.258632E-03   0.250000E-03
 103   0.261486E-02  -0.125088E-02   0.376357E-01   0.888040E-03   0.250000E-03
 104   0.226420E-03  -0.279850E-03   0.385294E-01   0.294013E-03   0.300000E-03
 105  -0.982414E-03  -0.756402E-03   0.405582E-01   0.244393E-03   0.250000E-03
 106   0.916016E-03  -0.289644E-02   0.431845E-01   0.296443E-03   0.300000E-03
 107   0.887620E-03   0.338691E-04   0.440856E-01   0.748932E-02   0.350000E-03
 108  -0.491913E-03   0.416379E-03   0.349007E-01   0.748686E-02   0.450000E-03
 109   0.211831E-02  -0.180276E-04   0.240544E-03   0.596397E-03   0.250000E-03
 110   0.119143E-02   0.596917E-03   0.587637E-03   0.241265E-03   0.250000E-03
 111   0.182027E-03   0.108299E-02   0.181796E-02   0.429734E-03   0.400000E-03
 112   0.795581E-03   0.891910E-04   0.314854E-02   0.921548E-03   0.350000E-03
 113  -0.535470E-03  -0.919565E-03   0.588439E-02   0.112872E-02   0.400000E-03
 114  -0.623714E-03  -0.252705E-03   0.710440E-02   0.155147E-02   0.200000E-03
 115  -0.407967E-03   0.390770E-03   0.847251E-02   0.155954E-02   0.350000E-03
 116   0.144221E-02   0.941333E-03   0.982747E-02   0.133141E-02   0.350000E-03
 117   0.324174E-03  -0.379138E-03   0.113273E-01   0.744383E-03   0.350000E-03
 118  -0.691928E-03   0.549207E-03   0.123814E-01   0.289022E-03   0.300000E-03
 119   0.353321E-03  -0.550244E-03   0.142462E-01   0.784907E-03   0.300000E-03
 120   0.497699E-03  -0.775845E-03   0.150567E-01   0.589234E-03   0.300000E-03
 121   0.360784E-03  -0.105743E-03   0.166758E-01   0.138395E-02   0.200000E-03
 122   0.150364E-03  -0.525171E-03   0.181281E-01   0.942679E-03   0.450000E-03
 123   0.532648E-03   0.167664E-03   0.185662E-01   0.141661E-02   0.200000E-03
 124  -0.230525E-04   0.372284E-03   0.196628E-01   0.127383E-02   0.300000E-03
 125   0.352269E-03   0.354446E-03   0.208690E-01   0.775750E-03   0.250000E-03
 126   0.628096E-03  -0.700722E-04   0.209112E-01   0.131965E-02   0.300000E-03
 127   0.123530E-02  -0.105174E-02   0.227063E-01   0.120522E-02   0.250000E-03
 128   0.201368E-02   0.378456E-03   0.230613E-01   0.161904E-02   0.300000E-03
 129  -0.552317E-03  -0.888356E-04   0.236044E-01   0.169611E-02   0.250000E-03
 130  -0.295395E-03  -0.150296E-03   0.257263E-01   0.718509E-03   0.300000E-03
 131  -0.569989E-03   0.982666E-05   0.263446E-01   0.394125E-03   0.400000E-03
 132  -0.426714E-03   0.153744E-02   0.275147E-01   0.148563E-02   0.200000E-03
 133   0.788716E-03   0.742132E-03   0.288185E-01   0.943847E-03   0.400000E-03
 134  -0.563564E-03   0.754853E-03   0.311489E-01   0.109079E-02   0.400000E-03
 135  -0.109713E-02   0.967902E-03   0.319958E-01   0.103488E-02   0.450000E-03
 136   0.191411E-02  -0.471249E-03   0.340156E-01   0.452387E-03   0.400000E-03
 137   0.259785E-02  -0.198988E-03   0.372263E-01   0.764469E-03   0.100000E-03
 138   0.136016E-02   0.634835E-03   0.373989E-01   0.132322E-02   0.250000E-03
 139  -0.173290E-03  -0.102756E-02   0.381701E-01   0.766007E-03   0.300000E-03
 140  -0.596260E-03  -0.525224E-03   0.396722E-01   0.263344E-03   0.250000E-03
 141  -0.137007E-02   0.192174E-02   0.414505E-01   0.247266E-03   0.250000E-03
 142  -0.554894E-03   0.199058E-02   0.418966E-01   0.197595E-03   0.200000E-03
 143  -0.607088E-03   0.117908E-02   0.439005E-01   0.632242E-02   0.250000E-03
 144   0.183031E-03   0.643151E-03   0.295108E-01   0.756042E-02   0.300000E-03
 145   0.250837E-03   0.119412E-03   0.294907E-03   0.337330E-02   0.300000E-03
 146   0.410589E-03   0.107977E-02   0.654110E-03   0.139322E-02   0.350000E-03
 147   0.637293E-03  -0.150247E-03   0.400848E-02   0.842703E-03   0.200000E-03
 148   0.862078E-03  -0.109616E-02   0.527841E-02   0.289485E-03   0.300000E-03
 149  -0.136465E-03   0.605309E-04   0.607783E-02   0.195242E-02   0.450000E-03
 150  -0.303527E-03  -0.798277E-03   0.749488E-02   0.148194E-02   0.200000E-03
 151   0.228266E-03   0.736984E-03   0.937417E-02   0.162452E-02   0.200000E-03
 152   0.269867E-03   0.742216E-03   0.103698E-01   0.138863E-02   0.200000E-03
 153   0.741587E-03   0.247421E-03   0.111281E-01   0.136070E-02   0.300000E-03
 154   0.118267E-03  -0.156850E-03   0.125747E-01   0.950297E-03   0.400000E-03
 155   0.881174E-03  -0.133307E-03   0.137579E-01   0.884205E-03   0.200000E-03
 156   0.225320E-03  -0.921058E-03   0.147815E-01   0.123217E-02   0.400000E-03
 157   0.223262E-03   0.120648E-03   0.159204E-01   0.139284E-02   0.400000E-03
 158   0.847806E-03  -0.636923E-03   0.173516E-01   0.185009E-02   0.350000E-03
 159   0.446521E-03  -0.141830E-03   0.177477E-01   0.146891E-02   0.200000E-03
 160   0.947177E-03  -0.581869E-03   0.181763E-01   0.164077E-02   0.250000E-03
 161   0.272863E-03   0.185956E-03   0.195733E-01   0.181201E-02   0.250000E-03
 162   0.314116E-03   0.102119E-03   0.209142E-01   0.181729E-02   0.200000E-03
 163   0.211744E-02   0.144293E-02   0.221166E-01   0.109502E-02   0.350000E-03
 164   0.727223E-03  -0.131188E-02   0.227255E-01   0.217300E-02   0.300000E-03
 165   0.150246E-03  -0.870283E-04   0.248159E-01   0.157042E-02   0.250000E-03
 166  -0.382742E-04  -0.150162E-02   0.256197E-01   0.157757E-02   0.250000E-03
 167  -0.922878E-03  -0.533376E-03   0.266044E-01   0.113938E-02   0.400000E-03
 168   0.131187E-02   0.380861E-03   0.285596E-01   0.153728E-02   0.250000E-03
 169   0.626044E-03   0.502286E-03   0.301783E-01   0.172625E-02   0.200000E-03
 170  -0.114210E-03   0.545172E-03   0.307722E-01   0.179238E-02   0.400000E-03
 171  -0.219480E-02   0.290747E-02   0.334904E-01   0.910289E-03   0.300000E-03
 172   0.115536E-03   0.484789E-04   0.341811E-01   0.124565E-02   0.400000E-03
 173   0.164256E-03   0.642325E-03   0.356448E-01   0.118544E-02   0.300000E-03
 174   0.574146E-03  -0.626897E-04   0.368724E-01   0.104149E-02   0.350000E-03
 175   0.547366E-03   0.272167E-05   0.390217E-01   0.888239E-03   0.300000E-03
 176  -0.761133E-03   0.242963E-03   0.400844E-01   0.989732E-03   0.200000E-03
 177  -0.975810E-03   0.510316E-04   0.406024E-01   0.785846E-03   0.300000E-03
 178   0.187470E-02  -0.278076E-03   0.443933E-01   0.143917E-02   0.200000E-03
 179  -0.703100E-04  -0.307529E-02   0.426956E-01   0.195549E-03   0.200000E-03
 180  -0.958502E-03  -0.679943E-03   0.400279E-01   0.753626E-02   0.300000E-03
 181   0.377320E-03  -0.452664E-03   0.200109E-03   0.104430E-02   0.200000E-03
 182  -0.173243E-03  -0.366864E-03   0.136270E-02   0.219149E-02   0.200000E-03
 183   0.100507E-02   0.591185E-03   0.330716E-02   0.295727E-03   0.300000E-03
 184  -0.474108E-03   0.107939E-02   0.528518E-02   0.160580E-02   0.350000E-03
 185  -0.487911E-03   0.991126E-04   0.623387E-02   0.263189E-02   0.250000E-03
 186  -0.128310E-03   0.504793E-03   0.677786E-02   0.186341E-02   0.200000E-03
 187  -0.149968E-03   0.228355E-03   0.787437E-02   0.179451E-02   0.300000E-03
 188   0.175373E-03   0.697342E-03   0.961722E-02   0.200235E-02   0.250000E-03
 189   0.724467E-03   0.244664E-03   0.116623E-01   0.124135E-02   0.250000E-03
 190   0.505534E-03   0.547837E-03   0.119373E-01   0.824134E-03   0.250000E-03
 191   0.452168E-03  -0.258767E-03   0.139788E-01   0.126479E-02   0.250000E-03
 192  -0.202757E-03  -0.380892E-03   0.142676E-01   0.184114E-02   0.400000E-03
 193   0.117947E-02  -0.285864E-03   0.152958E-01   0.170775E-02   0.300000E-03
 194   0.259285E-03   0.232625E-03   0.164911E-01   0.195118E-02   0.400000E-03
 195   0.358489E-03   0.377229E-03   0.179174E-01   0.206830E-02   0.250000E-03
 196   0.855373E-03   0.246177E-03   0.191143E-01   0.151051E-02   0.300000E-03
 197   0.168353E-03  -0.546595E-04   0.199491E-01   0.227815E-02   0.350000E-03
 198   0.272254E-03   0.223223E-03   0.206479E-01   0.223799E-02   0.300000E-03
 199   0.165156E-02   0.354035E-03   0.214729E-01   0.151411E-02   0.300000E-03
 200   0.447848E-03  -0.781280E-03   0.222270E-01   0.215641E-02   0.200000E-03
 201  -0.125787E-02  -0.434789E-04   0.242673E-01   0.158905E-02   0.300000E-03
 202  -0.676428E-03  -0.642244E-03   0.259602E-01   0.121578E-02   0.250000E-03
 203  -0.882916E-03  -0.384619E-03   0.265303E-01   0.182823E-02   0.300000E-03
 204   0.297494E-03   0.135912E-02   0.270764E-01   0.158219E-02   0.250000E-03
 205  -0.997563E-03   0.702447E-04   0.295954E-01   0.160432E-02   0.400000E-03
 206  -0.123116E-02   0.550937E-04   0.322166E-01   0.180269E-02   0.350000E-03
 207   0.488497E-03   0.145441E-02   0.328534E-01   0.130317E-02   0.450000E-03
 208  -0.710365E-03   0.109633E-02   0.335642E-01   0.166726E-02   0.350000E-03
 209   0.441200E-03   0.655603E-03   0.362381E-01   0.125982E-02   0.300000E-03
 210   0.139306E-03   0.545860E-03   0.366441E-01   0.154083E-02   0.200000E-03
 211   0.891354E-03   0.947305E-03   0.370634E-01   0.168785E-02   0.250000E-03
 212  -0.768479E-03  -0.733639E-03   0.400664E-01   0.592221E-03   0.200000E-03
 213  -0.123718E-03   0.688261E-04   0.411259E-01   0.622749E-03   0.250000E-03
 214  -0.120536E-02   0.377476E-03   0.420722E-01   0.554336E-03   0.200000E-03
 215   0.154051E-02  -0.447473E-03   0.441220E-01   0.150069E-03   0.150000E-03
 216  -0.832406E-03  -0.829833E-03   0.216162E-01   0.892089E-02   0.400000E-03
 217   0.404433E-03  -0.341371E-03   0.141145E-01   0.933190E-02   0.350000E-03
 218  -0.105645E-03  -0.174993E-03   0.828750E-03   0.206671E-02   0.350000E-03
 219  -0.178659E-03  -0.289812E-03   0.365617E-02   0.653440E-03   0.200000E-03
 220  -0.274814E-03  -0.143922E-03   0.452876E-02   0.129730E-02   0.400000E-03
 221  -0.856485E-03  -0.881380E-03   0.532162E-02   0.219548E-02   0.250000E-03
 222  -0.229614E-03   0.164207E-03   0.728790E-02   0.206832E-02   0.350000E-03
 223   0.192120E-03   0.863752E-03   0.899931E-02   0.201373E-02   0.350000E-03
 224   0.266310E-03  -0.440386E-03   0.102106E-01   0.191437E-02   0.350000E-03
 225   0.306617E-03   0.641512E-03   0.106983E-01   0.161006E-02   0.200000E-03
 226  -0.208646E-03  -0.291855E-03   0.121471E-01   0.149493E-02   0.300000E-03
 227  -0.365955E-03  -0.478721E-03   0.129847E-01   0.144701E-02   0.250000E-03
 228   0.203087E-03  -0.164106E-03   0.148514E-01   0.177594E-02   0.150000E-03
 229   0.343906E-03   0.283968E-03   0.158485E-01   0.203432E-02   0.250000E-03
 230   0.101147E-02  -0.392991E-05   0.175396E-01   0.246788E-02   0.300000E-03
 231   0.601744E-03  -0.240547E-04   0.183498E-01   0.228249E-02   0.200000E-03
 232   0.401122E-03   0.252052E-03   0.186627E-01   0.190111E-02   0.300000E-03
 233   0.273245E-03   0.315010E-03   0.192024E-01   0.234372E-02   0.400000E-03
 234   0.255613E-03   0.796170E-04   0.213284E-01   0.209660E-02   0.300000E-03
 235   0.518363E-03  -0.116311E-02   0.224134E-01   0.166790E-02   0.300000E-03
 236   0.224390E-03  -0.159090E-02   0.233205E-01   0.215616E-02   0.300000E-03
 237  -0.111357E-02  -0.702866E-03   0.239696E-01   0.216659E-02   0.350000E-03
 238   0.188206E-03  -0.108274E-03   0.252160E-01   0.177561E-02   0.200000E-03
 239  -0.106265E-02  -0.280420E-03   0.266998E-01   0.234676E-02   0.250000E-03
 240   0.999843E-03   0.357415E-03   0.290071E-01   0.151049E-02   0.200000E-03
 241   0.223800E-03   0.231443E-03   0.301980E-01   0.227045E-02   0.350000E-03
 242  -0.469359E-03   0.269661E-03   0.315199E-01   0.174230E-02   0.350000E-03
 243   0.100029E-03   0.622438E-03   0.329413E-01   0.224414E-02   0.500000E-03
 244   0.135944E-03   0.714203E-03   0.354498E-01   0.199221E-02   0.200000E-03
 245  -0.113551E-02   0.140780E-03   0.349331E-01   0.180762E-02   0.350000E-03
 246   0.248246E-03   0.123627E-02   0.365986E-01   0.213739E-02   0.400000E-03
 247  -0.429360E-03   0.233821E-03   0.379927E-01   0.138950E-02   0.350000E-03
 248  -0.154028E-03  -0.118224E-03   0.396166E-01   0.810304E-03   0.300000E-03
 249  -0.697588E-03  -0.184518E-03   0.416428E-01   0.802551E-03   0.300000E-03
 250  -0.443525E-03  -0.268742E-02   0.437311E-01   0.241892E-03   0.250000E-03
 251   0.251129E-03   0.288326E-03   0.446047E-01   0.297422E-02   0.400000E-03
 252  -0.764955E-04   0.976868E-03   0.336664E-01   0.773831E-02   0.350000E-03
 253  -0.272072E-03   0.753150E-04   0.214716E-02   0.743229E-02   0.350000E-03
 254   0.151738E-02  -0.651631E-03   0.135065E-02   0.101559E-02   0.350000E-03
 255   0.323923E-03   0.101439E-02   0.223805E-02   0.987722E-03   0.300000E-03
 256   0.416725E-03  -0.103458E-03   0.474276E-02   0.196349E-02   0.300000E-03
 257  -0.154527E-03   0.131951E-03   0.670739E-02   0.235771E-02   0.300000E-03
 258  -0.152341E-03   0.472719E-03   0.834122E-02   0.224455E-02   0.350000E-03
 259   0.135764E-03   0.113009E-03   0.907281E-02   0.280620E-02   0.450000E-03
 260   0.703138E-04   0.164654E-03   0.989172E-02   0.259105E-02   0.400000E-03
 261  -0.924957E-03   0.242118E-03   0.116376E-01   0.179990E-02   0.300000E-03
 262  -0.283956E-03   0.426049E-03   0.121891E-01   0.214312E-02   0.350000E-03
 263  -0.995539E-04  -0.406104E-03   0.135383E-01   0.167191E-02   0.350000E-03
 264   0.452545E-03  -0.758013E-03   0.148467E-01   0.222406E-02   0.300000E-03
 265   0.258525E-03  -0.653152E-03   0.166043E-01   0.254015E-02   0.200000E-03
 266   0.262424E-03   0.418331E-04   0.170066E-01   0.233810E-02   0.250000E-03
 267   0.630767E-03   0.693450E-03   0.171245E-01   0.282129E-02   0.250000E-03
 268   0.734427E-03   0.313109E-04   0.186249E-01   0.263647E-02   0.250000E-03
 269   0.706694E-03   0.743261E-04   0.190772E-01   0.298146E-02   0.250000E-03
 270   0.182107E-03   0.155640E-03   0.196738E-01   0.292052E-02   0.350000E-03
 271   0.927581E-06  -0.891157E-03   0.218980E-01   0.185290E-02   0.250000E-03
 272   0.268289E-03  -0.151382E-04   0.223313E-01   0.274384E-02   0.400000E-03
 273   0.935274E-03   0.202027E-03   0.235638E-01   0.279973E-02   0.400000E-03
 274   0.481923E-03   0.742579E-03   0.257603E-01   0.204880E-02   0.250000E-03
 275  -0.104539E-02  -0.167448E-03   0.262070E-01   0.226864E-02   0.250000E-03
 276  -0.177489E-03   0.444723E-03   0.274486E-01   0.198065E-02   0.300000E-03
 277  -0.765411E-03  -0.847301E-03   0.294149E-01   0.217527E-02   0.200000E-03
 278  -0.132824E-02   0.184159E-03   0.318392E-01   0.239150E-02   0.350000E-03
 279  -0.217398E-03   0.843343E-03   0.323503E-01   0.269850E-02   0.250000E-03
 280  -0.239460E-03  -0.751954E-04   0.342983E-01   0.193769E-02   0.300000E-03
 281   0.205444E-03   0.329153E-03   0.358781E-01   0.173507E-02   0.300000E-03
 282   0.109097E-02   0.533841E-03   0.375443E-01   0.179997E-02   0.250000E-03
 283   0.129234E-04   0.621494E-03   0.385021E-01   0.161252E-02   0.200000E-03
 284   0.702492E-03  -0.150548E-03   0.385471E-01   0.116484E-02   0.250000E-03
 285  -0.513171E-03  -0.246093E-03   0.410912E-01   0.121624E-02   0.350000E-03
 286   0.124094E-02   0.687735E-03   0.432166E-01   0.891934E-03   0.300000E-03
 287  -0.196558E-03   0.170626E-02   0.428394E-01   0.121662E-02   0.200000E-03
 288  -0.775100E-03  -0.756984E-03   0.593361E-02   0.799124E-02   0.350000E-03
 289  -0.910316E-04   0.578680E-03   0.246863E-03   0.232590E-02   0.250000E-03
 290   0.536437E-03  -0.126521E-02   0.183808E-02   0.143477E-02   0.300000E-03
 291  -0.460979E-03  -0.738820E-03   0.250295E-02   0.163267E-02   0.400000E-03
 292   0.790529E-03  -0.653037E-03   0.313210E-02   0.151775E-02   0.250000E-03
 293  -0.163786E-03  -0.531355E-04   0.569089E-02   0.259300E-02   0.300000E-03
 294  -0.165470E-03   0.222802E-03   0.824344E-02   0.298397E-02   0.400000E-03
 295   0.285646E-03   0.262154E-03   0.969378E-02   0.338187E-02   0.400000E-03
 296   0.544260E-03  -0.325011E-03   0.111016E-01   0.190781E-02   0.250000E-03
 297   0.419231E-04  -0.379635E-03   0.107067E-01   0.195608E-02   0.150000E-03
 298  -0.236415E-03  -0.502205E-03   0.126049E-01   0.168737E-02   0.200000E-03
 299  -0.449956E-03  -0.527307E-03   0.138537E-01   0.233732E-02   0.250000E-03
 300   0.570865E-03  -0.229787E-02   0.149077E-01   0.271587E-02   0.200000E-03
 301   0.136110E-02  -0.443161E-03   0.154208E-01   0.236743E-02   0.300000E-03
 302   0.801069E-03   0.366716E-03   0.170414E-01   0.336066E-02   0.300000E-03
 303   0.727449E-03  -0.106296E-04   0.180308E-01   0.251403E-02   0.200000E-03
 304   0.533174E-03   0.101426E-03   0.182165E-01   0.292129E-02   0.250000E-03
 305   0.326365E-03  -0.409758E-04   0.193818E-01   0.332422E-02   0.150000E-03
 306   0.640565E-03   0.358922E-03   0.203799E-01   0.282569E-02   0.350000E-03
 307  -0.100750E-03  -0.962847E-04   0.218178E-01   0.234570E-02   0.250000E-03
 308   0.230384E-03  -0.102084E-03   0.227227E-01   0.337939E-02   0.350000E-03
 309   0.308758E-03   0.708737E-03   0.245264E-01   0.266005E-02   0.400000E-03
 310   0.273160E-03   0.155349E-03   0.251024E-01   0.226241E-02   0.300000E-03
 311  -0.189586E-03   0.200789E-03   0.272429E-01   0.259151E-02   0.350000E-03
 312   0.103447E-02   0.493076E-03   0.280919E-01   0.190717E-02   0.350000E-03
 313   0.172429E-03   0.254974E-03   0.296686E-01   0.254220E-02   0.250000E-03
 314  -0.324774E-03   0.455454E-03   0.311954E-01   0.234773E-02   0.300000E-03
 315  -0.361923E-03   0.471702E-03   0.334263E-01   0.287460E-02   0.300000E-03
 316  -0.539383E-03   0.527948E-03   0.337850E-01   0.233498E-02   0.350000E-03
 317  -0.956979E-03   0.122308E-02   0.350692E-01   0.254291E-02   0.400000E-03
 318   0.729439E-03   0.121146E-02   0.358575E-01   0.242988E-02   0.400000E-03
 319  -0.813841E-03  -0.107295E-02   0.389648E-01   0.143477E-02   0.250000E-03
 320   0.262222E-03  -0.877365E-03   0.398264E-01   0.141620E-02   0.300000E-03
 321  -0.123518E-02   0.359404E-03   0.404246E-01   0.135144E-02   0.300000E-03
 322  -0.885149E-03   0.558834E-03   0.425881E-01   0.730899E-03   0.350000E-03
 323   0.777552E-03   0.299944E-03   0.439563E-01   0.211118E-02   0.350000E-03
 324  -0.860068E-03  -0.470051E-03   0.396076E-01   0.718161E-02   0.250000E-03
 325  -0.540052E-03   0.160921E-03   0.153071E-02   0.763776E-02   0.300000E-03
 326   0.627383E-03  -0.358676E-04   0.121711E-02   0.160034E-02   0.250000E-03
 327  -0.621314E-03  -0.105795E-02   0.203022E-02   0.221256E-02   0.350000E-03
 328   0.261305E-03  -0.467303E-03   0.379587E-02   0.169850E-02   0.450000E-03
 329  -0.400908E-03  -0.161913E-03   0.658554E-02   0.316850E-02   0.400000E-03
 330   0.108535E-04   0.885494E-04   0.721541E-02   0.276219E-02   0.350000E-03
 331   0.259205E-03   0.703015E-03   0.776937E-02   0.242601E-02   0.250000E-03
 332   0.481437E-03   0.338296E-03   0.108113E-01   0.254158E-02   0.450000E-03
 333  -0.101776E-02  -0.890058E-03   0.115842E-01   0.239600E-02   0.300000E-03
 334  -0.618282E-03  -0.658667E-03   0.129708E-01   0.194397E-02   0.250000E-03
 335  -0.211228E-03  -0.359950E-03   0.133664E-01   0.224678E-02   0.250000E-03
 336   0.369122E-03  -0.361857E-04   0.143537E-01   0.256597E-02   0.300000E-03
 337   0.180478E-03  -0.186901E-03   0.160759E-01   0.253232E-02   0.300000E-03
 338   0.499685E-03   0.278506E-04   0.166564E-01   0.374414E-02   0.250000E-03
 339   0.962656E-03   0.380675E-03   0.176483E-01   0.311375E-02   0.350000E-03
 340  -0.309391E-03   0.237498E-03   0.189793E-01   0.352273E-02   0.300000E-03
 341   0.739991E-03   0.367249E-03   0.201006E-01   0.340729E-02   0.300000E-03
 342   0.925154E-04  -0.512605E-03   0.206097E-01   0.332302E-02   0.200000E-03
 343  -0.266822E-03   0.805405E-04   0.216430E-01   0.286579E-02   0.300000E-03
 344   0.503315E-03   0.179402E-04   0.238386E-01   0.337562E-02   0.250000E-03
 345   0.796006E-03   0.780541E-03   0.251317E-01   0.300665E-02   0.300000E-03
 346   0.843878E-03   0.247229E-03   0.256595E-01   0.263712E-02   0.350000E-03
 347  -0.100836E-02  -0.425137E-03   0.263603E-01   0.289808E-02   0.400000E-03
 348   0.904377E-03  -0.324440E-03   0.289469E-01   0.200428E-02   0.300000E-03
 349   0.473486E-04   0.417018E-03   0.300682E-01   0.285107E-02   0.250000E-03
 350  -0.103926E-03   0.491964E-03   0.320694E-01   0.316765E-02   0.300000E-03
 351  -0.196671E-03   0.539875E-03   0.328115E-01   0.308086E-02   0.350000E-03
 352  -0.858182E-03   0.885937E-03   0.344997E-01   0.309713E-02   0.400000E-03
 353   0.571834E-03   0.122053E-03   0.358955E-01   0.302382E-02   0.200000E-03
 354  -0.127808E-03   0.107322E-02   0.372448E-01   0.219965E-02   0.250000E-03
 355  -0.508265E-03  -0.373461E-03   0.380373E-01   0.203562E-02   0.300000E-03
 356   0.623499E-04  -0.680467E-03   0.393732E-01   0.161992E-02   0.200000E-03
 357  -0.620383E-03   0.204734E-03   0.408165E-01   0.179944E-02   0.300000E-03
 358  -0.653667E-03  -0.301321E-03   0.416733E-01   0.134790E-02   0.250000E-03
 359   0.939999E-03   0.142837E-02   0.442643E-01   0.531405E-02   0.250000E-03
 360  -0.560052E-03  -0.961710E-03   0.448001E-01   0.418069E-02   0.200000E-03
 361   0.171541E-03   0.467053E-03   0.684632E-03   0.279959E-02   0.400000E-03
 362  -0.138000E-03   0.466767E-03   0.148268E-02   0.277706E-02   0.400000E-03
 363  -0.251853E-04   0.739868E-03   0.311810E-02   0.201722E-02   0.250000E-03
 364  -0.144294E-02  -0.499468E-03   0.490656E-02   0.254900E-02   0.300000E-03
 365  -0.956638E-04  -0.736978E-04   0.588683E-02   0.315549E-02   0.300000E-03
 366  -0.330862E-03  -0.336356E-03   0.616230E-02   0.372226E-02   0.300000E-03
 367  -0.272926E-03   0.186112E-03   0.871991E-02   0.334687E-02   0.200000E-03
 368   0.465286E-03   0.445657E-03   0.103422E-01   0.312185E-02   0.300000E-03
 369  -0.555379E-03   0.104039E-03   0.118542E-01   0.298583E-02   0.350000E-03
 370  -0.876018E-03  -0.149594E-04   0.128041E-01   0.256958E-02   0.400000E-03
 371  -0.516046E-03  -0.186612E-03   0.137378E-01   0.287131E-02   0.300000E-03
 372   0.680412E-03   0.245447E-03   0.150242E-01   0.329969E-02   0.400000E-03
 373   0.110339E-02  -0.980215E-03   0.156235E-01   0.292512E-02   0.300000E-03
 374   0.379932E-03  -0.158339E-03   0.163696E-01   0.316533E-02   0.400000E-03
 375   0.540109E-03   0.164542E-03   0.175176E-01   0.393410E-02   0.450000E-03
 376   0.726087E-03   0.822505E-04   0.186397E-01   0.308515E-02   0.200000E-03
 377   0.675120E-03   0.452619E-03   0.195737E-01   0.378501E-02   0.350000E-03
 378   0.354006E-03   0.336404E-03   0.210858E-01   0.264655E-02   0.300000E-03
 379   0.448640E-03  -0.554318E-03   0.211583E-01   0.329772E-02   0.350000E-03
 380   0.365398E-03  -0.659170E-04   0.219947E-01   0.341127E-02   0.350000E-03
 381   0.469896E-03  -0.351995E-03   0.244321E-01   0.340246E-02   0.350000E-03
 382  -0.375085E-03   0.647213E-03   0.267141E-01   0.349260E-02   0.300000E-03
 383   0.991592E-03  -0.307701E-04   0.278243E-01   0.244385E-02   0.250000E-03
 384   0.518543E-03  -0.104644E-04   0.285059E-01   0.240239E-02   0.300000E-03
 385  -0.152066E-03   0.259361E-04   0.291200E-01   0.257876E-02   0.300000E-03
 386  -0.161289E-03   0.399685E-03   0.306985E-01   0.267866E-02   0.300000E-03
 387  -0.318309E-03   0.556693E-03   0.324637E-01   0.367964E-02   0.350000E-03
 388  -0.600963E-03   0.119083E-02   0.354253E-01   0.345918E-02   0.450000E-03
 389  -0.642043E-04  -0.567150E-05   0.360743E-01   0.337900E-02   0.200000E-03
 390   0.256632E-03   0.191386E-03   0.364850E-01   0.292579E-02   0.400000E-03
 391  -0.823674E-03   0.598406E-03   0.376889E-01   0.252131E-02   0.300000E-03
 392  -0.603579E-03  -0.164626E-03   0.390468E-01   0.192670E-02   0.250000E-03
 393   0.293240E-03  -0.174363E-03   0.396160E-01   0.211161E-02   0.350000E-03
 394  -0.196229E-03  -0.374482E-03   0.422154E-01   0.126254E-02   0.300000E-03
 395   0.664641E-03  -0.126548E-03   0.438968E-01   0.146672E-02   0.300000E-03
 396   0.437976E-03   0.157172E-03   0.444096E-01   0.241331E-02   0.200000E-03
 397  -0.225465E-03   0.419105E-04   0.972781E-03   0.354314E-02   0.400000E-03
 398   0.211258E-03  -0.737907E-03   0.266849E-02   0.233346E-02   0.300000E-03
 399  -0.249409E-03   0.915933E-03   0.352335E-02   0.238876E-02   0.300000E-03
 400   0.701742E-03  -0.243379E-03   0.422167E-02   0.243068E-02   0.400000E-03
 401  -0.814043E-03  -0.122113E-04   0.573513E-02   0.397997E-02   0.200000E-03
 402   0.178829E-03   0.895580E-05   0.726936E-02   0.345765E-02   0.350000E-03
 403  -0.327220E-03   0.417876E-03   0.852330E-02   0.374741E-02   0.250000E-03
 404  -0.214303E-03   0.270715E-03   0.907095E-02   0.370132E-02   0.300000E-03
 405  -0.978662E-03  -0.430846E-04   0.119689E-01   0.352709E-02   0.200000E-03
 406  -0.986035E-03  -0.525026E-04   0.125279E-01   0.331332E-02   0.400000E-03
 407  -0.859024E-03  -0.423627E-04   0.132049E-01   0.314287E-02   0.300000E-03
 408   0.145345E-03   0.288699E-03   0.142286E-01   0.336864E-02   0.400000E-03
 409   0.115038E-02   0.472500E-03   0.157245E-01   0.356025E-02   0.350000E-03
 410   0.553722E-03  -0.147814E-03   0.161832E-01   0.401537E-02   0.300000E-03
 411   0.354113E-03  -0.597085E-04   0.167182E-01   0.428499E-02   0.300000E-03
 412   0.638931E-03   0.172606E-03   0.182817E-01   0.356528E-02   0.400000E-03
 413   0.561605E-03   0.211236E-03   0.202581E-01   0.398226E-02   0.300000E-03
 414   0.185156E-03  -0.346778E-03   0.207596E-01   0.374584E-02   0.250000E-03
 415   0.270450E-03  -0.144265E-03   0.208215E-01   0.439212E-02   0.400000E-03
 416   0.304203E-03  -0.255370E-03   0.223891E-01   0.404845E-02   0.400000E-03
 417   0.308799E-03   0.714041E-05   0.233355E-01   0.358768E-02   0.300000E-03
 418   0.791784E-03  -0.725982E-04   0.250797E-01   0.365181E-02   0.350000E-03
 419  -0.749823E-04   0.176077E-03   0.277399E-01   0.307623E-02   0.350000E-03
 420   0.437213E-03  -0.846847E-04   0.283098E-01   0.290830E-02   0.250000E-03
 421  -0.453593E-05   0.313205E-03   0.295388E-01   0.312244E-02   0.350000E-03
 422  -0.289976E-03   0.516627E-03   0.313256E-01   0.308582E-02   0.450000E-03
 423  -0.581385E-03   0.802343E-03   0.338139E-01   0.338874E-02   0.350000E-03
 424  -0.787026E-03   0.107207E-02   0.347386E-01   0.375232E-02   0.300000E-03
 425   0.758741E-04  -0.546674E-04   0.369982E-01   0.339855E-02   0.300000E-03
 426   0.283713E-04   0.142273E-03   0.371765E-01   0.282654E-02   0.300000E-03
 427   0.194646E-04  -0.730967E-04   0.380405E-01   0.312549E-02   0.300000E-03
 428  -0.858355E-03  -0.269311E-03   0.385805E-01   0.210107E-02   0.250000E-03
 429  -0.926392E-03   0.220993E-03   0.402309E-01   0.191407E-02   0.300000E-03
 430  -0.326956E-03   0.488428E-03   0.419322E-01   0.188378E-02   0.350000E-03
 431   0.301687E-03   0.269384E-03   0.426730E-01   0.179062E-02   0.400000E-03
 432   0.100312E-02  -0.985004E-04   0.432998E-01   0.148304E-02   0.300000E-03
 433  -0.102943E-03   0.431441E-03   0.347536E-03   0.401872E-02   0.350000E-03
 434   0.795204E-04  -0.727939E-03   0.160002E-02   0.187138E-02   0.200000E-03
 435  -0.239659E-03   0.719666E-03   0.316205E-02   0.291996E-02   0.350000E-03
 436  -0.644135E-03   0.346850E-03   0.527769E-02   0.295110E-02   0.250000E-03
 437  -0.634039E-03   0.562996E-03   0.565191E-02   0.359242E-02   0.200000E-03
 438  -0.333966E-03   0.369980E-03   0.674919E-02   0.384632E-02   0.300000E-03
 439  -0.625928E-04   0.379193E-03   0.793289E-02   0.366157E-02   0.350000E-03
 440   0.809478E-04   0.378766E-03   0.108830E-01   0.377636E-02   0.200000E-03
 441   0.243668E-03   0.281731E-03   0.109197E-01   0.328047E-02   0.300000E-03
 442  -0.458836E-03  -0.243580E-04   0.130888E-01   0.373187E-02   0.300000E-03
 443  -0.159138E-04   0.333817E-03   0.135984E-01   0.352568E-02   0.250000E-03
 444   0.505948E-03   0.172803E-03   0.152211E-01   0.396803E-02   0.300000E-03
 445   0.392360E-03  -0.102696E-03   0.156741E-01   0.449425E-02   0.400000E-03
 446   0.515899E-03  -0.464436E-04   0.162722E-01   0.450226E-02   0.200000E-03
 447   0.517803E-03   0.945495E-04   0.172133E-01   0.461733E-02   0.300000E-03
 448   0.570416E-03   0.318544E-03   0.183049E-01   0.446233E-02   0.500000E-03
 449   0.689779E-03   0.190134E-03   0.191984E-01   0.443185E-02   0.400000E-03
 450   0.459079E-03   0.301727E-03   0.198932E-01   0.445555E-02   0.300000E-03
 451   0.607721E-03  -0.355181E-03   0.214970E-01   0.396651E-02   0.400000E-03
 452   0.537711E-03  -0.500078E-03   0.218882E-01   0.460422E-02   0.350000E-03
 453   0.419666E-03   0.270609E-03   0.239904E-01   0.395146E-02   0.350000E-03
 454   0.704405E-03   0.199393E-03   0.257036E-01   0.333528E-02   0.350000E-03
 455   0.132667E-03  -0.132030E-03   0.269409E-01   0.304880E-02   0.200000E-03
 456   0.799297E-03   0.203113E-03   0.288446E-01   0.316870E-02   0.350000E-03
 457  -0.175083E-03   0.249376E-03   0.304636E-01   0.322675E-02   0.300000E-03
 458  -0.628245E-04   0.868724E-03   0.306974E-01   0.382249E-02   0.350000E-03
 459   0.164305E-03   0.607829E-03   0.317717E-01   0.375425E-02   0.350000E-03
 460  -0.588295E-03   0.115965E-02   0.341993E-01   0.384692E-02   0.250000E-03
 461   0.300918E-03   0.148169E-03   0.364780E-01   0.357364E-02   0.250000E-03
 462   0.935966E-03   0.183908E-02   0.376573E-01   0.428519E-02   0.300000E-03
 463  -0.201692E-03   0.442090E-03   0.382836E-01   0.257956E-02   0.300000E-03
 464  -0.187712E-03   0.340292E-03   0.390237E-01   0.263926E-02   0.450000E-03
 465  -0.772580E-03   0.354516E-03   0.407091E-01   0.238562E-02   0.300000E-03
 466  -0.691967E-03   0.463260E-03   0.411680E-01   0.257992E-02   0.200000E-03
 467   0.795369E-03   0.290413E-03   0.435631E-01   0.256053E-02   0.250000E-03
 468   0.142148E-03   0.507144E-03   0.435810E-01   0.383338E-02   0.350000E-03
 469  -0.178414E-03   0.232008E-03   0.105404E-02   0.438758E-02   0.450000E-03
 470  -0.182106E-03   0.290939E-03   0.217823E-02   0.284386E-02   0.300000E-03
 471   0.229462E-03   0.758094E-03   0.387506E-02   0.314841E-02   0.400000E-03
 472  -0.949767E-03  -0.619535E-04   0.456696E-02   0.304317E-02   0.300000E-03
 473  -0.756283E-03   0.501810E-03   0.505398E-02   0.355694E-02   0.400000E-03
 474   0.695179E-04   0.394287E-03   0.745541E-02   0.402158E-02   0.250000E-03
 475  -0.729713E-04   0.287702E-03   0.809473E-02   0.434101E-02   0.350000E-03
 476   0.164851E-03   0.618987E-03   0.954891E-02   0.406284E-02   0.300000E-03
 477   0.497692E-03   0.174664E-03   0.113053E-01   0.296246E-02   0.200000E-03
 478  -0.988905E-03  -0.218687E-03   0.122481E-01   0.400065E-02   0.350000E-03
 479   0.997614E-04   0.255415E-03   0.142008E-01   0.401555E-02   0.250000E-03
 480   0.619242E-03   0.155972E-03   0.146708E-01   0.384489E-02   0.250000E-03
 481   0.506884E-03   0.424048E-04   0.148058E-01   0.432635E-02   0.250000E-03
 482   0.642919E-03   0.884071E-04   0.162669E-01   0.509600E-02   0.400000E-03
 483   0.791894E-03  -0.190082E-03   0.169637E-01   0.516277E-02   0.300000E-03
 484   0.602391E-03   0.306481E-03   0.185770E-01   0.521129E-02   0.300000E-03
 485   0.835638E-03   0.528780E-03   0.195749E-01   0.507870E-02   0.350000E-03
 486   0.506256E-03   0.321867E-03   0.202272E-01   0.495173E-02   0.300000E-03
 487   0.524794E-04  -0.314043E-03   0.212948E-01   0.496952E-02   0.350000E-03
 488   0.658869E-03  -0.799747E-04   0.218134E-01   0.514837E-02   0.200000E-03
 489   0.464710E-03   0.266551E-03   0.245880E-01   0.399310E-02   0.250000E-03
 490  -0.394439E-04   0.282093E-03   0.272500E-01   0.340400E-02   0.250000E-03
 491  -0.117929E-03   0.455214E-03   0.282642E-01   0.345916E-02   0.300000E-03
 492   0.104689E-03   0.569985E-04   0.292422E-01   0.380236E-02   0.400000E-03
 493   0.861120E-04   0.102761E-03   0.299879E-01   0.359206E-02   0.300000E-03
 494  -0.253775E-03   0.800502E-03   0.312302E-01   0.372717E-02   0.200000E-03
 495  -0.301526E-03   0.805929E-03   0.328878E-01   0.402372E-02   0.200000E-03
 496  -0.210733E-03   0.860261E-03   0.359454E-01   0.419664E-02   0.350000E-03
 497  -0.316798E-04   0.486764E-03   0.361094E-01   0.372566E-02   0.150000E-03
 498  -0.235759E-03   0.631180E-04   0.373726E-01   0.381521E-02   0.250000E-03
 499  -0.173420E-03  -0.261970E-04   0.375419E-01   0.334669E-02   0.250000E-03
 500  -0.102233E-02   0.385981E-04   0.394038E-01   0.310321E-02   0.150000E-03
 501  -0.787829E-03   0.352483E-03   0.401660E-01   0.245917E-02   0.250000E-03
 502  -0.560094E-03   0.382288E-03   0.413257E-01   0.210982E-02   0.300000E-03
 503   0.832162E-03   0.401199E-03   0.429684E-01   0.263240E-02   0.350000E-03
 504   0.950744E-03   0.450873E-03   0.433084E-01   0.207916E-02   0.300000E-03
 505  -0.558905E-04   0.446063E-04   0.165095E-02   0.385629E-02   0.350000E-03
 506  -0.172991E-03   0.306835E-03   0.186778E-02   0.329760E-02   0.250000E-03
 507   0.651375E-05   0.363568E-03   0.332675E-02   0.349673E-02   0.250000E-03
 508  -0.180961E-03   0.405738E-03   0.436221E-02   0.364915E-02   0.300000E-03
 509  -0.311452E-03   0.188865E-03   0.608051E-02   0.426554E-02   0.250000E-03
 510   0.156126E-04   0.212857E-03   0.748634E-02   0.456268E-02   0.300000E-03
 511  -0.381673E-03   0.348881E-03   0.876204E-02   0.423916E-02   0.300000E-03
 512   0.233100E-03   0.380123E-03   0.103354E-01   0.376753E-02   0.350000E-03
 513  -0.443321E-03  -0.431321E-04   0.114706E-01   0.350967E-02   0.300000E-03
 514  -0.313761E-03   0.159567E-03   0.128758E-01   0.440472E-02   0.400000E-03
 515  -0.435539E-04  -0.410428E-03   0.136108E-01   0.412488E-02   0.350000E-03
 516   0.168768E-03   0.243027E-03   0.142798E-01   0.460796E-02   0.350000E-03
 517  -0.128648E-03  -0.341121E-03   0.151290E-01   0.456137E-02   0.150000E-03
 518   0.334501E-03   0.413453E-04   0.154864E-01   0.526591E-02   0.400000E-03
 519   0.733983E-03   0.179062E-03   0.176917E-01   0.504630E-02   0.350000E-03
 520   0.113326E-02   0.578109E-03   0.190917E-01   0.551343E-02   0.300000E-03
 521   0.574789E-03   0.235323E-03   0.200767E-01   0.563433E-02   0.400000E-03
 522   0.800254E-03   0.606531E-03   0.206601E-01   0.528776E-02   0.250000E-03
 523   0.706553E-03  -0.284961E-03   0.217934E-01   0.559658E-02   0.250000E-03
 524   0.311097E-03  -0.206477E-03   0.230837E-01   0.412933E-02   0.300000E-03
 525   0.538168E-03   0.153586E-03   0.251319E-01   0.439946E-02   0.400000E-03
 526   0.826057E-03   0.702539E-04   0.255966E-01   0.394872E-02   0.250000E-03
 527   0.377826E-03  -0.210077E-02   0.277265E-01   0.372585E-02   0.300000E-03
 528   0.262377E-03   0.687053E-03   0.291247E-01   0.454252E-02   0.350000E-03
 529   0.370316E-03   0.141011E-03   0.304585E-01   0.441642E-02   0.300000E-03
 530  -0.550449E-03   0.760489E-03   0.321562E-01   0.407373E-02   0.150000E-03
 531   0.155614E-02   0.173555E-02   0.330522E-01   0.357519E-02   0.200000E-03
 532  -0.756546E-03   0.956900E-03   0.352008E-01   0.427742E-02   0.400000E-03
 533   0.140205E-03  -0.928986E-04   0.368474E-01   0.397734E-02   0.300000E-03
 534  -0.104172E-02   0.167652E-02   0.382374E-01   0.443823E-02   0.300000E-03
 535  -0.910996E-03   0.123049E-03   0.379223E-01   0.374346E-02   0.300000E-03
 536  -0.274913E-03   0.563138E-03   0.387029E-01   0.314274E-02   0.150000E-03
 537  -0.120750E-02   0.431047E-03   0.404459E-01   0.274400E-02   0.150000E-03
 538  -0.408626E-03   0.388227E-03   0.417682E-01   0.251093E-02   0.300000E-03
 539   0.295883E-03   0.265670E-03   0.423582E-01   0.241178E-02   0.300000E-03
 540   0.103449E-02   0.389959E-03   0.439694E-01   0.284464E-02   0.250000E-03
 541  -0.382822E-03  -0.462015E-03   0.472771E-02   0.855036E-02   0.300000E-03
 542  -0.141477E-03   0.507582E-03   0.257808E-02   0.353223E-02   0.500000E-03
 543   0.286653E-03   0.135989E-03   0.375942E-02   0.383615E-02   0.300000E-03
 544   0.171972E-04  -0.960059E-04   0.419535E-02   0.417133E-02   0.250000E-03
 545  -0.874325E-03  -0.483166E-04   0.531917E-02   0.414763E-02   0.250000E-03
 546  -0.198188E-03  -0.142121E-03   0.858432E-02   0.496694E-02   0.450000E-03
 547   0.109548E-03   0.725936E-03   0.925259E-02   0.458286E-02   0.300000E-03
 548  -0.359173E-03  -0.487082E-03   0.976782E-02   0.450870E-02   0.200000E-03
 549  -0.467472E-04  -0.147921E-03   0.110800E-01   0.434001E-02   0.400000E-03
 550  -0.457457E-03   0.780886E-04   0.116495E-01   0.402772E-02   0.250000E-03
 551  -0.137222E-03   0.211497E-03   0.135455E-01   0.492192E-02   0.450000E-03
 552   0.353506E-03   0.257807E-03   0.142464E-01   0.530435E-02   0.350000E-03
 553  -0.429965E-03  -0.157137E-03   0.148356E-01   0.483315E-02   0.250000E-03
 554   0.226131E-03   0.186210E-03   0.151029E-01   0.578460E-02   0.250000E-03
 555   0.600348E-03   0.109134E-03   0.160233E-01   0.585629E-02   0.400000E-03
 556   0.766692E-03   0.256397E-03   0.180895E-01   0.555696E-02   0.300000E-03
 557   0.740470E-03   0.344472E-03   0.188323E-01   0.484130E-02   0.150000E-03
 558   0.190605E-03  -0.249983E-04   0.211574E-01   0.570384E-02   0.400000E-03
 559   0.477791E-03   0.299106E-03   0.225706E-01   0.467209E-02   0.250000E-03
 560   0.422306E-03   0.381027E-03   0.236609E-01   0.444718E-02   0.250000E-03
 561   0.576628E-03  -0.481186E-03   0.258810E-01   0.447509E-02   0.350000E-03
 562   0.130173E-03  -0.198593E-03   0.261825E-01   0.384555E-02   0.350000E-03
 563  -0.127806E-03   0.398082E-03   0.285102E-01   0.411338E-02   0.400000E-03
 564  -0.206881E-03  -0.112662E-03   0.285261E-01   0.481312E-02   0.300000E-03
 565   0.556459E-03   0.363431E-03   0.298355E-01   0.425335E-02   0.350000E-03
 566  -0.182455E-04   0.809246E-03   0.312722E-01   0.437840E-02   0.450000E-03
 567  -0.125784E-02   0.143688E-02   0.332638E-01   0.329393E-02   0.150000E-03
 568  -0.589856E-03   0.103738E-02   0.338549E-01   0.383438E-02   0.100000E-03
 569   0.335494E-03   0.211293E-03   0.369879E-01   0.450617E-02   0.250000E-03
 570   0.569458E-03   0.692014E-04   0.378151E-01   0.486303E-02   0.300000E-03
 571   0.675516E-04  -0.344892E-04   0.384821E-01   0.352850E-02   0.300000E-03
 572  -0.101846E-02   0.158275E-04   0.390693E-01   0.340324E-02   0.300000E-03
 573  -0.585962E-03   0.373004E-03   0.397487E-01   0.281493E-02   0.300000E-03
 574  -0.674936E-03   0.538028E-03   0.414239E-01   0.322844E-02   0.500000E-03
 575  -0.600839E-04   0.704633E-03   0.421401E-01   0.291430E-02   0.250000E-03
 576   0.892912E-03  -0.210843E-03   0.444195E-01   0.385665E-02   0.300000E-03
 577  -0.834505E-04   0.433362E-03   0.300140E-03   0.466511E-02   0.300000E-03
 578  -0.171241E-03  -0.761582E-04   0.261325E-02   0.437559E-02   0.350000E-03
 579  -0.669970E-03  -0.259622E-03   0.476490E-02   0.436909E-02   0.350000E-03
 580  -0.799573E-03   0.814564E-04   0.543507E-02   0.463247E-02   0.250000E-03
 581  -0.714531E-05   0.694276E-03   0.707805E-02   0.415330E-02   0.150000E-03
 582   0.644846E-04   0.116533E-03   0.793989E-02   0.486852E-02   0.200000E-03
 583   0.184733E-04   0.174381E-03   0.995095E-02   0.491667E-02   0.250000E-03
 584   0.235089E-03  -0.874124E-04   0.103428E-01   0.446476E-02   0.350000E-03
 585   0.568146E-04  -0.242083E-03   0.107113E-01   0.517217E-02   0.450000E-03
 586  -0.653544E-03  -0.537198E-03   0.118742E-01   0.452880E-02   0.300000E-03
 587   0.333064E-03  -0.230983E-03   0.123471E-01   0.468672E-02   0.200000E-03
 588  -0.227627E-03  -0.198376E-03   0.136726E-01   0.555897E-02   0.200000E-03
 589   0.396927E-03   0.772236E-04   0.148435E-01   0.535659E-02   0.250000E-03
 590   0.109398E-03   0.232337E-03   0.154596E-01   0.605815E-02   0.200000E-03
 591   0.845717E-03  -0.986766E-04   0.173755E-01   0.554985E-02   0.250000E-03
 592   0.709636E-03   0.233593E-03   0.181328E-01   0.615273E-02   0.300000E-03
 593   0.423190E-03  -0.531531E-04   0.194646E-01   0.597997E-02   0.300000E-03
 594   0.843832E-04  -0.142029E-04   0.205860E-01   0.618386E-02   0.350000E-03
 595   0.790039E-03  -0.512727E-04   0.222015E-01   0.505432E-02   0.200000E-03
 596   0.410946E-03   0.380444E-03   0.231618E-01   0.477342E-02   0.350000E-03
 597   0.451050E-03   0.230961E-03   0.243609E-01   0.460053E-02   0.400000E-03
 598   0.480436E-03   0.547246E-03   0.265788E-01   0.441843E-02   0.350000E-03
 599   0.724790E-04   0.882204E-03   0.271300E-01   0.398781E-02   0.350000E-03
 600   0.652187E-03   0.703868E-03   0.298688E-01   0.489994E-02   0.300000E-03
 601   0.547757E-03   0.591070E-03   0.304975E-01   0.505510E-02   0.350000E-03
 602   0.189626E-05   0.779414E-03   0.309718E-01   0.489742E-02   0.150000E-03
 603  -0.435181E-03   0.515066E-03   0.330377E-01   0.455099E-02   0.350000E-03
 604  -0.683536E-03   0.877980E-03   0.334325E-01   0.397310E-02   0.350000E-03
 605  -0.523079E-03   0.401947E-03   0.364059E-01   0.478493E-02   0.400000E-03
 606  -0.643887E-03  -0.298097E-03   0.385065E-01   0.514734E-02   0.450000E-03
 607   0.183824E-03   0.412118E-03   0.386273E-01   0.405345E-02   0.250000E-03
 608  -0.116711E-02  -0.155235E-03   0.396700E-01   0.346547E-02   0.300000E-03
 609  -0.894104E-03   0.921007E-04   0.402669E-01   0.320504E-02   0.350000E-03
 610  -0.533970E-03   0.526076E-03   0.408931E-01   0.279569E-02   0.150000E-03
 611  -0.947072E-04   0.427412E-03   0.428115E-01   0.362350E-02   0.450000E-03
 612   0.940573E-03  -0.145015E-03   0.434472E-01   0.314474E-02   0.350000E-03
 613  -0.329896E-03  -0.310695E-03   0.104216E-01   0.863386E-02   0.350000E-03
 614  -0.172060E-03  -0.223418E-03   0.313619E-02   0.453683E-02   0.200000E-03
 615   0.423200E-03  -0.465579E-03   0.368077E-02   0.447911E-02   0.350000E-03
 616  -0.954168E-03   0.277744E-03   0.568591E-02   0.432415E-02   0.150000E-03
 617  -0.351093E-03   0.228945E-03   0.663685E-02   0.448350E-02   0.350000E-03
 618  -0.507428E-03   0.194367E-03   0.811549E-02   0.555049E-02   0.300000E-03
 619   0.344128E-04  -0.791000E-04   0.930206E-02   0.517871E-02   0.300000E-03
 620  -0.160123E-03  -0.865191E-04   0.988345E-02   0.556041E-02   0.400000E-03
 621  -0.594990E-03   0.157821E-04   0.114013E-01   0.535741E-02   0.250000E-03
 622  -0.611390E-03  -0.705505E-03   0.114482E-01   0.486818E-02   0.250000E-03
 623   0.458408E-04  -0.615647E-03   0.126751E-01   0.512718E-02   0.350000E-03
 624   0.232813E-03   0.212570E-03   0.139967E-01   0.579311E-02   0.200000E-03
 625   0.318242E-03   0.147409E-03   0.145250E-01   0.594072E-02   0.350000E-03
 626   0.137832E-04  -0.262610E-03   0.166396E-01   0.549641E-02   0.150000E-03
 627   0.621641E-03   0.636975E-04   0.169437E-01   0.566335E-02   0.200000E-03
 628   0.846557E-03  -0.357125E-03   0.175386E-01   0.607059E-02   0.300000E-03
 629   0.108220E-02   0.205319E-03   0.187524E-01   0.656817E-02   0.450000E-03
 630   0.803873E-03   0.159962E-03   0.218033E-01   0.614631E-02   0.300000E-03
 631   0.841963E-03  -0.164025E-04   0.226951E-01   0.529323E-02   0.350000E-03
 632   0.313123E-03   0.273269E-03   0.237760E-01   0.498322E-02   0.300000E-03
 633   0.283447E-03  -0.226760E-03   0.246143E-01   0.519638E-02   0.250000E-03
 634   0.109994E-03   0.415041E-03   0.271126E-01   0.453462E-02   0.200000E-03
 635  -0.497426E-03   0.560892E-03   0.277544E-01   0.448113E-02   0.450000E-03
 636   0.297487E-03   0.708845E-03   0.293299E-01   0.515826E-02   0.300000E-03
 637   0.299526E-03   0.877419E-03   0.302994E-01   0.566949E-02   0.300000E-03
 638  -0.514439E-03   0.115086E-02   0.321548E-01   0.475339E-02   0.350000E-03
 639  -0.639317E-03   0.675195E-03   0.342928E-01   0.480542E-02   0.250000E-03
 640  -0.754107E-03   0.929277E-03   0.345032E-01   0.430165E-02   0.300000E-03
 641  -0.424660E-03   0.561175E-03   0.368810E-01   0.529666E-02   0.300000E-03
 642   0.957329E-04   0.761900E-04   0.372708E-01   0.491213E-02   0.250000E-03
 643  -0.233979E-03  -0.771396E-03   0.388061E-01   0.451582E-02   0.250000E-03
 644  -0.106161E-02  -0.127416E-03   0.392838E-01   0.406918E-02   0.400000E-03
 645  -0.450209E-03   0.440249E-03   0.417284E-01   0.385810E-02   0.200000E-03
 646  -0.215122E-03  -0.372529E-03   0.407853E-01   0.335038E-02   0.150000E-03
 647  -0.914484E-04   0.591830E-03   0.425776E-01   0.301793E-02   0.200000E-03
 648   0.238544E-03   0.346001E-03   0.448029E-01   0.353940E-02   0.200000E-03
 649  -0.146912E-03   0.431015E-03   0.715894E-03   0.494208E-02   0.200000E-03
 650  -0.217734E-03   0.189002E-03   0.266285E-02   0.506764E-02   0.350000E-03
 651  -0.202437E-03   0.339222E-03   0.319562E-02   0.404044E-02   0.300000E-03
 652   0.101323E-03  -0.469704E-03   0.457953E-02   0.496739E-02   0.200000E-03
 653  -0.308587E-03   0.294830E-03   0.656641E-02   0.497646E-02   0.150000E-03
 654  -0.144372E-03   0.397508E-03   0.748145E-02   0.525560E-02   0.400000E-03
 655  -0.219006E-03  -0.456509E-04   0.875901E-02   0.574605E-02   0.350000E-03
 656  -0.304018E-03  -0.561707E-04   0.933593E-02   0.590747E-02   0.250000E-03
 657  -0.475003E-03  -0.444137E-03   0.104584E-01   0.595215E-02   0.300000E-03
 658  -0.561360E-03  -0.171221E-04   0.119765E-01   0.517008E-02   0.350000E-03
 659   0.283094E-03  -0.429703E-03   0.131475E-01   0.549645E-02   0.250000E-03
 660   0.418851E-03   0.269957E-04   0.136147E-01   0.625396E-02   0.400000E-03
 661   0.220978E-03   0.118286E-03   0.150412E-01   0.632969E-02   0.300000E-03
 662   0.603546E-03   0.148238E-03   0.163574E-01   0.646765E-02   0.300000E-03
 663   0.653938E-03   0.287178E-04   0.166580E-01   0.600871E-02   0.250000E-03
 664   0.990333E-03   0.864289E-05   0.177712E-01   0.656590E-02   0.250000E-03
 665   0.636598E-03   0.525028E-04   0.199537E-01   0.632264E-02   0.300000E-03
 666   0.281244E-03   0.506391E-03   0.212056E-01   0.640113E-02   0.300000E-03
 667   0.829582E-03  -0.993526E-04   0.222995E-01   0.580481E-02   0.300000E-03
 668   0.584739E-03  -0.434458E-04   0.233465E-01   0.539847E-02   0.300000E-03
 669   0.771459E-03  -0.713504E-04   0.248225E-01   0.479178E-02   0.100000E-03
 670   0.801996E-03  -0.741019E-04   0.263179E-01   0.490031E-02   0.200000E-03
 671   0.480175E-03   0.625311E-03   0.284562E-01   0.530988E-02   0.200000E-03
 672  -0.862832E-03  -0.538962E-04   0.280599E-01   0.510894E-02   0.250000E-03
 673   0.606410E-03   0.745907E-03   0.309971E-01   0.553210E-02   0.350000E-03
 674  -0.204487E-04   0.843445E-03   0.315619E-01   0.512280E-02   0.350000E-03
 675  -0.218289E-03   0.700415E-03   0.325077E-01   0.427295E-02   0.250000E-03
 676  -0.521410E-03   0.689299E-03   0.347907E-01   0.477966E-02   0.250000E-03
 677  -0.428550E-03   0.252166E-03   0.369681E-01   0.598922E-02   0.400000E-03
 678   0.148446E-02   0.913191E-03   0.374194E-01   0.539227E-02   0.250000E-03
 679  -0.236999E-03   0.603100E-03   0.390954E-01   0.542102E-02   0.200000E-03
 680   0.167483E-03  -0.456835E-03   0.392651E-01   0.489940E-02   0.350000E-03
 681  -0.925555E-03   0.782519E-03   0.410971E-01   0.389939E-02   0.250000E-03
 682  -0.136086E-03   0.622158E-03   0.421480E-01   0.341255E-02   0.250000E-03
 683   0.391752E-03   0.889833E-03   0.440288E-01   0.455117E-02   0.500000E-03
 684   0.854096E-03  -0.292139E-03   0.440478E-01   0.338853E-02   0.300000E-03
 685  -0.126884E-03   0.254165E-03   0.348361E-03   0.738843E-02   0.350000E-03
 686   0.538080E-04   0.145150E-03   0.332659E-02   0.565185E-02   0.350000E-03
 687  -0.612936E-05   0.640510E-04   0.330720E-02   0.500560E-02   0.300000E-03
 688  -0.154943E-03  -0.430651E-03   0.502390E-02   0.491050E-02   0.250000E-03
 689  -0.191409E-03   0.348664E-03   0.706476E-02   0.482479E-02   0.200000E-03
 690  -0.171790E-03   0.115006E-03   0.760972E-02   0.598736E-02   0.350000E-03
 691  -0.443853E-03   0.408594E-04   0.877097E-02   0.650659E-02   0.350000E-03
 692  -0.782328E-04  -0.561671E-04   0.988771E-02   0.625836E-02   0.300000E-03
 693  -0.538622E-03  -0.289608E-03   0.103813E-01   0.649425E-02   0.250000E-03
 694  -0.187858E-03  -0.561035E-03   0.111012E-01   0.586952E-02   0.350000E-03
 695  -0.200386E-03   0.493514E-03   0.128885E-01   0.603717E-02   0.350000E-03
 696   0.475343E-03  -0.486494E-03   0.146214E-01   0.725315E-02   0.250000E-03
 697   0.418051E-03  -0.516241E-03   0.143231E-01   0.665896E-02   0.400000E-03
 698   0.417767E-03   0.202755E-03   0.156759E-01   0.661663E-02   0.400000E-03
 699   0.511371E-03   0.961365E-04   0.170786E-01   0.666056E-02   0.450000E-03
 700   0.103699E-02  -0.200168E-03   0.181277E-01   0.698226E-02   0.300000E-03
 701   0.631616E-03   0.120677E-03   0.194884E-01   0.669801E-02   0.300000E-03
 702   0.242622E-03  -0.447390E-03   0.203582E-01   0.689304E-02   0.400000E-03
 703   0.715045E-03  -0.138766E-03   0.229739E-01   0.598853E-02   0.400000E-03
 704   0.144975E-03  -0.139900E-03   0.241089E-01   0.559759E-02   0.400000E-03
 705   0.609332E-03  -0.310753E-03   0.250888E-01   0.504609E-02   0.250000E-03
 706   0.568536E-03  -0.452228E-05   0.259034E-01   0.507325E-02   0.250000E-03
 707   0.219941E-03  -0.167710E-03   0.269171E-01   0.509788E-02   0.400000E-03
 708   0.604603E-03   0.883586E-03   0.297983E-01   0.544467E-02   0.250000E-03
 709  -0.496124E-03   0.796666E-03   0.320832E-01   0.529798E-02   0.200000E-03
 710  -0.862068E-03   0.991489E-03   0.326846E-01   0.503246E-02   0.250000E-03
 711  -0.867183E-03   0.481880E-03   0.337328E-01   0.460125E-02   0.350000E-03
 712  -0.712398E-03   0.461943E-03   0.351202E-01   0.521949E-02   0.300000E-03
 713  -0.483065E-04   0.343408E-03   0.381576E-01   0.636277E-02   0.350000E-03
 714  -0.435486E-04   0.371254E-03   0.379308E-01   0.570059E-02   0.350000E-03
 715  -0.202949E-03   0.517813E-03   0.388325E-01   0.564768E-02   0.150000E-03
 716  -0.120068E-02   0.684748E-03   0.397369E-01   0.453821E-02   0.250000E-03
 717  -0.100757E-02   0.347678E-03   0.400730E-01   0.366552E-02   0.150000E-03
 718  -0.190048E-03   0.462842E-03   0.421752E-01   0.391102E-02   0.250000E-03
 719   0.943083E-03   0.688394E-03   0.448009E-01   0.546941E-02   0.200000E-03
 720  -0.650849E-04   0.253717E-03   0.434096E-01   0.730387E-02   0.350000E-03
 721   0.126270E-03   0.120869E-03   0.215041E-02   0.408417E-02   0.200000E-03
 722  -0.106489E-03   0.267973E-03   0.202127E-02   0.515832E-02   0.300000E-03
 723   0.321877E-04  -0.626296E-03   0.424818E-02   0.466797E-02   0.250000E-03
 724  -0.342241E-03   0.307351E-03   0.602048E-02   0.491211E-02   0.400000E-03
 725  -0.133894E-03   0.247071E-03   0.693246E-02   0.514806E-02   0.150000E-03
 726  -0.285145E-03   0.356897E-03   0.653380E-02   0.552402E-02   0.400000E-03
 727  -0.474434E-03   0.896096E-04   0.824062E-02   0.613672E-02   0.300000E-03
 728  -0.319791E-03   0.463828E-04   0.936056E-02   0.640538E-02   0.250000E-03
 729  -0.136505E-03  -0.477533E-03   0.971771E-02   0.683329E-02   0.300000E-03
 730  -0.338636E-03  -0.558854E-04   0.123557E-01   0.563482E-02   0.250000E-03
 731  -0.160563E-03   0.214194E-03   0.122112E-01   0.623443E-02   0.350000E-03
 732   0.150186E-03   0.264407E-03   0.130996E-01   0.664652E-02   0.250000E-03
 733   0.265010E-03  -0.974362E-04   0.149378E-01   0.686814E-02   0.250000E-03
 734   0.489598E-03   0.128308E-03   0.161839E-01   0.693622E-02   0.200000E-03
 735   0.526839E-03   0.508496E-04   0.175603E-01   0.729739E-02   0.350000E-03
 736   0.810392E-03  -0.682156E-03   0.190619E-01   0.735917E-02   0.400000E-03
 737   0.297790E-03  -0.539135E-03   0.197495E-01   0.723698E-02   0.300000E-03
 738   0.161305E-03   0.518909E-04   0.214343E-01   0.706099E-02   0.400000E-03
 739   0.726646E-03  -0.209195E-03   0.223814E-01   0.644658E-02   0.350000E-03
 740   0.134640E-03  -0.724201E-04   0.236879E-01   0.621539E-02   0.350000E-03
 741   0.147188E-03  -0.269032E-03   0.247757E-01   0.566692E-02   0.250000E-03
 742   0.696646E-03  -0.428218E-03   0.263225E-01   0.534968E-02   0.250000E-03
 743  -0.194496E-03  -0.133784E-03   0.275632E-01   0.515219E-02   0.250000E-03
 744   0.200350E-03   0.688055E-03   0.288369E-01   0.520464E-02   0.200000E-03
 745  -0.156543E-03   0.263144E-03   0.315666E-01   0.572229E-02   0.250000E-03
 746  -0.825242E-03   0.107535E-02   0.328067E-01   0.561590E-02   0.350000E-03
 747  -0.366625E-03   0.100435E-02   0.332677E-01   0.515822E-02   0.300000E-03
 748  -0.100992E-02   0.616613E-03   0.356626E-01   0.486365E-02   0.350000E-03
 749  -0.986502E-03   0.721573E-03   0.363133E-01   0.547758E-02   0.300000E-03
 750   0.436418E-04   0.390759E-03   0.385045E-01   0.587380E-02   0.250000E-03
 751  -0.350022E-03   0.405919E-03   0.391618E-01   0.594826E-02   0.300000E-03
 752   0.315836E-03  -0.428789E-03   0.401865E-01   0.423291E-02   0.300000E-03
 753  -0.203663E-03  -0.681343E-04   0.407431E-01   0.305393E-02   0.150000E-03
 754   0.367341E-03  -0.423848E-04   0.418907E-01   0.419029E-02   0.150000E-03
 755   0.199847E-03  -0.118596E-03   0.425361E-01   0.415399E-02   0.150000E-03
 756   0.122728E-05   0.359188E-03   0.431105E-01   0.672694E-02   0.300000E-03
 757  -0.662984E-04   0.346361E-03   0.183834E-02   0.453563E-02   0.350000E-03
 758  -0.338809E-03   0.124534E-03   0.402095E-02   0.572991E-02   0.350000E-03
 759  -0.396545E-03  -0.438613E-04   0.389968E-02   0.509203E-02   0.300000E-03
 760  -0.242508E-03   0.814783E-04   0.473732E-02   0.561731E-02   0.300000E-03
 761   0.105674E-03  -0.758934E-04   0.541097E-02   0.542916E-02   0.400000E-03
 762   0.750794E-04   0.529038E-04   0.593092E-02   0.596717E-02   0.350000E-03
 763  -0.425052E-03   0.152674E-03   0.690210E-02   0.623187E-02   0.400000E-03
 764   0.633203E-03  -0.389715E-03   0.817073E-02   0.675456E-02   0.300000E-03
 765  -0.113688E-03  -0.380754E-03   0.115347E-01   0.641339E-02   0.350000E-03
 766  -0.578232E-03  -0.128003E-03   0.117491E-01   0.577869E-02   0.300000E-03
 767  -0.139017E-03   0.217483E-03   0.126652E-01   0.653933E-02   0.200000E-03
 768   0.293980E-03  -0.572913E-03   0.137185E-01   0.689513E-02   0.250000E-03
 769   0.394900E-03   0.327007E-03   0.152372E-01   0.738717E-02   0.350000E-03
 770   0.451328E-03   0.337156E-03   0.158195E-01   0.724953E-02   0.250000E-03
 771   0.721321E-03   0.391497E-03   0.165515E-01   0.681683E-02   0.100000E-03
 772   0.708728E-03  -0.636270E-03   0.184199E-01   0.744442E-02   0.250000E-03
 773   0.652792E-03   0.591888E-04   0.201158E-01   0.783226E-02   0.400000E-03
 774   0.526984E-03  -0.174489E-03   0.208160E-01   0.748187E-02   0.350000E-03
 775   0.701124E-03  -0.413946E-03   0.232204E-01   0.658876E-02   0.250000E-03
 776   0.186497E-03  -0.283977E-04   0.248139E-01   0.611418E-02   0.200000E-03
 777   0.168916E-03  -0.164694E-03   0.255022E-01   0.487095E-02   0.200000E-03
 778   0.602351E-03  -0.387001E-03   0.259112E-01   0.552118E-02   0.200000E-03
 779   0.534931E-03  -0.609791E-03   0.276232E-01   0.569709E-02   0.300000E-03
 780   0.303094E-03   0.113440E-02   0.293218E-01   0.580697E-02   0.350000E-03
 781   0.394948E-03   0.103771E-02   0.306864E-01   0.598547E-02   0.200000E-03
 782  -0.530938E-03   0.216371E-03   0.321114E-01   0.579666E-02   0.300000E-03
 783  -0.692968E-03   0.995369E-03   0.339063E-01   0.527791E-02   0.350000E-03
 784  -0.557652E-03   0.101514E-02   0.344515E-01   0.522173E-02   0.200000E-03
 785  -0.102685E-02   0.749315E-03   0.356721E-01   0.556265E-02   0.350000E-03
 786  -0.106473E-02   0.710959E-04   0.375839E-01   0.619370E-02   0.250000E-03
 787  -0.821152E-03   0.302739E-03   0.397248E-01   0.614993E-02   0.300000E-03
 788  -0.719820E-03   0.511992E-03   0.396371E-01   0.550487E-02   0.350000E-03
 789  -0.653747E-03   0.672538E-03   0.405663E-01   0.377278E-02   0.300000E-03
 790  -0.104668E-02   0.372529E-03   0.414577E-01   0.430256E-02   0.300000E-03
 791  -0.815509E-04   0.714019E-03   0.431230E-01   0.436000E-02   0.350000E-03
 792   0.237083E-03   0.118817E-02   0.438859E-01   0.518492E-02   0.150000E-03
 793  -0.161172E-03   0.116810E-03   0.284281E-02   0.553145E-02   0.150000E-03
 794  -0.359656E-03   0.451414E-03   0.242572E-02   0.550396E-02   0.150000E-03
 795  -0.258957E-03   0.524129E-04   0.435535E-02   0.529568E-02   0.200000E-03
 796  -0.886408E-04   0.305688E-03   0.265170E-02   0.652379E-02   0.300000E-03
 797  -0.611117E-03  -0.145598E-03   0.451246E-02   0.629508E-02   0.400000E-03
 798   0.131914E-03  -0.377550E-03   0.518081E-02   0.608873E-02   0.300000E-03
 799  -0.172377E-03  -0.477949E-03   0.752558E-02   0.667767E-02   0.350000E-03
 800  -0.452531E-03  -0.255775E-03   0.883816E-02   0.710194E-02   0.250000E-03
 801  -0.139289E-03   0.178539E-04   0.107965E-01   0.677046E-02   0.250000E-03
 802  -0.281793E-03   0.245481E-05   0.112637E-01   0.694829E-02   0.250000E-03
 803   0.629630E-04  -0.343686E-03   0.119939E-01   0.679331E-02   0.250000E-03
 804  -0.414758E-04  -0.377868E-03   0.132466E-01   0.717571E-02   0.300000E-03
 805   0.418349E-03  -0.467202E-03   0.140761E-01   0.731271E-02   0.300000E-03
 806   0.665039E-03   0.159903E-03   0.157093E-01   0.768502E-02   0.200000E-03
 807  -0.662864E-03  -0.918706E-03   0.179946E-01   0.771005E-02   0.250000E-03
 808   0.834573E-03  -0.886122E-04   0.190840E-01   0.820770E-02   0.450000E-03
 809   0.532824E-03  -0.145884E-03   0.214010E-01   0.776307E-02   0.300000E-03
 810   0.609584E-03   0.649125E-04   0.221330E-01   0.704391E-02   0.300000E-03
 811   0.116237E-03   0.226673E-03   0.237141E-01   0.686361E-02   0.300000E-03
 812   0.393216E-03  -0.724739E-04   0.243358E-01   0.625830E-02   0.300000E-03
 813   0.521462E-03  -0.394995E-03   0.253671E-01   0.557471E-02   0.350000E-03
 814   0.202161E-03  -0.334090E-03   0.271246E-01   0.566072E-02   0.200000E-03
 815   0.616970E-03   0.110287E-02   0.285781E-01   0.589486E-02   0.400000E-03
 816   0.334077E-03   0.438470E-03   0.312224E-01   0.602608E-02   0.200000E-03
 817   0.247100E-03   0.570860E-03   0.302392E-01   0.626469E-02   0.300000E-03
 818  -0.485000E-03   0.230071E-03   0.325475E-01   0.620827E-02   0.300000E-03
 819  -0.606314E-03   0.930856E-03   0.334451E-01   0.573370E-02   0.300000E-03
 820  -0.834931E-03   0.567833E-03   0.347033E-01   0.564909E-02   0.300000E-03
 821  -0.838781E-03  -0.166899E-04   0.362001E-01   0.606454E-02   0.300000E-03
 822   0.681751E-03  -0.895386E-03   0.378222E-01   0.691916E-02   0.300000E-03
 823  -0.291422E-03   0.358744E-03   0.387546E-01   0.631684E-02   0.250000E-03
 824  -0.110034E-02   0.482117E-03   0.408193E-01   0.557270E-02   0.350000E-03
 825  -0.899779E-03   0.689324E-03   0.402587E-01   0.500302E-02   0.450000E-03
 826  -0.996413E-03   0.784042E-03   0.408107E-01   0.442531E-02   0.350000E-03
 827  -0.229191E-03   0.193137E-03   0.422288E-01   0.440734E-02   0.250000E-03
 828  -0.116774E-02  -0.185594E-03   0.402871E-01   0.694025E-02   0.350000E-03
 829  -0.257746E-03   0.289115E-03   0.262686E-02   0.592480E-02   0.300000E-03
 830  -0.649060E-04   0.176528E-03   0.299227E-03   0.526351E-02   0.300000E-03
 831  -0.397002E-04   0.170959E-03   0.313677E-03   0.576291E-02   0.200000E-03
 832  -0.114207E-03   0.361281E-03   0.309871E-02   0.620601E-02   0.250000E-03
 833  -0.272980E-03   0.824913E-04   0.328933E-02   0.672039E-02   0.300000E-03
 834   0.280062E-04   0.265482E-03   0.509454E-02   0.668203E-02   0.300000E-03
 835  -0.208131E-03  -0.346628E-04   0.576652E-02   0.685200E-02   0.300000E-03
 836  -0.201895E-03  -0.407707E-03   0.759750E-02   0.737181E-02   0.350000E-03
 837  -0.280360E-03  -0.424312E-03   0.107955E-01   0.632246E-02   0.200000E-03
 838   0.293783E-04  -0.272922E-03   0.117402E-01   0.733662E-02   0.350000E-03
 839  -0.453141E-04  -0.349673E-03   0.125498E-01   0.712726E-02   0.400000E-03
 840   0.518387E-03   0.373961E-03   0.141402E-01   0.790876E-02   0.300000E-03
 841   0.515622E-03  -0.188986E-03   0.147286E-01   0.779157E-02   0.300000E-03
 842   0.324525E-03   0.164839E-03   0.170003E-01   0.762318E-02   0.300000E-03
 843   0.757184E-03  -0.114782E-03   0.184370E-01   0.794162E-02   0.250000E-03
 844   0.699284E-03  -0.597981E-03   0.197927E-01   0.845290E-02   0.300000E-03
 845   0.521727E-03  -0.564347E-04   0.207799E-01   0.817924E-02   0.350000E-03
 846   0.649467E-03  -0.994598E-04   0.219047E-01   0.754367E-02   0.250000E-03
 847   0.707292E-03  -0.480427E-04   0.231809E-01   0.713627E-02   0.300000E-03
 848   0.447349E-03   0.279024E-03   0.244073E-01   0.695324E-02   0.400000E-03
 849   0.543895E-03   0.866055E-04   0.253402E-01   0.627202E-02   0.350000E-03
 850   0.290471E-03  -0.166575E-04   0.266710E-01   0.563980E-02   0.200000E-03
 851   0.305600E-03   0.253527E-04   0.265260E-01   0.611401E-02   0.300000E-03
 852   0.552359E-03   0.622531E-03   0.298812E-01   0.583578E-02   0.150000E-03
 853   0.361462E-03   0.511356E-03   0.316765E-01   0.633026E-02   0.350000E-03
 854  -0.392866E-03   0.291527E-03   0.327591E-01   0.682047E-02   0.350000E-03
 855  -0.191584E-03   0.235147E-03   0.331456E-01   0.625318E-02   0.300000E-03
 856  -0.806854E-03   0.534864E-03   0.341028E-01   0.600056E-02   0.400000E-03
 857  -0.804864E-03   0.648886E-03   0.351957E-01   0.607097E-02   0.350000E-03
 858  -0.526405E-03   0.383728E-03   0.365511E-01   0.654956E-02   0.300000E-03
 859  -0.465025E-03  -0.102181E-03   0.392872E-01   0.648271E-02   0.250000E-03
 860  -0.970152E-03   0.400460E-03   0.402135E-01   0.580217E-02   0.300000E-03
 861  -0.608813E-03   0.507633E-03   0.415168E-01   0.558517E-02   0.350000E-03
 862  -0.109745E-02   0.444153E-03   0.409889E-01   0.499756E-02   0.250000E-03
 863   0.268439E-03   0.905399E-03   0.432876E-01   0.514250E-02   0.450000E-03
 864   0.685289E-03   0.125230E-02   0.445514E-01   0.606865E-02   0.450000E-03
 865  -0.316863E-03   0.176129E-03   0.137413E-02   0.511335E-02   0.350000E-03
 866  -0.192476E-03   0.278418E-03   0.170918E-02   0.554619E-02   0.200000E-03
 867  -0.159240E-03   0.262691E-03   0.203139E-02   0.633725E-02   0.350000E-03
 868  -0.347857E-03   0.125881E-03   0.372393E-02   0.630732E-02   0.300000E-03
 869  -0.296140E-03   0.484771E-04   0.338072E-02   0.726030E-02   0.250000E-03
 870   0.571195E-05  -0.550694E-04   0.626730E-02   0.652232E-02   0.300000E-03
 871  -0.449227E-03  -0.392427E-03   0.692802E-02   0.693053E-02   0.300000E-03
 872  -0.361217E-03   0.110979E-03   0.921484E-02   0.682950E-02   0.200000E-03
 873  -0.507548E-03  -0.178546E-03   0.102903E-01   0.703322E-02   0.300000E-03
 874  -0.291861E-03  -0.426222E-03   0.116919E-01   0.799937E-02   0.300000E-03
 875  -0.267779E-03  -0.349521E-03   0.122391E-01   0.775288E-02   0.300000E-03
 876   0.103452E-03  -0.188042E-03   0.135922E-01   0.766343E-02   0.300000E-03
 877   0.484758E-03   0.240464E-03   0.147046E-01   0.839062E-02   0.300000E-03
 878   0.283570E-03   0.150198E-03   0.163651E-01   0.749327E-02   0.350000E-03
 879   0.350169E-03   0.788318E-04   0.174807E-01   0.789028E-02   0.250000E-03
 880   0.320210E-03   0.203969E-04   0.177264E-01   0.838128E-02   0.300000E-03
 881   0.835177E-03   0.178607E-04   0.218772E-01   0.812757E-02   0.300000E-03
 882   0.477283E-03  -0.171519E-04   0.226433E-01   0.724593E-02   0.250000E-03
 883   0.416567E-03  -0.358386E-03   0.228291E-01   0.666735E-02   0.150000E-03
 884   0.339867E-03   0.332788E-03   0.238858E-01   0.749009E-02   0.350000E-03
 885   0.496860E-03   0.191732E-03   0.257768E-01   0.740360E-02   0.400000E-03
 886   0.628747E-03   0.114707E-03   0.259358E-01   0.601802E-02   0.300000E-03
 887   0.842587E-03   0.539172E-03   0.283130E-01   0.659357E-02   0.350000E-03
 888   0.120972E-03   0.636333E-03   0.295548E-01   0.657044E-02   0.450000E-03
 889   0.264238E-03   0.605318E-03   0.309121E-01   0.659504E-02   0.450000E-03
 890  -0.381578E-03   0.242656E-03   0.321946E-01   0.662810E-02   0.250000E-03
 891  -0.568326E-03   0.116065E-03   0.337074E-01   0.663506E-02   0.350000E-03
 892  -0.752610E-03   0.602335E-03   0.346495E-01   0.658344E-02   0.400000E-03
 893  -0.121352E-02   0.326670E-03   0.357308E-01   0.643729E-02   0.300000E-03
 894  -0.813153E-03  -0.450487E-03   0.385818E-01   0.678590E-02   0.250000E-03
 895  -0.392776E-03  -0.281472E-03   0.390901E-01   0.699557E-02   0.300000E-03
 896  -0.577877E-03   0.132580E-02   0.419210E-01   0.696276E-02   0.300000E-03
 897  -0.812109E-03   0.269279E-03   0.424727E-01   0.661819E-02   0.350000E-03
 898  -0.412752E-05   0.303478E-03   0.426319E-01   0.460585E-02   0.200000E-03
 899  -0.703782E-03   0.904850E-03   0.424919E-01   0.520180E-02   0.350000E-03
 900   0.568550E-03   0.122847E-02   0.438292E-01   0.572700E-02   0.350000E-03
 901  -0.371450E-03   0.390274E-03   0.129125E-02   0.570492E-02   0.250000E-03
 902  -0.238209E-03  -0.308397E-05   0.309809E-02   0.767225E-02   0.250000E-03
 903  -0.144398E-03   0.296025E-03   0.210947E-02   0.574388E-02   0.250000E-03
 904  -0.195403E-03   0.581872E-04   0.279050E-02   0.715736E-02   0.350000E-03
 905  -0.496219E-03  -0.558906E-03   0.402782E-02   0.699285E-02   0.450000E-03
 906  -0.751437E-03  -0.162709E-03   0.588656E-02   0.739316E-02   0.250000E-03
 907  -0.919960E-04   0.256829E-03   0.557952E-02   0.638878E-02   0.200000E-03
 908  -0.460392E-03  -0.336667E-03   0.886027E-02   0.765081E-02   0.300000E-03
 909  -0.473853E-03  -0.306946E-03   0.935237E-02   0.730866E-02   0.300000E-03
 910  -0.355709E-03  -0.343950E-03   0.101015E-01   0.806827E-02   0.300000E-03
 911  -0.497642E-04  -0.241562E-03   0.112476E-01   0.767722E-02   0.250000E-03
 912   0.462648E-03   0.224423E-03   0.151826E-01   0.866238E-02   0.250000E-03
 913   0.397083E-03   0.436998E-03   0.153279E-01   0.808065E-02   0.350000E-03
 914   0.406349E-03  -0.224177E-03   0.161099E-01   0.825025E-02   0.450000E-03
 915   0.334674E-03  -0.810012E-04   0.169959E-01   0.832285E-02   0.400000E-03
 916   0.129220E-03   0.379592E-03   0.203574E-01   0.867094E-02   0.300000E-03
 917   0.594895E-03  -0.102222E-03   0.199461E-01   0.910589E-02   0.300000E-03
 918   0.346651E-03   0.292095E-03   0.224429E-01   0.780911E-02   0.350000E-03
 919   0.693968E-03   0.276142E-03   0.231418E-01   0.778444E-02   0.350000E-03
 920   0.241063E-03   0.110138E-03   0.247400E-01   0.645559E-02   0.150000E-03
 921   0.724914E-03  -0.282181E-03   0.233168E-01   0.852870E-02   0.350000E-03
 922   0.549244E-03  -0.496412E-04   0.259173E-01   0.666710E-02   0.350000E-03
 923   0.606179E-03   0.459919E-03   0.276593E-01   0.634435E-02   0.350000E-03
 924   0.561955E-03   0.255789E-03   0.288761E-01   0.716095E-02   0.450000E-03
 925   0.317086E-03   0.874089E-03   0.310816E-01   0.737653E-02   0.350000E-03
 926   0.401895E-04   0.507925E-03   0.315929E-01   0.697274E-02   0.300000E-03
 927  -0.127149E-03   0.328808E-03   0.336222E-01   0.719034E-02   0.200000E-03
 928  -0.788348E-03   0.672680E-03   0.341567E-01   0.649697E-02   0.100000E-03
 929  -0.485974E-03   0.454971E-04   0.372106E-01   0.669854E-02   0.350000E-03
 930  -0.749079E-03   0.252331E-03   0.412213E-01   0.664723E-02   0.300000E-03
 931  -0.547784E-03   0.364111E-03   0.411891E-01   0.608432E-02   0.250000E-03
 932  -0.806873E-03  -0.265604E-03   0.397377E-01   0.669902E-02   0.250000E-03
 933  -0.751204E-03   0.285210E-03   0.418110E-01   0.627180E-02   0.400000E-03
 934  -0.116536E-02   0.534679E-03   0.412606E-01   0.470510E-02   0.150000E-03
 935  -0.801369E-03   0.902557E-03   0.418077E-01   0.490077E-02   0.400000E-03
 936   0.802122E-03   0.997792E-03   0.433681E-01   0.618495E-02   0.300000E-03
 937  -0.246796E-03   0.271766E-03   0.102756E-02   0.722657E-02   0.350000E-03
 938   0.123597E-03   0.673959E-04   0.297824E-03   0.626324E-02   0.300000E-03
 939  -0.372072E-03   0.110112E-05   0.373575E-02   0.774106E-02   0.350000E-03
 940  -0.267079E-03   0.345401E-03   0.790376E-03   0.592348E-02   0.300000E-03
 941  -0.126270E-03   0.233374E-03   0.166032E-02   0.692954E-02   0.350000E-03
 942  -0.293975E-03  -0.204840E-05   0.458468E-02   0.776340E-02   0.500000E-03
 943  -0.150732E-03  -0.691883E-04   0.529580E-02   0.729954E-02   0.350000E-03
 944  -0.829150E-04  -0.569235E-03   0.635803E-02   0.711435E-02   0.300000E-03
 945  -0.147688E-03  -0.302493E-03   0.108323E-01   0.731806E-02   0.300000E-03
 946  -0.463616E-04  -0.116823E-03   0.984989E-02   0.754133E-02   0.250000E-03
 947   0.662520E-04  -0.212037E-03   0.129372E-01   0.802621E-02   0.450000E-03
 948   0.446161E-04  -0.109507E-03   0.125460E-01   0.860605E-02   0.250000E-03
 949   0.596756E-03  -0.504804E-03   0.156906E-01   0.887176E-02   0.300000E-03
 950   0.516247E-03   0.352712E-03   0.139906E-01   0.859224E-02   0.400000E-03
 951   0.309172E-03  -0.358524E-03   0.165471E-01   0.885941E-02   0.300000E-03
 952   0.646521E-03   0.346378E-04   0.182748E-01   0.841285E-02   0.250000E-03
 953   0.683421E-03   0.302284E-03   0.209920E-01   0.874009E-02   0.250000E-03
 954   0.324738E-03  -0.221382E-03   0.224769E-01   0.865778E-02   0.500000E-03
 955   0.411399E-03   0.144139E-03   0.236787E-01   0.805117E-02   0.250000E-03
 956   0.315036E-03   0.145390E-03   0.251406E-01   0.727154E-02   0.250000E-03
 957   0.711877E-03  -0.206385E-03   0.268399E-01   0.766546E-02   0.350000E-03
 958   0.929943E-03   0.201860E-03   0.265002E-01   0.705380E-02   0.350000E-03
 959   0.732760E-03   0.402745E-03   0.269946E-01   0.655947E-02   0.350000E-03
 960   0.195641E-03   0.623516E-03   0.302474E-01   0.681317E-02   0.250000E-03
 961  -0.314278E-03   0.432968E-03   0.321256E-01   0.797429E-02   0.400000E-03
 962   0.803763E-04   0.826507E-03   0.316647E-01   0.751691E-02   0.250000E-03
 963  -0.660848E-03   0.212875E-03   0.332837E-01   0.697832E-02   0.200000E-03
 964  -0.618876E-03   0.627655E-03   0.352963E-01   0.684972E-02   0.300000E-03
 965  -0.102072E-02   0.691389E-03   0.360923E-01   0.685119E-02   0.250000E-03
 966  -0.708910E-03  -0.528550E-03   0.366870E-01   0.723536E-02   0.400000E-03
 967  -0.518097E-03   0.333762E-03   0.406485E-01   0.634149E-02   0.350000E-03
 968  -0.590888E-03   0.307461E-03   0.401601E-01   0.624995E-02   0.150000E-03
 969   0.479847E-03   0.917006E-04   0.447507E-01   0.714644E-02   0.250000E-03
 970   0.100648E-02   0.438981E-03   0.442550E-01   0.681011E-02   0.350000E-03
 971  -0.830834E-03   0.486212E-03   0.427237E-01   0.591241E-02   0.400000E-03
 972  -0.114797E-03   0.358378E-03   0.436583E-01   0.675806E-02   0.250000E-03
 973  -0.251998E-03   0.132901E-03   0.836194E-03   0.537557E-02   0.250000E-03
 974  -0.476167E-03  -0.219948E-03   0.402759E-02   0.826497E-02   0.250000E-03
 975  -0.413512E-03   0.944195E-04   0.133278E-02   0.630187E-02   0.350000E-03
 976  -0.975857E-04  -0.961534E-04   0.771762E-03   0.662913E-02   0.300000E-03
 977  -0.314212E-03  -0.327715E-03   0.735396E-02   0.791939E-02   0.250000E-03
 978  -0.448212E-03  -0.429397E-03   0.696707E-02   0.752875E-02   0.300000E-03
 979  -0.130843E-03  -0.507030E-03   0.643285E-02   0.765845E-02   0.250000E-03
 980  -0.226541E-03  -0.419134E-03   0.818584E-02   0.783532E-02   0.400000E-03
 981  -0.456548E-03  -0.140471E-03   0.103480E-01   0.757771E-02   0.250000E-03
 982  -0.448606E-03  -0.327957E-03   0.936449E-02   0.820559E-02   0.450000E-03
 983  -0.266777E-03  -0.361895E-03   0.121544E-01   0.829583E-02   0.250000E-03
 984  -0.428751E-03  -0.128478E-03   0.107544E-01   0.801820E-02   0.350000E-03
 985   0.876767E-04  -0.117672E-03   0.135728E-01   0.816196E-02   0.200000E-03
 986   0.363367E-03  -0.207806E-03   0.189532E-01   0.945367E-02   0.300000E-03
 987   0.227226E-03  -0.481900E-03   0.186501E-01   0.887931E-02   0.350000E-03
 988   0.716705E-03  -0.419825E-03   0.193852E-01   0.889290E-02   0.300000E-03
 989   0.758585E-03  -0.226321E-03   0.195022E-01   0.942951E-02   0.250000E-03
 990   0.814206E-03   0.205457E-04   0.213625E-01   0.831703E-02   0.250000E-03
 991   0.544678E-03  -0.117741E-03   0.242775E-01   0.808833E-02   0.350000E-03
 992   0.383354E-03   0.763926E-04   0.246937E-01   0.759050E-02   0.300000E-03
 993   0.375069E-03   0.362129E-03   0.250332E-01   0.678410E-02   0.250000E-03
 994   0.699085E-03   0.444155E-03   0.271329E-01   0.714220E-02   0.250000E-03
 995   0.938584E-03   0.444064E-03   0.277819E-01   0.712177E-02   0.400000E-03
 996   0.287253E-03   0.873520E-03   0.304337E-01   0.732917E-02   0.300000E-03
 997  -0.802580E-04   0.905318E-03   0.299045E-01   0.717658E-02   0.250000E-03
 998  -0.378509E-03   0.320753E-03   0.321904E-01   0.722749E-02   0.350000E-03
 999  -0.764229E-03   0.393068E-03   0.330356E-01   0.735254E-02   0.250000E-03
1000  -0.363501E-03   0.344150E-03   0.341709E-01   0.715915E-02   0.350000E-03
