   1   0.480865E-03  -0.117751E-02   0.112720E-01   0.849159E-02   0.350000E-03
   2   0.122953E-02  -0.330149E-03   0.188016E-03   0.149978E-03   0.150000E-03
   3  -0.620555E-03   0.187958E-04   0.452643E-02   0.448193E-03   0.450000E-03
   4  -0.316073E-03   0.340441E-02   0.569333E-02   0.563652E-03   0.200000E-03
   5   0.766385E-02   0.248436E-02   0.564165E-02   0.100549E-03   0.100000E-03
   6   0.172239E-02   0.364108E-03   0.744029E-02   0.249467E-03   0.250000E-03
   7  -0.145684E-02  -0.243276E-03   0.807227E-02   0.398803E-03   0.400000E-03
   8   0.117381E-02  -0.123232E-03   0.884204E-02   0.347715E-03   0.350000E-03
   9   0.182813E-02   0.230109E-03   0.928527E-02   0.574608E-03   0.150000E-03
  10  -0.400476E-03   0.953395E-03   0.117886E-01   0.296151E-03   0.300000E-03
  11  -0.118223E-02  -0.891817E-03   0.130294E-01   0.351142E-03   0.350000E-03
  12  -0.157072E-02  -0.110997E-03   0.147626E-01   0.194984E-03   0.200000E-03
  13   0.694894E-03  -0.339343E-03   0.169021E-01   0.343672E-03   0.350000E-03
  14   0.109183E-02   0.235273E-03   0.176004E-01   0.348352E-03   0.350000E-03
  15  -0.701392E-03  -0.142026E-02   0.188208E-01   0.399132E-03   0.400000E-03
  16  -0.578724E-03  -0.938782E-03   0.195675E-01   0.347366E-03   0.350000E-03
  17   0.323407E-03  -0.379849E-03   0.204829E-01   0.338783E-03   0.350000E-03
  18   0.667289E-03  -0.691632E-03   0.219330E-01   0.349033E-03   0.350000E-03
  19   0.116868E-02  -0.101172E-02   0.225221E-01   0.240406E-03   0.250000E-03
  20   0.112937E-03  -0.878688E-03   0.230218E-01   0.249131E-03   0.250000E-03
  21  -0.112129E-03  -0.404915E-03   0.244820E-01   0.249642E-03   0.250000E-03
  22  -0.116424E-03  -0.221551E-03   0.257273E-01   0.200018E-03   0.200000E-03
  23   0.639608E-03   0.861189E-03   0.267557E-01   0.100181E-03   0.100000E-03
  24   0.775698E-03   0.351646E-05   0.282453E-01   0.396288E-03   0.400000E-03
  25   0.176159E-02  -0.453211E-03   0.297760E-01   0.398391E-03   0.400000E-03
  26   0.282828E-02  -0.195062E-02   0.305225E-01   0.339115E-03   0.350000E-03
  27   0.183741E-02  -0.114580E-02   0.318651E-01   0.298130E-03   0.300000E-03
  28   0.870871E-02   0.102182E-02   0.333412E-01   0.299990E-03   0.300000E-03
  29   0.808298E-03  -0.477605E-03   0.355460E-01   0.445797E-03   0.450000E-03
  30   0.896948E-04  -0.290156E-03   0.373922E-01   0.346173E-03   0.350000E-03
  31   0.843337E-03  -0.343176E-03   0.379840E-01   0.249363E-03   0.250000E-03
  32   0.161871E-02   0.224486E-03   0.401148E-01   0.197213E-03   0.200000E-03
  33  -0.113376E-03   0.746586E-03   0.410065E-01   0.194438E-03   0.200000E-03
  34   0.631832E-03  -0.513651E-03   0.446041E-01   0.880778E-03   0.400000E-03
  35  -0.884582E-03  -0.166803E-02   0.446517E-01   0.192205E-02   0.350000E-03
  36   0.789567E-04  -0.168277E-03   0.863653E-02   0.837163E-02   0.300000E-03
  37   0.180773E-02  -0.579423E-02   0.248173E-03   0.182648E-02   0.250000E-03
  38  -0.533117E-02   0.176077E-02   0.758394E-03   0.756354E-03   0.300000E-03
  39   0.163914E-02   0.378856E-03   0.261650E-02   0.398144E-03   0.400000E-03
  40   0.126762E-02   0.972374E-03   0.611512E-02   0.299297E-03   0.300000E-03
  41  -0.267179E-03   0.892725E-03   0.680739E-02   0.394805E-03   0.400000E-03
  42   0.840203E-03  -0.373129E-03   0.723375E-02   0.100701E-02   0.350000E-03
  43   0.147053E-04   0.222016E-03   0.853880E-02   0.917884E-03   0.300000E-03
  44   0.234644E-02  -0.539775E-03   0.935326E-02   0.967607E-03   0.250000E-03
  45  -0.103922E-02   0.808510E-03   0.992841E-02   0.492012E-03   0.500000E-03
  46   0.663001E-03   0.557027E-03   0.108503E-01   0.300054E-03   0.300000E-03
  47   0.571322E-03   0.701800E-03   0.152420E-01   0.149950E-03   0.150000E-03
  48  -0.166206E-03  -0.232547E-03   0.157974E-01   0.447491E-03   0.450000E-03
  49   0.744746E-03   0.476064E-03   0.164668E-01   0.879564E-03   0.350000E-03
  50   0.140599E-02  -0.251404E-03   0.181904E-01   0.247085E-03   0.250000E-03
  51  -0.105077E-02  -0.857546E-03   0.192914E-01   0.875315E-03   0.250000E-03
  52  -0.147414E-02  -0.105771E-02   0.200234E-01   0.148113E-03   0.150000E-03
  53   0.186276E-02  -0.440788E-03   0.204886E-01   0.100516E-02   0.200000E-03
  54  -0.228673E-03   0.538455E-03   0.211492E-01   0.299033E-03   0.300000E-03
  55   0.301744E-03   0.933882E-04   0.233996E-01   0.998847E-04   0.100000E-03
  56   0.219788E-03  -0.567991E-03   0.238491E-01   0.395831E-03   0.400000E-03
  57  -0.707813E-03   0.241764E-03   0.245159E-01   0.918486E-03   0.400000E-03
  58  -0.273967E-04  -0.433587E-03   0.251152E-01   0.395303E-03   0.400000E-03
  59  -0.150186E-02   0.471478E-03   0.270550E-01   0.199979E-03   0.200000E-03
  60  -0.214550E-02  -0.893347E-03   0.275529E-01   0.298015E-03   0.300000E-03
  61   0.170154E-02  -0.180535E-03   0.290845E-01   0.297292E-03   0.300000E-03
  62   0.199595E-02  -0.118090E-02   0.312196E-01   0.346779E-03   0.350000E-03
  63   0.203383E-03  -0.707992E-03   0.328561E-01   0.196880E-03   0.200000E-03
  64  -0.122857E-02  -0.793702E-03   0.347545E-01   0.345166E-03   0.350000E-03
  65   0.406521E-03  -0.398269E-03   0.363225E-01   0.619175E-03   0.350000E-03
  66   0.609446E-03  -0.518389E-03   0.364214E-01   0.139550E-03   0.150000E-03
  67   0.173250E-02   0.206070E-03   0.391297E-01   0.299090E-03   0.300000E-03
  68   0.129527E-02   0.221562E-02   0.422975E-01   0.213177E-03   0.200000E-03
  69   0.760974E-03   0.143757E-03   0.438602E-01   0.821189E-03   0.350000E-03
  70   0.834422E-04  -0.122196E-02   0.424116E-01   0.721426E-02   0.250000E-03
  71   0.525218E-03  -0.577366E-03   0.447013E-01   0.497999E-02   0.300000E-03
  72  -0.291118E-02   0.142239E-01   0.447504E-01   0.248577E-03   0.250000E-03
  73  -0.142773E-03  -0.482028E-03   0.258401E-02   0.797793E-02   0.350000E-03
  74  -0.232424E-02   0.299708E-03   0.113775E-02   0.296154E-03   0.300000E-03
  75   0.556794E-03   0.327878E-03   0.385601E-02   0.249660E-03   0.250000E-03
  76  -0.307022E-03   0.547620E-03   0.517015E-02   0.920314E-03   0.350000E-03
  77  -0.590757E-03   0.117429E-02   0.640422E-02   0.831050E-03   0.200000E-03
  78  -0.756347E-03   0.434263E-03   0.660211E-02   0.134312E-02   0.350000E-03
  79  -0.105706E-02  -0.794900E-03   0.792176E-02   0.113293E-02   0.350000E-03
  80   0.881721E-03  -0.622664E-03   0.902901E-02   0.134227E-02   0.250000E-03
  81  -0.788882E-03  -0.408994E-03   0.106548E-01   0.920541E-03   0.350000E-03
  82  -0.104957E-02  -0.258249E-04   0.132750E-01   0.978384E-03   0.300000E-03
  83  -0.358262E-03  -0.890698E-03   0.137264E-01   0.345156E-03   0.350000E-03
  84  -0.147258E-02  -0.691203E-03   0.143167E-01   0.244256E-03   0.250000E-03
  85  -0.536660E-03   0.752354E-03   0.153978E-01   0.101844E-02   0.250000E-03
  86   0.435889E-04  -0.824282E-03   0.172443E-01   0.106366E-02   0.450000E-03
  87  -0.312094E-03  -0.117834E-02   0.188243E-01   0.104771E-02   0.250000E-03
  88   0.218950E-03  -0.272732E-04   0.200326E-01   0.800008E-03   0.300000E-03
  89   0.375501E-03   0.840333E-03   0.202828E-01   0.160435E-02   0.400000E-03
  90  -0.376466E-03   0.766851E-03   0.214651E-01   0.865791E-03   0.350000E-03
  91   0.955211E-03   0.613622E-03   0.225916E-01   0.726214E-03   0.250000E-03
  92   0.416342E-03   0.816286E-03   0.231796E-01   0.827158E-03   0.350000E-03
  93   0.743783E-03   0.127373E-03   0.238033E-01   0.114024E-02   0.350000E-03
  94   0.599708E-03   0.206930E-03   0.252325E-01   0.113366E-02   0.350000E-03
  95  -0.253921E-02   0.488172E-03   0.273214E-01   0.903262E-03   0.350000E-03
  96   0.515418E-03   0.120163E-02   0.280245E-01   0.116291E-02   0.400000E-03
  97   0.902909E-03   0.198963E-03   0.294711E-01   0.969400E-03   0.250000E-03
  98   0.164597E-02  -0.705918E-03   0.302727E-01   0.108741E-02   0.450000E-03
  99   0.712231E-03  -0.784356E-03   0.324101E-01   0.245941E-03   0.250000E-03
 100   0.109638E-02  -0.108917E-02   0.327307E-01   0.623583E-03   0.250000E-03
 101  -0.462992E-03  -0.205457E-03   0.349611E-01   0.106158E-02   0.400000E-03
 102   0.127984E-02  -0.294442E-03   0.368011E-01   0.258100E-03   0.250000E-03
 103   0.374627E-03   0.484598E-03   0.376379E-01   0.889023E-03   0.250000E-03
 104   0.113472E-02  -0.226608E-03   0.385320E-01   0.294688E-03   0.300000E-03
 105   0.144062E-02   0.292329E-03   0.405605E-01   0.244019E-03   0.250000E-03
 106   0.738439E-03   0.218867E-02   0.431851E-01   0.296968E-03   0.300000E-03
 107  -0.492441E-04  -0.382419E-03   0.440856E-01   0.748853E-02   0.350000E-03
 108   0.292206E-02   0.585753E-03   0.349016E-01   0.748713E-02   0.450000E-03
 109  -0.314778E-03   0.171027E-02   0.240479E-03   0.595414E-03   0.250000E-03
 110  -0.115706E-02   0.254991E-02   0.588126E-03   0.240714E-03   0.250000E-03
 111   0.343646E-03   0.672610E-03   0.182010E-02   0.427853E-03   0.400000E-03
 112   0.571891E-03  -0.529767E-03   0.315100E-02   0.921559E-03   0.350000E-03
 113   0.641638E-03   0.211360E-03   0.588585E-02   0.112795E-02   0.400000E-03
 114  -0.837059E-03  -0.123890E-03   0.710644E-02   0.155021E-02   0.200000E-03
 115   0.168179E-03   0.297634E-03   0.847500E-02   0.155929E-02   0.350000E-03
 116  -0.408899E-03   0.585400E-03   0.983041E-02   0.133122E-02   0.350000E-03
 117  -0.632698E-03   0.189781E-03   0.113306E-01   0.744014E-03   0.350000E-03
 118  -0.315450E-03  -0.345461E-03   0.123853E-01   0.289045E-03   0.300000E-03
 119  -0.191040E-02   0.479262E-03   0.142502E-01   0.784646E-03   0.300000E-03
 120  -0.977901E-03   0.265643E-03   0.150619E-01   0.588487E-03   0.300000E-03
 121   0.447937E-03  -0.868127E-03   0.166811E-01   0.138336E-02   0.200000E-03
 122   0.152064E-02  -0.744906E-03   0.181338E-01   0.942488E-03   0.450000E-03
 123  -0.125002E-03  -0.190569E-02   0.185721E-01   0.141636E-02   0.200000E-03
 124   0.276764E-03   0.491260E-03   0.196686E-01   0.127347E-02   0.300000E-03
 125  -0.270062E-03   0.648135E-03   0.208757E-01   0.775546E-03   0.250000E-03
 126   0.519433E-03   0.976827E-03   0.209176E-01   0.131956E-02   0.300000E-03
 127   0.768227E-03   0.158943E-03   0.227129E-01   0.120513E-02   0.250000E-03
 128   0.651480E-03  -0.472731E-03   0.230678E-01   0.161885E-02   0.300000E-03
 129  -0.330656E-03  -0.651689E-03   0.236109E-01   0.169558E-02   0.250000E-03
 130   0.735764E-03  -0.165472E-03   0.257322E-01   0.718590E-03   0.300000E-03
 131   0.379747E-03   0.131966E-03   0.263503E-01   0.394022E-03   0.400000E-03
 132   0.501190E-03   0.122807E-02   0.275203E-01   0.148530E-02   0.200000E-03
 133   0.740706E-03   0.173557E-03   0.288224E-01   0.943531E-03   0.400000E-03
 134   0.222724E-02  -0.948602E-03   0.311525E-01   0.109031E-02   0.400000E-03
 135   0.182749E-02  -0.797768E-03   0.319992E-01   0.103410E-02   0.450000E-03
 136   0.165858E-02  -0.795151E-03   0.340193E-01   0.452942E-03   0.400000E-03
 137   0.104002E-02   0.216882E-03   0.372303E-01   0.765698E-03   0.100000E-03
 138   0.124473E-02  -0.204681E-03   0.374001E-01   0.132307E-02   0.250000E-03
 139   0.158395E-02   0.411032E-03   0.381714E-01   0.765778E-03   0.300000E-03
 140   0.199793E-02   0.173356E-03   0.396742E-01   0.263837E-03   0.250000E-03
 141  -0.185873E-02   0.268385E-02   0.414534E-01   0.247625E-03   0.250000E-03
 142   0.197662E-02   0.209967E-02   0.418990E-01   0.198120E-03   0.200000E-03
 143   0.209452E-03  -0.387469E-03   0.439005E-01   0.632175E-02   0.250000E-03
 144  -0.235857E-03   0.110172E-02   0.295140E-01   0.756251E-02   0.300000E-03
 145  -0.201763E-03  -0.793933E-03   0.295167E-03   0.337175E-02   0.300000E-03
 146  -0.152679E-02  -0.347048E-02   0.654164E-03   0.139191E-02   0.350000E-03
 147  -0.746102E-03  -0.201418E-03   0.400991E-02   0.842628E-03   0.200000E-03
 148  -0.406154E-03   0.104320E-02   0.527989E-02   0.289440E-03   0.300000E-03
 149   0.551804E-03   0.204181E-03   0.607953E-02   0.195154E-02   0.450000E-03
 150   0.605392E-03  -0.713530E-03   0.749711E-02   0.148188E-02   0.200000E-03
 151   0.919841E-03  -0.379607E-03   0.937680E-02   0.162396E-02   0.200000E-03
 152  -0.455137E-03  -0.226601E-03   0.103728E-01   0.138868E-02   0.200000E-03
 153  -0.922127E-04  -0.249843E-03   0.111319E-01   0.136039E-02   0.300000E-03
 154   0.973415E-04  -0.351644E-03   0.125787E-01   0.950269E-03   0.400000E-03
 155  -0.482178E-03  -0.527431E-04   0.137618E-01   0.884035E-03   0.200000E-03
 156  -0.784806E-03   0.898795E-03   0.147861E-01   0.123132E-02   0.400000E-03
 157   0.237562E-03   0.969075E-03   0.159252E-01   0.139200E-02   0.400000E-03
 158   0.486634E-03  -0.278962E-05   0.173568E-01   0.184987E-02   0.350000E-03
 159  -0.922720E-03   0.129147E-02   0.177528E-01   0.146888E-02   0.200000E-03
 160   0.730876E-03   0.382841E-03   0.181819E-01   0.164063E-02   0.250000E-03
 161   0.337981E-03   0.348043E-03   0.195786E-01   0.181160E-02   0.250000E-03
 162   0.139658E-03   0.122538E-02   0.209215E-01   0.181717E-02   0.200000E-03
 163   0.707657E-03   0.863252E-03   0.221233E-01   0.109476E-02   0.350000E-03
 164   0.791801E-04  -0.884259E-03   0.227320E-01   0.217319E-02   0.300000E-03
 165   0.359617E-03   0.524239E-03   0.248221E-01   0.157074E-02   0.250000E-03
 166   0.158036E-03   0.146467E-03   0.256256E-01   0.157718E-02   0.250000E-03
 167  -0.788785E-04  -0.300710E-03   0.266102E-01   0.113931E-02   0.400000E-03
 168   0.163107E-02  -0.728919E-03   0.285645E-01   0.153716E-02   0.250000E-03
 169   0.228987E-02  -0.396314E-03   0.301823E-01   0.172584E-02   0.200000E-03
 170   0.187825E-02  -0.351143E-03   0.307759E-01   0.179182E-02   0.400000E-03
 171  -0.111102E-03  -0.509572E-04   0.334948E-01   0.912340E-03   0.300000E-03
 172   0.788589E-03  -0.466420E-03   0.341839E-01   0.124507E-02   0.400000E-03
 173   0.110956E-02  -0.572821E-04   0.356474E-01   0.118558E-02   0.300000E-03
 174   0.163564E-02   0.141576E-04   0.368748E-01   0.104207E-02   0.350000E-03
 175   0.133508E-02   0.464257E-03   0.390238E-01   0.888342E-03   0.300000E-03
 176   0.757270E-03   0.222369E-04   0.400848E-01   0.989475E-03   0.200000E-03
 177   0.141575E-02   0.738717E-03   0.406039E-01   0.785746E-03   0.300000E-03
 178   0.387408E-03   0.387166E-03   0.443939E-01   0.143955E-02   0.200000E-03
 179   0.717231E-04   0.202777E-02   0.426964E-01   0.195958E-03   0.200000E-03
 180   0.521587E-03  -0.485818E-03   0.400279E-01   0.753566E-02   0.300000E-03
 181   0.671204E-04  -0.675508E-03   0.200416E-03   0.104354E-02   0.200000E-03
 182   0.160239E-03   0.650717E-03   0.136328E-02   0.218995E-02   0.200000E-03
 183   0.313961E-03   0.417551E-03   0.330865E-02   0.295472E-03   0.300000E-03
 184   0.553258E-03  -0.269054E-03   0.528748E-02   0.160539E-02   0.350000E-03
 185   0.315843E-03  -0.272885E-03   0.623547E-02   0.263093E-02   0.250000E-03
 186  -0.590422E-03   0.363785E-03   0.677940E-02   0.186254E-02   0.200000E-03
 187   0.890450E-03   0.803070E-04   0.787665E-02   0.179442E-02   0.300000E-03
 188   0.825035E-03  -0.214221E-03   0.961980E-02   0.200190E-02   0.250000E-03
 189  -0.943090E-03  -0.202269E-03   0.116663E-01   0.124075E-02   0.250000E-03
 190  -0.904696E-03  -0.207292E-03   0.119415E-01   0.823857E-03   0.250000E-03
 191  -0.926682E-03  -0.361177E-03   0.139828E-01   0.126439E-02   0.250000E-03
 192  -0.896970E-03   0.582863E-03   0.142720E-01   0.184044E-02   0.400000E-03
 193   0.155770E-02  -0.608069E-03   0.153004E-01   0.170649E-02   0.300000E-03
 194   0.121397E-03   0.152448E-03   0.164960E-01   0.195032E-02   0.400000E-03
 195   0.852446E-03  -0.914266E-03   0.179219E-01   0.206750E-02   0.250000E-03
 196   0.375954E-03   0.279084E-03   0.191199E-01   0.151023E-02   0.300000E-03
 197   0.451676E-03   0.491488E-03   0.199542E-01   0.227771E-02   0.350000E-03
 198   0.690397E-03   0.195386E-03   0.206528E-01   0.223646E-02   0.300000E-03
 199  -0.308118E-03   0.423323E-03   0.214798E-01   0.151322E-02   0.300000E-03
 200  -0.102122E-02  -0.784031E-03   0.222338E-01   0.215590E-02   0.200000E-03
 201   0.529772E-03   0.486074E-03   0.242736E-01   0.158819E-02   0.300000E-03
 202   0.890051E-03  -0.444023E-03   0.259662E-01   0.121562E-02   0.250000E-03
 203   0.156312E-03  -0.708812E-04   0.265354E-01   0.182821E-02   0.300000E-03
 204   0.154046E-02   0.944183E-03   0.270822E-01   0.158180E-02   0.250000E-03
 205   0.725069E-03  -0.739055E-03   0.295997E-01   0.160390E-02   0.400000E-03
 206   0.224927E-02  -0.532427E-03   0.322200E-01   0.180165E-02   0.350000E-03
 207   0.136229E-02  -0.948272E-03   0.328562E-01   0.130317E-02   0.450000E-03
 208   0.142048E-02  -0.898939E-03   0.335669E-01   0.166724E-02   0.350000E-03
 209   0.118745E-02  -0.357876E-03   0.362409E-01   0.125960E-02   0.300000E-03
 210   0.176828E-02   0.471953E-04   0.366454E-01   0.154096E-02   0.200000E-03
 211   0.130617E-02  -0.784757E-05   0.370640E-01   0.168786E-02   0.250000E-03
 212   0.915766E-03   0.709690E-03   0.400669E-01   0.592033E-03   0.200000E-03
 213  -0.265730E-03   0.759005E-03   0.411272E-01   0.622057E-03   0.250000E-03
 214   0.114351E-02   0.757146E-03   0.420745E-01   0.555165E-03   0.200000E-03
 215   0.154051E-02   0.856116E-03   0.441220E-01   0.149816E-03   0.150000E-03
 216   0.909232E-03  -0.295401E-03   0.216204E-01   0.891937E-02   0.400000E-03
 217   0.194320E-03   0.836394E-03   0.141182E-01   0.933089E-02   0.350000E-03
 218  -0.704284E-03   0.651830E-03   0.829329E-03   0.206540E-02   0.350000E-03
 219   0.713356E-03   0.106914E-03   0.365754E-02   0.653440E-03   0.200000E-03
 220  -0.722764E-03   0.348097E-03   0.452979E-02   0.129708E-02   0.400000E-03
 221   0.464916E-03   0.392091E-04   0.532282E-02   0.219492E-02   0.250000E-03
 222  -0.665639E-03   0.454028E-03   0.728965E-02   0.206705E-02   0.350000E-03
 223   0.723741E-03  -0.396756E-03   0.900211E-02   0.201339E-02   0.350000E-03
 224  -0.169822E-03  -0.824201E-05   0.102133E-01   0.191425E-02   0.350000E-03
 225  -0.275190E-03  -0.445161E-03   0.107018E-01   0.160936E-02   0.200000E-03
 226  -0.657589E-03   0.131394E-03   0.121508E-01   0.149500E-02   0.300000E-03
 227  -0.263207E-03   0.932905E-05   0.129890E-01   0.144662E-02   0.250000E-03
 228  -0.929916E-03  -0.229635E-03   0.148559E-01   0.177494E-02   0.150000E-03
 229   0.657534E-04  -0.449218E-04   0.158533E-01   0.203343E-02   0.250000E-03
 230   0.724466E-03   0.222333E-03   0.175446E-01   0.246759E-02   0.300000E-03
 231   0.104670E-02  -0.213938E-03   0.183551E-01   0.228214E-02   0.200000E-03
 232   0.462625E-03   0.416755E-03   0.186681E-01   0.190068E-02   0.300000E-03
 233   0.534034E-03   0.191064E-03   0.192076E-01   0.234350E-02   0.400000E-03
 234  -0.725082E-03   0.594720E-03   0.213355E-01   0.209571E-02   0.300000E-03
 235   0.738748E-03   0.363056E-03   0.224200E-01   0.166802E-02   0.300000E-03
 236  -0.526446E-04  -0.114928E-02   0.233271E-01   0.215581E-02   0.300000E-03
 237   0.350684E-03  -0.247108E-03   0.239762E-01   0.216563E-02   0.350000E-03
 238   0.840330E-03   0.768073E-03   0.252221E-01   0.177576E-02   0.200000E-03
 239  -0.788368E-04  -0.765915E-03   0.267047E-01   0.234687E-02   0.250000E-03
 240   0.830733E-03  -0.748356E-03   0.290116E-01   0.150974E-02   0.200000E-03
 241   0.186074E-02  -0.754758E-03   0.302015E-01   0.227003E-02   0.350000E-03
 242   0.197392E-02  -0.440954E-03   0.315233E-01   0.174154E-02   0.350000E-03
 243   0.180313E-02  -0.863119E-03   0.329438E-01   0.224404E-02   0.500000E-03
 244   0.124854E-02  -0.202854E-05   0.354518E-01   0.199221E-02   0.200000E-03
 245  -0.428930E-03  -0.689746E-03   0.349354E-01   0.180771E-02   0.350000E-03
 246   0.162426E-02  -0.174809E-03   0.365992E-01   0.213683E-02   0.400000E-03
 247   0.146945E-02   0.147442E-03   0.379935E-01   0.138905E-02   0.350000E-03
 248   0.176466E-02   0.343468E-03   0.396181E-01   0.810766E-03   0.300000E-03
 249   0.111534E-02   0.942279E-03   0.416432E-01   0.801155E-03   0.300000E-03
 250   0.108662E-02   0.214923E-02   0.437315E-01   0.242596E-03   0.250000E-03
 251  -0.633174E-03   0.130648E-03   0.446048E-01   0.297400E-02   0.400000E-03
 252   0.166886E-02  -0.150418E-03   0.336673E-01   0.773937E-02   0.350000E-03
 253   0.539112E-04  -0.404465E-03   0.214781E-02   0.743055E-02   0.350000E-03
 254  -0.745688E-03   0.221890E-02   0.135155E-02   0.101275E-02   0.350000E-03
 255   0.402688E-03   0.106469E-02   0.223929E-02   0.986807E-03   0.300000E-03
 256  -0.528850E-03   0.448008E-03   0.474491E-02   0.196293E-02   0.300000E-03
 257  -0.351004E-03   0.255787E-03   0.670926E-02   0.235691E-02   0.300000E-03
 258   0.237796E-04  -0.370466E-03   0.834380E-02   0.224430E-02   0.350000E-03
 259   0.438404E-03  -0.285601E-03   0.907488E-02   0.280581E-02   0.450000E-03
 260  -0.400698E-03  -0.898266E-04   0.989408E-02   0.259079E-02   0.400000E-03
 261  -0.700460E-03   0.165717E-03   0.116409E-01   0.179945E-02   0.300000E-03
 262  -0.815533E-03  -0.144518E-03   0.121921E-01   0.214319E-02   0.350000E-03
 263  -0.460078E-03   0.278735E-03   0.135424E-01   0.167178E-02   0.350000E-03
 264  -0.413314E-03   0.218012E-03   0.148512E-01   0.222316E-02   0.300000E-03
 265   0.853416E-03   0.405710E-03   0.166091E-01   0.253940E-02   0.200000E-03
 266   0.576422E-03   0.279810E-03   0.170114E-01   0.233729E-02   0.250000E-03
 267   0.185352E-03   0.181974E-03   0.171286E-01   0.282033E-02   0.250000E-03
 268   0.119863E-02  -0.102601E-03   0.186299E-01   0.263629E-02   0.250000E-03
 269   0.588507E-03  -0.196841E-03   0.190824E-01   0.298123E-02   0.250000E-03
 270   0.689465E-03   0.158515E-03   0.196790E-01   0.292029E-02   0.350000E-03
 271   0.224390E-03   0.552151E-03   0.219042E-01   0.185279E-02   0.250000E-03
 272  -0.756548E-03   0.551176E-03   0.223372E-01   0.274371E-02   0.400000E-03
 273   0.397897E-03  -0.639895E-03   0.235706E-01   0.279841E-02   0.400000E-03
 274  -0.403063E-03  -0.703032E-03   0.257657E-01   0.204830E-02   0.250000E-03
 275   0.278151E-03  -0.458874E-03   0.262121E-01   0.226877E-02   0.250000E-03
 276   0.101984E-02   0.390187E-03   0.274536E-01   0.198055E-02   0.300000E-03
 277   0.578554E-03  -0.486796E-03   0.294196E-01   0.217477E-02   0.200000E-03
 278   0.227048E-02  -0.665172E-03   0.318429E-01   0.239077E-02   0.350000E-03
 279   0.128830E-02  -0.102245E-02   0.323530E-01   0.269911E-02   0.250000E-03
 280   0.107256E-02  -0.919584E-03   0.343000E-01   0.193716E-02   0.300000E-03
 281   0.119302E-02  -0.981639E-04   0.358793E-01   0.173435E-02   0.300000E-03
 282   0.169336E-02  -0.131618E-03   0.375452E-01   0.179933E-02   0.250000E-03
 283   0.129860E-02   0.206980E-02   0.385023E-01   0.161170E-02   0.200000E-03
 284   0.145016E-02   0.397467E-03   0.385484E-01   0.116412E-02   0.250000E-03
 285   0.377772E-03   0.866399E-03   0.410921E-01   0.121565E-02   0.350000E-03
 286   0.384964E-03   0.154383E-03   0.432172E-01   0.893199E-03   0.300000E-03
 287   0.662810E-03   0.223712E-03   0.428396E-01   0.121766E-02   0.200000E-03
 288  -0.382298E-03  -0.459710E-03   0.593492E-02   0.798975E-02   0.350000E-03
 289   0.105240E-02   0.102309E-02   0.246958E-03   0.232463E-02   0.250000E-03
 290  -0.156504E-02   0.170002E-02   0.183815E-02   0.143291E-02   0.300000E-03
 291  -0.905492E-03   0.155720E-02   0.250243E-02   0.163277E-02   0.400000E-03
 292   0.484466E-03   0.182476E-02   0.313187E-02   0.151788E-02   0.250000E-03
 293   0.485259E-03  -0.275261E-03   0.569238E-02   0.259196E-02   0.300000E-03
 294  -0.958292E-04  -0.258545E-03   0.824520E-02   0.298344E-02   0.400000E-03
 295   0.285207E-03  -0.472589E-03   0.969639E-02   0.338120E-02   0.400000E-03
 296  -0.566892E-03   0.109277E-03   0.111047E-01   0.190738E-02   0.250000E-03
 297  -0.549214E-03   0.117971E-03   0.107095E-01   0.195530E-02   0.150000E-03
 298  -0.434771E-03   0.452080E-04   0.126091E-01   0.168695E-02   0.200000E-03
 299  -0.131036E-03   0.104072E-03   0.138580E-01   0.233646E-02   0.250000E-03
 300  -0.331303E-03  -0.820925E-03   0.149118E-01   0.271490E-02   0.200000E-03
 301  -0.357587E-03   0.356281E-03   0.154257E-01   0.236681E-02   0.300000E-03
 302   0.227640E-03  -0.219378E-03   0.170460E-01   0.335998E-02   0.300000E-03
 303   0.837845E-03   0.224936E-03   0.180359E-01   0.251340E-02   0.200000E-03
 304   0.937153E-03   0.189421E-03   0.182210E-01   0.292076E-02   0.250000E-03
 305   0.945006E-03  -0.236490E-03   0.193859E-01   0.332299E-02   0.150000E-03
 306   0.779719E-03   0.512698E-03   0.203855E-01   0.282467E-02   0.350000E-03
 307   0.132443E-03   0.106730E-02   0.218242E-01   0.234558E-02   0.250000E-03
 308  -0.313724E-03   0.994842E-03   0.227286E-01   0.337875E-02   0.350000E-03
 309   0.434669E-04  -0.815106E-03   0.245322E-01   0.265872E-02   0.400000E-03
 310  -0.198116E-03   0.785438E-03   0.251094E-01   0.226274E-02   0.300000E-03
 311   0.112715E-02  -0.127804E-03   0.272475E-01   0.259144E-02   0.350000E-03
 312   0.325257E-03   0.583611E-03   0.280970E-01   0.190754E-02   0.350000E-03
 313   0.115765E-02   0.330534E-03   0.296720E-01   0.254220E-02   0.250000E-03
 314   0.163585E-02  -0.604701E-03   0.311989E-01   0.234684E-02   0.300000E-03
 315   0.179159E-02  -0.569471E-03   0.334279E-01   0.287448E-02   0.300000E-03
 316   0.213397E-02  -0.107223E-02   0.337878E-01   0.233495E-02   0.350000E-03
 317  -0.318302E-03   0.375768E-03   0.350711E-01   0.254333E-02   0.400000E-03
 318   0.113728E-02   0.401892E-04   0.358587E-01   0.242995E-02   0.400000E-03
 319   0.126487E-02   0.306815E-03   0.389657E-01   0.143441E-02   0.250000E-03
 320   0.432264E-03   0.700091E-03   0.398295E-01   0.141856E-02   0.300000E-03
 321   0.923072E-03   0.315927E-03   0.404246E-01   0.135177E-02   0.300000E-03
 322   0.589172E-03   0.280358E-03   0.425892E-01   0.731878E-03   0.350000E-03
 323   0.567844E-03   0.214224E-03   0.439568E-01   0.211124E-02   0.350000E-03
 324   0.410155E-03  -0.544805E-03   0.396076E-01   0.718094E-02   0.250000E-03
 325  -0.138646E-03  -0.347642E-03   0.153128E-02   0.763591E-02   0.300000E-03
 326   0.380352E-03  -0.114164E-03   0.121784E-02   0.159750E-02   0.250000E-03
 327   0.143327E-03   0.213427E-03   0.202860E-02   0.221159E-02   0.350000E-03
 328  -0.542063E-03   0.929421E-03   0.379610E-02   0.169710E-02   0.450000E-03
 329  -0.197585E-03  -0.139063E-03   0.658761E-02   0.316707E-02   0.400000E-03
 330  -0.327131E-03   0.859555E-04   0.721773E-02   0.276097E-02   0.350000E-03
 331  -0.180552E-03   0.481715E-03   0.777155E-02   0.242417E-02   0.250000E-03
 332  -0.121404E-03   0.188208E-03   0.108140E-01   0.254105E-02   0.450000E-03
 333  -0.791491E-03  -0.513108E-03   0.115867E-01   0.239558E-02   0.300000E-03
 334  -0.475395E-03   0.149093E-03   0.129752E-01   0.194346E-02   0.250000E-03
 335  -0.581665E-03   0.166032E-03   0.133706E-01   0.224654E-02   0.250000E-03
 336  -0.428746E-03   0.296639E-03   0.143582E-01   0.256469E-02   0.300000E-03
 337   0.429097E-03   0.552337E-03   0.160804E-01   0.253175E-02   0.300000E-03
 338   0.289736E-03   0.367973E-04   0.166610E-01   0.374391E-02   0.250000E-03
 339  -0.237884E-03  -0.491170E-03   0.176526E-01   0.311277E-02   0.350000E-03
 340   0.419617E-03   0.953707E-04   0.189837E-01   0.352235E-02   0.300000E-03
 341   0.782609E-03   0.899357E-04   0.201065E-01   0.340644E-02   0.300000E-03
 342   0.227579E-03  -0.210509E-03   0.206147E-01   0.332257E-02   0.200000E-03
 343   0.487780E-03  -0.606378E-04   0.216482E-01   0.286528E-02   0.300000E-03
 344   0.751318E-03   0.286443E-03   0.238448E-01   0.337462E-02   0.250000E-03
 345   0.332723E-03  -0.907091E-03   0.251368E-01   0.300596E-02   0.300000E-03
 346  -0.154822E-03  -0.100238E-02   0.256649E-01   0.263683E-02   0.350000E-03
 347   0.366072E-03  -0.119662E-02   0.263653E-01   0.289812E-02   0.400000E-03
 348   0.699788E-03  -0.427705E-03   0.289518E-01   0.200358E-02   0.300000E-03
 349   0.197270E-02  -0.493369E-03   0.300725E-01   0.285098E-02   0.250000E-03
 350   0.149089E-02  -0.149421E-02   0.320709E-01   0.316815E-02   0.300000E-03
 351   0.150140E-02  -0.761513E-03   0.328132E-01   0.308121E-02   0.350000E-03
 352   0.824094E-03  -0.113335E-02   0.345003E-01   0.309677E-02   0.400000E-03
 353   0.105223E-02  -0.828639E-03   0.358964E-01   0.302356E-02   0.200000E-03
 354   0.196657E-02  -0.160831E-03   0.372454E-01   0.219898E-02   0.250000E-03
 355   0.136392E-02  -0.537020E-03   0.380380E-01   0.203530E-02   0.300000E-03
 356   0.126537E-02   0.173537E-03   0.393738E-01   0.161885E-02   0.200000E-03
 357   0.568831E-03   0.446572E-03   0.408166E-01   0.179913E-02   0.300000E-03
 358   0.101211E-02   0.806165E-03   0.416737E-01   0.134748E-02   0.250000E-03
 359  -0.633072E-03   0.306618E-03   0.442643E-01   0.531349E-02   0.250000E-03
 360   0.929291E-03  -0.678313E-03   0.448001E-01   0.418008E-02   0.200000E-03
 361   0.917089E-04  -0.561140E-03   0.685121E-03   0.279817E-02   0.400000E-03
 362  -0.777330E-04  -0.476420E-03   0.148325E-02   0.277545E-02   0.400000E-03
 363   0.747770E-04   0.389791E-03   0.311911E-02   0.201733E-02   0.250000E-03
 364  -0.333522E-03   0.731020E-03   0.490776E-02   0.254842E-02   0.300000E-03
 365   0.263177E-03  -0.382936E-03   0.588879E-02   0.315432E-02   0.300000E-03
 366  -0.269363E-03  -0.580681E-04   0.616402E-02   0.372058E-02   0.300000E-03
 367   0.252862E-03   0.173362E-03   0.872193E-02   0.334649E-02   0.200000E-03
 368  -0.212236E-03  -0.947315E-04   0.103450E-01   0.312141E-02   0.300000E-03
 369  -0.594586E-03  -0.272991E-04   0.118576E-01   0.298502E-02   0.350000E-03
 370  -0.305014E-03   0.482512E-04   0.128079E-01   0.256878E-02   0.400000E-03
 371  -0.192804E-03  -0.168070E-03   0.137413E-01   0.287050E-02   0.300000E-03
 372  -0.354316E-03   0.426919E-03   0.150286E-01   0.329877E-02   0.400000E-03
 373  -0.101642E-03   0.104940E-02   0.156280E-01   0.292463E-02   0.300000E-03
 374   0.153190E-03  -0.200327E-03   0.163744E-01   0.316466E-02   0.400000E-03
 375   0.681499E-03   0.130204E-03   0.175219E-01   0.393341E-02   0.450000E-03
 376   0.124702E-02  -0.331718E-03   0.186447E-01   0.308487E-02   0.200000E-03
 377   0.104762E-02  -0.267429E-03   0.195787E-01   0.378339E-02   0.350000E-03
 378  -0.302518E-03  -0.464577E-03   0.210908E-01   0.264522E-02   0.300000E-03
 379   0.651142E-03  -0.232756E-03   0.211631E-01   0.329706E-02   0.350000E-03
 380  -0.990866E-05  -0.836382E-03   0.219999E-01   0.341077E-02   0.350000E-03
 381  -0.135270E-04   0.143046E-03   0.244377E-01   0.340086E-02   0.350000E-03
 382   0.104645E-02   0.371966E-04   0.267190E-01   0.349240E-02   0.300000E-03
 383   0.975945E-03  -0.755033E-03   0.278290E-01   0.244412E-02   0.250000E-03
 384   0.986684E-04   0.226239E-03   0.285109E-01   0.240242E-02   0.300000E-03
 385   0.656903E-03  -0.316790E-04   0.291233E-01   0.257842E-02   0.300000E-03
 386   0.161191E-02  -0.108559E-02   0.307011E-01   0.267785E-02   0.300000E-03
 387   0.173638E-02  -0.834507E-03   0.324649E-01   0.368007E-02   0.350000E-03
 388   0.115497E-02  -0.861337E-03   0.354261E-01   0.345904E-02   0.450000E-03
 389   0.160566E-02  -0.123075E-03   0.360747E-01   0.337887E-02   0.200000E-03
 390   0.163112E-02  -0.734525E-03   0.364855E-01   0.292504E-02   0.400000E-03
 391   0.135584E-02  -0.710071E-03   0.376897E-01   0.252097E-02   0.300000E-03
 392   0.126128E-02   0.360559E-03   0.390474E-01   0.192654E-02   0.250000E-03
 393   0.989871E-03   0.397544E-03   0.396164E-01   0.211079E-02   0.350000E-03
 394   0.169437E-03   0.823824E-03   0.422160E-01   0.126281E-02   0.300000E-03
 395   0.668693E-03   0.331303E-03   0.438972E-01   0.146690E-02   0.300000E-03
 396  -0.914791E-03  -0.985213E-03   0.444100E-01   0.241286E-02   0.200000E-03
 397   0.121409E-03   0.497244E-04   0.973250E-03   0.354166E-02   0.400000E-03
 398   0.926076E-04   0.580730E-04   0.266740E-02   0.233051E-02   0.300000E-03
 399  -0.321943E-03   0.245225E-03   0.352501E-02   0.238804E-02   0.300000E-03
 400  -0.553325E-03   0.628653E-03   0.422298E-02   0.242885E-02   0.400000E-03
 401  -0.249265E-03  -0.451332E-04   0.573671E-02   0.397825E-02   0.200000E-03
 402  -0.485367E-03  -0.112125E-03   0.727154E-02   0.345646E-02   0.350000E-03
 403   0.172124E-03   0.122127E-03   0.852575E-02   0.374723E-02   0.250000E-03
 404   0.472681E-04   0.123674E-04   0.907341E-02   0.370048E-02   0.300000E-03
 405  -0.353743E-03  -0.261097E-03   0.119723E-01   0.352634E-02   0.200000E-03
 406  -0.511067E-03  -0.766020E-04   0.125314E-01   0.331250E-02   0.400000E-03
 407  -0.435722E-03  -0.151963E-03   0.132086E-01   0.314225E-02   0.300000E-03
 408   0.383264E-03   0.192251E-03   0.142328E-01   0.336720E-02   0.400000E-03
 409  -0.281362E-03   0.613045E-03   0.157286E-01   0.355961E-02   0.350000E-03
 410  -0.166472E-03   0.403355E-03   0.161872E-01   0.401517E-02   0.300000E-03
 411   0.244430E-03   0.382788E-03   0.167224E-01   0.428479E-02   0.300000E-03
 412   0.842027E-03   0.470963E-04   0.182860E-01   0.356453E-02   0.400000E-03
 413   0.667422E-03  -0.670885E-03   0.202636E-01   0.398149E-02   0.300000E-03
 414   0.328791E-03   0.606928E-04   0.207642E-01   0.374566E-02   0.250000E-03
 415   0.886008E-04  -0.114257E-02   0.208262E-01   0.439201E-02   0.400000E-03
 416   0.308251E-03  -0.335560E-03   0.223944E-01   0.404753E-02   0.400000E-03
 417  -0.504940E-03   0.815584E-03   0.233413E-01   0.358672E-02   0.300000E-03
 418   0.273016E-03   0.379689E-03   0.250845E-01   0.365115E-02   0.350000E-03
 419   0.864463E-03  -0.286002E-03   0.277443E-01   0.307617E-02   0.350000E-03
 420   0.227303E-03  -0.213244E-03   0.283144E-01   0.290846E-02   0.250000E-03
 421   0.150980E-02   0.129385E-03   0.295430E-01   0.312245E-02   0.350000E-03
 422   0.148979E-02  -0.139041E-02   0.313271E-01   0.308616E-02   0.450000E-03
 423   0.120798E-02  -0.107010E-02   0.338147E-01   0.338856E-02   0.350000E-03
 424   0.953503E-03  -0.728880E-03   0.347393E-01   0.375219E-02   0.300000E-03
 425   0.164939E-02  -0.598277E-03   0.369985E-01   0.339770E-02   0.300000E-03
 426   0.156878E-02  -0.821319E-03   0.371770E-01   0.282569E-02   0.300000E-03
 427   0.752448E-03  -0.232804E-03   0.380409E-01   0.312535E-02   0.300000E-03
 428   0.221309E-02  -0.888590E-04   0.385811E-01   0.210106E-02   0.250000E-03
 429   0.947371E-03   0.520648E-03   0.402311E-01   0.191391E-02   0.300000E-03
 430   0.742649E-03   0.444180E-03   0.419323E-01   0.188331E-02   0.350000E-03
 431   0.662812E-03   0.528301E-03   0.426732E-01   0.179082E-02   0.400000E-03
 432   0.469479E-03   0.370730E-03   0.433000E-01   0.148284E-02   0.300000E-03
 433  -0.836590E-04   0.172245E-03   0.347792E-03   0.401713E-02   0.350000E-03
 434  -0.340967E-03  -0.545730E-03   0.159940E-02   0.186899E-02   0.200000E-03
 435   0.314991E-04   0.804180E-04   0.316268E-02   0.291832E-02   0.350000E-03
 436  -0.509725E-03   0.559610E-03   0.527910E-02   0.295003E-02   0.250000E-03
 437  -0.173012E-03   0.202386E-03   0.565305E-02   0.359086E-02   0.200000E-03
 438  -0.281391E-03  -0.474816E-03   0.675095E-02   0.384489E-02   0.300000E-03
 439  -0.234186E-03  -0.143730E-03   0.793513E-02   0.366117E-02   0.350000E-03
 440  -0.769441E-03  -0.522079E-03   0.108859E-01   0.377564E-02   0.200000E-03
 441  -0.589222E-03  -0.292198E-03   0.109227E-01   0.327977E-02   0.300000E-03
 442  -0.434822E-03   0.977079E-04   0.130926E-01   0.373084E-02   0.300000E-03
 443   0.239693E-03   0.229847E-03   0.136025E-01   0.352472E-02   0.250000E-03
 444  -0.358872E-03   0.644745E-03   0.152255E-01   0.396714E-02   0.300000E-03
 445  -0.225952E-03   0.658155E-03   0.156777E-01   0.449383E-02   0.400000E-03
 446  -0.812700E-04   0.574628E-03   0.162760E-01   0.450209E-02   0.200000E-03
 447   0.636822E-03   0.398069E-03   0.172178E-01   0.461693E-02   0.300000E-03
 448   0.807628E-03  -0.187811E-03   0.183094E-01   0.446154E-02   0.500000E-03
 449   0.850919E-03  -0.380571E-04   0.192032E-01   0.443075E-02   0.400000E-03
 450   0.280557E-03  -0.363503E-04   0.198985E-01   0.445467E-02   0.300000E-03
 451   0.186560E-03  -0.120403E-02   0.215015E-01   0.396578E-02   0.400000E-03
 452   0.719152E-03  -0.674948E-03   0.218930E-01   0.460300E-02   0.350000E-03
 453   0.655727E-03  -0.645040E-03   0.239951E-01   0.395078E-02   0.350000E-03
 454  -0.600707E-04  -0.117131E-05   0.257083E-01   0.333491E-02   0.350000E-03
 455   0.142764E-02  -0.616365E-03   0.269458E-01   0.304886E-02   0.200000E-03
 456   0.624573E-03   0.249376E-03   0.288490E-01   0.316874E-02   0.350000E-03
 457   0.171889E-02  -0.831495E-03   0.304676E-01   0.322664E-02   0.300000E-03
 458   0.176728E-02  -0.795029E-03   0.307008E-01   0.382278E-02   0.350000E-03
 459   0.598161E-03  -0.607293E-03   0.317736E-01   0.375465E-02   0.350000E-03
 460   0.133939E-02  -0.651546E-03   0.342002E-01   0.384683E-02   0.250000E-03
 461   0.164892E-02  -0.229396E-03   0.364784E-01   0.357320E-02   0.250000E-03
 462   0.154424E-02  -0.144469E-03   0.376577E-01   0.428434E-02   0.300000E-03
 463   0.898787E-03  -0.644626E-03   0.382841E-01   0.257940E-02   0.300000E-03
 464   0.173386E-02  -0.545326E-03   0.390239E-01   0.263889E-02   0.450000E-03
 465   0.817592E-03  -0.545311E-03   0.407091E-01   0.238529E-02   0.300000E-03
 466   0.111124E-02  -0.484214E-03   0.411680E-01   0.257963E-02   0.200000E-03
 467   0.417558E-03   0.202007E-03   0.435632E-01   0.256015E-02   0.250000E-03
 468   0.271669E-03  -0.696111E-03   0.435810E-01   0.383249E-02   0.350000E-03
 469   0.307513E-03   0.145388E-03   0.105453E-02   0.438603E-02   0.450000E-03
 470   0.153739E-04  -0.422196E-03   0.217893E-02   0.284229E-02   0.300000E-03
 471  -0.266283E-03  -0.713954E-04   0.387610E-02   0.314649E-02   0.400000E-03
 472  -0.424809E-03  -0.184296E-04   0.456821E-02   0.304250E-02   0.300000E-03
 473  -0.404506E-03   0.122942E-03   0.505504E-02   0.355569E-02   0.400000E-03
 474  -0.555652E-03   0.557426E-04   0.745702E-02   0.402054E-02   0.250000E-03
 475  -0.111922E-03   0.123065E-03   0.809713E-02   0.434055E-02   0.350000E-03
 476   0.313298E-04   0.637297E-04   0.955137E-02   0.406228E-02   0.300000E-03
 477  -0.937918E-03  -0.591624E-04   0.113085E-01   0.296183E-02   0.200000E-03
 478  -0.411365E-03  -0.295592E-03   0.122514E-01   0.399996E-02   0.350000E-03
 479   0.439983E-03   0.219979E-03   0.142045E-01   0.401421E-02   0.250000E-03
 480  -0.418722E-03   0.100402E-03   0.146747E-01   0.384364E-02   0.250000E-03
 481  -0.645997E-04   0.440545E-03   0.148098E-01   0.432497E-02   0.250000E-03
 482   0.206864E-04   0.511163E-03   0.162711E-01   0.509588E-02   0.400000E-03
 483   0.632943E-03  -0.487577E-03   0.169678E-01   0.516246E-02   0.300000E-03
 484   0.814676E-03  -0.240226E-03   0.185813E-01   0.521034E-02   0.300000E-03
 485   0.473011E-03  -0.730498E-03   0.195798E-01   0.507735E-02   0.350000E-03
 486   0.665458E-03   0.456804E-03   0.202320E-01   0.495140E-02   0.300000E-03
 487   0.582421E-03  -0.578175E-03   0.213001E-01   0.496887E-02   0.350000E-03
 488   0.671755E-03  -0.548489E-03   0.218190E-01   0.514732E-02   0.200000E-03
 489   0.124896E-02  -0.546327E-03   0.245927E-01   0.399259E-02   0.250000E-03
 490   0.814891E-03  -0.302727E-04   0.272538E-01   0.340389E-02   0.250000E-03
 491   0.989439E-03  -0.875054E-04   0.282685E-01   0.345920E-02   0.300000E-03
 492   0.107976E-02   0.546490E-03   0.292465E-01   0.380258E-02   0.400000E-03
 493   0.873016E-03  -0.203642E-03   0.299920E-01   0.359210E-02   0.300000E-03
 494   0.596213E-03  -0.603345E-03   0.312335E-01   0.372749E-02   0.200000E-03
 495   0.167891E-02  -0.103537E-02   0.328888E-01   0.402390E-02   0.200000E-03
 496   0.168177E-02  -0.197009E-03   0.359456E-01   0.419652E-02   0.350000E-03
 497   0.164930E-02  -0.144572E-03   0.361097E-01   0.372572E-02   0.150000E-03
 498   0.144750E-02  -0.289286E-03   0.373726E-01   0.381470E-02   0.250000E-03
 499   0.155224E-02  -0.716414E-03   0.375421E-01   0.334587E-02   0.250000E-03
 500   0.140957E-02  -0.929033E-03   0.394038E-01   0.310265E-02   0.150000E-03
 501   0.905737E-03  -0.525483E-03   0.401661E-01   0.245876E-02   0.250000E-03
 502   0.771733E-03   0.505783E-03   0.413257E-01   0.210956E-02   0.300000E-03
 503   0.584942E-03   0.194630E-03   0.429686E-01   0.263203E-02   0.350000E-03
 504   0.608590E-03   0.380131E-03   0.433084E-01   0.207888E-02   0.300000E-03
 505   0.203358E-03   0.122464E-03   0.165157E-02   0.385468E-02   0.350000E-03
 506   0.286509E-03  -0.140498E-03   0.186840E-02   0.329602E-02   0.250000E-03
 507  -0.173218E-03  -0.223781E-03   0.332774E-02   0.349497E-02   0.250000E-03
 508  -0.211898E-03  -0.186994E-04   0.436317E-02   0.364719E-02   0.300000E-03
 509  -0.259891E-03   0.150923E-04   0.608215E-02   0.426388E-02   0.250000E-03
 510  -0.450778E-03   0.195244E-03   0.748831E-02   0.456164E-02   0.300000E-03
 511  -0.236063E-03  -0.730423E-03   0.876462E-02   0.423877E-02   0.300000E-03
 512  -0.200936E-03  -0.554806E-03   0.103380E-01   0.376694E-02   0.350000E-03
 513  -0.404920E-03  -0.232192E-03   0.114741E-01   0.350898E-02   0.300000E-03
 514   0.313570E-03  -0.535135E-04   0.128792E-01   0.440353E-02   0.400000E-03
 515   0.242441E-03   0.201737E-03   0.136146E-01   0.412392E-02   0.350000E-03
 516   0.379202E-03   0.969382E-04   0.142833E-01   0.460667E-02   0.350000E-03
 517   0.882418E-04   0.554175E-03   0.151327E-01   0.456042E-02   0.150000E-03
 518  -0.219676E-03   0.480283E-03   0.154907E-01   0.526560E-02   0.400000E-03
 519   0.570561E-03   0.383014E-04   0.176961E-01   0.504598E-02   0.350000E-03
 520   0.280661E-03  -0.564432E-03   0.190966E-01   0.551161E-02   0.300000E-03
 521   0.774600E-03  -0.328550E-03   0.200805E-01   0.563391E-02   0.400000E-03
 522   0.580367E-03   0.381687E-03   0.206662E-01   0.528636E-02   0.250000E-03
 523   0.645646E-03   0.103802E-03   0.217992E-01   0.559571E-02   0.250000E-03
 524   0.100780E-03  -0.367901E-03   0.230889E-01   0.412822E-02   0.300000E-03
 525   0.811160E-03  -0.588503E-04   0.251360E-01   0.439889E-02   0.400000E-03
 526   0.388810E-03   0.501390E-03   0.256011E-01   0.394826E-02   0.250000E-03
 527   0.939893E-03  -0.286578E-03   0.277294E-01   0.372625E-02   0.300000E-03
 528   0.106229E-02   0.276250E-03   0.291283E-01   0.454275E-02   0.350000E-03
 529   0.129274E-02   0.518881E-03   0.304621E-01   0.441701E-02   0.300000E-03
 530   0.898842E-03   0.121667E-03   0.321578E-01   0.407457E-02   0.150000E-03
 531   0.193191E-02  -0.220763E-03   0.330552E-01   0.357471E-02   0.200000E-03
 532   0.119634E-02  -0.230541E-03   0.352013E-01   0.427725E-02   0.400000E-03
 533   0.153427E-02  -0.323158E-03   0.368476E-01   0.397666E-02   0.300000E-03
 534   0.172779E-02  -0.208375E-04   0.382376E-01   0.443777E-02   0.300000E-03
 535  -0.140239E-03   0.632001E-03   0.379223E-01   0.374284E-02   0.300000E-03
 536   0.103573E-02   0.339847E-03   0.387030E-01   0.314241E-02   0.150000E-03
 537   0.725839E-03  -0.606236E-03   0.404459E-01   0.274357E-02   0.150000E-03
 538   0.572166E-03   0.223136E-03   0.417682E-01   0.251067E-02   0.300000E-03
 539   0.599524E-03   0.239557E-03   0.423582E-01   0.241171E-02   0.300000E-03
 540   0.713325E-03   0.463208E-03   0.439694E-01   0.284432E-02   0.250000E-03
 541  -0.285577E-03   0.958694E-04   0.472932E-02   0.854864E-02   0.300000E-03
 542   0.202644E-03  -0.183185E-03   0.257881E-02   0.353080E-02   0.500000E-03
 543  -0.303925E-03   0.401134E-04   0.376066E-02   0.383422E-02   0.300000E-03
 544  -0.267300E-03   0.186807E-03   0.419653E-02   0.416937E-02   0.250000E-03
 545  -0.337775E-03   0.831886E-05   0.532079E-02   0.414608E-02   0.250000E-03
 546  -0.521289E-03  -0.135959E-03   0.858670E-02   0.496658E-02   0.450000E-03
 547   0.257888E-03  -0.392499E-03   0.925539E-02   0.458246E-02   0.300000E-03
 548  -0.614267E-04  -0.101764E-03   0.977076E-02   0.450815E-02   0.200000E-03
 549  -0.658719E-03  -0.821073E-04   0.110829E-01   0.433941E-02   0.400000E-03
 550  -0.407423E-03  -0.269836E-03   0.116526E-01   0.402722E-02   0.250000E-03
 551   0.384378E-03   0.337292E-04   0.135489E-01   0.492082E-02   0.450000E-03
 552   0.362799E-03   0.354729E-04   0.142501E-01   0.530300E-02   0.350000E-03
 553   0.448213E-03   0.210255E-03   0.148392E-01   0.483194E-02   0.250000E-03
 554   0.487307E-04   0.664198E-04   0.151065E-01   0.578372E-02   0.250000E-03
 555   0.156797E-03   0.104341E-03   0.160268E-01   0.585589E-02   0.400000E-03
 556   0.591818E-03   0.153170E-04   0.180937E-01   0.555667E-02   0.300000E-03
 557   0.859329E-03  -0.203002E-03   0.188371E-01   0.484051E-02   0.150000E-03
 558   0.376475E-03   0.100432E-03   0.211626E-01   0.570332E-02   0.400000E-03
 559   0.321328E-03  -0.850368E-04   0.225748E-01   0.467163E-02   0.250000E-03
 560   0.700273E-03  -0.542261E-03   0.236649E-01   0.444600E-02   0.250000E-03
 561   0.523975E-03   0.415882E-03   0.258852E-01   0.447459E-02   0.350000E-03
 562   0.397902E-03   0.222353E-03   0.261869E-01   0.384502E-02   0.350000E-03
 563   0.124025E-02   0.587125E-03   0.285143E-01   0.411338E-02   0.400000E-03
 564   0.103942E-02   0.599395E-04   0.285291E-01   0.481271E-02   0.300000E-03
 565   0.478706E-03   0.207352E-03   0.298394E-01   0.425407E-02   0.350000E-03
 566   0.245955E-02  -0.677881E-03   0.312744E-01   0.437959E-02   0.450000E-03
 567   0.209054E-02  -0.284936E-03   0.332656E-01   0.329389E-02   0.150000E-03
 568   0.125386E-02  -0.778917E-03   0.338558E-01   0.383434E-02   0.100000E-03
 569   0.175531E-02   0.261370E-03   0.369883E-01   0.450564E-02   0.250000E-03
 570   0.161903E-02   0.830584E-04   0.378152E-01   0.486252E-02   0.300000E-03
 571   0.125517E-02   0.141324E-03   0.384821E-01   0.352813E-02   0.300000E-03
 572   0.429575E-03  -0.914778E-04   0.390695E-01   0.340271E-02   0.300000E-03
 573   0.112007E-02  -0.759378E-03   0.397489E-01   0.281453E-02   0.300000E-03
 574   0.922043E-03  -0.634063E-03   0.414239E-01   0.322818E-02   0.500000E-03
 575   0.488436E-03   0.279262E-03   0.421401E-01   0.291392E-02   0.250000E-03
 576   0.648283E-03  -0.876378E-03   0.444195E-01   0.385597E-02   0.300000E-03
 577   0.740913E-05   0.482949E-03   0.300185E-03   0.466337E-02   0.300000E-03
 578   0.357376E-04   0.291687E-03   0.261415E-02   0.437403E-02   0.350000E-03
 579   0.156045E-03  -0.190926E-03   0.476632E-02   0.436694E-02   0.350000E-03
 580  -0.326766E-03   0.336134E-04   0.543672E-02   0.463072E-02   0.250000E-03
 581   0.156246E-04  -0.605121E-04   0.707950E-02   0.415209E-02   0.150000E-03
 582  -0.186996E-03  -0.229124E-03   0.794184E-02   0.486804E-02   0.200000E-03
 583  -0.147534E-03  -0.261166E-03   0.995364E-02   0.491602E-02   0.250000E-03
 584  -0.132138E-03  -0.129308E-03   0.103453E-01   0.446427E-02   0.350000E-03
 585  -0.280040E-03  -0.210305E-03   0.107142E-01   0.517166E-02   0.450000E-03
 586  -0.422342E-03  -0.403535E-03   0.118775E-01   0.452817E-02   0.300000E-03
 587   0.421426E-03  -0.144502E-03   0.123509E-01   0.468579E-02   0.200000E-03
 588   0.292579E-03   0.101353E-03   0.136756E-01   0.555802E-02   0.200000E-03
 589   0.117748E-02   0.696881E-04   0.148474E-01   0.535510E-02   0.250000E-03
 590  -0.436182E-04  -0.186219E-04   0.154631E-01   0.605742E-02   0.200000E-03
 591   0.318456E-03   0.545122E-03   0.173794E-01   0.554900E-02   0.250000E-03
 592   0.477416E-03   0.249867E-03   0.181366E-01   0.615238E-02   0.300000E-03
 593   0.550412E-03  -0.228151E-03   0.194695E-01   0.597784E-02   0.300000E-03
 594   0.935742E-03  -0.153848E-03   0.205904E-01   0.618322E-02   0.350000E-03
 595   0.787935E-03  -0.587383E-03   0.222065E-01   0.505257E-02   0.200000E-03
 596   0.132814E-03  -0.161347E-03   0.231661E-01   0.477239E-02   0.350000E-03
 597   0.999122E-03  -0.475875E-04   0.243650E-01   0.460004E-02   0.400000E-03
 598   0.228855E-03   0.281550E-03   0.265825E-01   0.441816E-02   0.350000E-03
 599   0.107119E-02  -0.105088E-03   0.271342E-01   0.398773E-02   0.350000E-03
 600   0.473305E-03   0.114072E-04   0.298723E-01   0.490065E-02   0.300000E-03
 601   0.135663E-02   0.223507E-03   0.305007E-01   0.505621E-02   0.350000E-03
 602   0.121355E-02   0.102593E-02   0.309756E-01   0.489974E-02   0.150000E-03
 603   0.185833E-02  -0.217134E-03   0.330387E-01   0.455123E-02   0.350000E-03
 604   0.135836E-02  -0.943564E-03   0.334331E-01   0.397304E-02   0.350000E-03
 605   0.186761E-02   0.771205E-04   0.364060E-01   0.478484E-02   0.400000E-03
 606   0.115485E-02   0.647827E-04   0.385065E-01   0.514686E-02   0.450000E-03
 607   0.142088E-02   0.248364E-03   0.386273E-01   0.405296E-02   0.250000E-03
 608   0.213527E-02   0.279037E-03   0.396706E-01   0.346459E-02   0.300000E-03
 609   0.858301E-03  -0.792411E-03   0.402669E-01   0.320467E-02   0.350000E-03
 610   0.842202E-03  -0.379494E-03   0.408931E-01   0.279528E-02   0.150000E-03
 611   0.167442E-03  -0.548379E-03   0.428115E-01   0.362281E-02   0.450000E-03
 612   0.724605E-03  -0.928716E-03   0.434473E-01   0.314442E-02   0.350000E-03
 613  -0.415932E-03   0.283294E-03   0.104247E-01   0.863291E-02   0.350000E-03
 614   0.132528E-03   0.218827E-03   0.313716E-02   0.453504E-02   0.200000E-03
 615  -0.302811E-03   0.184512E-03   0.368203E-02   0.447707E-02   0.350000E-03
 616  -0.285278E-03  -0.234458E-04   0.568753E-02   0.432246E-02   0.150000E-03
 617  -0.390284E-03   0.305268E-04   0.663848E-02   0.448202E-02   0.350000E-03
 618  -0.457860E-03  -0.217752E-03   0.811718E-02   0.554967E-02   0.300000E-03
 619   0.305258E-03   0.727729E-04   0.930460E-02   0.517833E-02   0.300000E-03
 620  -0.285773E-03  -0.263097E-03   0.988649E-02   0.555976E-02   0.400000E-03
 621  -0.366871E-03  -0.636750E-04   0.114045E-01   0.535665E-02   0.250000E-03
 622  -0.502262E-03  -0.231557E-03   0.114514E-01   0.486745E-02   0.250000E-03
 623   0.572056E-03   0.738249E-04   0.126789E-01   0.512613E-02   0.350000E-03
 624   0.211206E-03  -0.235425E-04   0.140001E-01   0.579164E-02   0.200000E-03
 625   0.195341E-03  -0.590674E-05   0.145284E-01   0.593962E-02   0.350000E-03
 626  -0.139914E-03   0.569868E-03   0.166440E-01   0.549600E-02   0.150000E-03
 627  -0.151270E-03   0.653625E-03   0.169483E-01   0.566328E-02   0.200000E-03
 628   0.363280E-03   0.303571E-03   0.175426E-01   0.606986E-02   0.300000E-03
 629   0.848839E-03  -0.223424E-03   0.187565E-01   0.656747E-02   0.450000E-03
 630   0.647049E-03   0.377526E-03   0.218086E-01   0.614550E-02   0.300000E-03
 631   0.564714E-03  -0.695489E-03   0.226996E-01   0.529227E-02   0.350000E-03
 632   0.848618E-03  -0.514965E-04   0.237798E-01   0.498233E-02   0.300000E-03
 633   0.919947E-03  -0.120178E-03   0.246184E-01   0.519595E-02   0.250000E-03
 634   0.895951E-03   0.390495E-03   0.271164E-01   0.453443E-02   0.200000E-03
 635   0.139785E-02   0.454739E-03   0.277583E-01   0.448120E-02   0.450000E-03
 636   0.881096E-03  -0.189520E-03   0.293335E-01   0.515842E-02   0.300000E-03
 637   0.122043E-02  -0.275052E-03   0.303018E-01   0.567101E-02   0.300000E-03
 638   0.185569E-02  -0.106943E-03   0.321554E-01   0.475358E-02   0.350000E-03
 639   0.158295E-02  -0.223334E-03   0.342934E-01   0.480542E-02   0.250000E-03
 640   0.161839E-02  -0.256586E-03   0.345039E-01   0.430165E-02   0.300000E-03
 641   0.179645E-02   0.284180E-04   0.368810E-01   0.529633E-02   0.300000E-03
 642   0.159483E-02   0.206105E-03   0.372709E-01   0.491174E-02   0.250000E-03
 643   0.130997E-02  -0.151150E-03   0.388061E-01   0.451501E-02   0.250000E-03
 644   0.101243E-02   0.303313E-03   0.392838E-01   0.406884E-02   0.400000E-03
 645   0.882735E-03  -0.480838E-03   0.417284E-01   0.385768E-02   0.200000E-03
 646   0.113988E-02   0.277930E-03   0.407853E-01   0.334994E-02   0.150000E-03
 647   0.490210E-03   0.289901E-03   0.425776E-01   0.301718E-02   0.200000E-03
 648  -0.693387E-03   0.285740E-03   0.448029E-01   0.353920E-02   0.200000E-03
 649   0.217696E-04   0.471224E-03   0.716038E-03   0.494037E-02   0.200000E-03
 650   0.700594E-04  -0.943999E-04   0.266380E-02   0.506603E-02   0.350000E-03
 651   0.276606E-03  -0.144746E-03   0.319684E-02   0.403858E-02   0.300000E-03
 652  -0.723598E-03  -0.706326E-04   0.458082E-02   0.496543E-02   0.200000E-03
 653  -0.330856E-03   0.282403E-04   0.656813E-02   0.497509E-02   0.150000E-03
 654  -0.469075E-03  -0.176536E-03   0.748302E-02   0.525454E-02   0.400000E-03
 655  -0.429411E-03  -0.267056E-03   0.876146E-02   0.574558E-02   0.350000E-03
 656  -0.173963E-03  -0.297539E-03   0.933850E-02   0.590665E-02   0.250000E-03
 657  -0.224393E-03  -0.348126E-03   0.104615E-01   0.595165E-02   0.300000E-03
 658  -0.220886E-03   0.456830E-04   0.119799E-01   0.516946E-02   0.350000E-03
 659   0.432788E-03  -0.542670E-04   0.131512E-01   0.549559E-02   0.250000E-03
 660   0.575008E-04   0.139854E-03   0.136183E-01   0.625277E-02   0.400000E-03
 661   0.173136E-04  -0.545685E-04   0.150448E-01   0.632871E-02   0.300000E-03
 662   0.219526E-03   0.226717E-03   0.163606E-01   0.646701E-02   0.300000E-03
 663   0.329102E-03  -0.157712E-04   0.166620E-01   0.600840E-02   0.250000E-03
 664   0.291205E-03   0.332867E-03   0.177747E-01   0.656527E-02   0.250000E-03
 665   0.751695E-03  -0.885769E-04   0.199574E-01   0.632212E-02   0.300000E-03
 666   0.288111E-03   0.980202E-03   0.212096E-01   0.640059E-02   0.300000E-03
 667   0.122301E-03  -0.140822E-03   0.223036E-01   0.580383E-02   0.300000E-03
 668   0.919225E-03  -0.104825E-03   0.233503E-01   0.539767E-02   0.300000E-03
 669   0.903494E-03  -0.238023E-03   0.248266E-01   0.479118E-02   0.100000E-03
 670   0.402808E-03  -0.166581E-03   0.263227E-01   0.490082E-02   0.200000E-03
 671   0.752435E-03  -0.311075E-03   0.284602E-01   0.530998E-02   0.200000E-03
 672   0.112199E-02  -0.130677E-03   0.280640E-01   0.510926E-02   0.250000E-03
 673   0.133922E-02   0.216337E-03   0.310004E-01   0.553366E-02   0.350000E-03
 674   0.251738E-02  -0.510844E-03   0.315629E-01   0.512327E-02   0.350000E-03
 675   0.195536E-02  -0.190991E-03   0.325087E-01   0.427356E-02   0.250000E-03
 676   0.124504E-02  -0.253282E-03   0.347912E-01   0.477964E-02   0.250000E-03
 677   0.177320E-02   0.657600E-04   0.369681E-01   0.598910E-02   0.400000E-03
 678   0.226930E-02   0.235635E-04   0.374199E-01   0.539146E-02   0.250000E-03
 679   0.142482E-02   0.265536E-04   0.390954E-01   0.542044E-02   0.200000E-03
 680   0.162921E-02   0.451496E-04   0.392651E-01   0.489876E-02   0.350000E-03
 681   0.386838E-03   0.184712E-03   0.410971E-01   0.389915E-02   0.250000E-03
 682   0.364318E-03  -0.648878E-03   0.421480E-01   0.341219E-02   0.250000E-03
 683   0.412278E-03  -0.448586E-03   0.440288E-01   0.455045E-02   0.500000E-03
 684   0.570820E-03  -0.879779E-03   0.440478E-01   0.338782E-02   0.300000E-03
 685   0.633373E-03  -0.366808E-03   0.348572E-03   0.738673E-02   0.350000E-03
 686  -0.119571E-04  -0.563422E-03   0.332781E-02   0.565010E-02   0.350000E-03
 687  -0.221890E-04  -0.150373E-03   0.330842E-02   0.500375E-02   0.300000E-03
 688   0.212006E-04  -0.168829E-03   0.502519E-02   0.490838E-02   0.250000E-03
 689  -0.351621E-03   0.921234E-04   0.706625E-02   0.482351E-02   0.200000E-03
 690  -0.446540E-03  -0.251294E-03   0.761155E-02   0.598625E-02   0.350000E-03
 691  -0.241989E-03  -0.162651E-03   0.877315E-02   0.650551E-02   0.350000E-03
 692  -0.225705E-03  -0.156610E-03   0.989071E-02   0.625768E-02   0.300000E-03
 693  -0.284065E-03  -0.213605E-03   0.103844E-01   0.649367E-02   0.250000E-03
 694  -0.412180E-03  -0.264934E-03   0.111045E-01   0.586893E-02   0.350000E-03
 695   0.191118E-03   0.423626E-03   0.128922E-01   0.603633E-02   0.350000E-03
 696  -0.109606E-03   0.924183E-04   0.146247E-01   0.725201E-02   0.250000E-03
 697   0.181307E-03  -0.816088E-04   0.143266E-01   0.665790E-02   0.400000E-03
 698   0.589502E-03   0.132743E-03   0.156791E-01   0.661594E-02   0.400000E-03
 699   0.388486E-03   0.273146E-03   0.170822E-01   0.665951E-02   0.450000E-03
 700   0.165044E-03   0.160932E-03   0.181318E-01   0.698144E-02   0.300000E-03
 701   0.868561E-03  -0.189825E-03   0.194927E-01   0.669787E-02   0.300000E-03
 702   0.762176E-03   0.853911E-04   0.203620E-01   0.689233E-02   0.400000E-03
 703   0.820975E-03  -0.198939E-04   0.229777E-01   0.598780E-02   0.400000E-03
 704   0.824470E-03  -0.402049E-04   0.241126E-01   0.559681E-02   0.400000E-03
 705   0.875159E-03  -0.551435E-04   0.250931E-01   0.504557E-02   0.250000E-03
 706   0.546167E-03  -0.206282E-03   0.259076E-01   0.507270E-02   0.250000E-03
 707   0.103045E-02  -0.111652E-03   0.269216E-01   0.509807E-02   0.400000E-03
 708   0.425335E-03  -0.628303E-03   0.298020E-01   0.544511E-02   0.250000E-03
 709   0.191319E-02  -0.717986E-03   0.320840E-01   0.529859E-02   0.200000E-03
 710   0.166538E-02  -0.156858E-03   0.326854E-01   0.503266E-02   0.250000E-03
 711   0.166882E-02  -0.210576E-03   0.337337E-01   0.460130E-02   0.350000E-03
 712   0.160837E-02   0.227623E-03   0.351208E-01   0.521953E-02   0.300000E-03
 713   0.153455E-02  -0.436577E-04   0.381576E-01   0.636233E-02   0.350000E-03
 714   0.158715E-02  -0.376140E-03   0.379308E-01   0.570048E-02   0.350000E-03
 715   0.110154E-02   0.940886E-04   0.388325E-01   0.564731E-02   0.150000E-03
 716   0.751562E-03   0.723554E-03   0.397369E-01   0.453774E-02   0.250000E-03
 717   0.157352E-03   0.103034E-02   0.400730E-01   0.366527E-02   0.150000E-03
 718   0.343260E-03  -0.599797E-03   0.421752E-01   0.391041E-02   0.250000E-03
 719   0.279632E-03  -0.731300E-03   0.448009E-01   0.546884E-02   0.200000E-03
 720   0.313287E-03  -0.476130E-03   0.434098E-01   0.730300E-02   0.350000E-03
 721  -0.100935E-03   0.586011E-04   0.215107E-02   0.408275E-02   0.200000E-03
 722  -0.366590E-03   0.790708E-05   0.202204E-02   0.515682E-02   0.300000E-03
 723  -0.438841E-03   0.891149E-04   0.424947E-02   0.466593E-02   0.250000E-03
 724  -0.281103E-03   0.558998E-04   0.602216E-02   0.491043E-02   0.400000E-03
 725  -0.425984E-03   0.233653E-03   0.693435E-02   0.514701E-02   0.150000E-03
 726  -0.338381E-03   0.124715E-03   0.653536E-02   0.552264E-02   0.400000E-03
 727  -0.451059E-03  -0.259437E-03   0.824254E-02   0.613574E-02   0.300000E-03
 728  -0.159095E-03  -0.165420E-03   0.936303E-02   0.640455E-02   0.250000E-03
 729  -0.248537E-03  -0.433073E-04   0.972076E-02   0.683277E-02   0.300000E-03
 730   0.257673E-03   0.575859E-03   0.123594E-01   0.563383E-02   0.250000E-03
 731  -0.260181E-03   0.317443E-03   0.122146E-01   0.623366E-02   0.350000E-03
 732  -0.402666E-03   0.493243E-03   0.131032E-01   0.664573E-02   0.250000E-03
 733   0.162476E-04  -0.949969E-04   0.149412E-01   0.686723E-02   0.250000E-03
 734   0.456880E-03   0.738335E-04   0.161869E-01   0.693547E-02   0.200000E-03
 735   0.368368E-03  -0.143061E-05   0.175641E-01   0.729615E-02   0.350000E-03
 736   0.932053E-03  -0.125105E-03   0.190657E-01   0.735844E-02   0.400000E-03
 737   0.909400E-03  -0.735618E-04   0.197533E-01   0.723659E-02   0.300000E-03
 738  -0.426299E-04   0.456987E-04   0.214381E-01   0.706050E-02   0.400000E-03
 739   0.264455E-03   0.368764E-03   0.223856E-01   0.644615E-02   0.350000E-03
 740   0.895605E-03  -0.102716E-03   0.236916E-01   0.621474E-02   0.350000E-03
 741   0.976087E-03   0.446075E-04   0.247795E-01   0.566634E-02   0.250000E-03
 742   0.263716E-03   0.162073E-03   0.263269E-01   0.535006E-02   0.250000E-03
 743   0.141629E-02  -0.732795E-04   0.275674E-01   0.515251E-02   0.250000E-03
 744   0.424621E-03  -0.152720E-03   0.288409E-01   0.520475E-02   0.200000E-03
 745   0.215558E-02  -0.147134E-03   0.315683E-01   0.572330E-02   0.250000E-03
 746   0.172716E-02   0.232716E-04   0.328081E-01   0.561682E-02   0.350000E-03
 747   0.172363E-02  -0.302595E-03   0.332687E-01   0.515857E-02   0.300000E-03
 748   0.154511E-02   0.148322E-03   0.356629E-01   0.486353E-02   0.350000E-03
 749   0.182658E-02   0.393671E-04   0.363133E-01   0.547737E-02   0.300000E-03
 750   0.173985E-02  -0.326342E-03   0.385045E-01   0.587363E-02   0.250000E-03
 751   0.738469E-03  -0.293164E-03   0.391618E-01   0.594768E-02   0.300000E-03
 752   0.110145E-02   0.485315E-03   0.401873E-01   0.423291E-02   0.300000E-03
 753   0.100490E-02  -0.720202E-03   0.407431E-01   0.305356E-02   0.150000E-03
 754  -0.155972E-03  -0.142077E-04   0.418909E-01   0.418999E-02   0.150000E-03
 755  -0.396143E-03   0.493895E-03   0.425361E-01   0.415354E-02   0.150000E-03
 756   0.261582E-03  -0.581931E-03   0.431106E-01   0.672617E-02   0.300000E-03
 757  -0.300363E-03   0.238755E-03   0.183901E-02   0.453409E-02   0.350000E-03
 758  -0.333388E-03  -0.591227E-03   0.402230E-02   0.572801E-02   0.350000E-03
 759  -0.225612E-03  -0.167306E-03   0.390094E-02   0.509007E-02   0.300000E-03
 760  -0.294495E-03  -0.718876E-04   0.473862E-02   0.561548E-02   0.300000E-03
 761   0.930947E-05  -0.192050E-03   0.541248E-02   0.542705E-02   0.400000E-03
 762   0.306965E-05  -0.148575E-03   0.593215E-02   0.596540E-02   0.350000E-03
 763  -0.511434E-03  -0.293257E-03   0.690366E-02   0.623039E-02   0.400000E-03
 764   0.347667E-03  -0.500319E-03   0.817266E-02   0.675325E-02   0.300000E-03
 765  -0.105605E-03   0.152434E-05   0.115381E-01   0.641258E-02   0.350000E-03
 766  -0.327638E-03   0.252882E-03   0.117523E-01   0.577800E-02   0.300000E-03
 767   0.228367E-03   0.641939E-03   0.126687E-01   0.653861E-02   0.200000E-03
 768  -0.405126E-04  -0.134001E-04   0.137220E-01   0.689405E-02   0.250000E-03
 769   0.244819E-03   0.263323E-03   0.152405E-01   0.738642E-02   0.350000E-03
 770   0.594782E-03   0.197022E-03   0.158231E-01   0.724873E-02   0.250000E-03
 771   0.437503E-03   0.341521E-03   0.165551E-01   0.681606E-02   0.100000E-03
 772   0.104948E-03  -0.304741E-05   0.184238E-01   0.744373E-02   0.250000E-03
 773   0.102799E-02   0.153690E-03   0.201202E-01   0.783134E-02   0.400000E-03
 774   0.405782E-03  -0.287315E-03   0.208195E-01   0.748143E-02   0.350000E-03
 775   0.834248E-03  -0.215810E-05   0.232243E-01   0.658807E-02   0.250000E-03
 776   0.960581E-03  -0.107443E-03   0.248181E-01   0.611356E-02   0.200000E-03
 777   0.848905E-03  -0.516215E-04   0.255063E-01   0.487041E-02   0.200000E-03
 778   0.465537E-03   0.134652E-03   0.259151E-01   0.552064E-02   0.200000E-03
 779   0.137237E-02  -0.515932E-03   0.276283E-01   0.569723E-02   0.300000E-03
 780   0.892115E-03  -0.908141E-03   0.293254E-01   0.580696E-02   0.350000E-03
 781   0.128474E-02  -0.386010E-03   0.306887E-01   0.598652E-02   0.200000E-03
 782   0.162097E-02  -0.224462E-03   0.321124E-01   0.579762E-02   0.300000E-03
 783   0.172854E-02  -0.347527E-03   0.339073E-01   0.527808E-02   0.350000E-03
 784   0.168277E-02  -0.372187E-03   0.344524E-01   0.522203E-02   0.200000E-03
 785   0.153788E-02   0.145495E-03   0.356724E-01   0.556244E-02   0.350000E-03
 786   0.740917E-03  -0.244655E-03   0.375841E-01   0.619270E-02   0.250000E-03
 787   0.471845E-03  -0.345391E-03   0.397248E-01   0.614922E-02   0.300000E-03
 788   0.126471E-02   0.177228E-04   0.396371E-01   0.550415E-02   0.350000E-03
 789   0.133906E-02   0.312106E-03   0.405663E-01   0.377228E-02   0.300000E-03
 790   0.137071E-03   0.695990E-05   0.414577E-01   0.430209E-02   0.300000E-03
 791   0.777620E-04  -0.393543E-03   0.431230E-01   0.435930E-02   0.350000E-03
 792   0.359821E-04   0.511650E-03   0.438859E-01   0.518437E-02   0.150000E-03
 793  -0.340795E-04  -0.503292E-03   0.284378E-02   0.552991E-02   0.150000E-03
 794   0.953467E-04  -0.154079E-03   0.242679E-02   0.550253E-02   0.150000E-03
 795  -0.524029E-03  -0.283364E-03   0.435665E-02   0.529374E-02   0.200000E-03
 796  -0.121216E-03  -0.294138E-03   0.265269E-02   0.652215E-02   0.300000E-03
 797   0.541293E-04  -0.126640E-03   0.451372E-02   0.629317E-02   0.400000E-03
 798  -0.463983E-04  -0.104298E-03   0.518216E-02   0.608668E-02   0.300000E-03
 799  -0.422656E-03  -0.561409E-03   0.752741E-02   0.667671E-02   0.350000E-03
 800  -0.319808E-03  -0.770101E-03   0.884027E-02   0.710075E-02   0.250000E-03
 801  -0.473383E-03  -0.313874E-03   0.107998E-01   0.676958E-02   0.250000E-03
 802  -0.486185E-04  -0.176782E-03   0.112670E-01   0.694737E-02   0.250000E-03
 803  -0.115688E-03   0.318587E-04   0.119974E-01   0.679259E-02   0.250000E-03
 804  -0.511042E-03   0.300872E-03   0.132501E-01   0.717505E-02   0.300000E-03
 805   0.902862E-04   0.105342E-03   0.140795E-01   0.731168E-02   0.300000E-03
 806   0.514457E-03   0.509376E-03   0.157130E-01   0.768433E-02   0.200000E-03
 807   0.281381E-03  -0.750585E-04   0.179995E-01   0.770753E-02   0.250000E-03
 808   0.917164E-03   0.129304E-03   0.190883E-01   0.820708E-02   0.450000E-03
 809   0.239283E-03  -0.324620E-03   0.214047E-01   0.776216E-02   0.300000E-03
 810   0.423513E-03  -0.133196E-04   0.221366E-01   0.704332E-02   0.300000E-03
 811   0.945889E-03  -0.335608E-04   0.237182E-01   0.686291E-02   0.300000E-03
 812   0.771238E-03  -0.697377E-04   0.243399E-01   0.625735E-02   0.300000E-03
 813   0.923549E-03   0.429960E-04   0.253707E-01   0.557404E-02   0.350000E-03
 814  -0.893201E-04  -0.626998E-03   0.271297E-01   0.566058E-02   0.200000E-03
 815   0.615238E-03  -0.875072E-03   0.285819E-01   0.589508E-02   0.400000E-03
 816   0.112657E-02   0.153472E-03   0.312242E-01   0.602643E-02   0.200000E-03
 817   0.120665E-02  -0.368107E-03   0.302414E-01   0.626479E-02   0.300000E-03
 818   0.174170E-02  -0.556855E-04   0.325480E-01   0.620943E-02   0.300000E-03
 819   0.145812E-02  -0.450017E-04   0.334463E-01   0.573429E-02   0.300000E-03
 820   0.189314E-02   0.114542E-04   0.347040E-01   0.564926E-02   0.300000E-03
 821   0.184422E-02  -0.160323E-04   0.362001E-01   0.606454E-02   0.300000E-03
 822   0.145756E-02   0.147336E-03   0.378219E-01   0.691874E-02   0.300000E-03
 823   0.490605E-03  -0.295118E-04   0.387546E-01   0.631631E-02   0.250000E-03
 824  -0.213293E-03  -0.131580E-03   0.408193E-01   0.557211E-02   0.350000E-03
 825   0.568548E-03   0.577497E-03   0.402587E-01   0.500234E-02   0.450000E-03
 826  -0.124498E-03   0.123463E-02   0.408107E-01   0.442507E-02   0.350000E-03
 827   0.381033E-03  -0.201066E-03   0.422288E-01   0.440670E-02   0.250000E-03
 828   0.641729E-03  -0.574480E-03   0.402869E-01   0.693954E-02   0.350000E-03
 829  -0.159292E-03  -0.271725E-03   0.262775E-02   0.592329E-02   0.300000E-03
 830   0.973729E-04   0.113110E-03   0.299349E-03   0.526194E-02   0.300000E-03
 831   0.934485E-04  -0.438233E-03   0.313848E-03   0.576129E-02   0.200000E-03
 832  -0.173429E-03  -0.255544E-03   0.309982E-02   0.620426E-02   0.250000E-03
 833  -0.233370E-03  -0.482019E-03   0.329050E-02   0.671864E-02   0.300000E-03
 834  -0.342327E-04  -0.212025E-03   0.509589E-02   0.668008E-02   0.300000E-03
 835  -0.211912E-03  -0.486150E-03   0.576775E-02   0.685034E-02   0.300000E-03
 836  -0.373724E-03  -0.128292E-03   0.759921E-02   0.737087E-02   0.350000E-03
 837  -0.452491E-03  -0.171621E-03   0.107987E-01   0.632176E-02   0.200000E-03
 838   0.236945E-04  -0.357046E-03   0.117434E-01   0.733573E-02   0.350000E-03
 839   0.300002E-03   0.343331E-03   0.125532E-01   0.712667E-02   0.400000E-03
 840   0.903132E-04   0.446093E-03   0.141435E-01   0.790776E-02   0.300000E-03
 841  -0.296842E-04   0.482718E-03   0.147318E-01   0.779050E-02   0.300000E-03
 842   0.526102E-03  -0.134036E-03   0.170039E-01   0.762188E-02   0.300000E-03
 843   0.826266E-04  -0.202071E-03   0.184411E-01   0.794087E-02   0.250000E-03
 844   0.115430E-02  -0.186120E-03   0.197980E-01   0.845222E-02   0.300000E-03
 845   0.388142E-03  -0.118695E-03   0.207838E-01   0.817881E-02   0.350000E-03
 846   0.631462E-03  -0.487548E-03   0.219085E-01   0.754326E-02   0.250000E-03
 847   0.847111E-03   0.728319E-05   0.231850E-01   0.713557E-02   0.300000E-03
 848   0.780235E-03  -0.770210E-04   0.244115E-01   0.695246E-02   0.400000E-03
 849   0.950140E-03  -0.892966E-04   0.253446E-01   0.627152E-02   0.350000E-03
 850   0.135405E-02  -0.770796E-03   0.266763E-01   0.563998E-02   0.200000E-03
 851   0.103915E-02   0.215243E-03   0.265309E-01   0.611388E-02   0.300000E-03
 852   0.573570E-03   0.100395E-03   0.298835E-01   0.583638E-02   0.150000E-03
 853   0.172450E-02   0.315543E-03   0.316776E-01   0.633153E-02   0.350000E-03
 854   0.185007E-02   0.382947E-03   0.327597E-01   0.682211E-02   0.350000E-03
 855   0.175675E-02  -0.574611E-03   0.331466E-01   0.625367E-02   0.300000E-03
 856   0.188000E-02  -0.693680E-04   0.341036E-01   0.600072E-02   0.400000E-03
 857   0.177588E-02  -0.113489E-03   0.351962E-01   0.607106E-02   0.350000E-03
 858   0.182209E-02  -0.300010E-04   0.365511E-01   0.654946E-02   0.300000E-03
 859   0.699120E-03  -0.591102E-03   0.392872E-01   0.648204E-02   0.250000E-03
 860   0.542099E-03  -0.388925E-03   0.402135E-01   0.580150E-02   0.300000E-03
 861   0.316916E-03  -0.149831E-03   0.415168E-01   0.558457E-02   0.350000E-03
 862  -0.380386E-03   0.458110E-03   0.409889E-01   0.499725E-02   0.250000E-03
 863   0.134786E-03  -0.239465E-03   0.432876E-01   0.514160E-02   0.450000E-03
 864   0.619608E-04  -0.267313E-03   0.445514E-01   0.606817E-02   0.450000E-03
 865   0.469992E-04  -0.609158E-04   0.137471E-02   0.511175E-02   0.350000E-03
 866  -0.160918E-03  -0.311773E-03   0.170979E-02   0.554457E-02   0.200000E-03
 867   0.125451E-03  -0.209854E-03   0.203203E-02   0.633568E-02   0.350000E-03
 868  -0.245788E-03  -0.758928E-03   0.372464E-02   0.630515E-02   0.300000E-03
 869  -0.265554E-03  -0.351190E-03   0.338176E-02   0.725844E-02   0.250000E-03
 870  -0.225341E-03  -0.481855E-03   0.626862E-02   0.652076E-02   0.300000E-03
 871  -0.534065E-03  -0.539204E-03   0.692951E-02   0.692903E-02   0.300000E-03
 872  -0.146273E-03  -0.229048E-03   0.921732E-02   0.682868E-02   0.200000E-03
 873  -0.284019E-03  -0.768409E-04   0.102932E-01   0.703245E-02   0.300000E-03
 874   0.809640E-04   0.155707E-03   0.116952E-01   0.799809E-02   0.300000E-03
 875   0.457787E-03   0.934875E-05   0.122423E-01   0.775184E-02   0.300000E-03
 876  -0.395334E-03   0.467577E-03   0.135957E-01   0.766277E-02   0.300000E-03
 877  -0.473338E-04   0.737797E-03   0.147072E-01   0.838963E-02   0.300000E-03
 878   0.745815E-03  -0.943659E-04   0.163691E-01   0.749113E-02   0.350000E-03
 879   0.417322E-03  -0.164737E-03   0.174841E-01   0.788896E-02   0.250000E-03
 880   0.402516E-03  -0.202396E-03   0.177296E-01   0.838008E-02   0.300000E-03
 881   0.441417E-03  -0.194200E-03   0.218810E-01   0.812675E-02   0.300000E-03
 882   0.651107E-03   0.326552E-04   0.226473E-01   0.724487E-02   0.250000E-03
 883  -0.850335E-04   0.189014E-03   0.228332E-01   0.666668E-02   0.150000E-03
 884   0.811308E-03  -0.137664E-03   0.238907E-01   0.748922E-02   0.350000E-03
 885   0.496798E-03  -0.243767E-03   0.257831E-01   0.740352E-02   0.400000E-03
 886   0.471067E-03   0.125868E-03   0.259405E-01   0.601783E-02   0.300000E-03
 887   0.566870E-03  -0.707310E-03   0.283175E-01   0.659420E-02   0.350000E-03
 888   0.103101E-02  -0.319178E-03   0.295571E-01   0.657091E-02   0.450000E-03
 889   0.134969E-02  -0.250200E-03   0.309139E-01   0.659578E-02   0.450000E-03
 890   0.188555E-02   0.338103E-03   0.321953E-01   0.662962E-02   0.250000E-03
 891   0.178807E-02   0.100945E-03   0.337085E-01   0.663559E-02   0.350000E-03
 892   0.177317E-02  -0.184621E-03   0.346502E-01   0.658366E-02   0.400000E-03
 893   0.189575E-02  -0.382618E-04   0.357312E-01   0.643732E-02   0.300000E-03
 894   0.765583E-03  -0.763745E-03   0.385818E-01   0.678515E-02   0.250000E-03
 895   0.829989E-03  -0.735511E-03   0.390901E-01   0.699471E-02   0.300000E-03
 896   0.140023E-03  -0.982175E-03   0.419210E-01   0.696214E-02   0.300000E-03
 897   0.155709E-04  -0.570479E-03   0.424727E-01   0.661751E-02   0.350000E-03
 898   0.621880E-04  -0.356247E-03   0.426319E-01   0.460486E-02   0.200000E-03
 899  -0.138780E-03  -0.250821E-03   0.424919E-01   0.520086E-02   0.350000E-03
 900   0.245425E-03  -0.172233E-03   0.438292E-01   0.572639E-02   0.350000E-03
 901   0.629118E-04  -0.391486E-03   0.129175E-02   0.570325E-02   0.250000E-03
 902  -0.218417E-03  -0.424513E-03   0.309916E-02   0.767040E-02   0.250000E-03
 903   0.149154E-03  -0.204634E-03   0.211006E-02   0.574227E-02   0.250000E-03
 904  -0.155703E-03  -0.324893E-03   0.279129E-02   0.715566E-02   0.350000E-03
 905  -0.182389E-03  -0.632098E-03   0.402857E-02   0.699066E-02   0.450000E-03
 906  -0.423887E-03  -0.539446E-03   0.588763E-02   0.739163E-02   0.250000E-03
 907  -0.459183E-04  -0.949211E-04   0.558072E-02   0.638721E-02   0.200000E-03
 908  -0.302872E-03  -0.839029E-04   0.886228E-02   0.764961E-02   0.300000E-03
 909  -0.138591E-03  -0.186900E-03   0.935495E-02   0.730796E-02   0.300000E-03
 910  -0.599308E-03   0.483807E-03   0.101047E-01   0.806748E-02   0.300000E-03
 911  -0.359526E-03  -0.794300E-04   0.112503E-01   0.767615E-02   0.250000E-03
 912   0.389755E-03  -0.110853E-03   0.151853E-01   0.866138E-02   0.250000E-03
 913   0.273370E-03   0.426510E-03   0.153311E-01   0.807984E-02   0.350000E-03
 914   0.581350E-03   0.402256E-03   0.161137E-01   0.824776E-02   0.450000E-03
 915   0.537694E-03  -0.258010E-03   0.169993E-01   0.832144E-02   0.400000E-03
 916   0.910567E-03  -0.783057E-03   0.203625E-01   0.867144E-02   0.300000E-03
 917   0.708744E-03  -0.578066E-03   0.199508E-01   0.910658E-02   0.300000E-03
 918   0.811024E-03  -0.408242E-03   0.224466E-01   0.780834E-02   0.350000E-03
 919   0.865630E-03  -0.411636E-03   0.231456E-01   0.778378E-02   0.350000E-03
 920   0.842983E-03  -0.249236E-03   0.247440E-01   0.645495E-02   0.150000E-03
 921   0.774565E-03  -0.254079E-03   0.233213E-01   0.852826E-02   0.350000E-03
 922   0.482718E-03  -0.216633E-03   0.259215E-01   0.666683E-02   0.350000E-03
 923   0.137551E-02  -0.398598E-03   0.276643E-01   0.634464E-02   0.350000E-03
 924   0.749208E-03  -0.610663E-04   0.288795E-01   0.716250E-02   0.450000E-03
 925   0.134342E-02  -0.245570E-03   0.310833E-01   0.737716E-02   0.350000E-03
 926   0.172086E-02   0.215159E-03   0.315936E-01   0.697407E-02   0.300000E-03
 927   0.168124E-02   0.749541E-04   0.336232E-01   0.719139E-02   0.200000E-03
 928   0.188396E-02  -0.690447E-04   0.341576E-01   0.649711E-02   0.100000E-03
 929   0.179879E-02   0.266830E-03   0.372108E-01   0.669832E-02   0.350000E-03
 930   0.250797E-03  -0.577184E-03   0.412213E-01   0.664675E-02   0.300000E-03
 931   0.552184E-03  -0.423987E-03   0.411891E-01   0.608380E-02   0.250000E-03
 932   0.472069E-03  -0.698468E-03   0.397377E-01   0.669830E-02   0.250000E-03
 933   0.138055E-03  -0.499190E-03   0.418110E-01   0.627115E-02   0.400000E-03
 934   0.564518E-03  -0.584205E-03   0.412606E-01   0.470508E-02   0.150000E-03
 935   0.270241E-03  -0.311154E-04   0.418077E-01   0.489982E-02   0.400000E-03
 936   0.128029E-03  -0.494180E-04   0.433681E-01   0.618411E-02   0.300000E-03
 937   0.394861E-04  -0.212039E-03   0.102802E-02   0.722487E-02   0.350000E-03
 938  -0.127980E-03  -0.359369E-03   0.298197E-03   0.626177E-02   0.300000E-03
 939  -0.281619E-03  -0.402927E-03   0.373656E-02   0.773947E-02   0.350000E-03
 940  -0.194060E-03  -0.323536E-03   0.790709E-03   0.592176E-02   0.300000E-03
 941   0.162146E-03  -0.270387E-03   0.166093E-02   0.692790E-02   0.350000E-03
 942  -0.369897E-03  -0.408986E-03   0.458561E-02   0.776176E-02   0.500000E-03
 943  -0.169970E-03  -0.532956E-03   0.529669E-02   0.729773E-02   0.350000E-03
 944  -0.247476E-03  -0.648739E-03   0.635928E-02   0.711257E-02   0.300000E-03
 945  -0.445172E-03  -0.848572E-04   0.108354E-01   0.731732E-02   0.300000E-03
 946  -0.376411E-04  -0.158762E-03   0.985290E-02   0.753989E-02   0.250000E-03
 947   0.394471E-03  -0.147406E-04   0.129404E-01   0.802505E-02   0.450000E-03
 948   0.230802E-03   0.225119E-03   0.125492E-01   0.860515E-02   0.250000E-03
 949   0.814117E-03   0.600579E-04   0.156946E-01   0.886876E-02   0.300000E-03
 950   0.106441E-03   0.304344E-03   0.139939E-01   0.859133E-02   0.400000E-03
 951   0.299949E-03   0.260127E-04   0.165500E-01   0.885743E-02   0.300000E-03
 952   0.242426E-04  -0.210378E-03   0.182781E-01   0.841144E-02   0.250000E-03
 953   0.200962E-03  -0.489474E-03   0.209961E-01   0.873962E-02   0.250000E-03
 954   0.829287E-03  -0.266172E-03   0.224812E-01   0.865683E-02   0.500000E-03
 955   0.913853E-03  -0.387478E-03   0.236825E-01   0.805028E-02   0.250000E-03
 956   0.943549E-03  -0.192123E-03   0.251468E-01   0.727085E-02   0.250000E-03
 957   0.452816E-03  -0.181694E-03   0.268431E-01   0.766539E-02   0.350000E-03
 958   0.411138E-03  -0.260565E-03   0.265047E-01   0.705303E-02   0.350000E-03
 959   0.647510E-03  -0.174123E-03   0.269997E-01   0.655923E-02   0.350000E-03
 960   0.115411E-02  -0.185713E-03   0.302492E-01   0.681352E-02   0.250000E-03
 961   0.190355E-02  -0.772731E-04   0.321270E-01   0.797593E-02   0.400000E-03
 962   0.187758E-02  -0.101620E-03   0.316659E-01   0.751832E-02   0.250000E-03
 963   0.164960E-02   0.344427E-03   0.332843E-01   0.697947E-02   0.200000E-03
 964   0.204967E-02  -0.160965E-03   0.352969E-01   0.684986E-02   0.300000E-03
 965   0.188686E-02  -0.599723E-04   0.360924E-01   0.685136E-02   0.250000E-03
 966   0.189449E-02   0.689585E-03   0.366870E-01   0.723508E-02   0.400000E-03
 967   0.561977E-03  -0.423333E-03   0.406485E-01   0.634085E-02   0.350000E-03
 968  -0.640724E-03  -0.643768E-03   0.401601E-01   0.624917E-02   0.150000E-03
 969   0.640499E-03  -0.265841E-03   0.447507E-01   0.714583E-02   0.250000E-03
 970   0.185414E-03  -0.574664E-03   0.442550E-01   0.680932E-02   0.350000E-03
 971  -0.100464E-03  -0.147437E-03   0.427237E-01   0.591158E-02   0.400000E-03
 972   0.345026E-03  -0.580923E-03   0.436583E-01   0.675715E-02   0.250000E-03
 973  -0.201733E-03   0.556299E-04   0.836612E-03   0.537387E-02   0.250000E-03
 974  -0.333479E-03  -0.479087E-03   0.402859E-02   0.826325E-02   0.250000E-03
 975   0.622884E-04  -0.210820E-03   0.133329E-02   0.630040E-02   0.350000E-03
 976   0.535526E-04  -0.211055E-03   0.772137E-03   0.662763E-02   0.300000E-03
 977  -0.517932E-03   0.195761E-03   0.735526E-02   0.791816E-02   0.250000E-03
 978  -0.504040E-03  -0.130453E-03   0.696848E-02   0.752736E-02   0.300000E-03
 979  -0.201776E-03  -0.188434E-03   0.643404E-02   0.765659E-02   0.250000E-03
 980   0.620485E-04  -0.183360E-03   0.818752E-02   0.783465E-02   0.400000E-03
 981  -0.276521E-03  -0.173856E-03   0.103509E-01   0.757677E-02   0.250000E-03
 982   0.122806E-03   0.355651E-03   0.936740E-02   0.820335E-02   0.450000E-03
 983   0.400035E-03   0.357356E-03   0.121579E-01   0.829469E-02   0.250000E-03
 984  -0.253253E-03  -0.159640E-03   0.107573E-01   0.801703E-02   0.350000E-03
 985  -0.372443E-03  -0.546288E-05   0.135760E-01   0.816113E-02   0.200000E-03
 986  -0.204352E-04  -0.555486E-03   0.189569E-01   0.945209E-02   0.300000E-03
 987   0.397479E-03   0.243775E-03   0.186529E-01   0.887807E-02   0.350000E-03
 988   0.889696E-03   0.917696E-04   0.193901E-01   0.889201E-02   0.300000E-03
 989   0.732966E-03  -0.590624E-03   0.195058E-01   0.942892E-02   0.250000E-03
 990   0.295019E-03  -0.140032E-03   0.213663E-01   0.831621E-02   0.250000E-03
 991   0.837471E-03  -0.435259E-03   0.242813E-01   0.808638E-02   0.350000E-03
 992   0.719124E-03  -0.247619E-03   0.246989E-01   0.758934E-02   0.300000E-03
 993   0.965690E-03  -0.111511E-03   0.250375E-01   0.678369E-02   0.250000E-03
 994   0.585825E-03  -0.388088E-03   0.271366E-01   0.714243E-02   0.250000E-03
 995   0.222560E-03  -0.372588E-03   0.277861E-01   0.712226E-02   0.400000E-03
 996   0.110072E-02  -0.324099E-03   0.304355E-01   0.732968E-02   0.300000E-03
 997   0.109857E-02  -0.116692E-03   0.299063E-01   0.717718E-02   0.250000E-03
 998   0.187303E-02   0.279443E-03   0.321912E-01   0.722903E-02   0.350000E-03
 999   0.174997E-02   0.165594E-03   0.330362E-01   0.735408E-02   0.250000E-03
1000   0.178179E-02   0.672771E-04   0.341720E-01   0.715968E-02   0.350000E-03
