   1  -0.900496E-03   0.184325E-03   0.112816E-01   0.848283E-02   0.350000E-03
   2  -0.301665E-02  -0.664131E-03   0.157116E-03   0.149991E-03   0.150000E-03
   3  -0.277988E-02   0.193920E-02   0.454965E-02   0.445714E-03   0.450000E-03
   4   0.183839E-03  -0.393046E-02   0.571275E-02   0.554815E-03   0.200000E-03
   5  -0.439521E-02   0.181377E-04   0.571544E-02   0.999885E-04   0.100000E-03
   6   0.149341E-02   0.882511E-03   0.746520E-02   0.249561E-03   0.250000E-03
   7  -0.473347E-03   0.115491E-02   0.809729E-02   0.398815E-03   0.400000E-03
   8  -0.275543E-02   0.111806E-02   0.885734E-02   0.347988E-03   0.350000E-03
   9  -0.161961E-02   0.139264E-02   0.930233E-02   0.571702E-03   0.150000E-03
  10   0.678371E-03   0.123136E-03   0.118005E-01   0.295284E-03   0.300000E-03
  11  -0.708694E-03  -0.487102E-03   0.130411E-01   0.357320E-03   0.350000E-03
  12   0.635667E-03  -0.193051E-03   0.147735E-01   0.195291E-03   0.200000E-03
  13  -0.690936E-03  -0.835009E-03   0.169173E-01   0.344202E-03   0.350000E-03
  14  -0.568189E-03  -0.568233E-03   0.176156E-01   0.348471E-03   0.350000E-03
  15  -0.601256E-03  -0.384703E-03   0.188353E-01   0.399642E-03   0.400000E-03
  16  -0.395364E-03  -0.948706E-03   0.195818E-01   0.346889E-03   0.350000E-03
  17  -0.205986E-02   0.297925E-03   0.204969E-01   0.338232E-03   0.350000E-03
  18   0.224631E-02  -0.114773E-02   0.219477E-01   0.349051E-03   0.350000E-03
  19   0.985467E-03  -0.116326E-02   0.225369E-01   0.240860E-03   0.250000E-03
  20  -0.105414E-02  -0.111285E-02   0.230366E-01   0.249020E-03   0.250000E-03
  21  -0.805922E-03   0.725134E-04   0.244945E-01   0.249824E-03   0.250000E-03
  22  -0.116424E-03   0.347104E-03   0.257273E-01   0.200015E-03   0.200000E-03
  23  -0.860619E-04  -0.324798E-03   0.267663E-01   0.999576E-04   0.100000E-03
  24   0.414354E-04   0.128627E-02   0.282407E-01   0.396483E-03   0.400000E-03
  25   0.321407E-04   0.433885E-03   0.297864E-01   0.398875E-03   0.400000E-03
  26   0.313480E-03   0.957751E-03   0.305330E-01   0.336935E-03   0.350000E-03
  27  -0.239545E-03  -0.298672E-03   0.318747E-01   0.297254E-03   0.300000E-03
  28   0.180448E-02  -0.218573E-03   0.333503E-01   0.299799E-03   0.300000E-03
  29   0.383071E-03   0.361225E-03   0.355546E-01   0.446900E-03   0.450000E-03
  30   0.491948E-03  -0.102210E-02   0.374037E-01   0.347143E-03   0.350000E-03
  31  -0.428546E-03  -0.971112E-03   0.379951E-01   0.248682E-03   0.250000E-03
  32   0.197802E-02  -0.145328E-02   0.401250E-01   0.197680E-03   0.200000E-03
  33  -0.204356E-03  -0.131267E-02   0.410151E-01   0.194401E-03   0.200000E-03
  34  -0.763293E-03   0.362979E-03   0.446058E-01   0.881347E-03   0.400000E-03
  35  -0.135582E-02  -0.895103E-04   0.446523E-01   0.192347E-02   0.350000E-03
  36  -0.756490E-03  -0.379311E-03   0.864297E-02   0.835928E-02   0.300000E-03
  37  -0.919608E-03  -0.181410E-03   0.247812E-03   0.181246E-02   0.250000E-03
  38  -0.112392E-02  -0.507608E-03   0.765340E-03   0.743156E-03   0.300000E-03
  39   0.102992E-02  -0.198267E-02   0.264479E-02   0.399038E-03   0.400000E-03
  40  -0.509232E-02   0.977869E-03   0.613965E-02   0.299176E-03   0.300000E-03
  41  -0.901352E-03   0.225285E-03   0.683208E-02   0.394417E-03   0.400000E-03
  42  -0.986431E-03   0.243953E-02   0.725687E-02   0.100709E-02   0.350000E-03
  43  -0.182012E-02  -0.280424E-03   0.855980E-02   0.921894E-03   0.300000E-03
  44  -0.181031E-02   0.127324E-02   0.936863E-02   0.965151E-03   0.250000E-03
  45  -0.208645E-02  -0.154188E-03   0.994588E-02   0.492288E-03   0.500000E-03
  46  -0.770664E-04   0.686305E-03   0.108641E-01   0.300045E-03   0.300000E-03
  47   0.852652E-03   0.173895E-03   0.152038E-01   0.150011E-03   0.150000E-03
  48   0.158340E-02  -0.113421E-02   0.158144E-01   0.447634E-03   0.450000E-03
  49   0.667250E-03  -0.174536E-02   0.164825E-01   0.881374E-03   0.350000E-03
  50  -0.472690E-03  -0.579851E-03   0.182053E-01   0.247042E-03   0.250000E-03
  51  -0.294700E-03  -0.795294E-03   0.193048E-01   0.873630E-03   0.250000E-03
  52  -0.158580E-02  -0.377581E-03   0.200374E-01   0.147880E-03   0.150000E-03
  53  -0.102106E-02   0.738279E-03   0.205022E-01   0.100573E-02   0.200000E-03
  54  -0.299793E-03  -0.965811E-04   0.211615E-01   0.298448E-03   0.300000E-03
  55   0.301744E-03  -0.287955E-03   0.233996E-01   0.999248E-04   0.100000E-03
  56  -0.148734E-02   0.697537E-04   0.238612E-01   0.395535E-03   0.400000E-03
  57   0.187102E-03  -0.332614E-03   0.245252E-01   0.914124E-03   0.400000E-03
  58  -0.111801E-02   0.484930E-03   0.251278E-01   0.395192E-03   0.400000E-03
  59   0.625824E-03  -0.339457E-03   0.270553E-01   0.199963E-03   0.200000E-03
  60  -0.104711E-02   0.127212E-02   0.275485E-01   0.297621E-03   0.300000E-03
  61   0.145724E-02   0.564368E-03   0.290950E-01   0.297041E-03   0.300000E-03
  62  -0.881939E-03   0.448747E-04   0.312299E-01   0.346650E-03   0.350000E-03
  63  -0.929614E-03   0.382154E-03   0.328643E-01   0.196785E-03   0.200000E-03
  64  -0.477196E-03  -0.577063E-03   0.347638E-01   0.345393E-03   0.350000E-03
  65  -0.249240E-02   0.377391E-05   0.363329E-01   0.619818E-03   0.350000E-03
  66  -0.186839E-02  -0.126597E-02   0.364334E-01   0.139784E-03   0.150000E-03
  67   0.545212E-03  -0.370778E-03   0.391403E-01   0.299266E-03   0.300000E-03
  68  -0.289291E-02  -0.581441E-03   0.423033E-01   0.206871E-03   0.200000E-03
  69   0.592938E-03   0.629268E-03   0.438633E-01   0.823020E-03   0.350000E-03
  70   0.394529E-03   0.127091E-03   0.424069E-01   0.721841E-02   0.250000E-03
  71   0.145272E-03   0.255555E-03   0.447018E-01   0.498267E-02   0.300000E-03
  72   0.102921E-02  -0.591253E-02   0.447502E-01   0.248775E-03   0.250000E-03
  73   0.486580E-04   0.227453E-03   0.258389E-02   0.795727E-02   0.350000E-03
  74   0.252379E-04  -0.141173E-02   0.116162E-02   0.297020E-03   0.300000E-03
  75  -0.137825E-02  -0.656737E-03   0.388048E-02   0.248973E-03   0.250000E-03
  76  -0.443251E-03   0.943773E-03   0.518448E-02   0.922285E-03   0.350000E-03
  77  -0.414898E-03  -0.284717E-03   0.642116E-02   0.823763E-03   0.200000E-03
  78  -0.505952E-03   0.287960E-03   0.661837E-02   0.133631E-02   0.350000E-03
  79  -0.407047E-04   0.138194E-02   0.794415E-02   0.113231E-02   0.350000E-03
  80  -0.119285E-02   0.895368E-03   0.904195E-02   0.133798E-02   0.250000E-03
  81  -0.150114E-02   0.454766E-03   0.106692E-01   0.927085E-03   0.350000E-03
  82  -0.664357E-03   0.317519E-03   0.132838E-01   0.969323E-03   0.300000E-03
  83  -0.177605E-03  -0.158864E-03   0.137377E-01   0.345092E-03   0.350000E-03
  84   0.883078E-03  -0.582839E-03   0.143278E-01   0.244210E-03   0.250000E-03
  85   0.802490E-03  -0.737759E-03   0.154120E-01   0.101643E-02   0.250000E-03
  86  -0.116921E-02  -0.525434E-03   0.172603E-01   0.106398E-02   0.450000E-03
  87  -0.913736E-03  -0.925068E-03   0.188392E-01   0.104873E-02   0.250000E-03
  88  -0.141512E-02  -0.429886E-03   0.200468E-01   0.799614E-03   0.300000E-03
  89  -0.202626E-03  -0.423087E-03   0.202952E-01   0.160303E-02   0.400000E-03
  90   0.348286E-03   0.363005E-03   0.214779E-01   0.864033E-03   0.350000E-03
  91   0.889693E-03   0.399652E-03   0.226006E-01   0.727921E-03   0.250000E-03
  92  -0.671437E-03   0.348483E-03   0.231890E-01   0.828345E-03   0.350000E-03
  93  -0.228121E-02  -0.276011E-03   0.238136E-01   0.113951E-02   0.350000E-03
  94  -0.848080E-03  -0.476361E-03   0.252404E-01   0.113453E-02   0.350000E-03
  95  -0.969385E-03   0.110494E-02   0.273454E-01   0.912629E-03   0.350000E-03
  96   0.171576E-03   0.117294E-02   0.280488E-01   0.117085E-02   0.400000E-03
  97  -0.872980E-03   0.192758E-02   0.294726E-01   0.966440E-03   0.250000E-03
  98   0.534733E-03  -0.216066E-04   0.302880E-01   0.108416E-02   0.450000E-03
  99   0.351457E-04   0.688940E-03   0.324190E-01   0.245957E-03   0.250000E-03
 100  -0.308973E-03  -0.101801E-04   0.327400E-01   0.623955E-03   0.250000E-03
 101  -0.128036E-04   0.439942E-03   0.349694E-01   0.106255E-02   0.400000E-03
 102   0.110090E-02  -0.598077E-03   0.368125E-01   0.259967E-03   0.250000E-03
 103   0.881916E-03  -0.790035E-04   0.376467E-01   0.892073E-03   0.250000E-03
 104   0.397640E-03  -0.370843E-03   0.385426E-01   0.295563E-03   0.300000E-03
 105   0.241804E-03  -0.160665E-02   0.405699E-01   0.244632E-03   0.250000E-03
 106  -0.740857E-03  -0.119423E-02   0.431889E-01   0.297971E-03   0.300000E-03
 107  -0.964651E-04   0.439795E-03   0.440867E-01   0.748971E-02   0.350000E-03
 108   0.435558E-03  -0.188583E-03   0.349173E-01   0.749036E-02   0.450000E-03
 109  -0.421093E-03  -0.155712E-02   0.239949E-03   0.606185E-03   0.250000E-03
 110  -0.127266E-02  -0.127530E-02   0.573499E-03   0.238565E-03   0.250000E-03
 111  -0.115900E-02  -0.209874E-02   0.184979E-02   0.400955E-03   0.400000E-03
 112   0.247561E-03  -0.144517E-02   0.318113E-02   0.921799E-03   0.350000E-03
 113   0.973844E-04   0.462211E-04   0.590256E-02   0.112027E-02   0.400000E-03
 114  -0.308334E-03   0.449598E-03   0.712383E-02   0.153982E-02   0.200000E-03
 115  -0.127768E-02  -0.103742E-03   0.849151E-02   0.156381E-02   0.350000E-03
 116  -0.199855E-02   0.884377E-03   0.984388E-02   0.133117E-02   0.350000E-03
 117  -0.103273E-02   0.345373E-03   0.113437E-01   0.744416E-03   0.350000E-03
 118  -0.955760E-03  -0.278148E-03   0.123976E-01   0.290296E-03   0.300000E-03
 119   0.627252E-03  -0.537637E-04   0.142603E-01   0.784399E-03   0.300000E-03
 120   0.703563E-03  -0.806324E-03   0.150782E-01   0.584783E-03   0.300000E-03
 121   0.915565E-03  -0.159074E-02   0.166976E-01   0.138467E-02   0.200000E-03
 122  -0.844370E-03  -0.292802E-03   0.181492E-01   0.942477E-03   0.450000E-03
 123  -0.654822E-03  -0.126456E-02   0.185867E-01   0.141710E-02   0.200000E-03
 124  -0.399568E-03  -0.861208E-03   0.196814E-01   0.127212E-02   0.300000E-03
 125  -0.589430E-03   0.647932E-03   0.208884E-01   0.774882E-03   0.250000E-03
 126  -0.896881E-03  -0.131013E-03   0.209295E-01   0.131815E-02   0.300000E-03
 127   0.279916E-03  -0.325199E-05   0.227236E-01   0.120668E-02   0.250000E-03
 128  -0.784830E-03  -0.703223E-03   0.230791E-01   0.161947E-02   0.300000E-03
 129  -0.152709E-02  -0.869502E-03   0.236222E-01   0.169426E-02   0.250000E-03
 130  -0.166051E-02  -0.199311E-03   0.257424E-01   0.721963E-03   0.300000E-03
 131  -0.203745E-02   0.155003E-03   0.263594E-01   0.394662E-03   0.400000E-03
 132  -0.101294E-02   0.161076E-02   0.275362E-01   0.148016E-02   0.200000E-03
 133   0.686868E-04   0.195347E-02   0.288235E-01   0.939025E-03   0.400000E-03
 134  -0.137675E-02   0.200589E-03   0.311673E-01   0.109035E-02   0.400000E-03
 135   0.257635E-04  -0.971824E-04   0.320138E-01   0.103139E-02   0.450000E-03
 136  -0.100413E-02  -0.115283E-02   0.340284E-01   0.447361E-03   0.400000E-03
 137  -0.373835E-03   0.485839E-03   0.372438E-01   0.767681E-03   0.100000E-03
 138   0.288077E-03   0.415528E-03   0.374071E-01   0.132504E-02   0.250000E-03
 139   0.400201E-03   0.433576E-03   0.381796E-01   0.765653E-03   0.300000E-03
 140  -0.455427E-03  -0.723640E-03   0.396848E-01   0.265682E-03   0.250000E-03
 141   0.129916E-02  -0.959584E-03   0.414607E-01   0.248472E-03   0.250000E-03
 142  -0.290626E-02  -0.384867E-03   0.419058E-01   0.197929E-03   0.200000E-03
 143   0.768844E-03  -0.501837E-03   0.439001E-01   0.632267E-02   0.250000E-03
 144  -0.140186E-03   0.839655E-03   0.295377E-01   0.757664E-02   0.300000E-03
 145  -0.967322E-03  -0.437983E-03   0.295647E-03   0.335174E-02   0.300000E-03
 146  -0.198202E-02   0.816963E-03   0.650425E-03   0.137612E-02   0.350000E-03
 147  -0.853209E-03   0.761299E-03   0.403551E-02   0.843179E-03   0.200000E-03
 148   0.344750E-03  -0.931322E-03   0.529285E-02   0.290294E-03   0.300000E-03
 149   0.629181E-03   0.519879E-02   0.609322E-02   0.194435E-02   0.450000E-03
 150  -0.150371E-02   0.396698E-03   0.751728E-02   0.148519E-02   0.200000E-03
 151  -0.142005E-02   0.577758E-03   0.938861E-02   0.162103E-02   0.200000E-03
 152  -0.181205E-02   0.935618E-03   0.103852E-01   0.139465E-02   0.200000E-03
 153  -0.344069E-03   0.147889E-02   0.111504E-01   0.136210E-02   0.300000E-03
 154  -0.105353E-02   0.123496E-02   0.125873E-01   0.954082E-03   0.400000E-03
 155  -0.986614E-03   0.745617E-03   0.137722E-01   0.883955E-03   0.200000E-03
 156   0.167779E-03  -0.284550E-03   0.147999E-01   0.122650E-02   0.400000E-03
 157   0.450548E-03  -0.114991E-02   0.159384E-01   0.139146E-02   0.400000E-03
 158  -0.919794E-03  -0.804537E-03   0.173759E-01   0.184971E-02   0.350000E-03
 159  -0.804480E-03  -0.443496E-03   0.177729E-01   0.147105E-02   0.200000E-03
 160  -0.128616E-03   0.196622E-02   0.181962E-01   0.164084E-02   0.250000E-03
 161  -0.511797E-03   0.242448E-03   0.195961E-01   0.181112E-02   0.250000E-03
 162  -0.442550E-03  -0.384751E-04   0.209400E-01   0.181475E-02   0.200000E-03
 163   0.464196E-03   0.434328E-03   0.221339E-01   0.109814E-02   0.350000E-03
 164   0.146009E-03   0.360067E-04   0.227452E-01   0.217456E-02   0.300000E-03
 165  -0.111128E-02   0.364865E-03   0.248358E-01   0.157701E-02   0.250000E-03
 166  -0.480014E-03   0.114223E-03   0.256430E-01   0.157103E-02   0.250000E-03
 167  -0.170887E-02   0.123139E-02   0.266304E-01   0.113730E-02   0.400000E-03
 168   0.109990E-02   0.142950E-02   0.285826E-01   0.153989E-02   0.250000E-03
 169  -0.102532E-03   0.106563E-02   0.301985E-01   0.172148E-02   0.200000E-03
 170  -0.133744E-02   0.714257E-03   0.307918E-01   0.179212E-02   0.400000E-03
 171  -0.533051E-03   0.100343E-03   0.335120E-01   0.917125E-03   0.300000E-03
 172  -0.720310E-03   0.718304E-03   0.341886E-01   0.123049E-02   0.400000E-03
 173   0.453074E-03   0.530904E-03   0.356558E-01   0.118488E-02   0.300000E-03
 174  -0.552412E-03   0.589506E-03   0.368856E-01   0.103979E-02   0.350000E-03
 175   0.336613E-03   0.236636E-03   0.390287E-01   0.888060E-03   0.300000E-03
 176   0.151767E-02   0.104081E-02   0.400894E-01   0.990590E-03   0.200000E-03
 177   0.462033E-03  -0.492808E-03   0.406112E-01   0.787075E-03   0.300000E-03
 178  -0.620605E-03   0.842912E-04   0.443973E-01   0.144054E-02   0.200000E-03
 179   0.974094E-03  -0.745507E-03   0.427007E-01   0.196790E-03   0.200000E-03
 180   0.283609E-03   0.711934E-04   0.400341E-01   0.753564E-02   0.300000E-03
 181  -0.160283E-02   0.667928E-03   0.200010E-03   0.105419E-02   0.200000E-03
 182   0.632088E-03   0.132110E-02   0.136685E-02   0.217069E-02   0.200000E-03
 183   0.298297E-03  -0.125468E-02   0.333479E-02   0.294980E-03   0.300000E-03
 184  -0.292152E-03  -0.791849E-03   0.531042E-02   0.160473E-02   0.350000E-03
 185  -0.629164E-03   0.215386E-03   0.624547E-02   0.262368E-02   0.250000E-03
 186  -0.268142E-03   0.285920E-03   0.678708E-02   0.185882E-02   0.200000E-03
 187  -0.121701E-02   0.676654E-03   0.789417E-02   0.180304E-02   0.300000E-03
 188  -0.178194E-02  -0.244659E-04   0.962593E-02   0.200282E-02   0.250000E-03
 189   0.137500E-03   0.121293E-02   0.116828E-01   0.124207E-02   0.250000E-03
 190   0.289588E-03   0.102847E-02   0.119521E-01   0.822444E-03   0.250000E-03
 191  -0.677171E-03   0.777831E-03   0.139931E-01   0.126403E-02   0.250000E-03
 192   0.101680E-03   0.843557E-03   0.142881E-01   0.183699E-02   0.400000E-03
 193  -0.107880E-02   0.411915E-04   0.153126E-01   0.170312E-02   0.300000E-03
 194   0.204725E-03   0.595536E-03   0.165080E-01   0.195014E-02   0.400000E-03
 195   0.869056E-04  -0.225818E-03   0.179350E-01   0.206725E-02   0.250000E-03
 196  -0.763456E-03  -0.359242E-03   0.191348E-01   0.151184E-02   0.300000E-03
 197  -0.642467E-03   0.212816E-03   0.199710E-01   0.227826E-02   0.350000E-03
 198  -0.580666E-03  -0.294740E-03   0.206595E-01   0.222552E-02   0.300000E-03
 199  -0.163329E-04  -0.174928E-03   0.214925E-01   0.151122E-02   0.300000E-03
 200  -0.423461E-03  -0.549089E-03   0.222468E-01   0.215535E-02   0.200000E-03
 201  -0.890895E-03   0.377520E-03   0.242870E-01   0.158450E-02   0.300000E-03
 202  -0.107396E-02   0.107646E-02   0.259868E-01   0.121384E-02   0.250000E-03
 203  -0.150597E-02   0.140844E-03   0.265525E-01   0.182705E-02   0.300000E-03
 204  -0.140366E-02   0.150078E-02   0.270991E-01   0.158283E-02   0.250000E-03
 205  -0.970862E-03   0.767082E-03   0.296133E-01   0.159961E-02   0.400000E-03
 206  -0.437241E-03  -0.412533E-03   0.322378E-01   0.179735E-02   0.350000E-03
 207  -0.598658E-03  -0.833686E-04   0.328701E-01   0.130336E-02   0.450000E-03
 208  -0.970265E-04   0.145047E-03   0.335820E-01   0.166700E-02   0.350000E-03
 209  -0.147135E-02   0.179987E-03   0.362492E-01   0.126051E-02   0.300000E-03
 210  -0.447732E-03   0.446079E-03   0.366538E-01   0.154122E-02   0.200000E-03
 211   0.686525E-04   0.437376E-03   0.370716E-01   0.169022E-02   0.250000E-03
 212   0.164026E-02   0.729683E-03   0.400716E-01   0.592395E-03   0.200000E-03
 213   0.607960E-03  -0.678306E-03   0.411335E-01   0.623111E-03   0.250000E-03
 214  -0.275173E-02   0.500892E-03   0.420818E-01   0.554715E-03   0.200000E-03
 215   0.466937E-02   0.325816E-03   0.443169E-01   0.149905E-03   0.150000E-03
 216   0.808681E-03   0.761537E-05   0.216502E-01   0.890361E-02   0.400000E-03
 217  -0.312795E-03  -0.342082E-03   0.141440E-01   0.931508E-02   0.350000E-03
 218  -0.954552E-03   0.101905E-02   0.832652E-03   0.204758E-02   0.350000E-03
 219   0.651118E-04  -0.262239E-03   0.368349E-02   0.653340E-03   0.200000E-03
 220  -0.605276E-03   0.966073E-03   0.453946E-02   0.129352E-02   0.400000E-03
 221  -0.597828E-03  -0.227414E-03   0.532611E-02   0.219357E-02   0.250000E-03
 222  -0.187590E-03   0.304579E-03   0.729929E-02   0.205866E-02   0.350000E-03
 223  -0.110919E-02   0.249945E-03   0.901962E-02   0.201565E-02   0.350000E-03
 224  -0.200416E-02   0.420846E-03   0.102199E-01   0.191900E-02   0.350000E-03
 225  -0.962687E-03   0.135989E-02   0.107192E-01   0.160689E-02   0.200000E-03
 226  -0.735836E-03   0.739800E-03   0.121640E-01   0.150340E-02   0.300000E-03
 227  -0.506995E-03   0.823912E-03   0.130068E-01   0.144289E-02   0.250000E-03
 228   0.187918E-04  -0.127135E-03   0.148682E-01   0.177051E-02   0.150000E-03
 229  -0.954116E-04   0.986397E-03   0.158657E-01   0.203337E-02   0.250000E-03
 230  -0.609040E-03   0.150143E-03   0.175556E-01   0.247016E-02   0.300000E-03
 231  -0.279224E-03  -0.143341E-03   0.183684E-01   0.228230E-02   0.200000E-03
 232  -0.482047E-03  -0.176536E-03   0.186826E-01   0.190175E-02   0.300000E-03
 233  -0.443070E-03   0.727534E-04   0.192242E-01   0.234230E-02   0.400000E-03
 234   0.317987E-03   0.412509E-03   0.213519E-01   0.209520E-02   0.300000E-03
 235   0.497057E-03  -0.928240E-04   0.224321E-01   0.167017E-02   0.300000E-03
 236  -0.997869E-03  -0.544443E-04   0.233406E-01   0.215502E-02   0.300000E-03
 237  -0.732296E-03  -0.423452E-04   0.239898E-01   0.216223E-02   0.350000E-03
 238  -0.519080E-03   0.609712E-03   0.252409E-01   0.177224E-02   0.200000E-03
 239  -0.147987E-02   0.142789E-03   0.267217E-01   0.234716E-02   0.250000E-03
 240   0.559164E-03   0.126242E-02   0.290277E-01   0.149956E-02   0.200000E-03
 241  -0.733399E-04  -0.895841E-04   0.302126E-01   0.226469E-02   0.350000E-03
 242   0.144874E-02  -0.173315E-03   0.315401E-01   0.174104E-02   0.350000E-03
 243  -0.565656E-03   0.376381E-03   0.329594E-01   0.224404E-02   0.500000E-03
 244  -0.174184E-02   0.667017E-04   0.354578E-01   0.199369E-02   0.200000E-03
 245   0.322559E-05   0.691086E-03   0.349413E-01   0.180914E-02   0.350000E-03
 246  -0.294125E-03   0.913778E-03   0.366024E-01   0.213619E-02   0.400000E-03
 247  -0.395596E-03   0.555634E-03   0.379999E-01   0.138872E-02   0.350000E-03
 248  -0.527785E-03   0.296391E-03   0.396231E-01   0.811885E-03   0.300000E-03
 249   0.138572E-02  -0.697992E-03   0.416496E-01   0.800151E-03   0.300000E-03
 250  -0.811613E-04  -0.132631E-02   0.437354E-01   0.243547E-03   0.250000E-03
 251  -0.645786E-05   0.141123E-03   0.446057E-01   0.297875E-02   0.400000E-03
 252  -0.212790E-03  -0.451053E-03   0.336972E-01   0.774450E-02   0.350000E-03
 253  -0.341482E-03  -0.232427E-03   0.214612E-02   0.741123E-02   0.350000E-03
 254  -0.847692E-03  -0.247756E-02   0.136841E-02   0.973286E-03   0.350000E-03
 255   0.107306E-02  -0.207404E-03   0.225027E-02   0.975869E-03   0.300000E-03
 256  -0.102113E-02  -0.169092E-03   0.476427E-02   0.195577E-02   0.300000E-03
 257  -0.279350E-03   0.205043E-03   0.672163E-02   0.235397E-02   0.300000E-03
 258  -0.146933E-02   0.668951E-03   0.836256E-02   0.224970E-02   0.350000E-03
 259  -0.961352E-03  -0.379414E-03   0.907664E-02   0.280932E-02   0.450000E-03
 260  -0.178666E-02  -0.176128E-03   0.989595E-02   0.259366E-02   0.400000E-03
 261  -0.273199E-03   0.398632E-03   0.116488E-01   0.180036E-02   0.300000E-03
 262  -0.855489E-03  -0.250705E-04   0.121944E-01   0.215174E-02   0.350000E-03
 263  -0.803556E-03   0.711127E-03   0.135570E-01   0.167512E-02   0.350000E-03
 264   0.321718E-03   0.613395E-03   0.148675E-01   0.221895E-02   0.300000E-03
 265   0.552530E-03   0.159824E-02   0.166248E-01   0.253856E-02   0.200000E-03
 266  -0.100878E-02  -0.528010E-03   0.170255E-01   0.233286E-02   0.250000E-03
 267  -0.482256E-03   0.479702E-03   0.171350E-01   0.281750E-02   0.250000E-03
 268  -0.198247E-03  -0.118967E-03   0.186465E-01   0.263413E-02   0.250000E-03
 269  -0.765679E-03  -0.700675E-04   0.190989E-01   0.297996E-02   0.250000E-03
 270  -0.315820E-03  -0.204224E-03   0.196954E-01   0.292009E-02   0.350000E-03
 271   0.148911E-03   0.127032E-03   0.219160E-01   0.185285E-02   0.250000E-03
 272  -0.664298E-04   0.417922E-04   0.223498E-01   0.274419E-02   0.400000E-03
 273  -0.105704E-02  -0.179816E-02   0.235835E-01   0.279801E-02   0.400000E-03
 274  -0.360064E-03   0.285834E-04   0.257838E-01   0.204231E-02   0.250000E-03
 275  -0.111263E-02  -0.396659E-03   0.262283E-01   0.226745E-02   0.250000E-03
 276  -0.113707E-02   0.164107E-02   0.274757E-01   0.197599E-02   0.300000E-03
 277  -0.563745E-03  -0.972901E-03   0.294404E-01   0.217187E-02   0.200000E-03
 278  -0.882438E-03   0.434035E-03   0.318626E-01   0.238676E-02   0.350000E-03
 279  -0.560363E-03   0.565632E-03   0.323687E-01   0.270131E-02   0.250000E-03
 280  -0.121409E-02   0.842216E-03   0.343032E-01   0.192099E-02   0.300000E-03
 281  -0.432283E-03  -0.950499E-03   0.358838E-01   0.173402E-02   0.300000E-03
 282   0.266456E-04   0.767093E-03   0.375523E-01   0.179958E-02   0.250000E-03
 283  -0.631493E-03   0.475498E-03   0.385025E-01   0.161232E-02   0.200000E-03
 284   0.208955E-03   0.127055E-03   0.385550E-01   0.116551E-02   0.250000E-03
 285   0.810098E-03   0.427716E-03   0.410978E-01   0.121738E-02   0.350000E-03
 286  -0.466707E-03   0.616918E-03   0.432214E-01   0.894668E-03   0.300000E-03
 287   0.285295E-04   0.236024E-03   0.428446E-01   0.121990E-02   0.200000E-03
 288  -0.171026E-03  -0.598479E-03   0.593068E-02   0.796803E-02   0.350000E-03
 289   0.805357E-04   0.682067E-04   0.246150E-03   0.231022E-02   0.250000E-03
 290   0.148809E-02  -0.135961E-03   0.183737E-02   0.141043E-02   0.300000E-03
 291   0.796001E-03  -0.486138E-03   0.249287E-02   0.163232E-02   0.400000E-03
 292  -0.142307E-03  -0.914396E-05   0.312251E-02   0.151614E-02   0.250000E-03
 293   0.505491E-04   0.306494E-03   0.570047E-02   0.258395E-02   0.300000E-03
 294  -0.137534E-02  -0.554143E-03   0.824642E-02   0.298336E-02   0.400000E-03
 295  -0.738596E-03  -0.361597E-03   0.970383E-02   0.337818E-02   0.400000E-03
 296  -0.911744E-03   0.245160E-03   0.111126E-01   0.190780E-02   0.250000E-03
 297  -0.110976E-02   0.373080E-03   0.107169E-01   0.195271E-02   0.150000E-03
 298  -0.481072E-03   0.779716E-03   0.126276E-01   0.168399E-02   0.200000E-03
 299   0.311543E-04   0.537834E-03   0.138741E-01   0.233264E-02   0.250000E-03
 300   0.225935E-03   0.167031E-02   0.149208E-01   0.271173E-02   0.200000E-03
 301   0.985384E-04   0.772022E-03   0.154397E-01   0.236819E-02   0.300000E-03
 302  -0.451529E-03   0.204074E-03   0.170643E-01   0.335843E-02   0.300000E-03
 303  -0.855468E-03   0.252619E-03   0.180472E-01   0.251044E-02   0.200000E-03
 304  -0.101283E-02   0.272745E-03   0.182358E-01   0.291617E-02   0.250000E-03
 305  -0.448625E-03  -0.112446E-03   0.193957E-01   0.331805E-02   0.150000E-03
 306  -0.523832E-03   0.322344E-03   0.204098E-01   0.282057E-02   0.350000E-03
 307   0.314353E-04   0.360096E-03   0.218383E-01   0.234559E-02   0.250000E-03
 308  -0.177659E-04  -0.175113E-03   0.227540E-01   0.337094E-02   0.350000E-03
 309  -0.557286E-03  -0.417230E-03   0.245538E-01   0.264754E-02   0.400000E-03
 310  -0.115381E-04  -0.145918E-02   0.251374E-01   0.226106E-02   0.300000E-03
 311  -0.656700E-03   0.320119E-03   0.272698E-01   0.258637E-02   0.350000E-03
 312   0.435482E-03   0.169794E-02   0.281205E-01   0.191608E-02   0.350000E-03
 313  -0.119367E-03  -0.155357E-03   0.296871E-01   0.254308E-02   0.250000E-03
 314  -0.165952E-02   0.542833E-03   0.312185E-01   0.234427E-02   0.300000E-03
 315  -0.589445E-04   0.547921E-03   0.334440E-01   0.287253E-02   0.300000E-03
 316   0.195157E-03   0.226908E-03   0.338034E-01   0.233344E-02   0.350000E-03
 317  -0.188758E-03   0.783861E-03   0.350770E-01   0.254535E-02   0.400000E-03
 318  -0.372858E-03   0.872801E-03   0.358644E-01   0.243064E-02   0.400000E-03
 319  -0.467102E-04  -0.812399E-04   0.389723E-01   0.143482E-02   0.250000E-03
 320  -0.975819E-03  -0.354130E-03   0.398368E-01   0.142268E-02   0.300000E-03
 321   0.619636E-03  -0.406898E-03   0.404299E-01   0.135252E-02   0.300000E-03
 322   0.384015E-03   0.130568E-02   0.425947E-01   0.734051E-03   0.350000E-03
 323  -0.368015E-04  -0.534627E-03   0.439625E-01   0.211473E-02   0.350000E-03
 324   0.421544E-03   0.230808E-03   0.396147E-01   0.717988E-02   0.250000E-03
 325  -0.355128E-03  -0.197125E-03   0.152945E-02   0.761619E-02   0.300000E-03
 326  -0.519948E-03  -0.221637E-03   0.122317E-02   0.155534E-02   0.250000E-03
 327  -0.161893E-03   0.423867E-03   0.200188E-02   0.219742E-02   0.350000E-03
 328  -0.252867E-03  -0.307139E-04   0.379359E-02   0.167548E-02   0.450000E-03
 329  -0.519218E-03   0.101415E-03   0.660093E-02   0.315372E-02   0.400000E-03
 330  -0.369042E-03   0.116662E-04   0.723467E-02   0.275297E-02   0.350000E-03
 331  -0.956789E-03  -0.314451E-03   0.778472E-02   0.241083E-02   0.250000E-03
 332  -0.914368E-03   0.318865E-04   0.108178E-01   0.253861E-02   0.450000E-03
 333  -0.504035E-03  -0.192200E-04   0.115536E-01   0.239239E-02   0.300000E-03
 334  -0.621530E-03   0.678906E-03   0.129950E-01   0.193983E-02   0.250000E-03
 335  -0.793397E-03   0.572023E-03   0.133854E-01   0.224973E-02   0.250000E-03
 336  -0.224782E-03   0.207066E-03   0.143745E-01   0.256053E-02   0.300000E-03
 337  -0.187228E-03   0.465163E-03   0.161010E-01   0.252839E-02   0.300000E-03
 338  -0.634231E-03  -0.176042E-03   0.166798E-01   0.374228E-02   0.250000E-03
 339  -0.219097E-03   0.369002E-03   0.176678E-01   0.311032E-02   0.350000E-03
 340  -0.669004E-03   0.593971E-04   0.189980E-01   0.352613E-02   0.300000E-03
 341  -0.407708E-03   0.128499E-03   0.201288E-01   0.340082E-02   0.300000E-03
 342  -0.761721E-03   0.470160E-03   0.206239E-01   0.332586E-02   0.200000E-03
 343   0.146147E-04   0.600623E-03   0.216599E-01   0.286436E-02   0.300000E-03
 344   0.840484E-04  -0.712539E-04   0.238725E-01   0.336650E-02   0.250000E-03
 345  -0.835085E-03  -0.347872E-03   0.251550E-01   0.300142E-02   0.300000E-03
 346  -0.367987E-03  -0.650927E-03   0.256811E-01   0.263016E-02   0.350000E-03
 347  -0.912292E-03  -0.837791E-03   0.263797E-01   0.289757E-02   0.400000E-03
 348   0.958987E-03  -0.233733E-03   0.289750E-01   0.199404E-02   0.300000E-03
 349   0.621761E-04   0.252125E-03   0.300957E-01   0.284788E-02   0.250000E-03
 350  -0.547519E-04  -0.216441E-03   0.320800E-01   0.316655E-02   0.300000E-03
 351  -0.352454E-03   0.555536E-03   0.328297E-01   0.308107E-02   0.350000E-03
 352   0.320780E-03  -0.583276E-04   0.345056E-01   0.309779E-02   0.400000E-03
 353  -0.356830E-03   0.284278E-03   0.359015E-01   0.302485E-02   0.200000E-03
 354  -0.478297E-03   0.884030E-03   0.372492E-01   0.219689E-02   0.250000E-03
 355  -0.628962E-03   0.662238E-04   0.380441E-01   0.203539E-02   0.300000E-03
 356   0.903742E-04  -0.428117E-04   0.393800E-01   0.161930E-02   0.200000E-03
 357   0.727319E-03   0.138943E-03   0.408215E-01   0.180054E-02   0.300000E-03
 358   0.125857E-02   0.479279E-03   0.416794E-01   0.134688E-02   0.250000E-03
 359   0.497539E-03  -0.141993E-03   0.442644E-01   0.531504E-02   0.250000E-03
 360   0.307176E-03   0.547914E-03   0.448001E-01   0.418366E-02   0.200000E-03
 361  -0.944049E-03  -0.462451E-03   0.687665E-03   0.277948E-02   0.400000E-03
 362   0.973414E-04  -0.390256E-03   0.148591E-02   0.275534E-02   0.400000E-03
 363  -0.280609E-03   0.743115E-03   0.311033E-02   0.201583E-02   0.250000E-03
 364  -0.663818E-03  -0.258770E-03   0.490891E-02   0.254399E-02   0.300000E-03
 365   0.242483E-03   0.157801E-03   0.590215E-02   0.314666E-02   0.300000E-03
 366  -0.611370E-03   0.159136E-03   0.617169E-02   0.370301E-02   0.300000E-03
 367  -0.866881E-03  -0.597617E-03   0.872152E-02   0.334854E-02   0.200000E-03
 368  -0.117192E-02   0.476734E-05   0.103526E-01   0.312054E-02   0.300000E-03
 369  -0.521217E-03  -0.506403E-04   0.118731E-01   0.295815E-02   0.350000E-03
 370  -0.217247E-03   0.269113E-03   0.128183E-01   0.256260E-02   0.400000E-03
 371   0.483408E-04   0.342294E-03   0.137478E-01   0.286441E-02   0.300000E-03
 372  -0.126763E-03   0.263180E-04   0.150445E-01   0.329428E-02   0.400000E-03
 373  -0.170800E-03   0.747441E-03   0.156492E-01   0.292306E-02   0.300000E-03
 374  -0.443720E-03   0.156348E-03   0.163923E-01   0.316289E-02   0.400000E-03
 375  -0.462914E-03   0.218621E-03   0.175383E-01   0.393312E-02   0.450000E-03
 376  -0.227701E-03  -0.233961E-03   0.186614E-01   0.308263E-02   0.200000E-03
 377  -0.358763E-03   0.157044E-03   0.195986E-01   0.377405E-02   0.350000E-03
 378  -0.143529E-02  -0.110658E-03   0.210954E-01   0.263761E-02   0.300000E-03
 379   0.244070E-03   0.379729E-03   0.211723E-01   0.329341E-02   0.350000E-03
 380  -0.153039E-03   0.119856E-03   0.220118E-01   0.341044E-02   0.350000E-03
 381  -0.825492E-03  -0.171141E-04   0.244657E-01   0.339009E-02   0.350000E-03
 382  -0.712092E-03  -0.125694E-03   0.267434E-01   0.348711E-02   0.300000E-03
 383   0.137089E-04  -0.136176E-03   0.278547E-01   0.245388E-02   0.250000E-03
 384  -0.359366E-03   0.911668E-03   0.285436E-01   0.240290E-02   0.300000E-03
 385  -0.734370E-03   0.712453E-03   0.291380E-01   0.257158E-02   0.300000E-03
 386  -0.623795E-03  -0.301546E-03   0.307151E-01   0.266777E-02   0.300000E-03
 387  -0.683088E-04  -0.284947E-04   0.324770E-01   0.367739E-02   0.350000E-03
 388   0.259999E-03  -0.149610E-03   0.354301E-01   0.346048E-02   0.450000E-03
 389  -0.163568E-03   0.174825E-03   0.360783E-01   0.338064E-02   0.200000E-03
 390  -0.327314E-03   0.476835E-03   0.364901E-01   0.292482E-02   0.400000E-03
 391  -0.100734E-02   0.638961E-03   0.376933E-01   0.251972E-02   0.300000E-03
 392   0.480560E-04   0.506487E-04   0.390534E-01   0.192720E-02   0.250000E-03
 393   0.391314E-03   0.388448E-03   0.396217E-01   0.211274E-02   0.350000E-03
 394   0.101817E-02   0.455520E-03   0.422218E-01   0.126567E-02   0.300000E-03
 395   0.143449E-03   0.114062E-03   0.439013E-01   0.146972E-02   0.300000E-03
 396  -0.375168E-03  -0.731251E-03   0.444160E-01   0.241597E-02   0.200000E-03
 397  -0.243298E-03   0.134977E-03   0.973983E-03   0.352261E-02   0.400000E-03
 398  -0.209434E-04  -0.656254E-03   0.264878E-02   0.231456E-02   0.300000E-03
 399  -0.225608E-03  -0.304470E-03   0.353065E-02   0.237040E-02   0.300000E-03
 400  -0.857404E-03  -0.353281E-03   0.422805E-02   0.240350E-02   0.400000E-03
 401  -0.195349E-03   0.502507E-04   0.574375E-02   0.395993E-02   0.200000E-03
 402  -0.296583E-03   0.119093E-03   0.728525E-02   0.344871E-02   0.350000E-03
 403  -0.916046E-03  -0.192155E-03   0.853476E-02   0.375365E-02   0.250000E-03
 404  -0.582894E-03  -0.323387E-03   0.908072E-02   0.369526E-02   0.300000E-03
 405  -0.190073E-03   0.205898E-03   0.119794E-01   0.351684E-02   0.200000E-03
 406  -0.491519E-03   0.436489E-03   0.125380E-01   0.330466E-02   0.400000E-03
 407  -0.180417E-03   0.348439E-03   0.132161E-01   0.313705E-02   0.300000E-03
 408  -0.219258E-03  -0.260622E-04   0.142483E-01   0.335193E-02   0.400000E-03
 409  -0.344001E-03  -0.124059E-03   0.157440E-01   0.355937E-02   0.350000E-03
 410  -0.602903E-03  -0.288672E-03   0.162055E-01   0.401165E-02   0.300000E-03
 411  -0.550995E-03  -0.482600E-03   0.167386E-01   0.428416E-02   0.300000E-03
 412  -0.719367E-03   0.706226E-04   0.183005E-01   0.356009E-02   0.400000E-03
 413  -0.212413E-03   0.688730E-03   0.202806E-01   0.397712E-02   0.300000E-03
 414  -0.548654E-03   0.104867E-02   0.207800E-01   0.374706E-02   0.250000E-03
 415  -0.731427E-03   0.276579E-03   0.208390E-01   0.439394E-02   0.400000E-03
 416  -0.183868E-03   0.858195E-04   0.224188E-01   0.403868E-02   0.400000E-03
 417   0.559797E-04  -0.154151E-03   0.233679E-01   0.357497E-02   0.300000E-03
 418  -0.684597E-03   0.130679E-03   0.251104E-01   0.364683E-02   0.350000E-03
 419  -0.845646E-03   0.246313E-03   0.277694E-01   0.307090E-02   0.350000E-03
 420  -0.212491E-03  -0.239616E-05   0.283408E-01   0.290561E-02   0.250000E-03
 421  -0.242214E-03   0.282022E-03   0.295692E-01   0.312531E-02   0.350000E-03
 422  -0.536038E-03  -0.354615E-03   0.313361E-01   0.308480E-02   0.450000E-03
 423  -0.232439E-03   0.132670E-03   0.338211E-01   0.339290E-02   0.350000E-03
 424   0.206704E-03  -0.327211E-03   0.347432E-01   0.375469E-02   0.300000E-03
 425  -0.457784E-03   0.308313E-03   0.370013E-01   0.339739E-02   0.300000E-03
 426  -0.414704E-03   0.364748E-03   0.371815E-01   0.282565E-02   0.300000E-03
 427  -0.159295E-03   0.435655E-03   0.380437E-01   0.312662E-02   0.300000E-03
 428  -0.277588E-03   0.113610E-03   0.385867E-01   0.209865E-02   0.250000E-03
 429   0.342461E-03   0.240932E-03   0.402361E-01   0.191490E-02   0.300000E-03
 430   0.926087E-03  -0.806729E-04   0.419399E-01   0.188215E-02   0.350000E-03
 431   0.267741E-03   0.348888E-04   0.426801E-01   0.179366E-02   0.400000E-03
 432  -0.584758E-03   0.173763E-03   0.433050E-01   0.148379E-02   0.300000E-03
 433  -0.408283E-03  -0.437048E-04   0.348432E-03   0.399707E-02   0.350000E-03
 434   0.712761E-03   0.104838E-02   0.158621E-02   0.183843E-02   0.200000E-03
 435  -0.777924E-03   0.104423E-03   0.315915E-02   0.289450E-02   0.350000E-03
 436  -0.563775E-05   0.355827E-03   0.528595E-02   0.294023E-02   0.250000E-03
 437  -0.159479E-03   0.339965E-03   0.565150E-02   0.357449E-02   0.200000E-03
 438  -0.477597E-03  -0.328443E-03   0.676122E-02   0.383282E-02   0.300000E-03
 439  -0.109908E-02  -0.132751E-03   0.794346E-02   0.366488E-02   0.350000E-03
 440  -0.107057E-02  -0.552536E-03   0.108914E-01   0.377148E-02   0.200000E-03
 441  -0.105633E-02  -0.116512E-03   0.109310E-01   0.327616E-02   0.300000E-03
 442  -0.235856E-04  -0.154072E-03   0.130995E-01   0.372415E-02   0.300000E-03
 443  -0.150866E-03   0.258455E-03   0.136186E-01   0.351100E-02   0.250000E-03
 444  -0.596272E-04  -0.208274E-03   0.152373E-01   0.396358E-02   0.300000E-03
 445  -0.417691E-03  -0.497412E-03   0.156941E-01   0.448730E-02   0.400000E-03
 446  -0.617449E-03  -0.352189E-03   0.162913E-01   0.449920E-02   0.200000E-03
 447  -0.295505E-03  -0.183580E-03   0.172343E-01   0.461588E-02   0.300000E-03
 448  -0.716265E-03   0.612132E-05   0.183292E-01   0.445639E-02   0.500000E-03
 449  -0.325035E-03   0.555900E-04   0.192233E-01   0.442096E-02   0.400000E-03
 450   0.120088E-03   0.167037E-03   0.199179E-01   0.445170E-02   0.300000E-03
 451  -0.146411E-03  -0.939972E-04   0.215107E-01   0.396262E-02   0.400000E-03
 452  -0.347148E-05  -0.250186E-04   0.219169E-01   0.459089E-02   0.350000E-03
 453  -0.173464E-03  -0.966334E-04   0.240211E-01   0.394288E-02   0.350000E-03
 454  -0.295415E-03   0.302584E-03   0.257331E-01   0.332779E-02   0.350000E-03
 455  -0.894362E-03   0.521161E-03   0.269627E-01   0.304006E-02   0.200000E-03
 456  -0.192151E-03   0.937601E-05   0.288745E-01   0.317055E-02   0.350000E-03
 457  -0.767547E-03  -0.184132E-03   0.304928E-01   0.322206E-02   0.300000E-03
 458  -0.899179E-03   0.998235E-05   0.307136E-01   0.382305E-02   0.350000E-03
 459  -0.260789E-03  -0.241929E-03   0.317862E-01   0.375297E-02   0.350000E-03
 460  -0.294435E-03  -0.450687E-04   0.342052E-01   0.385198E-02   0.250000E-03
 461  -0.283385E-03   0.170562E-03   0.364816E-01   0.357330E-02   0.250000E-03
 462  -0.257663E-03  -0.698438E-03   0.376621E-01   0.428274E-02   0.300000E-03
 463  -0.349868E-03   0.683572E-03   0.382868E-01   0.258096E-02   0.300000E-03
 464   0.157732E-03   0.971217E-03   0.390261E-01   0.263895E-02   0.450000E-03
 465   0.109402E-02  -0.109705E-03   0.407124E-01   0.238760E-02   0.300000E-03
 466   0.459752E-03  -0.400309E-03   0.411745E-01   0.257487E-02   0.200000E-03
 467  -0.560279E-03  -0.160289E-03   0.435660E-01   0.256262E-02   0.250000E-03
 468   0.164007E-03   0.123720E-03   0.435815E-01   0.383516E-02   0.350000E-03
 469  -0.287479E-03   0.624573E-04   0.105587E-02   0.436597E-02   0.450000E-03
 470  -0.313019E-03  -0.408252E-03   0.218200E-02   0.282041E-02   0.300000E-03
 471  -0.999289E-03  -0.218936E-04   0.387417E-02   0.311792E-02   0.400000E-03
 472  -0.596331E-03  -0.103662E-03   0.456920E-02   0.303751E-02   0.300000E-03
 473  -0.144012E-03   0.404647E-03   0.505343E-02   0.354261E-02   0.400000E-03
 474  -0.760047E-03  -0.551191E-03   0.745883E-02   0.401578E-02   0.250000E-03
 475  -0.769887E-03   0.177296E-03   0.810738E-02   0.434376E-02   0.350000E-03
 476  -0.736760E-03  -0.539813E-03   0.955680E-02   0.405856E-02   0.300000E-03
 477  -0.112703E-02  -0.645573E-04   0.113234E-01   0.294609E-02   0.200000E-03
 478  -0.194913E-03   0.143633E-03   0.122549E-01   0.399212E-02   0.350000E-03
 479  -0.242153E-03  -0.456745E-03   0.142111E-01   0.399846E-02   0.250000E-03
 480  -0.334913E-03   0.265949E-05   0.146836E-01   0.383453E-02   0.250000E-03
 481  -0.623402E-03   0.154216E-03   0.148181E-01   0.431658E-02   0.250000E-03
 482  -0.786532E-03   0.113133E-03   0.162848E-01   0.509279E-02   0.400000E-03
 483  -0.187894E-03  -0.467317E-03   0.169815E-01   0.515992E-02   0.300000E-03
 484  -0.513592E-03   0.254882E-03   0.186059E-01   0.520318E-02   0.300000E-03
 485  -0.269219E-03   0.848332E-04   0.196056E-01   0.506457E-02   0.350000E-03
 486  -0.145637E-03  -0.249763E-03   0.202618E-01   0.494121E-02   0.300000E-03
 487  -0.690665E-03   0.359538E-03   0.213261E-01   0.496038E-02   0.350000E-03
 488  -0.149887E-03   0.661028E-03   0.218468E-01   0.513530E-02   0.200000E-03
 489  -0.159782E-03  -0.151207E-03   0.246188E-01   0.398744E-02   0.250000E-03
 490  -0.647612E-03   0.804350E-04   0.272786E-01   0.339883E-02   0.250000E-03
 491  -0.809891E-03   0.258392E-03   0.282921E-01   0.345610E-02   0.300000E-03
 492   0.738466E-04  -0.129401E-03   0.292717E-01   0.380469E-02   0.400000E-03
 493  -0.730466E-03  -0.203358E-03   0.300210E-01   0.359236E-02   0.300000E-03
 494  -0.577986E-03  -0.118565E-03   0.312459E-01   0.372611E-02   0.200000E-03
 495  -0.213770E-03   0.123671E-03   0.328949E-01   0.402864E-02   0.200000E-03
 496   0.412074E-04  -0.984534E-04   0.359504E-01   0.419763E-02   0.350000E-03
 497  -0.442063E-04   0.747345E-04   0.361143E-01   0.372741E-02   0.150000E-03
 498   0.220195E-03  -0.104482E-03   0.373748E-01   0.381428E-02   0.250000E-03
 499   0.308271E-03   0.235770E-03   0.375441E-01   0.334494E-02   0.250000E-03
 500  -0.750819E-04   0.443142E-03   0.394060E-01   0.310266E-02   0.150000E-03
 501   0.381100E-03   0.230708E-04   0.401688E-01   0.245903E-02   0.250000E-03
 502   0.395279E-03   0.791319E-04   0.413330E-01   0.210538E-02   0.300000E-03
 503  -0.338885E-03  -0.212485E-03   0.429718E-01   0.263154E-02   0.350000E-03
 504  -0.854179E-03  -0.419629E-03   0.433150E-01   0.208011E-02   0.300000E-03
 505  -0.173575E-03   0.129619E-03   0.165276E-02   0.383435E-02   0.350000E-03
 506   0.809911E-04  -0.430633E-03   0.186982E-02   0.327590E-02   0.250000E-03
 507  -0.797898E-03  -0.302727E-03   0.332820E-02   0.347002E-02   0.250000E-03
 508  -0.751308E-03   0.340368E-03   0.436006E-02   0.361964E-02   0.300000E-03
 509  -0.530213E-03  -0.131107E-03   0.608977E-02   0.424644E-02   0.250000E-03
 510  -0.453680E-03   0.136649E-04   0.749590E-02   0.455631E-02   0.300000E-03
 511  -0.786085E-03   0.927140E-04   0.877884E-02   0.424459E-02   0.300000E-03
 512  -0.121483E-02  -0.610282E-03   0.103439E-01   0.376606E-02   0.350000E-03
 513  -0.530664E-03   0.157006E-03   0.114827E-01   0.350246E-02   0.300000E-03
 514  -0.193901E-03   0.332314E-03   0.128880E-01   0.439075E-02   0.400000E-03
 515   0.307604E-04  -0.119409E-03   0.136219E-01   0.411090E-02   0.350000E-03
 516  -0.856153E-04  -0.288432E-04   0.142883E-01   0.459110E-02   0.350000E-03
 517   0.134119E-02   0.331179E-03   0.151472E-01   0.454368E-02   0.150000E-03
 518  -0.629359E-03  -0.986619E-04   0.155023E-01   0.525788E-02   0.400000E-03
 519  -0.437217E-03  -0.431619E-03   0.177164E-01   0.504095E-02   0.350000E-03
 520  -0.118221E-03   0.415332E-03   0.191235E-01   0.550028E-02   0.300000E-03
 521  -0.231308E-03   0.126264E-03   0.201053E-01   0.562245E-02   0.400000E-03
 522  -0.419972E-03  -0.239340E-03   0.206961E-01   0.527531E-02   0.250000E-03
 523  -0.147087E-03   0.135433E-03   0.218260E-01   0.558347E-02   0.250000E-03
 524  -0.171837E-03   0.885492E-04   0.231139E-01   0.411534E-02   0.300000E-03
 525  -0.674999E-03   0.120509E-03   0.251599E-01   0.439352E-02   0.400000E-03
 526  -0.772761E-03   0.351421E-04   0.256244E-01   0.394232E-02   0.250000E-03
 527  -0.943511E-03   0.404945E-03   0.277536E-01   0.372046E-02   0.300000E-03
 528  -0.285447E-03   0.588328E-03   0.291487E-01   0.454401E-02   0.350000E-03
 529  -0.659180E-03  -0.685438E-03   0.304891E-01   0.442296E-02   0.300000E-03
 530   0.382657E-03  -0.549932E-04   0.321707E-01   0.407244E-02   0.150000E-03
 531  -0.596875E-03  -0.309312E-03   0.330597E-01   0.357959E-02   0.200000E-03
 532   0.109720E-03  -0.172225E-03   0.352065E-01   0.427861E-02   0.400000E-03
 533  -0.309510E-03   0.713940E-04   0.368497E-01   0.397662E-02   0.300000E-03
 534   0.355895E-03  -0.221225E-03   0.382430E-01   0.443486E-02   0.300000E-03
 535  -0.627607E-03   0.412632E-04   0.379234E-01   0.374313E-02   0.300000E-03
 536   0.547548E-03   0.171287E-04   0.387012E-01   0.314091E-02   0.150000E-03
 537   0.639471E-03   0.348923E-03   0.404468E-01   0.274510E-02   0.150000E-03
 538   0.610278E-03  -0.159076E-03   0.417717E-01   0.250870E-02   0.300000E-03
 539   0.207223E-03  -0.209980E-04   0.423615E-01   0.241221E-02   0.300000E-03
 540   0.231478E-03   0.417115E-03   0.439712E-01   0.284721E-02   0.250000E-03
 541  -0.490447E-03  -0.859522E-03   0.474147E-02   0.852214E-02   0.300000E-03
 542  -0.190933E-03  -0.480699E-03   0.257953E-02   0.351092E-02   0.500000E-03
 543  -0.880026E-03  -0.322861E-03   0.376297E-02   0.380685E-02   0.300000E-03
 544  -0.620301E-03  -0.123548E-03   0.419823E-02   0.414298E-02   0.250000E-03
 545  -0.242914E-03   0.649331E-04   0.532794E-02   0.412872E-02   0.250000E-03
 546  -0.660443E-03   0.180579E-03   0.859502E-02   0.497094E-02   0.450000E-03
 547  -0.977737E-03  -0.842931E-04   0.927175E-02   0.458479E-02   0.300000E-03
 548  -0.717982E-03  -0.406517E-03   0.977822E-02   0.450323E-02   0.200000E-03
 549  -0.107560E-02   0.137283E-04   0.110863E-01   0.433563E-02   0.400000E-03
 550  -0.585263E-03  -0.228988E-04   0.116561E-01   0.402346E-02   0.250000E-03
 551  -0.526427E-03   0.344315E-04   0.135553E-01   0.490988E-02   0.450000E-03
 552  -0.201000E-03   0.115556E-03   0.142595E-01   0.528763E-02   0.350000E-03
 553   0.472591E-03  -0.104892E-02   0.148510E-01   0.481546E-02   0.250000E-03
 554  -0.393012E-03  -0.361738E-03   0.151094E-01   0.576868E-02   0.250000E-03
 555  -0.773309E-03  -0.149685E-03   0.160361E-01   0.585153E-02   0.400000E-03
 556  -0.143436E-03  -0.716935E-04   0.181183E-01   0.554866E-02   0.300000E-03
 557  -0.452870E-03   0.194253E-03   0.188593E-01   0.483241E-02   0.150000E-03
 558  -0.585425E-03   0.769177E-04   0.211903E-01   0.569493E-02   0.400000E-03
 559  -0.173848E-03  -0.100411E-03   0.225947E-01   0.466405E-02   0.250000E-03
 560  -0.405347E-03   0.273957E-03   0.236877E-01   0.443566E-02   0.250000E-03
 561  -0.786184E-03   0.154801E-04   0.259096E-01   0.446867E-02   0.350000E-03
 562  -0.816455E-03   0.325575E-03   0.262110E-01   0.383893E-02   0.350000E-03
 563  -0.876359E-03   0.170336E-04   0.285372E-01   0.411015E-02   0.400000E-03
 564  -0.748422E-03   0.531085E-03   0.285483E-01   0.480928E-02   0.300000E-03
 565  -0.515854E-03  -0.699570E-03   0.298682E-01   0.425227E-02   0.350000E-03
 566  -0.444370E-03   0.757459E-04   0.312887E-01   0.437848E-02   0.450000E-03
 567  -0.447426E-03  -0.121265E-03   0.332829E-01   0.329227E-02   0.150000E-03
 568  -0.275415E-03  -0.732157E-04   0.338611E-01   0.383871E-02   0.100000E-03
 569  -0.438632E-03  -0.620462E-03   0.369991E-01   0.450322E-02   0.250000E-03
 570  -0.278041E-04  -0.627855E-04   0.378215E-01   0.486035E-02   0.300000E-03
 571   0.125239E-03   0.616969E-03   0.384832E-01   0.353022E-02   0.300000E-03
 572   0.470578E-03  -0.456706E-04   0.390688E-01   0.339988E-02   0.300000E-03
 573  -0.475349E-03   0.896759E-03   0.397511E-01   0.281415E-02   0.300000E-03
 574   0.518581E-03  -0.204066E-03   0.414266E-01   0.322542E-02   0.500000E-03
 575   0.308501E-03  -0.408138E-03   0.421419E-01   0.291374E-02   0.250000E-03
 576   0.415961E-03   0.597339E-03   0.444202E-01   0.385888E-02   0.300000E-03
 577  -0.421288E-03  -0.376111E-03   0.299527E-03   0.464392E-02   0.300000E-03
 578  -0.867813E-04   0.784023E-04   0.261508E-02   0.435411E-02   0.350000E-03
 579  -0.915851E-03   0.252647E-03   0.476726E-02   0.433886E-02   0.350000E-03
 580  -0.245773E-03   0.463657E-04   0.544338E-02   0.461302E-02   0.250000E-03
 581  -0.379129E-03  -0.327416E-03   0.708165E-02   0.414861E-02   0.150000E-03
 582  -0.371496E-03   0.256249E-04   0.794761E-02   0.486970E-02   0.200000E-03
 583  -0.839242E-03  -0.544368E-03   0.995525E-02   0.491388E-02   0.250000E-03
 584  -0.114085E-02  -0.173964E-05   0.103490E-01   0.446338E-02   0.350000E-03
 585  -0.111227E-02   0.174770E-03   0.107237E-01   0.516704E-02   0.450000E-03
 586  -0.348459E-03   0.277756E-03   0.118853E-01   0.452311E-02   0.300000E-03
 587   0.814389E-04   0.337635E-03   0.123605E-01   0.467494E-02   0.200000E-03
 588  -0.442846E-03   0.460492E-03   0.136752E-01   0.554828E-02   0.200000E-03
 589  -0.430192E-03   0.822072E-05   0.148571E-01   0.532937E-02   0.250000E-03
 590   0.359450E-03  -0.308631E-03   0.154672E-01   0.604061E-02   0.200000E-03
 591  -0.637057E-03  -0.223268E-03   0.173901E-01   0.553815E-02   0.250000E-03
 592  -0.602762E-04  -0.933462E-04   0.181534E-01   0.614505E-02   0.300000E-03
 593  -0.648608E-03  -0.284072E-03   0.194959E-01   0.596707E-02   0.300000E-03
 594  -0.389783E-03  -0.573379E-04   0.206155E-01   0.617139E-02   0.350000E-03
 595   0.453843E-03   0.524532E-03   0.222340E-01   0.503786E-02   0.200000E-03
 596  -0.167944E-03   0.249759E-03   0.231870E-01   0.475980E-02   0.350000E-03
 597  -0.800258E-04  -0.120817E-04   0.243881E-01   0.459387E-02   0.400000E-03
 598  -0.811993E-03   0.211484E-03   0.266064E-01   0.441277E-02   0.350000E-03
 599  -0.804241E-03   0.929018E-05   0.271591E-01   0.398289E-02   0.350000E-03
 600  -0.573170E-03   0.214482E-03   0.298960E-01   0.489934E-02   0.300000E-03
 601  -0.579489E-03   0.173257E-03   0.305228E-01   0.506252E-02   0.350000E-03
 602  -0.466963E-03   0.215656E-03   0.309963E-01   0.490211E-02   0.150000E-03
 603  -0.297183E-03  -0.243711E-03   0.330464E-01   0.455539E-02   0.350000E-03
 604  -0.189437E-03   0.478288E-05   0.334383E-01   0.397580E-02   0.350000E-03
 605  -0.240780E-03  -0.606011E-03   0.364150E-01   0.478265E-02   0.400000E-03
 606   0.309909E-03  -0.121767E-03   0.385104E-01   0.514816E-02   0.450000E-03
 607   0.219701E-04   0.188018E-03   0.386358E-01   0.405324E-02   0.250000E-03
 608  -0.318933E-04   0.543860E-03   0.396711E-01   0.346560E-02   0.300000E-03
 609   0.358118E-03   0.141581E-02   0.402669E-01   0.320678E-02   0.350000E-03
 610   0.576995E-03  -0.765568E-03   0.409029E-01   0.279505E-02   0.150000E-03
 611   0.121615E-03  -0.258177E-03   0.428118E-01   0.362220E-02   0.450000E-03
 612  -0.545731E-03   0.843331E-04   0.434502E-01   0.314770E-02   0.350000E-03
 613  -0.446684E-03  -0.135012E-03   0.104383E-01   0.862543E-02   0.350000E-03
 614  -0.715478E-03   0.294669E-05   0.313926E-02   0.451128E-02   0.200000E-03
 615  -0.838148E-03   0.485076E-04   0.368356E-02   0.445016E-02   0.350000E-03
 616  -0.317925E-04  -0.178732E-03   0.569443E-02   0.430427E-02   0.150000E-03
 617  -0.513775E-03  -0.972499E-04   0.664580E-02   0.446836E-02   0.350000E-03
 618  -0.657547E-03   0.585829E-04   0.811596E-02   0.554636E-02   0.300000E-03
 619  -0.965147E-03   0.394530E-04   0.931334E-02   0.518089E-02   0.300000E-03
 620  -0.819341E-03   0.190054E-03   0.989669E-02   0.555876E-02   0.400000E-03
 621  -0.530703E-03  -0.206383E-03   0.114132E-01   0.534982E-02   0.250000E-03
 622  -0.729025E-03   0.481366E-03   0.114582E-01   0.486070E-02   0.250000E-03
 623  -0.604717E-04   0.633588E-04   0.126911E-01   0.511394E-02   0.350000E-03
 624  -0.207082E-03  -0.951547E-05   0.140052E-01   0.577406E-02   0.200000E-03
 625  -0.301936E-03  -0.112018E-03   0.145322E-01   0.592622E-02   0.350000E-03
 626  -0.908883E-03   0.108435E-04   0.166539E-01   0.549625E-02   0.150000E-03
 627  -0.389964E-03  -0.920687E-04   0.169601E-01   0.566093E-02   0.200000E-03
 628  -0.476010E-03  -0.310818E-04   0.175603E-01   0.605651E-02   0.300000E-03
 629   0.223633E-03   0.823099E-04   0.187830E-01   0.654536E-02   0.450000E-03
 630  -0.575854E-03   0.733779E-03   0.218334E-01   0.613337E-02   0.300000E-03
 631  -0.111968E-03   0.358698E-03   0.227249E-01   0.528386E-02   0.350000E-03
 632  -0.391246E-03   0.164501E-03   0.238006E-01   0.497198E-02   0.300000E-03
 633  -0.104287E-03  -0.151797E-03   0.246439E-01   0.518642E-02   0.250000E-03
 634  -0.939763E-03   0.194867E-03   0.271399E-01   0.452995E-02   0.200000E-03
 635  -0.642741E-03   0.986207E-04   0.277817E-01   0.447917E-02   0.450000E-03
 636  -0.433387E-03   0.112437E-03   0.293575E-01   0.515873E-02   0.300000E-03
 637  -0.395377E-03   0.111402E-03   0.303234E-01   0.567663E-02   0.300000E-03
 638   0.276395E-03  -0.451440E-03   0.321639E-01   0.474954E-02   0.350000E-03
 639  -0.528136E-04  -0.104606E-03   0.342992E-01   0.481065E-02   0.250000E-03
 640  -0.112717E-03  -0.635090E-04   0.345094E-01   0.430635E-02   0.300000E-03
 641  -0.510763E-04  -0.344980E-03   0.368877E-01   0.529669E-02   0.300000E-03
 642  -0.158653E-03  -0.130536E-03   0.372775E-01   0.491259E-02   0.250000E-03
 643   0.537040E-04   0.281733E-03   0.388122E-01   0.451787E-02   0.250000E-03
 644   0.402347E-03  -0.241227E-03   0.393014E-01   0.405987E-02   0.400000E-03
 645   0.350291E-03  -0.427777E-03   0.417287E-01   0.385607E-02   0.200000E-03
 646   0.229146E-04  -0.164679E-03   0.407873E-01   0.334183E-02   0.150000E-03
 647   0.245335E-04  -0.540092E-03   0.425797E-01   0.301568E-02   0.200000E-03
 648   0.137445E-03   0.794846E-03   0.448039E-01   0.354379E-02   0.200000E-03
 649  -0.617995E-04  -0.172757E-03   0.716140E-03   0.491915E-02   0.200000E-03
 650  -0.263791E-03  -0.196516E-03   0.266710E-02   0.504584E-02   0.350000E-03
 651  -0.402598E-03  -0.497815E-03   0.320050E-02   0.401505E-02   0.300000E-03
 652  -0.631929E-03   0.195138E-05   0.458168E-02   0.493996E-02   0.200000E-03
 653  -0.503293E-03   0.122300E-03   0.657479E-02   0.496133E-02   0.150000E-03
 654  -0.422333E-03   0.114692E-03   0.748289E-02   0.524897E-02   0.400000E-03
 655  -0.806869E-03  -0.100113E-03   0.877011E-02   0.574979E-02   0.350000E-03
 656  -0.513860E-03  -0.589326E-04   0.934859E-02   0.590443E-02   0.250000E-03
 657  -0.618268E-03   0.262312E-03   0.104726E-01   0.594716E-02   0.300000E-03
 658  -0.389502E-03   0.679702E-04   0.119930E-01   0.516345E-02   0.350000E-03
 659  -0.357502E-03  -0.174053E-03   0.131610E-01   0.548646E-02   0.250000E-03
 660  -0.332895E-05  -0.270989E-03   0.136270E-01   0.623827E-02   0.400000E-03
 661  -0.308151E-03   0.134376E-03   0.150501E-01   0.631401E-02   0.300000E-03
 662  -0.584311E-03   0.194319E-03   0.163715E-01   0.646134E-02   0.300000E-03
 663  -0.337276E-03  -0.153341E-03   0.166684E-01   0.600044E-02   0.250000E-03
 664  -0.336692E-03   0.158282E-03   0.177878E-01   0.655418E-02   0.250000E-03
 665  -0.245199E-03  -0.749336E-04   0.199839E-01   0.631110E-02   0.300000E-03
 666  -0.554757E-03  -0.324724E-03   0.212318E-01   0.639261E-02   0.300000E-03
 667  -0.689361E-04   0.230354E-03   0.223288E-01   0.579456E-02   0.300000E-03
 668  -0.457864E-04  -0.142047E-03   0.233674E-01   0.538409E-02   0.300000E-03
 669  -0.364397E-03  -0.147805E-03   0.248497E-01   0.478515E-02   0.100000E-03
 670  -0.580445E-03  -0.146793E-03   0.263483E-01   0.489610E-02   0.200000E-03
 671  -0.335765E-03   0.288757E-03   0.284822E-01   0.531046E-02   0.200000E-03
 672  -0.529704E-03   0.297226E-03   0.280862E-01   0.510749E-02   0.250000E-03
 673  -0.769902E-03   0.908168E-04   0.310197E-01   0.554285E-02   0.350000E-03
 674  -0.450312E-03  -0.724063E-04   0.315744E-01   0.512335E-02   0.350000E-03
 675   0.921834E-04  -0.185756E-03   0.325186E-01   0.427154E-02   0.250000E-03
 676  -0.249094E-03  -0.482564E-04   0.347975E-01   0.478252E-02   0.250000E-03
 677  -0.401305E-05  -0.165594E-03   0.369726E-01   0.599004E-02   0.400000E-03
 678   0.300430E-03  -0.258539E-03   0.374269E-01   0.538958E-02   0.250000E-03
 679  -0.453937E-04  -0.503466E-04   0.390976E-01   0.542410E-02   0.200000E-03
 680  -0.209765E-03   0.586491E-04   0.392706E-01   0.490315E-02   0.350000E-03
 681   0.306249E-03   0.219787E-03   0.411007E-01   0.389681E-02   0.250000E-03
 682   0.257927E-03  -0.172368E-03   0.421484E-01   0.341200E-02   0.250000E-03
 683   0.433959E-03   0.460853E-03   0.440296E-01   0.455326E-02   0.500000E-03
 684   0.158121E-03   0.263312E-03   0.440482E-01   0.339089E-02   0.300000E-03
 685  -0.130121E-03  -0.831821E-04   0.349188E-03   0.736280E-02   0.350000E-03
 686  -0.762237E-03  -0.333560E-03   0.333133E-02   0.562618E-02   0.350000E-03
 687  -0.701418E-03  -0.185355E-03   0.331181E-02   0.497932E-02   0.300000E-03
 688  -0.352888E-03  -0.351288E-04   0.502621E-02   0.488230E-02   0.250000E-03
 689  -0.394216E-03  -0.389493E-04   0.707080E-02   0.481366E-02   0.200000E-03
 690  -0.545184E-03  -0.130971E-03   0.761517E-02   0.597987E-02   0.350000E-03
 691  -0.528543E-03  -0.459648E-04   0.877916E-02   0.649671E-02   0.350000E-03
 692  -0.792320E-03   0.987762E-04   0.989790E-02   0.625687E-02   0.300000E-03
 693  -0.574677E-03   0.152798E-03   0.103937E-01   0.648919E-02   0.250000E-03
 694  -0.819329E-03   0.363352E-03   0.111154E-01   0.586301E-02   0.350000E-03
 695  -0.353089E-03  -0.158441E-03   0.128975E-01   0.602486E-02   0.350000E-03
 696  -0.243270E-03   0.523322E-03   0.146328E-01   0.723740E-02   0.250000E-03
 697  -0.441997E-03   0.625387E-03   0.143357E-01   0.664520E-02   0.400000E-03
 698  -0.572458E-03   0.772485E-04   0.156873E-01   0.659787E-02   0.400000E-03
 699  -0.618853E-03   0.204298E-03   0.170955E-01   0.664310E-02   0.450000E-03
 700  -0.180498E-03   0.539594E-04   0.181581E-01   0.695832E-02   0.300000E-03
 701  -0.471831E-03   0.817576E-04   0.195176E-01   0.668411E-02   0.300000E-03
 702  -0.388912E-03  -0.150431E-03   0.203882E-01   0.688142E-02   0.400000E-03
 703  -0.227154E-03   0.167342E-03   0.230029E-01   0.597963E-02   0.400000E-03
 704  -0.388627E-03  -0.670937E-05   0.241366E-01   0.558465E-02   0.400000E-03
 705  -0.672994E-03  -0.309185E-04   0.251190E-01   0.503963E-02   0.250000E-03
 706  -0.707689E-03  -0.981909E-04   0.259329E-01   0.506706E-02   0.250000E-03
 707  -0.937561E-03   0.278189E-03   0.269441E-01   0.509338E-02   0.400000E-03
 708  -0.587458E-03   0.429401E-04   0.298267E-01   0.544400E-02   0.250000E-03
 709   0.404390E-03  -0.273469E-03   0.320966E-01   0.529505E-02   0.200000E-03
 710  -0.762942E-05  -0.483898E-03   0.326906E-01   0.503601E-02   0.250000E-03
 711  -0.378697E-03  -0.193775E-03   0.337417E-01   0.460229E-02   0.350000E-03
 712  -0.481058E-03  -0.339626E-03   0.351303E-01   0.522002E-02   0.300000E-03
 713   0.126127E-03  -0.127081E-03   0.381616E-01   0.636562E-02   0.350000E-03
 714   0.340112E-03  -0.373061E-04   0.379353E-01   0.570329E-02   0.350000E-03
 715   0.929963E-04  -0.131905E-03   0.388333E-01   0.564892E-02   0.150000E-03
 716   0.553661E-04  -0.347303E-03   0.397405E-01   0.453911E-02   0.250000E-03
 717   0.980677E-03  -0.516440E-03   0.400731E-01   0.366741E-02   0.150000E-03
 718   0.257187E-03  -0.423310E-03   0.421752E-01   0.390986E-02   0.250000E-03
 719   0.225798E-03  -0.506217E-03   0.448013E-01   0.547121E-02   0.200000E-03
 720   0.529876E-03   0.564374E-03   0.434113E-01   0.730547E-02   0.350000E-03
 721  -0.574079E-03  -0.943175E-04   0.215194E-02   0.406316E-02   0.200000E-03
 722  -0.572788E-03  -0.167986E-03   0.202495E-02   0.513709E-02   0.300000E-03
 723  -0.603912E-03   0.727898E-04   0.425047E-02   0.463912E-02   0.250000E-03
 724  -0.519544E-03  -0.107042E-03   0.602884E-02   0.489267E-02   0.400000E-03
 725  -0.240552E-03  -0.332148E-03   0.694150E-02   0.513819E-02   0.150000E-03
 726  -0.526762E-03  -0.929678E-04   0.653738E-02   0.550839E-02   0.400000E-03
 727  -0.749327E-03  -0.922196E-04   0.824547E-02   0.613174E-02   0.300000E-03
 728  -0.547543E-03  -0.177380E-04   0.936994E-02   0.640193E-02   0.250000E-03
 729  -0.871410E-03   0.351754E-03   0.972551E-02   0.683123E-02   0.300000E-03
 730  -0.193931E-03   0.294643E-03   0.123765E-01   0.562451E-02   0.250000E-03
 731  -0.612122E-03  -0.310709E-04   0.122265E-01   0.622329E-02   0.350000E-03
 732  -0.329341E-03   0.202294E-04   0.131149E-01   0.663559E-02   0.250000E-03
 733  -0.364179E-03   0.632855E-03   0.149511E-01   0.685285E-02   0.250000E-03
 734  -0.606080E-03   0.179711E-03   0.161900E-01   0.692529E-02   0.200000E-03
 735  -0.497512E-03   0.234303E-03   0.175894E-01   0.727101E-02   0.350000E-03
 736   0.576510E-04  -0.180125E-03   0.190891E-01   0.733718E-02   0.400000E-03
 737  -0.565868E-03  -0.922131E-04   0.197782E-01   0.722284E-02   0.300000E-03
 738  -0.352927E-03   0.119216E-03   0.214628E-01   0.705165E-02   0.400000E-03
 739  -0.469553E-04   0.162916E-04   0.224094E-01   0.643631E-02   0.350000E-03
 740  -0.432723E-03   0.118461E-03   0.237177E-01   0.620342E-02   0.350000E-03
 741  -0.377016E-04   0.790794E-04   0.248008E-01   0.565869E-02   0.250000E-03
 742  -0.556961E-03   0.113587E-03   0.263497E-01   0.534554E-02   0.250000E-03
 743  -0.661557E-03   0.333565E-03   0.275897E-01   0.514971E-02   0.250000E-03
 744   0.179480E-03   0.387419E-04   0.288616E-01   0.519881E-02   0.200000E-03
 745   0.602607E-03  -0.146708E-03   0.315909E-01   0.572332E-02   0.250000E-03
 746  -0.436745E-04  -0.865742E-03   0.328216E-01   0.562028E-02   0.350000E-03
 747  -0.357153E-03  -0.586234E-03   0.332810E-01   0.516068E-02   0.300000E-03
 748  -0.820674E-04  -0.546940E-03   0.356713E-01   0.486302E-02   0.350000E-03
 749  -0.279541E-03  -0.334297E-03   0.363199E-01   0.547555E-02   0.300000E-03
 750   0.864245E-04  -0.880393E-04   0.385085E-01   0.587719E-02   0.250000E-03
 751   0.387778E-03  -0.475891E-05   0.391640E-01   0.594695E-02   0.300000E-03
 752   0.323673E-03  -0.627822E-03   0.401893E-01   0.423236E-02   0.300000E-03
 753   0.535354E-04   0.395587E-04   0.407402E-01   0.304597E-02   0.150000E-03
 754   0.234341E-04  -0.250726E-03   0.418926E-01   0.419116E-02   0.150000E-03
 755   0.217670E-03  -0.107987E-03   0.425365E-01   0.415322E-02   0.150000E-03
 756   0.412500E-03   0.386537E-03   0.431101E-01   0.672961E-02   0.300000E-03
 757  -0.545529E-03  -0.129270E-03   0.184027E-02   0.451483E-02   0.350000E-03
 758  -0.361544E-03  -0.335097E-03   0.402481E-02   0.570298E-02   0.350000E-03
 759  -0.334612E-03  -0.179111E-03   0.390449E-02   0.506477E-02   0.300000E-03
 760  -0.550715E-03  -0.247148E-03   0.474077E-02   0.559179E-02   0.300000E-03
 761  -0.482295E-03  -0.246292E-03   0.541376E-02   0.540115E-02   0.400000E-03
 762  -0.541782E-03  -0.243351E-03   0.592900E-02   0.594362E-02   0.350000E-03
 763  -0.577560E-03  -0.150716E-03   0.690484E-02   0.621659E-02   0.400000E-03
 764  -0.625673E-03  -0.587667E-04   0.817541E-02   0.673575E-02   0.300000E-03
 765  -0.884589E-03   0.216121E-03   0.115496E-01   0.640575E-02   0.350000E-03
 766  -0.407946E-03   0.110141E-03   0.117616E-01   0.577041E-02   0.300000E-03
 767  -0.468473E-03   0.386254E-04   0.126800E-01   0.652951E-02   0.200000E-03
 768   0.183854E-03   0.280363E-03   0.137307E-01   0.687966E-02   0.250000E-03
 769  -0.303291E-03   0.111323E-03   0.152509E-01   0.737127E-02   0.350000E-03
 770  -0.582392E-03   0.924351E-04   0.158333E-01   0.723031E-02   0.250000E-03
 771  -0.696404E-03   0.397939E-04   0.165710E-01   0.680754E-02   0.100000E-03
 772  -0.254751E-03  -0.817664E-04   0.184472E-01   0.742236E-02   0.250000E-03
 773  -0.177561E-03   0.399596E-03   0.201513E-01   0.781390E-02   0.400000E-03
 774  -0.226051E-03   0.101179E-03   0.208441E-01   0.747176E-02   0.350000E-03
 775  -0.348349E-03  -0.320751E-04   0.232520E-01   0.657891E-02   0.250000E-03
 776  -0.312908E-04  -0.156817E-03   0.248461E-01   0.610558E-02   0.200000E-03
 777  -0.622083E-03  -0.572859E-04   0.255317E-01   0.486427E-02   0.200000E-03
 778  -0.676401E-03   0.164086E-03   0.259377E-01   0.551572E-02   0.200000E-03
 779  -0.587130E-03   0.979726E-03   0.276656E-01   0.569194E-02   0.300000E-03
 780  -0.441588E-03  -0.102892E-03   0.293508E-01   0.580737E-02   0.350000E-03
 781  -0.459375E-03  -0.224123E-04   0.307081E-01   0.599557E-02   0.200000E-03
 782   0.428140E-03  -0.167639E-03   0.321355E-01   0.579341E-02   0.300000E-03
 783  -0.458942E-03  -0.659564E-03   0.339197E-01   0.527799E-02   0.350000E-03
 784  -0.325206E-03  -0.669133E-03   0.344659E-01   0.522415E-02   0.200000E-03
 785  -0.390663E-03  -0.343337E-03   0.356803E-01   0.556282E-02   0.350000E-03
 786  -0.232313E-03  -0.239706E-03   0.375883E-01   0.619518E-02   0.250000E-03
 787   0.457286E-03   0.138653E-03   0.397273E-01   0.614753E-02   0.300000E-03
 788   0.436577E-03   0.303703E-05   0.396395E-01   0.550371E-02   0.350000E-03
 789  -0.382806E-03   0.372687E-04   0.405694E-01   0.377228E-02   0.300000E-03
 790  -0.591245E-04  -0.173168E-03   0.414591E-01   0.430152E-02   0.300000E-03
 791   0.382126E-03   0.178831E-03   0.431209E-01   0.435979E-02   0.350000E-03
 792  -0.243684E-03  -0.255265E-03   0.438853E-01   0.518681E-02   0.150000E-03
 793  -0.352103E-03  -0.271827E-03   0.284673E-02   0.550935E-02   0.150000E-03
 794  -0.559883E-03   0.281364E-03   0.243277E-02   0.548420E-02   0.150000E-03
 795  -0.494899E-03  -0.211847E-03   0.435942E-02   0.526925E-02   0.200000E-03
 796  -0.417216E-03  -0.555751E-03   0.265558E-02   0.649913E-02   0.300000E-03
 797  -0.257182E-03  -0.202921E-03   0.451475E-02   0.626941E-02   0.400000E-03
 798  -0.561368E-03  -0.876799E-04   0.518210E-02   0.605958E-02   0.300000E-03
 799  -0.452335E-03  -0.556723E-05   0.752889E-02   0.667004E-02   0.350000E-03
 800  -0.553215E-03  -0.104596E-03   0.884252E-02   0.709226E-02   0.250000E-03
 801  -0.738085E-03   0.280494E-04   0.108098E-01   0.676482E-02   0.250000E-03
 802  -0.840664E-03   0.939465E-04   0.112779E-01   0.694010E-02   0.250000E-03
 803  -0.770754E-03   0.259241E-03   0.120104E-01   0.678281E-02   0.250000E-03
 804  -0.199150E-03   0.552193E-03   0.132618E-01   0.716502E-02   0.300000E-03
 805  -0.467115E-03   0.606419E-03   0.140868E-01   0.729872E-02   0.300000E-03
 806  -0.551973E-03  -0.672557E-04   0.157170E-01   0.766441E-02   0.200000E-03
 807  -0.656947E-03   0.111241E-03   0.180226E-01   0.768560E-02   0.250000E-03
 808   0.994795E-04   0.455342E-03   0.191118E-01   0.818569E-02   0.450000E-03
 809  -0.345234E-03   0.235960E-04   0.214297E-01   0.775074E-02   0.300000E-03
 810  -0.805790E-04   0.131329E-03   0.221615E-01   0.703385E-02   0.300000E-03
 811  -0.390708E-03   0.172628E-03   0.237463E-01   0.685083E-02   0.300000E-03
 812  -0.369306E-03  -0.532485E-04   0.243663E-01   0.624462E-02   0.300000E-03
 813  -0.598449E-03   0.177361E-03   0.253933E-01   0.556831E-02   0.350000E-03
 814  -0.483276E-03   0.161514E-03   0.271673E-01   0.565013E-02   0.200000E-03
 815  -0.422056E-03  -0.924916E-04   0.286068E-01   0.589479E-02   0.400000E-03
 816  -0.784698E-03   0.176184E-03   0.312388E-01   0.603782E-02   0.200000E-03
 817  -0.357627E-03   0.343878E-03   0.302596E-01   0.626945E-02   0.300000E-03
 818  -0.252382E-03  -0.346119E-03   0.325622E-01   0.621468E-02   0.300000E-03
 819  -0.475219E-03  -0.731820E-03   0.334607E-01   0.573673E-02   0.300000E-03
 820  -0.184477E-03  -0.522098E-03   0.347166E-01   0.565199E-02   0.300000E-03
 821  -0.270205E-03  -0.196139E-03   0.362116E-01   0.606421E-02   0.300000E-03
 822  -0.124688E-04  -0.187396E-03   0.378275E-01   0.692296E-02   0.300000E-03
 823   0.576087E-03  -0.169732E-03   0.387587E-01   0.631760E-02   0.250000E-03
 824   0.550808E-03   0.144050E-03   0.408228E-01   0.557216E-02   0.350000E-03
 825   0.458174E-03   0.144757E-04   0.402623E-01   0.500324E-02   0.450000E-03
 826   0.782890E-03  -0.445077E-03   0.408103E-01   0.442085E-02   0.350000E-03
 827   0.337421E-03  -0.834110E-04   0.422289E-01   0.440633E-02   0.250000E-03
 828   0.290623E-03   0.426518E-04   0.402899E-01   0.693816E-02   0.350000E-03
 829  -0.382604E-03  -0.320332E-03   0.262857E-02   0.590088E-02   0.300000E-03
 830  -0.364033E-03  -0.305870E-03   0.299760E-03   0.524301E-02   0.300000E-03
 831  -0.333126E-03  -0.324320E-03   0.315043E-03   0.574166E-02   0.200000E-03
 832  -0.674447E-03  -0.505311E-03   0.310204E-02   0.617926E-02   0.250000E-03
 833  -0.554762E-03  -0.191142E-03   0.329056E-02   0.669457E-02   0.300000E-03
 834  -0.542956E-03  -0.388712E-03   0.509891E-02   0.665333E-02   0.300000E-03
 835  -0.695978E-03  -0.280038E-03   0.576512E-02   0.682782E-02   0.300000E-03
 836  -0.461769E-03  -0.536914E-03   0.759809E-02   0.736446E-02   0.350000E-03
 837  -0.783620E-03   0.197746E-03   0.108075E-01   0.631635E-02   0.200000E-03
 838  -0.768055E-03   0.185730E-03   0.117516E-01   0.732364E-02   0.350000E-03
 839  -0.509998E-03   0.517585E-03   0.125652E-01   0.711781E-02   0.400000E-03
 840  -0.500241E-03   0.362527E-03   0.141545E-01   0.789441E-02   0.300000E-03
 841  -0.292195E-03   0.113834E-03   0.147423E-01   0.777549E-02   0.300000E-03
 842  -0.694028E-03   0.645986E-04   0.170252E-01   0.759063E-02   0.300000E-03
 843  -0.247640E-03   0.342944E-03   0.184645E-01   0.791962E-02   0.250000E-03
 844   0.146040E-03  -0.237275E-03   0.198224E-01   0.843112E-02   0.300000E-03
 845  -0.171130E-03   0.398755E-03   0.208112E-01   0.816947E-02   0.350000E-03
 846   0.607303E-04  -0.153030E-03   0.219336E-01   0.753355E-02   0.250000E-03
 847  -0.352854E-03   0.163761E-03   0.232150E-01   0.712598E-02   0.300000E-03
 848  -0.334005E-03   0.172710E-03   0.244396E-01   0.693966E-02   0.400000E-03
 849  -0.563998E-03  -0.299826E-03   0.253724E-01   0.626416E-02   0.350000E-03
 850  -0.297119E-03  -0.126771E-02   0.267022E-01   0.563781E-02   0.200000E-03
 851  -0.594382E-03  -0.214320E-03   0.265601E-01   0.611331E-02   0.300000E-03
 852  -0.518768E-03   0.203056E-03   0.299030E-01   0.583627E-02   0.150000E-03
 853  -0.635928E-03  -0.337954E-04   0.316947E-01   0.633909E-02   0.350000E-03
 854  -0.302248E-03  -0.591655E-04   0.327759E-01   0.682852E-02   0.350000E-03
 855  -0.695608E-03  -0.378259E-03   0.331607E-01   0.625602E-02   0.300000E-03
 856  -0.396057E-03  -0.470709E-03   0.341144E-01   0.600135E-02   0.400000E-03
 857  -0.156934E-03  -0.507761E-03   0.352081E-01   0.607469E-02   0.350000E-03
 858  -0.105334E-03   0.322467E-04   0.365586E-01   0.655217E-02   0.300000E-03
 859   0.369091E-03   0.378843E-04   0.392902E-01   0.648100E-02   0.250000E-03
 860   0.529207E-03   0.112650E-03   0.402163E-01   0.580010E-02   0.300000E-03
 861   0.172856E-03   0.129854E-03   0.415200E-01   0.558464E-02   0.350000E-03
 862   0.739220E-03  -0.626737E-03   0.409838E-01   0.499458E-02   0.250000E-03
 863   0.480824E-03   0.434584E-03   0.432868E-01   0.514178E-02   0.450000E-03
 864   0.119248E-03  -0.246684E-03   0.445513E-01   0.606978E-02   0.450000E-03
 865  -0.291488E-03  -0.121977E-03   0.137742E-02   0.509056E-02   0.350000E-03
 866  -0.415416E-03  -0.336741E-03   0.171094E-02   0.552365E-02   0.200000E-03
 867   0.268081E-04  -0.420596E-03   0.203430E-02   0.631268E-02   0.350000E-03
 868  -0.206855E-03  -0.557821E-03   0.372096E-02   0.627727E-02   0.300000E-03
 869  -0.550711E-03  -0.269170E-03   0.337957E-02   0.723493E-02   0.250000E-03
 870  -0.604094E-03  -0.346051E-03   0.626603E-02   0.649845E-02   0.300000E-03
 871  -0.558807E-03  -0.162263E-05   0.692796E-02   0.691523E-02   0.300000E-03
 872  -0.504689E-03  -0.853791E-04   0.921993E-02   0.682416E-02   0.200000E-03
 873  -0.635844E-03   0.414975E-03   0.102968E-01   0.702734E-02   0.300000E-03
 874  -0.397086E-03   0.310969E-03   0.117033E-01   0.798816E-02   0.300000E-03
 875  -0.443935E-03   0.338165E-03   0.122498E-01   0.774082E-02   0.300000E-03
 876  -0.257589E-03   0.452690E-03   0.136058E-01   0.765352E-02   0.300000E-03
 877  -0.319218E-03   0.351381E-03   0.147003E-01   0.837356E-02   0.300000E-03
 878  -0.614987E-03   0.516275E-04   0.163958E-01   0.743392E-02   0.350000E-03
 879  -0.502924E-03   0.150325E-03   0.175026E-01   0.786303E-02   0.250000E-03
 880  -0.444013E-03   0.339180E-03   0.177358E-01   0.836005E-02   0.300000E-03
 881  -0.433312E-04   0.232001E-03   0.219108E-01   0.810886E-02   0.300000E-03
 882  -0.810374E-04   0.110923E-03   0.226757E-01   0.722602E-02   0.250000E-03
 883  -0.165019E-03  -0.598643E-04   0.228595E-01   0.665205E-02   0.150000E-03
 884  -0.395956E-03   0.276244E-03   0.239182E-01   0.747658E-02   0.350000E-03
 885  -0.739621E-03   0.909380E-03   0.258355E-01   0.740272E-02   0.400000E-03
 886  -0.704806E-03  -0.270613E-03   0.259700E-01   0.601283E-02   0.300000E-03
 887  -0.635102E-03   0.522204E-03   0.283515E-01   0.659742E-02   0.350000E-03
 888  -0.345614E-03   0.336279E-03   0.295744E-01   0.657357E-02   0.450000E-03
 889  -0.690423E-03   0.206511E-03   0.309290E-01   0.660738E-02   0.450000E-03
 890  -0.559211E-03   0.114926E-04   0.322119E-01   0.663746E-02   0.250000E-03
 891  -0.396676E-03  -0.422233E-03   0.337235E-01   0.663965E-02   0.350000E-03
 892  -0.131034E-03  -0.549090E-03   0.346609E-01   0.658559E-02   0.400000E-03
 893   0.588693E-05  -0.415236E-03   0.357440E-01   0.643935E-02   0.300000E-03
 894   0.473836E-03   0.243837E-03   0.385878E-01   0.678706E-02   0.250000E-03
 895   0.306730E-03   0.182651E-03   0.390967E-01   0.699509E-02   0.300000E-03
 896   0.152676E-03   0.466312E-03   0.419193E-01   0.696332E-02   0.300000E-03
 897   0.377869E-03   0.345331E-03   0.424723E-01   0.662215E-02   0.350000E-03
 898   0.675721E-03   0.881615E-04   0.426306E-01   0.460652E-02   0.200000E-03
 899   0.601906E-03   0.389085E-03   0.424915E-01   0.520115E-02   0.350000E-03
 900   0.442796E-03  -0.848502E-04   0.438290E-01   0.572715E-02   0.350000E-03
 901  -0.202689E-03  -0.436492E-03   0.129241E-02   0.568171E-02   0.250000E-03
 902  -0.434745E-03  -0.416746E-03   0.309783E-02   0.764764E-02   0.250000E-03
 903  -0.399185E-05  -0.149483E-03   0.211181E-02   0.571896E-02   0.250000E-03
 904  -0.345991E-03  -0.238727E-03   0.278850E-02   0.713381E-02   0.350000E-03
 905  -0.137673E-03  -0.415419E-03   0.402448E-02   0.696296E-02   0.450000E-03
 906  -0.149794E-03  -0.353028E-03   0.588332E-02   0.736999E-02   0.250000E-03
 907  -0.639301E-03  -0.143537E-03   0.557725E-02   0.636504E-02   0.200000E-03
 908  -0.523287E-03   0.156973E-03   0.886032E-02   0.764115E-02   0.300000E-03
 909  -0.415409E-03   0.222629E-03   0.935571E-02   0.730361E-02   0.300000E-03
 910  -0.666539E-03  -0.704346E-04   0.101124E-01   0.806314E-02   0.300000E-03
 911  -0.663756E-03   0.107609E-03   0.112596E-01   0.766575E-02   0.250000E-03
 912  -0.293562E-03   0.364150E-03   0.151796E-01   0.864282E-02   0.250000E-03
 913  -0.278193E-03   0.314489E-03   0.153400E-01   0.806487E-02   0.350000E-03
 914  -0.755653E-03   0.408785E-03   0.161316E-01   0.818738E-02   0.450000E-03
 915  -0.705771E-03   0.317651E-03   0.170132E-01   0.829025E-02   0.400000E-03
 916   0.289043E-03  -0.119287E-03   0.203801E-01   0.865342E-02   0.300000E-03
 917   0.268411E-03  -0.446551E-04   0.199719E-01   0.909160E-02   0.300000E-03
 918  -0.130382E-03   0.302098E-03   0.224763E-01   0.778976E-02   0.350000E-03
 919  -0.355445E-03   0.294978E-03   0.231761E-01   0.777445E-02   0.350000E-03
 920  -0.231353E-03   0.738964E-03   0.247686E-01   0.644627E-02   0.150000E-03
 921  -0.434197E-03   0.311328E-03   0.233505E-01   0.851407E-02   0.350000E-03
 922  -0.700664E-03   0.434646E-03   0.259479E-01   0.666154E-02   0.350000E-03
 923  -0.604376E-03   0.531940E-03   0.277023E-01   0.633887E-02   0.350000E-03
 924  -0.591915E-03   0.557030E-03   0.289048E-01   0.717447E-02   0.450000E-03
 925  -0.699306E-03   0.555494E-04   0.310989E-01   0.738883E-02   0.350000E-03
 926  -0.638368E-03  -0.128811E-04   0.316053E-01   0.698162E-02   0.300000E-03
 927  -0.142921E-03   0.218526E-03   0.336391E-01   0.719791E-02   0.200000E-03
 928  -0.498367E-03  -0.153184E-02   0.341688E-01   0.649761E-02   0.100000E-03
 929  -0.183115E-04  -0.416688E-03   0.372175E-01   0.669867E-02   0.350000E-03
 930   0.298338E-03   0.938014E-04   0.412227E-01   0.664712E-02   0.300000E-03
 931   0.802473E-04   0.218436E-03   0.411917E-01   0.608239E-02   0.250000E-03
 932   0.448555E-03   0.108136E-03   0.397413E-01   0.669640E-02   0.250000E-03
 933   0.150867E-03   0.218187E-03   0.418128E-01   0.627173E-02   0.400000E-03
 934  -0.297775E-03   0.238329E-03   0.412556E-01   0.470189E-02   0.150000E-03
 935   0.119340E-03   0.179531E-03   0.418081E-01   0.489988E-02   0.400000E-03
 936   0.788346E-03  -0.442099E-03   0.433681E-01   0.618492E-02   0.300000E-03
 937  -0.197390E-03  -0.787477E-04   0.102935E-02   0.720144E-02   0.350000E-03
 938  -0.319077E-03  -0.327833E-03   0.298424E-03   0.624065E-02   0.300000E-03
 939  -0.726640E-03  -0.531055E-03   0.373257E-02   0.771785E-02   0.350000E-03
 940  -0.330709E-04  -0.499026E-03   0.790173E-03   0.589918E-02   0.300000E-03
 941  -0.196771E-03  -0.700752E-04   0.166291E-02   0.690500E-02   0.350000E-03
 942  -0.433157E-03  -0.534850E-03   0.458201E-02   0.773843E-02   0.500000E-03
 943  -0.562014E-03  -0.443154E-03   0.529238E-02   0.727331E-02   0.350000E-03
 944  -0.582397E-03  -0.100104E-03   0.635497E-02   0.709027E-02   0.300000E-03
 945  -0.780008E-03   0.195048E-04   0.108407E-01   0.731244E-02   0.300000E-03
 946  -0.125182E-02  -0.145853E-03   0.985983E-02   0.752187E-02   0.250000E-03
 947  -0.137664E-03   0.363774E-03   0.129486E-01   0.801238E-02   0.450000E-03
 948  -0.209609E-03   0.478763E-03   0.125588E-01   0.859317E-02   0.250000E-03
 949  -0.695835E-03   0.314120E-03   0.157054E-01   0.880404E-02   0.300000E-03
 950  -0.334037E-03  -0.438512E-03   0.140056E-01   0.857809E-02   0.400000E-03
 951  -0.770549E-03   0.389506E-03   0.165468E-01   0.881151E-02   0.300000E-03
 952  -0.252730E-03   0.348455E-03   0.182846E-01   0.838431E-02   0.250000E-03
 953  -0.432082E-03  -0.331989E-03   0.210242E-01   0.872990E-02   0.250000E-03
 954  -0.157937E-03   0.274569E-03   0.225101E-01   0.863854E-02   0.500000E-03
 955  -0.400133E-03   0.285216E-03   0.237150E-01   0.803902E-02   0.250000E-03
 956  -0.596128E-03   0.942672E-03   0.252029E-01   0.725425E-02   0.250000E-03
 957  -0.301061E-03   0.109326E-02   0.268678E-01   0.765528E-02   0.350000E-03
 958  -0.336875E-03   0.663641E-03   0.265365E-01   0.703916E-02   0.350000E-03
 959   0.284310E-06   0.324158E-03   0.270367E-01   0.655068E-02   0.350000E-03
 960  -0.316293E-03   0.110343E-03   0.302612E-01   0.681650E-02   0.250000E-03
 961  -0.500858E-03  -0.368467E-03   0.321437E-01   0.798351E-02   0.400000E-03
 962  -0.164863E-02  -0.165445E-03   0.316829E-01   0.752542E-02   0.250000E-03
 963  -0.706784E-03  -0.180055E-03   0.333005E-01   0.698688E-02   0.200000E-03
 964   0.685174E-04  -0.470151E-03   0.353083E-01   0.685041E-02   0.300000E-03
 965   0.169177E-03  -0.145505E-03   0.361016E-01   0.685669E-02   0.250000E-03
 966  -0.107756E-03  -0.101683E-04   0.366957E-01   0.723770E-02   0.400000E-03
 967   0.256381E-03   0.140160E-03   0.406505E-01   0.633913E-02   0.350000E-03
 968  -0.380569E-04   0.434935E-04   0.401622E-01   0.624873E-02   0.150000E-03
 969  -0.903520E-03  -0.278703E-03   0.447506E-01   0.714641E-02   0.250000E-03
 970  -0.652119E-04   0.283239E-03   0.442546E-01   0.681020E-02   0.350000E-03
 971   0.188672E-03  -0.694670E-03   0.427237E-01   0.591293E-02   0.400000E-03
 972   0.623564E-03   0.349163E-03   0.436579E-01   0.675865E-02   0.250000E-03
 973  -0.644702E-04  -0.244820E-03   0.838168E-03   0.535159E-02   0.250000E-03
 974  -0.620449E-03  -0.362602E-03   0.402576E-02   0.824110E-02   0.250000E-03
 975  -0.170929E-03  -0.430433E-03   0.133545E-02   0.627864E-02   0.350000E-03
 976  -0.314923E-03  -0.346818E-03   0.773506E-03   0.660443E-02   0.300000E-03
 977  -0.499924E-03  -0.443571E-03   0.734771E-02   0.790865E-02   0.250000E-03
 978  -0.595964E-03  -0.542420E-03   0.696561E-02   0.751342E-02   0.300000E-03
 979  -0.645509E-03  -0.540458E-03   0.642923E-02   0.763424E-02   0.250000E-03
 980  -0.342819E-03  -0.485249E-03   0.818661E-02   0.782847E-02   0.400000E-03
 981  -0.669167E-03  -0.612008E-04   0.103565E-01   0.757156E-02   0.250000E-03
 982  -0.376007E-03  -0.153426E-03   0.937311E-02   0.818793E-02   0.450000E-03
 983  -0.432779E-03   0.293834E-03   0.121664E-01   0.828410E-02   0.250000E-03
 984  -0.559089E-03   0.383754E-04   0.107673E-01   0.800775E-02   0.350000E-03
 985  -0.278817E-03   0.492095E-03   0.135834E-01   0.815195E-02   0.200000E-03
 986  -0.252621E-03   0.257002E-03   0.189736E-01   0.941852E-02   0.300000E-03
 987  -0.194141E-03   0.384329E-03   0.186636E-01   0.884793E-02   0.350000E-03
 988  -0.244094E-03  -0.252155E-03   0.194146E-01   0.887033E-02   0.300000E-03
 989  -0.142415E-03   0.252899E-03   0.195231E-01   0.940869E-02   0.250000E-03
 990  -0.351694E-03   0.358980E-03   0.213959E-01   0.829925E-02   0.250000E-03
 991  -0.104754E-03   0.657988E-03   0.243178E-01   0.805092E-02   0.350000E-03
 992   0.158123E-04   0.524501E-03   0.247501E-01   0.756606E-02   0.300000E-03
 993  -0.922400E-03   0.352542E-03   0.250665E-01   0.677385E-02   0.250000E-03
 994   0.333258E-04   0.530584E-03   0.271666E-01   0.713540E-02   0.250000E-03
 995  -0.660683E-03   0.549737E-03   0.278162E-01   0.712038E-02   0.400000E-03
 996  -0.303396E-03   0.922924E-04   0.304519E-01   0.733089E-02   0.300000E-03
 997  -0.406747E-03   0.245966E-03   0.299204E-01   0.718173E-02   0.250000E-03
 998  -0.556994E-03   0.121995E-03   0.322080E-01   0.723666E-02   0.350000E-03
 999  -0.534840E-03  -0.386681E-03   0.330516E-01   0.736081E-02   0.250000E-03
1000   0.198007E-03   0.207299E-03   0.341870E-01   0.716396E-02   0.350000E-03
