   1   0.429380E-04   0.179461E-03   0.112755E-01   0.848514E-02   0.350000E-03
   2   0.517813E-02  -0.212484E-03   0.153783E-03   0.149990E-03   0.150000E-03
   3   0.725699E-03   0.504663E-02   0.454999E-02   0.446441E-03   0.450000E-03
   4   0.109583E-02  -0.243012E-02   0.571133E-02   0.555171E-03   0.200000E-03
   5   0.341126E-03  -0.231813E-03   0.564491E-02   0.999941E-04   0.100000E-03
   6  -0.113017E-02  -0.717210E-03   0.746352E-02   0.249474E-03   0.250000E-03
   7  -0.471494E-03   0.229516E-03   0.809565E-02   0.398835E-03   0.400000E-03
   8  -0.261128E-03  -0.196822E-02   0.885182E-02   0.347921E-03   0.350000E-03
   9   0.800563E-04  -0.204787E-02   0.929678E-02   0.571686E-03   0.150000E-03
  10  -0.100652E-02  -0.118822E-02   0.117930E-01   0.295134E-03   0.300000E-03
  11   0.243593E-03   0.779981E-03   0.130331E-01   0.358517E-03   0.350000E-03
  12  -0.117859E-02   0.745042E-03   0.147651E-01   0.195381E-03   0.200000E-03
  13  -0.104252E-02   0.601970E-03   0.169075E-01   0.344476E-03   0.350000E-03
  14  -0.290655E-03   0.670131E-03   0.176057E-01   0.348610E-03   0.350000E-03
  15   0.480849E-03   0.234085E-02   0.188253E-01   0.399840E-03   0.400000E-03
  16   0.106922E-02   0.812594E-03   0.195717E-01   0.347286E-03   0.350000E-03
  17  -0.200007E-02   0.732039E-03   0.204863E-01   0.338030E-03   0.350000E-03
  18  -0.130964E-02   0.118505E-02   0.219368E-01   0.349187E-03   0.350000E-03
  19   0.131576E-02   0.643860E-03   0.225261E-01   0.241023E-03   0.250000E-03
  20  -0.159639E-02   0.697176E-03   0.230259E-01   0.248959E-03   0.250000E-03
  21  -0.516901E-04  -0.515253E-03   0.244837E-01   0.249675E-03   0.250000E-03
  22  -0.116424E-03   0.222287E-03   0.257273E-01   0.199911E-03   0.200000E-03
  23  -0.953666E-03   0.232613E-02   0.267552E-01   0.998510E-04   0.100000E-03
  24   0.302022E-03  -0.876679E-03   0.282281E-01   0.396683E-03   0.400000E-03
  25   0.471948E-03   0.515219E-03   0.297753E-01   0.399465E-03   0.400000E-03
  26   0.135275E-02   0.100801E-02   0.305213E-01   0.336728E-03   0.350000E-03
  27  -0.185574E-02   0.852605E-03   0.318616E-01   0.298339E-03   0.300000E-03
  28   0.462556E-02   0.397282E-03   0.333366E-01   0.299930E-03   0.300000E-03
  29  -0.571065E-03  -0.106396E-02   0.355437E-01   0.444807E-03   0.450000E-03
  30   0.421196E-03  -0.178792E-02   0.373930E-01   0.346310E-03   0.350000E-03
  31  -0.108977E-02   0.280906E-03   0.379851E-01   0.249217E-03   0.250000E-03
  32  -0.131001E-02  -0.573188E-03   0.401169E-01   0.197410E-03   0.200000E-03
  33   0.130813E-02  -0.155164E-03   0.410067E-01   0.194839E-03   0.200000E-03
  34   0.315051E-03   0.651578E-03   0.446042E-01   0.879825E-03   0.400000E-03
  35   0.117337E-02  -0.121081E-02   0.446511E-01   0.192078E-02   0.350000E-03
  36   0.675461E-03   0.249849E-03   0.863712E-02   0.836037E-02   0.300000E-03
  37   0.980412E-03  -0.291638E-02   0.248017E-03   0.181250E-02   0.250000E-03
  38  -0.236576E-02   0.117183E-02   0.764609E-03   0.742967E-03   0.300000E-03
  39   0.118964E-02   0.112223E-02   0.264725E-02   0.399667E-03   0.400000E-03
  40  -0.224866E-02  -0.552744E-03   0.613806E-02   0.299141E-03   0.300000E-03
  41  -0.940742E-03  -0.164948E-03   0.683040E-02   0.394426E-03   0.400000E-03
  42   0.957637E-03  -0.129653E-02   0.725426E-02   0.100776E-02   0.350000E-03
  43  -0.135266E-02  -0.427082E-03   0.855677E-02   0.923191E-03   0.300000E-03
  44  -0.104887E-03  -0.267205E-02   0.936325E-02   0.965073E-03   0.250000E-03
  45   0.888853E-03  -0.193587E-02   0.994032E-02   0.492345E-03   0.500000E-03
  46  -0.574197E-03  -0.393853E-03   0.108559E-01   0.300061E-03   0.300000E-03
  47   0.852652E-03  -0.647605E-03   0.152252E-01   0.149835E-03   0.150000E-03
  48  -0.234213E-02   0.570158E-03   0.158054E-01   0.447869E-03   0.450000E-03
  49  -0.710958E-03   0.203946E-02   0.164732E-01   0.882249E-03   0.350000E-03
  50  -0.144429E-03   0.117231E-02   0.181954E-01   0.247013E-03   0.250000E-03
  51   0.155573E-02   0.111462E-02   0.192952E-01   0.874220E-03   0.250000E-03
  52   0.138083E-02   0.105936E-02   0.200270E-01   0.147691E-03   0.150000E-03
  53  -0.293831E-03  -0.429584E-03   0.204921E-01   0.100736E-02   0.200000E-03
  54  -0.569881E-04  -0.887115E-03   0.211507E-01   0.298553E-03   0.300000E-03
  55   0.301744E-03  -0.374830E-04   0.233996E-01   0.999425E-04   0.100000E-03
  56  -0.105473E-02  -0.317734E-03   0.238507E-01   0.395612E-03   0.400000E-03
  57  -0.365444E-03   0.253046E-03   0.245142E-01   0.914263E-03   0.400000E-03
  58  -0.132669E-04  -0.434006E-03   0.251168E-01   0.395431E-03   0.400000E-03
  59   0.161145E-02  -0.817985E-03   0.270451E-01   0.199922E-03   0.200000E-03
  60  -0.943717E-04  -0.650065E-03   0.275358E-01   0.297903E-03   0.300000E-03
  61   0.109676E-02   0.871997E-03   0.290840E-01   0.297161E-03   0.300000E-03
  62   0.619309E-05   0.757841E-03   0.312175E-01   0.347095E-03   0.350000E-03
  63   0.126883E-02  -0.916319E-05   0.328500E-01   0.196459E-03   0.200000E-03
  64  -0.670479E-03  -0.103155E-03   0.347524E-01   0.344366E-03   0.350000E-03
  65  -0.774879E-03  -0.827003E-03   0.363198E-01   0.618829E-03   0.350000E-03
  66  -0.497546E-03  -0.134979E-02   0.364219E-01   0.139549E-03   0.150000E-03
  67  -0.198658E-02   0.186329E-03   0.391318E-01   0.298635E-03   0.300000E-03
  68  -0.263848E-02  -0.730419E-03   0.422981E-01   0.205894E-03   0.200000E-03
  69  -0.101207E-02   0.757127E-03   0.438603E-01   0.821369E-03   0.350000E-03
  70  -0.113904E-02   0.592573E-03   0.424050E-01   0.721592E-02   0.250000E-03
  71  -0.596790E-03  -0.732281E-03   0.447017E-01   0.498027E-02   0.300000E-03
  72   0.116967E-02  -0.114443E-02   0.447504E-01   0.248129E-03   0.250000E-03
  73   0.127955E-03   0.150164E-04   0.258201E-02   0.795929E-02   0.350000E-03
  74  -0.102062E-02   0.243252E-04   0.116054E-02   0.296843E-03   0.300000E-03
  75   0.392916E-03   0.304515E-03   0.388177E-02   0.248825E-03   0.250000E-03
  76   0.525696E-03  -0.507946E-03   0.518354E-02   0.923772E-03   0.350000E-03
  77   0.287703E-05  -0.143331E-02   0.642014E-02   0.824244E-03   0.200000E-03
  78   0.396769E-03  -0.138585E-02   0.661660E-02   0.133713E-02   0.350000E-03
  79   0.210279E-03  -0.108248E-02   0.794149E-02   0.113223E-02   0.350000E-03
  80  -0.626010E-03  -0.163539E-02   0.903695E-02   0.133793E-02   0.250000E-03
  81   0.875427E-03  -0.137915E-02   0.106627E-01   0.928503E-03   0.350000E-03
  82  -0.809684E-04  -0.101473E-02   0.132754E-01   0.968733E-03   0.300000E-03
  83   0.544654E-03   0.182883E-03   0.137296E-01   0.345245E-03   0.350000E-03
  84   0.456849E-03   0.177208E-03   0.143196E-01   0.244389E-03   0.250000E-03
  85  -0.167481E-02   0.303178E-03   0.154033E-01   0.101711E-02   0.250000E-03
  86  -0.325517E-03   0.137045E-02   0.172509E-01   0.106445E-02   0.450000E-03
  87   0.751697E-03   0.120488E-02   0.188295E-01   0.104914E-02   0.250000E-03
  88  -0.489061E-03  -0.187066E-03   0.200371E-01   0.800117E-03   0.300000E-03
  89  -0.101775E-02  -0.111459E-02   0.202853E-01   0.160340E-02   0.400000E-03
  90   0.301769E-03  -0.978431E-03   0.214670E-01   0.864414E-03   0.350000E-03
  91   0.523668E-03   0.108228E-02   0.225893E-01   0.728154E-03   0.250000E-03
  92  -0.124194E-02   0.801650E-03   0.231780E-01   0.828290E-03   0.350000E-03
  93  -0.172126E-02   0.953090E-03   0.238028E-01   0.113971E-02   0.350000E-03
  94  -0.120412E-03   0.568314E-03   0.252292E-01   0.113499E-02   0.350000E-03
  95  -0.183417E-03   0.132809E-03   0.273352E-01   0.914019E-03   0.350000E-03
  96   0.606719E-04   0.193369E-03   0.280388E-01   0.117186E-02   0.400000E-03
  97   0.744242E-03   0.269340E-03   0.294603E-01   0.966626E-03   0.250000E-03
  98   0.687431E-03   0.469171E-03   0.302780E-01   0.108444E-02   0.450000E-03
  99  -0.107733E-02   0.394445E-03   0.324051E-01   0.247069E-03   0.250000E-03
 100   0.886174E-03   0.254887E-02   0.327275E-01   0.624019E-03   0.250000E-03
 101  -0.118786E-02   0.347087E-03   0.349591E-01   0.106072E-02   0.400000E-03
 102  -0.855738E-03  -0.147352E-02   0.368011E-01   0.261033E-03   0.250000E-03
 103   0.540844E-03  -0.892354E-03   0.376383E-01   0.889358E-03   0.250000E-03
 104  -0.777854E-03  -0.248727E-04   0.385332E-01   0.294098E-03   0.300000E-03
 105  -0.900310E-03  -0.476693E-03   0.405618E-01   0.244559E-03   0.250000E-03
 106   0.598083E-03  -0.357222E-03   0.431855E-01   0.296707E-03   0.300000E-03
 107  -0.455251E-03  -0.196863E-03   0.440858E-01   0.748784E-02   0.350000E-03
 108  -0.905059E-03   0.371138E-03   0.349150E-01   0.748653E-02   0.450000E-03
 109   0.276140E-02   0.135049E-02   0.239293E-03   0.610187E-03   0.250000E-03
 110   0.691487E-03   0.283883E-02   0.568823E-03   0.239224E-03   0.250000E-03
 111   0.447982E-03   0.397026E-03   0.185047E-02   0.399367E-03   0.400000E-03
 112   0.436700E-03  -0.417339E-03   0.318302E-02   0.923282E-03   0.350000E-03
 113  -0.805349E-04  -0.117932E-02   0.590141E-02   0.112055E-02   0.400000E-03
 114   0.488933E-03  -0.125935E-02   0.712153E-02   0.154035E-02   0.200000E-03
 115  -0.117843E-03  -0.148869E-02   0.848751E-02   0.156528E-02   0.350000E-03
 116  -0.589142E-03  -0.106240E-02   0.983819E-02   0.133160E-02   0.350000E-03
 117  -0.194810E-03  -0.767851E-03   0.113369E-01   0.745092E-03   0.350000E-03
 118   0.430395E-03   0.722030E-04   0.123900E-01   0.290599E-03   0.300000E-03
 119   0.621301E-03  -0.436688E-03   0.142520E-01   0.784805E-03   0.300000E-03
 120  -0.127062E-02   0.460998E-03   0.150694E-01   0.585434E-03   0.300000E-03
 121  -0.802720E-03   0.143596E-02   0.166884E-01   0.138564E-02   0.200000E-03
 122   0.115026E-03   0.516283E-03   0.181397E-01   0.942497E-03   0.450000E-03
 123   0.994277E-03   0.142718E-02   0.185770E-01   0.141771E-02   0.200000E-03
 124  -0.186267E-03  -0.257189E-03   0.196719E-01   0.127256E-02   0.300000E-03
 125  -0.183579E-03  -0.678129E-03   0.208776E-01   0.775086E-03   0.250000E-03
 126  -0.450020E-03  -0.130700E-02   0.209192E-01   0.131852E-02   0.300000E-03
 127   0.338878E-03  -0.306939E-03   0.227127E-01   0.120670E-02   0.250000E-03
 128  -0.634518E-03  -0.165428E-02   0.230678E-01   0.162018E-02   0.300000E-03
 129   0.144380E-03  -0.103508E-02   0.236111E-01   0.169466E-02   0.250000E-03
 130  -0.359107E-03  -0.774432E-03   0.257310E-01   0.722249E-03   0.300000E-03
 131  -0.669029E-03  -0.639473E-03   0.263479E-01   0.394882E-03   0.400000E-03
 132  -0.233712E-03   0.146355E-03   0.275253E-01   0.147971E-02   0.200000E-03
 133   0.486577E-03   0.174732E-03   0.288112E-01   0.938603E-03   0.400000E-03
 134   0.329859E-03  -0.101942E-02   0.311573E-01   0.109141E-02   0.400000E-03
 135  -0.159451E-02  -0.990914E-03   0.320043E-01   0.103281E-02   0.450000E-03
 136  -0.160494E-02  -0.253305E-03   0.340166E-01   0.444598E-03   0.400000E-03
 137  -0.537860E-03  -0.341981E-03   0.372355E-01   0.767269E-03   0.100000E-03
 138  -0.332752E-03  -0.821883E-03   0.374004E-01   0.132330E-02   0.250000E-03
 139  -0.118520E-02  -0.372780E-03   0.381725E-01   0.765619E-03   0.300000E-03
 140  -0.113004E-02  -0.220789E-03   0.396764E-01   0.264701E-03   0.250000E-03
 141  -0.123299E-02   0.922897E-03   0.414533E-01   0.247803E-03   0.250000E-03
 142  -0.251107E-02   0.983117E-03   0.418986E-01   0.197370E-03   0.200000E-03
 143  -0.119988E-02   0.127278E-03   0.438995E-01   0.632061E-02   0.250000E-03
 144   0.739643E-04   0.106822E-03   0.295315E-01   0.757800E-02   0.300000E-03
 145   0.323401E-04  -0.208534E-03   0.295211E-03   0.335204E-02   0.300000E-03
 146  -0.155831E-02  -0.167948E-02   0.650227E-03   0.137587E-02   0.350000E-03
 147  -0.366696E-03  -0.526722E-03   0.403646E-02   0.845417E-03   0.200000E-03
 148   0.436535E-03  -0.155293E-02   0.529116E-02   0.291040E-03   0.300000E-03
 149  -0.613538E-03  -0.103865E-02   0.609101E-02   0.194525E-02   0.450000E-03
 150   0.484277E-03  -0.158848E-02   0.751460E-02   0.148605E-02   0.200000E-03
 151  -0.566797E-03  -0.120713E-02   0.938308E-02   0.162156E-02   0.200000E-03
 152   0.845763E-03  -0.111432E-02   0.103790E-01   0.139637E-02   0.200000E-03
 153  -0.758079E-04  -0.179449E-02   0.111443E-01   0.136308E-02   0.300000E-03
 154   0.168356E-03  -0.110659E-02   0.125789E-01   0.955042E-03   0.400000E-03
 155   0.101986E-02  -0.124913E-02   0.137640E-01   0.884403E-03   0.200000E-03
 156   0.330654E-03  -0.174816E-03   0.147913E-01   0.122710E-02   0.400000E-03
 157   0.253029E-03   0.983793E-03   0.159293E-01   0.139269E-02   0.400000E-03
 158  -0.302196E-03   0.135877E-03   0.173682E-01   0.185057E-02   0.350000E-03
 159   0.203992E-03  -0.658578E-04   0.177644E-01   0.147126E-02   0.200000E-03
 160  -0.631159E-03  -0.511092E-03   0.181867E-01   0.164091E-02   0.250000E-03
 161  -0.257200E-03   0.714075E-03   0.195881E-01   0.181192E-02   0.250000E-03
 162  -0.484376E-04   0.237076E-03   0.209305E-01   0.181510E-02   0.200000E-03
 163   0.131238E-02  -0.135389E-03   0.221229E-01   0.109893E-02   0.350000E-03
 164   0.462144E-03  -0.175490E-02   0.227354E-01   0.217487E-02   0.300000E-03
 165  -0.159777E-03   0.583203E-03   0.248251E-01   0.157811E-02   0.250000E-03
 166  -0.347507E-03   0.526018E-03   0.256323E-01   0.157086E-02   0.250000E-03
 167  -0.625506E-03   0.174532E-03   0.266200E-01   0.113750E-02   0.400000E-03
 168   0.841468E-03   0.411781E-03   0.285726E-01   0.154050E-02   0.250000E-03
 169   0.351720E-03  -0.118514E-03   0.301889E-01   0.172209E-02   0.200000E-03
 170   0.232401E-03  -0.488775E-03   0.307823E-01   0.179392E-02   0.400000E-03
 171  -0.109334E-02  -0.539391E-03   0.335011E-01   0.912631E-03   0.300000E-03
 172  -0.147195E-02  -0.492252E-04   0.341783E-01   0.122741E-02   0.400000E-03
 173  -0.495044E-03   0.439159E-03   0.356462E-01   0.118344E-02   0.300000E-03
 174  -0.131590E-02  -0.125681E-02   0.368765E-01   0.103780E-02   0.350000E-03
 175  -0.169994E-02  -0.209491E-03   0.390224E-01   0.887264E-03   0.300000E-03
 176  -0.834220E-03  -0.794289E-03   0.400841E-01   0.990052E-03   0.200000E-03
 177  -0.990088E-03  -0.507216E-03   0.406047E-01   0.786090E-03   0.300000E-03
 178   0.112750E-02  -0.108861E-02   0.443958E-01   0.143780E-02   0.200000E-03
 179  -0.187576E-02  -0.828989E-03   0.426965E-01   0.195794E-03   0.200000E-03
 180  -0.658547E-04  -0.571248E-03   0.400321E-01   0.753337E-02   0.300000E-03
 181   0.149982E-02  -0.630879E-03   0.200046E-03   0.105827E-02   0.200000E-03
 182  -0.303246E-03   0.633225E-03   0.136584E-02   0.217136E-02   0.200000E-03
 183   0.435636E-03   0.419044E-03   0.333681E-02   0.295611E-03   0.300000E-03
 184   0.341062E-03  -0.720819E-03   0.531078E-02   0.160645E-02   0.350000E-03
 185   0.268894E-03  -0.835346E-03   0.624197E-02   0.262513E-02   0.250000E-03
 186   0.216239E-03  -0.109273E-02   0.678329E-02   0.186018E-02   0.200000E-03
 187   0.306681E-03  -0.165777E-02   0.789054E-02   0.180479E-02   0.300000E-03
 188  -0.171301E-03  -0.803076E-03   0.961886E-02   0.200440E-02   0.250000E-03
 189  -0.103994E-03  -0.166454E-02   0.116765E-01   0.124310E-02   0.250000E-03
 190  -0.886658E-03  -0.776653E-03   0.119441E-01   0.822486E-03   0.250000E-03
 191   0.549035E-03  -0.618888E-04   0.139849E-01   0.126476E-02   0.250000E-03
 192   0.659947E-03  -0.458345E-03   0.142803E-01   0.183773E-02   0.400000E-03
 193   0.130819E-03   0.307076E-03   0.153034E-01   0.170415E-02   0.300000E-03
 194  -0.740139E-03   0.107396E-02   0.164991E-01   0.195131E-02   0.400000E-03
 195   0.851564E-03  -0.594223E-03   0.179273E-01   0.206837E-02   0.250000E-03
 196  -0.258239E-03   0.609742E-04   0.191251E-01   0.151225E-02   0.300000E-03
 197  -0.100588E-02  -0.188555E-03   0.199626E-01   0.227943E-02   0.350000E-03
 198  -0.986001E-04  -0.115923E-03   0.206486E-01   0.222510E-02   0.300000E-03
 199  -0.108207E-04  -0.927760E-03   0.214819E-01   0.151234E-02   0.300000E-03
 200  -0.814457E-03  -0.179165E-02   0.222371E-01   0.215579E-02   0.200000E-03
 201  -0.164537E-02   0.607138E-03   0.242761E-01   0.158491E-02   0.300000E-03
 202   0.758227E-04   0.993514E-04   0.259763E-01   0.121367E-02   0.250000E-03
 203  -0.399432E-03  -0.151786E-02   0.265422E-01   0.182750E-02   0.300000E-03
 204  -0.497432E-03   0.725110E-04   0.270883E-01   0.158356E-02   0.250000E-03
 205   0.960027E-03  -0.243872E-04   0.296036E-01   0.159974E-02   0.400000E-03
 206  -0.134011E-02  -0.541058E-03   0.322285E-01   0.179920E-02   0.350000E-03
 207  -0.669618E-03  -0.942180E-03   0.328623E-01   0.130214E-02   0.450000E-03
 208  -0.652176E-04  -0.947845E-03   0.335739E-01   0.166584E-02   0.350000E-03
 209  -0.574230E-03   0.752024E-04   0.362398E-01   0.125934E-02   0.300000E-03
 210  -0.152406E-02  -0.714986E-03   0.366475E-01   0.153732E-02   0.200000E-03
 211  -0.675015E-03  -0.268723E-03   0.370649E-01   0.168848E-02   0.250000E-03
 212  -0.103333E-02  -0.400820E-03   0.400661E-01   0.592216E-03   0.200000E-03
 213  -0.159357E-04  -0.734295E-03   0.411280E-01   0.622800E-03   0.250000E-03
 214  -0.317076E-02  -0.395071E-04   0.420750E-01   0.553380E-03   0.200000E-03
 215  -0.341989E-02   0.223202E-03   0.443240E-01   0.149697E-03   0.150000E-03
 216  -0.400960E-03  -0.335741E-03   0.216447E-01   0.890350E-02   0.400000E-03
 217   0.490898E-03  -0.559012E-03   0.141388E-01   0.931530E-02   0.350000E-03
 218  -0.581242E-03   0.769309E-03   0.831856E-03   0.204710E-02   0.350000E-03
 219  -0.750785E-03  -0.746934E-03   0.368558E-02   0.653749E-03   0.200000E-03
 220   0.712582E-03  -0.393087E-03   0.453844E-02   0.129490E-02   0.400000E-03
 221   0.189088E-03  -0.154895E-03   0.532394E-02   0.219609E-02   0.250000E-03
 222   0.362520E-03  -0.131254E-02   0.729561E-02   0.205954E-02   0.350000E-03
 223  -0.309816E-03  -0.122455E-02   0.901540E-02   0.201729E-02   0.350000E-03
 224  -0.768341E-03  -0.333655E-03   0.102129E-01   0.192049E-02   0.350000E-03
 225   0.437772E-04  -0.161586E-02   0.107132E-01   0.160780E-02   0.200000E-03
 226   0.697258E-03  -0.965743E-03   0.121573E-01   0.150526E-02   0.300000E-03
 227   0.267310E-03  -0.488127E-03   0.129998E-01   0.144321E-02   0.250000E-03
 228   0.597355E-03   0.192028E-03   0.148592E-01   0.177133E-02   0.150000E-03
 229   0.666951E-03   0.106727E-02   0.158568E-01   0.203477E-02   0.250000E-03
 230  -0.375683E-03   0.491055E-03   0.175466E-01   0.247158E-02   0.300000E-03
 231  -0.563625E-03   0.134805E-02   0.183590E-01   0.228345E-02   0.200000E-03
 232   0.695673E-03  -0.210479E-03   0.186733E-01   0.190272E-02   0.300000E-03
 233   0.650782E-03  -0.185733E-03   0.192157E-01   0.234277E-02   0.400000E-03
 234  -0.286094E-03   0.194236E-03   0.213422E-01   0.209620E-02   0.300000E-03
 235   0.998941E-03  -0.126269E-02   0.224220E-01   0.167037E-02   0.300000E-03
 236  -0.351727E-04  -0.166774E-02   0.233302E-01   0.215542E-02   0.300000E-03
 237  -0.740610E-03  -0.124365E-02   0.239793E-01   0.216307E-02   0.350000E-03
 238  -0.593440E-03   0.516022E-03   0.252305E-01   0.177245E-02   0.200000E-03
 239  -0.690674E-04  -0.218078E-03   0.267116E-01   0.234813E-02   0.250000E-03
 240   0.957324E-03   0.123698E-04   0.290178E-01   0.149881E-02   0.200000E-03
 241   0.440404E-03  -0.167099E-03   0.302029E-01   0.226577E-02   0.350000E-03
 242   0.184581E-02   0.142649E-02   0.315308E-01   0.174157E-02   0.350000E-03
 243  -0.132033E-02  -0.277770E-03   0.329518E-01   0.224293E-02   0.500000E-03
 244  -0.451681E-03   0.195327E-03   0.354492E-01   0.199058E-02   0.200000E-03
 245  -0.121065E-02  -0.209719E-04   0.349324E-01   0.180661E-02   0.350000E-03
 246  -0.165382E-02   0.475886E-03   0.365968E-01   0.213352E-02   0.400000E-03
 247  -0.130732E-02  -0.434964E-03   0.379942E-01   0.138805E-02   0.350000E-03
 248  -0.109543E-02  -0.268749E-03   0.396172E-01   0.811239E-03   0.300000E-03
 249  -0.174736E-02  -0.114225E-02   0.416457E-01   0.799931E-03   0.300000E-03
 250  -0.137005E-02  -0.145622E-03   0.437324E-01   0.242484E-03   0.250000E-03
 251  -0.195554E-03  -0.281004E-03   0.446051E-01   0.297608E-02   0.400000E-03
 252   0.243585E-03   0.180985E-02   0.336957E-01   0.774263E-02   0.350000E-03
 253   0.164291E-03   0.542582E-04   0.214412E-02   0.741342E-02   0.350000E-03
 254   0.502052E-03   0.398980E-03   0.136839E-02   0.970752E-03   0.350000E-03
 255   0.115332E-03   0.210180E-02   0.224879E-02   0.974873E-03   0.300000E-03
 256   0.543120E-03  -0.685652E-03   0.476403E-02   0.195704E-02   0.300000E-03
 257   0.743407E-04  -0.782911E-03   0.671819E-02   0.235536E-02   0.300000E-03
 258   0.317634E-03  -0.133300E-02   0.835853E-02   0.225155E-02   0.350000E-03
 259  -0.280862E-03  -0.635496E-03   0.907023E-02   0.281116E-02   0.450000E-03
 260  -0.413222E-03  -0.950755E-03   0.988927E-02   0.259521E-02   0.400000E-03
 261  -0.174487E-03  -0.247601E-03   0.116415E-01   0.180075E-02   0.300000E-03
 262   0.907585E-03   0.487025E-03   0.121861E-01   0.215375E-02   0.350000E-03
 263   0.959509E-03  -0.173452E-03   0.135493E-01   0.167633E-02   0.350000E-03
 264   0.118752E-02  -0.290111E-03   0.148593E-01   0.221989E-02   0.300000E-03
 265   0.923871E-03   0.265716E-03   0.166171E-01   0.253994E-02   0.200000E-03
 266  -0.784968E-03   0.777109E-03   0.170168E-01   0.233323E-02   0.250000E-03
 267  -0.624872E-03   0.859164E-03   0.171257E-01   0.281811E-02   0.250000E-03
 268  -0.105520E-02   0.750545E-03   0.186381E-01   0.263474E-02   0.250000E-03
 269   0.754640E-03  -0.672065E-03   0.190906E-01   0.298048E-02   0.250000E-03
 270  -0.439276E-03  -0.146521E-02   0.196873E-01   0.292117E-02   0.350000E-03
 271  -0.131787E-03  -0.942783E-03   0.219065E-01   0.185290E-02   0.250000E-03
 272  -0.704152E-03  -0.174174E-03   0.223406E-01   0.274460E-02   0.400000E-03
 273   0.483428E-03  -0.860133E-03   0.235725E-01   0.279893E-02   0.400000E-03
 274  -0.569883E-03  -0.127546E-02   0.257737E-01   0.204223E-02   0.250000E-03
 275  -0.847530E-03  -0.118363E-02   0.262182E-01   0.226823E-02   0.250000E-03
 276  -0.293726E-03   0.540056E-03   0.274662E-01   0.197550E-02   0.300000E-03
 277   0.962559E-03   0.181284E-03   0.294310E-01   0.217226E-02   0.200000E-03
 278  -0.111982E-02  -0.914668E-03   0.318536E-01   0.238890E-02   0.350000E-03
 279  -0.749027E-03  -0.540892E-03   0.323624E-01   0.270012E-02   0.250000E-03
 280  -0.143667E-02  -0.251100E-03   0.342940E-01   0.191725E-02   0.300000E-03
 281  -0.906535E-03   0.109193E-03   0.358768E-01   0.173256E-02   0.300000E-03
 282   0.183587E-03   0.831023E-04   0.375462E-01   0.179812E-02   0.250000E-03
 283  -0.643342E-03   0.729258E-04   0.384965E-01   0.161189E-02   0.200000E-03
 284  -0.119732E-02  -0.492843E-03   0.385487E-01   0.116506E-02   0.250000E-03
 285   0.411190E-03  -0.751186E-03   0.410930E-01   0.121616E-02   0.350000E-03
 286   0.153278E-03   0.495558E-03   0.432181E-01   0.892239E-03   0.300000E-03
 287  -0.166953E-02   0.196396E-02   0.428416E-01   0.121703E-02   0.200000E-03
 288   0.197714E-03   0.249554E-03   0.592570E-02   0.796916E-02   0.350000E-03
 289   0.111877E-02   0.938331E-03   0.245975E-03   0.231014E-02   0.250000E-03
 290  -0.197338E-03   0.108613E-03   0.183543E-02   0.140990E-02   0.300000E-03
 291  -0.101225E-03   0.220013E-03   0.248982E-02   0.163428E-02   0.400000E-03
 292   0.563139E-03  -0.419281E-04   0.311960E-02   0.151752E-02   0.250000E-03
 293  -0.996578E-04  -0.616278E-03   0.569978E-02   0.258625E-02   0.300000E-03
 294   0.315966E-03  -0.672558E-03   0.824007E-02   0.298496E-02   0.400000E-03
 295   0.621561E-03   0.220219E-04   0.969777E-02   0.337965E-02   0.400000E-03
 296   0.496960E-04  -0.256099E-03   0.111055E-01   0.190879E-02   0.250000E-03
 297   0.786499E-04  -0.506425E-03   0.107100E-01   0.195343E-02   0.150000E-03
 298   0.557483E-03  -0.879415E-03   0.126211E-01   0.168480E-02   0.200000E-03
 299   0.726439E-03  -0.392355E-03   0.138665E-01   0.233356E-02   0.250000E-03
 300   0.633073E-03  -0.610448E-03   0.149124E-01   0.271300E-02   0.200000E-03
 301   0.122943E-02   0.265556E-03   0.154306E-01   0.236968E-02   0.300000E-03
 302  -0.721891E-03  -0.231447E-04   0.170568E-01   0.335942E-02   0.300000E-03
 303  -0.388024E-04   0.601023E-03   0.180379E-01   0.251168E-02   0.200000E-03
 304  -0.479729E-03   0.315889E-03   0.182275E-01   0.291702E-02   0.250000E-03
 305  -0.980226E-03  -0.886063E-03   0.193871E-01   0.331903E-02   0.150000E-03
 306  -0.239226E-03   0.847948E-03   0.204025E-01   0.282158E-02   0.350000E-03
 307  -0.378438E-03   0.314488E-03   0.218293E-01   0.234575E-02   0.250000E-03
 308  -0.539916E-03   0.266510E-03   0.227464E-01   0.336993E-02   0.350000E-03
 309   0.333258E-03  -0.426038E-03   0.245452E-01   0.264684E-02   0.400000E-03
 310  -0.544104E-03   0.266072E-03   0.251297E-01   0.226201E-02   0.300000E-03
 311   0.255266E-03  -0.114310E-03   0.272608E-01   0.258593E-02   0.350000E-03
 312   0.177948E-03   0.641461E-03   0.281110E-01   0.191713E-02   0.350000E-03
 313   0.249296E-03  -0.388256E-03   0.296775E-01   0.254414E-02   0.250000E-03
 314  -0.121437E-04  -0.861026E-03   0.312097E-01   0.234576E-02   0.300000E-03
 315  -0.119506E-02  -0.367527E-03   0.334388E-01   0.287178E-02   0.300000E-03
 316  -0.117359E-02  -0.462209E-03   0.337959E-01   0.233297E-02   0.350000E-03
 317  -0.103139E-02   0.368947E-03   0.350696E-01   0.254183E-02   0.400000E-03
 318  -0.583175E-03   0.146468E-03   0.358573E-01   0.242778E-02   0.400000E-03
 319  -0.151754E-02  -0.850872E-03   0.389673E-01   0.143363E-02   0.250000E-03
 320  -0.105973E-02  -0.507516E-03   0.398310E-01   0.141985E-02   0.300000E-03
 321  -0.116562E-02  -0.647232E-03   0.404260E-01   0.135107E-02   0.300000E-03
 322  -0.215367E-02   0.248775E-03   0.425898E-01   0.731611E-03   0.350000E-03
 323  -0.416010E-03  -0.323360E-03   0.439613E-01   0.211227E-02   0.350000E-03
 324  -0.731112E-03  -0.664966E-03   0.396136E-01   0.717666E-02   0.250000E-03
 325  -0.398584E-03   0.233979E-03   0.152754E-02   0.761839E-02   0.300000E-03
 326  -0.189263E-03   0.421981E-02   0.122374E-02   0.155283E-02   0.250000E-03
 327  -0.311547E-03   0.530700E-03   0.199700E-02   0.219787E-02   0.350000E-03
 328  -0.483043E-04  -0.557998E-04   0.379149E-02   0.167477E-02   0.450000E-03
 329   0.354700E-03   0.941800E-04   0.659919E-02   0.315585E-02   0.400000E-03
 330   0.469662E-03  -0.352208E-03   0.723142E-02   0.275371E-02   0.350000E-03
 331   0.584765E-03  -0.923768E-03   0.778066E-02   0.241236E-02   0.250000E-03
 332  -0.189667E-03   0.833847E-05   0.108107E-01   0.253970E-02   0.450000E-03
 333  -0.292188E-04  -0.994634E-05   0.115457E-01   0.239225E-02   0.300000E-03
 334   0.400953E-03  -0.112351E-02   0.129887E-01   0.194059E-02   0.250000E-03
 335   0.110505E-02  -0.398272E-03   0.133777E-01   0.225053E-02   0.250000E-03
 336   0.697423E-03  -0.324699E-03   0.143666E-01   0.256197E-02   0.300000E-03
 337  -0.420921E-03  -0.974027E-03   0.160941E-01   0.252899E-02   0.300000E-03
 338  -0.168657E-03  -0.322750E-03   0.166728E-01   0.374294E-02   0.250000E-03
 339   0.434589E-03   0.169197E-03   0.176599E-01   0.311169E-02   0.350000E-03
 340  -0.696513E-03  -0.103474E-02   0.189901E-01   0.352740E-02   0.300000E-03
 341   0.227882E-03  -0.213366E-03   0.201207E-01   0.340174E-02   0.300000E-03
 342  -0.602091E-03   0.137037E-03   0.206150E-01   0.332792E-02   0.200000E-03
 343  -0.155297E-03  -0.978695E-04   0.216512E-01   0.286494E-02   0.300000E-03
 344   0.319813E-03  -0.124919E-04   0.238645E-01   0.336593E-02   0.250000E-03
 345  -0.189117E-03  -0.763313E-03   0.251463E-01   0.300125E-02   0.300000E-03
 346  -0.421184E-03  -0.290437E-03   0.256713E-01   0.263011E-02   0.350000E-03
 347  -0.599850E-03  -0.348237E-03   0.263694E-01   0.289869E-02   0.400000E-03
 348   0.982363E-03   0.229331E-03   0.289659E-01   0.199349E-02   0.300000E-03
 349   0.155855E-03  -0.585098E-03   0.300873E-01   0.284919E-02   0.250000E-03
 350  -0.998040E-03  -0.435284E-03   0.320749E-01   0.316625E-02   0.300000E-03
 351  -0.848784E-03  -0.454535E-03   0.328247E-01   0.308020E-02   0.350000E-03
 352  -0.611016E-03  -0.345007E-03   0.345017E-01   0.309772E-02   0.400000E-03
 353  -0.404331E-03  -0.489159E-03   0.358952E-01   0.302170E-02   0.200000E-03
 354  -0.118204E-03   0.613851E-03   0.372430E-01   0.219500E-02   0.250000E-03
 355  -0.999977E-03  -0.855345E-03   0.380388E-01   0.203364E-02   0.300000E-03
 356  -0.107944E-02  -0.671069E-03   0.393757E-01   0.161868E-02   0.200000E-03
 357  -0.563069E-03   0.360426E-04   0.408179E-01   0.179920E-02   0.300000E-03
 358  -0.163571E-02  -0.132568E-02   0.416761E-01   0.134507E-02   0.250000E-03
 359  -0.142205E-02  -0.245760E-03   0.442636E-01   0.531210E-02   0.250000E-03
 360   0.324505E-04  -0.105552E-02   0.448000E-01   0.418225E-02   0.200000E-03
 361  -0.318952E-03  -0.141105E-03   0.687061E-03   0.277938E-02   0.400000E-03
 362  -0.541300E-03  -0.150472E-03   0.148487E-02   0.275598E-02   0.400000E-03
 363   0.537828E-03  -0.158399E-03   0.310709E-02   0.201727E-02   0.250000E-03
 364   0.648387E-03  -0.154861E-03   0.490666E-02   0.254638E-02   0.300000E-03
 365   0.257643E-03   0.881395E-04   0.590028E-02   0.314774E-02   0.300000E-03
 366   0.479536E-03  -0.261103E-03   0.616923E-02   0.370416E-02   0.300000E-03
 367  -0.363908E-03  -0.643457E-03   0.871510E-02   0.335054E-02   0.200000E-03
 368   0.477316E-03  -0.968451E-05   0.103462E-01   0.312184E-02   0.300000E-03
 369  -0.444211E-04  -0.995882E-04   0.118672E-01   0.295660E-02   0.350000E-03
 370   0.705859E-04  -0.735623E-04   0.128107E-01   0.256328E-02   0.400000E-03
 371   0.265637E-03   0.927054E-04   0.137400E-01   0.286534E-02   0.300000E-03
 372   0.631129E-03   0.799135E-04   0.150374E-01   0.329571E-02   0.400000E-03
 373   0.111644E-02  -0.410666E-03   0.156427E-01   0.292412E-02   0.300000E-03
 374   0.329699E-03   0.480629E-03   0.163849E-01   0.316381E-02   0.400000E-03
 375  -0.148337E-03   0.491669E-03   0.175306E-01   0.393470E-02   0.450000E-03
 376  -0.107374E-02  -0.229923E-03   0.186531E-01   0.308329E-02   0.200000E-03
 377  -0.422912E-03   0.330782E-03   0.195910E-01   0.377454E-02   0.350000E-03
 378  -0.874589E-03  -0.968468E-03   0.210844E-01   0.263762E-02   0.300000E-03
 379  -0.403852E-03   0.116071E-03   0.211632E-01   0.329333E-02   0.350000E-03
 380  -0.338504E-03  -0.726520E-03   0.220032E-01   0.341121E-02   0.350000E-03
 381   0.166588E-03   0.408635E-04   0.244580E-01   0.338990E-02   0.350000E-03
 382  -0.362699E-03  -0.127206E-03   0.267358E-01   0.348679E-02   0.300000E-03
 383   0.328438E-03  -0.200338E-03   0.278463E-01   0.245528E-02   0.250000E-03
 384   0.338604E-03   0.867848E-03   0.285362E-01   0.240343E-02   0.300000E-03
 385   0.556434E-03  -0.526692E-03   0.291281E-01   0.257100E-02   0.300000E-03
 386  -0.336520E-03  -0.651032E-03   0.307069E-01   0.266966E-02   0.300000E-03
 387  -0.789899E-03  -0.501766E-03   0.324720E-01   0.367639E-02   0.350000E-03
 388  -0.587458E-03  -0.556953E-03   0.354256E-01   0.345839E-02   0.450000E-03
 389  -0.573949E-03  -0.561131E-03   0.360720E-01   0.337804E-02   0.200000E-03
 390  -0.149728E-02  -0.467871E-03   0.364850E-01   0.292217E-02   0.400000E-03
 391  -0.141070E-02  -0.412977E-03   0.376877E-01   0.251685E-02   0.300000E-03
 392  -0.148158E-02  -0.241542E-04   0.390492E-01   0.192585E-02   0.250000E-03
 393  -0.682574E-03  -0.159267E-04   0.396177E-01   0.211166E-02   0.350000E-03
 394  -0.148044E-02  -0.132724E-02   0.422188E-01   0.126433E-02   0.300000E-03
 395  -0.727046E-03  -0.963024E-03   0.438999E-01   0.146759E-02   0.300000E-03
 396   0.295878E-04   0.215856E-04   0.444150E-01   0.241446E-02   0.200000E-03
 397  -0.242825E-03  -0.144205E-03   0.972994E-03   0.352303E-02   0.400000E-03
 398  -0.347988E-04   0.397649E-03   0.264561E-02   0.231639E-02   0.300000E-03
 399   0.106241E-03  -0.361647E-03   0.352888E-02   0.237023E-02   0.300000E-03
 400   0.435779E-04  -0.330076E-03   0.422612E-02   0.240306E-02   0.400000E-03
 401   0.182536E-03  -0.106891E-03   0.574138E-02   0.396105E-02   0.200000E-03
 402   0.444507E-03   0.674083E-04   0.728078E-02   0.344930E-02   0.350000E-03
 403  -0.602907E-03  -0.264276E-03   0.852973E-02   0.375635E-02   0.250000E-03
 404   0.203049E-04  -0.206147E-03   0.907501E-02   0.369690E-02   0.300000E-03
 405   0.510470E-04   0.119132E-04   0.119725E-01   0.351757E-02   0.200000E-03
 406  -0.436924E-04  -0.494575E-04   0.125307E-01   0.330560E-02   0.400000E-03
 407   0.145760E-03   0.851578E-04   0.132085E-01   0.313790E-02   0.300000E-03
 408   0.323766E-03  -0.752379E-05   0.142411E-01   0.335218E-02   0.400000E-03
 409   0.933816E-03   0.275196E-03   0.157363E-01   0.356095E-02   0.350000E-03
 410   0.261499E-03  -0.274897E-03   0.161990E-01   0.401189E-02   0.300000E-03
 411  -0.114687E-03  -0.183129E-03   0.167319E-01   0.428477E-02   0.300000E-03
 412  -0.575654E-03  -0.102274E-02   0.182926E-01   0.356106E-02   0.400000E-03
 413   0.540705E-03  -0.913735E-04   0.202726E-01   0.397832E-02   0.300000E-03
 414  -0.541720E-03   0.297605E-03   0.207729E-01   0.374857E-02   0.250000E-03
 415  -0.200194E-03  -0.562758E-03   0.208311E-01   0.439558E-02   0.400000E-03
 416  -0.196407E-03  -0.528618E-03   0.224126E-01   0.403801E-02   0.400000E-03
 417  -0.613338E-03   0.239976E-03   0.233603E-01   0.357374E-02   0.300000E-03
 418  -0.272963E-03  -0.341764E-03   0.251031E-01   0.364665E-02   0.350000E-03
 419  -0.377193E-04  -0.284736E-04   0.277612E-01   0.307103E-02   0.350000E-03
 420   0.873671E-03  -0.559245E-03   0.283327E-01   0.290644E-02   0.250000E-03
 421   0.492220E-03  -0.363348E-03   0.295613E-01   0.312725E-02   0.350000E-03
 422  -0.761174E-04  -0.305683E-03   0.313310E-01   0.308466E-02   0.450000E-03
 423  -0.907577E-03  -0.227352E-03   0.338170E-01   0.339244E-02   0.350000E-03
 424  -0.694283E-03  -0.440322E-03   0.347396E-01   0.375362E-02   0.300000E-03
 425  -0.171062E-02  -0.834075E-03   0.369968E-01   0.339565E-02   0.300000E-03
 426  -0.123830E-02  -0.394266E-03   0.371764E-01   0.282353E-02   0.300000E-03
 427  -0.929864E-03  -0.104395E-02   0.380399E-01   0.312470E-02   0.300000E-03
 428   0.967980E-05  -0.542536E-03   0.385817E-01   0.209664E-02   0.250000E-03
 429  -0.107898E-02   0.184778E-03   0.402324E-01   0.191346E-02   0.300000E-03
 430  -0.114039E-02  -0.268032E-03   0.419376E-01   0.187921E-02   0.350000E-03
 431  -0.958162E-03  -0.434711E-03   0.426786E-01   0.179103E-02   0.400000E-03
 432   0.683037E-04  -0.947823E-03   0.433030E-01   0.148135E-02   0.300000E-03
 433  -0.177384E-04  -0.354374E-03   0.348003E-03   0.399744E-02   0.350000E-03
 434  -0.366347E-03   0.433466E-03   0.158277E-02   0.183720E-02   0.200000E-03
 435  -0.465655E-03   0.168127E-03   0.315651E-02   0.289413E-02   0.350000E-03
 436   0.295594E-03  -0.775381E-03   0.528449E-02   0.294218E-02   0.250000E-03
 437   0.250052E-03   0.894378E-04   0.564813E-02   0.357538E-02   0.200000E-03
 438   0.570712E-03   0.332150E-03   0.675778E-02   0.383397E-02   0.300000E-03
 439  -0.124887E-03  -0.761122E-04   0.793860E-02   0.366715E-02   0.350000E-03
 440   0.306805E-03  -0.336636E-03   0.108850E-01   0.377293E-02   0.200000E-03
 441   0.165426E-03  -0.838543E-04   0.109246E-01   0.327743E-02   0.300000E-03
 442   0.315369E-04   0.278719E-03   0.130920E-01   0.372494E-02   0.300000E-03
 443   0.580154E-03   0.409899E-03   0.136114E-01   0.351179E-02   0.250000E-03
 444   0.730645E-03   0.234935E-03   0.152293E-01   0.396542E-02   0.300000E-03
 445   0.380018E-03  -0.314259E-03   0.156879E-01   0.448745E-02   0.400000E-03
 446   0.195285E-03  -0.307486E-03   0.162844E-01   0.449971E-02   0.200000E-03
 447   0.124367E-03  -0.188264E-04   0.172268E-01   0.461737E-02   0.300000E-03
 448  -0.351194E-03   0.483125E-03   0.183222E-01   0.445740E-02   0.500000E-03
 449  -0.540371E-03   0.404016E-03   0.192163E-01   0.442159E-02   0.400000E-03
 450   0.618486E-04   0.497424E-03   0.199107E-01   0.445337E-02   0.300000E-03
 451  -0.703311E-03  -0.336722E-03   0.215021E-01   0.396333E-02   0.400000E-03
 452  -0.603045E-03  -0.221407E-03   0.219112E-01   0.459037E-02   0.350000E-03
 453  -0.469975E-04  -0.332208E-03   0.240143E-01   0.394204E-02   0.350000E-03
 454  -0.484335E-03  -0.231705E-03   0.257256E-01   0.332754E-02   0.350000E-03
 455  -0.185222E-03   0.713246E-04   0.269527E-01   0.303874E-02   0.200000E-03
 456   0.372118E-03  -0.659282E-03   0.288663E-01   0.317172E-02   0.350000E-03
 457  -0.260097E-03  -0.861021E-03   0.304851E-01   0.322301E-02   0.300000E-03
 458  -0.170518E-03  -0.190705E-03   0.307045E-01   0.382407E-02   0.350000E-03
 459  -0.159770E-02  -0.198620E-03   0.317799E-01   0.375205E-02   0.350000E-03
 460  -0.734646E-03  -0.402544E-03   0.342012E-01   0.385144E-02   0.250000E-03
 461  -0.149145E-02  -0.957873E-03   0.364770E-01   0.357038E-02   0.250000E-03
 462  -0.605289E-03  -0.196655E-03   0.376583E-01   0.427966E-02   0.300000E-03
 463  -0.123033E-02  -0.558568E-03   0.382821E-01   0.257871E-02   0.300000E-03
 464  -0.223675E-03  -0.538452E-03   0.390226E-01   0.263669E-02   0.450000E-03
 465  -0.623347E-03   0.124433E-03   0.407098E-01   0.238575E-02   0.300000E-03
 466  -0.118051E-02  -0.142972E-03   0.411722E-01   0.257242E-02   0.200000E-03
 467  -0.353965E-03  -0.370878E-03   0.435651E-01   0.255987E-02   0.250000E-03
 468  -0.462298E-03  -0.354482E-03   0.435806E-01   0.383338E-02   0.350000E-03
 469  -0.446968E-03  -0.362565E-03   0.105490E-02   0.436667E-02   0.450000E-03
 470  -0.344166E-03  -0.215065E-03   0.218096E-02   0.282012E-02   0.300000E-03
 471  -0.230194E-03   0.196498E-03   0.387136E-02   0.311751E-02   0.400000E-03
 472   0.381712E-03   0.254224E-03   0.456645E-02   0.303920E-02   0.300000E-03
 473  -0.156145E-04   0.886167E-04   0.505047E-02   0.354427E-02   0.400000E-03
 474   0.628830E-04  -0.643463E-03   0.745347E-02   0.401716E-02   0.250000E-03
 475   0.161180E-03   0.272075E-03   0.810276E-02   0.434606E-02   0.350000E-03
 476   0.657067E-03   0.389733E-03   0.955102E-02   0.406016E-02   0.300000E-03
 477   0.107825E-02  -0.766263E-04   0.113175E-01   0.294616E-02   0.200000E-03
 478  -0.474145E-04   0.125644E-04   0.122476E-01   0.399310E-02   0.350000E-03
 479   0.414999E-03   0.199509E-03   0.142032E-01   0.399876E-02   0.250000E-03
 480   0.948440E-03   0.431413E-03   0.146756E-01   0.383536E-02   0.250000E-03
 481   0.416092E-03   0.358935E-03   0.148098E-01   0.431781E-02   0.250000E-03
 482   0.365404E-03   0.512547E-03   0.162772E-01   0.509329E-02   0.400000E-03
 483  -0.870427E-03  -0.213052E-03   0.169739E-01   0.516141E-02   0.300000E-03
 484  -0.341313E-03   0.428718E-03   0.186002E-01   0.520396E-02   0.300000E-03
 485  -0.576646E-03   0.212270E-03   0.195992E-01   0.506510E-02   0.350000E-03
 486  -0.253679E-03   0.511750E-05   0.202562E-01   0.494151E-02   0.300000E-03
 487  -0.273543E-03  -0.478346E-03   0.213202E-01   0.496052E-02   0.350000E-03
 488  -0.355460E-03  -0.551914E-03   0.218409E-01   0.513519E-02   0.200000E-03
 489  -0.335167E-03  -0.291737E-03   0.246118E-01   0.398672E-02   0.250000E-03
 490  -0.373480E-03   0.759095E-04   0.272706E-01   0.339868E-02   0.250000E-03
 491  -0.415875E-03  -0.245051E-03   0.282839E-01   0.345636E-02   0.300000E-03
 492   0.619428E-03  -0.605734E-03   0.292642E-01   0.380577E-02   0.400000E-03
 493   0.924459E-03  -0.105033E-02   0.300134E-01   0.359375E-02   0.300000E-03
 494   0.719536E-04  -0.528069E-04   0.312374E-01   0.372610E-02   0.200000E-03
 495  -0.995535E-03  -0.313845E-03   0.328904E-01   0.402791E-02   0.200000E-03
 496  -0.774937E-03  -0.391748E-03   0.359476E-01   0.419580E-02   0.350000E-03
 497  -0.642474E-03  -0.921329E-03   0.361088E-01   0.372431E-02   0.150000E-03
 498  -0.123619E-02  -0.116771E-02   0.373707E-01   0.381147E-02   0.250000E-03
 499  -0.142073E-02  -0.975441E-03   0.375402E-01   0.334281E-02   0.250000E-03
 500  -0.132861E-03  -0.495816E-03   0.394031E-01   0.310019E-02   0.150000E-03
 501  -0.107304E-02   0.231305E-03   0.401660E-01   0.245763E-02   0.250000E-03
 502  -0.119389E-02  -0.171865E-03   0.413306E-01   0.210260E-02   0.300000E-03
 503  -0.521515E-03  -0.427406E-03   0.429702E-01   0.262885E-02   0.350000E-03
 504  -0.130959E-03  -0.150620E-03   0.433135E-01   0.207785E-02   0.300000E-03
 505  -0.315680E-03  -0.322774E-03   0.165145E-02   0.383491E-02   0.350000E-03
 506  -0.450868E-03  -0.103873E-03   0.186842E-02   0.327639E-02   0.250000E-03
 507  -0.819032E-05   0.662302E-04   0.332579E-02   0.346984E-02   0.250000E-03
 508  -0.246690E-03   0.141031E-03   0.435707E-02   0.361936E-02   0.300000E-03
 509   0.547623E-03   0.241236E-03   0.608710E-02   0.424759E-02   0.250000E-03
 510   0.113024E-03   0.165212E-03   0.749123E-02   0.455795E-02   0.300000E-03
 511  -0.416671E-03   0.123642E-04   0.877396E-02   0.424735E-02   0.300000E-03
 512   0.382418E-03  -0.246606E-03   0.103375E-01   0.376780E-02   0.350000E-03
 513   0.563070E-03   0.690528E-04   0.114760E-01   0.350364E-02   0.300000E-03
 514   0.183758E-03   0.597642E-04   0.128809E-01   0.439165E-02   0.400000E-03
 515   0.205861E-04   0.274478E-03   0.136141E-01   0.411177E-02   0.350000E-03
 516   0.263598E-03   0.420095E-03   0.142802E-01   0.459145E-02   0.350000E-03
 517  -0.422339E-03  -0.149407E-03   0.151411E-01   0.454133E-02   0.150000E-03
 518   0.364845E-03   0.422164E-03   0.154945E-01   0.525738E-02   0.400000E-03
 519   0.116239E-03   0.335738E-05   0.177090E-01   0.504134E-02   0.350000E-03
 520  -0.553824E-03   0.261605E-03   0.191177E-01   0.550120E-02   0.300000E-03
 521  -0.394375E-03   0.470286E-03   0.200995E-01   0.562260E-02   0.400000E-03
 522   0.486898E-03   0.496590E-03   0.206886E-01   0.527807E-02   0.250000E-03
 523  -0.344949E-03  -0.735597E-04   0.218201E-01   0.558318E-02   0.250000E-03
 524  -0.233898E-03  -0.477913E-03   0.231077E-01   0.411465E-02   0.300000E-03
 525  -0.397359E-03  -0.138339E-03   0.251527E-01   0.439337E-02   0.400000E-03
 526  -0.397785E-03  -0.129599E-03   0.256172E-01   0.394219E-02   0.250000E-03
 527  -0.352036E-03  -0.302637E-03   0.277458E-01   0.372077E-02   0.300000E-03
 528  -0.501128E-03  -0.120750E-02   0.291415E-01   0.454523E-02   0.350000E-03
 529   0.202631E-03  -0.538380E-03   0.304828E-01   0.442436E-02   0.300000E-03
 530  -0.136412E-02  -0.501004E-03   0.321650E-01   0.407084E-02   0.150000E-03
 531  -0.923807E-03  -0.565185E-03   0.330523E-01   0.358037E-02   0.200000E-03
 532  -0.521118E-03  -0.522929E-03   0.352032E-01   0.427724E-02   0.400000E-03
 533  -0.156369E-02  -0.113356E-02   0.368458E-01   0.397463E-02   0.300000E-03
 534  -0.511159E-03  -0.140391E-03   0.382389E-01   0.442950E-02   0.300000E-03
 535  -0.589637E-03   0.139921E-03   0.379202E-01   0.373983E-02   0.300000E-03
 536   0.100786E-02  -0.211249E-02   0.386971E-01   0.313798E-02   0.150000E-03
 537  -0.831682E-03   0.437066E-03   0.404444E-01   0.274320E-02   0.150000E-03
 538  -0.134949E-02  -0.448499E-03   0.417700E-01   0.250604E-02   0.300000E-03
 539  -0.933300E-03  -0.553076E-03   0.423595E-01   0.240930E-02   0.300000E-03
 540  -0.117831E-03  -0.301884E-03   0.439700E-01   0.284536E-02   0.250000E-03
 541   0.417719E-03   0.378228E-03   0.473922E-02   0.852267E-02   0.300000E-03
 542  -0.880841E-04   0.155403E-04   0.257757E-02   0.351124E-02   0.500000E-03
 543  -0.161902E-03   0.226645E-03   0.376054E-02   0.380677E-02   0.300000E-03
 544  -0.164560E-03   0.384331E-04   0.419572E-02   0.414298E-02   0.250000E-03
 545   0.141053E-03  -0.633612E-05   0.532573E-02   0.412999E-02   0.250000E-03
 546  -0.436964E-03  -0.718233E-04   0.858994E-02   0.497363E-02   0.450000E-03
 547   0.560624E-03   0.702833E-03   0.926722E-02   0.458721E-02   0.300000E-03
 548   0.854022E-03   0.988344E-03   0.977216E-02   0.450526E-02   0.200000E-03
 549   0.476929E-03   0.184734E-03   0.110796E-01   0.433726E-02   0.400000E-03
 550   0.602754E-03   0.122507E-03   0.116490E-01   0.402467E-02   0.250000E-03
 551   0.554400E-03   0.406878E-03   0.135484E-01   0.491053E-02   0.450000E-03
 552   0.351583E-03   0.318603E-03   0.142520E-01   0.528782E-02   0.350000E-03
 553   0.496285E-03   0.617274E-03   0.148446E-01   0.481644E-02   0.250000E-03
 554   0.449012E-03   0.366903E-03   0.151012E-01   0.576824E-02   0.250000E-03
 555   0.357313E-03   0.266633E-03   0.160283E-01   0.585166E-02   0.400000E-03
 556   0.385507E-03  -0.466663E-04   0.181120E-01   0.554847E-02   0.300000E-03
 557  -0.609180E-03   0.608111E-03   0.188526E-01   0.483297E-02   0.150000E-03
 558  -0.402787E-03  -0.199437E-03   0.211846E-01   0.569522E-02   0.400000E-03
 559   0.439781E-03  -0.609573E-04   0.225882E-01   0.466357E-02   0.250000E-03
 560  -0.321362E-03  -0.949476E-04   0.236815E-01   0.443534E-02   0.250000E-03
 561  -0.487308E-03  -0.934564E-04   0.259026E-01   0.446868E-02   0.350000E-03
 562  -0.369057E-03   0.163635E-03   0.262034E-01   0.383866E-02   0.350000E-03
 563  -0.375473E-03  -0.217250E-03   0.285299E-01   0.411073E-02   0.400000E-03
 564  -0.362078E-03   0.884173E-05   0.285410E-01   0.480973E-02   0.300000E-03
 565   0.614920E-03  -0.721723E-03   0.298616E-01   0.425225E-02   0.350000E-03
 566  -0.127942E-02  -0.873875E-03   0.312819E-01   0.437766E-02   0.450000E-03
 567  -0.126347E-02  -0.117960E-02   0.332777E-01   0.329170E-02   0.150000E-03
 568  -0.916321E-03  -0.310049E-03   0.338571E-01   0.383818E-02   0.100000E-03
 569  -0.109384E-02  -0.842834E-04   0.369964E-01   0.450064E-02   0.250000E-03
 570  -0.570244E-03   0.147698E-03   0.378190E-01   0.485686E-02   0.300000E-03
 571  -0.135983E-05  -0.209473E-03   0.384810E-01   0.352761E-02   0.300000E-03
 572  -0.689231E-03  -0.330306E-04   0.390658E-01   0.339678E-02   0.300000E-03
 573  -0.361913E-03  -0.500078E-03   0.397480E-01   0.281215E-02   0.300000E-03
 574  -0.116990E-02  -0.471605E-03   0.414243E-01   0.322267E-02   0.500000E-03
 575  -0.107809E-02  -0.226770E-03   0.421410E-01   0.291114E-02   0.250000E-03
 576  -0.747704E-03  -0.141888E-02   0.444201E-01   0.385739E-02   0.300000E-03
 577   0.114788E-04  -0.892378E-03   0.299199E-03   0.464460E-02   0.300000E-03
 578  -0.207549E-03  -0.163226E-03   0.261294E-02   0.435501E-02   0.350000E-03
 579  -0.876271E-03   0.347063E-03   0.476487E-02   0.433923E-02   0.350000E-03
 580   0.148531E-03   0.219018E-03   0.544086E-02   0.461453E-02   0.250000E-03
 581  -0.705642E-04  -0.232340E-03   0.707680E-02   0.415111E-02   0.150000E-03
 582   0.172336E-04   0.241769E-03   0.794262E-02   0.487201E-02   0.200000E-03
 583   0.386189E-03   0.186616E-03   0.994920E-02   0.491581E-02   0.250000E-03
 584   0.342790E-03   0.180687E-03   0.103424E-01   0.446517E-02   0.350000E-03
 585  -0.262745E-03  -0.912507E-03   0.107182E-01   0.516850E-02   0.450000E-03
 586   0.945281E-04   0.283518E-04   0.118785E-01   0.452440E-02   0.300000E-03
 587   0.273066E-03   0.785375E-04   0.123538E-01   0.467625E-02   0.200000E-03
 588   0.551869E-03   0.462730E-03   0.136670E-01   0.554912E-02   0.200000E-03
 589   0.524282E-03   0.338292E-03   0.148496E-01   0.532888E-02   0.250000E-03
 590   0.435329E-03   0.299551E-03   0.154593E-01   0.603934E-02   0.200000E-03
 591   0.131868E-04   0.104159E-03   0.173821E-01   0.553817E-02   0.250000E-03
 592   0.318381E-03  -0.111768E-03   0.181464E-01   0.614526E-02   0.300000E-03
 593  -0.117110E-02  -0.564148E-03   0.194877E-01   0.596992E-02   0.300000E-03
 594  -0.587164E-03   0.226874E-03   0.206095E-01   0.617142E-02   0.350000E-03
 595  -0.667446E-03  -0.300356E-03   0.222281E-01   0.503809E-02   0.200000E-03
 596  -0.267208E-03  -0.248665E-03   0.231805E-01   0.475919E-02   0.350000E-03
 597  -0.202910E-03  -0.256952E-03   0.243810E-01   0.459322E-02   0.400000E-03
 598  -0.515368E-03  -0.487598E-04   0.265991E-01   0.441245E-02   0.350000E-03
 599  -0.588071E-03  -0.140423E-03   0.271515E-01   0.398304E-02   0.350000E-03
 600   0.400683E-03  -0.294495E-03   0.298893E-01   0.489943E-02   0.300000E-03
 601  -0.808196E-05  -0.110016E-03   0.305157E-01   0.506341E-02   0.350000E-03
 602  -0.149593E-04  -0.216030E-03   0.309883E-01   0.490061E-02   0.150000E-03
 603  -0.923930E-03  -0.387730E-03   0.330417E-01   0.455496E-02   0.350000E-03
 604  -0.813029E-03  -0.388079E-03   0.334342E-01   0.397493E-02   0.350000E-03
 605  -0.744710E-03  -0.157299E-03   0.364128E-01   0.478011E-02   0.400000E-03
 606  -0.637176E-03   0.910613E-04   0.385087E-01   0.514444E-02   0.450000E-03
 607   0.116699E-03  -0.774679E-03   0.386347E-01   0.405051E-02   0.250000E-03
 608   0.946850E-04  -0.226160E-03   0.396683E-01   0.346315E-02   0.300000E-03
 609  -0.348170E-03  -0.502750E-03   0.402644E-01   0.320410E-02   0.350000E-03
 610  -0.755062E-03  -0.505062E-03   0.409008E-01   0.279254E-02   0.150000E-03
 611  -0.937574E-03  -0.374470E-03   0.428115E-01   0.362042E-02   0.450000E-03
 612  -0.267720E-03  -0.693922E-03   0.434486E-01   0.314457E-02   0.350000E-03
 613   0.507653E-03  -0.441268E-03   0.104332E-01   0.862697E-02   0.350000E-03
 614  -0.694870E-04  -0.144439E-03   0.313697E-02   0.451173E-02   0.200000E-03
 615  -0.320756E-04  -0.127918E-03   0.368096E-02   0.445033E-02   0.350000E-03
 616   0.144177E-03   0.269000E-03   0.569224E-02   0.430583E-02   0.150000E-03
 617   0.512819E-03   0.290744E-03   0.664225E-02   0.446961E-02   0.350000E-03
 618  -0.224941E-03  -0.296684E-03   0.811022E-02   0.554869E-02   0.300000E-03
 619   0.522258E-03   0.279392E-03   0.930802E-02   0.518354E-02   0.300000E-03
 620   0.485622E-03   0.371971E-03   0.989172E-02   0.556073E-02   0.400000E-03
 621   0.190503E-03   0.580957E-04   0.114074E-01   0.535147E-02   0.250000E-03
 622   0.350384E-04  -0.115854E-03   0.114518E-01   0.486224E-02   0.250000E-03
 623   0.201532E-03   0.997434E-06   0.126846E-01   0.511517E-02   0.350000E-03
 624   0.419647E-03   0.285300E-03   0.139975E-01   0.577409E-02   0.200000E-03
 625   0.234984E-03   0.407439E-03   0.145245E-01   0.592629E-02   0.350000E-03
 626  -0.340689E-03  -0.227562E-03   0.166441E-01   0.549966E-02   0.150000E-03
 627   0.432388E-03   0.673057E-04   0.169523E-01   0.566106E-02   0.200000E-03
 628   0.117044E-04  -0.158840E-03   0.175537E-01   0.605614E-02   0.300000E-03
 629   0.397713E-04  -0.267932E-03   0.187772E-01   0.654420E-02   0.450000E-03
 630  -0.439458E-03  -0.186155E-03   0.218271E-01   0.613302E-02   0.300000E-03
 631  -0.345682E-03  -0.161998E-03   0.227189E-01   0.528369E-02   0.350000E-03
 632  -0.309044E-03  -0.186436E-03   0.237941E-01   0.497177E-02   0.300000E-03
 633  -0.246662E-03  -0.181204E-03   0.246370E-01   0.518591E-02   0.250000E-03
 634  -0.492585E-03  -0.135022E-03   0.271324E-01   0.452983E-02   0.200000E-03
 635  -0.569848E-03  -0.207850E-03   0.277744E-01   0.447935E-02   0.450000E-03
 636  -0.847458E-04   0.219036E-04   0.293514E-01   0.515945E-02   0.300000E-03
 637   0.389948E-05   0.114134E-04   0.303183E-01   0.567824E-02   0.300000E-03
 638  -0.148425E-02   0.218412E-03   0.321593E-01   0.474947E-02   0.350000E-03
 639  -0.796683E-03  -0.367135E-03   0.342961E-01   0.480930E-02   0.250000E-03
 640  -0.711879E-03  -0.404243E-03   0.345061E-01   0.430498E-02   0.300000E-03
 641  -0.647976E-03  -0.167104E-03   0.368853E-01   0.529410E-02   0.300000E-03
 642  -0.888682E-03   0.188331E-03   0.372747E-01   0.490994E-02   0.250000E-03
 643   0.426219E-03   0.161360E-03   0.388111E-01   0.451391E-02   0.250000E-03
 644  -0.450685E-03   0.647263E-03   0.392982E-01   0.405697E-02   0.400000E-03
 645  -0.350476E-03   0.586266E-03   0.417281E-01   0.385300E-02   0.200000E-03
 646  -0.127790E-02   0.242237E-03   0.407847E-01   0.333860E-02   0.150000E-03
 647  -0.868863E-03  -0.174034E-03   0.425787E-01   0.301405E-02   0.200000E-03
 648  -0.642753E-03  -0.142230E-02   0.448034E-01   0.354088E-02   0.200000E-03
 649  -0.364575E-04  -0.887636E-03   0.715606E-03   0.492013E-02   0.200000E-03
 650  -0.201353E-03   0.306864E-04   0.266543E-02   0.504702E-02   0.350000E-03
 651   0.125179E-03   0.214806E-03   0.319825E-02   0.401552E-02   0.300000E-03
 652   0.401985E-03   0.213908E-03   0.457893E-02   0.494044E-02   0.200000E-03
 653   0.514262E-03   0.356590E-03   0.657108E-02   0.496260E-02   0.150000E-03
 654   0.275371E-03   0.447350E-04   0.747753E-02   0.525092E-02   0.400000E-03
 655  -0.346362E-03   0.261470E-03   0.876538E-02   0.575247E-02   0.350000E-03
 656   0.277342E-03   0.419471E-03   0.934405E-02   0.590650E-02   0.250000E-03
 657   0.266841E-03   0.203621E-03   0.104671E-01   0.594910E-02   0.300000E-03
 658   0.207834E-03  -0.570053E-04   0.119865E-01   0.516481E-02   0.350000E-03
 659   0.591444E-03   0.324177E-03   0.131548E-01   0.548752E-02   0.250000E-03
 660   0.362799E-03   0.361409E-03   0.136202E-01   0.623891E-02   0.400000E-03
 661   0.443488E-03   0.293588E-03   0.150426E-01   0.631386E-02   0.300000E-03
 662   0.439286E-03   0.278257E-03   0.163642E-01   0.646138E-02   0.300000E-03
 663   0.362472E-03   0.233399E-03   0.166608E-01   0.600063E-02   0.250000E-03
 664   0.180392E-03   0.365541E-04   0.177807E-01   0.655424E-02   0.250000E-03
 665  -0.258183E-03   0.918803E-04   0.199778E-01   0.631114E-02   0.300000E-03
 666  -0.411814E-03   0.469974E-03   0.212261E-01   0.639277E-02   0.300000E-03
 667  -0.450274E-03  -0.161844E-03   0.223226E-01   0.579472E-02   0.300000E-03
 668  -0.430050E-03  -0.161571E-03   0.233607E-01   0.538341E-02   0.300000E-03
 669  -0.358554E-03  -0.264441E-03   0.248424E-01   0.478486E-02   0.100000E-03
 670  -0.592304E-03  -0.189648E-04   0.263407E-01   0.489561E-02   0.200000E-03
 671  -0.553178E-03  -0.461725E-04   0.284757E-01   0.531118E-02   0.200000E-03
 672  -0.492537E-03   0.440644E-05   0.280791E-01   0.510800E-02   0.250000E-03
 673  -0.143153E-03  -0.205519E-03   0.310123E-01   0.554315E-02   0.350000E-03
 674  -0.969167E-03  -0.656654E-04   0.315695E-01   0.512388E-02   0.350000E-03
 675  -0.995341E-03  -0.389707E-03   0.325141E-01   0.427113E-02   0.250000E-03
 676  -0.504497E-03  -0.447603E-03   0.347941E-01   0.478050E-02   0.250000E-03
 677  -0.565117E-03   0.268152E-03   0.369704E-01   0.598714E-02   0.400000E-03
 678  -0.127695E-02  -0.308660E-03   0.374246E-01   0.538766E-02   0.250000E-03
 679  -0.325304E-04  -0.253719E-04   0.390962E-01   0.542038E-02   0.200000E-03
 680   0.801601E-04  -0.178045E-03   0.392686E-01   0.489974E-02   0.350000E-03
 681  -0.117821E-02  -0.388185E-03   0.410986E-01   0.389355E-02   0.250000E-03
 682  -0.110813E-02  -0.407310E-03   0.421476E-01   0.340961E-02   0.250000E-03
 683  -0.932786E-03  -0.104671E-02   0.440290E-01   0.455151E-02   0.500000E-03
 684  -0.166174E-03  -0.558055E-03   0.440480E-01   0.338900E-02   0.300000E-03
 685   0.116148E-02  -0.444078E-04   0.348632E-03   0.736368E-02   0.350000E-03
 686  -0.673198E-04   0.593541E-03   0.332924E-02   0.562729E-02   0.350000E-03
 687  -0.111156E-03   0.302902E-05   0.330966E-02   0.498006E-02   0.300000E-03
 688   0.125137E-03   0.256553E-03   0.502303E-02   0.488288E-02   0.250000E-03
 689   0.322541E-03   0.161455E-03   0.706640E-02   0.481499E-02   0.200000E-03
 690   0.272852E-03   0.166905E-03   0.761038E-02   0.598174E-02   0.350000E-03
 691   0.418020E-03   0.302864E-03   0.877457E-02   0.649827E-02   0.350000E-03
 692   0.431838E-03   0.286270E-03   0.989292E-02   0.625911E-02   0.300000E-03
 693   0.336156E-03   0.222242E-03   0.103882E-01   0.649128E-02   0.250000E-03
 694   0.354037E-03   0.952033E-04   0.111097E-01   0.586485E-02   0.350000E-03
 695   0.754640E-03   0.295663E-04   0.128912E-01   0.602592E-02   0.350000E-03
 696   0.372422E-03   0.278892E-03   0.146254E-01   0.723714E-02   0.250000E-03
 697   0.488307E-03   0.119018E-03   0.143289E-01   0.664571E-02   0.400000E-03
 698   0.421041E-03   0.240808E-03   0.156799E-01   0.659624E-02   0.400000E-03
 699  -0.179431E-03   0.601467E-04   0.170885E-01   0.664282E-02   0.450000E-03
 700   0.143274E-03  -0.369851E-03   0.181524E-01   0.695718E-02   0.300000E-03
 701   0.239732E-03  -0.277306E-03   0.195113E-01   0.668395E-02   0.300000E-03
 702  -0.549990E-03  -0.356478E-03   0.203824E-01   0.688139E-02   0.400000E-03
 703  -0.396791E-03  -0.184641E-03   0.229969E-01   0.597937E-02   0.400000E-03
 704  -0.271207E-03  -0.168061E-03   0.241302E-01   0.558427E-02   0.400000E-03
 705  -0.410355E-03  -0.116540E-03   0.251122E-01   0.503967E-02   0.250000E-03
 706  -0.834548E-03   0.537433E-04   0.259257E-01   0.506728E-02   0.250000E-03
 707  -0.459498E-03  -0.100648E-03   0.269364E-01   0.509329E-02   0.400000E-03
 708   0.292880E-03   0.132748E-03   0.298212E-01   0.544442E-02   0.250000E-03
 709  -0.145840E-02  -0.244099E-03   0.320923E-01   0.529474E-02   0.200000E-03
 710  -0.134318E-02   0.186235E-03   0.326857E-01   0.503546E-02   0.250000E-03
 711  -0.687201E-03  -0.374168E-03   0.337375E-01   0.460088E-02   0.350000E-03
 712  -0.366688E-03  -0.300024E-03   0.351269E-01   0.521772E-02   0.300000E-03
 713  -0.682974E-03   0.260634E-03   0.381600E-01   0.636261E-02   0.350000E-03
 714  -0.602491E-03   0.887152E-04   0.379339E-01   0.570012E-02   0.350000E-03
 715  -0.540557E-03   0.105117E-03   0.388319E-01   0.564573E-02   0.150000E-03
 716  -0.710283E-03   0.509541E-03   0.397382E-01   0.453576E-02   0.250000E-03
 717  -0.753913E-03   0.896768E-03   0.400705E-01   0.366480E-02   0.150000E-03
 718  -0.102553E-02  -0.349957E-03   0.421749E-01   0.390821E-02   0.250000E-03
 719  -0.423863E-03  -0.430005E-04   0.448011E-01   0.546906E-02   0.200000E-03
 720  -0.882036E-03  -0.603656E-03   0.434105E-01   0.730334E-02   0.350000E-03
 721  -0.465443E-04  -0.106541E-03   0.215052E-02   0.406391E-02   0.200000E-03
 722   0.240034E-03  -0.929320E-04   0.202372E-02   0.513824E-02   0.300000E-03
 723  -0.346014E-04  -0.118808E-03   0.424852E-02   0.463968E-02   0.250000E-03
 724   0.502009E-03   0.386103E-03   0.602560E-02   0.489383E-02   0.400000E-03
 725   0.200167E-03   0.584614E-03   0.693768E-02   0.513982E-02   0.150000E-03
 726   0.479975E-03   0.367973E-03   0.653329E-02   0.550986E-02   0.400000E-03
 727  -0.804571E-04   0.110925E-03   0.824040E-02   0.613390E-02   0.300000E-03
 728   0.286522E-03   0.367873E-03   0.936523E-02   0.640403E-02   0.250000E-03
 729   0.286289E-03   0.692319E-03   0.971959E-02   0.683308E-02   0.300000E-03
 730   0.289436E-03  -0.797429E-05   0.123701E-01   0.562584E-02   0.250000E-03
 731   0.413745E-03   0.117883E-03   0.122203E-01   0.622502E-02   0.350000E-03
 732   0.583134E-03   0.265570E-03   0.131088E-01   0.663657E-02   0.250000E-03
 733   0.463936E-03   0.117583E-03   0.149442E-01   0.685307E-02   0.250000E-03
 734   0.386653E-03   0.221577E-03   0.161819E-01   0.692425E-02   0.200000E-03
 735   0.234143E-03  -0.425829E-03   0.175835E-01   0.726983E-02   0.350000E-03
 736  -0.782981E-04  -0.678462E-03   0.190833E-01   0.733620E-02   0.400000E-03
 737   0.516097E-04  -0.607764E-03   0.197722E-01   0.722233E-02   0.300000E-03
 738  -0.554238E-03   0.314977E-05   0.214574E-01   0.705122E-02   0.400000E-03
 739  -0.473155E-03  -0.299507E-03   0.224033E-01   0.643606E-02   0.350000E-03
 740  -0.214086E-03  -0.132874E-03   0.237115E-01   0.620312E-02   0.350000E-03
 741  -0.250031E-03  -0.112199E-03   0.247943E-01   0.565862E-02   0.250000E-03
 742  -0.710192E-03  -0.741655E-04   0.263420E-01   0.534512E-02   0.250000E-03
 743  -0.476169E-03  -0.875999E-04   0.275824E-01   0.514999E-02   0.250000E-03
 744  -0.413441E-03  -0.590970E-04   0.288551E-01   0.519851E-02   0.200000E-03
 745  -0.110505E-02  -0.141351E-03   0.315845E-01   0.572327E-02   0.250000E-03
 746  -0.142393E-02  -0.236868E-03   0.328172E-01   0.561814E-02   0.350000E-03
 747  -0.105283E-02  -0.624461E-03   0.332774E-01   0.515987E-02   0.300000E-03
 748  -0.339364E-03  -0.280711E-03   0.356690E-01   0.486100E-02   0.350000E-03
 749  -0.744541E-03  -0.175996E-03   0.363174E-01   0.547241E-02   0.300000E-03
 750  -0.545420E-03   0.146841E-03   0.385070E-01   0.587422E-02   0.250000E-03
 751  -0.706231E-03  -0.130905E-03   0.391628E-01   0.594342E-02   0.300000E-03
 752  -0.118263E-02   0.936041E-03   0.401869E-01   0.422864E-02   0.300000E-03
 753  -0.129297E-02   0.170088E-03   0.407375E-01   0.304292E-02   0.150000E-03
 754  -0.974471E-03   0.119429E-03   0.418913E-01   0.418852E-02   0.150000E-03
 755  -0.105003E-02  -0.101217E-03   0.425361E-01   0.415151E-02   0.150000E-03
 756  -0.659489E-03  -0.153729E-03   0.431092E-01   0.672752E-02   0.300000E-03
 757   0.152808E-03  -0.385035E-03   0.183900E-02   0.451582E-02   0.350000E-03
 758   0.639070E-04   0.570378E-03   0.402215E-02   0.570395E-02   0.350000E-03
 759  -0.551264E-04  -0.179173E-04   0.390212E-02   0.506559E-02   0.300000E-03
 760   0.641412E-03   0.391888E-03   0.473790E-02   0.559256E-02   0.300000E-03
 761   0.281863E-03   0.515165E-03   0.541044E-02   0.540165E-02   0.400000E-03
 762   0.233583E-03   0.502709E-03   0.592459E-02   0.594435E-02   0.350000E-03
 763   0.311449E-03   0.936955E-04   0.690025E-02   0.621802E-02   0.400000E-03
 764   0.393817E-03   0.224839E-03   0.817045E-02   0.673650E-02   0.300000E-03
 765  -0.199905E-03  -0.460059E-03   0.115440E-01   0.640731E-02   0.350000E-03
 766   0.182243E-03  -0.115268E-04   0.117554E-01   0.577211E-02   0.300000E-03
 767   0.609802E-03   0.232667E-03   0.126739E-01   0.653089E-02   0.200000E-03
 768   0.323134E-03   0.167812E-03   0.137240E-01   0.688002E-02   0.250000E-03
 769   0.442825E-03   0.480531E-04   0.152442E-01   0.737108E-02   0.350000E-03
 770   0.288691E-03  -0.314909E-03   0.158264E-01   0.722865E-02   0.250000E-03
 771   0.146990E-03  -0.183509E-04   0.165640E-01   0.680720E-02   0.100000E-03
 772   0.113168E-04  -0.592031E-03   0.184411E-01   0.742119E-02   0.250000E-03
 773   0.189106E-03  -0.466330E-03   0.201465E-01   0.781291E-02   0.400000E-03
 774  -0.409078E-03  -0.161258E-03   0.208390E-01   0.747131E-02   0.350000E-03
 775  -0.352784E-03  -0.132661E-03   0.232464E-01   0.657888E-02   0.250000E-03
 776  -0.264815E-03  -0.165089E-03   0.248400E-01   0.610554E-02   0.200000E-03
 777  -0.600987E-03   0.669219E-05   0.255246E-01   0.486412E-02   0.200000E-03
 778  -0.889495E-03  -0.235817E-04   0.259306E-01   0.551593E-02   0.200000E-03
 779  -0.505302E-03  -0.811880E-03   0.276594E-01   0.569227E-02   0.300000E-03
 780  -0.756582E-04   0.403167E-03   0.293456E-01   0.580830E-02   0.350000E-03
 781  -0.142502E-03  -0.108782E-03   0.307027E-01   0.599732E-02   0.200000E-03
 782  -0.146017E-02  -0.288423E-03   0.321301E-01   0.579296E-02   0.300000E-03
 783  -0.731811E-03  -0.559524E-03   0.339163E-01   0.527614E-02   0.350000E-03
 784  -0.851412E-03  -0.546528E-03   0.344624E-01   0.522298E-02   0.200000E-03
 785  -0.323018E-03  -0.220714E-03   0.356775E-01   0.556033E-02   0.350000E-03
 786   0.503496E-03   0.588562E-03   0.375857E-01   0.619420E-02   0.250000E-03
 787  -0.883653E-03  -0.154542E-03   0.397260E-01   0.614419E-02   0.300000E-03
 788  -0.907462E-03  -0.202100E-03   0.396385E-01   0.550020E-02   0.350000E-03
 789  -0.196852E-03  -0.267520E-03   0.405673E-01   0.376888E-02   0.300000E-03
 790  -0.841258E-03   0.671312E-04   0.414580E-01   0.429999E-02   0.300000E-03
 791  -0.944022E-03  -0.618470E-04   0.431204E-01   0.435813E-02   0.350000E-03
 792  -0.110241E-02  -0.171599E-03   0.438844E-01   0.518502E-02   0.150000E-03
 793   0.367552E-04   0.649915E-03   0.284505E-02   0.551065E-02   0.150000E-03
 794  -0.549392E-03   0.788052E-03   0.243163E-02   0.548573E-02   0.150000E-03
 795   0.390076E-03   0.173814E-03   0.435693E-02   0.527022E-02   0.200000E-03
 796   0.366461E-03  -0.200032E-03   0.265383E-02   0.650033E-02   0.300000E-03
 797  -0.232506E-04   0.461984E-03   0.451186E-02   0.627027E-02   0.400000E-03
 798   0.370897E-03   0.298717E-03   0.517888E-02   0.606019E-02   0.300000E-03
 799   0.311490E-03   0.207358E-03   0.752391E-02   0.667204E-02   0.350000E-03
 800   0.407022E-03   0.129284E-03   0.883750E-02   0.709410E-02   0.250000E-03
 801   0.252978E-03   0.200748E-03   0.108043E-01   0.676699E-02   0.250000E-03
 802  -0.506465E-03   0.136691E-03   0.112726E-01   0.694183E-02   0.250000E-03
 803   0.394689E-03   0.120238E-03   0.120045E-01   0.678444E-02   0.250000E-03
 804   0.583790E-03   0.165270E-03   0.132555E-01   0.716603E-02   0.300000E-03
 805   0.454095E-03   0.307423E-03   0.140797E-01   0.729926E-02   0.300000E-03
 806   0.224346E-03  -0.105881E-03   0.157103E-01   0.766300E-02   0.200000E-03
 807   0.868240E-03   0.135848E-03   0.180163E-01   0.768471E-02   0.250000E-03
 808  -0.135804E-03  -0.768537E-03   0.191059E-01   0.818447E-02   0.450000E-03
 809  -0.665737E-03  -0.289720E-03   0.214245E-01   0.775046E-02   0.300000E-03
 810  -0.641802E-03   0.628525E-04   0.221559E-01   0.703334E-02   0.300000E-03
 811  -0.216172E-03  -0.139983E-03   0.237404E-01   0.685055E-02   0.300000E-03
 812  -0.294729E-03  -0.157076E-03   0.243599E-01   0.624419E-02   0.300000E-03
 813  -0.327096E-03  -0.716523E-04   0.253867E-01   0.556830E-02   0.350000E-03
 814   0.320594E-04   0.450138E-03   0.271612E-01   0.564930E-02   0.200000E-03
 815  -0.451286E-03   0.441814E-03   0.286012E-01   0.589562E-02   0.400000E-03
 816  -0.328384E-03  -0.330398E-03   0.312318E-01   0.603985E-02   0.200000E-03
 817  -0.160482E-05   0.211861E-03   0.302542E-01   0.627121E-02   0.300000E-03
 818  -0.143997E-02  -0.308214E-03   0.325597E-01   0.621155E-02   0.300000E-03
 819  -0.106070E-02  -0.199282E-03   0.334566E-01   0.573373E-02   0.300000E-03
 820  -0.601671E-03  -0.128708E-03   0.347136E-01   0.565066E-02   0.300000E-03
 821  -0.905400E-03   0.764609E-03   0.362097E-01   0.606088E-02   0.300000E-03
 822  -0.662063E-03   0.270320E-03   0.378257E-01   0.691974E-02   0.300000E-03
 823  -0.107187E-02   0.243147E-03   0.387571E-01   0.631395E-02   0.250000E-03
 824  -0.141927E-02   0.311651E-04   0.408215E-01   0.556922E-02   0.350000E-03
 825  -0.118045E-02   0.550540E-04   0.402608E-01   0.499940E-02   0.450000E-03
 826  -0.171705E-02   0.650858E-03   0.408084E-01   0.441771E-02   0.350000E-03
 827  -0.102672E-02  -0.162191E-03   0.422286E-01   0.440480E-02   0.250000E-03
 828  -0.103458E-02  -0.453565E-03   0.402885E-01   0.693605E-02   0.350000E-03
 829   0.361570E-03   0.963888E-04   0.262670E-02   0.590202E-02   0.300000E-03
 830  -0.379326E-04  -0.168640E-03   0.299547E-03   0.524380E-02   0.300000E-03
 831  -0.450658E-04   0.538131E-04   0.314748E-03   0.574264E-02   0.200000E-03
 832   0.159453E-03  -0.496422E-05   0.309990E-02   0.618038E-02   0.250000E-03
 833   0.206207E-03  -0.514479E-05   0.328806E-02   0.669578E-02   0.300000E-03
 834   0.339379E-03   0.692211E-03   0.509597E-02   0.665396E-02   0.300000E-03
 835   0.274924E-03   0.585225E-04   0.576113E-02   0.682885E-02   0.300000E-03
 836   0.277430E-03  -0.120646E-03   0.759279E-02   0.736648E-02   0.350000E-03
 837   0.219430E-03   0.221004E-03   0.108020E-01   0.631843E-02   0.200000E-03
 838   0.525345E-03  -0.131206E-03   0.117451E-01   0.732513E-02   0.350000E-03
 839   0.595501E-03   0.164940E-03   0.125592E-01   0.711905E-02   0.400000E-03
 840   0.414868E-03   0.178764E-03   0.141481E-01   0.789492E-02   0.300000E-03
 841   0.360462E-03   0.176147E-03   0.147354E-01   0.777493E-02   0.300000E-03
 842   0.197324E-03  -0.358844E-03   0.170185E-01   0.758830E-02   0.300000E-03
 843   0.661943E-04  -0.377331E-03   0.184584E-01   0.791851E-02   0.250000E-03
 844   0.239437E-03  -0.546913E-03   0.198147E-01   0.842862E-02   0.300000E-03
 845  -0.390099E-03  -0.355629E-03   0.208062E-01   0.816896E-02   0.350000E-03
 846  -0.513231E-03  -0.247267E-03   0.219285E-01   0.753311E-02   0.250000E-03
 847  -0.338173E-03  -0.992339E-04   0.232092E-01   0.712657E-02   0.300000E-03
 848  -0.312569E-03  -0.183202E-03   0.244335E-01   0.693926E-02   0.400000E-03
 849  -0.353617E-03  -0.182214E-03   0.253664E-01   0.626405E-02   0.350000E-03
 850  -0.485710E-03  -0.224697E-03   0.266942E-01   0.563761E-02   0.200000E-03
 851  -0.544875E-03   0.973380E-04   0.265540E-01   0.611378E-02   0.300000E-03
 852  -0.596957E-03   0.282523E-03   0.298976E-01   0.583685E-02   0.150000E-03
 853  -0.681497E-03  -0.679585E-03   0.316912E-01   0.633579E-02   0.350000E-03
 854  -0.594022E-03  -0.661705E-03   0.327737E-01   0.682404E-02   0.350000E-03
 855  -0.981580E-03  -0.256900E-03   0.331579E-01   0.625357E-02   0.300000E-03
 856  -0.656367E-03  -0.170727E-03   0.341114E-01   0.599918E-02   0.400000E-03
 857  -0.500072E-03  -0.189515E-04   0.352056E-01   0.607293E-02   0.350000E-03
 858  -0.876410E-03   0.799614E-03   0.365562E-01   0.654935E-02   0.300000E-03
 859  -0.748205E-03  -0.312029E-03   0.392889E-01   0.647745E-02   0.250000E-03
 860  -0.809470E-03  -0.181824E-03   0.402149E-01   0.579698E-02   0.300000E-03
 861  -0.109227E-02   0.530808E-04   0.415188E-01   0.558222E-02   0.350000E-03
 862  -0.164788E-02   0.936097E-03   0.409827E-01   0.499162E-02   0.250000E-03
 863  -0.111779E-02  -0.837510E-03   0.432862E-01   0.514011E-02   0.450000E-03
 864  -0.358679E-03  -0.129441E-03   0.445510E-01   0.606755E-02   0.450000E-03
 865  -0.328975E-04  -0.632708E-04   0.137651E-02   0.509168E-02   0.350000E-03
 866   0.131932E-03   0.423352E-04   0.170968E-02   0.552499E-02   0.200000E-03
 867   0.403694E-03  -0.213686E-03   0.203294E-02   0.631384E-02   0.350000E-03
 868   0.655859E-03  -0.487038E-03   0.371793E-02   0.627794E-02   0.300000E-03
 869   0.146040E-03  -0.944659E-04   0.337692E-02   0.723623E-02   0.250000E-03
 870   0.670697E-04   0.189220E-03   0.626151E-02   0.649907E-02   0.300000E-03
 871   0.302198E-03   0.169853E-03   0.692301E-02   0.691691E-02   0.300000E-03
 872   0.330132E-03   0.263234E-03   0.921453E-02   0.682614E-02   0.200000E-03
 873   0.282644E-03   0.320167E-03   0.102908E-01   0.702945E-02   0.300000E-03
 874   0.494231E-03   0.407359E-03   0.116975E-01   0.799067E-02   0.300000E-03
 875   0.661384E-03   0.557176E-06   0.122434E-01   0.774201E-02   0.300000E-03
 876   0.636303E-03   0.293824E-03   0.135990E-01   0.765456E-02   0.300000E-03
 877   0.376025E-03  -0.235629E-03   0.146908E-01   0.837240E-02   0.300000E-03
 878   0.256915E-03  -0.327544E-03   0.163897E-01   0.743113E-02   0.350000E-03
 879   0.228106E-03  -0.358856E-03   0.174959E-01   0.786145E-02   0.250000E-03
 880   0.477138E-03   0.177383E-03   0.177283E-01   0.835855E-02   0.300000E-03
 881  -0.775874E-03  -0.356955E-03   0.219056E-01   0.810835E-02   0.300000E-03
 882  -0.891503E-03  -0.703528E-04   0.226699E-01   0.722551E-02   0.250000E-03
 883  -0.269724E-03  -0.186582E-03   0.228534E-01   0.665186E-02   0.150000E-03
 884  -0.286807E-03  -0.229941E-03   0.239125E-01   0.747633E-02   0.350000E-03
 885  -0.776408E-03  -0.663984E-04   0.258309E-01   0.740317E-02   0.400000E-03
 886  -0.884892E-03   0.373250E-04   0.259640E-01   0.601298E-02   0.300000E-03
 887  -0.205926E-03  -0.218688E-03   0.283462E-01   0.659817E-02   0.350000E-03
 888  -0.138577E-03   0.271976E-03   0.295688E-01   0.657493E-02   0.450000E-03
 889  -0.632255E-03   0.260745E-03   0.309232E-01   0.660955E-02   0.450000E-03
 890  -0.999241E-03  -0.812242E-03   0.322093E-01   0.663248E-02   0.250000E-03
 891  -0.858920E-03   0.240012E-03   0.337206E-01   0.663684E-02   0.350000E-03
 892  -0.517787E-03  -0.531482E-05   0.346575E-01   0.658305E-02   0.400000E-03
 893  -0.174183E-03   0.190482E-03   0.357421E-01   0.643613E-02   0.300000E-03
 894  -0.968668E-03  -0.430115E-04   0.385868E-01   0.678364E-02   0.250000E-03
 895  -0.812020E-03  -0.308271E-03   0.390958E-01   0.699177E-02   0.300000E-03
 896  -0.112130E-02  -0.180081E-03   0.419178E-01   0.696058E-02   0.300000E-03
 897  -0.105098E-02  -0.176658E-03   0.424709E-01   0.661971E-02   0.350000E-03
 898  -0.941482E-03  -0.664663E-04   0.426303E-01   0.460604E-02   0.200000E-03
 899  -0.178932E-02  -0.787210E-03   0.424908E-01   0.519966E-02   0.350000E-03
 900  -0.438024E-03  -0.156970E-03   0.438286E-01   0.572506E-02   0.350000E-03
 901  -0.678524E-04   0.749623E-04   0.129127E-02   0.568290E-02   0.250000E-03
 902   0.267863E-03  -0.278825E-03   0.309554E-02   0.764902E-02   0.250000E-03
 903   0.351527E-03   0.116403E-03   0.211047E-02   0.572019E-02   0.250000E-03
 904   0.385450E-03  -0.475127E-04   0.278600E-02   0.713526E-02   0.350000E-03
 905   0.441323E-03  -0.231766E-03   0.402154E-02   0.696369E-02   0.450000E-03
 906   0.188733E-03   0.175439E-03   0.587884E-02   0.737109E-02   0.250000E-03
 907   0.403127E-03   0.354359E-03   0.557323E-02   0.636614E-02   0.200000E-03
 908   0.400576E-03   0.194187E-04   0.885467E-02   0.764329E-02   0.300000E-03
 909   0.295243E-03   0.150560E-03   0.935007E-02   0.730571E-02   0.300000E-03
 910  -0.582465E-04   0.772204E-03   0.101066E-01   0.806493E-02   0.300000E-03
 911   0.139622E-03   0.156124E-03   0.112539E-01   0.766792E-02   0.250000E-03
 912   0.375287E-03  -0.234358E-03   0.151702E-01   0.864134E-02   0.250000E-03
 913   0.403339E-03  -0.369704E-03   0.153335E-01   0.806441E-02   0.350000E-03
 914   0.299446E-03  -0.415697E-03   0.161242E-01   0.818415E-02   0.450000E-03
 915   0.172708E-03   0.649150E-03   0.170054E-01   0.828770E-02   0.400000E-03
 916  -0.433388E-03  -0.363267E-03   0.203724E-01   0.865065E-02   0.300000E-03
 917  -0.251408E-03  -0.550558E-03   0.199656E-01   0.908997E-02   0.300000E-03
 918  -0.776727E-03  -0.361154E-03   0.224710E-01   0.778908E-02   0.350000E-03
 919  -0.357141E-03  -0.288469E-03   0.231708E-01   0.777501E-02   0.350000E-03
 920  -0.288305E-03  -0.129859E-03   0.247619E-01   0.644603E-02   0.150000E-03
 921   0.115883E-04  -0.345489E-03   0.233450E-01   0.851363E-02   0.350000E-03
 922  -0.866624E-03  -0.375425E-03   0.259417E-01   0.666172E-02   0.350000E-03
 923  -0.480370E-03  -0.304512E-03   0.276965E-01   0.633941E-02   0.350000E-03
 924   0.992259E-04   0.915590E-04   0.288988E-01   0.717549E-02   0.450000E-03
 925  -0.752773E-03  -0.275189E-03   0.310940E-01   0.739071E-02   0.350000E-03
 926  -0.687934E-03  -0.757450E-03   0.316012E-01   0.697796E-02   0.300000E-03
 927   0.346559E-03  -0.201099E-03   0.336357E-01   0.719565E-02   0.200000E-03
 928  -0.586859E-03   0.137718E-03   0.341654E-01   0.649553E-02   0.100000E-03
 929  -0.627492E-03   0.277395E-03   0.372160E-01   0.669523E-02   0.350000E-03
 930  -0.934830E-03  -0.297566E-03   0.412211E-01   0.664447E-02   0.300000E-03
 931  -0.945356E-03  -0.137540E-03   0.411900E-01   0.608000E-02   0.250000E-03
 932  -0.858355E-03  -0.216759E-03   0.397400E-01   0.669308E-02   0.250000E-03
 933  -0.114491E-02  -0.199651E-03   0.418114E-01   0.626901E-02   0.400000E-03
 934  -0.920845E-03   0.205488E-03   0.412545E-01   0.469954E-02   0.150000E-03
 935  -0.889843E-03  -0.356016E-03   0.418069E-01   0.489791E-02   0.400000E-03
 936  -0.809319E-03   0.215202E-03   0.433673E-01   0.618263E-02   0.300000E-03
 937  -0.294223E-03   0.302414E-03   0.102841E-02   0.720242E-02   0.350000E-03
 938  -0.140250E-03   0.229194E-03   0.297847E-03   0.624193E-02   0.300000E-03
 939   0.244412E-03   0.602944E-04   0.372923E-02   0.771890E-02   0.350000E-03
 940   0.144137E-03   0.118336E-04   0.789266E-03   0.590024E-02   0.300000E-03
 941   0.276104E-03   0.181862E-04   0.166182E-02   0.690618E-02   0.350000E-03
 942   0.342578E-03   0.462327E-04   0.457838E-02   0.773921E-02   0.500000E-03
 943   0.162218E-03   0.142660E-03   0.528847E-02   0.727416E-02   0.350000E-03
 944   0.620629E-04   0.225365E-03   0.635002E-02   0.709127E-02   0.300000E-03
 945   0.241275E-03   0.219216E-03   0.108349E-01   0.731461E-02   0.300000E-03
 946   0.217928E-03   0.118121E-03   0.985437E-02   0.752303E-02   0.250000E-03
 947   0.979105E-03   0.118843E-03   0.129419E-01   0.801350E-02   0.450000E-03
 948   0.659098E-03   0.614863E-03   0.125528E-01   0.859478E-02   0.250000E-03
 949   0.267456E-03  -0.382403E-03   0.156966E-01   0.879965E-02   0.300000E-03
 950   0.599088E-03  -0.108294E-05   0.139988E-01   0.857859E-02   0.400000E-03
 951   0.653796E-03   0.118016E-03   0.165385E-01   0.880872E-02   0.300000E-03
 952  -0.123637E-03   0.122394E-03   0.182771E-01   0.838262E-02   0.250000E-03
 953  -0.394771E-03  -0.334078E-03   0.210186E-01   0.872959E-02   0.250000E-03
 954  -0.724424E-03  -0.236541E-03   0.225045E-01   0.863801E-02   0.500000E-03
 955  -0.454214E-03   0.253664E-03   0.237098E-01   0.803879E-02   0.250000E-03
 956  -0.333148E-03   0.389831E-04   0.251987E-01   0.725322E-02   0.250000E-03
 957  -0.758825E-03  -0.576003E-04   0.268613E-01   0.765556E-02   0.350000E-03
 958  -0.723527E-03  -0.283434E-03   0.265305E-01   0.703905E-02   0.350000E-03
 959  -0.806170E-03  -0.194352E-03   0.270308E-01   0.655084E-02   0.350000E-03
 960  -0.335076E-05   0.624743E-04   0.302556E-01   0.681842E-02   0.250000E-03
 961  -0.113578E-02   0.383338E-03   0.321417E-01   0.797875E-02   0.400000E-03
 962  -0.604608E-03  -0.256085E-03   0.316795E-01   0.752140E-02   0.250000E-03
 963  -0.407399E-04  -0.465875E-03   0.332981E-01   0.698292E-02   0.200000E-03
 964  -0.206891E-03   0.203183E-03   0.353056E-01   0.684628E-02   0.300000E-03
 965  -0.128285E-03   0.299752E-03   0.360994E-01   0.685378E-02   0.250000E-03
 966  -0.102888E-02   0.458686E-04   0.366929E-01   0.723500E-02   0.400000E-03
 967  -0.848026E-03  -0.199957E-03   0.406494E-01   0.633683E-02   0.350000E-03
 968  -0.298916E-03  -0.100571E-03   0.401608E-01   0.624643E-02   0.150000E-03
 969  -0.724306E-03  -0.537302E-03   0.447504E-01   0.714470E-02   0.250000E-03
 970  -0.295617E-03  -0.137010E-03   0.442540E-01   0.680837E-02   0.350000E-03
 971  -0.152564E-02  -0.229704E-04   0.427225E-01   0.591100E-02   0.400000E-03
 972  -0.104996E-02  -0.196224E-03   0.436573E-01   0.675659E-02   0.250000E-03
 973   0.181298E-03  -0.126390E-03   0.837562E-03   0.535253E-02   0.250000E-03
 974   0.282178E-03   0.134541E-03   0.402240E-02   0.824218E-02   0.250000E-03
 975  -0.488424E-04  -0.212710E-03   0.133439E-02   0.627966E-02   0.350000E-03
 976  -0.423499E-03   0.163804E-04   0.772651E-03   0.660537E-02   0.300000E-03
 977   0.246446E-03   0.343557E-04   0.734184E-02   0.791050E-02   0.250000E-03
 978   0.281493E-03  -0.114298E-03   0.696030E-02   0.751514E-02   0.300000E-03
 979   0.249909E-04  -0.561181E-04   0.642403E-02   0.763515E-02   0.250000E-03
 980   0.462565E-03   0.420348E-05   0.818100E-02   0.782942E-02   0.400000E-03
 981   0.270735E-03   0.141440E-03   0.103508E-01   0.757368E-02   0.250000E-03
 982   0.630263E-03   0.269239E-03   0.936747E-02   0.818991E-02   0.450000E-03
 983   0.595310E-03   0.563022E-03   0.121610E-01   0.828524E-02   0.250000E-03
 984   0.220884E-03   0.939583E-04   0.107619E-01   0.800929E-02   0.350000E-03
 985   0.665753E-03   0.708557E-04   0.135767E-01   0.815278E-02   0.200000E-03
 986  -0.663190E-03  -0.649430E-03   0.189675E-01   0.941569E-02   0.300000E-03
 987  -0.516328E-03  -0.363519E-03   0.186564E-01   0.884580E-02   0.350000E-03
 988   0.409106E-04  -0.437980E-03   0.194079E-01   0.886916E-02   0.300000E-03
 989  -0.126869E-04  -0.711186E-03   0.195171E-01   0.940746E-02   0.250000E-03
 990  -0.659363E-03  -0.400288E-03   0.213909E-01   0.829892E-02   0.250000E-03
 991  -0.557735E-04  -0.237891E-03   0.243134E-01   0.804981E-02   0.350000E-03
 992  -0.246915E-03  -0.179961E-04   0.247457E-01   0.756481E-02   0.300000E-03
 993  -0.380824E-03  -0.985495E-04   0.250602E-01   0.677347E-02   0.250000E-03
 994  -0.769734E-03  -0.274995E-04   0.271603E-01   0.713577E-02   0.250000E-03
 995  -0.421051E-03  -0.290205E-04   0.278097E-01   0.712100E-02   0.400000E-03
 996   0.239245E-04  -0.112674E-03   0.304466E-01   0.733271E-02   0.300000E-03
 997  -0.125365E-03   0.303082E-03   0.299144E-01   0.718334E-02   0.250000E-03
 998  -0.107080E-02  -0.340031E-03   0.322053E-01   0.723183E-02   0.350000E-03
 999  -0.565361E-03   0.293075E-03   0.330494E-01   0.735683E-02   0.250000E-03
1000  -0.380659E-03  -0.163211E-03   0.341839E-01   0.716168E-02   0.350000E-03
