   1  -0.800993E-03   0.452557E-03   0.112720E-01   0.848586E-02   0.350000E-03
   2   0.915243E-02   0.539514E-02   0.152421E-03   0.150624E-03   0.150000E-03
   3   0.228119E-02   0.670677E-03   0.454999E-02   0.447075E-03   0.450000E-03
   4   0.142539E-02   0.298010E-02   0.571121E-02   0.555218E-03   0.200000E-03
   5   0.341126E-03   0.248429E-04   0.565702E-02   0.999889E-04   0.100000E-03
   6  -0.159675E-02   0.132832E-02   0.746390E-02   0.249679E-03   0.250000E-03
   7   0.442058E-03   0.506761E-03   0.809615E-02   0.399044E-03   0.400000E-03
   8   0.211655E-02  -0.463837E-03   0.884831E-02   0.347859E-03   0.350000E-03
   9   0.166683E-02  -0.258315E-03   0.929331E-02   0.571436E-03   0.150000E-03
  10   0.224015E-02   0.159814E-02   0.117874E-01   0.295244E-03   0.300000E-03
  11   0.537421E-03  -0.139612E-03   0.130274E-01   0.359754E-03   0.350000E-03
  12   0.125898E-02   0.992518E-04   0.147596E-01   0.195396E-03   0.200000E-03
  13   0.173832E-03  -0.290006E-04   0.169005E-01   0.344787E-03   0.350000E-03
  14  -0.112413E-02  -0.268666E-03   0.175988E-01   0.348727E-03   0.350000E-03
  15   0.158522E-02  -0.886305E-03   0.188179E-01   0.399946E-03   0.400000E-03
  16   0.208904E-02  -0.283580E-03   0.195639E-01   0.347427E-03   0.350000E-03
  17   0.148292E-02  -0.541532E-03   0.204782E-01   0.338189E-03   0.350000E-03
  18   0.877616E-03  -0.118118E-02   0.219278E-01   0.349257E-03   0.350000E-03
  19   0.517008E-03  -0.108815E-02   0.225171E-01   0.241159E-03   0.250000E-03
  20   0.414176E-03  -0.143936E-02   0.230168E-01   0.248985E-03   0.250000E-03
  21  -0.136039E-03  -0.183447E-02   0.244741E-01   0.249619E-03   0.250000E-03
  22  -0.116424E-03  -0.485765E-03   0.257273E-01   0.199917E-03   0.200000E-03
  23   0.964415E-03  -0.124514E-03   0.267433E-01   0.998882E-04   0.100000E-03
  24  -0.780414E-03  -0.348116E-03   0.282158E-01   0.396804E-03   0.400000E-03
  25  -0.791297E-03   0.265329E-03   0.297639E-01   0.399561E-03   0.400000E-03
  26  -0.680516E-03   0.168034E-02   0.305098E-01   0.336173E-03   0.350000E-03
  27   0.608064E-03  -0.773095E-03   0.318504E-01   0.298565E-03   0.300000E-03
  28  -0.223974E-02  -0.131068E-02   0.333242E-01   0.300298E-03   0.300000E-03
  29   0.415744E-03  -0.719546E-03   0.355332E-01   0.444436E-03   0.450000E-03
  30  -0.309930E-03   0.123668E-03   0.373837E-01   0.345672E-03   0.350000E-03
  31  -0.159094E-02  -0.105835E-02   0.379759E-01   0.249780E-03   0.250000E-03
  32  -0.115982E-02  -0.105796E-02   0.401089E-01   0.197331E-03   0.200000E-03
  33  -0.198105E-03  -0.135571E-02   0.409999E-01   0.195030E-03   0.200000E-03
  34  -0.179946E-02  -0.492337E-03   0.446034E-01   0.878826E-03   0.400000E-03
  35  -0.775358E-03   0.250788E-02   0.446515E-01   0.192017E-02   0.350000E-03
  36   0.413873E-03   0.212533E-03   0.863323E-02   0.836150E-02   0.300000E-03
  37  -0.755901E-03  -0.753228E-03   0.247851E-03   0.181133E-02   0.250000E-03
  38   0.200807E-02  -0.879942E-03   0.764693E-03   0.741521E-03   0.300000E-03
  39  -0.150306E-02   0.648342E-03   0.264825E-02   0.399806E-03   0.400000E-03
  40   0.218037E-02   0.307782E-02   0.613816E-02   0.299260E-03   0.300000E-03
  41   0.507738E-03   0.157939E-02   0.683053E-02   0.394297E-03   0.400000E-03
  42  -0.156910E-02   0.167274E-02   0.725354E-02   0.100799E-02   0.350000E-03
  43   0.943203E-03   0.944341E-03   0.855643E-02   0.924635E-03   0.300000E-03
  44   0.183115E-02  -0.429187E-03   0.935993E-02   0.964802E-03   0.250000E-03
  45   0.140015E-02   0.746032E-03   0.993696E-02   0.492358E-03   0.500000E-03
  46  -0.574197E-03   0.121840E-02   0.108317E-01   0.299970E-03   0.300000E-03
  47   0.852652E-03   0.947334E-03   0.152494E-01   0.149956E-03   0.150000E-03
  48  -0.107992E-05  -0.539813E-03   0.157992E-01   0.447837E-03   0.450000E-03
  49   0.375422E-03   0.589457E-04   0.164665E-01   0.883117E-03   0.350000E-03
  50  -0.830697E-03  -0.143966E-02   0.181886E-01   0.246942E-03   0.250000E-03
  51   0.225492E-03   0.808421E-03   0.192877E-01   0.874174E-03   0.250000E-03
  52  -0.190896E-02  -0.328474E-03   0.200190E-01   0.147624E-03   0.150000E-03
  53   0.276515E-03  -0.427200E-03   0.204841E-01   0.100860E-02   0.200000E-03
  54  -0.121680E-04   0.968393E-03   0.211422E-01   0.298832E-03   0.300000E-03
  55   0.301744E-03   0.150348E-03   0.233996E-01   0.999391E-04   0.100000E-03
  56   0.104975E-03  -0.177309E-02   0.238410E-01   0.395703E-03   0.400000E-03
  57  -0.198586E-03  -0.129331E-02   0.245045E-01   0.914146E-03   0.400000E-03
  58   0.720356E-03  -0.163987E-02   0.251072E-01   0.395505E-03   0.400000E-03
  59   0.910052E-03  -0.151687E-03   0.270261E-01   0.199939E-03   0.200000E-03
  60   0.531161E-04  -0.202607E-03   0.275234E-01   0.297880E-03   0.300000E-03
  61  -0.397415E-03   0.320557E-03   0.290728E-01   0.296890E-03   0.300000E-03
  62  -0.343906E-03   0.823290E-03   0.312062E-01   0.346782E-03   0.350000E-03
  63   0.214310E-03   0.298738E-03   0.328397E-01   0.196497E-03   0.200000E-03
  64  -0.551676E-03   0.122706E-03   0.347417E-01   0.344312E-03   0.350000E-03
  65  -0.103750E-02  -0.427089E-03   0.363092E-01   0.618998E-03   0.350000E-03
  66  -0.935881E-03   0.496247E-04   0.364120E-01   0.139644E-03   0.150000E-03
  67  -0.909152E-03  -0.155828E-02   0.391230E-01   0.298829E-03   0.300000E-03
  68   0.190659E-02  -0.420629E-03   0.422926E-01   0.204137E-03   0.200000E-03
  69   0.104866E-03   0.273599E-03   0.438587E-01   0.820184E-03   0.350000E-03
  70  -0.211349E-03  -0.844376E-03   0.424050E-01   0.721411E-02   0.250000E-03
  71  -0.846484E-03  -0.324159E-03   0.447016E-01   0.497933E-02   0.300000E-03
  72  -0.194824E-02   0.445444E-03   0.447504E-01   0.247846E-03   0.250000E-03
  73   0.122663E-03  -0.251147E-03   0.258050E-02   0.796030E-02   0.350000E-03
  74   0.544526E-03   0.809678E-03   0.116152E-02   0.296672E-03   0.300000E-03
  75   0.533917E-03  -0.219671E-03   0.388220E-02   0.248565E-03   0.250000E-03
  76  -0.124116E-02  -0.582062E-03   0.518385E-02   0.924824E-03   0.350000E-03
  77   0.761901E-03   0.123972E-02   0.642078E-02   0.824487E-03   0.200000E-03
  78   0.542182E-03   0.124040E-02   0.661685E-02   0.133752E-02   0.350000E-03
  79  -0.850080E-04   0.807528E-03   0.794083E-02   0.113213E-02   0.350000E-03
  80   0.935741E-03   0.404780E-03   0.903413E-02   0.133759E-02   0.250000E-03
  81   0.123904E-02   0.114728E-02   0.106583E-01   0.930059E-03   0.350000E-03
  82   0.278339E-03  -0.548335E-04   0.132691E-01   0.967923E-03   0.300000E-03
  83  -0.356591E-03   0.192951E-03   0.137238E-01   0.345394E-03   0.350000E-03
  84   0.814498E-03  -0.271367E-04   0.143139E-01   0.244591E-03   0.250000E-03
  85   0.366726E-03  -0.590273E-03   0.153975E-01   0.101742E-02   0.250000E-03
  86   0.296481E-03  -0.136603E-03   0.172441E-01   0.106482E-02   0.450000E-03
  87   0.189152E-02   0.626157E-03   0.188225E-01   0.104939E-02   0.250000E-03
  88   0.148025E-03   0.595177E-03   0.200293E-01   0.800490E-03   0.300000E-03
  89   0.465657E-03   0.999820E-03   0.202772E-01   0.160363E-02   0.400000E-03
  90  -0.440515E-03  -0.639421E-03   0.214583E-01   0.865322E-03   0.350000E-03
  91   0.324687E-03  -0.899497E-03   0.225801E-01   0.728425E-03   0.250000E-03
  92   0.679882E-03  -0.107018E-02   0.231689E-01   0.828230E-03   0.350000E-03
  93   0.120970E-02  -0.831594E-03   0.237932E-01   0.113989E-02   0.350000E-03
  94   0.553003E-03  -0.889007E-03   0.252192E-01   0.113528E-02   0.350000E-03
  95   0.333936E-03  -0.438589E-03   0.273262E-01   0.915105E-03   0.350000E-03
  96  -0.722862E-03  -0.782582E-03   0.280298E-01   0.117289E-02   0.400000E-03
  97  -0.246322E-03  -0.425535E-03   0.294489E-01   0.966956E-03   0.250000E-03
  98  -0.777695E-03  -0.815610E-04   0.302678E-01   0.108374E-02   0.450000E-03
  99  -0.872555E-03  -0.238634E-04   0.323945E-01   0.247133E-03   0.250000E-03
 100   0.345242E-03   0.928441E-03   0.327170E-01   0.623975E-03   0.250000E-03
 101  -0.787353E-03  -0.245037E-04   0.349494E-01   0.106020E-02   0.400000E-03
 102  -0.501039E-03   0.148378E-03   0.367912E-01   0.262061E-03   0.250000E-03
 103  -0.848859E-03  -0.662378E-03   0.376311E-01   0.887658E-03   0.250000E-03
 104  -0.119693E-03  -0.172729E-02   0.385243E-01   0.293072E-03   0.300000E-03
 105   0.244608E-03  -0.151736E-02   0.405542E-01   0.243853E-03   0.250000E-03
 106   0.924863E-03   0.596540E-03   0.431818E-01   0.295768E-03   0.300000E-03
 107  -0.554298E-03  -0.245051E-03   0.440863E-01   0.748684E-02   0.350000E-03
 108  -0.171728E-02  -0.461060E-03   0.349112E-01   0.748336E-02   0.450000E-03
 109  -0.207425E-02  -0.356294E-03   0.238744E-03   0.612509E-03   0.250000E-03
 110   0.143946E-03  -0.271172E-02   0.564865E-03   0.238839E-03   0.250000E-03
 111   0.149503E-02   0.124016E-02   0.185158E-02   0.399106E-03   0.400000E-03
 112  -0.163892E-03   0.160477E-02   0.318384E-02   0.923943E-03   0.350000E-03
 113   0.615633E-03   0.575112E-03   0.590192E-02   0.112054E-02   0.400000E-03
 114  -0.486898E-03   0.765720E-03   0.712136E-02   0.154067E-02   0.200000E-03
 115  -0.259658E-03   0.938670E-03   0.848563E-02   0.156680E-02   0.350000E-03
 116   0.111039E-02   0.364582E-03   0.983469E-02   0.133163E-02   0.350000E-03
 117   0.105746E-02   0.135528E-02   0.113324E-01   0.746011E-03   0.350000E-03
 118   0.129390E-02   0.127464E-03   0.123844E-01   0.290937E-03   0.300000E-03
 119   0.969469E-03  -0.953554E-03   0.142461E-01   0.785130E-03   0.300000E-03
 120   0.424068E-03  -0.872985E-03   0.150633E-01   0.585859E-03   0.300000E-03
 121  -0.949335E-04  -0.695346E-04   0.166819E-01   0.138659E-02   0.200000E-03
 122  -0.959524E-03   0.290036E-03   0.181331E-01   0.942315E-03   0.450000E-03
 123   0.719826E-03   0.139864E-02   0.185698E-01   0.141812E-02   0.200000E-03
 124  -0.360838E-03   0.920174E-03   0.196640E-01   0.127297E-02   0.300000E-03
 125   0.991284E-03  -0.114295E-02   0.208690E-01   0.775431E-03   0.250000E-03
 126   0.929520E-03   0.978665E-03   0.209111E-01   0.131883E-02   0.300000E-03
 127   0.490097E-03  -0.131372E-03   0.227039E-01   0.120694E-02   0.250000E-03
 128   0.830175E-03   0.334622E-03   0.230587E-01   0.162095E-02   0.300000E-03
 129   0.110484E-02   0.102033E-02   0.236020E-01   0.169532E-02   0.250000E-03
 130   0.103600E-02  -0.168665E-02   0.257211E-01   0.722677E-03   0.300000E-03
 131   0.132426E-03  -0.124853E-02   0.263375E-01   0.395098E-03   0.400000E-03
 132  -0.313653E-03  -0.101858E-02   0.275146E-01   0.147830E-02   0.200000E-03
 133   0.162104E-03   0.206764E-03   0.287998E-01   0.938054E-03   0.400000E-03
 134  -0.869936E-03   0.115590E-02   0.311485E-01   0.109120E-02   0.400000E-03
 135   0.121184E-02   0.105320E-02   0.319952E-01   0.103311E-02   0.450000E-03
 136   0.106282E-03  -0.935854E-03   0.340055E-01   0.441207E-03   0.400000E-03
 137  -0.108404E-03   0.802106E-03   0.372299E-01   0.767430E-03   0.100000E-03
 138  -0.141368E-02  -0.439493E-03   0.373934E-01   0.132247E-02   0.250000E-03
 139  -0.140209E-02  -0.535492E-03   0.381660E-01   0.765670E-03   0.300000E-03
 140   0.453020E-04  -0.149703E-02   0.396680E-01   0.264568E-03   0.250000E-03
 141   0.278810E-03   0.198240E-04   0.414469E-01   0.247043E-03   0.250000E-03
 142   0.147217E-02  -0.350902E-03   0.418931E-01   0.197339E-03   0.200000E-03
 143  -0.725492E-03  -0.662948E-03   0.438994E-01   0.631943E-02   0.250000E-03
 144  -0.101964E-02  -0.277847E-04   0.295251E-01   0.758071E-02   0.300000E-03
 145  -0.445025E-03  -0.415867E-03   0.295129E-03   0.335117E-02   0.300000E-03
 146   0.564086E-03  -0.742160E-04   0.650262E-03   0.137466E-02   0.350000E-03
 147  -0.955877E-03   0.191290E-02   0.403720E-02   0.845929E-03   0.200000E-03
 148  -0.197050E-02   0.135960E-02   0.529040E-02   0.291537E-03   0.300000E-03
 149   0.221614E-03   0.785601E-03   0.609015E-02   0.194559E-02   0.450000E-03
 150  -0.988178E-03   0.544755E-03   0.751431E-02   0.148606E-02   0.200000E-03
 151   0.158432E-02   0.101710E-02   0.937975E-02   0.162181E-02   0.200000E-03
 152   0.126820E-02   0.700287E-03   0.103751E-01   0.139798E-02   0.200000E-03
 153   0.134847E-02   0.156364E-03   0.111403E-01   0.136412E-02   0.300000E-03
 154   0.161499E-03  -0.149367E-03   0.125725E-01   0.955674E-03   0.400000E-03
 155   0.280923E-03  -0.472166E-03   0.137580E-01   0.884744E-03   0.200000E-03
 156   0.786647E-03  -0.882696E-03   0.147853E-01   0.122761E-02   0.400000E-03
 157  -0.107380E-03  -0.262869E-03   0.159230E-01   0.139403E-02   0.400000E-03
 158   0.231683E-03  -0.549103E-03   0.173627E-01   0.185092E-02   0.350000E-03
 159   0.127588E-02  -0.171541E-02   0.177587E-01   0.147125E-02   0.200000E-03
 160   0.432934E-03   0.364922E-03   0.181791E-01   0.164059E-02   0.250000E-03
 161  -0.140475E-03   0.155270E-03   0.195821E-01   0.181256E-02   0.250000E-03
 162   0.538264E-03   0.490231E-04   0.209228E-01   0.181554E-02   0.200000E-03
 163  -0.117786E-02  -0.298250E-03   0.221140E-01   0.110003E-02   0.350000E-03
 164  -0.160885E-02   0.184172E-03   0.227268E-01   0.217518E-02   0.300000E-03
 165   0.201750E-03  -0.515336E-03   0.248154E-01   0.157878E-02   0.250000E-03
 166   0.137668E-02  -0.441906E-03   0.256231E-01   0.157052E-02   0.250000E-03
 167   0.119857E-03  -0.486865E-03   0.266109E-01   0.113766E-02   0.400000E-03
 168  -0.198200E-03  -0.535559E-03   0.285642E-01   0.154063E-02   0.250000E-03
 169  -0.795225E-03  -0.620730E-03   0.301796E-01   0.172157E-02   0.200000E-03
 170  -0.107212E-03  -0.705667E-03   0.307733E-01   0.179349E-02   0.400000E-03
 171  -0.202198E-02   0.170980E-02   0.334888E-01   0.907237E-03   0.300000E-03
 172  -0.404645E-03  -0.449228E-03   0.341681E-01   0.122424E-02   0.400000E-03
 173  -0.271529E-03   0.534588E-04   0.356368E-01   0.118328E-02   0.300000E-03
 174  -0.116464E-02  -0.213503E-03   0.368693E-01   0.103490E-02   0.350000E-03
 175  -0.912052E-03  -0.635674E-03   0.390167E-01   0.888269E-03   0.300000E-03
 176  -0.974159E-03  -0.177416E-03   0.400804E-01   0.990056E-03   0.200000E-03
 177   0.150186E-04  -0.150048E-02   0.405981E-01   0.784848E-03   0.300000E-03
 178  -0.200006E-02  -0.928441E-05   0.443949E-01   0.143677E-02   0.200000E-03
 179   0.592475E-03   0.580556E-03   0.426923E-01   0.195490E-03   0.200000E-03
 180  -0.108102E-02  -0.776912E-03   0.400314E-01   0.753087E-02   0.300000E-03
 181  -0.197785E-02  -0.143116E-02   0.199584E-03   0.106048E-02   0.200000E-03
 182   0.998346E-04  -0.564979E-03   0.136585E-02   0.217104E-02   0.200000E-03
 183  -0.188189E-04   0.357610E-03   0.333756E-02   0.295896E-03   0.300000E-03
 184  -0.739116E-03   0.693038E-03   0.531274E-02   0.160728E-02   0.350000E-03
 185   0.521168E-03   0.652960E-03   0.624053E-02   0.262579E-02   0.250000E-03
 186   0.352913E-03   0.689524E-03   0.678139E-02   0.186124E-02   0.200000E-03
 187  -0.805450E-03   0.131784E-02   0.788895E-02   0.180626E-02   0.300000E-03
 188   0.342744E-03  -0.642627E-03   0.961369E-02   0.200566E-02   0.250000E-03
 189   0.107710E-02   0.226491E-03   0.116721E-01   0.124415E-02   0.250000E-03
 190   0.107524E-02  -0.201854E-04   0.119380E-01   0.822454E-03   0.250000E-03
 191   0.320083E-03   0.191714E-03   0.139790E-01   0.126520E-02   0.250000E-03
 192   0.651175E-03  -0.685888E-03   0.142747E-01   0.183818E-02   0.400000E-03
 193   0.127106E-02  -0.126069E-02   0.152969E-01   0.170538E-02   0.300000E-03
 194   0.106380E-03  -0.264126E-03   0.164925E-01   0.195239E-02   0.400000E-03
 195   0.420213E-03   0.413956E-03   0.179216E-01   0.206913E-02   0.250000E-03
 196   0.735526E-03   0.151760E-04   0.191175E-01   0.151296E-02   0.300000E-03
 197   0.220903E-03   0.704979E-03   0.199564E-01   0.228039E-02   0.350000E-03
 198   0.309038E-03   0.628724E-03   0.206397E-01   0.222459E-02   0.300000E-03
 199  -0.245733E-03   0.603828E-03   0.214731E-01   0.151342E-02   0.300000E-03
 200  -0.833247E-03   0.383959E-03   0.222285E-01   0.215616E-02   0.200000E-03
 201   0.515970E-04  -0.525766E-03   0.242662E-01   0.158512E-02   0.300000E-03
 202   0.162501E-02  -0.674139E-03   0.259674E-01   0.121349E-02   0.250000E-03
 203   0.382284E-04   0.105748E-03   0.265335E-01   0.182803E-02   0.300000E-03
 204   0.471025E-03   0.252944E-03   0.270780E-01   0.158507E-02   0.250000E-03
 205  -0.110009E-03  -0.489064E-03   0.295957E-01   0.159934E-02   0.400000E-03
 206   0.642788E-03  -0.221772E-04   0.322186E-01   0.180004E-02   0.350000E-03
 207  -0.133978E-03   0.703323E-03   0.328532E-01   0.130162E-02   0.450000E-03
 208  -0.158248E-02   0.433054E-03   0.335647E-01   0.166429E-02   0.350000E-03
 209  -0.150597E-02  -0.161778E-03   0.362307E-01   0.125942E-02   0.300000E-03
 210  -0.134897E-02   0.130967E-03   0.366406E-01   0.153450E-02   0.200000E-03
 211  -0.119430E-02  -0.850939E-04   0.370574E-01   0.168744E-02   0.250000E-03
 212  -0.110522E-02  -0.187778E-02   0.400620E-01   0.592498E-03   0.200000E-03
 213   0.403381E-03  -0.928027E-03   0.411224E-01   0.622785E-03   0.250000E-03
 214   0.159458E-02  -0.302545E-04   0.420711E-01   0.552832E-03   0.200000E-03
 215  -0.341989E-02   0.275556E-03   0.442272E-01   0.149962E-03   0.150000E-03
 216   0.245457E-03  -0.150214E-03   0.216405E-01   0.890358E-02   0.400000E-03
 217   0.387801E-03   0.251959E-05   0.141366E-01   0.931548E-02   0.350000E-03
 218   0.309997E-03  -0.731156E-03   0.831995E-03   0.204643E-02   0.350000E-03
 219   0.104403E-03   0.277182E-03   0.368645E-02   0.653521E-03   0.200000E-03
 220   0.184793E-03   0.294457E-03   0.453852E-02   0.129561E-02   0.400000E-03
 221  -0.852004E-03   0.994119E-04   0.532234E-02   0.219714E-02   0.250000E-03
 222  -0.243276E-03   0.806153E-03   0.729386E-02   0.206021E-02   0.350000E-03
 223   0.305111E-03   0.144492E-02   0.901356E-02   0.201889E-02   0.350000E-03
 224   0.428048E-03  -0.639110E-03   0.102078E-01   0.192161E-02   0.350000E-03
 225   0.817009E-03   0.351298E-03   0.107094E-01   0.160884E-02   0.200000E-03
 226   0.345591E-03  -0.369744E-03   0.121524E-01   0.150699E-02   0.300000E-03
 227   0.472120E-03  -0.555067E-03   0.129946E-01   0.144318E-02   0.250000E-03
 228   0.318540E-03  -0.113893E-02   0.148522E-01   0.177221E-02   0.150000E-03
 229  -0.386433E-03  -0.459821E-03   0.158504E-01   0.203622E-02   0.250000E-03
 230  -0.350289E-04  -0.710132E-03   0.175402E-01   0.247231E-02   0.300000E-03
 231   0.820118E-03  -0.848868E-04   0.183520E-01   0.228463E-02   0.200000E-03
 232   0.572792E-03  -0.676587E-04   0.186664E-01   0.190364E-02   0.300000E-03
 233   0.189298E-03  -0.458588E-03   0.192092E-01   0.234283E-02   0.400000E-03
 234   0.782623E-03   0.226649E-03   0.213344E-01   0.209692E-02   0.300000E-03
 235  -0.707202E-03   0.127896E-02   0.224140E-01   0.167096E-02   0.300000E-03
 236   0.419027E-03   0.490350E-03   0.233214E-01   0.215607E-02   0.300000E-03
 237  -0.443957E-03   0.284539E-03   0.239703E-01   0.216372E-02   0.350000E-03
 238   0.651840E-03  -0.275285E-03   0.252212E-01   0.177218E-02   0.200000E-03
 239   0.182697E-03   0.339326E-03   0.267036E-01   0.234891E-02   0.250000E-03
 240  -0.799087E-03  -0.670584E-03   0.290094E-01   0.149717E-02   0.200000E-03
 241  -0.441724E-04   0.217020E-03   0.301943E-01   0.226519E-02   0.350000E-03
 242  -0.140226E-02  -0.211566E-03   0.315213E-01   0.174165E-02   0.350000E-03
 243  -0.463136E-03  -0.466790E-03   0.329432E-01   0.224233E-02   0.500000E-03
 244  -0.158284E-02  -0.587794E-03   0.354400E-01   0.198965E-02   0.200000E-03
 245  -0.858281E-03  -0.363093E-03   0.349226E-01   0.180579E-02   0.350000E-03
 246  -0.137149E-02  -0.141608E-03   0.365888E-01   0.213151E-02   0.400000E-03
 247  -0.132599E-02  -0.477400E-03   0.379873E-01   0.138799E-02   0.350000E-03
 248  -0.872542E-04  -0.109524E-02   0.396121E-01   0.811522E-03   0.300000E-03
 249  -0.112422E-02  -0.154629E-02   0.416406E-01   0.798840E-03   0.300000E-03
 250   0.352465E-03   0.721781E-03   0.437290E-01   0.242142E-03   0.250000E-03
 251   0.849051E-03  -0.584406E-03   0.446043E-01   0.297363E-02   0.400000E-03
 252  -0.838533E-03  -0.150005E-02   0.336935E-01   0.774016E-02   0.350000E-03
 253   0.105737E-03  -0.251645E-03   0.214250E-02   0.741436E-02   0.350000E-03
 254   0.175444E-02   0.421165E-03   0.136870E-02   0.968726E-03   0.350000E-03
 255   0.104495E-02   0.209105E-02   0.224895E-02   0.975447E-03   0.300000E-03
 256   0.187193E-03   0.174602E-03   0.476538E-02   0.195729E-02   0.300000E-03
 257   0.444494E-03   0.464704E-03   0.671682E-02   0.235648E-02   0.300000E-03
 258  -0.212187E-03   0.164817E-02   0.835669E-02   0.225334E-02   0.350000E-03
 259   0.114455E-03   0.272378E-04   0.906560E-02   0.281284E-02   0.450000E-03
 260   0.306617E-03  -0.255465E-03   0.988428E-02   0.259649E-02   0.400000E-03
 261   0.407864E-03  -0.239445E-03   0.116360E-01   0.180092E-02   0.300000E-03
 262   0.333823E-03  -0.295422E-03   0.121795E-01   0.215546E-02   0.350000E-03
 263   0.740180E-03  -0.474584E-03   0.135436E-01   0.167706E-02   0.350000E-03
 264   0.625055E-03  -0.632510E-03   0.148535E-01   0.222084E-02   0.300000E-03
 265   0.383926E-03   0.506010E-03   0.166111E-01   0.254029E-02   0.200000E-03
 266  -0.857032E-04  -0.364825E-03   0.170109E-01   0.233315E-02   0.250000E-03
 267  -0.560780E-03  -0.814815E-03   0.171191E-01   0.281822E-02   0.250000E-03
 268   0.256247E-03  -0.663671E-03   0.186321E-01   0.263522E-02   0.250000E-03
 269   0.446236E-05  -0.107035E-03   0.190842E-01   0.298047E-02   0.250000E-03
 270   0.541087E-03  -0.320791E-03   0.196807E-01   0.292169E-02   0.350000E-03
 271   0.464735E-04   0.894846E-03   0.218980E-01   0.185333E-02   0.250000E-03
 272  -0.574609E-03  -0.657544E-03   0.223326E-01   0.274518E-02   0.400000E-03
 273   0.259797E-03  -0.155755E-03   0.235625E-01   0.279976E-02   0.400000E-03
 274   0.137400E-02  -0.435531E-03   0.257655E-01   0.204161E-02   0.250000E-03
 275   0.122697E-03  -0.457914E-03   0.262096E-01   0.226893E-02   0.250000E-03
 276  -0.230840E-03  -0.404237E-03   0.274584E-01   0.197437E-02   0.300000E-03
 277  -0.187935E-03   0.432458E-04   0.294228E-01   0.217183E-02   0.200000E-03
 278   0.401225E-03   0.277689E-03   0.318439E-01   0.239018E-02   0.350000E-03
 279  -0.854094E-03  -0.281751E-03   0.323541E-01   0.269923E-02   0.250000E-03
 280  -0.260653E-03  -0.381901E-03   0.342838E-01   0.191419E-02   0.300000E-03
 281  -0.131690E-02  -0.127993E-02   0.358679E-01   0.173252E-02   0.300000E-03
 282  -0.842334E-03  -0.482157E-04   0.375390E-01   0.179814E-02   0.250000E-03
 283  -0.117144E-02  -0.485214E-03   0.384928E-01   0.161246E-02   0.200000E-03
 284  -0.113619E-02  -0.563438E-03   0.385424E-01   0.116545E-02   0.250000E-03
 285   0.380504E-03  -0.721066E-03   0.410877E-01   0.121613E-02   0.350000E-03
 286   0.829145E-03   0.900978E-04   0.432156E-01   0.890497E-03   0.300000E-03
 287   0.234863E-03   0.217706E-03   0.428396E-01   0.121525E-02   0.200000E-03
 288   0.185251E-05   0.230951E-03   0.592148E-02   0.796951E-02   0.350000E-03
 289  -0.492553E-03  -0.992471E-03   0.245836E-03   0.230900E-02   0.250000E-03
 290   0.225645E-03  -0.500012E-03   0.183468E-02   0.140942E-02   0.300000E-03
 291   0.886166E-03   0.374381E-03   0.248812E-02   0.163633E-02   0.400000E-03
 292  -0.246329E-03   0.609383E-03   0.311759E-02   0.151822E-02   0.250000E-03
 293  -0.926068E-04   0.683226E-03   0.569865E-02   0.258689E-02   0.300000E-03
 294   0.211580E-03   0.471469E-04   0.823551E-02   0.298633E-02   0.400000E-03
 295   0.383063E-03   0.197776E-03   0.969344E-02   0.338076E-02   0.400000E-03
 296   0.105328E-02  -0.595809E-03   0.111003E-01   0.190965E-02   0.250000E-03
 297   0.702222E-03  -0.713135E-03   0.107047E-01   0.195430E-02   0.150000E-03
 298   0.872570E-04  -0.459397E-03   0.126165E-01   0.168548E-02   0.200000E-03
 299   0.134650E-03  -0.424805E-03   0.138612E-01   0.233421E-02   0.250000E-03
 300   0.885638E-04  -0.138733E-02   0.149061E-01   0.271399E-02   0.200000E-03
 301  -0.217252E-03  -0.604666E-03   0.154247E-01   0.237141E-02   0.300000E-03
 302  -0.331421E-03  -0.154797E-03   0.170520E-01   0.335956E-02   0.300000E-03
 303   0.954476E-03  -0.660434E-03   0.180310E-01   0.251275E-02   0.200000E-03
 304   0.707089E-03  -0.952193E-03   0.182219E-01   0.291736E-02   0.250000E-03
 305   0.775476E-03  -0.591396E-03   0.193808E-01   0.331924E-02   0.150000E-03
 306   0.175463E-03   0.613473E-03   0.203972E-01   0.282215E-02   0.350000E-03
 307   0.249930E-03  -0.199668E-03   0.218213E-01   0.234643E-02   0.250000E-03
 308  -0.188678E-03  -0.940184E-04   0.227402E-01   0.336924E-02   0.350000E-03
 309  -0.443070E-03   0.195105E-03   0.245371E-01   0.264650E-02   0.400000E-03
 310   0.215319E-03   0.161671E-02   0.251224E-01   0.226213E-02   0.300000E-03
 311  -0.233515E-03   0.132151E-03   0.272540E-01   0.258509E-02   0.350000E-03
 312  -0.791582E-03  -0.295438E-03   0.281035E-01   0.191803E-02   0.350000E-03
 313  -0.377723E-03  -0.207593E-04   0.296691E-01   0.254401E-02   0.250000E-03
 314   0.466599E-03  -0.645360E-05   0.312006E-01   0.234511E-02   0.300000E-03
 315  -0.824312E-03  -0.134344E-03   0.334308E-01   0.287166E-02   0.300000E-03
 316  -0.686493E-03  -0.116089E-03   0.337872E-01   0.233175E-02   0.350000E-03
 317  -0.816231E-03  -0.323072E-03   0.350605E-01   0.254008E-02   0.400000E-03
 318  -0.119611E-02  -0.812813E-04   0.358486E-01   0.242712E-02   0.400000E-03
 319  -0.921508E-03  -0.388302E-03   0.389616E-01   0.143487E-02   0.250000E-03
 320  -0.696336E-03  -0.516847E-03   0.398242E-01   0.141773E-02   0.300000E-03
 321  -0.817441E-03   0.208217E-03   0.404227E-01   0.135086E-02   0.300000E-03
 322   0.620851E-03  -0.136289E-04   0.425865E-01   0.730892E-03   0.350000E-03
 323   0.791622E-03  -0.786310E-03   0.439607E-01   0.211035E-02   0.350000E-03
 324  -0.920563E-03  -0.699629E-03   0.396133E-01   0.717379E-02   0.250000E-03
 325  -0.121546E-03  -0.168094E-03   0.152605E-02   0.761971E-02   0.300000E-03
 326   0.526361E-03  -0.170582E-02   0.122403E-02   0.155090E-02   0.250000E-03
 327   0.427034E-03   0.561050E-03   0.199275E-02   0.219783E-02   0.350000E-03
 328   0.626060E-03   0.127193E-03   0.379009E-02   0.167340E-02   0.450000E-03
 329   0.116110E-03   0.897274E-04   0.659791E-02   0.315634E-02   0.400000E-03
 330  -0.238373E-03   0.497184E-04   0.723035E-02   0.275434E-02   0.350000E-03
 331  -0.125577E-04   0.238414E-03   0.777859E-02   0.241328E-02   0.250000E-03
 332   0.983450E-03   0.141235E-03   0.108055E-01   0.254056E-02   0.450000E-03
 333   0.312356E-03  -0.189498E-04   0.115402E-01   0.239230E-02   0.300000E-03
 334   0.790587E-03  -0.327347E-03   0.129842E-01   0.194084E-02   0.250000E-03
 335   0.781611E-03  -0.233342E-03   0.133725E-01   0.225142E-02   0.250000E-03
 336   0.548831E-03  -0.161127E-03   0.143609E-01   0.256341E-02   0.300000E-03
 337   0.186560E-03   0.238407E-03   0.160903E-01   0.252904E-02   0.300000E-03
 338  -0.143025E-03  -0.102260E-03   0.166685E-01   0.374303E-02   0.250000E-03
 339  -0.110881E-02   0.681474E-03   0.176543E-01   0.311210E-02   0.350000E-03
 340   0.728758E-03  -0.613890E-03   0.189840E-01   0.352778E-02   0.300000E-03
 341   0.540895E-03   0.301781E-04   0.201145E-01   0.340204E-02   0.300000E-03
 342  -0.290414E-03   0.183700E-03   0.206082E-01   0.332895E-02   0.200000E-03
 343   0.432346E-03  -0.697869E-03   0.216435E-01   0.286556E-02   0.300000E-03
 344   0.694324E-03   0.229459E-03   0.238576E-01   0.336487E-02   0.250000E-03
 345   0.470835E-03   0.887002E-03   0.251379E-01   0.300089E-02   0.300000E-03
 346   0.949616E-03   0.429546E-03   0.256631E-01   0.262937E-02   0.350000E-03
 347   0.228713E-03   0.178302E-03   0.263606E-01   0.289947E-02   0.400000E-03
 348  -0.861916E-03  -0.412612E-03   0.289582E-01   0.199177E-02   0.300000E-03
 349  -0.371784E-03   0.177044E-03   0.300801E-01   0.284863E-02   0.250000E-03
 350  -0.128812E-02   0.141851E-03   0.320676E-01   0.316530E-02   0.300000E-03
 351  -0.745009E-03  -0.188497E-03   0.328166E-01   0.307973E-02   0.350000E-03
 352  -0.135666E-02   0.907355E-04   0.344965E-01   0.309894E-02   0.400000E-03
 353  -0.105747E-02   0.682147E-04   0.358882E-01   0.302039E-02   0.200000E-03
 354  -0.121205E-02   0.172142E-03   0.372352E-01   0.219489E-02   0.250000E-03
 355  -0.135982E-02  -0.223119E-03   0.380321E-01   0.203322E-02   0.300000E-03
 356  -0.915902E-03  -0.506655E-03   0.393702E-01   0.162053E-02   0.200000E-03
 357  -0.421815E-03  -0.222291E-03   0.408136E-01   0.179958E-02   0.300000E-03
 358  -0.127310E-02  -0.915958E-03   0.416717E-01   0.134381E-02   0.250000E-03
 359  -0.598541E-03  -0.442252E-03   0.442631E-01   0.531059E-02   0.250000E-03
 360  -0.253677E-03   0.572208E-03   0.448000E-01   0.418028E-02   0.200000E-03
 361   0.120037E-04  -0.392664E-03   0.687027E-03   0.277854E-02   0.400000E-03
 362   0.175804E-03  -0.149794E-03   0.148471E-02   0.275533E-02   0.400000E-03
 363  -0.111961E-03   0.506125E-03   0.310367E-02   0.201794E-02   0.250000E-03
 364   0.549678E-04  -0.494512E-03   0.490497E-02   0.254736E-02   0.300000E-03
 365  -0.676398E-04   0.164343E-03   0.589921E-02   0.314840E-02   0.300000E-03
 366   0.142782E-03  -0.161822E-03   0.616753E-02   0.370431E-02   0.300000E-03
 367   0.251387E-03  -0.274089E-04   0.871031E-02   0.335236E-02   0.200000E-03
 368   0.792727E-03   0.755908E-04   0.103417E-01   0.312292E-02   0.300000E-03
 369   0.711386E-04  -0.448490E-03   0.118623E-01   0.295601E-02   0.350000E-03
 370   0.713737E-03  -0.142333E-03   0.128052E-01   0.256343E-02   0.400000E-03
 371   0.189383E-03  -0.233373E-03   0.137343E-01   0.286553E-02   0.300000E-03
 372   0.458918E-03  -0.243194E-03   0.150325E-01   0.329642E-02   0.400000E-03
 373   0.171672E-03   0.310519E-03   0.156394E-01   0.292476E-02   0.300000E-03
 374   0.605752E-04   0.215403E-03   0.163803E-01   0.316406E-02   0.400000E-03
 375  -0.218366E-03  -0.239168E-03   0.175260E-01   0.393489E-02   0.450000E-03
 376   0.220182E-03  -0.187909E-03   0.186470E-01   0.308371E-02   0.200000E-03
 377   0.938254E-03  -0.339511E-03   0.195848E-01   0.377457E-02   0.350000E-03
 378   0.343372E-03   0.114960E-02   0.210747E-01   0.263766E-02   0.300000E-03
 379  -0.620366E-03   0.272084E-03   0.211558E-01   0.329370E-02   0.350000E-03
 380  -0.922173E-03  -0.177614E-03   0.219953E-01   0.341187E-02   0.350000E-03
 381  -0.409346E-03  -0.754525E-05   0.244514E-01   0.338971E-02   0.350000E-03
 382  -0.310248E-03  -0.617013E-03   0.267301E-01   0.348616E-02   0.300000E-03
 383  -0.329698E-03   0.337049E-03   0.278398E-01   0.245666E-02   0.250000E-03
 384  -0.884877E-03  -0.403925E-03   0.285300E-01   0.240333E-02   0.300000E-03
 385  -0.363561E-03   0.782710E-03   0.291198E-01   0.256939E-02   0.300000E-03
 386  -0.131542E-04   0.200442E-03   0.306996E-01   0.266861E-02   0.300000E-03
 387  -0.122222E-02   0.242402E-03   0.324646E-01   0.367590E-02   0.350000E-03
 388  -0.144974E-02   0.396205E-03   0.354199E-01   0.345806E-02   0.450000E-03
 389  -0.136308E-02  -0.726006E-03   0.360650E-01   0.337670E-02   0.200000E-03
 390  -0.133327E-02  -0.128773E-03   0.364778E-01   0.292013E-02   0.400000E-03
 391  -0.172663E-02  -0.170579E-03   0.376809E-01   0.251593E-02   0.300000E-03
 392  -0.915231E-03  -0.247798E-03   0.390437E-01   0.192741E-02   0.250000E-03
 393  -0.582063E-03   0.111698E-03   0.396132E-01   0.211284E-02   0.350000E-03
 394   0.180146E-03  -0.123945E-02   0.422152E-01   0.126389E-02   0.300000E-03
 395   0.553428E-03  -0.292139E-03   0.438988E-01   0.146618E-02   0.300000E-03
 396   0.977300E-03  -0.766998E-03   0.444141E-01   0.241260E-02   0.200000E-03
 397   0.499646E-04  -0.123819E-03   0.972643E-03   0.352239E-02   0.400000E-03
 398   0.548707E-03  -0.462535E-03   0.264323E-02   0.231856E-02   0.300000E-03
 399   0.659270E-03  -0.345015E-03   0.352768E-02   0.236894E-02   0.300000E-03
 400   0.414231E-03  -0.428955E-03   0.422498E-02   0.240145E-02   0.400000E-03
 401   0.768730E-04  -0.767160E-04   0.573979E-02   0.396120E-02   0.200000E-03
 402   0.718583E-04  -0.195388E-03   0.727875E-02   0.344991E-02   0.350000E-03
 403   0.120836E-03   0.432801E-04   0.852642E-02   0.375886E-02   0.250000E-03
 404   0.676600E-04   0.664343E-04   0.907106E-02   0.369793E-02   0.300000E-03
 405   0.460450E-03  -0.244574E-03   0.119673E-01   0.351779E-02   0.200000E-03
 406   0.796026E-03  -0.337927E-03   0.125253E-01   0.330585E-02   0.400000E-03
 407   0.296428E-03  -0.276823E-03   0.132029E-01   0.313818E-02   0.300000E-03
 408   0.123171E-03  -0.276244E-03   0.142360E-01   0.335167E-02   0.400000E-03
 409   0.358883E-04  -0.739067E-03   0.157309E-01   0.356194E-02   0.350000E-03
 410   0.476657E-03  -0.270800E-03   0.161949E-01   0.401138E-02   0.300000E-03
 411  -0.100846E-03  -0.208416E-03   0.167274E-01   0.428499E-02   0.300000E-03
 412   0.743001E-03  -0.597990E-03   0.182870E-01   0.356138E-02   0.400000E-03
 413   0.544896E-03  -0.250980E-03   0.202660E-01   0.397887E-02   0.300000E-03
 414  -0.403889E-03  -0.430972E-04   0.207662E-01   0.374953E-02   0.250000E-03
 415  -0.429372E-03  -0.866254E-03   0.208240E-01   0.439654E-02   0.400000E-03
 416  -0.547902E-03   0.389472E-03   0.224071E-01   0.403747E-02   0.400000E-03
 417   0.214583E-03   0.156160E-03   0.233539E-01   0.357299E-02   0.300000E-03
 418   0.183310E-03   0.375132E-03   0.250969E-01   0.364603E-02   0.350000E-03
 419  -0.717608E-03  -0.464376E-03   0.277545E-01   0.307044E-02   0.350000E-03
 420  -0.879555E-03  -0.216494E-03   0.283260E-01   0.290604E-02   0.250000E-03
 421  -0.555195E-03   0.426521E-05   0.295547E-01   0.312740E-02   0.350000E-03
 422   0.233239E-03   0.329458E-03   0.313236E-01   0.308376E-02   0.450000E-03
 423  -0.877486E-03  -0.149536E-03   0.338110E-01   0.339200E-02   0.350000E-03
 424  -0.131862E-02   0.176287E-03   0.347342E-01   0.375441E-02   0.300000E-03
 425  -0.157857E-02  -0.365248E-03   0.369896E-01   0.339373E-02   0.300000E-03
 426  -0.158085E-02  -0.173856E-03   0.371694E-01   0.282209E-02   0.300000E-03
 427  -0.139040E-02   0.155020E-03   0.380339E-01   0.312432E-02   0.300000E-03
 428  -0.612743E-03  -0.304797E-03   0.385755E-01   0.209694E-02   0.250000E-03
 429  -0.566830E-03  -0.653815E-04   0.402275E-01   0.191279E-02   0.300000E-03
 430  -0.943613E-03  -0.468083E-03   0.419358E-01   0.187725E-02   0.350000E-03
 431   0.538189E-03  -0.479325E-03   0.426770E-01   0.178920E-02   0.400000E-03
 432   0.450436E-03  -0.320473E-03   0.433018E-01   0.147956E-02   0.300000E-03
 433   0.133201E-03  -0.156294E-03   0.348002E-03   0.399660E-02   0.350000E-03
 434  -0.256217E-03  -0.181101E-04   0.158015E-02   0.183535E-02   0.200000E-03
 435   0.169836E-03   0.200507E-03   0.315452E-02   0.289254E-02   0.350000E-03
 436   0.636429E-03   0.770436E-04   0.528342E-02   0.294270E-02   0.250000E-03
 437   0.976823E-05   0.210435E-03   0.564592E-02   0.357549E-02   0.200000E-03
 438  -0.826392E-05  -0.747498E-04   0.675585E-02   0.383464E-02   0.300000E-03
 439   0.198257E-03  -0.995989E-04   0.793564E-02   0.366914E-02   0.350000E-03
 440   0.410275E-03   0.181410E-03   0.108804E-01   0.377388E-02   0.200000E-03
 441   0.415461E-03   0.892578E-05   0.109199E-01   0.327830E-02   0.300000E-03
 442   0.140786E-03   0.669099E-04   0.130864E-01   0.372530E-02   0.300000E-03
 443  -0.255910E-03  -0.493679E-03   0.136063E-01   0.351164E-02   0.250000E-03
 444   0.185972E-03  -0.977512E-03   0.152236E-01   0.396671E-02   0.300000E-03
 445   0.463762E-03  -0.343820E-03   0.156844E-01   0.448725E-02   0.400000E-03
 446   0.554017E-03  -0.440817E-03   0.162801E-01   0.449955E-02   0.200000E-03
 447  -0.654914E-04  -0.448258E-03   0.172220E-01   0.461766E-02   0.300000E-03
 448   0.797387E-03   0.245748E-03   0.183173E-01   0.445796E-02   0.500000E-03
 449   0.650769E-03   0.200338E-03   0.192110E-01   0.442191E-02   0.400000E-03
 450   0.230087E-03   0.227532E-03   0.199048E-01   0.445462E-02   0.300000E-03
 451  -0.269280E-03  -0.860984E-03   0.214946E-01   0.396373E-02   0.400000E-03
 452   0.240460E-03  -0.382530E-03   0.219055E-01   0.458936E-02   0.350000E-03
 453   0.598652E-03   0.678027E-04   0.240081E-01   0.394059E-02   0.350000E-03
 454   0.275611E-03   0.352850E-03   0.257193E-01   0.332664E-02   0.350000E-03
 455  -0.325443E-03  -0.114744E-03   0.269447E-01   0.303708E-02   0.200000E-03
 456  -0.242818E-03  -0.751531E-04   0.288599E-01   0.317120E-02   0.350000E-03
 457  -0.322279E-03   0.838979E-03   0.304783E-01   0.322215E-02   0.300000E-03
 458  -0.366433E-03   0.495849E-03   0.306962E-01   0.382420E-02   0.350000E-03
 459  -0.182621E-02   0.199227E-03   0.317721E-01   0.374984E-02   0.350000E-03
 460  -0.866223E-03   0.194611E-03   0.341951E-01   0.385161E-02   0.250000E-03
 461  -0.117790E-02  -0.582195E-03   0.364700E-01   0.356861E-02   0.250000E-03
 462  -0.401870E-03  -0.487301E-03   0.376525E-01   0.427760E-02   0.300000E-03
 463  -0.128885E-02  -0.152551E-03   0.382756E-01   0.257806E-02   0.300000E-03
 464  -0.165953E-03  -0.695392E-04   0.390165E-01   0.263598E-02   0.450000E-03
 465  -0.354609E-03   0.817871E-03   0.407059E-01   0.238552E-02   0.300000E-03
 466  -0.144467E-02   0.285702E-03   0.411691E-01   0.256976E-02   0.200000E-03
 467   0.613218E-03  -0.439181E-03   0.435644E-01   0.255768E-02   0.250000E-03
 468  -0.614757E-03   0.185069E-03   0.435804E-01   0.383249E-02   0.350000E-03
 469   0.389750E-03   0.530202E-04   0.105452E-02   0.436618E-02   0.450000E-03
 470   0.191078E-03  -0.181012E-03   0.218090E-02   0.281871E-02   0.300000E-03
 471   0.829898E-04   0.164575E-03   0.386934E-02   0.311589E-02   0.400000E-03
 472   0.230588E-03   0.135297E-03   0.456459E-02   0.303970E-02   0.300000E-03
 473   0.429123E-03   0.277160E-03   0.504836E-02   0.354464E-02   0.400000E-03
 474   0.304395E-03  -0.925594E-04   0.745000E-02   0.401833E-02   0.250000E-03
 475   0.607922E-04  -0.395838E-03   0.810005E-02   0.434799E-02   0.350000E-03
 476   0.412879E-03   0.416937E-03   0.954683E-02   0.406141E-02   0.300000E-03
 477  -0.198011E-03  -0.441933E-03   0.113127E-01   0.294607E-02   0.200000E-03
 478   0.669746E-03  -0.524338E-04   0.122421E-01   0.399346E-02   0.350000E-03
 479   0.139033E-03  -0.903408E-03   0.141973E-01   0.399821E-02   0.250000E-03
 480   0.911229E-03  -0.117596E-02   0.146700E-01   0.383559E-02   0.250000E-03
 481  -0.505110E-03  -0.558144E-03   0.148038E-01   0.431874E-02   0.250000E-03
 482   0.489611E-03  -0.204151E-03   0.162716E-01   0.509352E-02   0.400000E-03
 483   0.530127E-06  -0.741653E-03   0.169685E-01   0.516109E-02   0.300000E-03
 484   0.727797E-03   0.193295E-03   0.185962E-01   0.520443E-02   0.300000E-03
 485   0.698378E-03   0.232047E-03   0.195943E-01   0.506513E-02   0.350000E-03
 486   0.157043E-03   0.112107E-03   0.202521E-01   0.494110E-02   0.300000E-03
 487   0.127734E-04  -0.294785E-03   0.213147E-01   0.495983E-02   0.350000E-03
 488   0.288474E-03  -0.277102E-03   0.218356E-01   0.513393E-02   0.200000E-03
 489   0.274125E-03   0.880986E-04   0.246054E-01   0.398536E-02   0.250000E-03
 490  -0.688213E-03  -0.755751E-03   0.272644E-01   0.339839E-02   0.250000E-03
 491  -0.605398E-03   0.174559E-03   0.282775E-01   0.345562E-02   0.300000E-03
 492  -0.642986E-03   0.287147E-04   0.292577E-01   0.380555E-02   0.400000E-03
 493  -0.437567E-04   0.696860E-04   0.300072E-01   0.359361E-02   0.300000E-03
 494   0.319462E-03   0.409271E-03   0.312291E-01   0.372461E-02   0.200000E-03
 495  -0.132007E-02   0.991074E-04   0.328835E-01   0.402721E-02   0.200000E-03
 496  -0.141118E-02  -0.248973E-03   0.359436E-01   0.419553E-02   0.350000E-03
 497  -0.135468E-02  -0.555519E-03   0.361025E-01   0.372315E-02   0.150000E-03
 498  -0.482850E-03  -0.560667E-03   0.373644E-01   0.380979E-02   0.250000E-03
 499  -0.496472E-03  -0.394368E-03   0.375333E-01   0.334106E-02   0.250000E-03
 500  -0.763438E-04   0.341344E-03   0.393976E-01   0.309903E-02   0.150000E-03
 501  -0.591597E-03   0.822336E-03   0.401616E-01   0.245723E-02   0.250000E-03
 502  -0.108406E-02  -0.565077E-03   0.413283E-01   0.210041E-02   0.300000E-03
 503   0.431557E-03  -0.540384E-03   0.429691E-01   0.262729E-02   0.350000E-03
 504   0.533378E-03  -0.782132E-03   0.433125E-01   0.207605E-02   0.300000E-03
 505   0.455982E-03   0.340544E-04   0.165087E-02   0.383426E-02   0.350000E-03
 506   0.459700E-03   0.119708E-03   0.186766E-02   0.327573E-02   0.250000E-03
 507   0.276591E-03   0.114799E-03   0.332449E-02   0.346884E-02   0.250000E-03
 508   0.782680E-04   0.239694E-03   0.435467E-02   0.361810E-02   0.300000E-03
 509   0.160744E-03  -0.127413E-03   0.608544E-02   0.424784E-02   0.250000E-03
 510   0.282209E-03  -0.378202E-03   0.748852E-02   0.455922E-02   0.300000E-03
 511   0.289439E-03   0.186157E-03   0.877108E-02   0.424966E-02   0.300000E-03
 512   0.417509E-03   0.277968E-03   0.103330E-01   0.376910E-02   0.350000E-03
 513  -0.384699E-04  -0.184424E-03   0.114711E-01   0.350426E-02   0.300000E-03
 514   0.332533E-03  -0.296813E-03   0.128752E-01   0.439201E-02   0.400000E-03
 515  -0.886927E-03  -0.699687E-03   0.136083E-01   0.411222E-02   0.350000E-03
 516   0.137888E-03  -0.836283E-03   0.142739E-01   0.459108E-02   0.350000E-03
 517  -0.115928E-02  -0.908734E-03   0.151373E-01   0.453892E-02   0.150000E-03
 518   0.494244E-03  -0.289972E-03   0.154886E-01   0.525666E-02   0.400000E-03
 519   0.814297E-03   0.350556E-03   0.177041E-01   0.504175E-02   0.350000E-03
 520   0.710313E-03   0.177321E-03   0.191136E-01   0.550221E-02   0.300000E-03
 521   0.237487E-03  -0.295500E-03   0.200949E-01   0.562222E-02   0.400000E-03
 522   0.313235E-03   0.236904E-03   0.206821E-01   0.527997E-02   0.250000E-03
 523   0.331071E-03  -0.470665E-04   0.218148E-01   0.558187E-02   0.250000E-03
 524   0.110452E-03   0.469277E-03   0.231022E-01   0.411399E-02   0.300000E-03
 525  -0.249207E-03  -0.120385E-03   0.251468E-01   0.439262E-02   0.400000E-03
 526  -0.437521E-03   0.472796E-04   0.256110E-01   0.394126E-02   0.250000E-03
 527  -0.387185E-03   0.724866E-04   0.277398E-01   0.372016E-02   0.300000E-03
 528  -0.750248E-03   0.994416E-04   0.291344E-01   0.454484E-02   0.350000E-03
 529  -0.563497E-03   0.262854E-03   0.304769E-01   0.442518E-02   0.300000E-03
 530  -0.167884E-02  -0.622929E-03   0.321565E-01   0.406947E-02   0.150000E-03
 531  -0.340603E-03  -0.745882E-03   0.330429E-01   0.358087E-02   0.200000E-03
 532  -0.145693E-02  -0.159357E-03   0.351993E-01   0.427707E-02   0.400000E-03
 533  -0.144802E-02  -0.912311E-03   0.368393E-01   0.397271E-02   0.300000E-03
 534  -0.453554E-03  -0.413009E-03   0.382346E-01   0.442553E-02   0.300000E-03
 535   0.299109E-03   0.388401E-03   0.379141E-01   0.373746E-02   0.300000E-03
 536  -0.580111E-03   0.618805E-03   0.386874E-01   0.313496E-02   0.150000E-03
 537  -0.496344E-03   0.805209E-03   0.404412E-01   0.274247E-02   0.150000E-03
 538  -0.105618E-02  -0.299319E-03   0.417685E-01   0.250395E-02   0.300000E-03
 539   0.483147E-03  -0.557448E-03   0.423583E-01   0.240735E-02   0.300000E-03
 540  -0.435272E-03  -0.933167E-03   0.439691E-01   0.284388E-02   0.250000E-03
 541   0.164529E-03   0.815341E-04   0.473825E-02   0.852316E-02   0.300000E-03
 542   0.430803E-03   0.142137E-03   0.257645E-02   0.351054E-02   0.500000E-03
 543   0.226493E-03   0.357009E-04   0.375926E-02   0.380556E-02   0.300000E-03
 544   0.204424E-03  -0.206939E-03   0.419429E-02   0.414200E-02   0.250000E-03
 545   0.236362E-03  -0.187395E-03   0.532430E-02   0.413012E-02   0.250000E-03
 546   0.456846E-03  -0.161229E-03   0.858654E-02   0.497581E-02   0.450000E-03
 547   0.633749E-03   0.392772E-03   0.926466E-02   0.458909E-02   0.300000E-03
 548  -0.128918E-03  -0.842899E-03   0.976859E-02   0.450626E-02   0.200000E-03
 549   0.369794E-03  -0.320452E-03   0.110745E-01   0.433841E-02   0.400000E-03
 550  -0.458102E-05  -0.106587E-03   0.116437E-01   0.402555E-02   0.250000E-03
 551  -0.770436E-04  -0.730287E-03   0.135426E-01   0.491053E-02   0.450000E-03
 552   0.102165E-03  -0.470470E-03   0.142462E-01   0.528743E-02   0.350000E-03
 553  -0.339739E-03   0.250318E-04   0.148405E-01   0.481728E-02   0.250000E-03
 554   0.362046E-03  -0.414916E-03   0.150948E-01   0.576749E-02   0.250000E-03
 555   0.409220E-03  -0.398878E-03   0.160223E-01   0.585136E-02   0.400000E-03
 556   0.721714E-03   0.266970E-03   0.181076E-01   0.554830E-02   0.300000E-03
 557   0.638848E-03   0.262780E-03   0.188479E-01   0.483300E-02   0.150000E-03
 558   0.549026E-04   0.109563E-03   0.211797E-01   0.569439E-02   0.400000E-03
 559  -0.623922E-03   0.184508E-03   0.225825E-01   0.466299E-02   0.250000E-03
 560   0.778449E-04   0.236091E-03   0.236761E-01   0.443498E-02   0.250000E-03
 561  -0.587088E-03   0.215390E-03   0.258968E-01   0.446776E-02   0.350000E-03
 562  -0.606249E-03  -0.270923E-03   0.261973E-01   0.383755E-02   0.350000E-03
 563  -0.105317E-02  -0.184283E-03   0.285235E-01   0.411034E-02   0.400000E-03
 564  -0.953765E-03  -0.715483E-03   0.285345E-01   0.480904E-02   0.300000E-03
 565  -0.515367E-03   0.119786E-03   0.298560E-01   0.425095E-02   0.350000E-03
 566  -0.142601E-02  -0.306424E-03   0.312754E-01   0.437628E-02   0.450000E-03
 567  -0.137819E-02  -0.436808E-03   0.332693E-01   0.329151E-02   0.150000E-03
 568  -0.856343E-03   0.104703E-03   0.338506E-01   0.383798E-02   0.100000E-03
 569  -0.128318E-02  -0.275354E-03   0.369931E-01   0.449776E-02   0.250000E-03
 570  -0.329875E-03  -0.397845E-03   0.378157E-01   0.485373E-02   0.300000E-03
 571  -0.615137E-03   0.811122E-03   0.384757E-01   0.352673E-02   0.300000E-03
 572  -0.777876E-03   0.929475E-03   0.390602E-01   0.339512E-02   0.300000E-03
 573   0.178988E-03   0.125522E-03   0.397428E-01   0.281133E-02   0.300000E-03
 574  -0.139973E-02   0.318944E-03   0.414215E-01   0.321952E-02   0.500000E-03
 575  -0.111773E-02  -0.327129E-03   0.421394E-01   0.290938E-02   0.250000E-03
 576  -0.769825E-03   0.144293E-03   0.444194E-01   0.385648E-02   0.300000E-03
 577   0.554767E-04   0.399092E-03   0.299221E-03   0.464387E-02   0.300000E-03
 578   0.384330E-03  -0.933792E-04   0.261194E-02   0.435460E-02   0.350000E-03
 579  -0.241593E-03   0.154038E-05   0.476322E-02   0.433838E-02   0.350000E-03
 580   0.141056E-03  -0.326065E-03   0.543916E-02   0.461480E-02   0.250000E-03
 581   0.145129E-03  -0.895356E-04   0.707366E-02   0.415304E-02   0.150000E-03
 582   0.121731E-03  -0.226619E-03   0.793952E-02   0.487385E-02   0.200000E-03
 583   0.740435E-04  -0.617889E-04   0.994449E-02   0.491733E-02   0.250000E-03
 584   0.424202E-03  -0.395250E-03   0.103376E-01   0.446660E-02   0.350000E-03
 585   0.114164E-02   0.902699E-03   0.107147E-01   0.516963E-02   0.450000E-03
 586   0.735373E-03   0.390265E-05   0.118732E-01   0.452516E-02   0.300000E-03
 587   0.379050E-03  -0.184155E-03   0.123482E-01   0.467699E-02   0.200000E-03
 588  -0.172071E-03  -0.567826E-03   0.136604E-01   0.554948E-02   0.200000E-03
 589   0.165376E-02  -0.382559E-03   0.148437E-01   0.532790E-02   0.250000E-03
 590   0.345540E-03  -0.411126E-03   0.154532E-01   0.603820E-02   0.200000E-03
 591   0.801622E-03  -0.154900E-03   0.173759E-01   0.553788E-02   0.250000E-03
 592   0.691022E-03  -0.143984E-03   0.181414E-01   0.614499E-02   0.300000E-03
 593   0.128408E-03  -0.383522E-03   0.194817E-01   0.597251E-02   0.300000E-03
 594   0.522543E-03  -0.171544E-03   0.206050E-01   0.617104E-02   0.350000E-03
 595   0.320200E-03  -0.275311E-03   0.222228E-01   0.503698E-02   0.200000E-03
 596   0.222065E-04   0.193315E-03   0.231747E-01   0.475841E-02   0.350000E-03
 597   0.298040E-03  -0.195223E-03   0.243748E-01   0.459177E-02   0.400000E-03
 598  -0.446837E-03  -0.118789E-03   0.265932E-01   0.441132E-02   0.350000E-03
 599  -0.393176E-03  -0.331102E-03   0.271457E-01   0.398232E-02   0.350000E-03
 600  -0.549256E-03  -0.307647E-03   0.298830E-01   0.489806E-02   0.300000E-03
 601  -0.568442E-03  -0.229852E-03   0.305089E-01   0.506384E-02   0.350000E-03
 602  -0.311757E-04  -0.436455E-03   0.309801E-01   0.489809E-02   0.150000E-03
 603  -0.141843E-02  -0.253832E-03   0.330358E-01   0.455387E-02   0.350000E-03
 604  -0.122301E-02   0.663009E-04   0.334276E-01   0.397432E-02   0.350000E-03
 605  -0.143379E-02  -0.239138E-03   0.364110E-01   0.477830E-02   0.400000E-03
 606  -0.107061E-02  -0.543770E-03   0.385056E-01   0.514181E-02   0.450000E-03
 607  -0.772298E-03  -0.137824E-03   0.386320E-01   0.404831E-02   0.250000E-03
 608  -0.196326E-03   0.182363E-03   0.396644E-01   0.346074E-02   0.300000E-03
 609  -0.186213E-03   0.610572E-04   0.402603E-01   0.320235E-02   0.350000E-03
 610  -0.853003E-03  -0.145618E-03   0.408989E-01   0.279135E-02   0.150000E-03
 611  -0.673184E-03   0.281158E-03   0.428112E-01   0.361864E-02   0.450000E-03
 612   0.392032E-03   0.638773E-03   0.434477E-01   0.314133E-02   0.350000E-03
 613   0.553659E-04  -0.568285E-04   0.104293E-01   0.862903E-02   0.350000E-03
 614   0.324293E-04  -0.144763E-03   0.313593E-02   0.451109E-02   0.200000E-03
 615   0.191477E-03  -0.289662E-03   0.367965E-02   0.444933E-02   0.350000E-03
 616  -0.158836E-04  -0.123170E-03   0.569057E-02   0.430609E-02   0.150000E-03
 617   0.135205E-05  -0.131692E-03   0.664022E-02   0.447022E-02   0.350000E-03
 618   0.275092E-03   0.773743E-04   0.810643E-02   0.555032E-02   0.300000E-03
 619   0.553221E-03  -0.951000E-04   0.930465E-02   0.518550E-02   0.300000E-03
 620   0.321266E-03  -0.328817E-03   0.988838E-02   0.556232E-02   0.400000E-03
 621   0.679763E-03   0.213228E-03   0.114028E-01   0.535271E-02   0.250000E-03
 622   0.627094E-03   0.127680E-03   0.114468E-01   0.486315E-02   0.250000E-03
 623   0.689531E-04  -0.666286E-03   0.126792E-01   0.511575E-02   0.350000E-03
 624   0.104186E-03  -0.264663E-03   0.139916E-01   0.577352E-02   0.200000E-03
 625   0.264222E-03  -0.342159E-03   0.145183E-01   0.592623E-02   0.350000E-03
 626   0.964789E-03   0.497737E-03   0.166362E-01   0.550223E-02   0.150000E-03
 627   0.826320E-04   0.883968E-04   0.169464E-01   0.566041E-02   0.200000E-03
 628   0.697921E-03  -0.133215E-03   0.175486E-01   0.605554E-02   0.300000E-03
 629   0.605594E-03  -0.242251E-03   0.187729E-01   0.654201E-02   0.450000E-03
 630   0.919284E-05  -0.812786E-03   0.218215E-01   0.613178E-02   0.300000E-03
 631   0.197133E-03  -0.253558E-03   0.227135E-01   0.528323E-02   0.350000E-03
 632  -0.441612E-04   0.661401E-04   0.237883E-01   0.497110E-02   0.300000E-03
 633   0.266322E-03  -0.655682E-04   0.246313E-01   0.518415E-02   0.250000E-03
 634  -0.352686E-03  -0.118825E-03   0.271267E-01   0.452912E-02   0.200000E-03
 635  -0.204775E-03  -0.227037E-03   0.277685E-01   0.447920E-02   0.450000E-03
 636  -0.841260E-03  -0.764725E-04   0.293454E-01   0.515890E-02   0.300000E-03
 637  -0.729440E-03  -0.770409E-04   0.303120E-01   0.567853E-02   0.300000E-03
 638  -0.150822E-02  -0.234830E-03   0.321530E-01   0.474921E-02   0.350000E-03
 639  -0.115219E-02  -0.100551E-03   0.342915E-01   0.480878E-02   0.250000E-03
 640  -0.113795E-02  -0.172324E-03   0.345015E-01   0.430470E-02   0.300000E-03
 641  -0.137737E-02  -0.264790E-03   0.368836E-01   0.529258E-02   0.300000E-03
 642  -0.131094E-02  -0.357568E-03   0.372717E-01   0.490691E-02   0.250000E-03
 643  -0.954803E-03  -0.682520E-03   0.388080E-01   0.451161E-02   0.250000E-03
 644  -0.738524E-03   0.104397E-02   0.392943E-01   0.405459E-02   0.400000E-03
 645   0.304771E-03   0.733189E-04   0.417281E-01   0.384852E-02   0.200000E-03
 646  -0.130242E-02  -0.741958E-03   0.407818E-01   0.333567E-02   0.150000E-03
 647  -0.125695E-03  -0.652033E-04   0.425773E-01   0.301246E-02   0.200000E-03
 648   0.109849E-02  -0.139677E-02   0.448024E-01   0.353856E-02   0.200000E-03
 649   0.832744E-04   0.426111E-03   0.715395E-03   0.491964E-02   0.200000E-03
 650   0.374069E-03  -0.234353E-03   0.266473E-02   0.504671E-02   0.350000E-03
 651   0.400430E-03   0.601188E-04   0.319711E-02   0.401474E-02   0.300000E-03
 652   0.397338E-04  -0.278350E-03   0.457701E-02   0.493990E-02   0.200000E-03
 653   0.569293E-04  -0.339012E-03   0.656917E-02   0.496330E-02   0.150000E-03
 654   0.160768E-03   0.126610E-04   0.747400E-02   0.525231E-02   0.400000E-03
 655   0.367871E-03  -0.159706E-03   0.876245E-02   0.575455E-02   0.350000E-03
 656   0.269700E-03  -0.206152E-03   0.934100E-02   0.590815E-02   0.250000E-03
 657   0.676293E-03   0.675308E-04   0.104634E-01   0.595077E-02   0.300000E-03
 658   0.256843E-03  -0.516154E-03   0.119809E-01   0.516578E-02   0.350000E-03
 659   0.116540E-03  -0.624824E-03   0.131494E-01   0.548786E-02   0.250000E-03
 660   0.182233E-05  -0.139279E-03   0.136153E-01   0.623903E-02   0.400000E-03
 661   0.250299E-03  -0.308330E-03   0.150368E-01   0.631323E-02   0.300000E-03
 662   0.450621E-03  -0.226503E-03   0.163588E-01   0.646042E-02   0.300000E-03
 663   0.439943E-03  -0.327701E-03   0.166551E-01   0.599976E-02   0.250000E-03
 664   0.680372E-03  -0.196849E-03   0.177751E-01   0.655387E-02   0.250000E-03
 665   0.302210E-03  -0.173270E-03   0.199737E-01   0.631105E-02   0.300000E-03
 666  -0.866209E-04  -0.206856E-02   0.212219E-01   0.639146E-02   0.300000E-03
 667   0.370554E-03  -0.131737E-03   0.223172E-01   0.579373E-02   0.300000E-03
 668   0.272385E-03  -0.166995E-03   0.233549E-01   0.538262E-02   0.300000E-03
 669  -0.337180E-03   0.858187E-05   0.248362E-01   0.478376E-02   0.100000E-03
 670  -0.366305E-03  -0.146138E-03   0.263348E-01   0.489406E-02   0.200000E-03
 671  -0.785455E-03  -0.114788E-03   0.284699E-01   0.531100E-02   0.200000E-03
 672  -0.683053E-05   0.213811E-03   0.280728E-01   0.510800E-02   0.250000E-03
 673  -0.413191E-03   0.130954E-03   0.310060E-01   0.554367E-02   0.350000E-03
 674  -0.157230E-02  -0.193625E-03   0.315626E-01   0.512266E-02   0.350000E-03
 675  -0.125717E-02  -0.155025E-03   0.325074E-01   0.427034E-02   0.250000E-03
 676  -0.149223E-02  -0.514442E-04   0.347894E-01   0.477967E-02   0.250000E-03
 677  -0.143374E-02  -0.522262E-03   0.369695E-01   0.598547E-02   0.400000E-03
 678  -0.822783E-03  -0.159318E-03   0.374225E-01   0.538708E-02   0.250000E-03
 679  -0.994560E-03  -0.554612E-03   0.390939E-01   0.541766E-02   0.200000E-03
 680  -0.851958E-03  -0.594548E-03   0.392655E-01   0.489727E-02   0.350000E-03
 681  -0.100583E-02  -0.740211E-03   0.410968E-01   0.389078E-02   0.250000E-03
 682  -0.113028E-02   0.370442E-03   0.421460E-01   0.340783E-02   0.250000E-03
 683  -0.677563E-03  -0.114857E-03   0.440286E-01   0.455043E-02   0.500000E-03
 684  -0.695875E-03   0.242427E-03   0.440479E-01   0.338805E-02   0.300000E-03
 685   0.700537E-03  -0.832836E-04   0.348584E-03   0.736302E-02   0.350000E-03
 686   0.145709E-03  -0.274811E-03   0.332828E-02   0.562684E-02   0.350000E-03
 687   0.127441E-03  -0.239742E-03   0.330873E-02   0.497940E-02   0.300000E-03
 688   0.197208E-03  -0.296098E-03   0.502096E-02   0.488219E-02   0.250000E-03
 689  -0.116417E-03  -0.213315E-03   0.706354E-02   0.481575E-02   0.200000E-03
 690   0.220571E-03  -0.962374E-04   0.760738E-02   0.598294E-02   0.350000E-03
 691   0.271823E-03  -0.111932E-03   0.877120E-02   0.649911E-02   0.350000E-03
 692   0.309625E-03  -0.169496E-03   0.988947E-02   0.626068E-02   0.300000E-03
 693   0.668856E-03  -0.233441E-04   0.103847E-01   0.649266E-02   0.250000E-03
 694   0.635181E-03   0.898007E-04   0.111057E-01   0.586649E-02   0.350000E-03
 695  -0.897857E-06  -0.193554E-03   0.128865E-01   0.602657E-02   0.350000E-03
 696   0.186199E-03  -0.156877E-04   0.146206E-01   0.723668E-02   0.250000E-03
 697   0.216042E-03   0.253575E-04   0.143241E-01   0.664584E-02   0.400000E-03
 698   0.440782E-03  -0.218445E-03   0.156746E-01   0.659453E-02   0.400000E-03
 699   0.600713E-03  -0.244251E-03   0.170827E-01   0.664173E-02   0.450000E-03
 700   0.669155E-03  -0.241999E-03   0.181484E-01   0.695504E-02   0.300000E-03
 701   0.318646E-03  -0.233002E-03   0.195066E-01   0.668296E-02   0.300000E-03
 702   0.368723E-03  -0.566029E-04   0.203784E-01   0.688124E-02   0.400000E-03
 703   0.290707E-03  -0.162447E-03   0.229916E-01   0.597885E-02   0.400000E-03
 704  -0.102051E-03   0.516972E-04   0.241251E-01   0.558312E-02   0.400000E-03
 705  -0.322906E-03   0.104622E-03   0.251065E-01   0.503872E-02   0.250000E-03
 706  -0.628847E-03  -0.541318E-04   0.259199E-01   0.506631E-02   0.250000E-03
 707  -0.492564E-03   0.930665E-04   0.269304E-01   0.509235E-02   0.400000E-03
 708  -0.615621E-03  -0.501474E-04   0.298157E-01   0.544325E-02   0.250000E-03
 709  -0.160945E-02   0.232377E-03   0.320868E-01   0.529440E-02   0.200000E-03
 710  -0.139797E-02  -0.246254E-03   0.326805E-01   0.503353E-02   0.250000E-03
 711  -0.138067E-02  -0.243401E-03   0.337324E-01   0.459979E-02   0.350000E-03
 712  -0.160628E-02  -0.210164E-03   0.351247E-01   0.521518E-02   0.300000E-03
 713  -0.120447E-02  -0.444484E-03   0.381587E-01   0.636075E-02   0.350000E-03
 714  -0.123068E-02  -0.350474E-03   0.379324E-01   0.569862E-02   0.350000E-03
 715  -0.106104E-02  -0.536887E-03   0.388303E-01   0.564285E-02   0.150000E-03
 716  -0.129073E-02  -0.232109E-03   0.397348E-01   0.453341E-02   0.250000E-03
 717  -0.137815E-02   0.794832E-03   0.400664E-01   0.366300E-02   0.150000E-03
 718  -0.110873E-02   0.416360E-03   0.421744E-01   0.390649E-02   0.250000E-03
 719  -0.616180E-03  -0.281174E-03   0.448011E-01   0.546799E-02   0.200000E-03
 720   0.170915E-02  -0.117468E-02   0.434110E-01   0.730262E-02   0.350000E-03
 721   0.499658E-03   0.270399E-04   0.214978E-02   0.406345E-02   0.200000E-03
 722   0.353264E-03  -0.273960E-03   0.202324E-02   0.513793E-02   0.300000E-03
 723   0.133531E-03  -0.235713E-03   0.424704E-02   0.463874E-02   0.250000E-03
 724   0.168152E-03  -0.302409E-03   0.602371E-02   0.489413E-02   0.400000E-03
 725  -0.180475E-03   0.297975E-05   0.693547E-02   0.514091E-02   0.150000E-03
 726   0.828044E-04  -0.293623E-03   0.653077E-02   0.551049E-02   0.400000E-03
 727   0.282437E-03  -0.136462E-03   0.823707E-02   0.613540E-02   0.300000E-03
 728   0.263806E-03  -0.136045E-03   0.936194E-02   0.640565E-02   0.250000E-03
 729   0.321646E-03  -0.157045E-03   0.971560E-02   0.683466E-02   0.300000E-03
 730   0.138272E-04  -0.448343E-03   0.123648E-01   0.562639E-02   0.250000E-03
 731   0.971423E-04  -0.204934E-03   0.122158E-01   0.622590E-02   0.350000E-03
 732   0.156109E-03  -0.236903E-03   0.131043E-01   0.663720E-02   0.250000E-03
 733   0.156587E-03   0.434164E-05   0.149395E-01   0.685274E-02   0.250000E-03
 734   0.428894E-03  -0.282060E-03   0.161764E-01   0.692263E-02   0.200000E-03
 735   0.586589E-03  -0.237140E-03   0.175795E-01   0.726717E-02   0.350000E-03
 736   0.490117E-03  -0.272340E-03   0.190786E-01   0.733389E-02   0.400000E-03
 737   0.384584E-03  -0.105513E-03   0.197677E-01   0.722115E-02   0.300000E-03
 738   0.493701E-03  -0.411106E-03   0.214524E-01   0.704966E-02   0.400000E-03
 739   0.442162E-03  -0.246322E-03   0.223981E-01   0.643478E-02   0.350000E-03
 740   0.557032E-04  -0.206645E-03   0.237066E-01   0.620208E-02   0.350000E-03
 741   0.302166E-03   0.414079E-04   0.247886E-01   0.565697E-02   0.250000E-03
 742  -0.343822E-03   0.107730E-03   0.263359E-01   0.534334E-02   0.250000E-03
 743  -0.127662E-03   0.148404E-03   0.275761E-01   0.514972E-02   0.250000E-03
 744  -0.475237E-03  -0.175820E-03   0.288490E-01   0.519710E-02   0.200000E-03
 745  -0.157401E-02  -0.173288E-03   0.315788E-01   0.572202E-02   0.250000E-03
 746  -0.140906E-02  -0.229795E-03   0.328133E-01   0.561511E-02   0.350000E-03
 747  -0.131688E-02  -0.309502E-03   0.332747E-01   0.515773E-02   0.300000E-03
 748  -0.151092E-02  -0.228745E-03   0.356671E-01   0.485929E-02   0.350000E-03
 749  -0.155279E-02  -0.293034E-03   0.363156E-01   0.547074E-02   0.300000E-03
 750  -0.123341E-02  -0.372561E-03   0.385058E-01   0.587230E-02   0.250000E-03
 751  -0.121232E-02  -0.704129E-03   0.391617E-01   0.594018E-02   0.300000E-03
 752   0.940583E-03  -0.166364E-02   0.401814E-01   0.422344E-02   0.300000E-03
 753  -0.122903E-02  -0.251264E-03   0.407333E-01   0.304028E-02   0.150000E-03
 754  -0.689950E-03  -0.243543E-04   0.418902E-01   0.418651E-02   0.150000E-03
 755  -0.552813E-03   0.208295E-04   0.425352E-01   0.414986E-02   0.150000E-03
 756  -0.384956E-03  -0.430862E-03   0.431090E-01   0.672725E-02   0.300000E-03
 757   0.483497E-03   0.927205E-04   0.183854E-02   0.451555E-02   0.350000E-03
 758   0.113834E-03  -0.255787E-03   0.402069E-02   0.570345E-02   0.350000E-03
 759   0.115591E-03  -0.171300E-03   0.390104E-02   0.506501E-02   0.300000E-03
 760  -0.125888E-03  -0.228218E-03   0.473588E-02   0.559288E-02   0.300000E-03
 761   0.184221E-03  -0.303411E-03   0.540816E-02   0.540130E-02   0.400000E-03
 762   0.160922E-03  -0.370998E-03   0.592192E-02   0.594473E-02   0.350000E-03
 763   0.152321E-03  -0.112569E-03   0.689728E-02   0.621885E-02   0.400000E-03
 764   0.857644E-03  -0.343352E-03   0.816716E-02   0.673706E-02   0.300000E-03
 765   0.960876E-03   0.520011E-03   0.115399E-01   0.640870E-02   0.350000E-03
 766   0.166215E-03  -0.221093E-03   0.117506E-01   0.577337E-02   0.300000E-03
 767   0.883341E-04  -0.223477E-03   0.126695E-01   0.653155E-02   0.200000E-03
 768   0.396754E-04   0.565391E-04   0.137193E-01   0.688004E-02   0.250000E-03
 769   0.794506E-04  -0.101348E-03   0.152399E-01   0.737068E-02   0.350000E-03
 770   0.445348E-03  -0.160720E-03   0.158214E-01   0.722706E-02   0.250000E-03
 771   0.496041E-03   0.684136E-04   0.165582E-01   0.680645E-02   0.100000E-03
 772   0.594977E-03  -0.274818E-03   0.184363E-01   0.741907E-02   0.250000E-03
 773   0.412437E-03  -0.314443E-03   0.201434E-01   0.781097E-02   0.400000E-03
 774   0.241800E-03  -0.311452E-03   0.208351E-01   0.747067E-02   0.350000E-03
 775   0.217725E-03  -0.369125E-03   0.232418E-01   0.657815E-02   0.250000E-03
 776   0.244232E-03  -0.503040E-03   0.248354E-01   0.610384E-02   0.200000E-03
 777  -0.330550E-03   0.103855E-03   0.255189E-01   0.486297E-02   0.200000E-03
 778  -0.682910E-03   0.191069E-03   0.259250E-01   0.551505E-02   0.200000E-03
 779  -0.396888E-04   0.223547E-03   0.276548E-01   0.569180E-02   0.300000E-03
 780  -0.871633E-03   0.144119E-03   0.293405E-01   0.580768E-02   0.350000E-03
 781  -0.429418E-03   0.839587E-04   0.306964E-01   0.599785E-02   0.200000E-03
 782  -0.166548E-02  -0.255599E-03   0.321242E-01   0.579255E-02   0.300000E-03
 783  -0.139172E-02  -0.306845E-03   0.339138E-01   0.527458E-02   0.350000E-03
 784  -0.121186E-02  -0.296772E-03   0.344596E-01   0.522185E-02   0.200000E-03
 785  -0.159846E-02  -0.270776E-03   0.356754E-01   0.555860E-02   0.350000E-03
 786  -0.833970E-03  -0.309681E-03   0.375830E-01   0.619739E-02   0.250000E-03
 787  -0.781507E-03  -0.583610E-03   0.397251E-01   0.614099E-02   0.300000E-03
 788  -0.127876E-02  -0.603697E-03   0.396365E-01   0.549705E-02   0.350000E-03
 789  -0.270119E-03  -0.396462E-03   0.405653E-01   0.376662E-02   0.300000E-03
 790  -0.596553E-03  -0.127060E-03   0.414565E-01   0.429941E-02   0.300000E-03
 791  -0.545760E-03  -0.130328E-03   0.431197E-01   0.435729E-02   0.350000E-03
 792  -0.556748E-03  -0.400383E-03   0.438840E-01   0.518385E-02   0.150000E-03
 793   0.273791E-03  -0.251828E-03   0.284427E-02   0.551040E-02   0.150000E-03
 794   0.202284E-03   0.186820E-03   0.243149E-02   0.548577E-02   0.150000E-03
 795   0.234556E-04  -0.156723E-03   0.435553E-02   0.526984E-02   0.200000E-03
 796   0.269389E-03  -0.378228E-03   0.265328E-02   0.650005E-02   0.300000E-03
 797  -0.576207E-04  -0.431429E-03   0.450989E-02   0.627031E-02   0.400000E-03
 798   0.277147E-03  -0.536156E-03   0.517666E-02   0.605983E-02   0.300000E-03
 799   0.217953E-03  -0.386315E-03   0.752060E-02   0.667328E-02   0.350000E-03
 800   0.327894E-03   0.309076E-03   0.883385E-02   0.709502E-02   0.250000E-03
 801   0.628432E-03  -0.849865E-04   0.108008E-01   0.676776E-02   0.250000E-03
 802   0.115854E-02   0.120827E-03   0.112688E-01   0.694348E-02   0.250000E-03
 803   0.107344E-03  -0.200391E-03   0.120004E-01   0.678533E-02   0.250000E-03
 804   0.219681E-03  -0.121301E-03   0.132515E-01   0.716665E-02   0.300000E-03
 805   0.162159E-03   0.206795E-04   0.140748E-01   0.729938E-02   0.300000E-03
 806   0.813552E-03  -0.121238E-03   0.157062E-01   0.766180E-02   0.200000E-03
 807   0.350500E-03  -0.444105E-03   0.180117E-01   0.768264E-02   0.250000E-03
 808   0.517107E-03  -0.385893E-03   0.191011E-01   0.818214E-02   0.450000E-03
 809   0.511043E-03  -0.222392E-03   0.214201E-01   0.774934E-02   0.300000E-03
 810   0.507644E-03  -0.411065E-03   0.221511E-01   0.703196E-02   0.300000E-03
 811   0.964287E-04  -0.267756E-03   0.237361E-01   0.684952E-02   0.300000E-03
 812  -0.260744E-03  -0.373653E-03   0.243553E-01   0.624272E-02   0.300000E-03
 813  -0.367387E-03   0.119558E-03   0.253812E-01   0.556715E-02   0.350000E-03
 814  -0.453180E-03  -0.128418E-03   0.271569E-01   0.564760E-02   0.200000E-03
 815  -0.736931E-03   0.132226E-03   0.285965E-01   0.589510E-02   0.400000E-03
 816  -0.378623E-03   0.301472E-03   0.312238E-01   0.604135E-02   0.200000E-03
 817  -0.625059E-03  -0.520288E-03   0.302473E-01   0.627129E-02   0.300000E-03
 818  -0.148673E-02  -0.366466E-04   0.325566E-01   0.620795E-02   0.300000E-03
 819  -0.163263E-02  -0.639902E-04   0.334526E-01   0.573052E-02   0.300000E-03
 820  -0.135043E-02  -0.482936E-03   0.347121E-01   0.564891E-02   0.300000E-03
 821  -0.152028E-02  -0.360063E-03   0.362087E-01   0.605933E-02   0.300000E-03
 822  -0.122609E-02  -0.297945E-03   0.378245E-01   0.691803E-02   0.300000E-03
 823  -0.871724E-03  -0.546570E-03   0.387556E-01   0.631038E-02   0.250000E-03
 824  -0.110093E-02  -0.387538E-03   0.408206E-01   0.556648E-02   0.350000E-03
 825  -0.129335E-02  -0.620921E-03   0.402596E-01   0.499690E-02   0.450000E-03
 826  -0.137791E-02  -0.439717E-03   0.408064E-01   0.441464E-02   0.350000E-03
 827  -0.587752E-03   0.154143E-04   0.422283E-01   0.440310E-02   0.250000E-03
 828  -0.101020E-02  -0.944835E-03   0.402876E-01   0.693357E-02   0.350000E-03
 829   0.274928E-03  -0.196901E-03   0.262594E-02   0.590171E-02   0.300000E-03
 830   0.723153E-04  -0.367464E-05   0.299564E-03   0.524323E-02   0.300000E-03
 831   0.843747E-04   0.209187E-03   0.314598E-03   0.574216E-02   0.200000E-03
 832   0.143025E-03  -0.249733E-03   0.309913E-02   0.618000E-02   0.250000E-03
 833   0.812376E-04  -0.218510E-03   0.328669E-02   0.669575E-02   0.300000E-03
 834   0.280340E-03  -0.237738E-03   0.509408E-02   0.665375E-02   0.300000E-03
 835   0.327024E-03  -0.244722E-03   0.575794E-02   0.682939E-02   0.300000E-03
 836   0.252158E-03   0.173584E-03   0.758890E-02   0.736770E-02   0.350000E-03
 837   0.675876E-03  -0.453584E-05   0.107988E-01   0.631979E-02   0.200000E-03
 838   0.216758E-04  -0.197072E-03   0.117405E-01   0.732564E-02   0.350000E-03
 839   0.146648E-03  -0.192423E-03   0.125553E-01   0.711988E-02   0.400000E-03
 840   0.365897E-03  -0.198900E-03   0.141436E-01   0.789521E-02   0.300000E-03
 841   0.151018E-03  -0.160517E-03   0.147311E-01   0.777463E-02   0.300000E-03
 842   0.270115E-03  -0.216810E-04   0.170143E-01   0.758555E-02   0.300000E-03
 843   0.600874E-03  -0.477622E-03   0.184536E-01   0.791661E-02   0.250000E-03
 844   0.436590E-03  -0.357904E-03   0.198099E-01   0.842604E-02   0.300000E-03
 845   0.226606E-03  -0.463163E-03   0.208025E-01   0.816822E-02   0.350000E-03
 846   0.548585E-03  -0.249661E-03   0.219243E-01   0.753226E-02   0.250000E-03
 847   0.240642E-03  -0.285877E-03   0.232052E-01   0.712604E-02   0.300000E-03
 848  -0.338859E-03  -0.330556E-03   0.244292E-01   0.693787E-02   0.400000E-03
 849  -0.354045E-03  -0.334765E-03   0.253619E-01   0.626304E-02   0.350000E-03
 850   0.116151E-03  -0.108032E-02   0.266883E-01   0.563660E-02   0.200000E-03
 851  -0.133431E-03  -0.120927E-03   0.265495E-01   0.611300E-02   0.300000E-03
 852  -0.907130E-03   0.520039E-05   0.298908E-01   0.583590E-02   0.150000E-03
 853  -0.456905E-03   0.264695E-03   0.316880E-01   0.632998E-02   0.350000E-03
 854  -0.156075E-02  -0.232048E-03   0.327703E-01   0.681977E-02   0.350000E-03
 855  -0.162936E-02  -0.554181E-04   0.331547E-01   0.625087E-02   0.300000E-03
 856  -0.145859E-02  -0.499978E-03   0.341099E-01   0.599749E-02   0.400000E-03
 857  -0.136934E-02  -0.497303E-03   0.352041E-01   0.607151E-02   0.350000E-03
 858  -0.153908E-02  -0.396713E-03   0.365553E-01   0.654779E-02   0.300000E-03
 859  -0.112929E-02  -0.381870E-03   0.392882E-01   0.647423E-02   0.250000E-03
 860  -0.987498E-03  -0.426206E-03   0.402139E-01   0.579366E-02   0.300000E-03
 861  -0.550120E-03  -0.300205E-03   0.415187E-01   0.557970E-02   0.350000E-03
 862  -0.123867E-02   0.104441E-03   0.409803E-01   0.498875E-02   0.250000E-03
 863  -0.348825E-03  -0.386496E-03   0.432859E-01   0.513937E-02   0.450000E-03
 864  -0.453056E-03  -0.662253E-03   0.445509E-01   0.606661E-02   0.450000E-03
 865   0.267803E-03  -0.239319E-03   0.137623E-02   0.509105E-02   0.350000E-03
 866   0.301811E-03  -0.231268E-03   0.170923E-02   0.552465E-02   0.200000E-03
 867   0.594692E-03  -0.292441E-03   0.203263E-02   0.631347E-02   0.350000E-03
 868  -0.782137E-04  -0.590537E-04   0.371630E-02   0.627749E-02   0.300000E-03
 869   0.479613E-04  -0.228019E-03   0.337487E-02   0.723637E-02   0.250000E-03
 870   0.257295E-03  -0.189048E-03   0.625845E-02   0.649968E-02   0.300000E-03
 871   0.120738E-03  -0.356387E-03   0.691957E-02   0.691761E-02   0.300000E-03
 872   0.247340E-03  -0.114357E-03   0.921062E-02   0.682760E-02   0.200000E-03
 873   0.663452E-03   0.661490E-04   0.102862E-01   0.703072E-02   0.300000E-03
 874   0.187724E-03  -0.121847E-03   0.116936E-01   0.799102E-02   0.300000E-03
 875   0.108724E-03  -0.943438E-04   0.122390E-01   0.774224E-02   0.300000E-03
 876   0.245901E-03  -0.731763E-04   0.135948E-01   0.765530E-02   0.300000E-03
 877   0.140424E-03  -0.156560E-03   0.146839E-01   0.837200E-02   0.300000E-03
 878   0.597316E-03   0.629484E-04   0.163853E-01   0.742837E-02   0.350000E-03
 879   0.581297E-03  -0.482136E-03   0.174910E-01   0.785905E-02   0.250000E-03
 880   0.560823E-03  -0.506872E-03   0.177216E-01   0.835712E-02   0.300000E-03
 881   0.414520E-03  -0.313578E-03   0.219013E-01   0.810662E-02   0.300000E-03
 882   0.565463E-03  -0.388107E-03   0.226653E-01   0.722387E-02   0.250000E-03
 883   0.904739E-03  -0.513349E-03   0.228488E-01   0.664911E-02   0.150000E-03
 884  -0.548548E-04  -0.648613E-03   0.239094E-01   0.747524E-02   0.350000E-03
 885  -0.199754E-03  -0.344301E-03   0.258280E-01   0.740222E-02   0.400000E-03
 886  -0.687279E-03  -0.213067E-03   0.259595E-01   0.601194E-02   0.300000E-03
 887  -0.774866E-03   0.255690E-03   0.283421E-01   0.659816E-02   0.350000E-03
 888  -0.102746E-02  -0.342867E-03   0.295619E-01   0.657528E-02   0.450000E-03
 889   0.230572E-03  -0.835557E-03   0.309156E-01   0.661101E-02   0.450000E-03
 890  -0.132771E-02  -0.199628E-03   0.322057E-01   0.662779E-02   0.250000E-03
 891  -0.190373E-02   0.352312E-03   0.337165E-01   0.663343E-02   0.350000E-03
 892  -0.141473E-02  -0.457994E-03   0.346555E-01   0.658143E-02   0.400000E-03
 893  -0.117948E-02  -0.407594E-03   0.357410E-01   0.643455E-02   0.300000E-03
 894  -0.836008E-03  -0.649062E-03   0.385864E-01   0.678067E-02   0.250000E-03
 895  -0.100626E-02  -0.718436E-03   0.390955E-01   0.698862E-02   0.300000E-03
 896  -0.663478E-03  -0.478612E-03   0.419174E-01   0.695846E-02   0.300000E-03
 897  -0.255713E-03  -0.393559E-03   0.424707E-01   0.661791E-02   0.350000E-03
 898  -0.699371E-03  -0.503801E-04   0.426295E-01   0.460563E-02   0.200000E-03
 899  -0.180647E-02  -0.331929E-03   0.424902E-01   0.519903E-02   0.350000E-03
 900  -0.710761E-03  -0.775531E-03   0.438286E-01   0.572398E-02   0.350000E-03
 901   0.271163E-03  -0.204633E-03   0.129092E-02   0.568241E-02   0.250000E-03
 902   0.389964E-04  -0.226574E-03   0.309350E-02   0.764912E-02   0.250000E-03
 903   0.544315E-03  -0.829743E-04   0.211000E-02   0.571984E-02   0.250000E-03
 904   0.433607E-04  -0.235532E-03   0.278402E-02   0.713537E-02   0.350000E-03
 905  -0.205749E-03  -0.222266E-03   0.401940E-02   0.696348E-02   0.450000E-03
 906  -0.386708E-04  -0.294896E-03   0.587534E-02   0.737146E-02   0.250000E-03
 907   0.252562E-03  -0.419991E-03   0.557036E-02   0.636637E-02   0.200000E-03
 908   0.332616E-03   0.131619E-03   0.885055E-02   0.764412E-02   0.300000E-03
 909   0.327879E-03   0.124998E-03   0.934594E-02   0.730715E-02   0.300000E-03
 910   0.591816E-03   0.166346E-03   0.101029E-01   0.806708E-02   0.300000E-03
 911  -0.387596E-03  -0.546115E-03   0.112500E-01   0.766906E-02   0.250000E-03
 912   0.247166E-04  -0.224283E-03   0.151635E-01   0.864066E-02   0.250000E-03
 913   0.456162E-04  -0.266368E-03   0.153288E-01   0.806421E-02   0.350000E-03
 914   0.667393E-03  -0.178474E-03   0.161198E-01   0.818140E-02   0.450000E-03
 915   0.280047E-03  -0.247432E-03   0.170004E-01   0.828505E-02   0.400000E-03
 916   0.186304E-03  -0.435409E-03   0.203670E-01   0.864817E-02   0.300000E-03
 917   0.179186E-03  -0.438766E-03   0.199604E-01   0.908765E-02   0.300000E-03
 918   0.577826E-03  -0.392556E-03   0.224670E-01   0.778822E-02   0.350000E-03
 919   0.221818E-03  -0.274701E-03   0.231667E-01   0.777451E-02   0.350000E-03
 920   0.741599E-04  -0.450254E-03   0.247574E-01   0.644450E-02   0.150000E-03
 921  -0.251012E-03  -0.252168E-03   0.233403E-01   0.851285E-02   0.350000E-03
 922  -0.681242E-03  -0.559405E-03   0.259372E-01   0.666054E-02   0.350000E-03
 923  -0.256235E-04   0.567523E-03   0.276923E-01   0.633922E-02   0.350000E-03
 924  -0.106934E-02  -0.523425E-04   0.288931E-01   0.717713E-02   0.450000E-03
 925   0.305009E-03  -0.658869E-03   0.310886E-01   0.739172E-02   0.350000E-03
 926  -0.450679E-03   0.259723E-03   0.315975E-01   0.697182E-02   0.300000E-03
 927  -0.672592E-03  -0.415710E-04   0.336311E-01   0.719429E-02   0.200000E-03
 928  -0.147209E-02  -0.489845E-03   0.341635E-01   0.649389E-02   0.100000E-03
 929  -0.140515E-02  -0.363548E-03   0.372146E-01   0.669382E-02   0.350000E-03
 930  -0.539910E-03  -0.621293E-03   0.412210E-01   0.664231E-02   0.300000E-03
 931  -0.480938E-03  -0.475158E-03   0.411899E-01   0.607777E-02   0.250000E-03
 932  -0.772759E-03  -0.415133E-03   0.397392E-01   0.668999E-02   0.250000E-03
 933  -0.665961E-03  -0.542611E-03   0.418113E-01   0.626676E-02   0.400000E-03
 934  -0.119623E-02   0.810782E-03   0.412530E-01   0.469817E-02   0.150000E-03
 935  -0.638355E-03   0.950150E-04   0.418066E-01   0.489591E-02   0.400000E-03
 936  -0.104195E-02  -0.449165E-03   0.433673E-01   0.618158E-02   0.300000E-03
 937   0.135376E-03   0.367752E-04   0.102824E-02   0.720211E-02   0.350000E-03
 938   0.846233E-04  -0.133565E-03   0.297908E-03   0.624147E-02   0.300000E-03
 939   0.103424E-03  -0.109146E-03   0.372644E-02   0.771987E-02   0.350000E-03
 940  -0.649950E-04  -0.486308E-04   0.789103E-03   0.589963E-02   0.300000E-03
 941   0.453063E-03  -0.940048E-04   0.166157E-02   0.690586E-02   0.350000E-03
 942   0.120615E-03  -0.115081E-03   0.457535E-02   0.774006E-02   0.500000E-03
 943   0.296283E-03  -0.222109E-03   0.528516E-02   0.727447E-02   0.350000E-03
 944   0.204258E-03  -0.430961E-03   0.634656E-02   0.709186E-02   0.300000E-03
 945   0.640824E-03   0.116030E-03   0.108301E-01   0.731583E-02   0.300000E-03
 946   0.922168E-04   0.310075E-04   0.985011E-02   0.752345E-02   0.250000E-03
 947   0.188361E-03  -0.571225E-04   0.129376E-01   0.801395E-02   0.450000E-03
 948   0.317536E-03  -0.243707E-03   0.125490E-01   0.859550E-02   0.250000E-03
 949   0.586203E-03  -0.616438E-04   0.156908E-01   0.879580E-02   0.300000E-03
 950   0.306394E-03   0.583446E-04   0.139952E-01   0.857893E-02   0.400000E-03
 951   0.472674E-03  -0.467117E-03   0.165339E-01   0.880628E-02   0.300000E-03
 952   0.598679E-03  -0.499075E-03   0.182706E-01   0.838008E-02   0.250000E-03
 953   0.207071E-03  -0.482065E-03   0.210145E-01   0.872902E-02   0.250000E-03
 954   0.540029E-03  -0.241050E-03   0.225000E-01   0.863693E-02   0.500000E-03
 955  -0.140188E-03  -0.406812E-03   0.237056E-01   0.803792E-02   0.250000E-03
 956  -0.310194E-03  -0.367693E-03   0.251960E-01   0.725184E-02   0.250000E-03
 957   0.549104E-03   0.226874E-03   0.268562E-01   0.765464E-02   0.350000E-03
 958   0.598891E-03   0.269277E-03   0.265255E-01   0.703851E-02   0.350000E-03
 959   0.457496E-03   0.405916E-03   0.270260E-01   0.655018E-02   0.350000E-03
 960  -0.638422E-03  -0.553184E-03   0.302481E-01   0.681981E-02   0.250000E-03
 961  -0.130957E-02  -0.535028E-03   0.321369E-01   0.797325E-02   0.400000E-03
 962  -0.607938E-03  -0.850062E-03   0.316754E-01   0.751532E-02   0.250000E-03
 963  -0.129847E-02  -0.162082E-03   0.332944E-01   0.697931E-02   0.200000E-03
 964  -0.119795E-02  -0.394956E-03   0.353037E-01   0.684423E-02   0.300000E-03
 965  -0.142946E-02  -0.483841E-03   0.360983E-01   0.685204E-02   0.250000E-03
 966  -0.160068E-02  -0.666779E-03   0.366909E-01   0.723358E-02   0.400000E-03
 967  -0.537515E-03  -0.451315E-03   0.406491E-01   0.633477E-02   0.350000E-03
 968   0.103789E-02  -0.153825E-03   0.401597E-01   0.624597E-02   0.150000E-03
 969  -0.792847E-04  -0.175644E-03   0.447504E-01   0.714326E-02   0.250000E-03
 970  -0.509528E-03  -0.455095E-03   0.442540E-01   0.680730E-02   0.350000E-03
 971  -0.178902E-02  -0.261665E-03   0.427221E-01   0.591069E-02   0.400000E-03
 972  -0.770914E-03  -0.459552E-03   0.436572E-01   0.675499E-02   0.250000E-03
 973  -0.550880E-04  -0.310275E-04   0.837523E-03   0.535193E-02   0.250000E-03
 974   0.109884E-03  -0.977699E-04   0.401947E-02   0.824324E-02   0.250000E-03
 975   0.280034E-03  -0.310530E-03   0.133415E-02   0.627936E-02   0.350000E-03
 976   0.380457E-04  -0.159641E-03   0.772476E-03   0.660509E-02   0.300000E-03
 977   0.420573E-03  -0.172710E-03   0.733786E-02   0.791184E-02   0.250000E-03
 978   0.150661E-03   0.195696E-03   0.695653E-02   0.751598E-02   0.300000E-03
 979   0.279456E-03   0.169375E-03   0.642019E-02   0.763595E-02   0.250000E-03
 980   0.208069E-03   0.163623E-03   0.817697E-02   0.783065E-02   0.400000E-03
 981   0.659913E-03   0.948212E-04   0.103464E-01   0.757505E-02   0.250000E-03
 982   0.409911E-03   0.198408E-03   0.936351E-02   0.819066E-02   0.450000E-03
 983   0.152065E-03  -0.377137E-03   0.121571E-01   0.828581E-02   0.250000E-03
 984   0.236906E-03  -0.403896E-03   0.107574E-01   0.801092E-02   0.350000E-03
 985   0.221595E-03  -0.586759E-04   0.135723E-01   0.815366E-02   0.200000E-03
 986   0.745605E-03  -0.400346E-03   0.189624E-01   0.941260E-02   0.300000E-03
 987   0.601759E-03  -0.504442E-03   0.186508E-01   0.884270E-02   0.350000E-03
 988   0.551892E-03  -0.296717E-03   0.194028E-01   0.886683E-02   0.300000E-03
 989   0.172700E-03  -0.525054E-03   0.195122E-01   0.940541E-02   0.250000E-03
 990   0.535416E-03  -0.390309E-03   0.213871E-01   0.829834E-02   0.250000E-03
 991   0.253474E-03  -0.418005E-03   0.243108E-01   0.804819E-02   0.350000E-03
 992  -0.342225E-03  -0.345946E-03   0.247427E-01   0.756271E-02   0.300000E-03
 993  -0.335299E-03  -0.357040E-03   0.250557E-01   0.677260E-02   0.250000E-03
 994   0.425498E-03   0.305488E-03   0.271555E-01   0.713493E-02   0.250000E-03
 995  -0.849819E-03   0.333262E-03   0.278045E-01   0.712017E-02   0.400000E-03
 996  -0.675762E-03  -0.750966E-03   0.304415E-01   0.733334E-02   0.300000E-03
 997  -0.982484E-03  -0.196213E-03   0.299063E-01   0.718447E-02   0.250000E-03
 998  -0.131937E-02  -0.480739E-03   0.322009E-01   0.722659E-02   0.350000E-03
 999  -0.151263E-02  -0.144423E-03   0.330451E-01   0.735279E-02   0.250000E-03
1000  -0.182677E-02   0.338878E-04   0.341794E-01   0.715918E-02   0.350000E-03
