   1   0.219711E-03  -0.139694E-02   0.112796E-01   0.848441E-02   0.350000E-03
   2   0.442280E-02  -0.137403E-02   0.172479E-03   0.150428E-03   0.150000E-03
   3   0.238486E-02  -0.509931E-03   0.455257E-02   0.447221E-03   0.450000E-03
   4   0.193320E-02  -0.457454E-02   0.571641E-02   0.553683E-03   0.200000E-03
   5   0.341126E-03   0.971767E-05   0.566633E-02   0.999899E-04   0.100000E-03
   6   0.145709E-02  -0.742594E-03   0.747077E-02   0.249734E-03   0.250000E-03
   7   0.149109E-02  -0.937255E-04   0.810318E-02   0.398896E-03   0.400000E-03
   8  -0.711895E-03  -0.159534E-02   0.885465E-02   0.347768E-03   0.350000E-03
   9   0.196685E-02  -0.977024E-03   0.930026E-02   0.570548E-03   0.150000E-03
  10   0.900291E-03  -0.783254E-03   0.117955E-01   0.294856E-03   0.300000E-03
  11   0.105775E-02  -0.555008E-03   0.130364E-01   0.359894E-03   0.350000E-03
  12   0.104943E-02  -0.717055E-03   0.147694E-01   0.195150E-03   0.200000E-03
  13   0.705158E-03   0.801958E-03   0.169118E-01   0.344431E-03   0.350000E-03
  14   0.665511E-03   0.104694E-02   0.176102E-01   0.348446E-03   0.350000E-03
  15   0.126599E-02   0.165184E-02   0.188299E-01   0.399774E-03   0.400000E-03
  16   0.179712E-02   0.188047E-03   0.195764E-01   0.346971E-03   0.350000E-03
  17   0.540120E-03   0.538846E-03   0.204911E-01   0.337938E-03   0.350000E-03
  18   0.505321E-03   0.193252E-03   0.219416E-01   0.349188E-03   0.350000E-03
  19   0.549622E-03  -0.740752E-04   0.225309E-01   0.240926E-03   0.250000E-03
  20   0.149023E-02  -0.206315E-03   0.230304E-01   0.248814E-03   0.250000E-03
  21   0.318451E-03   0.118114E-03   0.244876E-01   0.249732E-03   0.250000E-03
  22  -0.116424E-03   0.839632E-03   0.257273E-01   0.199982E-03   0.200000E-03
  23  -0.287403E-03  -0.855225E-03   0.267562E-01   0.999987E-04   0.100000E-03
  24   0.242513E-03   0.111457E-02   0.282273E-01   0.396819E-03   0.400000E-03
  25   0.213660E-02   0.685881E-04   0.297769E-01   0.399450E-03   0.400000E-03
  26   0.318689E-02   0.771352E-03   0.305232E-01   0.335951E-03   0.350000E-03
  27   0.712989E-03   0.119827E-02   0.318647E-01   0.298001E-03   0.300000E-03
  28  -0.100100E-01  -0.123924E-02   0.333393E-01   0.300000E-03   0.300000E-03
  29   0.190899E-02   0.608834E-03   0.355468E-01   0.444908E-03   0.450000E-03
  30   0.792202E-03   0.189591E-02   0.373955E-01   0.346247E-03   0.350000E-03
  31   0.947548E-03   0.141560E-02   0.379872E-01   0.249153E-03   0.250000E-03
  32   0.161246E-02  -0.337008E-02   0.401178E-01   0.197539E-03   0.200000E-03
  33  -0.554468E-03  -0.319250E-02   0.410089E-01   0.194390E-03   0.200000E-03
  34   0.493403E-03  -0.197038E-02   0.446050E-01   0.880583E-03   0.400000E-03
  35   0.806027E-03   0.164426E-02   0.446525E-01   0.192178E-02   0.350000E-03
  36   0.195746E-02  -0.136919E-02   0.863997E-02   0.835922E-02   0.300000E-03
  37  -0.302447E-02  -0.711523E-03   0.248025E-03   0.180863E-02   0.250000E-03
  38   0.201676E-02   0.139697E-02   0.765923E-03   0.739495E-03   0.300000E-03
  39   0.504310E-02  -0.506321E-02   0.265104E-02   0.399873E-03   0.400000E-03
  40  -0.215724E-02  -0.793858E-03   0.614449E-02   0.299201E-03   0.300000E-03
  41   0.137314E-02  -0.536666E-03   0.683716E-02   0.393736E-03   0.400000E-03
  42   0.234817E-02  -0.237272E-02   0.726055E-02   0.100706E-02   0.350000E-03
  43   0.735056E-03  -0.124437E-02   0.856349E-02   0.924746E-03   0.300000E-03
  44   0.154378E-02  -0.208584E-02   0.936668E-02   0.963888E-03   0.250000E-03
  45  -0.289964E-03  -0.814556E-03   0.994393E-02   0.491895E-03   0.500000E-03
  46   0.160976E-02   0.656153E-03   0.108316E-01   0.299949E-03   0.300000E-03
  47   0.852652E-03  -0.991448E-03   0.152681E-01   0.149945E-03   0.150000E-03
  48  -0.302415E-03  -0.568722E-03   0.158101E-01   0.447426E-03   0.450000E-03
  49   0.126453E-02   0.193570E-03   0.164774E-01   0.882475E-03   0.350000E-03
  50   0.419444E-04   0.903155E-03   0.182000E-01   0.246736E-03   0.250000E-03
  51   0.195592E-02  -0.176207E-03   0.192999E-01   0.873612E-03   0.250000E-03
  52   0.164421E-02   0.366215E-03   0.200318E-01   0.147661E-03   0.150000E-03
  53   0.163099E-02  -0.478650E-03   0.204969E-01   0.100671E-02   0.200000E-03
  54   0.906013E-03   0.972014E-04   0.211557E-01   0.298418E-03   0.300000E-03
  55   0.301744E-03   0.293376E-03   0.233996E-01   0.999022E-04   0.100000E-03
  56   0.142066E-02   0.401224E-04   0.238544E-01   0.395563E-03   0.400000E-03
  57   0.156447E-02  -0.604400E-03   0.245178E-01   0.913347E-03   0.400000E-03
  58   0.136052E-03   0.409760E-03   0.251208E-01   0.395199E-03   0.400000E-03
  59   0.736280E-03  -0.190933E-03   0.270406E-01   0.199920E-03   0.200000E-03
  60  -0.190492E-04   0.108793E-02   0.275352E-01   0.297576E-03   0.300000E-03
  61   0.195414E-02   0.601860E-03   0.290854E-01   0.296800E-03   0.300000E-03
  62   0.984848E-03   0.144811E-02   0.312199E-01   0.346510E-03   0.350000E-03
  63   0.670474E-03   0.172624E-02   0.328547E-01   0.196793E-03   0.200000E-03
  64   0.199452E-02   0.138533E-02   0.347555E-01   0.344793E-03   0.350000E-03
  65   0.462447E-03   0.708496E-03   0.363229E-01   0.619004E-03   0.350000E-03
  66   0.600471E-03   0.150627E-02   0.364254E-01   0.139665E-03   0.150000E-03
  67   0.190963E-02  -0.254571E-02   0.391332E-01   0.299243E-03   0.300000E-03
  68  -0.197134E-03  -0.217579E-02   0.422991E-01   0.201151E-03   0.200000E-03
  69   0.254935E-03  -0.172604E-02   0.438622E-01   0.822128E-03   0.350000E-03
  70   0.100269E-03   0.842764E-03   0.424069E-01   0.721451E-02   0.250000E-03
  71  -0.731576E-05  -0.103992E-03   0.447020E-01   0.497873E-02   0.300000E-03
  72   0.875832E-03  -0.322105E-02   0.447504E-01   0.248558E-03   0.250000E-03
  73   0.629003E-03  -0.338898E-03   0.258205E-02   0.795679E-02   0.350000E-03
  74   0.698649E-02  -0.601102E-02   0.116491E-02   0.296499E-03   0.300000E-03
  75  -0.294223E-02  -0.291661E-02   0.388523E-02   0.248395E-03   0.250000E-03
  76   0.212375E-02  -0.333636E-03   0.518919E-02   0.924560E-03   0.350000E-03
  77   0.583777E-04  -0.621377E-03   0.642702E-02   0.823359E-03   0.200000E-03
  78   0.316439E-03  -0.135917E-02   0.662325E-02   0.133624E-02   0.350000E-03
  79   0.141212E-02  -0.116606E-02   0.794771E-02   0.113191E-02   0.350000E-03
  80   0.114897E-02  -0.121869E-02   0.904056E-02   0.133646E-02   0.250000E-03
  81   0.100393E-02  -0.533039E-03   0.106655E-01   0.929640E-03   0.350000E-03
  82   0.683693E-03   0.576071E-05   0.132776E-01   0.966148E-03   0.300000E-03
  83  -0.103120E-02  -0.337990E-04   0.137334E-01   0.345085E-03   0.350000E-03
  84   0.593386E-03  -0.503198E-03   0.143237E-01   0.244298E-03   0.250000E-03
  85  -0.217493E-03  -0.110737E-02   0.154080E-01   0.101631E-02   0.250000E-03
  86   0.455226E-03  -0.426619E-04   0.172555E-01   0.106417E-02   0.450000E-03
  87   0.126710E-02   0.141506E-03   0.188344E-01   0.104910E-02   0.250000E-03
  88   0.140706E-02  -0.908567E-03   0.200418E-01   0.799812E-03   0.300000E-03
  89   0.172420E-02  -0.563246E-03   0.202902E-01   0.160268E-02   0.400000E-03
  90   0.637348E-03  -0.536426E-03   0.214718E-01   0.864367E-03   0.350000E-03
  91   0.118613E-02  -0.538696E-03   0.225935E-01   0.728067E-03   0.250000E-03
  92   0.104763E-02  -0.432250E-03   0.231821E-01   0.828042E-03   0.350000E-03
  93   0.210047E-03  -0.841544E-03   0.238066E-01   0.113947E-02   0.350000E-03
  94   0.237250E-04  -0.120711E-02   0.252327E-01   0.113459E-02   0.350000E-03
  95   0.438741E-03   0.492441E-03   0.273406E-01   0.915214E-03   0.350000E-03
  96   0.314624E-03  -0.637933E-04   0.280439E-01   0.117344E-02   0.400000E-03
  97   0.159370E-02   0.130439E-02   0.294607E-01   0.966222E-03   0.250000E-03
  98   0.237016E-02   0.351355E-03   0.302811E-01   0.108310E-02   0.450000E-03
  99   0.312630E-02   0.110682E-02   0.324093E-01   0.246132E-03   0.250000E-03
 100   0.521926E-03  -0.935731E-03   0.327305E-01   0.623892E-03   0.250000E-03
 101   0.123512E-02   0.370567E-03   0.349622E-01   0.106091E-02   0.400000E-03
 102   0.463287E-03   0.169256E-02   0.368042E-01   0.261412E-03   0.250000E-03
 103   0.456736E-03   0.166660E-03   0.376410E-01   0.889121E-03   0.250000E-03
 104   0.222736E-02  -0.218952E-02   0.385357E-01   0.294524E-03   0.300000E-03
 105   0.865839E-03  -0.327904E-02   0.405632E-01   0.243755E-03   0.250000E-03
 106   0.353529E-03  -0.254573E-02   0.431863E-01   0.296875E-03   0.300000E-03
 107  -0.118919E-03   0.544102E-03   0.440875E-01   0.748686E-02   0.350000E-03
 108   0.291951E-03  -0.736038E-03   0.349181E-01   0.748403E-02   0.450000E-03
 109  -0.330237E-02   0.137421E-02   0.238981E-03   0.613090E-03   0.250000E-03
 110  -0.109191E-02  -0.122470E-02   0.563493E-03   0.238031E-03   0.250000E-03
 111   0.155570E-01  -0.510155E-02   0.185491E-02   0.398908E-03   0.400000E-03
 112  -0.286550E-02  -0.114767E-01   0.318753E-02   0.923139E-03   0.350000E-03
 113   0.118276E-02  -0.597489E-03   0.590798E-02   0.111896E-02   0.400000E-03
 114   0.441022E-03  -0.705866E-03   0.712817E-02   0.153951E-02   0.200000E-03
 115   0.112894E-02  -0.126366E-02   0.849231E-02   0.156677E-02   0.350000E-03
 116   0.709927E-03  -0.280006E-03   0.984143E-02   0.133073E-02   0.350000E-03
 117   0.142997E-02  -0.121127E-02   0.113395E-01   0.745070E-03   0.350000E-03
 118   0.470262E-03  -0.627652E-03   0.123928E-01   0.290496E-03   0.300000E-03
 119   0.700684E-03  -0.535642E-03   0.142556E-01   0.784484E-03   0.300000E-03
 120   0.339264E-03  -0.869698E-03   0.150740E-01   0.584738E-03   0.300000E-03
 121   0.117780E-02  -0.543340E-03   0.166929E-01   0.138565E-02   0.200000E-03
 122   0.173514E-03   0.384417E-03   0.181446E-01   0.942038E-03   0.450000E-03
 123   0.445251E-03   0.617814E-03   0.185818E-01   0.141770E-02   0.200000E-03
 124   0.171487E-02  -0.339733E-03   0.196765E-01   0.127210E-02   0.300000E-03
 125   0.133318E-02  -0.245377E-03   0.208825E-01   0.774632E-03   0.250000E-03
 126   0.914408E-03  -0.524538E-03   0.209244E-01   0.131789E-02   0.300000E-03
 127   0.773830E-03  -0.804616E-03   0.227173E-01   0.120653E-02   0.250000E-03
 128   0.184632E-02   0.212670E-03   0.230723E-01   0.161983E-02   0.300000E-03
 129  -0.584627E-03   0.224229E-03   0.236156E-01   0.169413E-02   0.250000E-03
 130  -0.121801E-02  -0.157045E-03   0.257347E-01   0.722467E-03   0.300000E-03
 131   0.972489E-03  -0.144693E-02   0.263515E-01   0.394921E-03   0.400000E-03
 132   0.727231E-03  -0.683342E-03   0.275281E-01   0.147718E-02   0.200000E-03
 133   0.697762E-03   0.215298E-02   0.288116E-01   0.937596E-03   0.400000E-03
 134   0.218309E-03   0.912870E-03   0.311614E-01   0.109023E-02   0.400000E-03
 135   0.817200E-03   0.736800E-03   0.320080E-01   0.103194E-02   0.450000E-03
 136   0.231099E-03   0.125131E-02   0.340190E-01   0.440165E-03   0.400000E-03
 137   0.215311E-03   0.231619E-02   0.372419E-01   0.769063E-03   0.100000E-03
 138   0.213105E-03   0.663841E-03   0.374015E-01   0.132263E-02   0.250000E-03
 139   0.991096E-03   0.185870E-03   0.381746E-01   0.765300E-03   0.300000E-03
 140   0.163667E-02  -0.264090E-02   0.396776E-01   0.265571E-03   0.250000E-03
 141   0.215875E-02  -0.244069E-02   0.414551E-01   0.247757E-03   0.250000E-03
 142  -0.774482E-03  -0.218105E-02   0.419006E-01   0.198175E-03   0.200000E-03
 143   0.527182E-03   0.599608E-03   0.439001E-01   0.631904E-02   0.250000E-03
 144   0.766795E-03   0.252868E-03   0.295355E-01   0.758181E-02   0.300000E-03
 145  -0.415997E-03  -0.640296E-03   0.295576E-03   0.334779E-02   0.300000E-03
 146   0.315953E-03  -0.302494E-02   0.651775E-03   0.137267E-02   0.350000E-03
 147  -0.732171E-03   0.616582E-03   0.403953E-02   0.846640E-03   0.200000E-03
 148   0.208645E-02  -0.669915E-03   0.529467E-02   0.291315E-03   0.300000E-03
 149   0.137656E-02   0.367062E-03   0.609560E-02   0.194404E-02   0.450000E-03
 150   0.140108E-02  -0.959800E-03   0.752154E-02   0.148487E-02   0.200000E-03
 151   0.133294E-02  -0.955934E-03   0.938625E-02   0.162086E-02   0.200000E-03
 152   0.114425E-02  -0.747369E-03   0.103821E-01   0.139763E-02   0.200000E-03
 153   0.162954E-02   0.402207E-04   0.111481E-01   0.136342E-02   0.300000E-03
 154   0.128346E-02  -0.186063E-03   0.125808E-01   0.955142E-03   0.400000E-03
 155  -0.189817E-02   0.106484E-03   0.137671E-01   0.884012E-03   0.200000E-03
 156  -0.201383E-03  -0.136095E-02   0.147957E-01   0.122628E-02   0.400000E-03
 157   0.158554E-02   0.693767E-04   0.159332E-01   0.139291E-02   0.400000E-03
 158   0.357746E-03   0.658692E-04   0.173740E-01   0.184994E-02   0.350000E-03
 159   0.287119E-03   0.149684E-03   0.177705E-01   0.147152E-02   0.200000E-03
 160   0.916178E-03  -0.331600E-03   0.181909E-01   0.164044E-02   0.250000E-03
 161   0.135749E-02  -0.378953E-03   0.195944E-01   0.181155E-02   0.250000E-03
 162   0.144552E-02   0.318808E-03   0.209355E-01   0.181452E-02   0.200000E-03
 163   0.797141E-03  -0.158110E-03   0.221276E-01   0.109932E-02   0.350000E-03
 164   0.655316E-03  -0.659508E-03   0.227399E-01   0.217464E-02   0.300000E-03
 165   0.275421E-03  -0.135018E-02   0.248294E-01   0.157830E-02   0.250000E-03
 166   0.425665E-03  -0.644029E-03   0.256367E-01   0.156938E-02   0.250000E-03
 167   0.131165E-02   0.371440E-03   0.266249E-01   0.113711E-02   0.400000E-03
 168   0.115439E-02   0.192121E-03   0.285781E-01   0.154125E-02   0.250000E-03
 169   0.242021E-02   0.595979E-03   0.301926E-01   0.172074E-02   0.200000E-03
 170   0.770478E-03   0.241525E-03   0.307858E-01   0.179181E-02   0.400000E-03
 171   0.237570E-02   0.961936E-04   0.335033E-01   0.910079E-03   0.300000E-03
 172  -0.225585E-04   0.788274E-03   0.341800E-01   0.122313E-02   0.400000E-03
 173   0.113395E-02   0.210102E-03   0.356485E-01   0.118360E-02   0.300000E-03
 174   0.122703E-02   0.104250E-02   0.368792E-01   0.103613E-02   0.350000E-03
 175   0.118299E-02   0.568800E-03   0.390245E-01   0.888473E-03   0.300000E-03
 176   0.128589E-02   0.107215E-02   0.400851E-01   0.990144E-03   0.200000E-03
 177   0.124956E-02  -0.102993E-02   0.406058E-01   0.785434E-03   0.300000E-03
 178  -0.119644E-03   0.162939E-03   0.443968E-01   0.143936E-02   0.200000E-03
 179   0.199499E-02  -0.222175E-02   0.426978E-01   0.196135E-03   0.200000E-03
 180   0.188047E-02   0.249899E-03   0.400347E-01   0.753168E-02   0.300000E-03
 181  -0.373775E-02  -0.198971E-02   0.199598E-03   0.106116E-02   0.200000E-03
 182  -0.878125E-03  -0.129290E-02   0.136727E-02   0.216785E-02   0.200000E-03
 183  -0.474423E-02  -0.332695E-02   0.334003E-02   0.295690E-03   0.300000E-03
 184   0.173813E-02  -0.183421E-02   0.531783E-02   0.160667E-02   0.350000E-03
 185   0.850931E-03  -0.125229E-02   0.624571E-02   0.262364E-02   0.250000E-03
 186   0.261933E-03  -0.100733E-02   0.678724E-02   0.186026E-02   0.200000E-03
 187   0.722997E-03  -0.144074E-02   0.789555E-02   0.180610E-02   0.300000E-03
 188   0.122070E-02  -0.591023E-03   0.962021E-02   0.200503E-02   0.250000E-03
 189   0.163631E-02  -0.118517E-03   0.116807E-01   0.124395E-02   0.250000E-03
 190   0.152295E-02  -0.115999E-03   0.119460E-01   0.821977E-03   0.250000E-03
 191  -0.131264E-02   0.114986E-02   0.139883E-01   0.126407E-02   0.250000E-03
 192  -0.144489E-02   0.648304E-03   0.142843E-01   0.183656E-02   0.400000E-03
 193   0.918476E-03  -0.937204E-03   0.153068E-01   0.170435E-02   0.300000E-03
 194   0.734932E-03   0.418952E-03   0.165028E-01   0.195113E-02   0.400000E-03
 195   0.633409E-03   0.143968E-03   0.179327E-01   0.206849E-02   0.250000E-03
 196   0.793818E-03  -0.622171E-03   0.191299E-01   0.151221E-02   0.300000E-03
 197   0.125026E-02  -0.264550E-03   0.199688E-01   0.227931E-02   0.350000E-03
 198   0.115147E-03   0.197504E-02   0.206503E-01   0.222227E-02   0.300000E-03
 199   0.422096E-03  -0.108482E-02   0.214868E-01   0.151189E-02   0.300000E-03
 200   0.579330E-03  -0.884359E-03   0.222415E-01   0.215524E-02   0.200000E-03
 201  -0.152188E-03  -0.136576E-02   0.242805E-01   0.158380E-02   0.300000E-03
 202  -0.660225E-03   0.627009E-03   0.259815E-01   0.121309E-02   0.250000E-03
 203   0.115161E-02   0.103488E-03   0.265480E-01   0.182725E-02   0.300000E-03
 204  -0.344068E-03  -0.576678E-03   0.270921E-01   0.158433E-02   0.250000E-03
 205   0.164316E-02   0.665920E-03   0.296075E-01   0.159862E-02   0.400000E-03
 206   0.894102E-03  -0.482277E-03   0.322310E-01   0.179865E-02   0.350000E-03
 207   0.165346E-02   0.769025E-03   0.328648E-01   0.130221E-02   0.450000E-03
 208   0.769453E-03   0.332301E-03   0.335766E-01   0.166506E-02   0.350000E-03
 209   0.133840E-02   0.516884E-03   0.362417E-01   0.125962E-02   0.300000E-03
 210   0.124874E-02   0.523289E-03   0.366495E-01   0.153547E-02   0.200000E-03
 211   0.458716E-03   0.712436E-03   0.370658E-01   0.168793E-02   0.250000E-03
 212   0.108273E-02   0.275701E-04   0.400668E-01   0.592425E-03   0.200000E-03
 213  -0.770067E-04  -0.662596E-03   0.411286E-01   0.622380E-03   0.250000E-03
 214  -0.690152E-03  -0.137599E-02   0.420786E-01   0.554011E-03   0.200000E-03
 215  -0.341989E-02  -0.738188E-03   0.441527E-01   0.149925E-03   0.150000E-03
 216   0.114701E-02  -0.345915E-03   0.216533E-01   0.890058E-02   0.400000E-03
 217   0.521677E-03  -0.360615E-03   0.141476E-01   0.931328E-02   0.350000E-03
 218   0.484938E-03  -0.109262E-02   0.833288E-03   0.204368E-02   0.350000E-03
 219   0.173324E-02   0.417566E-03   0.368800E-02   0.654521E-03   0.200000E-03
 220   0.375348E-02  -0.104181E-02   0.454254E-02   0.129450E-02   0.400000E-03
 221   0.143014E-02  -0.126964E-02   0.532516E-02   0.219578E-02   0.250000E-03
 222  -0.360951E-04  -0.136621E-02   0.729986E-02   0.205912E-02   0.350000E-03
 223   0.166658E-02  -0.807242E-03   0.902058E-02   0.201847E-02   0.350000E-03
 224   0.134551E-02  -0.965062E-04   0.102140E-01   0.192106E-02   0.350000E-03
 225   0.209269E-02  -0.103261E-03   0.107169E-01   0.160803E-02   0.200000E-03
 226   0.104168E-02  -0.331155E-03   0.121608E-01   0.150686E-02   0.300000E-03
 227   0.776952E-03  -0.199040E-03   0.130036E-01   0.144166E-02   0.250000E-03
 228   0.137606E-03  -0.125892E-02   0.148622E-01   0.177083E-02   0.150000E-03
 229   0.999187E-03   0.282732E-03   0.158606E-01   0.203495E-02   0.250000E-03
 230   0.206372E-03  -0.593105E-03   0.175513E-01   0.247124E-02   0.300000E-03
 231   0.371323E-03  -0.302501E-03   0.183640E-01   0.228312E-02   0.200000E-03
 232   0.413514E-03  -0.534612E-03   0.186786E-01   0.190273E-02   0.300000E-03
 233   0.119524E-02   0.101442E-03   0.192217E-01   0.234195E-02   0.400000E-03
 234   0.102653E-02   0.171850E-04   0.213470E-01   0.209587E-02   0.300000E-03
 235   0.235431E-03  -0.954598E-03   0.224270E-01   0.167040E-02   0.300000E-03
 236   0.467892E-03  -0.680646E-03   0.233348E-01   0.215501E-02   0.300000E-03
 237  -0.465912E-03  -0.814838E-03   0.239840E-01   0.216174E-02   0.350000E-03
 238   0.134655E-02  -0.844154E-03   0.252353E-01   0.177156E-02   0.200000E-03
 239   0.985835E-03  -0.157774E-03   0.267174E-01   0.234774E-02   0.250000E-03
 240  -0.593317E-04   0.394788E-03   0.290227E-01   0.149567E-02   0.200000E-03
 241   0.239290E-02  -0.787832E-03   0.302067E-01   0.226399E-02   0.350000E-03
 242   0.118409E-02  -0.167989E-03   0.315338E-01   0.174079E-02   0.350000E-03
 243   0.100431E-02  -0.257485E-03   0.329543E-01   0.224285E-02   0.500000E-03
 244   0.203454E-02   0.278666E-03   0.354502E-01   0.199086E-02   0.200000E-03
 245   0.169057E-02   0.290220E-03   0.349335E-01   0.180690E-02   0.350000E-03
 246   0.151711E-02  -0.451790E-03   0.365960E-01   0.213128E-02   0.400000E-03
 247   0.626871E-03   0.798694E-03   0.379944E-01   0.138760E-02   0.350000E-03
 248   0.110423E-02   0.614294E-03   0.396185E-01   0.812201E-03   0.300000E-03
 249  -0.346204E-03  -0.116801E-02   0.416455E-01   0.797371E-03   0.300000E-03
 250  -0.428989E-03  -0.257066E-02   0.437328E-01   0.243270E-03   0.250000E-03
 251   0.935497E-03   0.297415E-03   0.446051E-01   0.297479E-02   0.400000E-03
 252   0.873856E-03   0.192912E-02   0.337062E-01   0.774162E-02   0.350000E-03
 253   0.749475E-03  -0.192082E-03   0.214363E-02   0.741121E-02   0.350000E-03
 254   0.722457E-02   0.471906E-02   0.137011E-02   0.965840E-03   0.350000E-03
 255  -0.343800E-03  -0.159645E-02   0.225267E-02   0.975329E-03   0.300000E-03
 256   0.168116E-02  -0.124956E-02   0.477011E-02   0.195607E-02   0.300000E-03
 257   0.338323E-03  -0.124111E-02   0.672273E-02   0.235537E-02   0.300000E-03
 258   0.140412E-02  -0.891701E-03   0.836371E-02   0.225303E-02   0.350000E-03
 259   0.130356E-02  -0.117774E-03   0.907109E-02   0.281244E-02   0.450000E-03
 260   0.139365E-02  -0.143406E-03   0.989049E-02   0.259593E-02   0.400000E-03
 261   0.598921E-03   0.412471E-04   0.116432E-01   0.179975E-02   0.300000E-03
 262   0.814819E-03  -0.254960E-04   0.121864E-01   0.215544E-02   0.350000E-03
 263   0.392633E-03  -0.118264E-03   0.135529E-01   0.167605E-02   0.350000E-03
 264   0.314695E-03   0.106241E-02   0.148634E-01   0.221935E-02   0.300000E-03
 265   0.652786E-03   0.477334E-03   0.166223E-01   0.253899E-02   0.200000E-03
 266   0.503977E-04   0.994032E-04   0.170218E-01   0.233167E-02   0.250000E-03
 267   0.708585E-04  -0.405564E-03   0.171292E-01   0.281683E-02   0.250000E-03
 268   0.840481E-03   0.247974E-03   0.186437E-01   0.263377E-02   0.250000E-03
 269   0.910649E-03  -0.167689E-04   0.190956E-01   0.297950E-02   0.250000E-03
 270   0.130127E-02  -0.485914E-04   0.196923E-01   0.292064E-02   0.350000E-03
 271   0.337683E-03  -0.815771E-03   0.219109E-01   0.185250E-02   0.250000E-03
 272   0.783873E-03  -0.350791E-03   0.223449E-01   0.274424E-02   0.400000E-03
 273   0.972112E-03  -0.419600E-03   0.235762E-01   0.279809E-02   0.400000E-03
 274   0.309809E-03  -0.517563E-03   0.257798E-01   0.203999E-02   0.250000E-03
 275   0.121742E-02  -0.846268E-04   0.262235E-01   0.226747E-02   0.250000E-03
 276   0.525276E-03   0.322798E-03   0.274724E-01   0.197348E-02   0.300000E-03
 277   0.163040E-02   0.441527E-03   0.294361E-01   0.217119E-02   0.200000E-03
 278   0.670892E-03  -0.332441E-03   0.318570E-01   0.238922E-02   0.350000E-03
 279   0.967798E-03  -0.160755E-03   0.323648E-01   0.270053E-02   0.250000E-03
 280  -0.290176E-04   0.512244E-03   0.342944E-01   0.191347E-02   0.300000E-03
 281   0.151948E-02   0.574022E-03   0.358770E-01   0.173241E-02   0.300000E-03
 282  -0.590439E-03  -0.970786E-04   0.375464E-01   0.179835E-02   0.250000E-03
 283   0.124201E-02   0.347500E-03   0.384966E-01   0.161173E-02   0.200000E-03
 284   0.130904E-02   0.623753E-03   0.385501E-01   0.116523E-02   0.250000E-03
 285   0.268453E-03   0.182611E-03   0.410941E-01   0.121663E-02   0.350000E-03
 286   0.467602E-03  -0.102342E-02   0.432200E-01   0.892742E-03   0.300000E-03
 287   0.118994E-02  -0.194868E-02   0.428430E-01   0.121779E-02   0.200000E-03
 288   0.131052E-02  -0.812535E-03   0.592468E-02   0.796689E-02   0.350000E-03
 289  -0.283511E-02  -0.337713E-02   0.246490E-03   0.230602E-02   0.250000E-03
 290  -0.159920E-03  -0.294562E-02   0.183562E-02   0.140683E-02   0.300000E-03
 291   0.278435E-02  -0.133369E-02   0.248867E-02   0.163579E-02   0.400000E-03
 292  -0.468093E-02  -0.177946E-03   0.311874E-02   0.151645E-02   0.250000E-03
 293   0.210651E-02  -0.105650E-02   0.570125E-02   0.258449E-02   0.300000E-03
 294   0.155652E-02   0.141231E-04   0.824061E-02   0.298536E-02   0.400000E-03
 295   0.105779E-02  -0.473958E-03   0.969976E-02   0.337978E-02   0.400000E-03
 296   0.131030E-02  -0.307875E-03   0.111072E-01   0.190897E-02   0.250000E-03
 297   0.188819E-02  -0.113826E-03   0.107113E-01   0.195346E-02   0.150000E-03
 298   0.627101E-03  -0.404029E-03   0.126253E-01   0.168438E-02   0.200000E-03
 299   0.341958E-04  -0.943190E-03   0.138705E-01   0.233237E-02   0.250000E-03
 300   0.135177E-03   0.368456E-03   0.149152E-01   0.271251E-02   0.200000E-03
 301   0.102395E-04   0.772639E-03   0.154353E-01   0.237069E-02   0.300000E-03
 302   0.392193E-03   0.712552E-04   0.170633E-01   0.335838E-02   0.300000E-03
 303   0.597427E-03  -0.730499E-03   0.180428E-01   0.251108E-02   0.200000E-03
 304   0.820967E-03   0.205949E-03   0.182331E-01   0.291607E-02   0.250000E-03
 305   0.696534E-03   0.694913E-03   0.193920E-01   0.331794E-02   0.150000E-03
 306   0.123746E-02  -0.449240E-03   0.204092E-01   0.282095E-02   0.350000E-03
 307   0.261175E-03  -0.469653E-03   0.218338E-01   0.234538E-02   0.250000E-03
 308   0.511448E-03  -0.573054E-03   0.227534E-01   0.336738E-02   0.350000E-03
 309   0.102265E-02   0.225650E-03   0.245507E-01   0.264360E-02   0.400000E-03
 310   0.107436E-02   0.488172E-03   0.251369E-01   0.226138E-02   0.300000E-03
 311   0.790619E-03  -0.304795E-03   0.272672E-01   0.258397E-02   0.350000E-03
 312   0.316550E-03   0.542220E-03   0.281174E-01   0.191858E-02   0.350000E-03
 313   0.965693E-03  -0.162817E-03   0.296811E-01   0.254330E-02   0.250000E-03
 314   0.625825E-03  -0.210152E-03   0.312135E-01   0.234300E-02   0.300000E-03
 315   0.122709E-02  -0.332357E-03   0.334403E-01   0.287165E-02   0.300000E-03
 316   0.124195E-02  -0.324050E-03   0.337983E-01   0.233189E-02   0.350000E-03
 317   0.144169E-02  -0.635049E-03   0.350704E-01   0.254224E-02   0.400000E-03
 318   0.190548E-02  -0.514964E-03   0.358575E-01   0.242783E-02   0.400000E-03
 319   0.113533E-02   0.594881E-03   0.389683E-01   0.143485E-02   0.250000E-03
 320   0.164934E-02   0.265780E-03   0.398325E-01   0.142113E-02   0.300000E-03
 321   0.343200E-03   0.537152E-03   0.404267E-01   0.135117E-02   0.300000E-03
 322   0.176511E-02  -0.683514E-03   0.425924E-01   0.732630E-03   0.350000E-03
 323  -0.416800E-03   0.680324E-03   0.439624E-01   0.211282E-02   0.350000E-03
 324   0.184918E-02   0.227823E-03   0.396165E-01   0.717459E-02   0.250000E-03
 325   0.757033E-03  -0.393194E-03   0.152708E-02   0.761673E-02   0.300000E-03
 326   0.161086E-02  -0.979295E-03   0.122572E-02   0.154805E-02   0.250000E-03
 327   0.329005E-03   0.109739E-02   0.199166E-02   0.219544E-02   0.350000E-03
 328   0.416545E-03   0.567425E-03   0.379204E-02   0.166999E-02   0.450000E-03
 329   0.160634E-02   0.537812E-04   0.660199E-02   0.315293E-02   0.400000E-03
 330  -0.309569E-04  -0.871442E-03   0.723694E-02   0.275330E-02   0.350000E-03
 331   0.890257E-03  -0.540117E-03   0.778528E-02   0.241151E-02   0.250000E-03
 332   0.205319E-02  -0.803793E-03   0.108120E-01   0.253957E-02   0.450000E-03
 333   0.538238E-03  -0.361556E-03   0.115469E-01   0.239111E-02   0.300000E-03
 334   0.605671E-03  -0.596555E-03   0.129935E-01   0.193928E-02   0.250000E-03
 335   0.548680E-03  -0.853386E-03   0.133814E-01   0.225039E-02   0.250000E-03
 336  -0.271862E-03  -0.208361E-03   0.143705E-01   0.256121E-02   0.300000E-03
 337   0.690095E-03  -0.676888E-03   0.161006E-01   0.252797E-02   0.300000E-03
 338   0.558059E-03   0.498073E-04   0.166793E-01   0.374193E-02   0.250000E-03
 339   0.741891E-03   0.381778E-03   0.176655E-01   0.311096E-02   0.350000E-03
 340   0.115151E-02   0.423975E-03   0.189953E-01   0.352700E-02   0.300000E-03
 341   0.995969E-03  -0.281446E-03   0.201266E-01   0.340068E-02   0.300000E-03
 342   0.114958E-02  -0.215237E-03   0.206203E-01   0.332779E-02   0.200000E-03
 343   0.417898E-04   0.133393E-03   0.216554E-01   0.286415E-02   0.300000E-03
 344   0.857603E-03  -0.136370E-03   0.238718E-01   0.336290E-02   0.250000E-03
 345  -0.112669E-03  -0.487837E-03   0.251507E-01   0.299904E-02   0.300000E-03
 346   0.501380E-03  -0.722294E-03   0.256767E-01   0.262770E-02   0.350000E-03
 347   0.914885E-03  -0.307877E-03   0.263742E-01   0.289777E-02   0.400000E-03
 348   0.174124E-03  -0.162513E-03   0.289718E-01   0.199028E-02   0.300000E-03
 349   0.229896E-02  -0.677741E-03   0.300935E-01   0.284778E-02   0.250000E-03
 350   0.144896E-02  -0.857295E-03   0.320750E-01   0.316542E-02   0.300000E-03
 351   0.107229E-02  -0.456008E-04   0.328263E-01   0.308030E-02   0.350000E-03
 352   0.160548E-02  -0.577931E-03   0.345035E-01   0.309909E-02   0.400000E-03
 353   0.139482E-02  -0.822800E-04   0.358959E-01   0.302152E-02   0.200000E-03
 354  -0.237260E-03  -0.634584E-03   0.372424E-01   0.219483E-02   0.250000E-03
 355   0.254763E-03   0.329004E-03   0.380388E-01   0.203352E-02   0.300000E-03
 356   0.108221E-02   0.570637E-03   0.393763E-01   0.161999E-02   0.200000E-03
 357  -0.173658E-03   0.627386E-03   0.408179E-01   0.180001E-02   0.300000E-03
 358  -0.324614E-03  -0.173383E-04   0.416764E-01   0.134424E-02   0.250000E-03
 359  -0.206624E-03   0.390130E-03   0.442637E-01   0.531020E-02   0.250000E-03
 360  -0.181180E-02  -0.469641E-03   0.448000E-01   0.418147E-02   0.200000E-03
 361   0.637435E-04  -0.497293E-03   0.687966E-03   0.277560E-02   0.400000E-03
 362  -0.715627E-03  -0.425009E-03   0.148621E-02   0.275217E-02   0.400000E-03
 363   0.600665E-03  -0.482346E-03   0.310456E-02   0.201692E-02   0.250000E-03
 364   0.518534E-04  -0.836032E-04   0.490786E-02   0.254595E-02   0.300000E-03
 365   0.262922E-02  -0.399248E-05   0.590304E-02   0.314713E-02   0.300000E-03
 366   0.133694E-02   0.312186E-03   0.617148E-02   0.370116E-02   0.300000E-03
 367   0.623180E-03   0.371071E-03   0.871562E-02   0.335163E-02   0.200000E-03
 368   0.141502E-02  -0.334899E-03   0.103483E-01   0.312209E-02   0.300000E-03
 369   0.331405E-03  -0.721035E-03   0.118699E-01   0.295440E-02   0.350000E-03
 370   0.492065E-03  -0.595579E-03   0.128135E-01   0.256170E-02   0.400000E-03
 371  -0.521027E-04  -0.490781E-03   0.137430E-01   0.286347E-02   0.300000E-03
 372   0.530422E-04  -0.236670E-03   0.150423E-01   0.329454E-02   0.400000E-03
 373   0.378912E-04   0.320609E-03   0.156499E-01   0.292391E-02   0.300000E-03
 374   0.892959E-03   0.208306E-03   0.163913E-01   0.316291E-02   0.400000E-03
 375   0.686798E-03   0.427065E-03   0.175366E-01   0.393390E-02   0.450000E-03
 376   0.774104E-03   0.490670E-04   0.186581E-01   0.308228E-02   0.200000E-03
 377   0.432767E-03   0.328805E-04   0.195966E-01   0.377309E-02   0.350000E-03
 378   0.848346E-03   0.392512E-03   0.210853E-01   0.263539E-02   0.300000E-03
 379   0.395908E-03  -0.129404E-03   0.211683E-01   0.329318E-02   0.350000E-03
 380   0.648480E-04   0.640241E-03   0.220069E-01   0.341069E-02   0.350000E-03
 381   0.104600E-02  -0.226256E-03   0.244654E-01   0.338680E-02   0.350000E-03
 382   0.706773E-03  -0.454353E-03   0.267423E-01   0.348477E-02   0.300000E-03
 383   0.265304E-03   0.677363E-03   0.278535E-01   0.245715E-02   0.250000E-03
 384  -0.288545E-03  -0.127309E-04   0.285442E-01   0.240283E-02   0.300000E-03
 385   0.192357E-03   0.331755E-03   0.291318E-01   0.256840E-02   0.300000E-03
 386   0.165113E-02  -0.106714E-02   0.307105E-01   0.266642E-02   0.300000E-03
 387   0.156537E-02  -0.353694E-03   0.324725E-01   0.367616E-02   0.350000E-03
 388   0.104612E-02  -0.169656E-04   0.354270E-01   0.345897E-02   0.450000E-03
 389   0.130528E-02  -0.253219E-03   0.360718E-01   0.337786E-02   0.200000E-03
 390   0.147260E-02  -0.123977E-03   0.364846E-01   0.292062E-02   0.400000E-03
 391   0.903431E-03   0.318780E-04   0.376871E-01   0.251687E-02   0.300000E-03
 392   0.115035E-02   0.310551E-03   0.390496E-01   0.192736E-02   0.250000E-03
 393   0.104184E-02   0.393110E-03   0.396183E-01   0.211289E-02   0.350000E-03
 394   0.165764E-02  -0.410034E-03   0.422194E-01   0.126447E-02   0.300000E-03
 395  -0.204336E-03   0.392628E-03   0.439009E-01   0.146821E-02   0.300000E-03
 396   0.113222E-02   0.149435E-02   0.444158E-01   0.241304E-02   0.200000E-03
 397   0.717626E-04  -0.370052E-03   0.973537E-03   0.351918E-02   0.400000E-03
 398   0.338445E-03  -0.307816E-03   0.264466E-02   0.231800E-02   0.300000E-03
 399   0.963224E-03  -0.189568E-03   0.352995E-02   0.236544E-02   0.300000E-03
 400   0.110558E-03   0.413384E-05   0.422791E-02   0.239832E-02   0.400000E-03
 401   0.183385E-02  -0.672275E-04   0.574361E-02   0.395804E-02   0.200000E-03
 402   0.705155E-03   0.188611E-04   0.728544E-02   0.344863E-02   0.350000E-03
 403   0.745670E-03   0.487987E-04   0.853267E-02   0.375848E-02   0.250000E-03
 404   0.134399E-03   0.165670E-03   0.907717E-02   0.369655E-02   0.300000E-03
 405   0.402759E-03  -0.596815E-03   0.119749E-01   0.351604E-02   0.200000E-03
 406   0.583856E-03  -0.555552E-03   0.125332E-01   0.330394E-02   0.400000E-03
 407   0.317862E-03  -0.658774E-03   0.132113E-01   0.313650E-02   0.300000E-03
 408   0.526610E-03  -0.307609E-03   0.142456E-01   0.334912E-02   0.400000E-03
 409   0.675715E-04  -0.254924E-03   0.157404E-01   0.356090E-02   0.350000E-03
 410   0.510293E-03   0.172324E-03   0.162049E-01   0.401012E-02   0.300000E-03
 411   0.832459E-03   0.173044E-03   0.167377E-01   0.428353E-02   0.300000E-03
 412   0.658958E-03   0.421375E-03   0.182977E-01   0.356004E-02   0.400000E-03
 413   0.117457E-02  -0.532915E-04   0.202778E-01   0.397744E-02   0.300000E-03
 414   0.825078E-03  -0.553391E-03   0.207780E-01   0.374854E-02   0.250000E-03
 415   0.828342E-03  -0.377625E-04   0.208351E-01   0.439572E-02   0.400000E-03
 416   0.555474E-04   0.280108E-03   0.224197E-01   0.403542E-02   0.400000E-03
 417   0.882654E-03  -0.300708E-03   0.233672E-01   0.357072E-02   0.300000E-03
 418   0.339108E-04  -0.618718E-03   0.251096E-01   0.364455E-02   0.350000E-03
 419   0.572504E-03  -0.610664E-03   0.277677E-01   0.306893E-02   0.350000E-03
 420  -0.323460E-03  -0.761341E-04   0.283397E-01   0.290533E-02   0.250000E-03
 421   0.784929E-03   0.377729E-03   0.295681E-01   0.312684E-02   0.350000E-03
 422   0.216292E-02  -0.803790E-03   0.313311E-01   0.308344E-02   0.450000E-03
 423   0.121682E-02  -0.469166E-03   0.338182E-01   0.339204E-02   0.350000E-03
 424   0.169099E-02  -0.280968E-03   0.347407E-01   0.375498E-02   0.300000E-03
 425   0.112991E-02  -0.325544E-03   0.369955E-01   0.339413E-02   0.300000E-03
 426   0.948691E-03  -0.106599E-05   0.371759E-01   0.282253E-02   0.300000E-03
 427   0.678225E-03  -0.595722E-03   0.380390E-01   0.312572E-02   0.300000E-03
 428   0.134671E-02   0.265365E-03   0.385816E-01   0.209647E-02   0.250000E-03
 429   0.703292E-03   0.618668E-03   0.402323E-01   0.191333E-02   0.300000E-03
 430  -0.850001E-04   0.424943E-03   0.419391E-01   0.187844E-02   0.350000E-03
 431   0.740324E-03   0.943330E-04   0.426794E-01   0.179134E-02   0.400000E-03
 432   0.784998E-03   0.378814E-03   0.433042E-01   0.148149E-02   0.300000E-03
 433  -0.148705E-03  -0.716788E-03   0.348435E-03   0.399307E-02   0.350000E-03
 434  -0.157856E-02  -0.610531E-03   0.158016E-02   0.183158E-02   0.200000E-03
 435   0.136192E-02  -0.102987E-02   0.315594E-02   0.288881E-02   0.350000E-03
 436   0.693972E-03   0.320194E-03   0.528662E-02   0.294068E-02   0.250000E-03
 437   0.194167E-02   0.156482E-03   0.564915E-02   0.357308E-02   0.200000E-03
 438   0.135275E-02  -0.258758E-03   0.676070E-02   0.383212E-02   0.300000E-03
 439   0.105716E-02   0.364363E-03   0.794183E-02   0.366850E-02   0.350000E-03
 440   0.181616E-02  -0.125376E-03   0.108874E-01   0.377241E-02   0.200000E-03
 441   0.191321E-02  -0.146035E-03   0.109269E-01   0.327697E-02   0.300000E-03
 442   0.852117E-04   0.844474E-03   0.130945E-01   0.372364E-02   0.300000E-03
 443   0.555747E-03  -0.324439E-03   0.136158E-01   0.350879E-02   0.250000E-03
 444   0.375666E-05  -0.219768E-03   0.152333E-01   0.396457E-02   0.300000E-03
 445   0.502721E-03   0.335263E-03   0.156934E-01   0.448552E-02   0.400000E-03
 446   0.647545E-03   0.303122E-03   0.162905E-01   0.449812E-02   0.200000E-03
 447   0.793422E-03   0.151965E-03   0.172325E-01   0.461638E-02   0.300000E-03
 448   0.734011E-03   0.374532E-03   0.183283E-01   0.445652E-02   0.500000E-03
 449   0.218943E-03   0.283466E-03   0.192224E-01   0.442006E-02   0.400000E-03
 450   0.107300E-02   0.180645E-03   0.199165E-01   0.445321E-02   0.300000E-03
 451   0.538095E-03   0.216077E-03   0.215057E-01   0.396268E-02   0.400000E-03
 452   0.441920E-03  -0.239450E-03   0.219177E-01   0.458735E-02   0.350000E-03
 453   0.759368E-03  -0.560128E-03   0.240201E-01   0.393920E-02   0.350000E-03
 454   0.660338E-03  -0.557606E-03   0.257319E-01   0.332500E-02   0.350000E-03
 455   0.718363E-03  -0.371204E-03   0.269580E-01   0.303597E-02   0.200000E-03
 456   0.774403E-03   0.218001E-03   0.288732E-01   0.317080E-02   0.350000E-03
 457   0.168406E-02  -0.106609E-02   0.304911E-01   0.322110E-02   0.300000E-03
 458   0.162034E-02  -0.571362E-03   0.307080E-01   0.382329E-02   0.350000E-03
 459   0.181930E-02  -0.476159E-03   0.317810E-01   0.374958E-02   0.350000E-03
 460   0.164805E-02  -0.356148E-03   0.342020E-01   0.385186E-02   0.250000E-03
 461   0.130562E-02  -0.305607E-03   0.364760E-01   0.356932E-02   0.250000E-03
 462   0.588261E-03  -0.683499E-03   0.376576E-01   0.427855E-02   0.300000E-03
 463   0.293172E-03   0.164605E-03   0.382808E-01   0.257929E-02   0.300000E-03
 464   0.141486E-02   0.248280E-03   0.390209E-01   0.263700E-02   0.450000E-03
 465   0.288966E-03   0.734865E-03   0.407094E-01   0.238650E-02   0.300000E-03
 466   0.380013E-03   0.840525E-03   0.411726E-01   0.257051E-02   0.200000E-03
 467   0.461719E-03  -0.583249E-04   0.435654E-01   0.255980E-02   0.250000E-03
 468   0.589395E-03   0.200670E-03   0.435809E-01   0.383305E-02   0.350000E-03
 469   0.124460E-03  -0.780016E-03   0.105547E-02   0.436284E-02   0.450000E-03
 470  -0.141394E-03  -0.477434E-03   0.218287E-02   0.281535E-02   0.300000E-03
 471   0.605692E-03  -0.119686E-02   0.387109E-02   0.311209E-02   0.400000E-03
 472   0.932626E-03  -0.114100E-02   0.456658E-02   0.303788E-02   0.300000E-03
 473   0.111904E-02  -0.833377E-03   0.505098E-02   0.354226E-02   0.400000E-03
 474   0.887377E-03   0.694652E-04   0.745532E-02   0.401696E-02   0.250000E-03
 475   0.935525E-03   0.565483E-04   0.810659E-02   0.434695E-02   0.350000E-03
 476   0.797769E-03   0.849754E-03   0.955317E-02   0.406020E-02   0.300000E-03
 477  -0.256279E-03  -0.100889E-02   0.113202E-01   0.294424E-02   0.200000E-03
 478   0.575763E-03  -0.347567E-03   0.122498E-01   0.399165E-02   0.350000E-03
 479   0.563182E-03  -0.243339E-03   0.142062E-01   0.399547E-02   0.250000E-03
 480   0.218400E-03  -0.144200E-03   0.146791E-01   0.383328E-02   0.250000E-03
 481  -0.249125E-03   0.909310E-04   0.148130E-01   0.431613E-02   0.250000E-03
 482   0.553152E-03  -0.194450E-03   0.162819E-01   0.509216E-02   0.400000E-03
 483   0.734105E-03  -0.582694E-04   0.169786E-01   0.515953E-02   0.300000E-03
 484   0.430183E-03  -0.937465E-04   0.186073E-01   0.520298E-02   0.300000E-03
 485  -0.136003E-03  -0.339690E-03   0.196061E-01   0.506316E-02   0.350000E-03
 486   0.908639E-03  -0.180110E-03   0.202643E-01   0.493969E-02   0.300000E-03
 487   0.743019E-03  -0.426569E-03   0.213269E-01   0.495803E-02   0.350000E-03
 488   0.453191E-03  -0.493273E-03   0.218479E-01   0.513203E-02   0.200000E-03
 489   0.380748E-03  -0.653711E-03   0.246177E-01   0.398419E-02   0.250000E-03
 490   0.130651E-02  -0.861400E-03   0.272773E-01   0.339675E-02   0.250000E-03
 491   0.104425E-02   0.206293E-03   0.282902E-01   0.345457E-02   0.300000E-03
 492   0.956990E-03   0.207632E-03   0.292702E-01   0.380542E-02   0.400000E-03
 493   0.843092E-03  -0.275791E-04   0.300205E-01   0.359319E-02   0.300000E-03
 494   0.207978E-02  -0.698059E-03   0.312405E-01   0.372408E-02   0.200000E-03
 495   0.125234E-02  -0.438243E-03   0.328910E-01   0.402725E-02   0.200000E-03
 496   0.130214E-02  -0.319034E-03   0.359493E-01   0.419620E-02   0.350000E-03
 497   0.124841E-02  -0.853241E-04   0.361088E-01   0.372423E-02   0.150000E-03
 498   0.344841E-03  -0.209117E-03   0.373693E-01   0.381063E-02   0.250000E-03
 499   0.161552E-03  -0.306990E-03   0.375383E-01   0.334142E-02   0.250000E-03
 500   0.137534E-02   0.208691E-03   0.394013E-01   0.310000E-02   0.150000E-03
 501   0.609442E-03   0.677456E-03   0.401655E-01   0.245772E-02   0.250000E-03
 502   0.386590E-03   0.384599E-03   0.413321E-01   0.210112E-02   0.300000E-03
 503   0.125120E-02  -0.791326E-04   0.429710E-01   0.262943E-02   0.350000E-03
 504   0.972987E-03   0.485436E-03   0.433144E-01   0.207787E-02   0.300000E-03
 505  -0.247360E-03  -0.583476E-03   0.165214E-02   0.383100E-02   0.350000E-03
 506  -0.359725E-03  -0.152883E-03   0.186886E-02   0.327263E-02   0.250000E-03
 507  -0.388751E-03  -0.309226E-03   0.332639E-02   0.346574E-02   0.250000E-03
 508   0.906133E-03  -0.920458E-03   0.435663E-02   0.361410E-02   0.300000E-03
 509   0.131165E-02  -0.368287E-03   0.608954E-02   0.424464E-02   0.250000E-03
 510   0.936543E-03  -0.845824E-04   0.749427E-02   0.455761E-02   0.300000E-03
 511   0.484596E-03  -0.570990E-03   0.877776E-02   0.424897E-02   0.300000E-03
 512   0.119796E-02  -0.124127E-03   0.103397E-01   0.376799E-02   0.350000E-03
 513   0.761530E-03  -0.685105E-03   0.114785E-01   0.350299E-02   0.300000E-03
 514   0.466101E-03  -0.430068E-03   0.128830E-01   0.439024E-02   0.400000E-03
 515  -0.258481E-03  -0.104963E-03   0.136174E-01   0.410959E-02   0.350000E-03
 516   0.646307E-03  -0.380658E-03   0.142826E-01   0.458844E-02   0.350000E-03
 517  -0.360906E-03   0.183031E-04   0.151462E-01   0.453701E-02   0.150000E-03
 518   0.602203E-03  -0.892038E-04   0.154990E-01   0.525528E-02   0.400000E-03
 519   0.840219E-03   0.328604E-03   0.177152E-01   0.504070E-02   0.350000E-03
 520  -0.700343E-04  -0.338348E-03   0.191252E-01   0.550024E-02   0.300000E-03
 521   0.678259E-03   0.560854E-03   0.201064E-01   0.562072E-02   0.400000E-03
 522  -0.946337E-03  -0.167213E-02   0.206950E-01   0.527757E-02   0.250000E-03
 523   0.500310E-03  -0.189941E-03   0.218271E-01   0.558006E-02   0.250000E-03
 524   0.570821E-03   0.301730E-03   0.231149E-01   0.411181E-02   0.300000E-03
 525   0.145722E-03  -0.318167E-03   0.251587E-01   0.439124E-02   0.400000E-03
 526   0.326776E-03  -0.355929E-03   0.256232E-01   0.394010E-02   0.250000E-03
 527   0.925325E-03   0.291662E-03   0.277518E-01   0.371852E-02   0.300000E-03
 528   0.816177E-03  -0.425380E-04   0.291456E-01   0.454449E-02   0.350000E-03
 529   0.141170E-02   0.489579E-03   0.304889E-01   0.442528E-02   0.300000E-03
 530   0.801340E-03  -0.103056E-02   0.321648E-01   0.407012E-02   0.150000E-03
 531   0.521526E-03  -0.103886E-02   0.330533E-01   0.358014E-02   0.200000E-03
 532   0.127855E-02  -0.358125E-03   0.352055E-01   0.427767E-02   0.400000E-03
 533   0.124282E-02  -0.424919E-03   0.368444E-01   0.397335E-02   0.300000E-03
 534  -0.423103E-03   0.138777E-02   0.382405E-01   0.442793E-02   0.300000E-03
 535  -0.207157E-04   0.831316E-03   0.379182E-01   0.373806E-02   0.300000E-03
 536   0.140894E-02   0.428559E-03   0.386928E-01   0.313659E-02   0.150000E-03
 537   0.337364E-03   0.468530E-03   0.404434E-01   0.274317E-02   0.150000E-03
 538   0.370102E-04   0.383356E-04   0.417708E-01   0.250512E-02   0.300000E-03
 539   0.102078E-02  -0.177430E-03   0.423606E-01   0.240971E-02   0.300000E-03
 540   0.720017E-03   0.175321E-03   0.439701E-01   0.284493E-02   0.250000E-03
 541   0.453602E-03  -0.341499E-03   0.474201E-02   0.852003E-02   0.300000E-03
 542   0.378565E-03   0.700791E-04   0.257814E-02   0.350755E-02   0.500000E-03
 543   0.409329E-03  -0.525560E-03   0.376176E-02   0.380181E-02   0.300000E-03
 544   0.712316E-03  -0.275541E-03   0.419693E-02   0.413811E-02   0.250000E-03
 545   0.149937E-02   0.389436E-04   0.532802E-02   0.412697E-02   0.250000E-03
 546   0.527625E-03  -0.316207E-03   0.859261E-02   0.497491E-02   0.450000E-03
 547   0.125737E-02  -0.804487E-04   0.927152E-02   0.458822E-02   0.300000E-03
 548  -0.728957E-04  -0.734250E-03   0.977551E-02   0.450464E-02   0.200000E-03
 549   0.176021E-02  -0.325848E-03   0.110812E-01   0.433704E-02   0.400000E-03
 550   0.847890E-03  -0.142893E-03   0.116509E-01   0.402441E-02   0.250000E-03
 551   0.587933E-03  -0.454989E-03   0.135507E-01   0.490878E-02   0.450000E-03
 552   0.588412E-03  -0.400954E-03   0.142554E-01   0.528533E-02   0.350000E-03
 553  -0.872121E-04   0.527592E-03   0.148507E-01   0.481450E-02   0.250000E-03
 554   0.597131E-03  -0.387937E-03   0.151042E-01   0.576526E-02   0.250000E-03
 555   0.587672E-03  -0.149658E-03   0.160319E-01   0.584988E-02   0.400000E-03
 556   0.291095E-03  -0.158436E-03   0.181190E-01   0.554707E-02   0.300000E-03
 557   0.265918E-03   0.195218E-03   0.188589E-01   0.483163E-02   0.150000E-03
 558   0.636212E-03  -0.380997E-03   0.211921E-01   0.569287E-02   0.400000E-03
 559  -0.176563E-03  -0.390845E-03   0.225941E-01   0.466124E-02   0.250000E-03
 560   0.628812E-03  -0.305169E-03   0.236877E-01   0.443291E-02   0.250000E-03
 561   0.515944E-03  -0.269552E-03   0.259086E-01   0.446636E-02   0.350000E-03
 562   0.419562E-03  -0.700147E-03   0.262094E-01   0.383625E-02   0.350000E-03
 563   0.107193E-02   0.290790E-03   0.285354E-01   0.410914E-02   0.400000E-03
 564   0.992265E-03  -0.117675E-03   0.285454E-01   0.480802E-02   0.300000E-03
 565   0.120657E-02   0.250399E-03   0.298688E-01   0.425019E-02   0.350000E-03
 566   0.201968E-02  -0.315611E-03   0.312848E-01   0.437671E-02   0.450000E-03
 567   0.121471E-02  -0.428594E-03   0.332794E-01   0.329159E-02   0.150000E-03
 568   0.120909E-02  -0.547567E-03   0.338578E-01   0.383797E-02   0.100000E-03
 569   0.119432E-02  -0.715605E-03   0.369996E-01   0.449835E-02   0.250000E-03
 570   0.897805E-03   0.245633E-03   0.378207E-01   0.485493E-02   0.300000E-03
 571   0.146245E-02   0.232768E-03   0.384791E-01   0.352754E-02   0.300000E-03
 572   0.113802E-02   0.313180E-03   0.390639E-01   0.339634E-02   0.300000E-03
 573   0.141031E-02   0.134448E-03   0.397463E-01   0.281145E-02   0.300000E-03
 574   0.196268E-03   0.978667E-05   0.414244E-01   0.322099E-02   0.500000E-03
 575   0.538139E-03   0.617433E-03   0.421405E-01   0.291101E-02   0.250000E-03
 576   0.288533E-03   0.293505E-03   0.444198E-01   0.385704E-02   0.300000E-03
 577  -0.594392E-04  -0.119029E-02   0.299526E-03   0.464015E-02   0.300000E-03
 578   0.361375E-03  -0.317418E-03   0.261376E-02   0.435140E-02   0.350000E-03
 579   0.639493E-03  -0.241047E-04   0.476613E-02   0.433415E-02   0.350000E-03
 580   0.157655E-02  -0.959718E-04   0.544292E-02   0.461130E-02   0.250000E-03
 581   0.103926E-02  -0.455042E-03   0.707860E-02   0.415045E-02   0.150000E-03
 582   0.815118E-03  -0.514035E-03   0.794475E-02   0.487234E-02   0.200000E-03
 583   0.440584E-03   0.664236E-03   0.995067E-02   0.491604E-02   0.250000E-03
 584   0.125976E-02  -0.183491E-03   0.103441E-01   0.446550E-02   0.350000E-03
 585   0.475839E-03  -0.149633E-02   0.107221E-01   0.516819E-02   0.450000E-03
 586   0.516613E-03  -0.556378E-03   0.118812E-01   0.452344E-02   0.300000E-03
 587   0.568966E-03  -0.525755E-03   0.123562E-01   0.467559E-02   0.200000E-03
 588   0.749674E-03   0.297202E-03   0.136683E-01   0.554774E-02   0.200000E-03
 589   0.160137E-02  -0.290402E-03   0.148533E-01   0.532536E-02   0.250000E-03
 590   0.845322E-03  -0.227420E-03   0.154625E-01   0.603636E-02   0.200000E-03
 591   0.963731E-03   0.499670E-04   0.173863E-01   0.553590E-02   0.250000E-03
 592   0.306540E-03  -0.973639E-04   0.181522E-01   0.614341E-02   0.300000E-03
 593  -0.918626E-03  -0.142131E-02   0.194934E-01   0.597026E-02   0.300000E-03
 594   0.691598E-03  -0.315708E-03   0.206173E-01   0.616932E-02   0.350000E-03
 595   0.437956E-03  -0.335911E-03   0.222350E-01   0.503455E-02   0.200000E-03
 596   0.474472E-03  -0.366831E-03   0.231864E-01   0.475639E-02   0.350000E-03
 597   0.761119E-03  -0.558896E-03   0.243866E-01   0.459049E-02   0.400000E-03
 598   0.104472E-02   0.599347E-04   0.266051E-01   0.440989E-02   0.350000E-03
 599   0.103795E-02   0.117209E-03   0.271577E-01   0.398108E-02   0.350000E-03
 600   0.110750E-02  -0.196978E-03   0.298944E-01   0.489749E-02   0.300000E-03
 601   0.113205E-02  -0.109594E-03   0.305202E-01   0.506454E-02   0.350000E-03
 602   0.957671E-03   0.221672E-03   0.309927E-01   0.490064E-02   0.150000E-03
 603   0.113425E-02  -0.276698E-03   0.330433E-01   0.455416E-02   0.350000E-03
 604   0.118772E-02  -0.376506E-03   0.334347E-01   0.397441E-02   0.350000E-03
 605   0.108105E-02  -0.737789E-03   0.364165E-01   0.477901E-02   0.400000E-03
 606   0.129717E-02   0.333571E-03   0.385093E-01   0.514325E-02   0.450000E-03
 607   0.124399E-02  -0.237594E-03   0.386357E-01   0.404916E-02   0.250000E-03
 608   0.114744E-02   0.287557E-04   0.396671E-01   0.346215E-02   0.300000E-03
 609   0.852271E-03  -0.400932E-03   0.402630E-01   0.320345E-02   0.350000E-03
 610   0.516805E-03   0.491201E-03   0.409023E-01   0.279248E-02   0.150000E-03
 611   0.666559E-03   0.275998E-03   0.428117E-01   0.362005E-02   0.450000E-03
 612   0.461669E-03   0.454482E-03   0.434489E-01   0.314367E-02   0.350000E-03
 613   0.988690E-03  -0.105240E-02   0.104367E-01   0.862689E-02   0.350000E-03
 614   0.955953E-03  -0.184654E-03   0.313819E-02   0.450765E-02   0.200000E-03
 615   0.491314E-03  -0.203602E-03   0.368223E-02   0.444535E-02   0.350000E-03
 616   0.183982E-02  -0.402971E-03   0.569446E-02   0.430271E-02   0.150000E-03
 617   0.121473E-02  -0.297247E-03   0.664501E-02   0.446744E-02   0.350000E-03
 618   0.696718E-03  -0.598721E-03   0.811163E-02   0.554900E-02   0.300000E-03
 619   0.131406E-02  -0.195943E-04   0.931112E-02   0.518450E-02   0.300000E-03
 620   0.725272E-03  -0.494946E-03   0.989570E-02   0.556102E-02   0.400000E-03
 621   0.126038E-02  -0.468736E-03   0.114106E-01   0.535034E-02   0.250000E-03
 622   0.132062E-02  -0.119493E-02   0.114545E-01   0.486146E-02   0.250000E-03
 623   0.518573E-03  -0.612895E-03   0.126874E-01   0.511397E-02   0.350000E-03
 624   0.554321E-03  -0.275778E-03   0.140003E-01   0.577120E-02   0.200000E-03
 625   0.573373E-03  -0.220709E-03   0.145274E-01   0.592423E-02   0.350000E-03
 626   0.109117E-02   0.327328E-03   0.166462E-01   0.550102E-02   0.150000E-03
 627   0.719575E-03   0.102483E-03   0.169565E-01   0.565878E-02   0.200000E-03
 628   0.713220E-03  -0.591544E-03   0.175590E-01   0.605359E-02   0.300000E-03
 629   0.787831E-03  -0.846524E-05   0.187844E-01   0.653963E-02   0.450000E-03
 630   0.500456E-03  -0.696127E-03   0.218334E-01   0.612986E-02   0.300000E-03
 631   0.518808E-03  -0.202748E-03   0.227253E-01   0.528139E-02   0.350000E-03
 632   0.562351E-03  -0.405387E-03   0.237998E-01   0.496939E-02   0.300000E-03
 633   0.972864E-03  -0.178279E-03   0.246429E-01   0.518284E-02   0.250000E-03
 634   0.117661E-02   0.351287E-04   0.271383E-01   0.452791E-02   0.200000E-03
 635   0.112006E-02   0.951611E-04   0.277802E-01   0.447827E-02   0.450000E-03
 636   0.809533E-03  -0.150536E-03   0.293565E-01   0.515829E-02   0.300000E-03
 637   0.104322E-02  -0.704362E-04   0.303220E-01   0.567902E-02   0.300000E-03
 638   0.166196E-02  -0.639825E-03   0.321591E-01   0.474863E-02   0.350000E-03
 639   0.165854E-02  -0.135499E-04   0.342974E-01   0.480952E-02   0.250000E-03
 640   0.176255E-02  -0.152628E-03   0.345076E-01   0.430560E-02   0.300000E-03
 641   0.149587E-02   0.574521E-04   0.368886E-01   0.529346E-02   0.300000E-03
 642   0.149592E-02   0.814976E-04   0.372771E-01   0.490808E-02   0.250000E-03
 643   0.134591E-02   0.100456E-03   0.388117E-01   0.451339E-02   0.250000E-03
 644   0.107697E-02   0.151643E-03   0.392974E-01   0.405609E-02   0.400000E-03
 645   0.619234E-04   0.487546E-03   0.417296E-01   0.384984E-02   0.200000E-03
 646   0.125230E-02  -0.211561E-03   0.407848E-01   0.333683E-02   0.150000E-03
 647   0.692061E-03   0.519749E-03   0.425783E-01   0.301355E-02   0.200000E-03
 648   0.748806E-03  -0.101712E-03   0.448028E-01   0.354000E-02   0.200000E-03
 649   0.176891E-03  -0.109103E-02   0.715869E-03   0.491605E-02   0.200000E-03
 650   0.394376E-03  -0.482191E-03   0.266681E-02   0.504320E-02   0.350000E-03
 651   0.459322E-03  -0.303094E-03   0.319959E-02   0.401096E-02   0.300000E-03
 652   0.981305E-03  -0.407899E-04   0.457990E-02   0.493636E-02   0.200000E-03
 653   0.108541E-02   0.306038E-03   0.657392E-02   0.496064E-02   0.150000E-03
 654   0.743888E-03  -0.596670E-03   0.747910E-02   0.525059E-02   0.400000E-03
 655   0.547620E-03  -0.361505E-03   0.876862E-02   0.575349E-02   0.350000E-03
 656   0.550056E-03  -0.398965E-03   0.934751E-02   0.590678E-02   0.250000E-03
 657   0.950782E-03  -0.344406E-03   0.104716E-01   0.594908E-02   0.300000E-03
 658   0.529327E-03  -0.417479E-03   0.119888E-01   0.516399E-02   0.350000E-03
 659   0.617867E-03  -0.533491E-03   0.131576E-01   0.548620E-02   0.250000E-03
 660   0.801526E-03  -0.539355E-03   0.136246E-01   0.623739E-02   0.400000E-03
 661   0.640619E-03  -0.167129E-03   0.150462E-01   0.631101E-02   0.300000E-03
 662   0.669674E-03   0.188375E-05   0.163689E-01   0.645876E-02   0.300000E-03
 663   0.560640E-03   0.166563E-03   0.166649E-01   0.599783E-02   0.250000E-03
 664   0.695760E-03  -0.374068E-03   0.177857E-01   0.655185E-02   0.250000E-03
 665   0.772399E-03  -0.345085E-03   0.199855E-01   0.630947E-02   0.300000E-03
 666   0.677031E-03  -0.128301E-02   0.212337E-01   0.639023E-02   0.300000E-03
 667   0.475399E-03  -0.222672E-03   0.223297E-01   0.579210E-02   0.300000E-03
 668   0.498675E-03  -0.262989E-03   0.233668E-01   0.538081E-02   0.300000E-03
 669   0.504912E-03  -0.458059E-03   0.248480E-01   0.478242E-02   0.100000E-03
 670   0.111762E-02  -0.568112E-04   0.263465E-01   0.489290E-02   0.200000E-03
 671   0.934556E-03  -0.244680E-03   0.284812E-01   0.531010E-02   0.200000E-03
 672   0.104825E-02  -0.215751E-03   0.280843E-01   0.510723E-02   0.250000E-03
 673   0.830632E-03  -0.300338E-03   0.310172E-01   0.554473E-02   0.350000E-03
 674   0.180768E-02  -0.712512E-03   0.315698E-01   0.512214E-02   0.350000E-03
 675   0.155259E-02  -0.361656E-03   0.325144E-01   0.427058E-02   0.250000E-03
 676   0.929813E-03   0.446578E-04   0.347956E-01   0.478042E-02   0.250000E-03
 677   0.150429E-02   0.810447E-03   0.369738E-01   0.598665E-02   0.400000E-03
 678  -0.135761E-03  -0.315177E-03   0.374275E-01   0.538720E-02   0.250000E-03
 679   0.118075E-02   0.468209E-03   0.390969E-01   0.541911E-02   0.200000E-03
 680   0.127223E-02   0.864769E-04   0.392697E-01   0.489867E-02   0.350000E-03
 681   0.169251E-03  -0.225211E-03   0.410989E-01   0.389224E-02   0.250000E-03
 682   0.512306E-03   0.129214E-03   0.421469E-01   0.340964E-02   0.250000E-03
 683   0.412444E-03   0.605017E-05   0.440290E-01   0.455127E-02   0.500000E-03
 684   0.405181E-03   0.466551E-03   0.440482E-01   0.338850E-02   0.300000E-03
 685   0.519847E-03   0.420176E-04   0.349130E-03   0.735967E-02   0.350000E-03
 686   0.828313E-03  -0.289547E-03   0.333091E-02   0.562317E-02   0.350000E-03
 687   0.789982E-03  -0.598491E-03   0.331144E-02   0.497561E-02   0.300000E-03
 688   0.130713E-02  -0.100406E-03   0.502419E-02   0.487842E-02   0.250000E-03
 689   0.112205E-02  -0.344133E-03   0.706857E-02   0.481408E-02   0.200000E-03
 690   0.755247E-03  -0.549962E-03   0.761276E-02   0.598126E-02   0.350000E-03
 691   0.785609E-03  -0.589698E-03   0.877743E-02   0.649736E-02   0.350000E-03
 692   0.598385E-03  -0.468107E-03   0.989674E-02   0.625938E-02   0.300000E-03
 693   0.976121E-03  -0.279358E-03   0.103929E-01   0.649112E-02   0.250000E-03
 694   0.103509E-02  -0.387908E-03   0.111142E-01   0.586434E-02   0.350000E-03
 695   0.403325E-03  -0.739129E-04   0.128951E-01   0.602494E-02   0.350000E-03
 696   0.832182E-03  -0.389988E-03   0.146304E-01   0.723443E-02   0.250000E-03
 697   0.663459E-03  -0.188680E-03   0.143338E-01   0.664412E-02   0.400000E-03
 698   0.854822E-03  -0.567811E-04   0.156840E-01   0.659288E-02   0.400000E-03
 699   0.205901E-03  -0.167238E-03   0.170932E-01   0.663971E-02   0.450000E-03
 700   0.722262E-03  -0.342254E-03   0.181597E-01   0.695257E-02   0.300000E-03
 701   0.410644E-03  -0.235638E-04   0.195182E-01   0.668147E-02   0.300000E-03
 702   0.707518E-03  -0.410804E-03   0.203904E-01   0.687966E-02   0.400000E-03
 703   0.486477E-03  -0.186926E-03   0.230038E-01   0.597731E-02   0.400000E-03
 704   0.868678E-03   0.155529E-04   0.241369E-01   0.558155E-02   0.400000E-03
 705   0.209442E-03   0.581432E-04   0.251183E-01   0.503738E-02   0.250000E-03
 706   0.714549E-03   0.107964E-03   0.259314E-01   0.506496E-02   0.250000E-03
 707   0.128934E-02  -0.159765E-03   0.269419E-01   0.509106E-02   0.400000E-03
 708   0.102985E-02  -0.883235E-04   0.298268E-01   0.544254E-02   0.250000E-03
 709   0.131880E-02  -0.834991E-03   0.320925E-01   0.529430E-02   0.200000E-03
 710   0.148848E-02  -0.666461E-03   0.326866E-01   0.503325E-02   0.250000E-03
 711   0.123789E-02  -0.245575E-03   0.337394E-01   0.460024E-02   0.350000E-03
 712   0.633706E-03  -0.374430E-03   0.351311E-01   0.521591E-02   0.300000E-03
 713   0.118071E-02   0.626275E-03   0.381626E-01   0.636224E-02   0.350000E-03
 714   0.108320E-02   0.460654E-03   0.379361E-01   0.570048E-02   0.350000E-03
 715   0.137488E-02   0.355890E-03   0.388325E-01   0.564409E-02   0.150000E-03
 716   0.265518E-03   0.825996E-03   0.397384E-01   0.453474E-02   0.250000E-03
 717   0.965331E-03   0.159719E-03   0.400690E-01   0.366395E-02   0.150000E-03
 718   0.505028E-03   0.298003E-03   0.421755E-01   0.390753E-02   0.250000E-03
 719   0.256651E-03   0.592825E-03   0.448011E-01   0.546732E-02   0.200000E-03
 720   0.385329E-03   0.949473E-03   0.434121E-01   0.730225E-02   0.350000E-03
 721   0.500521E-03  -0.250899E-03   0.215123E-02   0.406014E-02   0.200000E-03
 722   0.658909E-03  -0.532600E-03   0.202470E-02   0.513448E-02   0.300000E-03
 723   0.798353E-03  -0.147673E-03   0.424992E-02   0.463479E-02   0.250000E-03
 724   0.125555E-02  -0.309085E-03   0.602834E-02   0.489090E-02   0.400000E-03
 725   0.116826E-02  -0.471722E-03   0.694052E-02   0.513920E-02   0.150000E-03
 726   0.112805E-02  -0.483815E-03   0.653511E-02   0.550816E-02   0.400000E-03
 727   0.714084E-03  -0.539871E-03   0.824279E-02   0.613404E-02   0.300000E-03
 728   0.530002E-03  -0.487742E-03   0.936829E-02   0.640420E-02   0.250000E-03
 729   0.721260E-03  -0.842718E-03   0.972236E-02   0.683313E-02   0.300000E-03
 730   0.569508E-03  -0.728466E-03   0.123730E-01   0.562459E-02   0.250000E-03
 731   0.823661E-03  -0.709991E-03   0.122243E-01   0.622405E-02   0.350000E-03
 732   0.870703E-03  -0.605425E-03   0.131137E-01   0.663588E-02   0.250000E-03
 733   0.655587E-03  -0.185484E-03   0.149496E-01   0.685052E-02   0.250000E-03
 734   0.746522E-03  -0.124757E-03   0.161857E-01   0.692091E-02   0.200000E-03
 735   0.261710E-03  -0.117737E-03   0.175906E-01   0.726497E-02   0.350000E-03
 736   0.735326E-03  -0.196830E-03   0.190901E-01   0.733157E-02   0.400000E-03
 737   0.344797E-03  -0.144262E-03   0.197796E-01   0.721962E-02   0.300000E-03
 738   0.103842E-02  -0.291678E-03   0.214645E-01   0.704852E-02   0.400000E-03
 739   0.407894E-03  -0.178897E-03   0.224103E-01   0.643351E-02   0.350000E-03
 740   0.832917E-03  -0.704910E-04   0.237186E-01   0.620062E-02   0.350000E-03
 741   0.954607E-03  -0.622503E-04   0.248002E-01   0.565565E-02   0.250000E-03
 742   0.106217E-02  -0.143749E-03   0.263475E-01   0.534210E-02   0.250000E-03
 743   0.110229E-02  -0.171953E-03   0.275877E-01   0.514883E-02   0.250000E-03
 744   0.911747E-03  -0.175922E-03   0.288602E-01   0.519601E-02   0.200000E-03
 745   0.132895E-02  -0.650393E-03   0.315890E-01   0.572194E-02   0.250000E-03
 746   0.167292E-02  -0.137278E-03   0.328217E-01   0.561619E-02   0.350000E-03
 747   0.132220E-02   0.183826E-03   0.332820E-01   0.515802E-02   0.300000E-03
 748   0.115243E-02  -0.708842E-03   0.356730E-01   0.485992E-02   0.350000E-03
 749   0.120769E-02   0.956239E-04   0.363212E-01   0.547176E-02   0.300000E-03
 750   0.122446E-02   0.495251E-03   0.385093E-01   0.587433E-02   0.250000E-03
 751   0.908018E-03   0.291720E-05   0.391644E-01   0.594109E-02   0.300000E-03
 752  -0.393052E-03   0.122535E-02   0.401854E-01   0.422611E-02   0.300000E-03
 753   0.111111E-02  -0.107403E-02   0.407358E-01   0.304116E-02   0.150000E-03
 754   0.728212E-03   0.654569E-04   0.418924E-01   0.418776E-02   0.150000E-03
 755   0.817652E-03  -0.370675E-04   0.425371E-01   0.415093E-02   0.150000E-03
 756   0.261181E-03   0.646169E-03   0.431099E-01   0.672698E-02   0.300000E-03
 757   0.677658E-03  -0.550358E-03   0.184010E-02   0.451233E-02   0.350000E-03
 758   0.113290E-02  -0.246807E-03   0.402403E-02   0.569992E-02   0.350000E-03
 759   0.108273E-02  -0.536517E-03   0.390418E-02   0.506135E-02   0.300000E-03
 760   0.126502E-02  -0.452667E-03   0.473869E-02   0.559059E-02   0.300000E-03
 761   0.106906E-02  -0.393298E-03   0.541154E-02   0.539845E-02   0.400000E-03
 762   0.105493E-02  -0.508071E-03   0.592545E-02   0.594218E-02   0.350000E-03
 763   0.100043E-02  -0.739597E-03   0.690197E-02   0.621677E-02   0.400000E-03
 764   0.130126E-02  -0.798843E-03   0.817253E-02   0.673385E-02   0.300000E-03
 765   0.134139E-02   0.825646E-04   0.115476E-01   0.640736E-02   0.350000E-03
 766   0.119634E-02  -0.425891E-03   0.117584E-01   0.577177E-02   0.300000E-03
 767   0.105188E-02  -0.530401E-03   0.126784E-01   0.653015E-02   0.200000E-03
 768   0.850070E-03  -0.237931E-03   0.137287E-01   0.687838E-02   0.250000E-03
 769   0.669898E-03  -0.216708E-03   0.152499E-01   0.736848E-02   0.350000E-03
 770   0.846684E-03  -0.955188E-04   0.158315E-01   0.722508E-02   0.250000E-03
 771   0.559014E-03  -0.282520E-03   0.165688E-01   0.680458E-02   0.100000E-03
 772   0.830964E-03  -0.214620E-03   0.184480E-01   0.741701E-02   0.250000E-03
 773   0.699984E-03  -0.548194E-03   0.201561E-01   0.780907E-02   0.400000E-03
 774   0.879541E-03  -0.163255E-03   0.208472E-01   0.746957E-02   0.350000E-03
 775   0.681257E-03   0.912533E-05   0.232535E-01   0.657698E-02   0.250000E-03
 776   0.958198E-03  -0.447357E-04   0.248476E-01   0.610251E-02   0.200000E-03
 777   0.348303E-03  -0.444644E-04   0.255308E-01   0.486162E-02   0.200000E-03
 778   0.692010E-03  -0.458695E-04   0.259366E-01   0.551364E-02   0.200000E-03
 779   0.104801E-02  -0.784602E-03   0.276677E-01   0.569098E-02   0.300000E-03
 780   0.779214E-03   0.147794E-03   0.293516E-01   0.580697E-02   0.350000E-03
 781   0.788768E-03  -0.264420E-03   0.307065E-01   0.599819E-02   0.200000E-03
 782   0.129828E-02  -0.656836E-03   0.321332E-01   0.579247E-02   0.300000E-03
 783   0.140667E-02   0.207952E-03   0.339205E-01   0.527523E-02   0.350000E-03
 784   0.168280E-02   0.186609E-03   0.344664E-01   0.522259E-02   0.200000E-03
 785   0.138410E-02   0.131558E-03   0.356815E-01   0.555939E-02   0.350000E-03
 786   0.805045E-04   0.287961E-03   0.375876E-01   0.619794E-02   0.250000E-03
 787   0.145011E-02   0.183601E-03   0.397276E-01   0.614157E-02   0.300000E-03
 788   0.458339E-03   0.385756E-03   0.396391E-01   0.549778E-02   0.350000E-03
 789   0.844392E-03  -0.251956E-03   0.405682E-01   0.376839E-02   0.300000E-03
 790   0.607312E-03   0.989112E-04   0.414594E-01   0.429999E-02   0.300000E-03
 791   0.214482E-03   0.777058E-03   0.431198E-01   0.435793E-02   0.350000E-03
 792   0.306109E-03   0.567337E-03   0.438841E-01   0.518467E-02   0.150000E-03
 793   0.679559E-03  -0.127850E-03   0.284654E-02   0.550681E-02   0.150000E-03
 794   0.279508E-03  -0.126770E-03   0.243363E-02   0.548252E-02   0.150000E-03
 795   0.127911E-02  -0.455004E-03   0.435875E-02   0.526631E-02   0.200000E-03
 796   0.831381E-03  -0.145571E-03   0.265567E-02   0.649669E-02   0.300000E-03
 797   0.890671E-03  -0.572465E-03   0.451294E-02   0.626746E-02   0.400000E-03
 798   0.109664E-02  -0.630467E-03   0.518007E-02   0.605668E-02   0.300000E-03
 799   0.705921E-03  -0.486106E-03   0.752569E-02   0.667164E-02   0.350000E-03
 800   0.667506E-03  -0.152901E-02   0.883978E-02   0.709315E-02   0.250000E-03
 801   0.848722E-03  -0.328147E-03   0.108092E-01   0.676689E-02   0.250000E-03
 802   0.147956E-02  -0.132412E-03   0.112772E-01   0.694245E-02   0.250000E-03
 803   0.705360E-03  -0.532981E-03   0.120090E-01   0.678383E-02   0.250000E-03
 804   0.921659E-03  -0.330137E-03   0.132607E-01   0.716530E-02   0.300000E-03
 805   0.716146E-03  -0.339732E-03   0.140845E-01   0.729760E-02   0.300000E-03
 806   0.855779E-03  -0.128444E-03   0.157161E-01   0.765970E-02   0.200000E-03
 807   0.343046E-03  -0.591009E-04   0.180232E-01   0.768023E-02   0.250000E-03
 808   0.721959E-03  -0.469256E-03   0.191126E-01   0.817991E-02   0.450000E-03
 809   0.734801E-03  -0.286337E-03   0.214325E-01   0.774777E-02   0.300000E-03
 810   0.495674E-03  -0.282073E-03   0.221633E-01   0.703083E-02   0.300000E-03
 811   0.810027E-03  -0.285090E-03   0.237485E-01   0.684787E-02   0.300000E-03
 812   0.764738E-03  -0.777546E-04   0.243672E-01   0.624103E-02   0.300000E-03
 813   0.294423E-03   0.585256E-04   0.253929E-01   0.556573E-02   0.350000E-03
 814   0.118159E-02  -0.829250E-03   0.271697E-01   0.564592E-02   0.200000E-03
 815   0.996278E-03   0.138099E-03   0.286078E-01   0.589427E-02   0.400000E-03
 816   0.884274E-03   0.224690E-04   0.312329E-01   0.604111E-02   0.200000E-03
 817   0.100842E-02   0.259044E-03   0.302565E-01   0.627165E-02   0.300000E-03
 818   0.175900E-02  -0.134297E-03   0.325635E-01   0.620968E-02   0.300000E-03
 819   0.147087E-02   0.122228E-03   0.334604E-01   0.573181E-02   0.300000E-03
 820   0.973006E-03  -0.562081E-03   0.347189E-01   0.564969E-02   0.300000E-03
 821   0.110669E-02   0.615434E-03   0.362146E-01   0.606021E-02   0.300000E-03
 822   0.116970E-02   0.642452E-03   0.378296E-01   0.692005E-02   0.300000E-03
 823   0.118461E-03   0.731234E-03   0.387594E-01   0.631209E-02   0.250000E-03
 824   0.189725E-03   0.781198E-03   0.408231E-01   0.556766E-02   0.350000E-03
 825   0.886506E-04   0.659314E-03   0.402619E-01   0.499796E-02   0.450000E-03
 826  -0.229472E-03   0.549684E-03   0.408082E-01   0.441578E-02   0.350000E-03
 827   0.437990E-03   0.330901E-03   0.422294E-01   0.440348E-02   0.250000E-03
 828   0.149490E-02   0.179533E-03   0.402897E-01   0.693386E-02   0.350000E-03
 829   0.754452E-03  -0.195750E-03   0.262817E-02   0.589819E-02   0.300000E-03
 830  -0.287819E-04  -0.687203E-03   0.299741E-03   0.523947E-02   0.300000E-03
 831  -0.151683E-04  -0.804471E-03   0.314894E-03   0.573855E-02   0.200000E-03
 832   0.822151E-03  -0.217649E-03   0.310181E-02   0.617645E-02   0.250000E-03
 833   0.740050E-03  -0.424647E-03   0.328908E-02   0.669218E-02   0.300000E-03
 834   0.101207E-02  -0.508891E-03   0.509787E-02   0.665052E-02   0.300000E-03
 835   0.105892E-02  -0.806400E-03   0.576134E-02   0.682651E-02   0.300000E-03
 836   0.662027E-03  -0.108758E-02   0.759375E-02   0.736604E-02   0.350000E-03
 837   0.862925E-03  -0.303547E-03   0.108071E-01   0.631847E-02   0.200000E-03
 838   0.734245E-03  -0.626138E-03   0.117488E-01   0.732407E-02   0.350000E-03
 839   0.105498E-02  -0.340724E-03   0.125640E-01   0.711858E-02   0.400000E-03
 840   0.670513E-03  -0.498223E-03   0.141540E-01   0.789337E-02   0.300000E-03
 841   0.819320E-03  -0.525424E-03   0.147412E-01   0.777231E-02   0.300000E-03
 842   0.384630E-03  -0.201117E-03   0.170253E-01   0.758312E-02   0.300000E-03
 843   0.834791E-03  -0.433907E-03   0.184651E-01   0.791439E-02   0.250000E-03
 844   0.677744E-03  -0.515683E-03   0.198216E-01   0.842364E-02   0.300000E-03
 845   0.887996E-03  -0.430642E-03   0.208149E-01   0.816711E-02   0.350000E-03
 846   0.643249E-03  -0.247638E-03   0.219366E-01   0.753105E-02   0.250000E-03
 847   0.724528E-03  -0.232874E-03   0.232177E-01   0.712457E-02   0.300000E-03
 848   0.590249E-03  -0.396670E-03   0.244417E-01   0.693602E-02   0.400000E-03
 849   0.277937E-03   0.128886E-03   0.253742E-01   0.626127E-02   0.350000E-03
 850   0.123212E-02   0.169425E-03   0.267006E-01   0.563575E-02   0.200000E-03
 851   0.127172E-02   0.599549E-04   0.265617E-01   0.611203E-02   0.300000E-03
 852   0.887791E-03  -0.506145E-04   0.299003E-01   0.583538E-02   0.150000E-03
 853   0.159638E-02   0.320291E-03   0.316954E-01   0.633224E-02   0.350000E-03
 854   0.184369E-02   0.326806E-03   0.327770E-01   0.682267E-02   0.350000E-03
 855   0.568560E-03   0.915910E-03   0.331621E-01   0.625206E-02   0.300000E-03
 856   0.115557E-02  -0.657046E-03   0.341161E-01   0.599804E-02   0.400000E-03
 857   0.161725E-02   0.379319E-04   0.352105E-01   0.607239E-02   0.350000E-03
 858   0.137892E-02   0.984112E-03   0.365610E-01   0.654940E-02   0.300000E-03
 859   0.992605E-03   0.226371E-03   0.392907E-01   0.647541E-02   0.250000E-03
 860   0.852858E-03   0.584958E-03   0.402162E-01   0.579394E-02   0.300000E-03
 861   0.318248E-03   0.851595E-03   0.415207E-01   0.558104E-02   0.350000E-03
 862  -0.870741E-04   0.121356E-02   0.409823E-01   0.498942E-02   0.250000E-03
 863   0.905346E-04   0.270421E-03   0.432861E-01   0.514004E-02   0.450000E-03
 864   0.265893E-03   0.613874E-03   0.445513E-01   0.606612E-02   0.450000E-03
 865   0.195226E-03  -0.547340E-03   0.137718E-02   0.508723E-02   0.350000E-03
 866   0.418978E-03  -0.326904E-03   0.171030E-02   0.552089E-02   0.200000E-03
 867   0.481876E-03  -0.229531E-03   0.203438E-02   0.630973E-02   0.350000E-03
 868   0.658100E-03  -0.563789E-03   0.371870E-02   0.627356E-02   0.300000E-03
 869   0.781020E-03  -0.346945E-03   0.337667E-02   0.723290E-02   0.250000E-03
 870   0.965098E-03  -0.735340E-03   0.626233E-02   0.649705E-02   0.300000E-03
 871   0.967605E-03  -0.599000E-03   0.692402E-02   0.691550E-02   0.300000E-03
 872   0.592810E-03  -0.712746E-03   0.921669E-02   0.682631E-02   0.200000E-03
 873   0.996159E-03  -0.595267E-03   0.102935E-01   0.702902E-02   0.300000E-03
 874   0.561521E-03  -0.760153E-03   0.117019E-01   0.799022E-02   0.300000E-03
 875   0.101433E-02  -0.305098E-03   0.122475E-01   0.774087E-02   0.300000E-03
 876   0.844828E-03  -0.426504E-03   0.136043E-01   0.765405E-02   0.300000E-03
 877   0.779394E-03  -0.751476E-04   0.146926E-01   0.836954E-02   0.300000E-03
 878   0.787049E-03  -0.992494E-04   0.163956E-01   0.742666E-02   0.350000E-03
 879   0.217813E-03  -0.277460E-03   0.175021E-01   0.785691E-02   0.250000E-03
 880  -0.841225E-05  -0.464794E-03   0.177332E-01   0.835489E-02   0.300000E-03
 881   0.722606E-03  -0.309123E-03   0.219140E-01   0.810511E-02   0.300000E-03
 882   0.749167E-03  -0.261487E-03   0.226778E-01   0.722189E-02   0.250000E-03
 883   0.853952E-03   0.475921E-05   0.228607E-01   0.664788E-02   0.150000E-03
 884   0.719256E-03  -0.529693E-03   0.239213E-01   0.747356E-02   0.350000E-03
 885   0.847338E-03  -0.339564E-03   0.258424E-01   0.740098E-02   0.400000E-03
 886   0.752078E-03  -0.596696E-04   0.259718E-01   0.601031E-02   0.300000E-03
 887   0.103665E-02   0.162434E-03   0.283542E-01   0.659765E-02   0.350000E-03
 888   0.664386E-03   0.393946E-03   0.295711E-01   0.657453E-02   0.450000E-03
 889   0.791703E-03   0.226603E-03   0.309246E-01   0.661131E-02   0.450000E-03
 890   0.146553E-02   0.243824E-03   0.322124E-01   0.663046E-02   0.250000E-03
 891   0.927225E-03  -0.183468E-03   0.337242E-01   0.663520E-02   0.350000E-03
 892   0.171714E-02  -0.532973E-04   0.346618E-01   0.658218E-02   0.400000E-03
 893   0.174407E-02   0.132953E-03   0.357474E-01   0.643510E-02   0.300000E-03
 894   0.417565E-03  -0.100761E-03   0.385897E-01   0.678200E-02   0.250000E-03
 895   0.151463E-02   0.110722E-03   0.390984E-01   0.699032E-02   0.300000E-03
 896   0.321344E-03   0.148399E-02   0.419191E-01   0.695965E-02   0.300000E-03
 897   0.114819E-03   0.639421E-03   0.424724E-01   0.661828E-02   0.350000E-03
 898   0.780435E-03   0.496788E-03   0.426301E-01   0.460677E-02   0.200000E-03
 899   0.844639E-03   0.160100E-03   0.424909E-01   0.519952E-02   0.350000E-03
 900   0.483665E-03   0.697018E-03   0.438293E-01   0.572357E-02   0.350000E-03
 901   0.107150E-03  -0.155178E-03   0.129181E-02   0.567857E-02   0.250000E-03
 902   0.753659E-03  -0.262670E-03   0.309504E-02   0.764561E-02   0.250000E-03
 903   0.507629E-03  -0.312386E-03   0.211161E-02   0.571598E-02   0.250000E-03
 904   0.834158E-03  -0.107287E-03   0.278542E-02   0.713199E-02   0.350000E-03
 905   0.712617E-03  -0.323554E-03   0.402108E-02   0.695981E-02   0.450000E-03
 906   0.118113E-02  -0.721062E-03   0.587878E-02   0.736866E-02   0.250000E-03
 907   0.113279E-02  -0.610185E-03   0.557370E-02   0.636380E-02   0.200000E-03
 908   0.673888E-03  -0.791521E-03   0.885644E-02   0.764223E-02   0.300000E-03
 909   0.589150E-03  -0.723251E-03   0.935260E-02   0.730559E-02   0.300000E-03
 910   0.113954E-02  -0.795327E-03   0.101098E-01   0.806521E-02   0.300000E-03
 911   0.692307E-03  -0.675812E-03   0.112580E-01   0.766765E-02   0.250000E-03
 912   0.807681E-03  -0.536000E-04   0.151722E-01   0.863822E-02   0.250000E-03
 913   0.722600E-03   0.225406E-03   0.153386E-01   0.806212E-02   0.350000E-03
 914   0.747039E-03  -0.482996E-04   0.161303E-01   0.817945E-02   0.450000E-03
 915   0.393635E-03  -0.427077E-03   0.170112E-01   0.828268E-02   0.400000E-03
 916   0.774099E-03  -0.291774E-03   0.203785E-01   0.864642E-02   0.300000E-03
 917   0.611046E-03  -0.115486E-03   0.199722E-01   0.908613E-02   0.300000E-03
 918   0.780754E-03  -0.321014E-03   0.224795E-01   0.778617E-02   0.350000E-03
 919   0.786237E-03  -0.328224E-03   0.231790E-01   0.777301E-02   0.350000E-03
 920   0.881269E-03   0.134950E-03   0.247693E-01   0.644294E-02   0.150000E-03
 921   0.540294E-03  -0.201001E-03   0.233533E-01   0.851128E-02   0.350000E-03
 922   0.760202E-03   0.117338E-03   0.259493E-01   0.665890E-02   0.350000E-03
 923   0.108375E-02   0.173347E-03   0.277053E-01   0.633832E-02   0.350000E-03
 924   0.909529E-03   0.176552E-03   0.289037E-01   0.717776E-02   0.450000E-03
 925   0.773704E-03   0.312575E-03   0.310970E-01   0.739216E-02   0.350000E-03
 926   0.156977E-02   0.470612E-03   0.316046E-01   0.697444E-02   0.300000E-03
 927   0.607508E-03  -0.849333E-04   0.336384E-01   0.719589E-02   0.200000E-03
 928   0.124302E-02   0.420134E-04   0.341696E-01   0.649446E-02   0.100000E-03
 929   0.139170E-02   0.443112E-03   0.372201E-01   0.669458E-02   0.350000E-03
 930   0.113004E-02   0.124099E-04   0.412232E-01   0.664334E-02   0.300000E-03
 931   0.386767E-03   0.687089E-03   0.411924E-01   0.607840E-02   0.250000E-03
 932   0.144264E-02   0.152075E-03   0.397417E-01   0.669064E-02   0.250000E-03
 933   0.189387E-03   0.620038E-03   0.418133E-01   0.626812E-02   0.400000E-03
 934   0.280928E-03   0.740262E-03   0.412558E-01   0.469933E-02   0.150000E-03
 935   0.641561E-03   0.107576E-03   0.418083E-01   0.489675E-02   0.400000E-03
 936   0.573151E-03   0.605206E-03   0.433682E-01   0.618114E-02   0.300000E-03
 937   0.299999E-03   0.935102E-04   0.102946E-02   0.719874E-02   0.350000E-03
 938   0.558783E-04  -0.117682E-03   0.298470E-03   0.623800E-02   0.300000E-03
 939   0.671173E-03  -0.516117E-03   0.372830E-02   0.771694E-02   0.350000E-03
 940   0.310386E-03  -0.291032E-03   0.789581E-03   0.589578E-02   0.300000E-03
 941   0.289038E-03   0.865708E-04   0.166315E-02   0.690227E-02   0.350000E-03
 942   0.417573E-03  -0.512236E-03   0.457784E-02   0.773718E-02   0.500000E-03
 943   0.931113E-03  -0.760880E-03   0.528799E-02   0.727133E-02   0.350000E-03
 944   0.996946E-03  -0.634394E-03   0.635028E-02   0.708889E-02   0.300000E-03
 945   0.875493E-03  -0.483885E-03   0.108381E-01   0.731483E-02   0.300000E-03
 946   0.973857E-03  -0.565496E-03   0.985732E-02   0.752196E-02   0.250000E-03
 947   0.841532E-03  -0.421610E-03   0.129465E-01   0.801222E-02   0.450000E-03
 948   0.985470E-03  -0.542750E-03   0.125581E-01   0.859404E-02   0.250000E-03
 949   0.757794E-03  -0.675622E-04   0.156997E-01   0.879277E-02   0.300000E-03
 950   0.573968E-03  -0.730182E-04   0.140050E-01   0.857705E-02   0.400000E-03
 951   0.455974E-03  -0.487913E-03   0.165446E-01   0.880381E-02   0.300000E-03
 952   0.810092E-03  -0.440802E-03   0.182818E-01   0.837766E-02   0.250000E-03
 953   0.932469E-03  -0.400650E-03   0.210271E-01   0.872787E-02   0.250000E-03
 954   0.809340E-03  -0.238951E-03   0.225130E-01   0.863499E-02   0.500000E-03
 955   0.663682E-03  -0.372042E-03   0.237181E-01   0.803614E-02   0.250000E-03
 956   0.957743E-03   0.220738E-03   0.252103E-01   0.724997E-02   0.250000E-03
 957   0.181133E-02  -0.282679E-03   0.268685E-01   0.765311E-02   0.350000E-03
 958   0.193303E-02  -0.494484E-04   0.265380E-01   0.703668E-02   0.350000E-03
 959   0.134675E-02   0.940485E-04   0.270389E-01   0.654867E-02   0.350000E-03
 960   0.956859E-03   0.155335E-03   0.302564E-01   0.681915E-02   0.250000E-03
 961   0.150191E-02   0.521270E-03   0.321436E-01   0.797602E-02   0.400000E-03
 962   0.161144E-02   0.608668E-03   0.316827E-01   0.751803E-02   0.250000E-03
 963   0.833785E-03   0.124150E-04   0.333013E-01   0.698202E-02   0.200000E-03
 964   0.135007E-02   0.356860E-03   0.353103E-01   0.684483E-02   0.300000E-03
 965   0.187382E-02   0.641167E-03   0.361040E-01   0.685347E-02   0.250000E-03
 966   0.117589E-02  -0.361890E-04   0.366973E-01   0.723528E-02   0.400000E-03
 967   0.144699E-02   0.159915E-03   0.406513E-01   0.633514E-02   0.350000E-03
 968  -0.721538E-03  -0.267177E-03   0.401625E-01   0.624536E-02   0.150000E-03
 969   0.241265E-03   0.690079E-03   0.447510E-01   0.714147E-02   0.250000E-03
 970   0.176133E-03   0.632324E-03   0.442543E-01   0.680702E-02   0.350000E-03
 971   0.100925E-02   0.788598E-03   0.427230E-01   0.591088E-02   0.400000E-03
 972   0.514120E-03   0.678220E-03   0.436577E-01   0.675499E-02   0.250000E-03
 973   0.338145E-03  -0.615920E-03   0.838108E-03   0.534830E-02   0.250000E-03
 974   0.592522E-03  -0.667386E-03   0.402167E-02   0.824003E-02   0.250000E-03
 975   0.193480E-03  -0.242353E-03   0.133537E-02   0.627568E-02   0.350000E-03
 976   0.109854E-03  -0.192302E-03   0.773527E-03   0.660166E-02   0.300000E-03
 977   0.522757E-03  -0.783333E-03   0.734229E-02   0.790980E-02   0.250000E-03
 978   0.955443E-03  -0.693514E-03   0.696084E-02   0.751383E-02   0.300000E-03
 979   0.929208E-03  -0.114815E-02   0.642367E-02   0.763298E-02   0.250000E-03
 980   0.995025E-03  -0.878640E-03   0.818249E-02   0.782925E-02   0.400000E-03
 981   0.103003E-02  -0.560139E-03   0.103537E-01   0.757361E-02   0.250000E-03
 982   0.920738E-03  -0.939047E-03   0.937017E-02   0.818819E-02   0.450000E-03
 983   0.127213E-02  -0.315355E-03   0.121661E-01   0.828450E-02   0.250000E-03
 984   0.839410E-03  -0.779980E-03   0.107654E-01   0.800913E-02   0.350000E-03
 985   0.813252E-03   0.183450E-03   0.135815E-01   0.815234E-02   0.200000E-03
 986   0.795130E-03  -0.449021E-03   0.189735E-01   0.940995E-02   0.300000E-03
 987   0.754628E-03  -0.510206E-03   0.186616E-01   0.884025E-02   0.350000E-03
 988   0.958062E-03   0.284132E-04   0.194148E-01   0.886445E-02   0.300000E-03
 989   0.871120E-03  -0.448395E-03   0.195232E-01   0.940304E-02   0.250000E-03
 990   0.100383E-02  -0.413028E-03   0.213995E-01   0.829679E-02   0.250000E-03
 991   0.114192E-02  -0.489191E-05   0.243245E-01   0.804542E-02   0.350000E-03
 992   0.921427E-03   0.246287E-03   0.247565E-01   0.756024E-02   0.300000E-03
 993   0.695661E-03  -0.427444E-03   0.250682E-01   0.677093E-02   0.250000E-03
 994   0.140631E-02   0.411942E-03   0.271678E-01   0.713344E-02   0.250000E-03
 995   0.789953E-03   0.424458E-03   0.278169E-01   0.711819E-02   0.400000E-03
 996   0.901158E-03   0.125819E-04   0.304501E-01   0.733249E-02   0.300000E-03
 997   0.690221E-03   0.436600E-03   0.299151E-01   0.718386E-02   0.250000E-03
 998   0.148448E-02   0.669733E-03   0.322076E-01   0.722932E-02   0.350000E-03
 999   0.190360E-02   0.443165E-03   0.330518E-01   0.735544E-02   0.250000E-03
1000   0.145023E-02   0.389838E-03   0.341866E-01   0.715997E-02   0.350000E-03
