   1   0.111058E-03  -0.113840E-03   0.112736E-01   0.848465E-02   0.350000E-03
   2  -0.602776E-02   0.188748E-02   0.159585E-03   0.151814E-03   0.150000E-03
   3   0.194952E-02  -0.128563E-02   0.455089E-02   0.447827E-03   0.450000E-03
   4  -0.220423E-03   0.987092E-03   0.571408E-02   0.553613E-03   0.200000E-03
   5   0.341126E-03   0.199341E-04   0.567658E-02   0.999886E-04   0.100000E-03
   6   0.276760E-02  -0.117528E-02   0.746795E-02   0.249778E-03   0.250000E-03
   7   0.110404E-02  -0.121030E-02   0.810018E-02   0.399264E-03   0.400000E-03
   8   0.296251E-02   0.103539E-02   0.884936E-02   0.347912E-03   0.350000E-03
   9   0.240435E-03  -0.269356E-03   0.929456E-02   0.571114E-03   0.150000E-03
  10  -0.113583E-02  -0.143098E-02   0.117884E-01   0.295185E-03   0.300000E-03
  11   0.108268E-02   0.516339E-04   0.130285E-01   0.360844E-03   0.350000E-03
  12   0.235179E-03   0.128319E-03   0.147609E-01   0.195434E-03   0.200000E-03
  13  -0.318035E-03  -0.243350E-02   0.169038E-01   0.344751E-03   0.350000E-03
  14   0.149075E-03  -0.227282E-02   0.176021E-01   0.348686E-03   0.350000E-03
  15   0.117062E-02  -0.759581E-03   0.188217E-01   0.399921E-03   0.400000E-03
  16   0.284053E-02  -0.184095E-02   0.195681E-01   0.347166E-03   0.350000E-03
  17  -0.320506E-02   0.673784E-03   0.204829E-01   0.338051E-03   0.350000E-03
  18  -0.221491E-03   0.798308E-03   0.219338E-01   0.349220E-03   0.350000E-03
  19  -0.100914E-02   0.755469E-03   0.225230E-01   0.241118E-03   0.250000E-03
  20   0.169864E-02   0.463717E-03   0.230226E-01   0.248897E-03   0.250000E-03
  21   0.241959E-02   0.428560E-03   0.244796E-01   0.249777E-03   0.250000E-03
  22  -0.116424E-03   0.530067E-04   0.257273E-01   0.200021E-03   0.200000E-03
  23   0.365535E-03   0.398244E-04   0.267477E-01   0.100192E-03   0.100000E-03
  24   0.849748E-03   0.352235E-03   0.282180E-01   0.396946E-03   0.400000E-03
  25   0.282365E-03   0.423506E-03   0.297699E-01   0.399723E-03   0.400000E-03
  26   0.989851E-03   0.368672E-03   0.305160E-01   0.335857E-03   0.350000E-03
  27   0.760786E-03  -0.363142E-03   0.318566E-01   0.298183E-03   0.300000E-03
  28   0.551581E-02   0.569859E-03   0.333302E-01   0.300008E-03   0.300000E-03
  29   0.565063E-03   0.824398E-03   0.355392E-01   0.445099E-03   0.450000E-03
  30  -0.106774E-02  -0.114497E-03   0.373898E-01   0.346852E-03   0.350000E-03
  31  -0.159521E-02  -0.146317E-03   0.379817E-01   0.249353E-03   0.250000E-03
  32   0.164676E-04  -0.110496E-02   0.401138E-01   0.197407E-03   0.200000E-03
  33   0.942271E-03  -0.349590E-03   0.410040E-01   0.194836E-03   0.200000E-03
  34   0.120826E-02  -0.745303E-03   0.446043E-01   0.879535E-03   0.400000E-03
  35   0.119077E-02  -0.260039E-02   0.446514E-01   0.191958E-02   0.350000E-03
  36  -0.849721E-04  -0.163066E-03   0.863383E-02   0.836020E-02   0.300000E-03
  37   0.291732E-03   0.528311E-04   0.248004E-03   0.180881E-02   0.250000E-03
  38  -0.161866E-02  -0.234992E-02   0.766397E-03   0.739208E-03   0.300000E-03
  39  -0.288432E-02   0.412513E-03   0.265189E-02   0.400151E-03   0.400000E-03
  40   0.115291E-03  -0.473980E-03   0.614200E-02   0.299333E-03   0.300000E-03
  41  -0.665900E-03  -0.478192E-03   0.683457E-02   0.394266E-03   0.400000E-03
  42   0.182800E-02   0.300487E-03   0.725698E-02   0.100804E-02   0.350000E-03
  43   0.237823E-02   0.416203E-03   0.855979E-02   0.925890E-03   0.300000E-03
  44  -0.607857E-04  -0.133858E-03   0.936090E-02   0.964486E-03   0.250000E-03
  45   0.217858E-02  -0.404127E-03   0.993815E-02   0.492419E-03   0.500000E-03
  46  -0.156721E-02  -0.695318E-03   0.108548E-01   0.299961E-03   0.300000E-03
  47  -0.369261E-02   0.734962E-03   0.152686E-01   0.149793E-03   0.150000E-03
  48   0.119682E-02   0.810300E-03   0.158023E-01   0.447729E-03   0.450000E-03
  49  -0.146649E-02  -0.147056E-02   0.164696E-01   0.883259E-03   0.350000E-03
  50  -0.760878E-03  -0.149023E-02   0.181920E-01   0.246920E-03   0.250000E-03
  51   0.112938E-02   0.690076E-03   0.192915E-01   0.873953E-03   0.250000E-03
  52  -0.236373E-02   0.481903E-03   0.200234E-01   0.147730E-03   0.150000E-03
  53   0.772384E-03  -0.568232E-03   0.204886E-01   0.100708E-02   0.200000E-03
  54  -0.260737E-03  -0.496764E-03   0.211474E-01   0.298485E-03   0.300000E-03
  55   0.301744E-03   0.275873E-03   0.233996E-01   0.999276E-04   0.100000E-03
  56  -0.332674E-03   0.864069E-03   0.238465E-01   0.395631E-03   0.400000E-03
  57  -0.298961E-02   0.504947E-03   0.245097E-01   0.913379E-03   0.400000E-03
  58  -0.100376E-02  -0.396513E-03   0.251127E-01   0.395335E-03   0.400000E-03
  59  -0.521070E-03   0.165915E-03   0.270327E-01   0.199996E-03   0.200000E-03
  60  -0.917058E-03   0.290455E-03   0.275257E-01   0.297807E-03   0.300000E-03
  61   0.625540E-03   0.495283E-03   0.290787E-01   0.297032E-03   0.300000E-03
  62  -0.699151E-04  -0.305209E-03   0.312125E-01   0.346731E-03   0.350000E-03
  63   0.371813E-02  -0.318144E-03   0.328457E-01   0.196719E-03   0.200000E-03
  64  -0.406506E-03  -0.369274E-03   0.347480E-01   0.344975E-03   0.350000E-03
  65  -0.714373E-03  -0.173973E-03   0.363155E-01   0.619167E-03   0.350000E-03
  66  -0.690312E-03  -0.277965E-03   0.364189E-01   0.139740E-03   0.150000E-03
  67  -0.152802E-02  -0.280562E-03   0.391283E-01   0.299058E-03   0.300000E-03
  68  -0.502751E-03  -0.203289E-04   0.422958E-01   0.200212E-03   0.200000E-03
  69   0.190911E-03  -0.537008E-03   0.438606E-01   0.820806E-03   0.350000E-03
  70  -0.401600E-04  -0.154994E-03   0.424042E-01   0.721581E-02   0.250000E-03
  71  -0.744345E-03  -0.251613E-04   0.447015E-01   0.497943E-02   0.300000E-03
  72   0.236421E-02  -0.408456E-02   0.447505E-01   0.248007E-03   0.250000E-03
  73   0.371734E-03   0.116044E-03   0.257936E-02   0.795770E-02   0.350000E-03
  74  -0.247378E-02   0.490378E-03   0.116746E-02   0.296941E-03   0.300000E-03
  75   0.609633E-03  -0.305080E-03   0.388332E-02   0.248781E-03   0.250000E-03
  76  -0.333368E-03  -0.600154E-03   0.518705E-02   0.926048E-03   0.350000E-03
  77   0.134386E-02  -0.120865E-02   0.642460E-02   0.824033E-03   0.200000E-03
  78   0.182450E-02   0.665324E-03   0.661981E-02   0.133736E-02   0.350000E-03
  79   0.118515E-02   0.471051E-03   0.794393E-02   0.113222E-02   0.350000E-03
  80  -0.686094E-03   0.163654E-02   0.903486E-02   0.133728E-02   0.250000E-03
  81  -0.873687E-04  -0.364910E-03   0.106592E-01   0.930975E-03   0.350000E-03
  82  -0.374019E-03  -0.153887E-03   0.132696E-01   0.965930E-03   0.300000E-03
  83   0.888663E-03  -0.729363E-03   0.137250E-01   0.345373E-03   0.350000E-03
  84  -0.926610E-03  -0.964535E-04   0.143151E-01   0.244598E-03   0.250000E-03
  85   0.119403E-02   0.509418E-03   0.153999E-01   0.101676E-02   0.250000E-03
  86   0.117531E-02  -0.150731E-03   0.172475E-01   0.106470E-02   0.450000E-03
  87   0.111091E-02   0.534516E-03   0.188262E-01   0.104942E-02   0.250000E-03
  88  -0.101677E-03  -0.168729E-02   0.200335E-01   0.800026E-03   0.300000E-03
  89  -0.260859E-03  -0.620009E-03   0.202817E-01   0.160307E-02   0.400000E-03
  90   0.453073E-03  -0.494360E-03   0.214637E-01   0.864547E-03   0.350000E-03
  91  -0.374899E-04   0.188529E-03   0.225854E-01   0.728464E-03   0.250000E-03
  92   0.164697E-02   0.119406E-03   0.231741E-01   0.828268E-03   0.350000E-03
  93   0.273880E-03  -0.212035E-03   0.237987E-01   0.113961E-02   0.350000E-03
  94  -0.103940E-02   0.168005E-02   0.252244E-01   0.113487E-02   0.350000E-03
  95  -0.109137E-02   0.555270E-03   0.273338E-01   0.916493E-03   0.350000E-03
  96   0.550150E-03   0.107939E-02   0.280372E-01   0.117423E-02   0.400000E-03
  97  -0.189185E-05   0.601722E-03   0.294521E-01   0.966030E-03   0.250000E-03
  98   0.270977E-03   0.897072E-03   0.302746E-01   0.108333E-02   0.450000E-03
  99  -0.175651E-02   0.158726E-03   0.324006E-01   0.246960E-03   0.250000E-03
 100   0.150421E-02   0.458008E-02   0.327224E-01   0.624231E-03   0.250000E-03
 101  -0.785015E-03   0.186824E-03   0.349547E-01   0.106170E-02   0.400000E-03
 102   0.149651E-02   0.329800E-03   0.367977E-01   0.262222E-03   0.250000E-03
 103  -0.236409E-03   0.790385E-03   0.376353E-01   0.890283E-03   0.250000E-03
 104   0.248564E-03  -0.446635E-03   0.385298E-01   0.294168E-03   0.300000E-03
 105  -0.581611E-05  -0.468174E-03   0.405588E-01   0.244497E-03   0.250000E-03
 106  -0.294065E-06   0.360239E-03   0.431842E-01   0.296403E-03   0.300000E-03
 107  -0.101482E-02   0.923385E-03   0.440871E-01   0.748775E-02   0.350000E-03
 108  -0.424170E-03  -0.850701E-03   0.349123E-01   0.748272E-02   0.450000E-03
 109  -0.443940E-02  -0.320940E-02   0.238813E-03   0.615312E-03   0.250000E-03
 110  -0.158161E-02  -0.712429E-02   0.561008E-03   0.238728E-03   0.250000E-03
 111  -0.166372E-02   0.797410E-03   0.185784E-02   0.399216E-03   0.400000E-03
 112  -0.418044E-03   0.279821E-02   0.318734E-02   0.924218E-03   0.350000E-03
 113   0.142983E-03  -0.685856E-03   0.590546E-02   0.111909E-02   0.400000E-03
 114   0.801590E-03   0.287799E-03   0.712410E-02   0.154055E-02   0.200000E-03
 115   0.154921E-02   0.315572E-03   0.848725E-02   0.156833E-02   0.350000E-03
 116   0.153951E-02  -0.149089E-04   0.983541E-02   0.133171E-02   0.350000E-03
 117  -0.492718E-03  -0.111669E-02   0.113329E-01   0.745678E-03   0.350000E-03
 118   0.721265E-04  -0.791108E-03   0.123855E-01   0.291077E-03   0.300000E-03
 119  -0.134724E-02   0.277835E-03   0.142471E-01   0.785134E-03   0.300000E-03
 120   0.783994E-03   0.459863E-03   0.150660E-01   0.584844E-03   0.300000E-03
 121  -0.506436E-04   0.602147E-03   0.166851E-01   0.138665E-02   0.200000E-03
 122  -0.494063E-03  -0.315453E-03   0.181366E-01   0.942306E-03   0.450000E-03
 123   0.253985E-03   0.144352E-02   0.185734E-01   0.141812E-02   0.200000E-03
 124  -0.115445E-03  -0.710448E-03   0.196682E-01   0.127245E-02   0.300000E-03
 125  -0.488572E-03  -0.425259E-04   0.208742E-01   0.775037E-03   0.250000E-03
 126  -0.800661E-03  -0.357851E-03   0.209163E-01   0.131838E-02   0.300000E-03
 127   0.104531E-04   0.489960E-03   0.227091E-01   0.120691E-02   0.250000E-03
 128  -0.439941E-03  -0.496654E-03   0.230643E-01   0.162016E-02   0.300000E-03
 129   0.146586E-02  -0.261627E-03   0.236075E-01   0.169434E-02   0.250000E-03
 130   0.124598E-02   0.582749E-03   0.257268E-01   0.722713E-03   0.300000E-03
 131   0.215977E-04   0.100370E-02   0.263436E-01   0.395000E-03   0.400000E-03
 132  -0.191275E-03   0.132575E-02   0.275205E-01   0.147638E-02   0.200000E-03
 133   0.302897E-03   0.449001E-03   0.288029E-01   0.937200E-03   0.400000E-03
 134  -0.659647E-03  -0.257348E-03   0.311550E-01   0.109095E-02   0.400000E-03
 135   0.720751E-03   0.655083E-04   0.320018E-01   0.103191E-02   0.450000E-03
 136   0.611074E-03  -0.115880E-03   0.340115E-01   0.439896E-03   0.400000E-03
 137  -0.300004E-03   0.106203E-03   0.372336E-01   0.768501E-03   0.100000E-03
 138  -0.280907E-03   0.140727E-03   0.373963E-01   0.132417E-02   0.250000E-03
 139  -0.114496E-02   0.707525E-03   0.381693E-01   0.765751E-03   0.300000E-03
 140  -0.940265E-03  -0.577106E-03   0.396732E-01   0.265323E-03   0.250000E-03
 141   0.166439E-02  -0.498327E-03   0.414507E-01   0.247665E-03   0.250000E-03
 142  -0.386157E-03  -0.180039E-03   0.418968E-01   0.197344E-03   0.200000E-03
 143  -0.628465E-03   0.876907E-05   0.438993E-01   0.631988E-02   0.250000E-03
 144  -0.476610E-03  -0.113097E-02   0.295272E-01   0.758422E-02   0.300000E-03
 145  -0.611780E-03  -0.138593E-02   0.294927E-03   0.334853E-02   0.300000E-03
 146  -0.221424E-02   0.250598E-02   0.652119E-03   0.137266E-02   0.350000E-03
 147   0.138196E-02  -0.105972E-02   0.403822E-02   0.847237E-03   0.200000E-03
 148  -0.580294E-03  -0.413287E-03   0.529200E-02   0.291938E-03   0.300000E-03
 149   0.539049E-03   0.234044E-04   0.609189E-02   0.194437E-02   0.450000E-03
 150   0.493793E-03   0.267158E-03   0.751743E-02   0.148644E-02   0.200000E-03
 151  -0.123311E-02   0.103474E-02   0.938015E-02   0.162184E-02   0.200000E-03
 152  -0.301622E-03  -0.239295E-03   0.103758E-01   0.139901E-02   0.200000E-03
 153  -0.417099E-03  -0.952200E-03   0.111420E-01   0.136414E-02   0.300000E-03
 154   0.122906E-02  -0.339169E-03   0.125729E-01   0.956283E-03   0.400000E-03
 155   0.698741E-03  -0.358963E-03   0.137589E-01   0.884728E-03   0.200000E-03
 156   0.390109E-04   0.959817E-03   0.147875E-01   0.122657E-02   0.400000E-03
 157  -0.598942E-03  -0.162563E-02   0.159251E-01   0.139369E-02   0.400000E-03
 158   0.680603E-03  -0.200737E-03   0.173663E-01   0.185063E-02   0.350000E-03
 159   0.109568E-02  -0.683270E-03   0.177633E-01   0.147225E-02   0.200000E-03
 160   0.787697E-03  -0.699865E-04   0.181825E-01   0.164075E-02   0.250000E-03
 161  -0.204200E-03   0.416144E-03   0.195864E-01   0.181196E-02   0.250000E-03
 162  -0.678850E-03  -0.340721E-03   0.209268E-01   0.181509E-02   0.200000E-03
 163   0.698568E-03  -0.127668E-04   0.221192E-01   0.109980E-02   0.350000E-03
 164   0.103199E-03  -0.720661E-03   0.227320E-01   0.217529E-02   0.300000E-03
 165   0.226350E-03   0.303979E-03   0.248219E-01   0.157947E-02   0.250000E-03
 166  -0.510907E-03   0.187991E-02   0.256290E-01   0.156908E-02   0.250000E-03
 167  -0.370011E-04   0.166116E-03   0.266176E-01   0.113696E-02   0.400000E-03
 168  -0.208558E-03   0.562330E-03   0.285714E-01   0.154192E-02   0.250000E-03
 169   0.565832E-03   0.545781E-03   0.301853E-01   0.172086E-02   0.200000E-03
 170  -0.856087E-03   0.425821E-03   0.307786E-01   0.179256E-02   0.400000E-03
 171  -0.292067E-03   0.669337E-03   0.334973E-01   0.910771E-03   0.300000E-03
 172   0.776989E-03  -0.216708E-03   0.341725E-01   0.122295E-02   0.400000E-03
 173   0.578434E-03   0.470450E-03   0.356419E-01   0.118363E-02   0.300000E-03
 174  -0.478313E-03   0.244555E-03   0.368730E-01   0.103705E-02   0.350000E-03
 175  -0.161384E-02   0.452054E-03   0.390195E-01   0.888174E-03   0.300000E-03
 176  -0.852732E-04  -0.490828E-03   0.400815E-01   0.990009E-03   0.200000E-03
 177   0.100718E-03   0.436938E-03   0.406017E-01   0.786147E-03   0.300000E-03
 178   0.167859E-02  -0.972693E-03   0.443957E-01   0.143734E-02   0.200000E-03
 179  -0.161183E-02   0.725430E-04   0.426950E-01   0.195535E-03   0.200000E-03
 180  -0.414419E-03  -0.531891E-03   0.400321E-01   0.753187E-02   0.300000E-03
 181  -0.486343E-02   0.170687E-02   0.199287E-03   0.106268E-02   0.200000E-03
 182   0.327068E-03   0.392372E-02   0.136648E-02   0.216817E-02   0.200000E-03
 183   0.778846E-04  -0.163218E-03   0.333891E-02   0.296048E-03   0.300000E-03
 184   0.653617E-03   0.196856E-02   0.531588E-02   0.160825E-02   0.350000E-03
 185   0.919305E-03   0.526703E-03   0.624067E-02   0.262454E-02   0.250000E-03
 186   0.193130E-02   0.110239E-02   0.678223E-02   0.186165E-02   0.200000E-03
 187   0.102350E-02   0.526251E-03   0.789055E-02   0.180835E-02   0.300000E-03
 188  -0.524708E-04   0.130435E-03   0.961412E-02   0.200602E-02   0.250000E-03
 189   0.306524E-03  -0.654316E-03   0.116739E-01   0.124515E-02   0.250000E-03
 190  -0.118871E-03  -0.106603E-03   0.119384E-01   0.822642E-03   0.250000E-03
 191  -0.314121E-03  -0.149742E-02   0.139801E-01   0.126503E-02   0.250000E-03
 192   0.705464E-03  -0.127563E-03   0.142768E-01   0.183735E-02   0.400000E-03
 193  -0.694522E-03   0.928491E-03   0.152988E-01   0.170482E-02   0.300000E-03
 194   0.278167E-03  -0.321268E-03   0.164945E-01   0.195222E-02   0.400000E-03
 195   0.812626E-03   0.232368E-03   0.179249E-01   0.206919E-02   0.250000E-03
 196   0.212240E-03  -0.741420E-03   0.191216E-01   0.151267E-02   0.300000E-03
 197  -0.607111E-03  -0.224150E-03   0.199607E-01   0.227982E-02   0.350000E-03
 198   0.575184E-05  -0.129287E-02   0.206406E-01   0.222197E-02   0.300000E-03
 199   0.587939E-03  -0.184382E-03   0.214787E-01   0.151233E-02   0.300000E-03
 200   0.592066E-04  -0.496691E-03   0.222335E-01   0.215576E-02   0.200000E-03
 201   0.865974E-03   0.313637E-03   0.242727E-01   0.158376E-02   0.300000E-03
 202   0.101372E-02   0.275009E-03   0.259742E-01   0.121303E-02   0.250000E-03
 203  -0.107988E-03   0.231723E-02   0.265410E-01   0.182755E-02   0.300000E-03
 204   0.613434E-03   0.982437E-03   0.270847E-01   0.158412E-02   0.250000E-03
 205   0.304214E-03   0.605530E-03   0.296003E-01   0.159841E-02   0.400000E-03
 206   0.124490E-02   0.739088E-03   0.322254E-01   0.179833E-02   0.350000E-03
 207   0.695131E-03   0.280279E-04   0.328591E-01   0.130221E-02   0.450000E-03
 208   0.769683E-03  -0.502754E-04   0.335704E-01   0.166576E-02   0.350000E-03
 209  -0.801145E-03   0.253221E-03   0.362356E-01   0.125990E-02   0.300000E-03
 210  -0.491159E-03   0.492267E-03   0.366440E-01   0.153644E-02   0.200000E-03
 211  -0.325170E-03   0.305224E-03   0.370607E-01   0.168948E-02   0.250000E-03
 212  -0.293887E-03   0.126741E-03   0.400634E-01   0.592285E-03   0.200000E-03
 213   0.153293E-02   0.309165E-03   0.411250E-01   0.622969E-03   0.250000E-03
 214  -0.216884E-03   0.151510E-03   0.420741E-01   0.553075E-03   0.200000E-03
 215   0.289956E-02  -0.318782E-03   0.441738E-01   0.149876E-03   0.150000E-03
 216   0.990595E-04  -0.486133E-03   0.216460E-01   0.889983E-02   0.400000E-03
 217   0.339328E-03  -0.104007E-03   0.141426E-01   0.931300E-02   0.350000E-03
 218  -0.191122E-02   0.368122E-02   0.832881E-03   0.204425E-02   0.350000E-03
 219  -0.356479E-03  -0.215418E-02   0.368770E-02   0.654147E-03   0.200000E-03
 220  -0.752976E-03  -0.421506E-03   0.454091E-02   0.129646E-02   0.400000E-03
 221   0.248533E-03  -0.699841E-04   0.532139E-02   0.219788E-02   0.250000E-03
 222   0.942951E-03   0.665818E-03   0.729465E-02   0.206051E-02   0.350000E-03
 223   0.780511E-04  -0.238331E-03   0.901505E-02   0.202020E-02   0.350000E-03
 224   0.197321E-03   0.154469E-04   0.102075E-01   0.192242E-02   0.350000E-03
 225  -0.753790E-03  -0.240900E-03   0.107110E-01   0.160857E-02   0.200000E-03
 226   0.893171E-03  -0.520282E-04   0.121539E-01   0.150869E-02   0.300000E-03
 227   0.292553E-03  -0.650679E-03   0.129967E-01   0.144231E-02   0.250000E-03
 228  -0.746484E-04   0.835969E-03   0.148540E-01   0.177128E-02   0.150000E-03
 229  -0.950103E-04  -0.190719E-03   0.158523E-01   0.203602E-02   0.250000E-03
 230   0.711089E-03  -0.452499E-05   0.175428E-01   0.247249E-02   0.300000E-03
 231   0.268666E-03  -0.528591E-03   0.183556E-01   0.228395E-02   0.200000E-03
 232  -0.214317E-03  -0.144570E-03   0.186703E-01   0.190333E-02   0.300000E-03
 233   0.883821E-04   0.145038E-03   0.192134E-01   0.234230E-02   0.400000E-03
 234   0.382729E-03   0.419051E-03   0.213388E-01   0.209595E-02   0.300000E-03
 235   0.573065E-03  -0.136187E-03   0.224188E-01   0.167097E-02   0.300000E-03
 236   0.883707E-03  -0.887824E-03   0.233268E-01   0.215529E-02   0.300000E-03
 237   0.120989E-02  -0.608207E-03   0.239760E-01   0.216173E-02   0.350000E-03
 238   0.243763E-03   0.311442E-03   0.252280E-01   0.177224E-02   0.200000E-03
 239  -0.887512E-03   0.114151E-03   0.267101E-01   0.234825E-02   0.250000E-03
 240   0.943831E-04   0.670355E-03   0.290155E-01   0.149488E-02   0.200000E-03
 241   0.527546E-03   0.437595E-04   0.301986E-01   0.226420E-02   0.350000E-03
 242   0.916095E-03   0.838454E-03   0.315277E-01   0.174136E-02   0.350000E-03
 243   0.509940E-03   0.436095E-03   0.329482E-01   0.224337E-02   0.500000E-03
 244  -0.508440E-03  -0.324877E-04   0.354440E-01   0.199101E-02   0.200000E-03
 245  -0.475016E-03   0.163249E-03   0.349270E-01   0.180774E-02   0.350000E-03
 246  -0.554911E-03   0.537944E-03   0.365909E-01   0.213222E-02   0.400000E-03
 247  -0.135296E-02   0.235924E-03   0.379900E-01   0.138797E-02   0.350000E-03
 248  -0.101923E-02   0.469716E-03   0.396144E-01   0.811910E-03   0.300000E-03
 249  -0.792003E-03  -0.125870E-03   0.416435E-01   0.798548E-03   0.300000E-03
 250   0.233224E-03   0.482488E-03   0.437308E-01   0.242441E-03   0.250000E-03
 251  -0.152412E-03  -0.665994E-03   0.446044E-01   0.297507E-02   0.400000E-03
 252   0.146219E-03   0.252008E-02   0.337005E-01   0.774152E-02   0.350000E-03
 253   0.393817E-03   0.136458E-03   0.214105E-02   0.741207E-02   0.350000E-03
 254   0.864630E-03  -0.244028E-02   0.137072E-02   0.966022E-03   0.350000E-03
 255  -0.920720E-04  -0.201399E-03   0.225356E-02   0.976200E-03   0.300000E-03
 256  -0.190374E-04   0.171012E-02   0.476829E-02   0.195782E-02   0.300000E-03
 257   0.184713E-02   0.158156E-03   0.671777E-02   0.235701E-02   0.300000E-03
 258  -0.121798E-03  -0.127905E-03   0.835859E-02   0.225486E-02   0.350000E-03
 259   0.295969E-03  -0.628519E-03   0.906410E-02   0.281457E-02   0.450000E-03
 260   0.267860E-03  -0.513774E-03   0.988339E-02   0.259733E-02   0.400000E-03
 261   0.451244E-03  -0.945044E-05   0.116358E-01   0.180026E-02   0.300000E-03
 262   0.745992E-03   0.174730E-03   0.121778E-01   0.215739E-02   0.350000E-03
 263   0.230298E-03  -0.469215E-03   0.135454E-01   0.167742E-02   0.350000E-03
 264   0.462102E-04  -0.118396E-02   0.148558E-01   0.222006E-02   0.300000E-03
 265   0.842453E-03   0.283281E-03   0.166142E-01   0.253998E-02   0.200000E-03
 266   0.850126E-03  -0.164921E-03   0.170136E-01   0.233208E-02   0.250000E-03
 267   0.966432E-03  -0.269455E-03   0.171202E-01   0.281750E-02   0.250000E-03
 268   0.540292E-03  -0.101418E-03   0.186358E-01   0.263424E-02   0.250000E-03
 269  -0.154796E-03  -0.630730E-03   0.190874E-01   0.297971E-02   0.250000E-03
 270  -0.384695E-03  -0.539694E-03   0.196841E-01   0.292117E-02   0.350000E-03
 271   0.467219E-03  -0.264570E-03   0.219029E-01   0.185286E-02   0.250000E-03
 272  -0.557151E-04  -0.131227E-03   0.223369E-01   0.274490E-02   0.400000E-03
 273   0.263159E-02   0.221606E-02   0.235686E-01   0.279863E-02   0.400000E-03
 274  -0.771530E-03   0.129084E-02   0.257729E-01   0.203949E-02   0.250000E-03
 275   0.304717E-03   0.186243E-02   0.262161E-01   0.226754E-02   0.250000E-03
 276   0.239063E-03   0.337527E-03   0.274654E-01   0.197284E-02   0.300000E-03
 277   0.414919E-03   0.574516E-03   0.294290E-01   0.217104E-02   0.200000E-03
 278   0.133191E-02   0.434717E-03   0.318511E-01   0.238863E-02   0.350000E-03
 279   0.768517E-03   0.213575E-04   0.323586E-01   0.270162E-02   0.250000E-03
 280   0.885850E-03  -0.577031E-04   0.342874E-01   0.191288E-02   0.300000E-03
 281   0.455955E-03  -0.800898E-03   0.358714E-01   0.173264E-02   0.300000E-03
 282  -0.677927E-03   0.570470E-03   0.375419E-01   0.179959E-02   0.250000E-03
 283  -0.128195E-02   0.129124E-02   0.384933E-01   0.161239E-02   0.200000E-03
 284  -0.149386E-02   0.390952E-03   0.385454E-01   0.116567E-02   0.250000E-03
 285   0.162298E-02  -0.132352E-03   0.410906E-01   0.121638E-02   0.350000E-03
 286   0.868840E-04  -0.114183E-03   0.432180E-01   0.891538E-03   0.300000E-03
 287  -0.942441E-03   0.978646E-03   0.428417E-01   0.121646E-02   0.200000E-03
 288   0.102848E-03   0.904298E-04   0.591957E-02   0.796737E-02   0.350000E-03
 289   0.651356E-04  -0.901716E-03   0.245963E-03   0.230657E-02   0.250000E-03
 290   0.287042E-02   0.261370E-04   0.183501E-02   0.140699E-02   0.300000E-03
 291   0.667515E-03  -0.937204E-03   0.248685E-02   0.163834E-02   0.400000E-03
 292   0.589079E-04  -0.138589E-02   0.311559E-02   0.151808E-02   0.250000E-03
 293   0.711056E-03   0.178874E-03   0.569850E-02   0.258641E-02   0.300000E-03
 294   0.180311E-03  -0.323708E-03   0.823382E-02   0.298732E-02   0.400000E-03
 295   0.138413E-03  -0.508356E-03   0.969323E-02   0.338114E-02   0.400000E-03
 296  -0.674417E-03   0.135201E-03   0.111001E-01   0.190965E-02   0.250000E-03
 297  -0.978889E-03   0.158171E-04   0.107045E-01   0.195405E-02   0.150000E-03
 298   0.334359E-04  -0.546022E-03   0.126188E-01   0.168513E-02   0.200000E-03
 299   0.735411E-03  -0.129896E-03   0.138630E-01   0.233303E-02   0.250000E-03
 300   0.530857E-03   0.179369E-02   0.149065E-01   0.271340E-02   0.200000E-03
 301   0.639425E-03  -0.648582E-03   0.154270E-01   0.237215E-02   0.300000E-03
 302   0.639038E-03  -0.166615E-03   0.170557E-01   0.335920E-02   0.300000E-03
 303   0.395591E-04  -0.328038E-03   0.180340E-01   0.251180E-02   0.200000E-03
 304   0.833532E-04   0.174364E-03   0.182252E-01   0.291643E-02   0.250000E-03
 305  -0.226841E-03  -0.844518E-03   0.193836E-01   0.331854E-02   0.150000E-03
 306  -0.260312E-03   0.163245E-03   0.204019E-01   0.282130E-02   0.350000E-03
 307   0.843708E-04   0.130758E-03   0.218259E-01   0.234580E-02   0.250000E-03
 308   0.895867E-04  -0.172081E-03   0.227471E-01   0.336735E-02   0.350000E-03
 309   0.121489E-02  -0.990451E-03   0.245434E-01   0.264240E-02   0.400000E-03
 310   0.343112E-03  -0.210945E-03   0.251311E-01   0.226242E-02   0.300000E-03
 311   0.995005E-04   0.412324E-03   0.272599E-01   0.258355E-02   0.350000E-03
 312   0.150605E-05   0.218648E-03   0.281106E-01   0.191942E-02   0.350000E-03
 313  -0.186067E-03   0.238878E-03   0.296734E-01   0.254383E-02   0.250000E-03
 314  -0.631275E-03   0.531491E-03   0.312070E-01   0.234361E-02   0.300000E-03
 315   0.705611E-03   0.142407E-03   0.334347E-01   0.287189E-02   0.300000E-03
 316   0.601861E-03   0.510734E-03   0.337924E-01   0.233257E-02   0.350000E-03
 317  -0.178236E-03   0.500030E-03   0.350643E-01   0.254301E-02   0.400000E-03
 318  -0.407434E-05   0.432179E-03   0.358517E-01   0.242790E-02   0.400000E-03
 319  -0.164914E-02   0.362842E-03   0.389645E-01   0.143457E-02   0.250000E-03
 320  -0.259670E-03  -0.258576E-03   0.398282E-01   0.141954E-02   0.300000E-03
 321  -0.118780E-04  -0.127279E-03   0.404235E-01   0.135135E-02   0.300000E-03
 322  -0.143013E-02  -0.248170E-03   0.425896E-01   0.731257E-03   0.350000E-03
 323   0.658276E-03  -0.116999E-03   0.439612E-01   0.211153E-02   0.350000E-03
 324  -0.763201E-03   0.671479E-04   0.396150E-01   0.717348E-02   0.250000E-03
 325   0.461781E-03   0.157649E-03   0.152474E-02   0.761729E-02   0.300000E-03
 326   0.198963E-03   0.311489E-03   0.122614E-02   0.154820E-02   0.250000E-03
 327  -0.372394E-03   0.241854E-03   0.198782E-02   0.219631E-02   0.350000E-03
 328   0.792307E-03  -0.122875E-02   0.378929E-02   0.166942E-02   0.450000E-03
 329   0.844538E-03  -0.220390E-03   0.659857E-02   0.315455E-02   0.400000E-03
 330   0.839105E-03  -0.404728E-03   0.723172E-02   0.275451E-02   0.350000E-03
 331  -0.427375E-03  -0.331253E-03   0.777991E-02   0.241293E-02   0.250000E-03
 332  -0.528852E-03   0.546710E-03   0.108046E-01   0.254035E-02   0.450000E-03
 333   0.278812E-03   0.277700E-03   0.115391E-01   0.239161E-02   0.300000E-03
 334   0.211232E-03  -0.373481E-03   0.129869E-01   0.193988E-02   0.250000E-03
 335   0.229997E-03  -0.155071E-03   0.133741E-01   0.225161E-02   0.250000E-03
 336  -0.347352E-03  -0.236653E-03   0.143629E-01   0.256196E-02   0.300000E-03
 337   0.302549E-03  -0.111514E-03   0.160935E-01   0.252824E-02   0.300000E-03
 338   0.509163E-03  -0.250632E-03   0.166720E-01   0.374274E-02   0.250000E-03
 339   0.536913E-03  -0.109975E-03   0.176579E-01   0.311180E-02   0.350000E-03
 340  -0.113011E-02  -0.382866E-03   0.189871E-01   0.352825E-02   0.300000E-03
 341  -0.329839E-03  -0.288495E-03   0.201187E-01   0.340092E-02   0.300000E-03
 342  -0.317344E-03  -0.306038E-03   0.206124E-01   0.332852E-02   0.200000E-03
 343   0.568840E-04   0.195642E-03   0.216474E-01   0.286471E-02   0.300000E-03
 344   0.111957E-02   0.198493E-05   0.238656E-01   0.336244E-02   0.250000E-03
 345   0.210577E-03  -0.120238E-02   0.251429E-01   0.299843E-02   0.300000E-03
 346  -0.431972E-03  -0.901414E-03   0.256690E-01   0.262716E-02   0.350000E-03
 347  -0.343053E-03  -0.799807E-03   0.263662E-01   0.289800E-02   0.400000E-03
 348   0.194965E-03   0.477311E-03   0.289651E-01   0.198960E-02   0.300000E-03
 349   0.247297E-03   0.197507E-03   0.300865E-01   0.284790E-02   0.250000E-03
 350   0.788709E-03   0.787159E-04   0.320691E-01   0.316582E-02   0.300000E-03
 351   0.578598E-03  -0.174577E-04   0.328209E-01   0.308086E-02   0.350000E-03
 352   0.600131E-04   0.107140E-03   0.344972E-01   0.309945E-02   0.400000E-03
 353   0.223058E-03  -0.336811E-03   0.358900E-01   0.302170E-02   0.200000E-03
 354  -0.104889E-02   0.390803E-03   0.372375E-01   0.219593E-02   0.250000E-03
 355  -0.144551E-02   0.544516E-03   0.380350E-01   0.203360E-02   0.300000E-03
 356  -0.166574E-02   0.436974E-03   0.393732E-01   0.161993E-02   0.200000E-03
 357   0.756030E-03   0.315562E-03   0.408150E-01   0.179943E-02   0.300000E-03
 358  -0.783092E-03  -0.703872E-03   0.416745E-01   0.134342E-02   0.250000E-03
 359  -0.805119E-03   0.502799E-04   0.442626E-01   0.531019E-02   0.250000E-03
 360   0.241233E-03  -0.109743E-03   0.448002E-01   0.418160E-02   0.200000E-03
 361  -0.425255E-03  -0.153033E-02   0.687308E-03   0.277615E-02   0.400000E-03
 362  -0.998134E-03  -0.140362E-02   0.148501E-02   0.275255E-02   0.400000E-03
 363   0.228237E-03   0.459194E-02   0.310166E-02   0.201759E-02   0.250000E-03
 364  -0.106426E-03   0.108474E-03   0.490394E-02   0.254792E-02   0.300000E-03
 365   0.517940E-03  -0.567773E-04   0.589966E-02   0.314799E-02   0.300000E-03
 366   0.463332E-03   0.882755E-04   0.616772E-02   0.370215E-02   0.300000E-03
 367   0.144484E-03  -0.438589E-03   0.870852E-02   0.335385E-02   0.200000E-03
 368   0.290681E-04  -0.628937E-03   0.103415E-01   0.312331E-02   0.300000E-03
 369  -0.328733E-03  -0.446584E-03   0.118628E-01   0.295464E-02   0.350000E-03
 370   0.375566E-03  -0.204839E-03   0.128059E-01   0.256197E-02   0.400000E-03
 371   0.748576E-03  -0.309806E-03   0.137348E-01   0.286429E-02   0.300000E-03
 372  -0.253263E-03  -0.686619E-03   0.150345E-01   0.329546E-02   0.400000E-03
 373   0.631715E-03  -0.775164E-03   0.156437E-01   0.292471E-02   0.300000E-03
 374   0.252022E-03  -0.342978E-03   0.163838E-01   0.316342E-02   0.400000E-03
 375   0.346822E-03  -0.434634E-03   0.175289E-01   0.393474E-02   0.450000E-03
 376   0.565506E-03  -0.838382E-03   0.186498E-01   0.308274E-02   0.200000E-03
 377  -0.302718E-04  -0.451999E-03   0.195888E-01   0.377348E-02   0.350000E-03
 378   0.682672E-03  -0.576011E-03   0.210757E-01   0.263491E-02   0.300000E-03
 379   0.625746E-03  -0.327159E-03   0.211601E-01   0.329393E-02   0.350000E-03
 380  -0.279732E-03   0.283187E-03   0.219986E-01   0.341135E-02   0.350000E-03
 381   0.935185E-03   0.203903E-03   0.244585E-01   0.338578E-02   0.350000E-03
 382   0.439967E-03   0.179770E-03   0.267350E-01   0.348433E-02   0.300000E-03
 383   0.121661E-03   0.424256E-03   0.278464E-01   0.245779E-02   0.250000E-03
 384   0.236491E-03   0.560041E-03   0.285380E-01   0.240305E-02   0.300000E-03
 385   0.440395E-03  -0.154790E-02   0.291240E-01   0.256821E-02   0.300000E-03
 386   0.107068E-03   0.174546E-03   0.307032E-01   0.266655E-02   0.300000E-03
 387   0.589544E-03   0.198097E-03   0.324663E-01   0.367621E-02   0.350000E-03
 388  -0.247809E-03  -0.235826E-03   0.354208E-01   0.345944E-02   0.450000E-03
 389  -0.113631E-03  -0.570601E-03   0.360659E-01   0.337798E-02   0.200000E-03
 390  -0.442160E-03   0.317445E-04   0.364796E-01   0.292072E-02   0.400000E-03
 391  -0.122178E-02   0.324285E-03   0.376834E-01   0.251709E-02   0.300000E-03
 392  -0.166510E-02   0.329235E-03   0.390465E-01   0.192695E-02   0.250000E-03
 393  -0.131886E-02   0.254927E-03   0.396148E-01   0.211318E-02   0.350000E-03
 394  -0.128206E-02  -0.627319E-03   0.422180E-01   0.126383E-02   0.300000E-03
 395   0.401809E-03  -0.706738E-03   0.438996E-01   0.146692E-02   0.300000E-03
 396  -0.114305E-03  -0.770911E-03   0.444158E-01   0.241253E-02   0.200000E-03
 397   0.113468E-03   0.144037E-03   0.972268E-03   0.352001E-02   0.400000E-03
 398   0.106404E-03   0.975557E-04   0.264238E-02   0.232014E-02   0.300000E-03
 399   0.462583E-03  -0.723884E-04   0.352746E-02   0.236567E-02   0.300000E-03
 400   0.669375E-03  -0.102378E-03   0.422466E-02   0.239825E-02   0.400000E-03
 401   0.204122E-03   0.226483E-03   0.573994E-02   0.395921E-02   0.200000E-03
 402   0.769903E-03  -0.173670E-03   0.728003E-02   0.344996E-02   0.350000E-03
 403   0.213981E-03  -0.442576E-03   0.852650E-02   0.376145E-02   0.250000E-03
 404   0.215919E-03  -0.514785E-03   0.907070E-02   0.369792E-02   0.300000E-03
 405   0.304463E-03  -0.289804E-03   0.119677E-01   0.351622E-02   0.200000E-03
 406   0.283842E-03  -0.154358E-03   0.125257E-01   0.330444E-02   0.400000E-03
 407   0.371818E-03  -0.781439E-04   0.132035E-01   0.313699E-02   0.300000E-03
 408   0.208499E-03  -0.878358E-03   0.142381E-01   0.334911E-02   0.400000E-03
 409   0.484559E-03  -0.135608E-03   0.157328E-01   0.356218E-02   0.350000E-03
 410   0.536148E-03   0.123310E-04   0.161977E-01   0.401093E-02   0.300000E-03
 411   0.644935E-03   0.274272E-03   0.167302E-01   0.428459E-02   0.300000E-03
 412  -0.292414E-04  -0.400157E-03   0.182897E-01   0.356058E-02   0.400000E-03
 413  -0.238433E-03  -0.529860E-03   0.202695E-01   0.397780E-02   0.300000E-03
 414  -0.170719E-04   0.226526E-03   0.207700E-01   0.374950E-02   0.250000E-03
 415   0.164260E-03  -0.146810E-03   0.208264E-01   0.439689E-02   0.400000E-03
 416  -0.196264E-03   0.296824E-03   0.224123E-01   0.403519E-02   0.400000E-03
 417   0.741997E-03   0.186421E-03   0.233607E-01   0.357024E-02   0.300000E-03
 418   0.328448E-03  -0.146756E-04   0.251022E-01   0.364421E-02   0.350000E-03
 419   0.428557E-05   0.367719E-03   0.277605E-01   0.306842E-02   0.350000E-03
 420   0.261278E-03   0.421007E-03   0.283326E-01   0.290549E-02   0.250000E-03
 421  -0.139965E-03   0.494596E-03   0.295609E-01   0.312726E-02   0.350000E-03
 422  -0.695339E-03  -0.997084E-04   0.313254E-01   0.308347E-02   0.450000E-03
 423   0.271355E-03   0.558202E-05   0.338121E-01   0.339293E-02   0.350000E-03
 424  -0.925243E-04  -0.112661E-03   0.347347E-01   0.375535E-02   0.300000E-03
 425  -0.647265E-03  -0.259124E-03   0.369909E-01   0.339398E-02   0.300000E-03
 426  -0.846365E-03   0.466368E-04   0.371709E-01   0.282182E-02   0.300000E-03
 427  -0.997699E-03  -0.897553E-04   0.380352E-01   0.312544E-02   0.300000E-03
 428  -0.111924E-02   0.313541E-03   0.385784E-01   0.209541E-02   0.250000E-03
 429  -0.130522E-03   0.626507E-04   0.402289E-01   0.191296E-02   0.300000E-03
 430  -0.484036E-03  -0.157489E-03   0.419373E-01   0.187724E-02   0.350000E-03
 431  -0.626497E-03  -0.248312E-03   0.426784E-01   0.179019E-02   0.400000E-03
 432   0.158730E-03  -0.661058E-03   0.433028E-01   0.148042E-02   0.300000E-03
 433  -0.469256E-03   0.631066E-04   0.347800E-03   0.399402E-02   0.350000E-03
 434   0.158901E-02   0.193315E-02   0.157775E-02   0.183086E-02   0.200000E-03
 435   0.497529E-03   0.543797E-04   0.315269E-02   0.288865E-02   0.350000E-03
 436   0.304106E-03   0.583013E-03   0.528335E-02   0.294250E-02   0.250000E-03
 437   0.239484E-03   0.357790E-03   0.564422E-02   0.357399E-02   0.200000E-03
 438   0.545549E-03  -0.473331E-04   0.675638E-02   0.383297E-02   0.300000E-03
 439  -0.571268E-05  -0.163487E-03   0.793602E-02   0.367110E-02   0.350000E-03
 440  -0.776638E-03  -0.417494E-03   0.108804E-01   0.377336E-02   0.200000E-03
 441  -0.682523E-03  -0.632598E-03   0.109200E-01   0.327790E-02   0.300000E-03
 442   0.540433E-03  -0.815750E-03   0.130865E-01   0.372413E-02   0.300000E-03
 443  -0.440481E-03  -0.722091E-03   0.136083E-01   0.350896E-02   0.250000E-03
 444   0.121256E-03   0.132669E-03   0.152252E-01   0.396591E-02   0.300000E-03
 445   0.312523E-03   0.199506E-03   0.156861E-01   0.448631E-02   0.400000E-03
 446   0.534798E-03   0.154159E-03   0.162828E-01   0.449918E-02   0.200000E-03
 447   0.309052E-03  -0.965995E-04   0.172250E-01   0.461724E-02   0.300000E-03
 448   0.452571E-04  -0.553554E-03   0.183205E-01   0.445728E-02   0.500000E-03
 449   0.697278E-04  -0.548578E-03   0.192141E-01   0.442032E-02   0.400000E-03
 450  -0.223925E-03  -0.549940E-03   0.199085E-01   0.445392E-02   0.300000E-03
 451   0.495679E-03  -0.457785E-03   0.214970E-01   0.396357E-02   0.400000E-03
 452   0.498312E-03  -0.483283E-03   0.219103E-01   0.458730E-02   0.350000E-03
 453   0.867642E-03  -0.253109E-03   0.240129E-01   0.393886E-02   0.350000E-03
 454  -0.222423E-03  -0.130152E-03   0.257244E-01   0.332451E-02   0.350000E-03
 455   0.216022E-03   0.349375E-03   0.269503E-01   0.303542E-02   0.200000E-03
 456   0.499065E-03   0.387711E-03   0.288662E-01   0.317121E-02   0.350000E-03
 457   0.771494E-04   0.189335E-03   0.304841E-01   0.322139E-02   0.300000E-03
 458  -0.158127E-04   0.309703E-03   0.306992E-01   0.382404E-02   0.350000E-03
 459  -0.277144E-03   0.281001E-03   0.317740E-01   0.374997E-02   0.350000E-03
 460   0.133768E-03  -0.837038E-05   0.341958E-01   0.385273E-02   0.250000E-03
 461  -0.350621E-03  -0.616780E-03   0.364711E-01   0.356885E-02   0.250000E-03
 462  -0.120197E-02  -0.787073E-03   0.376540E-01   0.427749E-02   0.300000E-03
 463  -0.126461E-02   0.252600E-03   0.382772E-01   0.257926E-02   0.300000E-03
 464  -0.119474E-02   0.347779E-03   0.390176E-01   0.263668E-02   0.450000E-03
 465   0.455133E-03   0.721769E-03   0.407069E-01   0.238571E-02   0.300000E-03
 466  -0.699074E-03   0.309282E-03   0.411702E-01   0.256923E-02   0.200000E-03
 467  -0.886609E-04  -0.561152E-04   0.435649E-01   0.255907E-02   0.250000E-03
 468  -0.967419E-03  -0.182765E-03   0.435799E-01   0.383397E-02   0.350000E-03
 469   0.353866E-03   0.505784E-03   0.105414E-02   0.436358E-02   0.450000E-03
 470  -0.637573E-03  -0.132479E-02   0.218111E-02   0.281549E-02   0.300000E-03
 471   0.304039E-03  -0.177675E-05   0.386725E-02   0.311172E-02   0.400000E-03
 472  -0.109143E-03   0.768789E-04   0.456272E-02   0.303937E-02   0.300000E-03
 473   0.174409E-03   0.384097E-03   0.504658E-02   0.354383E-02   0.400000E-03
 474   0.466671E-03  -0.848109E-03   0.744921E-02   0.401893E-02   0.250000E-03
 475   0.293099E-04  -0.736631E-04   0.810108E-02   0.434982E-02   0.350000E-03
 476   0.922720E-04  -0.730942E-03   0.954624E-02   0.406170E-02   0.300000E-03
 477  -0.828640E-03  -0.445852E-03   0.113131E-01   0.294447E-02   0.200000E-03
 478   0.195276E-03  -0.361072E-03   0.122421E-01   0.399214E-02   0.350000E-03
 479   0.454891E-04  -0.565045E-03   0.141980E-01   0.399562E-02   0.250000E-03
 480   0.123292E-03  -0.848255E-03   0.146710E-01   0.383391E-02   0.250000E-03
 481   0.126838E-03  -0.428270E-04   0.148045E-01   0.431692E-02   0.250000E-03
 482   0.427994E-03  -0.483698E-03   0.162734E-01   0.509310E-02   0.400000E-03
 483   0.850669E-03  -0.508584E-03   0.169700E-01   0.516008E-02   0.300000E-03
 484   0.921470E-04  -0.961077E-03   0.185999E-01   0.520386E-02   0.300000E-03
 485   0.170409E-03  -0.531738E-03   0.195980E-01   0.506356E-02   0.350000E-03
 486   0.709428E-03   0.615156E-03   0.202571E-01   0.493987E-02   0.300000E-03
 487   0.192256E-03  -0.252835E-03   0.213199E-01   0.495816E-02   0.350000E-03
 488   0.531615E-03  -0.172197E-03   0.218408E-01   0.513197E-02   0.200000E-03
 489   0.695814E-03  -0.225499E-03   0.246103E-01   0.398380E-02   0.250000E-03
 490   0.397998E-03   0.123013E-03   0.272700E-01   0.339628E-02   0.250000E-03
 491   0.449562E-03   0.662721E-03   0.282829E-01   0.345409E-02   0.300000E-03
 492  -0.304332E-04   0.263257E-03   0.292629E-01   0.380592E-02   0.400000E-03
 493   0.377930E-03  -0.638683E-04   0.300135E-01   0.359336E-02   0.300000E-03
 494  -0.336228E-03   0.365853E-03   0.312318E-01   0.372474E-02   0.200000E-03
 495   0.531029E-03  -0.156107E-03   0.328842E-01   0.402803E-02   0.200000E-03
 496  -0.424552E-03  -0.214264E-03   0.359438E-01   0.419632E-02   0.350000E-03
 497  -0.255183E-03  -0.642720E-03   0.361035E-01   0.372421E-02   0.150000E-03
 498  -0.107794E-02  -0.613883E-03   0.373644E-01   0.381015E-02   0.250000E-03
 499  -0.116703E-02  -0.206707E-03   0.375344E-01   0.334109E-02   0.250000E-03
 500  -0.865988E-03   0.271670E-03   0.393987E-01   0.309965E-02   0.150000E-03
 501  -0.850998E-04   0.739895E-03   0.401622E-01   0.245739E-02   0.250000E-03
 502  -0.402265E-03  -0.200968E-03   0.413300E-01   0.209979E-02   0.300000E-03
 503  -0.128791E-02   0.467639E-04   0.429700E-01   0.262841E-02   0.350000E-03
 504   0.605930E-04   0.131751E-03   0.433135E-01   0.207696E-02   0.300000E-03
 505   0.655142E-03   0.217011E-03   0.165043E-02   0.383170E-02   0.350000E-03
 506   0.531926E-03   0.514351E-03   0.186728E-02   0.327324E-02   0.250000E-03
 507  -0.629332E-03   0.555130E-03   0.332324E-02   0.346577E-02   0.250000E-03
 508   0.275390E-03   0.152948E-03   0.435266E-02   0.361360E-02   0.300000E-03
 509   0.409419E-03   0.199911E-03   0.608576E-02   0.424565E-02   0.250000E-03
 510   0.508889E-03  -0.327191E-03   0.748877E-02   0.455967E-02   0.300000E-03
 511   0.384089E-03   0.110581E-05   0.877219E-02   0.425193E-02   0.300000E-03
 512   0.122688E-03  -0.329107E-03   0.103329E-01   0.376944E-02   0.350000E-03
 513  -0.707962E-04  -0.389772E-03   0.114714E-01   0.350365E-02   0.300000E-03
 514   0.327882E-03  -0.184121E-03   0.128751E-01   0.439081E-02   0.400000E-03
 515   0.655371E-03  -0.708540E-03   0.136092E-01   0.411012E-02   0.350000E-03
 516   0.202225E-03  -0.129896E-03   0.142739E-01   0.458872E-02   0.350000E-03
 517   0.576270E-03   0.279170E-03   0.151388E-01   0.453618E-02   0.150000E-03
 518   0.468742E-03  -0.733909E-06   0.154903E-01   0.525583E-02   0.400000E-03
 519  -0.765719E-04  -0.472338E-03   0.177071E-01   0.504138E-02   0.350000E-03
 520  -0.952151E-04  -0.107637E-02   0.191176E-01   0.550115E-02   0.300000E-03
 521   0.735592E-03   0.408518E-03   0.200989E-01   0.562101E-02   0.400000E-03
 522   0.663750E-03   0.608619E-03   0.206887E-01   0.527705E-02   0.250000E-03
 523   0.459841E-03   0.167971E-03   0.218201E-01   0.558000E-02   0.250000E-03
 524   0.597280E-03   0.440388E-03   0.231076E-01   0.411141E-02   0.300000E-03
 525   0.991333E-04   0.186816E-03   0.251511E-01   0.439099E-02   0.400000E-03
 526   0.230156E-03   0.186291E-03   0.256158E-01   0.393990E-02   0.250000E-03
 527   0.345957E-04   0.558112E-03   0.277444E-01   0.371802E-02   0.300000E-03
 528   0.190102E-03   0.363728E-03   0.291371E-01   0.454476E-02   0.350000E-03
 529  -0.110413E-03   0.207050E-03   0.304810E-01   0.442615E-02   0.300000E-03
 530  -0.367853E-04   0.747661E-03   0.321582E-01   0.406984E-02   0.150000E-03
 531   0.671593E-03   0.380415E-03   0.330463E-01   0.358160E-02   0.200000E-03
 532  -0.133514E-03  -0.326756E-03   0.351991E-01   0.427829E-02   0.400000E-03
 533  -0.443718E-03  -0.800162E-03   0.368395E-01   0.397302E-02   0.300000E-03
 534  -0.181084E-02   0.215416E-03   0.382361E-01   0.442593E-02   0.300000E-03
 535  -0.101510E-02  -0.236868E-03   0.379150E-01   0.373742E-02   0.300000E-03
 536  -0.136820E-02   0.369294E-03   0.386831E-01   0.313201E-02   0.150000E-03
 537  -0.405063E-03   0.169145E-02   0.404412E-01   0.274230E-02   0.150000E-03
 538  -0.552026E-03  -0.384954E-03   0.417693E-01   0.250383E-02   0.300000E-03
 539  -0.604524E-03  -0.272020E-03   0.423590E-01   0.240836E-02   0.300000E-03
 540  -0.398482E-03  -0.474220E-03   0.439693E-01   0.284538E-02   0.250000E-03
 541   0.441066E-03   0.111709E-02   0.473871E-02   0.851886E-02   0.300000E-03
 542   0.364891E-03   0.370529E-03   0.257565E-02   0.350771E-02   0.500000E-03
 543   0.273904E-03   0.320555E-03   0.375858E-02   0.380166E-02   0.300000E-03
 544   0.278674E-03   0.315968E-03   0.419355E-02   0.413808E-02   0.250000E-03
 545   0.163396E-03   0.316398E-03   0.532445E-02   0.412809E-02   0.250000E-03
 546   0.304077E-03   0.191605E-03   0.858675E-02   0.497800E-02   0.450000E-03
 547  -0.197474E-03  -0.358826E-03   0.926631E-02   0.459059E-02   0.300000E-03
 548   0.186899E-03  -0.428228E-03   0.976893E-02   0.450609E-02   0.200000E-03
 549  -0.604218E-03  -0.743452E-04   0.110740E-01   0.433802E-02   0.400000E-03
 550  -0.147886E-03  -0.274329E-03   0.116434E-01   0.402520E-02   0.250000E-03
 551   0.368708E-03  -0.151295E-03   0.135429E-01   0.490948E-02   0.450000E-03
 552   0.430890E-03  -0.233740E-03   0.142472E-01   0.528530E-02   0.350000E-03
 553   0.201015E-03   0.401856E-03   0.148427E-01   0.481527E-02   0.250000E-03
 554   0.364766E-03   0.194889E-03   0.150951E-01   0.576562E-02   0.250000E-03
 555   0.337955E-03   0.142941E-05   0.160228E-01   0.585077E-02   0.400000E-03
 556  -0.437427E-03  -0.668896E-03   0.181112E-01   0.554751E-02   0.300000E-03
 557   0.151947E-03  -0.876745E-03   0.188510E-01   0.483234E-02   0.150000E-03
 558   0.261683E-04   0.887403E-04   0.211850E-01   0.569325E-02   0.400000E-03
 559   0.202424E-03   0.117583E-02   0.225866E-01   0.466088E-02   0.250000E-03
 560   0.656061E-03  -0.430159E-04   0.236801E-01   0.443266E-02   0.250000E-03
 561   0.143205E-03   0.149091E-03   0.259013E-01   0.446610E-02   0.350000E-03
 562   0.130470E-03  -0.448134E-04   0.262020E-01   0.383573E-02   0.350000E-03
 563   0.162895E-03  -0.815497E-04   0.285275E-01   0.410878E-02   0.400000E-03
 564   0.271083E-03  -0.495135E-03   0.285373E-01   0.480748E-02   0.300000E-03
 565   0.394282E-04   0.395789E-03   0.298615E-01   0.425021E-02   0.350000E-03
 566  -0.277414E-03   0.176770E-03   0.312775E-01   0.437650E-02   0.450000E-03
 567  -0.550786E-03   0.863664E-03   0.332742E-01   0.329195E-02   0.150000E-03
 568   0.198854E-03  -0.184611E-04   0.338515E-01   0.383868E-02   0.100000E-03
 569  -0.235027E-03  -0.720548E-03   0.369955E-01   0.449758E-02   0.250000E-03
 570  -0.117845E-02  -0.272476E-03   0.378172E-01   0.485421E-02   0.300000E-03
 571  -0.110588E-02  -0.167057E-03   0.384767E-01   0.352734E-02   0.300000E-03
 572  -0.102819E-02   0.412287E-03   0.390613E-01   0.339571E-02   0.300000E-03
 573   0.174191E-03   0.500221E-03   0.397433E-01   0.281106E-02   0.300000E-03
 574  -0.940350E-03  -0.244505E-03   0.414220E-01   0.321923E-02   0.500000E-03
 575  -0.639110E-03  -0.415889E-03   0.421392E-01   0.291001E-02   0.250000E-03
 576  -0.258719E-03  -0.536807E-03   0.444191E-01   0.385820E-02   0.300000E-03
 577  -0.211832E-03  -0.354503E-03   0.298976E-03   0.464087E-02   0.300000E-03
 578   0.295794E-03   0.128221E-03   0.261132E-02   0.435180E-02   0.350000E-03
 579   0.575180E-03   0.315711E-04   0.476224E-02   0.433373E-02   0.350000E-03
 580   0.122223E-03   0.102558E-03   0.543932E-02   0.461257E-02   0.250000E-03
 581   0.407127E-03  -0.852918E-03   0.707250E-02   0.415300E-02   0.150000E-03
 582   0.189515E-03   0.615497E-03   0.793940E-02   0.487544E-02   0.200000E-03
 583   0.154259E-03  -0.231531E-03   0.994344E-02   0.491765E-02   0.250000E-03
 584   0.748434E-06  -0.234148E-03   0.103370E-01   0.446703E-02   0.350000E-03
 585  -0.600849E-04  -0.415143E-03   0.107157E-01   0.516901E-02   0.450000E-03
 586  -0.265081E-04   0.227341E-03   0.118739E-01   0.452429E-02   0.300000E-03
 587  -0.155790E-03   0.152518E-03   0.123486E-01   0.467651E-02   0.200000E-03
 588   0.478009E-03   0.641165E-03   0.136599E-01   0.554845E-02   0.200000E-03
 589   0.385002E-03  -0.155598E-03   0.148451E-01   0.532467E-02   0.250000E-03
 590   0.112098E-03   0.684018E-04   0.154535E-01   0.603651E-02   0.200000E-03
 591  -0.458849E-03  -0.150484E-03   0.173773E-01   0.553634E-02   0.250000E-03
 592  -0.325380E-03   0.109212E-04   0.181437E-01   0.614414E-02   0.300000E-03
 593   0.834565E-03   0.836307E-04   0.194861E-01   0.597112E-02   0.300000E-03
 594   0.343923E-04   0.916077E-04   0.206098E-01   0.616959E-02   0.350000E-03
 595   0.661369E-03  -0.169104E-03   0.222279E-01   0.503444E-02   0.200000E-03
 596   0.534626E-03   0.740246E-04   0.231790E-01   0.475639E-02   0.350000E-03
 597   0.823374E-03  -0.287959E-04   0.243790E-01   0.459023E-02   0.400000E-03
 598   0.299135E-03   0.603633E-04   0.265974E-01   0.440936E-02   0.350000E-03
 599   0.425901E-03   0.222217E-03   0.271502E-01   0.398068E-02   0.350000E-03
 600  -0.651502E-04  -0.182086E-03   0.298864E-01   0.489736E-02   0.300000E-03
 601   0.687309E-04  -0.218053E-03   0.305116E-01   0.506538E-02   0.350000E-03
 602  -0.134512E-03  -0.986941E-04   0.309829E-01   0.489886E-02   0.150000E-03
 603   0.488081E-03  -0.203496E-03   0.330365E-01   0.455483E-02   0.350000E-03
 604   0.191172E-03  -0.117806E-03   0.334282E-01   0.397523E-02   0.350000E-03
 605  -0.566933E-03  -0.460406E-03   0.364116E-01   0.477862E-02   0.400000E-03
 606  -0.532981E-03  -0.119900E-03   0.385068E-01   0.514244E-02   0.450000E-03
 607  -0.109556E-02  -0.488072E-03   0.386331E-01   0.404881E-02   0.250000E-03
 608  -0.657166E-03   0.565392E-03   0.396642E-01   0.346249E-02   0.300000E-03
 609   0.196689E-03   0.404065E-03   0.402598E-01   0.320294E-02   0.350000E-03
 610   0.165191E-04  -0.142780E-03   0.409002E-01   0.279138E-02   0.150000E-03
 611  -0.691829E-03  -0.212601E-04   0.428105E-01   0.361939E-02   0.450000E-03
 612   0.161421E-03  -0.591810E-03   0.434476E-01   0.314288E-02   0.350000E-03
 613   0.307439E-03  -0.226301E-03   0.104304E-01   0.862795E-02   0.350000E-03
 614   0.630373E-03   0.273486E-03   0.313535E-02   0.450789E-02   0.200000E-03
 615   0.195475E-03   0.163533E-03   0.367899E-02   0.444549E-02   0.350000E-03
 616   0.144011E-03   0.210998E-03   0.569089E-02   0.430401E-02   0.150000E-03
 617   0.512805E-03   0.247355E-03   0.664044E-02   0.446865E-02   0.350000E-03
 618   0.153742E-03   0.338666E-03   0.810500E-02   0.555135E-02   0.300000E-03
 619  -0.260253E-03  -0.994719E-04   0.930511E-02   0.518707E-02   0.300000E-03
 620   0.747147E-04  -0.358769E-04   0.988959E-02   0.556300E-02   0.400000E-03
 621  -0.190849E-03   0.699720E-05   0.114038E-01   0.535127E-02   0.250000E-03
 622  -0.411821E-03   0.276774E-03   0.114474E-01   0.486201E-02   0.250000E-03
 623   0.518068E-04   0.405133E-03   0.126802E-01   0.511477E-02   0.350000E-03
 624   0.165203E-03   0.590553E-04   0.139919E-01   0.577123E-02   0.200000E-03
 625   0.387006E-03   0.165207E-03   0.145184E-01   0.592463E-02   0.350000E-03
 626   0.219898E-03  -0.820668E-03   0.166370E-01   0.550273E-02   0.150000E-03
 627   0.908883E-03  -0.530515E-03   0.169477E-01   0.565941E-02   0.200000E-03
 628  -0.426192E-03   0.125986E-03   0.175509E-01   0.605411E-02   0.300000E-03
 629  -0.792756E-04   0.106509E-03   0.187768E-01   0.653890E-02   0.450000E-03
 630   0.494459E-03   0.269469E-03   0.218258E-01   0.612968E-02   0.300000E-03
 631   0.723438E-03  -0.979151E-04   0.227180E-01   0.528150E-02   0.350000E-03
 632   0.604439E-03   0.595172E-05   0.237923E-01   0.496911E-02   0.300000E-03
 633   0.690213E-03  -0.420004E-03   0.246354E-01   0.518241E-02   0.250000E-03
 634   0.547295E-03   0.143045E-03   0.271304E-01   0.452746E-02   0.200000E-03
 635   0.296677E-03   0.718527E-05   0.277725E-01   0.447813E-02   0.450000E-03
 636  -0.191128E-04  -0.287126E-03   0.293485E-01   0.515824E-02   0.300000E-03
 637   0.806081E-04  -0.285515E-03   0.303132E-01   0.567955E-02   0.300000E-03
 638   0.197594E-03   0.330041E-03   0.321527E-01   0.474861E-02   0.350000E-03
 639  -0.823895E-04  -0.338283E-03   0.342913E-01   0.481001E-02   0.250000E-03
 640  -0.276530E-04  -0.333122E-03   0.345022E-01   0.430610E-02   0.300000E-03
 641  -0.397387E-03  -0.347779E-03   0.368844E-01   0.529270E-02   0.300000E-03
 642  -0.177454E-03  -0.395072E-03   0.372729E-01   0.490754E-02   0.250000E-03
 643  -0.794130E-03   0.324156E-03   0.388096E-01   0.451248E-02   0.250000E-03
 644  -0.858013E-03   0.886456E-03   0.392934E-01   0.405597E-02   0.400000E-03
 645  -0.579559E-03  -0.652864E-04   0.417280E-01   0.384818E-02   0.200000E-03
 646  -0.459652E-03   0.776210E-04   0.407816E-01   0.333389E-02   0.150000E-03
 647  -0.806412E-03  -0.421177E-03   0.425772E-01   0.301253E-02   0.200000E-03
 648  -0.292321E-03  -0.483152E-03   0.448021E-01   0.354024E-02   0.200000E-03
 649   0.674536E-03   0.233945E-03   0.714949E-03   0.491668E-02   0.200000E-03
 650   0.322759E-03  -0.228343E-03   0.266451E-02   0.504398E-02   0.350000E-03
 651   0.275012E-03   0.312074E-03   0.319673E-02   0.401117E-02   0.300000E-03
 652  -0.124797E-04   0.175692E-03   0.457597E-02   0.493617E-02   0.200000E-03
 653   0.456896E-03   0.337479E-03   0.656916E-02   0.496187E-02   0.150000E-03
 654   0.434875E-03   0.566062E-03   0.747291E-02   0.525266E-02   0.400000E-03
 655   0.261088E-03  -0.388582E-04   0.876272E-02   0.575655E-02   0.350000E-03
 656   0.260852E-03  -0.610044E-04   0.934180E-02   0.590844E-02   0.250000E-03
 657   0.217937E-04  -0.464239E-04   0.104653E-01   0.595048E-02   0.300000E-03
 658  -0.649652E-05   0.425120E-03   0.119819E-01   0.516478E-02   0.350000E-03
 659   0.394820E-04   0.392629E-03   0.131504E-01   0.548712E-02   0.250000E-03
 660  -0.201144E-03   0.586452E-03   0.136166E-01   0.623757E-02   0.400000E-03
 661   0.334583E-03   0.950588E-04   0.150374E-01   0.631127E-02   0.300000E-03
 662   0.363124E-03  -0.465185E-04   0.163600E-01   0.645933E-02   0.300000E-03
 663   0.913999E-04   0.373339E-03   0.166558E-01   0.599840E-02   0.250000E-03
 664  -0.401812E-03  -0.260028E-04   0.177770E-01   0.655254E-02   0.250000E-03
 665   0.753367E-03   0.272992E-04   0.199781E-01   0.630984E-02   0.300000E-03
 666   0.887129E-04  -0.205901E-03   0.212259E-01   0.639080E-02   0.300000E-03
 667   0.522467E-03   0.136666E-03   0.223221E-01   0.579232E-02   0.300000E-03
 668   0.798060E-03  -0.132281E-03   0.233595E-01   0.538110E-02   0.300000E-03
 669   0.379944E-03  -0.223586E-03   0.248404E-01   0.478208E-02   0.100000E-03
 670   0.720156E-03  -0.750874E-03   0.263393E-01   0.489266E-02   0.200000E-03
 671   0.292038E-03  -0.138213E-03   0.284731E-01   0.531000E-02   0.200000E-03
 672   0.587305E-04  -0.270029E-03   0.280764E-01   0.510709E-02   0.250000E-03
 673   0.568475E-03   0.130344E-03   0.310079E-01   0.554529E-02   0.350000E-03
 674  -0.107752E-03   0.582235E-03   0.315628E-01   0.512262E-02   0.350000E-03
 675   0.485707E-03  -0.154635E-03   0.325087E-01   0.427117E-02   0.250000E-03
 676  -0.416696E-03  -0.256720E-03   0.347893E-01   0.478112E-02   0.250000E-03
 677  -0.385339E-03  -0.187363E-03   0.369698E-01   0.598565E-02   0.400000E-03
 678   0.103202E-02  -0.105947E-03   0.374245E-01   0.538497E-02   0.250000E-03
 679  -0.728988E-03  -0.148331E-03   0.390946E-01   0.541823E-02   0.200000E-03
 680  -0.916169E-03   0.196659E-03   0.392673E-01   0.489819E-02   0.350000E-03
 681  -0.104429E-02  -0.407048E-03   0.410975E-01   0.389014E-02   0.250000E-03
 682  -0.620322E-03  -0.210679E-04   0.421457E-01   0.340864E-02   0.250000E-03
 683  -0.725775E-03   0.113253E-03   0.440277E-01   0.455232E-02   0.500000E-03
 684  -0.358921E-03  -0.634820E-03   0.440474E-01   0.338914E-02   0.300000E-03
 685  -0.394023E-04   0.577009E-04   0.348353E-03   0.735920E-02   0.350000E-03
 686   0.479991E-03  -0.287413E-03   0.332794E-02   0.562335E-02   0.350000E-03
 687   0.452340E-03  -0.266099E-03   0.330850E-02   0.497599E-02   0.300000E-03
 688  -0.293418E-04   0.118319E-03   0.501981E-02   0.487835E-02   0.250000E-03
 689   0.124291E-03   0.625708E-04   0.706301E-02   0.481538E-02   0.200000E-03
 690   0.411011E-03   0.114119E-03   0.760697E-02   0.598335E-02   0.350000E-03
 691  -0.126643E-03  -0.739900E-04   0.877154E-02   0.649855E-02   0.350000E-03
 692   0.111484E-03  -0.652805E-04   0.989053E-02   0.626149E-02   0.300000E-03
 693  -0.134416E-04  -0.105277E-03   0.103865E-01   0.649276E-02   0.250000E-03
 694   0.667745E-04  -0.528787E-04   0.111075E-01   0.586537E-02   0.350000E-03
 695   0.992071E-04   0.306081E-03   0.128883E-01   0.602607E-02   0.350000E-03
 696   0.430764E-03  -0.730235E-04   0.146224E-01   0.723465E-02   0.250000E-03
 697   0.404304E-03   0.128324E-03   0.143259E-01   0.664465E-02   0.400000E-03
 698   0.472905E-04  -0.184566E-04   0.156754E-01   0.659290E-02   0.400000E-03
 699  -0.125119E-03  -0.130954E-03   0.170846E-01   0.663994E-02   0.450000E-03
 700  -0.654268E-04   0.134055E-03   0.181522E-01   0.695217E-02   0.300000E-03
 701   0.528259E-03   0.206193E-03   0.195105E-01   0.668163E-02   0.300000E-03
 702   0.218857E-03  -0.408746E-03   0.203829E-01   0.688002E-02   0.400000E-03
 703   0.595357E-03   0.228712E-03   0.229962E-01   0.597746E-02   0.400000E-03
 704   0.417306E-03  -0.330651E-03   0.241292E-01   0.558099E-02   0.400000E-03
 705   0.120144E-03  -0.150407E-03   0.251107E-01   0.503705E-02   0.250000E-03
 706   0.669166E-04  -0.499580E-03   0.259241E-01   0.506464E-02   0.250000E-03
 707   0.628835E-03  -0.416485E-03   0.269344E-01   0.509066E-02   0.400000E-03
 708   0.398582E-04  -0.310717E-03   0.298187E-01   0.544214E-02   0.250000E-03
 709   0.130570E-03   0.634699E-03   0.320854E-01   0.529351E-02   0.200000E-03
 710   0.790771E-04   0.265427E-03   0.326791E-01   0.503473E-02   0.250000E-03
 711   0.147560E-03  -0.285126E-03   0.337329E-01   0.460072E-02   0.350000E-03
 712  -0.498364E-03  -0.430841E-03   0.351251E-01   0.521594E-02   0.300000E-03
 713  -0.723897E-03  -0.343542E-03   0.381595E-01   0.636178E-02   0.350000E-03
 714  -0.531664E-03   0.439333E-04   0.379333E-01   0.569938E-02   0.350000E-03
 715  -0.589814E-03  -0.228795E-03   0.388304E-01   0.564284E-02   0.150000E-03
 716  -0.566678E-03  -0.204192E-03   0.397363E-01   0.453343E-02   0.250000E-03
 717  -0.522056E-03   0.786036E-03   0.400665E-01   0.366384E-02   0.150000E-03
 718  -0.660902E-03  -0.207090E-03   0.421740E-01   0.390733E-02   0.250000E-03
 719  -0.753567E-03   0.198008E-03   0.448008E-01   0.546803E-02   0.200000E-03
 720  -0.689070E-03   0.663779E-04   0.434117E-01   0.730357E-02   0.350000E-03
 721   0.531618E-03   0.237664E-03   0.214926E-02   0.406081E-02   0.200000E-03
 722   0.145830E-03  -0.167487E-03   0.202308E-02   0.513536E-02   0.300000E-03
 723   0.133175E-03   0.270671E-03   0.424628E-02   0.463469E-02   0.250000E-03
 724   0.481103E-03   0.282861E-03   0.602395E-02   0.489174E-02   0.400000E-03
 725   0.152230E-04   0.426300E-03   0.693495E-02   0.514062E-02   0.150000E-03
 726   0.309330E-03   0.133056E-03   0.652972E-02   0.550925E-02   0.400000E-03
 727   0.747171E-04   0.640865E-04   0.823658E-02   0.613620E-02   0.300000E-03
 728   0.254430E-03  -0.136530E-03   0.936243E-02   0.640600E-02   0.250000E-03
 729   0.134024E-03   0.283872E-04   0.971584E-02   0.683505E-02   0.300000E-03
 730   0.107243E-04   0.482612E-03   0.123659E-01   0.562545E-02   0.250000E-03
 731   0.195522E-03   0.295342E-03   0.122174E-01   0.622471E-02   0.350000E-03
 732   0.200150E-03   0.291595E-03   0.131061E-01   0.663630E-02   0.250000E-03
 733   0.363886E-03   0.102418E-03   0.149414E-01   0.685077E-02   0.250000E-03
 734   0.230550E-03   0.141263E-03   0.161769E-01   0.692138E-02   0.200000E-03
 735   0.520534E-04   0.616942E-04   0.175832E-01   0.726429E-02   0.350000E-03
 736  -0.241831E-03  -0.358214E-03   0.190824E-01   0.733086E-02   0.400000E-03
 737   0.234007E-03  -0.453344E-03   0.197720E-01   0.721990E-02   0.300000E-03
 738   0.104165E-03  -0.257124E-03   0.214572E-01   0.704927E-02   0.400000E-03
 739   0.548828E-03   0.259650E-03   0.224026E-01   0.643403E-02   0.350000E-03
 740   0.192138E-03   0.128796E-03   0.237115E-01   0.620042E-02   0.350000E-03
 741   0.692654E-03  -0.363103E-03   0.247925E-01   0.565533E-02   0.250000E-03
 742   0.742121E-03  -0.518731E-03   0.263400E-01   0.534221E-02   0.250000E-03
 743   0.560065E-03  -0.374760E-03   0.275799E-01   0.514869E-02   0.250000E-03
 744   0.495627E-03  -0.275707E-03   0.288522E-01   0.519550E-02   0.200000E-03
 745  -0.177028E-03  -0.177014E-03   0.315817E-01   0.572167E-02   0.250000E-03
 746   0.726554E-04  -0.278314E-04   0.328145E-01   0.561674E-02   0.350000E-03
 747   0.403091E-03  -0.357866E-03   0.332751E-01   0.515871E-02   0.300000E-03
 748  -0.338832E-03  -0.513366E-03   0.356677E-01   0.485986E-02   0.350000E-03
 749  -0.655043E-03  -0.225113E-03   0.363164E-01   0.547134E-02   0.300000E-03
 750  -0.916242E-03   0.984431E-05   0.385067E-01   0.587356E-02   0.250000E-03
 751  -0.903197E-03  -0.420839E-03   0.391621E-01   0.593958E-02   0.300000E-03
 752  -0.405404E-03  -0.178446E-03   0.401840E-01   0.422471E-02   0.300000E-03
 753  -0.394835E-03   0.422459E-03   0.407318E-01   0.303850E-02   0.150000E-03
 754  -0.387773E-03  -0.412248E-03   0.418907E-01   0.418804E-02   0.150000E-03
 755  -0.667855E-03  -0.785776E-04   0.425357E-01   0.415037E-02   0.150000E-03
 756   0.105153E-02   0.491302E-03   0.431089E-01   0.672837E-02   0.300000E-03
 757   0.375665E-03   0.526337E-03   0.183808E-02   0.451301E-02   0.350000E-03
 758   0.422028E-03  -0.350395E-03   0.402039E-02   0.570000E-02   0.350000E-03
 759   0.489185E-03  -0.201704E-03   0.390075E-02   0.506164E-02   0.300000E-03
 760   0.874386E-03   0.291390E-03   0.473483E-02   0.559069E-02   0.300000E-03
 761   0.232262E-03   0.500154E-03   0.540696E-02   0.539871E-02   0.400000E-03
 762  -0.387380E-04   0.355113E-03   0.592004E-02   0.594217E-02   0.350000E-03
 763   0.282789E-03   0.149009E-03   0.689632E-02   0.621769E-02   0.400000E-03
 764  -0.117908E-03  -0.776893E-04   0.816653E-02   0.673400E-02   0.300000E-03
 765   0.695554E-03   0.655701E-03   0.115411E-01   0.640833E-02   0.350000E-03
 766   0.298560E-03   0.423890E-03   0.117516E-01   0.577249E-02   0.300000E-03
 767   0.190015E-03   0.311049E-03   0.126711E-01   0.653081E-02   0.200000E-03
 768   0.100375E-03   0.265506E-03   0.137210E-01   0.687870E-02   0.250000E-03
 769   0.409647E-03   0.168315E-03   0.152423E-01   0.736854E-02   0.350000E-03
 770   0.497700E-04  -0.825159E-04   0.158239E-01   0.722484E-02   0.250000E-03
 771   0.262085E-03   0.888151E-04   0.165602E-01   0.680511E-02   0.100000E-03
 772  -0.372464E-03  -0.278717E-03   0.184404E-01   0.741662E-02   0.250000E-03
 773   0.801682E-03   0.403665E-03   0.201494E-01   0.780863E-02   0.400000E-03
 774   0.249089E-03  -0.321104E-03   0.208392E-01   0.747025E-02   0.350000E-03
 775   0.423163E-03  -0.414677E-04   0.232468E-01   0.657658E-02   0.250000E-03
 776   0.722493E-03  -0.258574E-03   0.248404E-01   0.610219E-02   0.200000E-03
 777   0.523901E-03  -0.275756E-03   0.255233E-01   0.486138E-02   0.200000E-03
 778   0.442326E-04  -0.244069E-03   0.259289E-01   0.551342E-02   0.200000E-03
 779   0.413940E-03  -0.168203E-02   0.276612E-01   0.569072E-02   0.300000E-03
 780   0.113167E-04  -0.264351E-03   0.293439E-01   0.580687E-02   0.350000E-03
 781   0.499261E-03   0.101578E-03   0.306976E-01   0.599889E-02   0.200000E-03
 782   0.124628E-03   0.597043E-03   0.321274E-01   0.579103E-02   0.300000E-03
 783  -0.703817E-04  -0.432259E-03   0.339142E-01   0.527572E-02   0.350000E-03
 784  -0.137890E-03  -0.415527E-03   0.344605E-01   0.522298E-02   0.200000E-03
 785  -0.339891E-03  -0.251708E-03   0.356759E-01   0.555921E-02   0.350000E-03
 786   0.154787E-02   0.305071E-03   0.375834E-01   0.619861E-02   0.250000E-03
 787  -0.732421E-03  -0.424089E-03   0.397255E-01   0.614054E-02   0.300000E-03
 788  -0.836795E-03  -0.347197E-03   0.396371E-01   0.549687E-02   0.350000E-03
 789  -0.134290E-03  -0.292283E-03   0.405657E-01   0.376614E-02   0.300000E-03
 790  -0.974905E-03  -0.162189E-03   0.414568E-01   0.429942E-02   0.300000E-03
 791  -0.849809E-03  -0.346151E-03   0.431184E-01   0.435841E-02   0.350000E-03
 792  -0.710818E-03   0.818269E-04   0.438827E-01   0.518558E-02   0.150000E-03
 793   0.278339E-03  -0.357329E-03   0.284393E-02   0.550740E-02   0.150000E-03
 794   0.354676E-03  -0.127971E-03   0.243178E-02   0.548344E-02   0.150000E-03
 795   0.287065E-03  -0.246625E-03   0.435529E-02   0.526649E-02   0.200000E-03
 796   0.296292E-03   0.514053E-04   0.265306E-02   0.649688E-02   0.300000E-03
 797   0.761625E-03   0.120817E-03   0.450881E-02   0.626730E-02   0.400000E-03
 798   0.290850E-03   0.289125E-03   0.517542E-02   0.605662E-02   0.300000E-03
 799   0.444649E-03  -0.307878E-04   0.751972E-02   0.667363E-02   0.350000E-03
 800  -0.635499E-04   0.879103E-03   0.883355E-02   0.709442E-02   0.250000E-03
 801   0.219394E-03  -0.942538E-06   0.108026E-01   0.676840E-02   0.250000E-03
 802   0.103730E-02   0.116138E-03   0.112708E-01   0.694361E-02   0.250000E-03
 803   0.232955E-03   0.299695E-03   0.120023E-01   0.678442E-02   0.250000E-03
 804   0.176508E-03   0.298123E-03   0.132534E-01   0.716572E-02   0.300000E-03
 805   0.449428E-03  -0.119110E-03   0.140766E-01   0.729812E-02   0.300000E-03
 806   0.371623E-04  -0.142576E-03   0.157092E-01   0.765937E-02   0.200000E-03
 807  -0.335341E-03  -0.251204E-03   0.180157E-01   0.767973E-02   0.250000E-03
 808  -0.208493E-03  -0.404789E-04   0.191050E-01   0.817916E-02   0.450000E-03
 809   0.111483E-03  -0.344267E-03   0.214247E-01   0.774846E-02   0.300000E-03
 810   0.786295E-03  -0.304199E-03   0.221558E-01   0.703140E-02   0.300000E-03
 811   0.158480E-03  -0.357214E-03   0.237421E-01   0.684797E-02   0.300000E-03
 812   0.510990E-03  -0.196896E-03   0.243602E-01   0.624069E-02   0.300000E-03
 813   0.392923E-04  -0.211401E-03   0.253850E-01   0.556541E-02   0.350000E-03
 814   0.231242E-03  -0.170291E-02   0.271633E-01   0.564506E-02   0.200000E-03
 815   0.333357E-03  -0.277705E-03   0.285998E-01   0.589389E-02   0.400000E-03
 816   0.364486E-03  -0.192654E-03   0.312242E-01   0.604259E-02   0.200000E-03
 817   0.797465E-04  -0.278381E-03   0.302480E-01   0.627200E-02   0.300000E-03
 818  -0.128597E-03   0.322882E-03   0.325561E-01   0.621021E-02   0.300000E-03
 819  -0.393595E-03  -0.108695E-03   0.334536E-01   0.573271E-02   0.300000E-03
 820  -0.275511E-03  -0.713813E-03   0.347132E-01   0.565037E-02   0.300000E-03
 821  -0.594805E-03  -0.429743E-03   0.362105E-01   0.606010E-02   0.300000E-03
 822  -0.103769E-02   0.195628E-03   0.378264E-01   0.691965E-02   0.300000E-03
 823  -0.102549E-02  -0.318203E-03   0.387567E-01   0.631050E-02   0.250000E-03
 824  -0.791184E-03  -0.376943E-03   0.408212E-01   0.556681E-02   0.350000E-03
 825  -0.783255E-03  -0.376581E-03   0.402602E-01   0.499675E-02   0.450000E-03
 826  -0.910236E-03  -0.266208E-03   0.408059E-01   0.441349E-02   0.350000E-03
 827  -0.635309E-03  -0.192968E-03   0.422281E-01   0.440355E-02   0.250000E-03
 828  -0.550575E-03   0.581191E-05   0.402872E-01   0.693404E-02   0.350000E-03
 829   0.139632E-03  -0.137251E-03   0.262551E-02   0.589864E-02   0.300000E-03
 830  -0.131197E-03  -0.400272E-03   0.299360E-03   0.524013E-02   0.300000E-03
 831  -0.103591E-03  -0.284710E-03   0.314241E-03   0.573907E-02   0.200000E-03
 832   0.374898E-03  -0.319663E-05   0.309879E-02   0.617655E-02   0.250000E-03
 833   0.338720E-03   0.164903E-03   0.328577E-02   0.669230E-02   0.300000E-03
 834   0.372358E-03  -0.126353E-03   0.509337E-02   0.665031E-02   0.300000E-03
 835  -0.209976E-03   0.400176E-03   0.575644E-02   0.682652E-02   0.300000E-03
 836   0.400639E-03   0.263723E-03   0.758761E-02   0.736817E-02   0.350000E-03
 837   0.164173E-03  -0.197016E-03   0.108004E-01   0.631970E-02   0.200000E-03
 838   0.267536E-03   0.231909E-03   0.117418E-01   0.732465E-02   0.350000E-03
 839   0.291523E-03   0.325001E-03   0.125570E-01   0.711914E-02   0.400000E-03
 840   0.496012E-03   0.289735E-03   0.141463E-01   0.789357E-02   0.300000E-03
 841   0.458869E-03   0.144257E-03   0.147336E-01   0.777240E-02   0.300000E-03
 842   0.246006E-03  -0.832814E-04   0.170170E-01   0.758180E-02   0.300000E-03
 843  -0.366887E-03  -0.200100E-04   0.184574E-01   0.791401E-02   0.250000E-03
 844   0.848212E-03   0.320667E-03   0.198139E-01   0.842250E-02   0.300000E-03
 845   0.226195E-03   0.307792E-03   0.208074E-01   0.816786E-02   0.350000E-03
 846   0.776458E-03  -0.209440E-03   0.219288E-01   0.753146E-02   0.250000E-03
 847   0.447031E-03  -0.486900E-03   0.232111E-01   0.712474E-02   0.300000E-03
 848   0.721400E-03  -0.296710E-03   0.244354E-01   0.693608E-02   0.400000E-03
 849   0.250000E-05  -0.496882E-03   0.253668E-01   0.626107E-02   0.350000E-03
 850   0.506608E-03  -0.643698E-04   0.266941E-01   0.563601E-02   0.200000E-03
 851   0.604394E-03  -0.311291E-03   0.265544E-01   0.611235E-02   0.300000E-03
 852   0.137527E-03   0.485223E-04   0.298910E-01   0.583515E-02   0.150000E-03
 853   0.100704E-02   0.265055E-03   0.316879E-01   0.633251E-02   0.350000E-03
 854  -0.315895E-03  -0.324143E-03   0.327700E-01   0.682254E-02   0.350000E-03
 855  -0.629590E-03   0.287842E-03   0.331545E-01   0.625242E-02   0.300000E-03
 856  -0.120670E-03  -0.778940E-03   0.341096E-01   0.599864E-02   0.400000E-03
 857  -0.883759E-04  -0.527077E-03   0.352047E-01   0.607311E-02   0.350000E-03
 858  -0.431933E-03  -0.178421E-03   0.365566E-01   0.654876E-02   0.300000E-03
 859  -0.888119E-03  -0.462292E-03   0.392885E-01   0.647372E-02   0.250000E-03
 860  -0.841122E-03  -0.366523E-03   0.402141E-01   0.579270E-02   0.300000E-03
 861  -0.877569E-03   0.473957E-04   0.415195E-01   0.558063E-02   0.350000E-03
 862  -0.145569E-02  -0.191043E-03   0.409786E-01   0.498814E-02   0.250000E-03
 863  -0.553797E-03  -0.141986E-04   0.432847E-01   0.514060E-02   0.450000E-03
 864  -0.681232E-03  -0.615754E-04   0.445510E-01   0.606688E-02   0.450000E-03
 865   0.141654E-03  -0.106328E-03   0.137594E-02   0.508825E-02   0.350000E-03
 866   0.145199E-03  -0.171948E-03   0.170871E-02   0.552181E-02   0.200000E-03
 867   0.290555E-03   0.402013E-04   0.203247E-02   0.631017E-02   0.350000E-03
 868   0.266049E-04   0.406109E-03   0.371428E-02   0.627314E-02   0.300000E-03
 869   0.290424E-03   0.170546E-03   0.337291E-02   0.723305E-02   0.250000E-03
 870  -0.715457E-04   0.302049E-03   0.625695E-02   0.649706E-02   0.300000E-03
 871   0.258160E-03  -0.510084E-04   0.691812E-02   0.691670E-02   0.300000E-03
 872   0.115649E-03   0.168524E-03   0.921057E-02   0.682806E-02   0.200000E-03
 873   0.464141E-04  -0.382960E-03   0.102869E-01   0.703085E-02   0.300000E-03
 874   0.454693E-03   0.235413E-03   0.116951E-01   0.798992E-02   0.300000E-03
 875   0.316204E-03   0.266198E-03   0.122405E-01   0.774120E-02   0.300000E-03
 876   0.943637E-04   0.157834E-03   0.135970E-01   0.765465E-02   0.300000E-03
 877   0.457953E-03   0.140260E-03   0.146820E-01   0.836935E-02   0.300000E-03
 878   0.131096E-03  -0.112373E-03   0.163878E-01   0.742613E-02   0.350000E-03
 879   0.966456E-04  -0.150528E-03   0.174931E-01   0.785591E-02   0.250000E-03
 880   0.187689E-03   0.520803E-04   0.177233E-01   0.835457E-02   0.300000E-03
 881   0.305104E-03   0.704765E-04   0.219071E-01   0.810426E-02   0.300000E-03
 882   0.352313E-03  -0.482651E-03   0.226709E-01   0.722135E-02   0.250000E-03
 883   0.991760E-04   0.370075E-04   0.228536E-01   0.664765E-02   0.150000E-03
 884   0.319878E-03   0.110712E-03   0.239149E-01   0.747369E-02   0.350000E-03
 885   0.353775E-03  -0.398001E-03   0.258388E-01   0.740180E-02   0.400000E-03
 886   0.109790E-04  -0.470188E-03   0.259648E-01   0.601044E-02   0.300000E-03
 887   0.378192E-03  -0.377143E-03   0.283479E-01   0.659748E-02   0.350000E-03
 888  -0.337293E-05  -0.283988E-03   0.295624E-01   0.657508E-02   0.450000E-03
 889   0.188199E-03  -0.517202E-04   0.309158E-01   0.661298E-02   0.450000E-03
 890   0.249966E-03  -0.159408E-03   0.322053E-01   0.663111E-02   0.250000E-03
 891  -0.490850E-03  -0.991511E-04   0.337173E-01   0.663567E-02   0.350000E-03
 892  -0.132172E-03  -0.764947E-03   0.346555E-01   0.658233E-02   0.400000E-03
 893  -0.290674E-03  -0.668461E-03   0.357427E-01   0.643488E-02   0.300000E-03
 894  -0.928972E-03  -0.550618E-03   0.385879E-01   0.678088E-02   0.250000E-03
 895  -0.104736E-02  -0.374306E-04   0.390971E-01   0.698861E-02   0.300000E-03
 896  -0.738486E-03   0.550273E-03   0.419165E-01   0.695921E-02   0.300000E-03
 897  -0.946853E-04   0.342001E-03   0.424704E-01   0.661954E-02   0.350000E-03
 898  -0.219111E-03  -0.259194E-03   0.426286E-01   0.460721E-02   0.200000E-03
 899  -0.584682E-03   0.504036E-04   0.424894E-01   0.520047E-02   0.350000E-03
 900  -0.569236E-03  -0.540343E-04   0.438287E-01   0.572429E-02   0.350000E-03
 901   0.193953E-03  -0.168249E-03   0.129027E-02   0.567955E-02   0.250000E-03
 902   0.280256E-03   0.173174E-03   0.309198E-02   0.764607E-02   0.250000E-03
 903   0.292969E-03  -0.121399E-03   0.210959E-02   0.571638E-02   0.250000E-03
 904   0.296129E-03   0.171586E-03   0.278203E-02   0.713255E-02   0.350000E-03
 905   0.898017E-03  -0.810797E-04   0.401692E-02   0.695937E-02   0.450000E-03
 906   0.180476E-03  -0.136101E-03   0.587341E-02   0.736920E-02   0.250000E-03
 907   0.128552E-03   0.188051E-03   0.556852E-02   0.636376E-02   0.200000E-03
 908  -0.137737E-03   0.247661E-03   0.884975E-02   0.764345E-02   0.300000E-03
 909   0.697878E-04   0.124922E-03   0.934651E-02   0.730741E-02   0.300000E-03
 910   0.318975E-03  -0.193548E-03   0.101032E-01   0.806658E-02   0.300000E-03
 911   0.431755E-03   0.211821E-03   0.112510E-01   0.766870E-02   0.250000E-03
 912  -0.194543E-03  -0.256211E-03   0.151618E-01   0.863784E-02   0.250000E-03
 913   0.314349E-03  -0.497125E-03   0.153304E-01   0.806226E-02   0.350000E-03
 914  -0.429154E-04  -0.332415E-04   0.161218E-01   0.817890E-02   0.450000E-03
 915   0.772103E-04  -0.128343E-03   0.170020E-01   0.828118E-02   0.400000E-03
 916  -0.480684E-04   0.569474E-03   0.203707E-01   0.864692E-02   0.300000E-03
 917   0.190710E-03   0.296767E-03   0.199645E-01   0.908659E-02   0.300000E-03
 918   0.152332E-03   0.100408E-03   0.224730E-01   0.778622E-02   0.350000E-03
 919   0.386770E-03   0.974648E-04   0.231726E-01   0.777329E-02   0.350000E-03
 920   0.775872E-03  -0.480342E-03   0.247621E-01   0.644276E-02   0.150000E-03
 921   0.936963E-03  -0.601672E-03   0.233468E-01   0.851160E-02   0.350000E-03
 922   0.564327E-04  -0.456522E-03   0.259419E-01   0.665919E-02   0.350000E-03
 923   0.489492E-03  -0.339981E-03   0.276984E-01   0.633812E-02   0.350000E-03
 924   0.400375E-03  -0.368391E-03   0.288959E-01   0.717946E-02   0.450000E-03
 925   0.133702E-03  -0.323010E-03   0.310885E-01   0.739366E-02   0.350000E-03
 926   0.105184E-02  -0.963022E-04   0.315967E-01   0.697463E-02   0.300000E-03
 927  -0.204448E-03  -0.236933E-03   0.336317E-01   0.719615E-02   0.200000E-03
 928   0.174713E-05   0.302564E-03   0.341629E-01   0.649505E-02   0.100000E-03
 929  -0.157220E-03   0.516726E-03   0.372173E-01   0.669322E-02   0.350000E-03
 930  -0.251566E-03  -0.263538E-03   0.412214E-01   0.664276E-02   0.300000E-03
 931  -0.689499E-03  -0.113317E-03   0.411897E-01   0.607830E-02   0.250000E-03
 932  -0.721072E-03  -0.736579E-04   0.397395E-01   0.668943E-02   0.250000E-03
 933  -0.807981E-03   0.836377E-04   0.418114E-01   0.626726E-02   0.400000E-03
 934  -0.766805E-03  -0.565143E-03   0.412519E-01   0.469772E-02   0.150000E-03
 935  -0.884180E-03  -0.626025E-04   0.418066E-01   0.489666E-02   0.400000E-03
 936  -0.120844E-02  -0.200144E-03   0.433673E-01   0.618167E-02   0.300000E-03
 937   0.273470E-03  -0.211993E-04   0.102807E-02   0.719873E-02   0.350000E-03
 938   0.211668E-03  -0.680573E-04   0.297617E-03   0.623848E-02   0.300000E-03
 939   0.128054E-03  -0.419956E-04   0.372413E-02   0.771638E-02   0.350000E-03
 940   0.548859E-03  -0.326481E-03   0.788685E-03   0.589646E-02   0.300000E-03
 941   0.349214E-03  -0.305488E-04   0.166135E-02   0.690251E-02   0.350000E-03
 942   0.199329E-03  -0.246816E-04   0.457330E-02   0.773642E-02   0.500000E-03
 943   0.355096E-03  -0.947414E-04   0.528323E-02   0.727127E-02   0.350000E-03
 944  -0.177826E-03   0.930172E-04   0.634456E-02   0.708929E-02   0.300000E-03
 945   0.243031E-03   0.474245E-04   0.108313E-01   0.731635E-02   0.300000E-03
 946   0.539783E-04   0.107400E-03   0.985099E-02   0.752355E-02   0.250000E-03
 947   0.526412E-04   0.173814E-03   0.129393E-01   0.801188E-02   0.450000E-03
 948   0.243017E-03   0.991035E-04   0.125511E-01   0.859389E-02   0.250000E-03
 949  -0.713928E-04  -0.218551E-03   0.156898E-01   0.879123E-02   0.300000E-03
 950   0.449041E-03   0.456208E-03   0.139978E-01   0.857720E-02   0.400000E-03
 951  -0.333812E-04  -0.159280E-04   0.165365E-01   0.880339E-02   0.300000E-03
 952  -0.401274E-03   0.278355E-04   0.182724E-01   0.837698E-02   0.250000E-03
 953  -0.138868E-03  -0.551444E-03   0.210191E-01   0.872887E-02   0.250000E-03
 954   0.126240E-03  -0.486514E-03   0.225060E-01   0.863489E-02   0.500000E-03
 955   0.370919E-03   0.135361E-03   0.237114E-01   0.803614E-02   0.250000E-03
 956   0.264576E-03  -0.417911E-03   0.252071E-01   0.725006E-02   0.250000E-03
 957   0.484435E-03  -0.164166E-03   0.268609E-01   0.765332E-02   0.350000E-03
 958   0.428533E-03  -0.267340E-03   0.265313E-01   0.703617E-02   0.350000E-03
 959   0.568167E-03  -0.362879E-03   0.270322E-01   0.654820E-02   0.350000E-03
 960   0.981686E-04  -0.268836E-04   0.302474E-01   0.682060E-02   0.250000E-03
 961   0.222075E-03  -0.504132E-03   0.321359E-01   0.797674E-02   0.400000E-03
 962   0.104690E-02  -0.131308E-03   0.316750E-01   0.751837E-02   0.250000E-03
 963  -0.275080E-03  -0.292768E-03   0.332945E-01   0.698219E-02   0.200000E-03
 964  -0.164055E-03  -0.781925E-03   0.353043E-01   0.684327E-02   0.300000E-03
 965  -0.103817E-03  -0.402959E-03   0.360993E-01   0.685300E-02   0.250000E-03
 966  -0.679764E-03  -0.136625E-02   0.366944E-01   0.723396E-02   0.400000E-03
 967  -0.357385E-03  -0.266369E-03   0.406493E-01   0.633559E-02   0.350000E-03
 968   0.666219E-03  -0.773579E-04   0.401600E-01   0.624660E-02   0.150000E-03
 969   0.416999E-06   0.975973E-03   0.447506E-01   0.714339E-02   0.250000E-03
 970  -0.867476E-03   0.369259E-03   0.442540E-01   0.680800E-02   0.350000E-03
 971  -0.573726E-03   0.664421E-04   0.427215E-01   0.591223E-02   0.400000E-03
 972  -0.831850E-03   0.378963E-03   0.436571E-01   0.675633E-02   0.250000E-03
 973   0.555611E-03  -0.267970E-03   0.837277E-03   0.534883E-02   0.250000E-03
 974   0.112504E-03   0.131834E-03   0.401754E-02   0.823950E-02   0.250000E-03
 975   0.216962E-03   0.441498E-04   0.133395E-02   0.627609E-02   0.350000E-03
 976   0.297431E-03  -0.342094E-06   0.772208E-03   0.660186E-02   0.300000E-03
 977   0.223567E-03   0.621864E-03   0.733503E-02   0.791146E-02   0.250000E-03
 978   0.270972E-03   0.297413E-03   0.695466E-02   0.751487E-02   0.300000E-03
 979  -0.179953E-03   0.279412E-03   0.641801E-02   0.763359E-02   0.250000E-03
 980   0.221106E-03   0.141808E-03   0.817640E-02   0.783039E-02   0.400000E-03
 981   0.110908E-03   0.109214E-03   0.103473E-01   0.757535E-02   0.250000E-03
 982  -0.471409E-03  -0.627666E-04   0.936388E-02   0.818853E-02   0.450000E-03
 983   0.354602E-03   0.189365E-03   0.121589E-01   0.828451E-02   0.250000E-03
 984   0.292706E-03   0.305704E-03   0.107590E-01   0.801006E-02   0.350000E-03
 985   0.848010E-04   0.910042E-04   0.135738E-01   0.815299E-02   0.200000E-03
 986  -0.360101E-03   0.521557E-04   0.189652E-01   0.940893E-02   0.300000E-03
 987  -0.335257E-03   0.116139E-03   0.186536E-01   0.883905E-02   0.350000E-03
 988  -0.104145E-03   0.178412E-03   0.194076E-01   0.886366E-02   0.300000E-03
 989  -0.121715E-03   0.540814E-04   0.195150E-01   0.940261E-02   0.250000E-03
 990   0.888496E-04   0.279223E-03   0.213924E-01   0.829679E-02   0.250000E-03
 991   0.423202E-03   0.216001E-03   0.243200E-01   0.804402E-02   0.350000E-03
 992   0.780143E-03  -0.186429E-03   0.247524E-01   0.755914E-02   0.300000E-03
 993  -0.220741E-03  -0.284040E-05   0.250626E-01   0.677193E-02   0.250000E-03
 994   0.570235E-03  -0.292737E-03   0.271600E-01   0.713352E-02   0.250000E-03
 995   0.291825E-03  -0.292192E-03   0.278094E-01   0.711835E-02   0.400000E-03
 996   0.146421E-03   0.709680E-04   0.304414E-01   0.733392E-02   0.300000E-03
 997   0.133962E-03  -0.645939E-04   0.299054E-01   0.718502E-02   0.250000E-03
 998   0.246904E-03  -0.635846E-03   0.322008E-01   0.722998E-02   0.350000E-03
 999  -0.303230E-03  -0.269619E-03   0.330446E-01   0.735549E-02   0.250000E-03
1000  -0.597310E-03  -0.205782E-03   0.341801E-01   0.716037E-02   0.350000E-03
