   1  -0.122727E-03  -0.912980E-04   0.112799E-01   0.848355E-02   0.350000E-03
   2  -0.869877E-02  -0.702182E-02   0.163757E-03   0.151044E-03   0.150000E-03
   3   0.181129E-02  -0.538925E-02   0.455429E-02   0.447483E-03   0.450000E-03
   4  -0.565376E-03   0.115037E-03   0.571810E-02   0.552415E-03   0.200000E-03
   5   0.341126E-03  -0.247836E-04   0.568170E-02   0.999892E-04   0.100000E-03
   6  -0.163019E-02  -0.151915E-02   0.747338E-02   0.249865E-03   0.250000E-03
   7  -0.391010E-03  -0.148963E-02   0.810589E-02   0.399124E-03   0.400000E-03
   8   0.595628E-03  -0.148521E-02   0.885465E-02   0.348007E-03   0.350000E-03
   9  -0.245182E-03  -0.136510E-02   0.930036E-02   0.570765E-03   0.150000E-03
  10  -0.739695E-03   0.117255E-02   0.117953E-01   0.295096E-03   0.300000E-03
  11  -0.103869E-02   0.431249E-03   0.130360E-01   0.360923E-03   0.350000E-03
  12   0.909655E-03  -0.185883E-05   0.147689E-01   0.195288E-03   0.200000E-03
  13   0.736111E-03   0.988345E-03   0.169122E-01   0.344678E-03   0.350000E-03
  14   0.193991E-02   0.103537E-02   0.176106E-01   0.348626E-03   0.350000E-03
  15   0.143436E-03  -0.496660E-03   0.188306E-01   0.399998E-03   0.400000E-03
  16  -0.411008E-03  -0.538452E-03   0.195772E-01   0.347043E-03   0.350000E-03
  17   0.617548E-03   0.148390E-02   0.204923E-01   0.338085E-03   0.350000E-03
  18   0.213912E-02  -0.143825E-02   0.219430E-01   0.349220E-03   0.350000E-03
  19   0.115911E-03  -0.855749E-03   0.225323E-01   0.241057E-03   0.250000E-03
  20   0.358087E-02  -0.833061E-03   0.230319E-01   0.248906E-03   0.250000E-03
  21  -0.125999E-02  -0.730624E-05   0.244890E-01   0.249756E-03   0.250000E-03
  22  -0.116424E-03   0.503567E-03   0.257273E-01   0.199919E-03   0.200000E-03
  23  -0.215647E-02   0.134115E-02   0.267584E-01   0.999425E-04   0.100000E-03
  24  -0.941583E-04   0.203220E-04   0.282265E-01   0.396735E-03   0.400000E-03
  25  -0.933007E-03  -0.260984E-03   0.297794E-01   0.399586E-03   0.400000E-03
  26  -0.270542E-02   0.189026E-04   0.305256E-01   0.335510E-03   0.350000E-03
  27   0.203672E-02  -0.429415E-03   0.318667E-01   0.297666E-03   0.300000E-03
  28   0.137554E-02   0.198852E-03   0.333421E-01   0.299711E-03   0.300000E-03
  29   0.187331E-02  -0.256477E-03   0.355496E-01   0.445231E-03   0.450000E-03
  30   0.207022E-02  -0.159140E-02   0.373992E-01   0.346923E-03   0.350000E-03
  31   0.294817E-03  -0.106749E-02   0.379905E-01   0.249130E-03   0.250000E-03
  32  -0.195381E-03  -0.110910E-02   0.401210E-01   0.197716E-03   0.200000E-03
  33  -0.134906E-02  -0.320647E-03   0.410117E-01   0.194653E-03   0.200000E-03
  34   0.159466E-02  -0.192689E-02   0.446057E-01   0.880624E-03   0.400000E-03
  35   0.814543E-03  -0.971751E-03   0.446528E-01   0.192199E-02   0.350000E-03
  36  -0.219680E-05   0.207019E-03   0.863907E-02   0.835762E-02   0.300000E-03
  37   0.161040E-02  -0.130386E-02   0.247997E-03   0.180668E-02   0.250000E-03
  38   0.932746E-03  -0.225162E-02   0.767416E-03   0.737855E-03   0.300000E-03
  39  -0.370359E-02   0.704224E-03   0.265454E-02   0.400061E-03   0.400000E-03
  40   0.135961E-02  -0.141559E-02   0.614703E-02   0.299347E-03   0.300000E-03
  41  -0.127371E-02  -0.127760E-02   0.683962E-02   0.393800E-03   0.400000E-03
  42   0.104324E-03  -0.254502E-02   0.726233E-02   0.100744E-02   0.350000E-03
  43  -0.552477E-03  -0.105439E-02   0.856555E-02   0.925998E-03   0.300000E-03
  44   0.360239E-03  -0.813480E-03   0.936664E-02   0.964175E-03   0.250000E-03
  45  -0.137473E-02  -0.437709E-03   0.994403E-02   0.492355E-03   0.500000E-03
  46  -0.156721E-02  -0.585980E-03   0.108343E-01   0.299955E-03   0.300000E-03
  47  -0.369261E-02   0.611830E-03   0.152277E-01   0.149798E-03   0.150000E-03
  48  -0.269513E-03   0.916515E-04   0.158108E-01   0.447575E-03   0.450000E-03
  49   0.143377E-02   0.121745E-02   0.164779E-01   0.883104E-03   0.350000E-03
  50   0.222815E-02   0.583792E-03   0.182006E-01   0.246892E-03   0.250000E-03
  51  -0.276860E-03   0.114597E-03   0.193007E-01   0.873740E-03   0.250000E-03
  52   0.233246E-03  -0.427575E-03   0.200329E-01   0.147857E-03   0.150000E-03
  53  -0.870193E-03   0.710708E-03   0.204978E-01   0.100643E-02   0.200000E-03
  54   0.821777E-03  -0.779925E-03   0.211565E-01   0.298385E-03   0.300000E-03
  55   0.301744E-03  -0.183858E-03   0.233996E-01   0.998887E-04   0.100000E-03
  56   0.209540E-02  -0.434948E-04   0.238558E-01   0.395546E-03   0.400000E-03
  57   0.354328E-03  -0.445527E-03   0.245190E-01   0.913098E-03   0.400000E-03
  58  -0.873672E-03   0.376752E-03   0.251222E-01   0.395160E-03   0.400000E-03
  59   0.348783E-03  -0.223513E-02   0.270420E-01   0.199946E-03   0.200000E-03
  60   0.577383E-03   0.308577E-03   0.275342E-01   0.297697E-03   0.300000E-03
  61  -0.422317E-03   0.773940E-04   0.290881E-01   0.296899E-03   0.300000E-03
  62   0.330478E-03  -0.315331E-03   0.312222E-01   0.346537E-03   0.350000E-03
  63   0.872028E-03   0.580572E-03   0.328561E-01   0.196628E-03   0.200000E-03
  64   0.360557E-03  -0.365623E-04   0.347584E-01   0.345100E-03   0.350000E-03
  65   0.152173E-02  -0.932622E-04   0.363258E-01   0.619297E-03   0.350000E-03
  66   0.205082E-02  -0.222839E-02   0.364290E-01   0.139957E-03   0.150000E-03
  67   0.134821E-03  -0.425251E-03   0.391360E-01   0.299444E-03   0.300000E-03
  68  -0.147125E-02   0.150358E-03   0.423015E-01   0.200905E-03   0.200000E-03
  69  -0.391935E-04  -0.377601E-03   0.438634E-01   0.822372E-03   0.350000E-03
  70   0.978279E-03   0.161155E-03   0.424054E-01   0.721737E-02   0.250000E-03
  71  -0.282133E-03   0.576773E-03   0.447020E-01   0.497913E-02   0.300000E-03
  72   0.386462E-02  -0.103811E-01   0.447506E-01   0.248177E-03   0.250000E-03
  73   0.233943E-03  -0.858634E-04   0.258088E-02   0.795544E-02   0.350000E-03
  74  -0.683379E-03   0.116701E-02   0.117002E-02   0.296791E-03   0.300000E-03
  75   0.460447E-02  -0.945345E-03   0.388654E-02   0.248620E-03   0.250000E-03
  76   0.298461E-02  -0.210941E-02   0.519083E-02   0.925580E-03   0.350000E-03
  77  -0.223716E-03  -0.172378E-02   0.642925E-02   0.823193E-03   0.200000E-03
  78  -0.656148E-03  -0.262334E-02   0.662450E-02   0.133639E-02   0.350000E-03
  79  -0.642627E-03  -0.107247E-02   0.794936E-02   0.113201E-02   0.350000E-03
  80  -0.449314E-03  -0.682881E-03   0.904027E-02   0.133659E-02   0.250000E-03
  81   0.178958E-03  -0.232925E-03   0.106653E-01   0.930757E-03   0.350000E-03
  82   0.462259E-03  -0.277913E-03   0.132767E-01   0.964920E-03   0.300000E-03
  83  -0.100737E-02   0.374251E-03   0.137327E-01   0.345227E-03   0.350000E-03
  84   0.227399E-03   0.677461E-04   0.143231E-01   0.244386E-03   0.250000E-03
  85   0.140440E-03  -0.105234E-02   0.154082E-01   0.101622E-02   0.250000E-03
  86   0.138495E-02   0.852958E-03   0.172559E-01   0.106445E-02   0.450000E-03
  87   0.173637E-03   0.237399E-03   0.188352E-01   0.104940E-02   0.250000E-03
  88   0.392456E-03   0.866216E-03   0.200426E-01   0.799767E-03   0.300000E-03
  89  -0.356615E-03  -0.975145E-05   0.202910E-01   0.160266E-02   0.400000E-03
  90   0.132912E-02  -0.751968E-04   0.214729E-01   0.864308E-03   0.350000E-03
  91   0.840266E-03  -0.960112E-03   0.225945E-01   0.728370E-03   0.250000E-03
  92   0.339019E-02  -0.383408E-03   0.231833E-01   0.828313E-03   0.350000E-03
  93   0.927347E-03  -0.141877E-02   0.238079E-01   0.113945E-02   0.350000E-03
  94  -0.123625E-02  -0.594430E-03   0.252337E-01   0.113468E-02   0.350000E-03
  95   0.552286E-03   0.351051E-03   0.273436E-01   0.916682E-03   0.350000E-03
  96  -0.195942E-03  -0.209421E-04   0.280472E-01   0.117416E-02   0.400000E-03
  97  -0.794145E-03   0.289754E-03   0.294611E-01   0.965423E-03   0.250000E-03
  98  -0.117107E-02  -0.138357E-03   0.302845E-01   0.108259E-02   0.450000E-03
  99   0.383058E-03   0.224089E-03   0.324111E-01   0.246238E-03   0.250000E-03
 100   0.122296E-02   0.776763E-03   0.327321E-01   0.623787E-03   0.250000E-03
 101   0.966165E-03   0.105565E-04   0.349643E-01   0.106193E-02   0.400000E-03
 102   0.322228E-02  -0.158173E-02   0.368076E-01   0.262301E-03   0.250000E-03
 103   0.237689E-02  -0.973833E-03   0.376429E-01   0.891160E-03   0.250000E-03
 104   0.889159E-03  -0.535378E-03   0.385383E-01   0.295165E-03   0.300000E-03
 105  -0.126107E-03  -0.855171E-03   0.405664E-01   0.244408E-03   0.250000E-03
 106   0.643579E-03   0.165228E-03   0.431881E-01   0.297207E-03   0.300000E-03
 107  -0.109967E-02   0.667095E-03   0.440874E-01   0.748818E-02   0.350000E-03
 108  -0.715933E-03  -0.537162E-03   0.349199E-01   0.748375E-02   0.450000E-03
 109  -0.308066E-02  -0.324861E-02   0.239164E-03   0.615668E-03   0.250000E-03
 110  -0.789526E-03  -0.610706E-02   0.560603E-03   0.238330E-03   0.250000E-03
 111  -0.414924E-02   0.112585E-03   0.186062E-02   0.398939E-03   0.400000E-03
 112  -0.108924E-02   0.310587E-02   0.319058E-02   0.923466E-03   0.350000E-03
 113   0.186293E-03  -0.272059E-02   0.590984E-02   0.111786E-02   0.400000E-03
 114  -0.341180E-03  -0.216693E-02   0.712921E-02   0.153966E-02   0.200000E-03
 115  -0.356799E-03  -0.230963E-03   0.849258E-02   0.156818E-02   0.350000E-03
 116  -0.620753E-03  -0.278983E-03   0.984118E-02   0.133128E-02   0.350000E-03
 117   0.602144E-05   0.319895E-04   0.113390E-01   0.745119E-03   0.350000E-03
 118   0.110542E-04   0.107362E-02   0.123926E-01   0.290821E-03   0.300000E-03
 119   0.145065E-03  -0.532805E-05   0.142549E-01   0.784623E-03   0.300000E-03
 120   0.789214E-03  -0.560670E-03   0.150745E-01   0.584322E-03   0.300000E-03
 121   0.115339E-02   0.106508E-02   0.166938E-01   0.138632E-02   0.200000E-03
 122   0.194943E-02   0.223445E-03   0.181453E-01   0.942157E-03   0.450000E-03
 123   0.620083E-03  -0.849229E-03   0.185824E-01   0.141794E-02   0.200000E-03
 124   0.792462E-03   0.974156E-03   0.196773E-01   0.127212E-02   0.300000E-03
 125   0.451180E-03   0.261574E-03   0.208835E-01   0.774878E-03   0.250000E-03
 126  -0.350709E-03   0.102005E-03   0.209256E-01   0.131806E-02   0.300000E-03
 127   0.833407E-03   0.313534E-03   0.227182E-01   0.120688E-02   0.250000E-03
 128   0.767087E-03  -0.364250E-03   0.230732E-01   0.162003E-02   0.300000E-03
 129   0.462159E-03  -0.615110E-03   0.236165E-01   0.169402E-02   0.250000E-03
 130  -0.451104E-03   0.279775E-03   0.257361E-01   0.722511E-03   0.300000E-03
 131   0.300419E-03  -0.160329E-03   0.263530E-01   0.394850E-03   0.400000E-03
 132   0.514473E-03  -0.650131E-03   0.275301E-01   0.147553E-02   0.200000E-03
 133   0.160915E-03   0.541046E-04   0.288118E-01   0.936622E-03   0.400000E-03
 134   0.879856E-03   0.470180E-03   0.311648E-01   0.109041E-02   0.400000E-03
 135   0.208020E-02   0.311366E-03   0.320113E-01   0.103106E-02   0.450000E-03
 136   0.181885E-02  -0.559785E-03   0.340215E-01   0.439210E-03   0.400000E-03
 137   0.472751E-03  -0.420440E-03   0.372403E-01   0.767974E-03   0.100000E-03
 138   0.165235E-02   0.528120E-03   0.374031E-01   0.132467E-02   0.250000E-03
 139   0.104233E-02  -0.463775E-03   0.381763E-01   0.765850E-03   0.300000E-03
 140   0.162542E-02  -0.616244E-03   0.396807E-01   0.265972E-03   0.250000E-03
 141   0.312016E-03   0.962435E-04   0.414578E-01   0.248394E-03   0.250000E-03
 142   0.474670E-03   0.286062E-03   0.419035E-01   0.198052E-03   0.200000E-03
 143   0.358530E-03   0.502056E-03   0.438994E-01   0.632008E-02   0.250000E-03
 144   0.715638E-03   0.223302E-03   0.295368E-01   0.758403E-02   0.300000E-03
 145   0.508645E-03   0.540997E-03   0.295452E-03   0.334642E-02   0.300000E-03
 146   0.115082E-02   0.109868E-02   0.653216E-03   0.137145E-02   0.350000E-03
 147  -0.547123E-03  -0.145025E-02   0.404220E-02   0.847608E-03   0.200000E-03
 148   0.193155E-02  -0.891808E-03   0.529538E-02   0.291696E-03   0.300000E-03
 149   0.681266E-04  -0.206717E-02   0.609621E-02   0.194330E-02   0.450000E-03
 150  -0.971251E-03  -0.200005E-02   0.752269E-02   0.148555E-02   0.200000E-03
 151  -0.576563E-03  -0.962631E-03   0.938568E-02   0.162129E-02   0.200000E-03
 152   0.186660E-03  -0.191172E-04   0.103819E-01   0.139872E-02   0.200000E-03
 153   0.371147E-03  -0.360655E-03   0.111486E-01   0.136374E-02   0.300000E-03
 154  -0.108794E-02   0.180665E-03   0.125799E-01   0.955950E-03   0.400000E-03
 155  -0.169769E-02   0.817115E-03   0.137664E-01   0.884346E-03   0.200000E-03
 156  -0.175985E-03  -0.195307E-03   0.147956E-01   0.122578E-02   0.400000E-03
 157   0.215728E-02   0.373832E-03   0.159334E-01   0.139325E-02   0.400000E-03
 158   0.791514E-03   0.121340E-02   0.173748E-01   0.185018E-02   0.350000E-03
 159   0.144501E-02   0.114000E-02   0.177726E-01   0.147264E-02   0.200000E-03
 160   0.517273E-03   0.424367E-03   0.181914E-01   0.164050E-02   0.250000E-03
 161   0.655620E-03  -0.312115E-03   0.195956E-01   0.181154E-02   0.250000E-03
 162   0.215020E-03  -0.193583E-04   0.209359E-01   0.181464E-02   0.200000E-03
 163   0.439820E-03  -0.453990E-03   0.221285E-01   0.109971E-02   0.350000E-03
 164   0.555585E-03  -0.146030E-04   0.227409E-01   0.217516E-02   0.300000E-03
 165  -0.297211E-04   0.105132E-04   0.248313E-01   0.157914E-02   0.250000E-03
 166   0.157435E-03   0.319216E-03   0.256385E-01   0.156859E-02   0.250000E-03
 167   0.318203E-03   0.523862E-03   0.266272E-01   0.113657E-02   0.400000E-03
 168   0.676747E-04   0.213475E-03   0.285815E-01   0.154174E-02   0.250000E-03
 169  -0.836135E-03   0.403907E-04   0.301952E-01   0.171976E-02   0.200000E-03
 170  -0.988869E-04   0.245542E-03   0.307886E-01   0.179168E-02   0.400000E-03
 171   0.921580E-03   0.293092E-03   0.335086E-01   0.912870E-03   0.300000E-03
 172   0.181576E-02   0.233857E-04   0.341817E-01   0.122227E-02   0.400000E-03
 173   0.187366E-02   0.388429E-03   0.356509E-01   0.118390E-02   0.300000E-03
 174   0.109452E-02   0.166651E-03   0.368806E-01   0.103849E-02   0.350000E-03
 175  -0.113328E-03   0.567101E-03   0.390258E-01   0.888188E-03   0.300000E-03
 176  -0.898797E-03  -0.598381E-03   0.400865E-01   0.990478E-03   0.200000E-03
 177  -0.247339E-03   0.100440E-02   0.406085E-01   0.786538E-03   0.300000E-03
 178   0.142114E-02   0.125717E-02   0.443975E-01   0.143929E-02   0.200000E-03
 179   0.124251E-02   0.260207E-03   0.426997E-01   0.196285E-03   0.200000E-03
 180   0.683651E-03   0.100257E-02   0.400353E-01   0.753324E-02   0.300000E-03
 181  -0.360218E-02  -0.127891E-02   0.199492E-03   0.106332E-02   0.200000E-03
 182   0.329089E-03   0.150181E-02   0.136771E-02   0.216664E-02   0.200000E-03
 183  -0.517803E-03  -0.431091E-03   0.334207E-02   0.295687E-03   0.300000E-03
 184   0.314699E-02  -0.422763E-03   0.531930E-02   0.160777E-02   0.350000E-03
 185   0.268629E-03  -0.121744E-02   0.624517E-02   0.262331E-02   0.250000E-03
 186  -0.323711E-03  -0.206425E-03   0.678688E-02   0.186096E-02   0.200000E-03
 187   0.377688E-04  -0.986634E-03   0.789578E-02   0.180799E-02   0.300000E-03
 188   0.111702E-03  -0.219349E-03   0.961988E-02   0.200531E-02   0.250000E-03
 189  -0.910388E-03  -0.381316E-03   0.116812E-01   0.124509E-02   0.250000E-03
 190  -0.101921E-02  -0.136072E-03   0.119454E-01   0.822377E-03   0.250000E-03
 191  -0.262483E-03   0.123069E-02   0.139877E-01   0.126431E-02   0.250000E-03
 192  -0.108390E-02   0.770415E-03   0.142847E-01   0.183635E-02   0.400000E-03
 193  -0.243252E-03   0.163650E-02   0.153066E-01   0.170418E-02   0.300000E-03
 194   0.138964E-02   0.741454E-03   0.165028E-01   0.195158E-02   0.400000E-03
 195   0.896913E-03  -0.203044E-03   0.179335E-01   0.206879E-02   0.250000E-03
 196   0.433420E-03   0.687234E-03   0.191308E-01   0.151254E-02   0.300000E-03
 197   0.315954E-03  -0.733879E-03   0.199696E-01   0.227936E-02   0.350000E-03
 198   0.558153E-03  -0.472429E-03   0.206491E-01   0.222098E-02   0.300000E-03
 199   0.149201E-02   0.537244E-03   0.214879E-01   0.151201E-02   0.300000E-03
 200   0.250244E-03  -0.368670E-03   0.222423E-01   0.215556E-02   0.200000E-03
 201   0.569406E-03  -0.552472E-04   0.242821E-01   0.158328E-02   0.300000E-03
 202  -0.166056E-03   0.698133E-03   0.259837E-01   0.121268E-02   0.250000E-03
 203   0.903858E-04  -0.216943E-03   0.265508E-01   0.182701E-02   0.300000E-03
 204  -0.793504E-03  -0.502706E-03   0.270946E-01   0.158349E-02   0.250000E-03
 205  -0.924627E-03   0.118374E-03   0.296102E-01   0.159752E-02   0.400000E-03
 206   0.185098E-02   0.623771E-03   0.322348E-01   0.179731E-02   0.350000E-03
 207   0.949033E-03   0.882126E-04   0.328682E-01   0.130219E-02   0.450000E-03
 208   0.136367E-02   0.258286E-03   0.335799E-01   0.166615E-02   0.350000E-03
 209   0.132155E-02   0.455558E-03   0.362442E-01   0.126016E-02   0.300000E-03
 210   0.106962E-02   0.493813E-03   0.366512E-01   0.153759E-02   0.200000E-03
 211   0.170638E-02   0.624785E-03   0.370678E-01   0.169036E-02   0.250000E-03
 212  -0.649280E-03   0.166790E-02   0.400683E-01   0.592430E-03   0.200000E-03
 213  -0.801702E-03   0.815530E-03   0.411310E-01   0.623073E-03   0.250000E-03
 214   0.100241E-02   0.727331E-03   0.420806E-01   0.554307E-03   0.200000E-03
 215   0.289956E-02  -0.280213E-03   0.442148E-01   0.149780E-03   0.150000E-03
 216  -0.141377E-03   0.229172E-03   0.216560E-01   0.889859E-02   0.400000E-03
 217  -0.155509E-03  -0.377878E-03   0.141512E-01   0.931119E-02   0.350000E-03
 218   0.492125E-03   0.143181E-02   0.833951E-03   0.204282E-02   0.350000E-03
 219   0.714283E-03   0.151634E-03   0.369096E-02   0.653832E-03   0.200000E-03
 220  -0.737524E-03   0.286729E-03   0.454403E-02   0.129571E-02   0.400000E-03
 221   0.239962E-02  -0.598358E-03   0.532363E-02   0.219682E-02   0.250000E-03
 222   0.500558E-04  -0.964773E-03   0.729949E-02   0.205972E-02   0.350000E-03
 223  -0.276051E-03  -0.399419E-03   0.902069E-02   0.201985E-02   0.350000E-03
 224   0.100519E-03  -0.121615E-03   0.102134E-01   0.192200E-02   0.350000E-03
 225   0.126518E-03  -0.496161E-03   0.107173E-01   0.160807E-02   0.200000E-03
 226  -0.437305E-03   0.106691E-03   0.121610E-01   0.150855E-02   0.300000E-03
 227   0.377490E-03   0.418450E-03   0.130042E-01   0.144136E-02   0.250000E-03
 228  -0.489698E-04   0.158237E-02   0.148620E-01   0.177043E-02   0.150000E-03
 229   0.128537E-02   0.997290E-03   0.158605E-01   0.203533E-02   0.250000E-03
 230   0.367630E-03  -0.277772E-03   0.175511E-01   0.247203E-02   0.300000E-03
 231   0.703353E-03   0.241557E-04   0.183643E-01   0.228329E-02   0.200000E-03
 232   0.643271E-03   0.995523E-05   0.186792E-01   0.190298E-02   0.300000E-03
 233   0.541538E-03  -0.292120E-03   0.192223E-01   0.234177E-02   0.400000E-03
 234   0.788697E-03   0.482889E-03   0.213477E-01   0.209567E-02   0.300000E-03
 235   0.103298E-02   0.234162E-03   0.224281E-01   0.167087E-02   0.300000E-03
 236   0.134155E-02  -0.438701E-03   0.233358E-01   0.215498E-02   0.300000E-03
 237   0.650065E-03  -0.272028E-03   0.239851E-01   0.216096E-02   0.350000E-03
 238  -0.149382E-03  -0.341983E-04   0.252375E-01   0.177140E-02   0.200000E-03
 239   0.493454E-04  -0.157810E-03   0.267196E-01   0.234768E-02   0.250000E-03
 240  -0.143216E-03   0.258416E-03   0.290254E-01   0.149373E-02   0.200000E-03
 241  -0.641657E-03   0.348267E-03   0.302083E-01   0.226272E-02   0.350000E-03
 242   0.789124E-03  -0.830878E-03   0.315370E-01   0.174125E-02   0.350000E-03
 243   0.152460E-02   0.200879E-03   0.329569E-01   0.224318E-02   0.500000E-03
 244   0.133226E-02   0.389239E-03   0.354522E-01   0.199159E-02   0.200000E-03
 245   0.758213E-03   0.932065E-04   0.349355E-01   0.180837E-02   0.350000E-03
 246   0.917417E-03   0.124035E-02   0.365976E-01   0.213277E-02   0.400000E-03
 247   0.650276E-03   0.235698E-03   0.379963E-01   0.138831E-02   0.350000E-03
 248   0.147284E-02   0.392774E-03   0.396202E-01   0.812162E-03   0.300000E-03
 249   0.111819E-02   0.100610E-02   0.416477E-01   0.798003E-03   0.300000E-03
 250   0.410713E-03   0.209854E-03   0.437344E-01   0.243383E-03   0.250000E-03
 251  -0.200654E-03   0.334766E-03   0.446051E-01   0.297583E-02   0.400000E-03
 252   0.136303E-02  -0.249717E-02   0.337172E-01   0.774130E-02   0.350000E-03
 253   0.395072E-03   0.972917E-04   0.214219E-02   0.741008E-02   0.350000E-03
 254  -0.116361E-02  -0.329320E-02   0.137217E-02   0.964078E-03   0.350000E-03
 255  -0.106581E-02   0.190752E-03   0.225730E-02   0.976312E-03   0.300000E-03
 256  -0.580537E-03   0.100520E-02   0.477164E-02   0.195723E-02   0.300000E-03
 257  -0.499006E-03  -0.741196E-03   0.672254E-02   0.235622E-02   0.300000E-03
 258   0.291128E-03  -0.731857E-03   0.836400E-02   0.225468E-02   0.350000E-03
 259  -0.286375E-03  -0.106973E-03   0.906923E-02   0.281409E-02   0.450000E-03
 260   0.160772E-03  -0.117612E-03   0.988879E-02   0.259670E-02   0.400000E-03
 261  -0.223666E-03  -0.853437E-04   0.116423E-01   0.179953E-02   0.300000E-03
 262  -0.290993E-03   0.142409E-03   0.121841E-01   0.215714E-02   0.350000E-03
 263   0.532588E-03   0.498908E-03   0.135530E-01   0.167681E-02   0.350000E-03
 264  -0.516864E-03   0.141181E-02   0.148638E-01   0.221909E-02   0.300000E-03
 265   0.676915E-03   0.171348E-03   0.166223E-01   0.253932E-02   0.200000E-03
 266   0.961326E-03   0.357310E-03   0.170219E-01   0.233137E-02   0.250000E-03
 267   0.436973E-03  -0.293045E-04   0.171280E-01   0.281671E-02   0.250000E-03
 268   0.490872E-03  -0.322415E-03   0.186443E-01   0.263359E-02   0.250000E-03
 269   0.728769E-03   0.801600E-05   0.190959E-01   0.297908E-02   0.250000E-03
 270   0.191760E-03  -0.795496E-03   0.196927E-01   0.292057E-02   0.350000E-03
 271   0.994899E-03   0.376136E-04   0.219118E-01   0.185264E-02   0.250000E-03
 272   0.433795E-03  -0.530538E-04   0.223456E-01   0.274460E-02   0.400000E-03
 273   0.832506E-03   0.352396E-04   0.235775E-01   0.279794E-02   0.400000E-03
 274   0.390249E-03  -0.477169E-03   0.257827E-01   0.203890E-02   0.250000E-03
 275   0.711163E-04  -0.446312E-03   0.262258E-01   0.226706E-02   0.250000E-03
 276   0.478468E-03   0.707443E-03   0.274755E-01   0.197210E-02   0.300000E-03
 277  -0.926389E-03  -0.207041E-03   0.294390E-01   0.217020E-02   0.200000E-03
 278   0.169074E-02   0.105654E-02   0.318606E-01   0.238772E-02   0.350000E-03
 279   0.865564E-03   0.502630E-03   0.323673E-01   0.270174E-02   0.250000E-03
 280   0.192148E-02   0.484533E-05   0.342960E-01   0.191258E-02   0.300000E-03
 281   0.184297E-02   0.130732E-03   0.358792E-01   0.173295E-02   0.300000E-03
 282   0.165134E-02   0.226904E-03   0.375484E-01   0.180005E-02   0.250000E-03
 283   0.137716E-02  -0.351062E-03   0.384984E-01   0.161248E-02   0.200000E-03
 284   0.117796E-02  -0.630182E-04   0.385519E-01   0.116592E-02   0.250000E-03
 285  -0.508256E-03   0.553093E-03   0.410961E-01   0.121742E-02   0.350000E-03
 286   0.554079E-03   0.288135E-03   0.432215E-01   0.893228E-03   0.300000E-03
 287   0.687961E-03   0.380766E-04   0.428444E-01   0.121824E-02   0.200000E-03
 288   0.222631E-03   0.631893E-04   0.592278E-02   0.796562E-02   0.350000E-03
 289   0.170181E-02   0.255080E-02   0.246573E-03   0.230449E-02   0.250000E-03
 290   0.165702E-02  -0.328638E-03   0.183659E-02   0.140521E-02   0.300000E-03
 291   0.153040E-02  -0.623630E-03   0.248833E-02   0.163764E-02   0.400000E-03
 292  -0.612063E-03  -0.708353E-03   0.311697E-02   0.151683E-02   0.250000E-03
 293   0.218441E-02  -0.105343E-02   0.570032E-02   0.258486E-02   0.300000E-03
 294   0.476155E-03   0.201704E-03   0.823856E-02   0.298666E-02   0.400000E-03
 295  -0.196601E-03   0.233493E-03   0.969875E-02   0.338024E-02   0.400000E-03
 296   0.156438E-03   0.434406E-06   0.111063E-01   0.190916E-02   0.250000E-03
 297   0.293543E-04   0.902224E-04   0.107105E-01   0.195343E-02   0.150000E-03
 298   0.286627E-03   0.271333E-03   0.126261E-01   0.168438E-02   0.200000E-03
 299  -0.613426E-03  -0.877743E-04   0.138707E-01   0.233194E-02   0.250000E-03
 300  -0.178593E-03   0.406392E-03   0.149140E-01   0.271230E-02   0.200000E-03
 301   0.849380E-03   0.156452E-02   0.154356E-01   0.237161E-02   0.300000E-03
 302   0.426850E-03  -0.305461E-03   0.170643E-01   0.335837E-02   0.300000E-03
 303   0.107977E-02  -0.339201E-03   0.180426E-01   0.251117E-02   0.200000E-03
 304   0.789676E-03  -0.671888E-03   0.182336E-01   0.291582E-02   0.250000E-03
 305   0.324889E-04  -0.593384E-03   0.193920E-01   0.331754E-02   0.150000E-03
 306   0.818799E-03  -0.329930E-03   0.204110E-01   0.282069E-02   0.350000E-03
 307   0.810556E-03   0.360788E-03   0.218346E-01   0.234547E-02   0.250000E-03
 308   0.246348E-03  -0.372746E-03   0.227564E-01   0.336655E-02   0.350000E-03
 309   0.238713E-03  -0.270745E-03   0.245528E-01   0.264135E-02   0.400000E-03
 310  -0.163371E-03  -0.182942E-04   0.251406E-01   0.226153E-02   0.300000E-03
 311   0.673225E-03  -0.242404E-04   0.272697E-01   0.258262E-02   0.350000E-03
 312  -0.232172E-03   0.663044E-03   0.281207E-01   0.191931E-02   0.350000E-03
 313  -0.846232E-03   0.392954E-03   0.296829E-01   0.254291E-02   0.250000E-03
 314   0.485037E-03   0.983406E-03   0.312168E-01   0.234233E-02   0.300000E-03
 315   0.141809E-02   0.122734E-03   0.334430E-01   0.287155E-02   0.300000E-03
 316   0.144619E-02   0.380366E-03   0.338013E-01   0.233235E-02   0.350000E-03
 317   0.878806E-03   0.972956E-03   0.350722E-01   0.254434E-02   0.400000E-03
 318   0.124818E-02   0.643980E-03   0.358591E-01   0.242877E-02   0.400000E-03
 319   0.729894E-04  -0.912733E-03   0.389706E-01   0.143465E-02   0.250000E-03
 320  -0.174016E-02   0.553688E-03   0.398344E-01   0.142139E-02   0.300000E-03
 321  -0.170756E-03   0.440868E-03   0.404282E-01   0.135168E-02   0.300000E-03
 322   0.967444E-03   0.702639E-03   0.425938E-01   0.732870E-03   0.350000E-03
 323   0.598769E-03   0.121683E-02   0.439634E-01   0.211342E-02   0.350000E-03
 324   0.471730E-03   0.819939E-03   0.396178E-01   0.717528E-02   0.250000E-03
 325   0.169603E-03   0.165805E-03   0.152582E-02   0.761566E-02   0.300000E-03
 326   0.933206E-03   0.115877E-02   0.122743E-02   0.154614E-02   0.250000E-03
 327   0.474174E-03   0.410768E-03   0.198775E-02   0.219456E-02   0.350000E-03
 328   0.138223E-04  -0.245756E-03   0.379137E-02   0.166730E-02   0.450000E-03
 329   0.881541E-03  -0.244866E-03   0.660179E-02   0.315231E-02   0.400000E-03
 330   0.571525E-04   0.199449E-03   0.723685E-02   0.275372E-02   0.350000E-03
 331   0.351112E-03   0.206876E-03   0.778512E-02   0.241177E-02   0.250000E-03
 332   0.368704E-03   0.171167E-03   0.108105E-01   0.253953E-02   0.450000E-03
 333  -0.354551E-04  -0.253085E-04   0.115452E-01   0.239071E-02   0.300000E-03
 334   0.277332E-03   0.374750E-03   0.129944E-01   0.193896E-02   0.250000E-03
 335   0.534046E-03   0.258272E-03   0.133815E-01   0.225099E-02   0.250000E-03
 336   0.470352E-04   0.101327E-02   0.143708E-01   0.256064E-02   0.300000E-03
 337   0.767953E-03   0.296803E-03   0.161024E-01   0.252733E-02   0.300000E-03
 338   0.492483E-03  -0.152344E-03   0.166800E-01   0.374203E-02   0.250000E-03
 339  -0.208128E-03   0.705339E-03   0.176665E-01   0.311149E-02   0.350000E-03
 340  -0.553840E-03  -0.331018E-03   0.189955E-01   0.352777E-02   0.300000E-03
 341   0.509384E-03  -0.170104E-03   0.201275E-01   0.340017E-02   0.300000E-03
 342   0.963237E-03   0.145025E-03   0.206214E-01   0.332804E-02   0.200000E-03
 343   0.672936E-03   0.192316E-03   0.216562E-01   0.286435E-02   0.300000E-03
 344   0.765225E-03  -0.216702E-03   0.238754E-01   0.336155E-02   0.250000E-03
 345   0.379341E-03  -0.311322E-03   0.251522E-01   0.299783E-02   0.300000E-03
 346   0.321136E-03   0.199433E-03   0.256784E-01   0.262647E-02   0.350000E-03
 347   0.505315E-04  -0.155678E-03   0.263756E-01   0.289754E-02   0.400000E-03
 348  -0.457343E-04   0.592666E-04   0.289752E-01   0.198851E-02   0.300000E-03
 349  -0.658097E-03   0.323579E-03   0.300966E-01   0.284697E-02   0.250000E-03
 350   0.104477E-02   0.652368E-04   0.320753E-01   0.316550E-02   0.300000E-03
 351   0.139538E-02   0.470912E-03   0.328291E-01   0.308074E-02   0.350000E-03
 352   0.161055E-02   0.354975E-03   0.345031E-01   0.309920E-02   0.400000E-03
 353   0.136940E-02   0.418052E-03   0.358969E-01   0.302275E-02   0.200000E-03
 354   0.132417E-02   0.722337E-03   0.372439E-01   0.219627E-02   0.250000E-03
 355   0.629311E-03  -0.218507E-03   0.380410E-01   0.203446E-02   0.300000E-03
 356   0.562546E-03  -0.531652E-03   0.393785E-01   0.162006E-02   0.200000E-03
 357  -0.493397E-03  -0.644746E-04   0.408193E-01   0.180044E-02   0.300000E-03
 358   0.112265E-02   0.102568E-02   0.416786E-01   0.134423E-02   0.250000E-03
 359  -0.191518E-02   0.143704E-02   0.442638E-01   0.531103E-02   0.250000E-03
 360   0.844536E-03   0.464666E-03   0.447999E-01   0.418276E-02   0.200000E-03
 361   0.155642E-03   0.106049E-02   0.688124E-03   0.277446E-02   0.400000E-03
 362   0.243386E-03   0.799836E-03   0.148622E-02   0.275110E-02   0.400000E-03
 363  -0.383215E-03  -0.231981E-03   0.310280E-02   0.201653E-02   0.250000E-03
 364   0.115960E-02   0.640428E-03   0.490616E-02   0.254679E-02   0.300000E-03
 365   0.224500E-02  -0.372332E-03   0.590288E-02   0.314742E-02   0.300000E-03
 366   0.257681E-03   0.493050E-03   0.617071E-02   0.370014E-02   0.300000E-03
 367  -0.383707E-03   0.141889E-03   0.871330E-02   0.335333E-02   0.200000E-03
 368   0.461880E-03   0.954579E-04   0.103473E-01   0.312248E-02   0.300000E-03
 369   0.216091E-03   0.346012E-04   0.118694E-01   0.295334E-02   0.350000E-03
 370   0.171623E-03   0.369648E-03   0.128129E-01   0.256079E-02   0.400000E-03
 371  -0.351872E-03   0.279353E-03   0.137422E-01   0.286287E-02   0.300000E-03
 372  -0.262559E-03   0.151252E-04   0.150426E-01   0.329400E-02   0.400000E-03
 373   0.679065E-03   0.624570E-03   0.156520E-01   0.292390E-02   0.300000E-03
 374   0.529355E-03   0.216104E-04   0.163925E-01   0.316240E-02   0.400000E-03
 375   0.417518E-03  -0.138720E-03   0.175370E-01   0.393415E-02   0.450000E-03
 376   0.487630E-03   0.393648E-04   0.186583E-01   0.308202E-02   0.200000E-03
 377   0.328809E-03  -0.340220E-04   0.195971E-01   0.377243E-02   0.350000E-03
 378   0.994403E-03  -0.158736E-03   0.210840E-01   0.263429E-02   0.300000E-03
 379   0.663277E-03   0.193619E-03   0.211689E-01   0.329341E-02   0.350000E-03
 380   0.935526E-04   0.260687E-03   0.220074E-01   0.341113E-02   0.350000E-03
 381   0.309946E-03  -0.217451E-03   0.244684E-01   0.338468E-02   0.350000E-03
 382   0.563949E-04   0.176344E-03   0.267446E-01   0.348363E-02   0.300000E-03
 383  -0.911705E-05   0.814308E-04   0.278564E-01   0.245770E-02   0.250000E-03
 384  -0.428767E-03   0.393487E-03   0.285484E-01   0.240241E-02   0.300000E-03
 385  -0.351846E-03   0.286187E-04   0.291336E-01   0.256698E-02   0.300000E-03
 386   0.490752E-03   0.477828E-03   0.307122E-01   0.266396E-02   0.300000E-03
 387   0.126645E-02   0.375163E-03   0.324737E-01   0.367566E-02   0.350000E-03
 388   0.113381E-02   0.393537E-03   0.354271E-01   0.346006E-02   0.450000E-03
 389   0.153759E-02   0.508011E-05   0.360723E-01   0.337904E-02   0.200000E-03
 390   0.121617E-02   0.349938E-03   0.364856E-01   0.292178E-02   0.400000E-03
 391   0.633402E-03   0.208140E-03   0.376888E-01   0.251835E-02   0.300000E-03
 392   0.143635E-03  -0.212581E-03   0.390519E-01   0.192717E-02   0.250000E-03
 393   0.945904E-03   0.208367E-03   0.396198E-01   0.211376E-02   0.350000E-03
 394   0.618090E-03   0.113272E-02   0.422217E-01   0.126497E-02   0.300000E-03
 395   0.583050E-03   0.121338E-02   0.439019E-01   0.146873E-02   0.300000E-03
 396   0.904642E-04   0.816459E-03   0.444173E-01   0.241354E-02   0.200000E-03
 397   0.286311E-04   0.692098E-03   0.973081E-03   0.351794E-02   0.400000E-03
 398   0.127365E-02   0.814022E-03   0.264412E-02   0.231983E-02   0.300000E-03
 399  -0.129413E-03   0.109593E-03   0.352932E-02   0.236350E-02   0.300000E-03
 400   0.364430E-03   0.335520E-03   0.422692E-02   0.239611E-02   0.400000E-03
 401   0.543317E-03   0.330184E-03   0.574313E-02   0.395730E-02   0.200000E-03
 402   0.771976E-04   0.148182E-04   0.728537E-02   0.344910E-02   0.350000E-03
 403  -0.180091E-03   0.771791E-04   0.853180E-02   0.376120E-02   0.250000E-03
 404  -0.174890E-03   0.165005E-03   0.907610E-02   0.369686E-02   0.300000E-03
 405   0.187447E-03  -0.194978E-03   0.119743E-01   0.351482E-02   0.200000E-03
 406   0.452525E-03  -0.206676E-04   0.125325E-01   0.330312E-02   0.400000E-03
 407  -0.108702E-03  -0.130018E-04   0.132105E-01   0.313564E-02   0.300000E-03
 408  -0.398640E-03  -0.130735E-04   0.142457E-01   0.334728E-02   0.400000E-03
 409   0.503954E-03   0.359717E-03   0.157404E-01   0.356104E-02   0.350000E-03
 410   0.957536E-04  -0.114568E-03   0.162053E-01   0.400989E-02   0.300000E-03
 411   0.232296E-03  -0.165340E-03   0.167381E-01   0.428368E-02   0.300000E-03
 412   0.813057E-03  -0.351717E-03   0.182978E-01   0.355988E-02   0.400000E-03
 413   0.568418E-03  -0.440271E-04   0.202781E-01   0.397707E-02   0.300000E-03
 414   0.923591E-03   0.430505E-05   0.207786E-01   0.374909E-02   0.250000E-03
 415   0.370914E-03  -0.881078E-04   0.208346E-01   0.439661E-02   0.400000E-03
 416   0.143028E-03  -0.140799E-03   0.224219E-01   0.403452E-02   0.400000E-03
 417   0.585243E-03  -0.256144E-03   0.233704E-01   0.356940E-02   0.300000E-03
 418   0.337626E-03  -0.164686E-03   0.251118E-01   0.364352E-02   0.350000E-03
 419   0.628192E-03   0.798955E-04   0.277703E-01   0.306726E-02   0.350000E-03
 420  -0.473637E-03   0.411612E-03   0.283429E-01   0.290472E-02   0.250000E-03
 421  -0.621953E-03   0.413670E-03   0.295709E-01   0.312659E-02   0.350000E-03
 422   0.951267E-04  -0.518417E-06   0.313310E-01   0.308340E-02   0.450000E-03
 423   0.172630E-02   0.494694E-03   0.338184E-01   0.339340E-02   0.350000E-03
 424   0.155046E-02   0.278999E-03   0.347406E-01   0.375565E-02   0.300000E-03
 425   0.668879E-03  -0.213788E-03   0.369965E-01   0.339492E-02   0.300000E-03
 426   0.427033E-03   0.404925E-03   0.371768E-01   0.282309E-02   0.300000E-03
 427   0.526249E-03  -0.173654E-03   0.380400E-01   0.312686E-02   0.300000E-03
 428   0.222629E-03  -0.295054E-03   0.385838E-01   0.209583E-02   0.250000E-03
 429  -0.258447E-03   0.384190E-03   0.402336E-01   0.191401E-02   0.300000E-03
 430   0.125350E-02   0.127953E-02   0.419411E-01   0.187872E-02   0.350000E-03
 431   0.686086E-03   0.116533E-02   0.426813E-01   0.179204E-02   0.400000E-03
 432   0.919053E-03   0.118359E-02   0.433054E-01   0.148210E-02   0.300000E-03
 433   0.446782E-03   0.241078E-03   0.348299E-03   0.399176E-02   0.350000E-03
 434   0.885835E-03   0.662959E-03   0.157830E-02   0.182886E-02   0.200000E-03
 435  -0.697647E-03   0.655741E-03   0.315408E-02   0.288621E-02   0.350000E-03
 436   0.972405E-03   0.152691E-03   0.528572E-02   0.294109E-02   0.250000E-03
 437   0.824388E-03   0.137317E-02   0.564694E-02   0.357259E-02   0.200000E-03
 438   0.472656E-03   0.570004E-04   0.676044E-02   0.383178E-02   0.300000E-03
 439   0.221277E-03   0.468619E-04   0.794111E-02   0.367058E-02   0.350000E-03
 440  -0.840176E-04   0.335238E-03   0.108865E-01   0.377213E-02   0.200000E-03
 441   0.858899E-04  -0.759449E-04   0.109261E-01   0.327672E-02   0.300000E-03
 442   0.118250E-03  -0.111704E-02   0.130936E-01   0.372277E-02   0.300000E-03
 443  -0.203671E-03  -0.530082E-04   0.136159E-01   0.350699E-02   0.250000E-03
 444  -0.200229E-03   0.342236E-03   0.152331E-01   0.396434E-02   0.300000E-03
 445  -0.436336E-03  -0.132071E-03   0.156930E-01   0.448503E-02   0.400000E-03
 446   0.160881E-03  -0.101027E-03   0.162905E-01   0.449796E-02   0.200000E-03
 447   0.496025E-03  -0.230173E-03   0.172329E-01   0.461667E-02   0.300000E-03
 448   0.851159E-03  -0.218030E-05   0.183287E-01   0.445656E-02   0.500000E-03
 449   0.418238E-03  -0.219129E-04   0.192226E-01   0.441945E-02   0.400000E-03
 450   0.593476E-03  -0.158274E-04   0.199172E-01   0.445335E-02   0.300000E-03
 451   0.350333E-03   0.147348E-04   0.215052E-01   0.396310E-02   0.400000E-03
 452   0.213748E-03  -0.218568E-03   0.219191E-01   0.458620E-02   0.350000E-03
 453   0.571316E-03   0.930406E-04   0.240221E-01   0.393814E-02   0.350000E-03
 454   0.264042E-03  -0.382936E-04   0.257340E-01   0.332374E-02   0.350000E-03
 455   0.379590E-03  -0.353869E-04   0.269596E-01   0.303438E-02   0.200000E-03
 456  -0.340770E-03   0.482913E-03   0.288761E-01   0.317043E-02   0.350000E-03
 457   0.244285E-03   0.889023E-03   0.304942E-01   0.322003E-02   0.300000E-03
 458  -0.250867E-04   0.484847E-03   0.307088E-01   0.382307E-02   0.350000E-03
 459   0.254176E-03   0.491394E-03   0.317822E-01   0.374941E-02   0.350000E-03
 460   0.158834E-02   0.392818E-03   0.342022E-01   0.385317E-02   0.250000E-03
 461   0.111135E-02  -0.226219E-03   0.364766E-01   0.356998E-02   0.250000E-03
 462   0.132162E-02   0.433973E-03   0.376581E-01   0.427884E-02   0.300000E-03
 463   0.496459E-03   0.300596E-03   0.382823E-01   0.258064E-02   0.300000E-03
 464   0.550732E-03   0.167384E-03   0.390223E-01   0.263784E-02   0.450000E-03
 465  -0.383585E-04   0.462073E-04   0.407104E-01   0.238698E-02   0.300000E-03
 466   0.171670E-02   0.808299E-03   0.411737E-01   0.257030E-02   0.200000E-03
 467   0.978235E-03   0.107026E-02   0.435662E-01   0.256050E-02   0.250000E-03
 468   0.159971E-03   0.304117E-03   0.435805E-01   0.383456E-02   0.350000E-03
 469   0.604704E-04   0.717703E-04   0.105501E-02   0.436149E-02   0.450000E-03
 470   0.552186E-03   0.836735E-03   0.218268E-02   0.281335E-02   0.300000E-03
 471  -0.557174E-04   0.940427E-03   0.386903E-02   0.310943E-02   0.400000E-03
 472   0.348980E-03   0.967430E-03   0.456461E-02   0.303797E-02   0.300000E-03
 473   0.551847E-03   0.123068E-02   0.504888E-02   0.354220E-02   0.400000E-03
 474   0.287873E-03   0.968427E-04   0.745374E-02   0.401799E-02   0.250000E-03
 475   0.388291E-03   0.160961E-03   0.810625E-02   0.434904E-02   0.350000E-03
 476  -0.270362E-04   0.248095E-03   0.955158E-02   0.406076E-02   0.300000E-03
 477   0.221495E-03   0.424990E-04   0.113197E-01   0.294274E-02   0.200000E-03
 478   0.263422E-03   0.520110E-04   0.122486E-01   0.399069E-02   0.350000E-03
 479  -0.268922E-03  -0.410490E-03   0.142053E-01   0.399377E-02   0.250000E-03
 480  -0.189675E-03   0.146020E-03   0.146785E-01   0.383213E-02   0.250000E-03
 481   0.189057E-03   0.117007E-03   0.148118E-01   0.431520E-02   0.250000E-03
 482   0.781782E-04   0.146654E-03   0.162807E-01   0.509188E-02   0.400000E-03
 483   0.333948E-03   0.191498E-03   0.169772E-01   0.515899E-02   0.300000E-03
 484   0.628493E-03  -0.487255E-03   0.186083E-01   0.520299E-02   0.300000E-03
 485   0.557696E-03   0.203654E-03   0.196070E-01   0.506230E-02   0.350000E-03
 486   0.237097E-03  -0.620387E-03   0.202664E-01   0.493889E-02   0.300000E-03
 487   0.252012E-03  -0.296844E-03   0.213287E-01   0.495714E-02   0.350000E-03
 488   0.275522E-03  -0.336197E-03   0.218497E-01   0.513077E-02   0.200000E-03
 489   0.489112E-03  -0.159342E-04   0.246197E-01   0.398315E-02   0.250000E-03
 490   0.145539E-03   0.184372E-03   0.272797E-01   0.339562E-02   0.250000E-03
 491   0.666927E-03   0.459257E-04   0.282924E-01   0.345295E-02   0.300000E-03
 492  -0.624970E-03  -0.406951E-04   0.292729E-01   0.380521E-02   0.400000E-03
 493   0.768414E-03  -0.209773E-03   0.300239E-01   0.359238E-02   0.300000E-03
 494  -0.957885E-04   0.701875E-03   0.312417E-01   0.372392E-02   0.200000E-03
 495   0.145309E-02   0.320880E-03   0.328907E-01   0.402823E-02   0.200000E-03
 496   0.130307E-02   0.267858E-03   0.359494E-01   0.419710E-02   0.350000E-03
 497   0.150550E-02  -0.472762E-03   0.361100E-01   0.372557E-02   0.150000E-03
 498   0.772928E-03  -0.450249E-03   0.373693E-01   0.381119E-02   0.250000E-03
 499   0.765465E-03  -0.161484E-03   0.375392E-01   0.334219E-02   0.250000E-03
 500   0.618487E-03   0.238306E-03   0.394034E-01   0.310048E-02   0.150000E-03
 501  -0.424770E-03   0.223850E-04   0.401666E-01   0.245802E-02   0.250000E-03
 502   0.165781E-02   0.969725E-03   0.413335E-01   0.210103E-02   0.300000E-03
 503  -0.134887E-03   0.880138E-03   0.429719E-01   0.262970E-02   0.350000E-03
 504   0.933376E-03   0.143538E-02   0.433159E-01   0.207854E-02   0.300000E-03
 505  -0.263751E-03   0.309307E-03   0.165142E-02   0.382957E-02   0.350000E-03
 506  -0.914660E-04   0.111256E-03   0.186817E-02   0.327135E-02   0.250000E-03
 507   0.565639E-03   0.279662E-03   0.332507E-02   0.346378E-02   0.250000E-03
 508  -0.778651E-04   0.949854E-03   0.435451E-02   0.361133E-02   0.300000E-03
 509   0.164255E-03  -0.305455E-04   0.608927E-02   0.424366E-02   0.250000E-03
 510   0.298480E-03   0.150261E-03   0.749339E-02   0.455859E-02   0.300000E-03
 511   0.252658E-04   0.551710E-03   0.877767E-02   0.425130E-02   0.300000E-03
 512   0.100816E-03   0.388128E-03   0.103386E-01   0.376842E-02   0.350000E-03
 513  -0.167556E-03  -0.164249E-03   0.114779E-01   0.350243E-02   0.300000E-03
 514  -0.239512E-03  -0.175008E-03   0.128819E-01   0.438936E-02   0.400000E-03
 515   0.716972E-03  -0.639222E-03   0.136166E-01   0.410862E-02   0.350000E-03
 516  -0.118628E-03   0.303920E-03   0.142808E-01   0.458687E-02   0.350000E-03
 517  -0.317261E-03  -0.149799E-03   0.151460E-01   0.453434E-02   0.150000E-03
 518  -0.373790E-03   0.271503E-03   0.154982E-01   0.525446E-02   0.400000E-03
 519   0.952217E-03   0.149118E-03   0.177154E-01   0.504090E-02   0.350000E-03
 520   0.257069E-03  -0.832785E-03   0.191264E-01   0.549975E-02   0.300000E-03
 521   0.102155E-03  -0.260789E-03   0.201076E-01   0.561986E-02   0.400000E-03
 522  -0.468370E-03  -0.108917E-02   0.206980E-01   0.527559E-02   0.250000E-03
 523   0.276200E-03  -0.206439E-03   0.218291E-01   0.557892E-02   0.250000E-03
 524   0.589564E-03  -0.179140E-03   0.231170E-01   0.411051E-02   0.300000E-03
 525   0.352473E-03   0.274581E-04   0.251604E-01   0.439013E-02   0.400000E-03
 526   0.629080E-03   0.348564E-04   0.256252E-01   0.393924E-02   0.250000E-03
 527   0.292004E-03  -0.469122E-04   0.277540E-01   0.371700E-02   0.300000E-03
 528   0.297103E-03  -0.345432E-03   0.291466E-01   0.454391E-02   0.350000E-03
 529   0.357824E-03   0.657130E-03   0.304913E-01   0.442576E-02   0.300000E-03
 530   0.146708E-02   0.340636E-03   0.321661E-01   0.406981E-02   0.150000E-03
 531   0.102073E-02  -0.234483E-03   0.330538E-01   0.358145E-02   0.200000E-03
 532   0.141526E-02   0.283830E-03   0.352050E-01   0.427880E-02   0.400000E-03
 533   0.721019E-03  -0.541533E-03   0.368443E-01   0.397397E-02   0.300000E-03
 534  -0.967781E-03   0.103206E-02   0.382428E-01   0.442968E-02   0.300000E-03
 535   0.107848E-02   0.427890E-04   0.379193E-01   0.373882E-02   0.300000E-03
 536   0.129714E-02  -0.799554E-03   0.386894E-01   0.313435E-02   0.150000E-03
 537  -0.104696E-03   0.327586E-03   0.404447E-01   0.274347E-02   0.150000E-03
 538   0.131888E-02   0.851532E-03   0.417724E-01   0.250500E-02   0.300000E-03
 539   0.111465E-02   0.943549E-03   0.423616E-01   0.241021E-02   0.300000E-03
 540  -0.321207E-03   0.301519E-03   0.439707E-01   0.284601E-02   0.250000E-03
 541  -0.801742E-04   0.356560E-03   0.474239E-02   0.851731E-02   0.300000E-03
 542  -0.659039E-04   0.155152E-03   0.257706E-02   0.350561E-02   0.500000E-03
 543   0.826879E-04  -0.226168E-04   0.376069E-02   0.379929E-02   0.300000E-03
 544   0.193140E-03   0.751898E-04   0.419578E-02   0.413560E-02   0.250000E-03
 545   0.178553E-03   0.440173E-03   0.532748E-02   0.412622E-02   0.250000E-03
 546   0.228766E-03   0.127368E-03   0.859187E-02   0.497723E-02   0.450000E-03
 547  -0.863744E-04   0.426659E-03   0.927197E-02   0.458977E-02   0.300000E-03
 548  -0.139702E-03   0.626103E-04   0.977486E-02   0.450460E-02   0.200000E-03
 549   0.706139E-05   0.597823E-03   0.110799E-01   0.433687E-02   0.400000E-03
 550  -0.111365E-03   0.374186E-04   0.116497E-01   0.402415E-02   0.250000E-03
 551   0.100584E-03   0.667757E-04   0.135495E-01   0.490826E-02   0.450000E-03
 552  -0.241138E-03  -0.199894E-03   0.142542E-01   0.528360E-02   0.350000E-03
 553   0.157542E-03   0.321474E-03   0.148502E-01   0.481368E-02   0.250000E-03
 554   0.106057E-03  -0.407373E-03   0.151021E-01   0.576403E-02   0.250000E-03
 555   0.231674E-03  -0.151984E-04   0.160297E-01   0.584947E-02   0.400000E-03
 556   0.337325E-03  -0.353810E-03   0.181196E-01   0.554673E-02   0.300000E-03
 557   0.488181E-03  -0.152224E-03   0.188593E-01   0.483128E-02   0.150000E-03
 558   0.432845E-03  -0.244245E-03   0.211940E-01   0.569227E-02   0.400000E-03
 559   0.418267E-03   0.177152E-03   0.225956E-01   0.466052E-02   0.250000E-03
 560   0.563095E-03   0.240367E-03   0.236890E-01   0.443154E-02   0.250000E-03
 561   0.377684E-03  -0.120142E-03   0.259105E-01   0.446521E-02   0.350000E-03
 562   0.433077E-03   0.188396E-03   0.262114E-01   0.383504E-02   0.350000E-03
 563   0.538973E-03  -0.263608E-03   0.285371E-01   0.410756E-02   0.400000E-03
 564   0.540376E-03  -0.252091E-03   0.285467E-01   0.480664E-02   0.300000E-03
 565   0.563321E-03   0.724416E-03   0.298717E-01   0.424943E-02   0.350000E-03
 566   0.446422E-03   0.609872E-03   0.312858E-01   0.437622E-02   0.450000E-03
 567   0.160361E-02  -0.116579E-03   0.332825E-01   0.329165E-02   0.150000E-03
 568   0.169524E-02   0.302072E-03   0.338579E-01   0.383916E-02   0.100000E-03
 569   0.103570E-02  -0.773591E-04   0.370011E-01   0.449851E-02   0.250000E-03
 570   0.108158E-03   0.725190E-04   0.378216E-01   0.485556E-02   0.300000E-03
 571   0.845883E-03   0.111888E-03   0.384805E-01   0.352831E-02   0.300000E-03
 572   0.135657E-02  -0.404789E-03   0.390653E-01   0.339654E-02   0.300000E-03
 573  -0.394293E-03  -0.140623E-03   0.397479E-01   0.281174E-02   0.300000E-03
 574   0.150594E-02   0.667545E-03   0.414257E-01   0.322062E-02   0.500000E-03
 575   0.130725E-02   0.749682E-03   0.421408E-01   0.291190E-02   0.250000E-03
 576   0.402640E-03   0.878572E-03   0.444194E-01   0.385866E-02   0.300000E-03
 577   0.476148E-03   0.270925E-03   0.299317E-03   0.463872E-02   0.300000E-03
 578  -0.170390E-04   0.191149E-03   0.261298E-02   0.435015E-02   0.350000E-03
 579  -0.166266E-03   0.478250E-03   0.476495E-02   0.433121E-02   0.350000E-03
 580   0.157006E-03   0.315640E-03   0.544249E-02   0.461052E-02   0.250000E-03
 581   0.122341E-03   0.224276E-03   0.707694E-02   0.415144E-02   0.150000E-03
 582   0.368065E-03  -0.269692E-03   0.794361E-02   0.487421E-02   0.200000E-03
 583   0.190953E-03   0.644495E-03   0.994891E-02   0.491647E-02   0.250000E-03
 584   0.103470E-03   0.608260E-03   0.103425E-01   0.446587E-02   0.350000E-03
 585  -0.564959E-04  -0.443779E-04   0.107217E-01   0.516767E-02   0.450000E-03
 586   0.192135E-03   0.520885E-03   0.118805E-01   0.452294E-02   0.300000E-03
 587  -0.819765E-03   0.186798E-03   0.123555E-01   0.467535E-02   0.200000E-03
 588   0.768350E-04  -0.175603E-03   0.136661E-01   0.554738E-02   0.200000E-03
 589   0.213842E-03  -0.232934E-03   0.148523E-01   0.532272E-02   0.250000E-03
 590   0.426914E-03  -0.168758E-03   0.154604E-01   0.603507E-02   0.200000E-03
 591   0.586881E-03   0.502683E-03   0.173847E-01   0.553536E-02   0.250000E-03
 592   0.433870E-03  -0.503626E-04   0.181517E-01   0.614320E-02   0.300000E-03
 593   0.141974E-02   0.726462E-03   0.194950E-01   0.596957E-02   0.300000E-03
 594   0.323237E-03  -0.120458E-03   0.206187E-01   0.616832E-02   0.350000E-03
 595   0.757155E-04  -0.296750E-03   0.222371E-01   0.503330E-02   0.200000E-03
 596   0.513469E-03   0.109213E-03   0.231879E-01   0.475530E-02   0.350000E-03
 597   0.523360E-03  -0.308274E-04   0.243882E-01   0.458937E-02   0.400000E-03
 598   0.300405E-03   0.417365E-04   0.266068E-01   0.440857E-02   0.350000E-03
 599   0.147948E-03   0.124135E-03   0.271598E-01   0.397982E-02   0.350000E-03
 600   0.540346E-03   0.443396E-05   0.298957E-01   0.489655E-02   0.300000E-03
 601   0.401049E-03  -0.778741E-04   0.305212E-01   0.506506E-02   0.350000E-03
 602  -0.368070E-03  -0.172797E-02   0.309937E-01   0.490021E-02   0.150000E-03
 603   0.134745E-02   0.135838E-03   0.330426E-01   0.455536E-02   0.350000E-03
 604   0.166878E-02   0.281693E-03   0.334345E-01   0.397555E-02   0.350000E-03
 605   0.132580E-02  -0.250342E-03   0.364172E-01   0.477941E-02   0.400000E-03
 606   0.897116E-03   0.232377E-03   0.385107E-01   0.514365E-02   0.450000E-03
 607   0.697914E-03  -0.535691E-03   0.386376E-01   0.404990E-02   0.250000E-03
 608   0.138405E-03  -0.431515E-03   0.396683E-01   0.346341E-02   0.300000E-03
 609  -0.122642E-03   0.283142E-03   0.402639E-01   0.320412E-02   0.350000E-03
 610   0.131703E-02  -0.505003E-03   0.409039E-01   0.279276E-02   0.150000E-03
 611   0.111045E-02   0.556289E-03   0.428118E-01   0.362061E-02   0.450000E-03
 612   0.100847E-02   0.792774E-03   0.434488E-01   0.314441E-02   0.350000E-03
 613  -0.140731E-03  -0.441941E-04   0.104368E-01   0.862720E-02   0.350000E-03
 614  -0.176488E-03   0.206242E-03   0.313732E-02   0.450576E-02   0.200000E-03
 615   0.341559E-04   0.140281E-03   0.368120E-02   0.444299E-02   0.350000E-03
 616   0.579535E-03  -0.116364E-03   0.569415E-02   0.430199E-02   0.150000E-03
 617   0.457250E-03   0.150154E-03   0.664447E-02   0.446697E-02   0.350000E-03
 618   0.192314E-03  -0.647348E-04   0.810943E-02   0.555028E-02   0.300000E-03
 619  -0.966324E-04   0.386759E-04   0.931050E-02   0.518614E-02   0.300000E-03
 620   0.447508E-03   0.617762E-04   0.989529E-02   0.556170E-02   0.400000E-03
 621   0.165304E-03  -0.255761E-03   0.114102E-01   0.534979E-02   0.250000E-03
 622   0.233821E-03   0.504849E-03   0.114537E-01   0.486078E-02   0.250000E-03
 623   0.127394E-04   0.484964E-03   0.126873E-01   0.511364E-02   0.350000E-03
 624  -0.348669E-03  -0.287690E-03   0.139986E-01   0.576943E-02   0.200000E-03
 625  -0.122853E-03  -0.376287E-03   0.145253E-01   0.592313E-02   0.350000E-03
 626   0.665232E-03   0.738112E-03   0.166443E-01   0.550173E-02   0.150000E-03
 627   0.278017E-03   0.541739E-03   0.169552E-01   0.565831E-02   0.200000E-03
 628   0.273690E-03  -0.364260E-03   0.175587E-01   0.605306E-02   0.300000E-03
 629   0.317067E-03  -0.460230E-03   0.187855E-01   0.653717E-02   0.450000E-03
 630   0.409630E-03  -0.635796E-03   0.218345E-01   0.612878E-02   0.300000E-03
 631   0.599225E-03  -0.944637E-05   0.227272E-01   0.528058E-02   0.350000E-03
 632   0.453618E-03  -0.109085E-04   0.238013E-01   0.496802E-02   0.300000E-03
 633   0.563889E-03  -0.326447E-04   0.246445E-01   0.518148E-02   0.250000E-03
 634   0.947161E-04  -0.105640E-03   0.271399E-01   0.452660E-02   0.200000E-03
 635   0.145646E-03  -0.119964E-03   0.277818E-01   0.447744E-02   0.450000E-03
 636   0.512496E-03   0.371595E-04   0.293579E-01   0.515763E-02   0.300000E-03
 637   0.599837E-03  -0.194047E-03   0.303227E-01   0.567950E-02   0.300000E-03
 638   0.132525E-02  -0.957921E-04   0.321584E-01   0.474749E-02   0.350000E-03
 639   0.167450E-02   0.227310E-03   0.342971E-01   0.481051E-02   0.250000E-03
 640   0.162258E-02   0.318557E-03   0.345078E-01   0.430678E-02   0.300000E-03
 641   0.125566E-02  -0.224987E-03   0.368894E-01   0.529378E-02   0.300000E-03
 642   0.990037E-03  -0.260090E-04   0.372779E-01   0.490873E-02   0.250000E-03
 643   0.996650E-03   0.438939E-03   0.388131E-01   0.451377E-02   0.250000E-03
 644   0.223914E-03  -0.583409E-03   0.392976E-01   0.405684E-02   0.400000E-03
 645   0.650628E-03   0.456995E-03   0.417294E-01   0.384969E-02   0.200000E-03
 646   0.800161E-03   0.517023E-03   0.407860E-01   0.333495E-02   0.150000E-03
 647  -0.387838E-03   0.339026E-03   0.425790E-01   0.301371E-02   0.200000E-03
 648   0.426668E-03   0.885931E-03   0.448023E-01   0.354104E-02   0.200000E-03
 649   0.158462E-03   0.398565E-04   0.715391E-03   0.491451E-02   0.200000E-03
 650  -0.950190E-05   0.439940E-03   0.266615E-02   0.504175E-02   0.350000E-03
 651  -0.109698E-03   0.101218E-03   0.319865E-02   0.400863E-02   0.300000E-03
 652   0.223018E-03   0.335767E-03   0.457863E-02   0.493395E-02   0.200000E-03
 653   0.193181E-03  -0.121540E-03   0.657321E-02   0.496020E-02   0.150000E-03
 654   0.177354E-03  -0.134623E-03   0.747710E-02   0.525142E-02   0.400000E-03
 655   0.267598E-03   0.276918E-03   0.876783E-02   0.575577E-02   0.350000E-03
 656   0.118631E-03   0.235629E-03   0.934727E-02   0.590735E-02   0.250000E-03
 657   0.751935E-05  -0.129854E-03   0.104711E-01   0.594935E-02   0.300000E-03
 658  -0.150117E-03  -0.923602E-03   0.119888E-01   0.516350E-02   0.350000E-03
 659  -0.763353E-04   0.266789E-03   0.131575E-01   0.548640E-02   0.250000E-03
 660  -0.106050E-03  -0.616421E-03   0.136235E-01   0.623621E-02   0.400000E-03
 661   0.674930E-04   0.170435E-04   0.150443E-01   0.630970E-02   0.300000E-03
 662   0.369185E-03   0.270714E-03   0.163669E-01   0.645834E-02   0.300000E-03
 663   0.329359E-03   0.435093E-03   0.166630E-01   0.599724E-02   0.250000E-03
 664   0.371945E-03   0.790503E-05   0.177848E-01   0.655143E-02   0.250000E-03
 665   0.107061E-03  -0.162667E-03   0.199870E-01   0.630865E-02   0.300000E-03
 666   0.529026E-03   0.387114E-03   0.212348E-01   0.638973E-02   0.300000E-03
 667   0.635970E-03  -0.105901E-03   0.223314E-01   0.579137E-02   0.300000E-03
 668   0.478878E-03   0.460438E-04   0.233689E-01   0.538038E-02   0.300000E-03
 669   0.498065E-03   0.855329E-04   0.248496E-01   0.478122E-02   0.100000E-03
 670   0.213178E-03   0.216021E-03   0.263488E-01   0.489222E-02   0.200000E-03
 671   0.421768E-03   0.101478E-03   0.284824E-01   0.530934E-02   0.200000E-03
 672   0.225045E-03  -0.274895E-04   0.280858E-01   0.510643E-02   0.250000E-03
 673   0.529697E-03   0.147763E-03   0.310181E-01   0.554575E-02   0.350000E-03
 674   0.423003E-03   0.422327E-03   0.315693E-01   0.512178E-02   0.350000E-03
 675   0.120836E-02   0.188096E-03   0.325149E-01   0.427085E-02   0.250000E-03
 676   0.152078E-02   0.253404E-03   0.347951E-01   0.478168E-02   0.250000E-03
 677   0.120494E-02   0.496206E-03   0.369740E-01   0.598708E-02   0.400000E-03
 678   0.842633E-03  -0.280896E-03   0.374295E-01   0.538473E-02   0.250000E-03
 679   0.947620E-03   0.481919E-03   0.390978E-01   0.542019E-02   0.200000E-03
 680   0.888062E-03   0.337071E-03   0.392709E-01   0.489952E-02   0.350000E-03
 681   0.155700E-02   0.691284E-03   0.411000E-01   0.389193E-02   0.250000E-03
 682   0.126645E-02   0.681244E-03   0.421472E-01   0.341033E-02   0.250000E-03
 683   0.389525E-03   0.700457E-03   0.440284E-01   0.455258E-02   0.500000E-03
 684  -0.522323E-04   0.328664E-03   0.440483E-01   0.338990E-02   0.300000E-03
 685  -0.511702E-04   0.105629E-03   0.348917E-03   0.735714E-02   0.350000E-03
 686  -0.102069E-03   0.475827E-03   0.333005E-02   0.562113E-02   0.350000E-03
 687  -0.104664E-03   0.367399E-03   0.331065E-02   0.497364E-02   0.300000E-03
 688   0.108997E-03   0.385275E-03   0.502274E-02   0.487598E-02   0.250000E-03
 689   0.409412E-03   0.992355E-04   0.706709E-02   0.481406E-02   0.200000E-03
 690   0.233225E-03   0.157232E-03   0.761120E-02   0.598200E-02   0.350000E-03
 691   0.149834E-03   0.788746E-04   0.877678E-02   0.649724E-02   0.350000E-03
 692   0.277717E-03   0.647771E-04   0.989620E-02   0.626009E-02   0.300000E-03
 693  -0.126743E-04  -0.120970E-03   0.103923E-01   0.649155E-02   0.250000E-03
 694   0.555249E-04  -0.696416E-04   0.111137E-01   0.586394E-02   0.350000E-03
 695   0.216663E-03  -0.294361E-03   0.128954E-01   0.602556E-02   0.350000E-03
 696   0.206265E-03  -0.162050E-04   0.146299E-01   0.723350E-02   0.250000E-03
 697  -0.227227E-03   0.755416E-04   0.143331E-01   0.664328E-02   0.400000E-03
 698   0.601136E-03   0.268576E-03   0.156819E-01   0.659181E-02   0.400000E-03
 699  -0.189991E-03   0.886919E-04   0.170920E-01   0.663871E-02   0.450000E-03
 700   0.155300E-03  -0.276513E-03   0.181606E-01   0.695047E-02   0.300000E-03
 701   0.435136E-03  -0.426163E-03   0.195192E-01   0.668041E-02   0.300000E-03
 702   0.209581E-03   0.114881E-03   0.203920E-01   0.687870E-02   0.400000E-03
 703   0.582240E-03  -0.874461E-04   0.230055E-01   0.597646E-02   0.400000E-03
 704   0.427389E-03   0.107360E-04   0.241383E-01   0.557991E-02   0.400000E-03
 705   0.496068E-03  -0.725395E-04   0.251200E-01   0.503616E-02   0.250000E-03
 706   0.355195E-03   0.129177E-03   0.259333E-01   0.506381E-02   0.250000E-03
 707   0.638728E-04   0.855920E-05   0.269436E-01   0.508986E-02   0.400000E-03
 708   0.563241E-03  -0.217904E-03   0.298283E-01   0.544153E-02   0.250000E-03
 709   0.129168E-02   0.487696E-03   0.320916E-01   0.529309E-02   0.200000E-03
 710   0.143209E-02  -0.222387E-05   0.326848E-01   0.503444E-02   0.250000E-03
 711   0.159050E-02   0.171362E-03   0.337389E-01   0.460121E-02   0.350000E-03
 712   0.118482E-02  -0.227317E-03   0.351312E-01   0.521675E-02   0.300000E-03
 713   0.128146E-02   0.590293E-03   0.381630E-01   0.636280E-02   0.350000E-03
 714   0.122788E-02  -0.162744E-04   0.379368E-01   0.570060E-02   0.350000E-03
 715   0.936902E-03   0.385017E-03   0.388332E-01   0.564488E-02   0.150000E-03
 716   0.620460E-03   0.424669E-03   0.397396E-01   0.453517E-02   0.250000E-03
 717   0.904455E-03  -0.869133E-04   0.400703E-01   0.366491E-02   0.150000E-03
 718   0.125019E-02   0.456177E-03   0.421750E-01   0.390803E-02   0.250000E-03
 719   0.566398E-04   0.140904E-02   0.448012E-01   0.546800E-02   0.200000E-03
 720   0.185769E-02   0.116691E-02   0.434121E-01   0.730406E-02   0.350000E-03
 721   0.199039E-04   0.384536E-03   0.215032E-02   0.405869E-02   0.200000E-03
 722   0.580136E-03   0.373999E-03   0.202436E-02   0.513324E-02   0.300000E-03
 723   0.222424E-03   0.274944E-03   0.424876E-02   0.463223E-02   0.250000E-03
 724   0.158050E-03   0.275029E-03   0.602759E-02   0.488992E-02   0.400000E-03
 725   0.481611E-03  -0.213837E-04   0.693895E-02   0.513907E-02   0.150000E-03
 726   0.902893E-04   0.270901E-03   0.653365E-02   0.550753E-02   0.400000E-03
 727   0.271276E-03   0.170580E-03   0.824121E-02   0.613513E-02   0.300000E-03
 728   0.114512E-03   0.923921E-04   0.936784E-02   0.640485E-02   0.250000E-03
 729   0.222387E-03   0.852111E-04   0.972133E-02   0.683384E-02   0.300000E-03
 730   0.151343E-03  -0.556169E-03   0.123729E-01   0.562423E-02   0.250000E-03
 731   0.187758E-03  -0.225731E-03   0.122239E-01   0.622368E-02   0.350000E-03
 732  -0.443148E-03  -0.357388E-03   0.131130E-01   0.663529E-02   0.250000E-03
 733   0.685530E-04   0.143442E-03   0.149486E-01   0.684945E-02   0.250000E-03
 734   0.424236E-03   0.153260E-03   0.161834E-01   0.692037E-02   0.200000E-03
 735  -0.215556E-03  -0.558533E-04   0.175912E-01   0.726260E-02   0.350000E-03
 736   0.432911E-03  -0.975595E-04   0.190908E-01   0.732904E-02   0.400000E-03
 737   0.558482E-03  -0.127611E-03   0.197809E-01   0.721861E-02   0.300000E-03
 738   0.476996E-03   0.254996E-03   0.214664E-01   0.704818E-02   0.400000E-03
 739   0.691247E-03  -0.122258E-03   0.224119E-01   0.643291E-02   0.350000E-03
 740   0.576556E-03  -0.101274E-03   0.237204E-01   0.619935E-02   0.350000E-03
 741   0.469222E-03  -0.221102E-03   0.248014E-01   0.565433E-02   0.250000E-03
 742   0.170326E-03  -0.839398E-04   0.263492E-01   0.534152E-02   0.250000E-03
 743   0.239993E-03  -0.111154E-05   0.275892E-01   0.514806E-02   0.250000E-03
 744   0.567256E-03   0.392947E-04   0.288616E-01   0.519471E-02   0.200000E-03
 745   0.590215E-03  -0.346312E-05   0.315904E-01   0.572124E-02   0.250000E-03
 746   0.145059E-02   0.436708E-04   0.328216E-01   0.561729E-02   0.350000E-03
 747   0.129066E-02   0.212815E-03   0.332816E-01   0.515911E-02   0.300000E-03
 748   0.104852E-02  -0.213038E-03   0.356737E-01   0.486063E-02   0.350000E-03
 749   0.151481E-02  -0.295550E-03   0.363217E-01   0.547209E-02   0.300000E-03
 750   0.137072E-02   0.161132E-03   0.385100E-01   0.587499E-02   0.250000E-03
 751   0.119948E-02   0.672120E-03   0.391649E-01   0.594106E-02   0.300000E-03
 752  -0.113174E-03   0.793684E-03   0.401879E-01   0.422768E-02   0.300000E-03
 753   0.991222E-03  -0.304328E-04   0.407356E-01   0.303957E-02   0.150000E-03
 754   0.173782E-02  -0.275752E-05   0.418925E-01   0.418891E-02   0.150000E-03
 755   0.137568E-02   0.207818E-03   0.425379E-01   0.415240E-02   0.150000E-03
 756   0.172404E-02   0.807297E-03   0.431099E-01   0.672882E-02   0.300000E-03
 757   0.420020E-03  -0.144655E-03   0.183926E-02   0.451102E-02   0.350000E-03
 758   0.135246E-03   0.484121E-03   0.402299E-02   0.569783E-02   0.350000E-03
 759   0.142590E-03   0.418956E-03   0.390332E-02   0.505938E-02   0.300000E-03
 760  -0.153153E-03   0.210522E-03   0.473734E-02   0.558879E-02   0.300000E-03
 761  -0.826659E-04   0.200877E-03   0.540992E-02   0.539648E-02   0.400000E-03
 762  -0.326490E-04   0.268650E-03   0.592343E-02   0.594040E-02   0.350000E-03
 763   0.441491E-04   0.152051E-03   0.690003E-02   0.621612E-02   0.400000E-03
 764  -0.404724E-03   0.283700E-03   0.817087E-02   0.673145E-02   0.300000E-03
 765   0.404890E-03   0.437117E-03   0.115474E-01   0.640687E-02   0.350000E-03
 766   0.413012E-03   0.473392E-04   0.117583E-01   0.577121E-02   0.300000E-03
 767   0.184305E-03  -0.164205E-03   0.126776E-01   0.652991E-02   0.200000E-03
 768   0.887885E-07  -0.424106E-04   0.137281E-01   0.687740E-02   0.250000E-03
 769   0.170349E-03   0.314671E-03   0.152500E-01   0.736704E-02   0.350000E-03
 770   0.612622E-03   0.223409E-03   0.158314E-01   0.722361E-02   0.250000E-03
 771   0.244735E-03  -0.947971E-04   0.165676E-01   0.680385E-02   0.100000E-03
 772   0.287325E-03  -0.448435E-04   0.184487E-01   0.741495E-02   0.250000E-03
 773   0.735038E-03   0.129553E-03   0.201594E-01   0.780654E-02   0.400000E-03
 774   0.422284E-03   0.308253E-03   0.208480E-01   0.746904E-02   0.350000E-03
 775   0.611499E-03  -0.947620E-04   0.232552E-01   0.657564E-02   0.250000E-03
 776   0.458268E-03  -0.232781E-03   0.248497E-01   0.610100E-02   0.200000E-03
 777   0.222526E-03   0.100554E-03   0.255325E-01   0.486042E-02   0.200000E-03
 778   0.244936E-03  -0.213695E-03   0.259377E-01   0.551251E-02   0.200000E-03
 779   0.372025E-03   0.663937E-03   0.276717E-01   0.568967E-02   0.300000E-03
 780   0.519743E-03  -0.188952E-03   0.293535E-01   0.580627E-02   0.350000E-03
 781   0.386131E-03  -0.360843E-03   0.307072E-01   0.599896E-02   0.200000E-03
 782   0.125884E-02   0.742988E-04   0.321348E-01   0.579099E-02   0.300000E-03
 783   0.170205E-02   0.315274E-03   0.339202E-01   0.527606E-02   0.350000E-03
 784   0.167255E-02   0.280485E-03   0.344670E-01   0.522340E-02   0.200000E-03
 785   0.105668E-02  -0.225287E-03   0.356817E-01   0.556006E-02   0.350000E-03
 786   0.486064E-03   0.257043E-03   0.375882E-01   0.619661E-02   0.250000E-03
 787   0.911683E-03   0.587409E-03   0.397280E-01   0.614214E-02   0.300000E-03
 788   0.119003E-02   0.526360E-03   0.396401E-01   0.549819E-02   0.350000E-03
 789   0.766840E-04   0.481096E-03   0.405689E-01   0.376833E-02   0.300000E-03
 790   0.799188E-03  -0.956844E-04   0.414592E-01   0.429999E-02   0.300000E-03
 791   0.600674E-03  -0.202983E-03   0.431191E-01   0.435908E-02   0.350000E-03
 792   0.993295E-03   0.560149E-03   0.438838E-01   0.518608E-02   0.150000E-03
 793   0.757269E-04   0.536703E-03   0.284564E-02   0.550523E-02   0.150000E-03
 794   0.136049E-03   0.373612E-03   0.243357E-02   0.548134E-02   0.150000E-03
 795   0.197761E-03   0.473974E-03   0.435794E-02   0.526427E-02   0.200000E-03
 796   0.185469E-03   0.173373E-04   0.265494E-02   0.649490E-02   0.300000E-03
 797  -0.221649E-03   0.622587E-04   0.451135E-02   0.626542E-02   0.400000E-03
 798  -0.133230E-04  -0.631404E-04   0.517824E-02   0.605463E-02   0.300000E-03
 799   0.965556E-04   0.461241E-03   0.752375E-02   0.667234E-02   0.350000E-03
 800   0.145278E-03  -0.607620E-04   0.883878E-02   0.709310E-02   0.250000E-03
 801  -0.317601E-04  -0.111729E-03   0.108086E-01   0.676706E-02   0.250000E-03
 802   0.497142E-03  -0.104124E-03   0.112769E-01   0.694205E-02   0.250000E-03
 803   0.147098E-04   0.184492E-03   0.120090E-01   0.678341E-02   0.250000E-03
 804  -0.301923E-03   0.166080E-03   0.132604E-01   0.716461E-02   0.300000E-03
 805  -0.288634E-03   0.602527E-04   0.140840E-01   0.729682E-02   0.300000E-03
 806   0.796533E-03  -0.383553E-03   0.157162E-01   0.765830E-02   0.200000E-03
 807   0.144771E-04   0.148423E-03   0.180238E-01   0.767778E-02   0.250000E-03
 808   0.451695E-03   0.303181E-03   0.191134E-01   0.817728E-02   0.450000E-03
 809   0.390150E-03   0.283284E-03   0.214339E-01   0.774741E-02   0.300000E-03
 810   0.534283E-03   0.270300E-03   0.221650E-01   0.703033E-02   0.300000E-03
 811   0.564196E-03   0.941084E-05   0.237514E-01   0.684662E-02   0.300000E-03
 812   0.353500E-03  -0.202154E-03   0.243694E-01   0.623935E-02   0.300000E-03
 813   0.422899E-03  -0.191977E-03   0.253938E-01   0.556447E-02   0.350000E-03
 814   0.542748E-03   0.673307E-03   0.271739E-01   0.564368E-02   0.200000E-03
 815   0.387283E-03  -0.175580E-03   0.286094E-01   0.589322E-02   0.400000E-03
 816   0.575255E-03   0.577863E-04   0.312332E-01   0.604225E-02   0.200000E-03
 817   0.576346E-03   0.258174E-03   0.302566E-01   0.627211E-02   0.300000E-03
 818   0.153575E-02   0.357928E-03   0.325624E-01   0.621107E-02   0.300000E-03
 819   0.179677E-02   0.131324E-03   0.334605E-01   0.573338E-02   0.300000E-03
 820   0.138921E-02  -0.199435E-03   0.347192E-01   0.565113E-02   0.300000E-03
 821   0.146268E-02   0.362799E-04   0.362166E-01   0.606050E-02   0.300000E-03
 822   0.125937E-02   0.635985E-03   0.378312E-01   0.692146E-02   0.300000E-03
 823   0.121746E-02   0.654302E-03   0.387604E-01   0.631267E-02   0.250000E-03
 824   0.817196E-03   0.647551E-03   0.408237E-01   0.556839E-02   0.350000E-03
 825   0.974790E-03   0.758392E-03   0.402636E-01   0.499826E-02   0.450000E-03
 826   0.128226E-02   0.118841E-02   0.408092E-01   0.441516E-02   0.350000E-03
 827   0.104620E-02   0.495621E-03   0.422293E-01   0.440430E-02   0.250000E-03
 828   0.100390E-02   0.294157E-03   0.402890E-01   0.693488E-02   0.350000E-03
 829   0.196936E-03   0.365807E-03   0.262724E-02   0.589651E-02   0.300000E-03
 830   0.538058E-03   0.408726E-03   0.299626E-03   0.523795E-02   0.300000E-03
 831   0.523119E-03  -0.416493E-04   0.314532E-03   0.573684E-02   0.200000E-03
 832  -0.316345E-04   0.182979E-03   0.310092E-02   0.617441E-02   0.250000E-03
 833   0.282153E-04   0.396464E-03   0.328785E-02   0.669021E-02   0.300000E-03
 834  -0.533119E-04   0.142614E-03   0.509617E-02   0.664838E-02   0.300000E-03
 835   0.155802E-03   0.105119E-04   0.575925E-02   0.682483E-02   0.300000E-03
 836   0.146970E-04   0.227911E-03   0.759136E-02   0.736684E-02   0.350000E-03
 837   0.176286E-04  -0.113863E-03   0.108064E-01   0.631838E-02   0.200000E-03
 838   0.172528E-03  -0.171803E-03   0.117484E-01   0.732368E-02   0.350000E-03
 839   0.118654E-03   0.170131E-03   0.125637E-01   0.711814E-02   0.400000E-03
 840  -0.235477E-03   0.479710E-03   0.141539E-01   0.789207E-02   0.300000E-03
 841   0.288463E-03   0.243789E-03   0.147412E-01   0.777122E-02   0.300000E-03
 842  -0.315116E-03   0.108878E-04   0.170252E-01   0.758010E-02   0.300000E-03
 843   0.324721E-03   0.215731E-03   0.184655E-01   0.791239E-02   0.250000E-03
 844   0.612522E-03   0.310639E-03   0.198228E-01   0.842004E-02   0.300000E-03
 845   0.436770E-03  -0.324017E-04   0.208167E-01   0.816685E-02   0.350000E-03
 846   0.577333E-03   0.201939E-03   0.219383E-01   0.753066E-02   0.250000E-03
 847   0.612297E-03  -0.778173E-04   0.232204E-01   0.712342E-02   0.300000E-03
 848   0.394301E-03  -0.611732E-04   0.244449E-01   0.693459E-02   0.400000E-03
 849   0.485747E-03  -0.225805E-03   0.253760E-01   0.625981E-02   0.350000E-03
 850   0.369915E-03  -0.657194E-03   0.267035E-01   0.563497E-02   0.200000E-03
 851   0.235536E-03  -0.195048E-03   0.265642E-01   0.611141E-02   0.300000E-03
 852   0.599080E-03  -0.200202E-03   0.299006E-01   0.583465E-02   0.150000E-03
 853   0.137722E-02   0.457223E-03   0.316949E-01   0.633448E-02   0.350000E-03
 854   0.156704E-02   0.498277E-03   0.327765E-01   0.682426E-02   0.350000E-03
 855   0.165102E-02   0.378894E-03   0.331607E-01   0.625271E-02   0.300000E-03
 856   0.151548E-02  -0.265095E-03   0.341156E-01   0.599897E-02   0.400000E-03
 857   0.142558E-02  -0.757272E-04   0.352109E-01   0.607400E-02   0.350000E-03
 858   0.147279E-02   0.103930E-03   0.365622E-01   0.655049E-02   0.300000E-03
 859   0.118453E-02   0.384824E-03   0.392906E-01   0.647524E-02   0.250000E-03
 860   0.114257E-02   0.520720E-03   0.402167E-01   0.579435E-02   0.300000E-03
 861   0.875536E-03   0.615158E-03   0.415210E-01   0.558227E-02   0.350000E-03
 862   0.933401E-03   0.128562E-04   0.409808E-01   0.498957E-02   0.250000E-03
 863   0.586308E-03   0.482311E-03   0.432858E-01   0.514130E-02   0.450000E-03
 864   0.516274E-03   0.347382E-03   0.445510E-01   0.606690E-02   0.450000E-03
 865   0.304360E-03   0.360137E-03   0.137696E-02   0.508596E-02   0.350000E-03
 866   0.440823E-03   0.518586E-03   0.170977E-02   0.551952E-02   0.200000E-03
 867   0.224537E-03   0.254426E-04   0.203374E-02   0.630794E-02   0.350000E-03
 868   0.357512E-03   0.539981E-04   0.371658E-02   0.627078E-02   0.300000E-03
 869  -0.138361E-04   0.143894E-03   0.337470E-02   0.723106E-02   0.250000E-03
 870  -0.807403E-04   0.187477E-03   0.626016E-02   0.649534E-02   0.300000E-03
 871   0.109015E-04   0.423319E-03   0.692175E-02   0.691511E-02   0.300000E-03
 872   0.898827E-04   0.758292E-04   0.921573E-02   0.682670E-02   0.200000E-03
 873  -0.110047E-03   0.254496E-03   0.102926E-01   0.702957E-02   0.300000E-03
 874  -0.290942E-03   0.135118E-03   0.117017E-01   0.798912E-02   0.300000E-03
 875   0.250205E-03  -0.119084E-03   0.122473E-01   0.774017E-02   0.300000E-03
 876  -0.346190E-03   0.826637E-04   0.136040E-01   0.765351E-02   0.300000E-03
 877  -0.296634E-03   0.298354E-03   0.146884E-01   0.836806E-02   0.300000E-03
 878   0.512962E-03   0.219337E-03   0.163956E-01   0.742503E-02   0.350000E-03
 879  -0.275741E-03   0.334434E-03   0.175011E-01   0.785421E-02   0.250000E-03
 880  -0.281513E-03   0.365075E-03   0.177309E-01   0.835276E-02   0.300000E-03
 881  -0.109809E-03  -0.458312E-03   0.219168E-01   0.810330E-02   0.300000E-03
 882   0.177851E-03   0.184696E-05   0.226801E-01   0.721975E-02   0.250000E-03
 883   0.604512E-03  -0.125883E-03   0.228627E-01   0.664646E-02   0.150000E-03
 884   0.518579E-03  -0.118318E-03   0.239246E-01   0.747224E-02   0.350000E-03
 885   0.361204E-03  -0.502933E-03   0.258507E-01   0.740085E-02   0.400000E-03
 886   0.285898E-03  -0.184545E-03   0.259743E-01   0.600936E-02   0.300000E-03
 887   0.369941E-03  -0.979194E-04   0.283582E-01   0.659710E-02   0.350000E-03
 888   0.617018E-03   0.221318E-03   0.295707E-01   0.657455E-02   0.450000E-03
 889   0.485864E-03   0.232395E-03   0.309243E-01   0.661243E-02   0.450000E-03
 890   0.144094E-02   0.506465E-03   0.322119E-01   0.663301E-02   0.250000E-03
 891   0.161368E-02  -0.280295E-03   0.337242E-01   0.663684E-02   0.350000E-03
 892   0.156192E-02  -0.207987E-03   0.346614E-01   0.658299E-02   0.400000E-03
 893   0.150639E-02  -0.139459E-04   0.357491E-01   0.643533E-02   0.300000E-03
 894   0.124798E-02   0.562531E-03   0.385908E-01   0.678262E-02   0.250000E-03
 895   0.114590E-02   0.520433E-03   0.390998E-01   0.699033E-02   0.300000E-03
 896   0.943296E-03   0.708105E-03   0.419177E-01   0.696092E-02   0.300000E-03
 897   0.940064E-03   0.664356E-03   0.424718E-01   0.662112E-02   0.350000E-03
 898  -0.819988E-03   0.519731E-03   0.426299E-01   0.460767E-02   0.200000E-03
 899   0.478285E-03   0.440943E-03   0.424905E-01   0.520112E-02   0.350000E-03
 900   0.338788E-03   0.221649E-03   0.438290E-01   0.572459E-02   0.350000E-03
 901   0.344245E-03   0.577732E-03   0.129126E-02   0.567723E-02   0.250000E-03
 902   0.947781E-04  -0.333206E-05   0.309361E-02   0.764397E-02   0.250000E-03
 903   0.157272E-03   0.352596E-03   0.211086E-02   0.571417E-02   0.250000E-03
 904   0.208914E-03   0.177791E-03   0.278354E-02   0.713060E-02   0.350000E-03
 905  -0.330293E-04  -0.220881E-03   0.401879E-02   0.695723E-02   0.450000E-03
 906   0.233977E-03   0.238232E-03   0.587644E-02   0.736753E-02   0.250000E-03
 907   0.153972E-03   0.360125E-04   0.557163E-02   0.636201E-02   0.200000E-03
 908   0.141777E-03   0.201859E-03   0.885488E-02   0.764225E-02   0.300000E-03
 909   0.128840E-03   0.215775E-03   0.935150E-02   0.730622E-02   0.300000E-03
 910  -0.145175E-03   0.250723E-03   0.101093E-01   0.806585E-02   0.300000E-03
 911  -0.136813E-03   0.894377E-04   0.112572E-01   0.766768E-02   0.250000E-03
 912   0.814542E-04   0.508574E-03   0.151685E-01   0.863568E-02   0.250000E-03
 913   0.159605E-03   0.190082E-03   0.153381E-01   0.806058E-02   0.350000E-03
 914   0.523159E-03   0.241264E-03   0.161292E-01   0.817766E-02   0.450000E-03
 915  -0.311662E-03  -0.113733E-03   0.170098E-01   0.827970E-02   0.400000E-03
 916   0.473558E-03  -0.249227E-03   0.203790E-01   0.864532E-02   0.300000E-03
 917  -0.213409E-03   0.486526E-03   0.199730E-01   0.908546E-02   0.300000E-03
 918   0.429497E-03  -0.746040E-03   0.224828E-01   0.778450E-02   0.350000E-03
 919   0.645063E-03  -0.748957E-03   0.231823E-01   0.777186E-02   0.350000E-03
 920   0.433866E-03  -0.223384E-03   0.247713E-01   0.644146E-02   0.150000E-03
 921   0.382972E-03   0.732964E-04   0.233567E-01   0.851036E-02   0.350000E-03
 922   0.247956E-03   0.147038E-03   0.259514E-01   0.665793E-02   0.350000E-03
 923   0.339629E-03  -0.100988E-03   0.277092E-01   0.633691E-02   0.350000E-03
 924   0.653260E-03   0.187118E-03   0.289051E-01   0.717996E-02   0.450000E-03
 925   0.470826E-03   0.167736E-03   0.310966E-01   0.739344E-02   0.350000E-03
 926   0.137674E-02   0.515886E-03   0.316033E-01   0.697659E-02   0.300000E-03
 927  -0.841087E-03  -0.103994E-03   0.336388E-01   0.719716E-02   0.200000E-03
 928   0.161216E-02   0.585163E-03   0.341690E-01   0.649540E-02   0.100000E-03
 929   0.125009E-02   0.626052E-03   0.372223E-01   0.669437E-02   0.350000E-03
 930   0.758075E-03   0.828703E-03   0.412232E-01   0.664447E-02   0.300000E-03
 931   0.849368E-03   0.669655E-03   0.411919E-01   0.607932E-02   0.250000E-03
 932   0.876877E-03   0.237921E-03   0.397414E-01   0.669098E-02   0.250000E-03
 933   0.950762E-03   0.695272E-03   0.418132E-01   0.626906E-02   0.400000E-03
 934  -0.270988E-03   0.125368E-02   0.412546E-01   0.469883E-02   0.150000E-03
 935   0.926489E-03   0.584798E-03   0.418080E-01   0.489784E-02   0.400000E-03
 936   0.183719E-03   0.378662E-03   0.433677E-01   0.618201E-02   0.300000E-03
 937   0.555775E-04   0.651185E-04   0.102911E-02   0.719680E-02   0.350000E-03
 938   0.440421E-03   0.475685E-03   0.298176E-03   0.623624E-02   0.300000E-03
 939   0.512416E-04   0.252944E-03   0.372621E-02   0.771499E-02   0.350000E-03
 940   0.283795E-03   0.582476E-03   0.789259E-03   0.589425E-02   0.300000E-03
 941   0.258249E-03  -0.482505E-04   0.166259E-02   0.690042E-02   0.350000E-03
 942  -0.999800E-04   0.253921E-03   0.457566E-02   0.773502E-02   0.500000E-03
 943  -0.316101E-04   0.201436E-03   0.528575E-02   0.726936E-02   0.350000E-03
 944  -0.370546E-04   0.397222E-03   0.634792E-02   0.708750E-02   0.300000E-03
 945  -0.100178E-04   0.231775E-03   0.108373E-01   0.731497E-02   0.300000E-03
 946   0.386364E-03   0.290853E-03   0.985649E-02   0.752204E-02   0.250000E-03
 947   0.134530E-03  -0.164350E-03   0.129462E-01   0.801054E-02   0.450000E-03
 948  -0.884618E-04   0.196292E-03   0.125586E-01   0.859276E-02   0.250000E-03
 949   0.325605E-03   0.502156E-03   0.156963E-01   0.878942E-02   0.300000E-03
 950  -0.214350E-03   0.350102E-03   0.140051E-01   0.857569E-02   0.400000E-03
 951   0.576794E-03   0.276239E-03   0.165439E-01   0.880199E-02   0.300000E-03
 952   0.247565E-03   0.378276E-03   0.182796E-01   0.837456E-02   0.250000E-03
 953   0.547066E-03   0.390924E-03   0.210290E-01   0.872772E-02   0.250000E-03
 954   0.472993E-03   0.585015E-04   0.225158E-01   0.863319E-02   0.500000E-03
 955   0.492097E-03  -0.160727E-04   0.237214E-01   0.803481E-02   0.250000E-03
 956   0.267495E-03  -0.525366E-03   0.252192E-01   0.724825E-02   0.250000E-03
 957   0.285730E-03   0.296126E-03   0.268704E-01   0.765126E-02   0.350000E-03
 958   0.165332E-03   0.766880E-04   0.265411E-01   0.703410E-02   0.350000E-03
 959   0.380359E-03  -0.111644E-03   0.270424E-01   0.654677E-02   0.350000E-03
 960   0.603108E-03   0.152699E-03   0.302558E-01   0.681952E-02   0.250000E-03
 961   0.149948E-02  -0.271317E-03   0.321435E-01   0.797859E-02   0.400000E-03
 962   0.135163E-02   0.365898E-03   0.316824E-01   0.752022E-02   0.250000E-03
 963   0.128858E-02   0.414286E-03   0.333011E-01   0.698378E-02   0.200000E-03
 964   0.160570E-02  -0.182527E-03   0.353107E-01   0.684355E-02   0.300000E-03
 965   0.153743E-02   0.768739E-04   0.361048E-01   0.685423E-02   0.250000E-03
 966   0.157365E-02   0.545036E-03   0.367006E-01   0.723588E-02   0.400000E-03
 967   0.679699E-03   0.766029E-03   0.406510E-01   0.633667E-02   0.350000E-03
 968   0.137033E-02   0.768025E-03   0.401620E-01   0.624811E-02   0.150000E-03
 969   0.329076E-03   0.184265E-02   0.447512E-01   0.714236E-02   0.250000E-03
 970  -0.137554E-02   0.669795E-03   0.442544E-01   0.680841E-02   0.350000E-03
 971   0.382222E-03   0.460138E-03   0.427220E-01   0.591298E-02   0.400000E-03
 972   0.858706E-04   0.781418E-03   0.436579E-01   0.675681E-02   0.250000E-03
 973   0.296231E-03   0.364157E-03   0.837874E-03   0.534674E-02   0.250000E-03
 974   0.116995E-03   0.453035E-03   0.401980E-02   0.823798E-02   0.250000E-03
 975   0.314752E-03   0.549384E-04   0.133512E-02   0.627403E-02   0.350000E-03
 976   0.985599E-04   0.197357E-03   0.773239E-03   0.659966E-02   0.300000E-03
 977  -0.216949E-04   0.283711E-03   0.733872E-02   0.791002E-02   0.250000E-03
 978  -0.106490E-04   0.237887E-03   0.695824E-02   0.751342E-02   0.300000E-03
 979  -0.436162E-04   0.219546E-03   0.642114E-02   0.763165E-02   0.250000E-03
 980   0.274279E-04   0.238279E-03   0.818091E-02   0.782843E-02   0.400000E-03
 981  -0.131482E-03   0.239593E-03   0.103531E-01   0.757418E-02   0.250000E-03
 982   0.136750E-03   0.195317E-03   0.936944E-02   0.818725E-02   0.450000E-03
 983   0.144579E-03   0.378139E-03   0.121661E-01   0.828364E-02   0.250000E-03
 984  -0.221473E-03   0.148397E-03   0.107651E-01   0.800914E-02   0.350000E-03
 985  -0.356651E-03   0.236315E-03   0.135807E-01   0.815185E-02   0.200000E-03
 986   0.103413E-03   0.230068E-04   0.189731E-01   0.940571E-02   0.300000E-03
 987   0.341841E-03   0.480917E-03   0.186606E-01   0.883629E-02   0.350000E-03
 988   0.491459E-03   0.271223E-03   0.194163E-01   0.886162E-02   0.300000E-03
 989   0.443761E-03   0.212046E-04   0.195228E-01   0.940055E-02   0.250000E-03
 990   0.409923E-03  -0.137295E-03   0.214020E-01   0.829582E-02   0.250000E-03
 991   0.321318E-03  -0.603266E-03   0.243316E-01   0.804135E-02   0.350000E-03
 992   0.233897E-03  -0.499715E-03   0.247639E-01   0.755652E-02   0.300000E-03
 993   0.400974E-03  -0.220256E-04   0.250720E-01   0.677073E-02   0.250000E-03
 994   0.422919E-03   0.972941E-04   0.271703E-01   0.713195E-02   0.250000E-03
 995   0.178737E-03   0.980835E-04   0.278196E-01   0.711675E-02   0.400000E-03
 996   0.650716E-03   0.262007E-03   0.304498E-01   0.733276E-02   0.300000E-03
 997   0.588537E-03   0.172430E-03   0.299143E-01   0.718416E-02   0.250000E-03
 998   0.145144E-02   0.308460E-03   0.322076E-01   0.723183E-02   0.350000E-03
 999   0.146855E-02   0.240867E-03   0.330510E-01   0.735721E-02   0.250000E-03
1000   0.164158E-02  -0.262557E-03   0.341870E-01   0.716157E-02   0.350000E-03
