   1  -0.208072E-03  -0.100459E-02   0.112839E-01   0.848226E-02   0.350000E-03
   2  -0.899692E-03  -0.410451E-02   0.166041E-03   0.150395E-03   0.150000E-03
   3  -0.194287E-02   0.451929E-02   0.455742E-02   0.447431E-03   0.450000E-03
   4   0.604061E-03  -0.302899E-03   0.572177E-02   0.551031E-03   0.200000E-03
   5   0.341126E-03   0.635165E-05   0.569055E-02   0.999900E-04   0.100000E-03
   6   0.110733E-02   0.661142E-04   0.747783E-02   0.249861E-03   0.250000E-03
   7   0.613111E-03  -0.269146E-03   0.811037E-02   0.399062E-03   0.400000E-03
   8   0.218101E-02   0.203108E-02   0.885905E-02   0.348003E-03   0.350000E-03
   9  -0.101715E-02   0.404081E-03   0.930483E-02   0.570365E-03   0.150000E-03
  10   0.197408E-03  -0.657656E-03   0.118008E-01   0.295002E-03   0.300000E-03
  11   0.358324E-03  -0.310046E-03   0.130416E-01   0.360259E-03   0.350000E-03
  12   0.178293E-03   0.212499E-03   0.147749E-01   0.195254E-03   0.200000E-03
  13  -0.329780E-03  -0.158475E-02   0.169204E-01   0.344460E-03   0.350000E-03
  14   0.514654E-03  -0.761315E-03   0.176188E-01   0.348467E-03   0.350000E-03
  15  -0.643467E-04  -0.932412E-03   0.188387E-01   0.399826E-03   0.400000E-03
  16  -0.227622E-03   0.222548E-03   0.195851E-01   0.346638E-03   0.350000E-03
  17   0.844829E-04  -0.188774E-02   0.205006E-01   0.338238E-03   0.350000E-03
  18   0.468077E-03   0.306837E-03   0.219514E-01   0.349190E-03   0.350000E-03
  19  -0.792222E-03   0.277310E-03   0.225405E-01   0.241036E-03   0.250000E-03
  20   0.589042E-03   0.257265E-03   0.230402E-01   0.248921E-03   0.250000E-03
  21   0.487564E-04   0.370934E-03   0.244968E-01   0.249813E-03   0.250000E-03
  22  -0.116424E-03   0.227511E-03   0.257273E-01   0.199911E-03   0.200000E-03
  23   0.364162E-02   0.292268E-03   0.267660E-01   0.100469E-03   0.100000E-03
  24   0.193591E-02  -0.109195E-03   0.282318E-01   0.396988E-03   0.400000E-03
  25   0.925212E-03  -0.185212E-03   0.297856E-01   0.399983E-03   0.400000E-03
  26   0.722823E-03   0.924325E-03   0.305316E-01   0.335995E-03   0.350000E-03
  27   0.813251E-03   0.185938E-03   0.318725E-01   0.297296E-03   0.300000E-03
  28  -0.484585E-02  -0.162435E-02   0.333456E-01   0.300012E-03   0.300000E-03
  29   0.167814E-02   0.487498E-03   0.355512E-01   0.447233E-03   0.450000E-03
  30   0.109486E-02   0.920949E-03   0.374013E-01   0.347577E-03   0.350000E-03
  31   0.145678E-02   0.865509E-03   0.379924E-01   0.249113E-03   0.250000E-03
  32   0.411433E-03  -0.272035E-03   0.401220E-01   0.197663E-03   0.200000E-03
  33   0.181942E-02   0.238073E-03   0.410125E-01   0.194586E-03   0.200000E-03
  34  -0.497393E-03  -0.115551E-02   0.446059E-01   0.880858E-03   0.400000E-03
  35  -0.779800E-03   0.184351E-02   0.446523E-01   0.192101E-02   0.350000E-03
  36   0.422561E-04  -0.627962E-04   0.864359E-02   0.835473E-02   0.300000E-03
  37   0.500076E-03  -0.362186E-02   0.248171E-03   0.180392E-02   0.250000E-03
  38   0.191621E-02  -0.287081E-02   0.768575E-03   0.735933E-03   0.300000E-03
  39   0.132219E-02   0.865686E-03   0.265756E-02   0.400129E-03   0.400000E-03
  40  -0.514702E-03  -0.176281E-04   0.615141E-02   0.299271E-03   0.300000E-03
  41  -0.306521E-03   0.268707E-03   0.684401E-02   0.393569E-03   0.400000E-03
  42   0.127585E-02  -0.159103E-02   0.726687E-02   0.100681E-02   0.350000E-03
  43   0.116883E-02   0.256450E-03   0.856994E-02   0.926039E-03   0.300000E-03
  44  -0.291268E-03   0.149350E-02   0.937093E-02   0.963933E-03   0.250000E-03
  45   0.935670E-03   0.640889E-03   0.994873E-02   0.492250E-03   0.500000E-03
  46   0.101673E-02  -0.985778E-03   0.108364E-01   0.300019E-03   0.300000E-03
  47   0.560432E-03  -0.657506E-03   0.152061E-01   0.149974E-03   0.150000E-03
  48   0.117613E-02  -0.656398E-03   0.158185E-01   0.447443E-03   0.450000E-03
  49   0.911521E-04  -0.125245E-02   0.164858E-01   0.882599E-03   0.350000E-03
  50   0.180953E-03  -0.776501E-03   0.182087E-01   0.246805E-03   0.250000E-03
  51  -0.232779E-03  -0.714423E-03   0.193087E-01   0.873725E-03   0.250000E-03
  52   0.133002E-03  -0.715196E-03   0.200411E-01   0.147888E-03   0.150000E-03
  53   0.157179E-02  -0.116294E-02   0.205053E-01   0.100617E-02   0.200000E-03
  54   0.995614E-03  -0.120697E-03   0.211640E-01   0.298539E-03   0.300000E-03
  55   0.301744E-03  -0.464920E-04   0.233996E-01   0.998835E-04   0.100000E-03
  56   0.388319E-03  -0.327354E-03   0.238634E-01   0.395498E-03   0.400000E-03
  57  -0.296063E-03  -0.136738E-03   0.245269E-01   0.912836E-03   0.400000E-03
  58   0.330295E-03  -0.930156E-03   0.251302E-01   0.395025E-03   0.400000E-03
  59  -0.304777E-03  -0.311364E-03   0.270490E-01   0.199948E-03   0.200000E-03
  60   0.187276E-03  -0.285133E-03   0.275393E-01   0.297620E-03   0.300000E-03
  61   0.442441E-03   0.265264E-03   0.290945E-01   0.297121E-03   0.300000E-03
  62  -0.302696E-03   0.705702E-03   0.312280E-01   0.346720E-03   0.350000E-03
  63   0.118481E-02   0.328146E-03   0.328616E-01   0.196996E-03   0.200000E-03
  64  -0.688848E-03  -0.645565E-06   0.347608E-01   0.345903E-03   0.350000E-03
  65  -0.436882E-03   0.104359E-03   0.363291E-01   0.620137E-03   0.350000E-03
  66  -0.644900E-03   0.664265E-03   0.364318E-01   0.140209E-03   0.150000E-03
  67   0.112027E-02   0.823584E-03   0.391376E-01   0.299488E-03   0.300000E-03
  68   0.242456E-02   0.416294E-04   0.423018E-01   0.200744E-03   0.200000E-03
  69  -0.151597E-03  -0.122656E-02   0.438632E-01   0.822902E-03   0.350000E-03
  70   0.219163E-03  -0.135001E-02   0.424054E-01   0.721827E-02   0.250000E-03
  71   0.760349E-04   0.610819E-03   0.447021E-01   0.497916E-02   0.300000E-03
  72  -0.864215E-03   0.334553E-03   0.447507E-01   0.248502E-03   0.250000E-03
  73  -0.521601E-04  -0.252289E-03   0.258221E-02   0.795295E-02   0.350000E-03
  74  -0.138099E-02   0.234321E-03   0.117281E-02   0.296891E-03   0.300000E-03
  75   0.229822E-02   0.344369E-03   0.388977E-02   0.248681E-03   0.250000E-03
  76   0.226255E-03  -0.435613E-03   0.519401E-02   0.925233E-03   0.350000E-03
  77  -0.305240E-04  -0.704068E-03   0.643311E-02   0.822158E-03   0.200000E-03
  78   0.298621E-03  -0.108593E-02   0.662802E-02   0.133552E-02   0.350000E-03
  79   0.622560E-03  -0.348691E-03   0.795373E-02   0.113185E-02   0.350000E-03
  80   0.163172E-03  -0.203168E-04   0.904414E-02   0.133604E-02   0.250000E-03
  81   0.536049E-03   0.464894E-04   0.106701E-01   0.930569E-03   0.350000E-03
  82   0.729537E-04   0.258459E-03   0.132827E-01   0.963702E-03   0.300000E-03
  83   0.139000E-05  -0.241676E-03   0.137388E-01   0.345041E-03   0.350000E-03
  84   0.364745E-03   0.102135E-03   0.143291E-01   0.244139E-03   0.250000E-03
  85   0.418007E-03  -0.218885E-03   0.154152E-01   0.101534E-02   0.250000E-03
  86   0.233731E-03  -0.112866E-02   0.172639E-01   0.106419E-02   0.450000E-03
  87   0.900243E-04  -0.769811E-03   0.188432E-01   0.104926E-02   0.250000E-03
  88  -0.328711E-03  -0.507301E-03   0.200501E-01   0.799290E-03   0.300000E-03
  89   0.141045E-02   0.619430E-03   0.202990E-01   0.160304E-02   0.400000E-03
  90   0.891207E-03   0.193256E-03   0.214810E-01   0.864037E-03   0.350000E-03
  91  -0.371798E-03  -0.731385E-03   0.226023E-01   0.728420E-03   0.250000E-03
  92   0.496460E-03  -0.902744E-03   0.231910E-01   0.828531E-03   0.350000E-03
  93   0.979340E-03  -0.627330E-03   0.238156E-01   0.113929E-02   0.350000E-03
  94   0.114483E-02   0.196379E-03   0.252417E-01   0.113439E-02   0.350000E-03
  95   0.372943E-03  -0.122380E-02   0.273510E-01   0.917223E-03   0.350000E-03
  96   0.204199E-02  -0.669563E-03   0.280543E-01   0.117507E-02   0.400000E-03
  97   0.166307E-03  -0.261764E-03   0.294665E-01   0.965708E-03   0.250000E-03
  98  -0.347745E-03   0.104333E-03   0.302909E-01   0.108464E-02   0.450000E-03
  99   0.324672E-02  -0.582403E-03   0.324166E-01   0.245923E-03   0.250000E-03
 100   0.164529E-02  -0.218302E-02   0.327368E-01   0.624543E-03   0.250000E-03
 101  -0.686771E-03  -0.474744E-03   0.349665E-01   0.106360E-02   0.400000E-03
 102  -0.632759E-03   0.794727E-03   0.368102E-01   0.262248E-03   0.250000E-03
 103   0.689795E-03   0.325014E-03   0.376440E-01   0.892945E-03   0.250000E-03
 104   0.622317E-03   0.113434E-02   0.385400E-01   0.295562E-03   0.300000E-03
 105  -0.741228E-03   0.253189E-03   0.405672E-01   0.244436E-03   0.250000E-03
 106   0.112889E-02   0.596148E-03   0.431884E-01   0.297492E-03   0.300000E-03
 107  -0.159125E-03  -0.313476E-03   0.440877E-01   0.748829E-02   0.350000E-03
 108   0.183395E-02   0.397888E-03   0.349205E-01   0.748471E-02   0.450000E-03
 109  -0.963559E-03  -0.136637E-02   0.239215E-03   0.616340E-03   0.250000E-03
 110  -0.109073E-02  -0.700528E-03   0.558864E-03   0.237795E-03   0.250000E-03
 111  -0.973393E-03   0.451956E-03   0.186323E-02   0.398847E-03   0.400000E-03
 112   0.161933E-02   0.106332E-02   0.319437E-02   0.923102E-03   0.350000E-03
 113   0.876283E-03  -0.799242E-04   0.591345E-02   0.111633E-02   0.400000E-03
 114  -0.122659E-03  -0.149956E-02   0.713291E-02   0.153877E-02   0.200000E-03
 115   0.102858E-02  -0.147500E-03   0.849657E-02   0.156819E-02   0.350000E-03
 116   0.112718E-02  -0.693795E-03   0.984547E-02   0.133110E-02   0.350000E-03
 117   0.164238E-03   0.668908E-03   0.113435E-01   0.743921E-03   0.350000E-03
 118   0.840821E-03  -0.515023E-03   0.123982E-01   0.290650E-03   0.300000E-03
 119  -0.210748E-03  -0.942540E-04   0.142609E-01   0.784094E-03   0.300000E-03
 120   0.127232E-03  -0.186416E-04   0.150820E-01   0.583125E-03   0.300000E-03
 121   0.696686E-03  -0.889216E-03   0.167017E-01   0.138564E-02   0.200000E-03
 122   0.483430E-03  -0.102931E-02   0.181532E-01   0.942160E-03   0.450000E-03
 123   0.594704E-03  -0.992804E-03   0.185902E-01   0.141759E-02   0.200000E-03
 124  -0.136721E-03  -0.272899E-03   0.196851E-01   0.127228E-02   0.300000E-03
 125   0.832584E-03  -0.121674E-03   0.208914E-01   0.775252E-03   0.250000E-03
 126   0.102496E-02   0.721466E-03   0.209339E-01   0.131835E-02   0.300000E-03
 127   0.611697E-03   0.243971E-04   0.227259E-01   0.120719E-02   0.250000E-03
 128   0.665472E-03   0.535951E-03   0.230811E-01   0.162030E-02   0.300000E-03
 129   0.127341E-02   0.946721E-03   0.236242E-01   0.169386E-02   0.250000E-03
 130   0.924112E-03  -0.292672E-03   0.257443E-01   0.722519E-03   0.300000E-03
 131   0.439347E-03  -0.130249E-03   0.263609E-01   0.394811E-03   0.400000E-03
 132   0.685345E-03  -0.779933E-04   0.275374E-01   0.147553E-02   0.200000E-03
 133   0.118126E-02  -0.697725E-03   0.288175E-01   0.936594E-03   0.400000E-03
 134  -0.691166E-03  -0.119219E-03   0.311699E-01   0.109029E-02   0.400000E-03
 135   0.169151E-02  -0.302712E-03   0.320161E-01   0.103026E-02   0.450000E-03
 136   0.172858E-02  -0.182270E-03   0.340243E-01   0.440270E-03   0.400000E-03
 137  -0.699782E-03  -0.135456E-02   0.372393E-01   0.767316E-03   0.100000E-03
 138   0.661422E-03   0.288159E-03   0.374037E-01   0.132662E-02   0.250000E-03
 139   0.644484E-03   0.128209E-03   0.381773E-01   0.766398E-03   0.300000E-03
 140  -0.399289E-03   0.580030E-03   0.396820E-01   0.266219E-03   0.250000E-03
 141   0.874471E-03  -0.976862E-04   0.414584E-01   0.248335E-03   0.250000E-03
 142  -0.485913E-03  -0.184084E-04   0.419038E-01   0.198072E-03   0.200000E-03
 143  -0.156738E-03  -0.204697E-05   0.438994E-01   0.632007E-02   0.250000E-03
 144   0.508889E-03   0.543366E-03   0.295401E-01   0.758489E-02   0.300000E-03
 145   0.390055E-03   0.700882E-03   0.295524E-03   0.334376E-02   0.300000E-03
 146  -0.120323E-02  -0.894527E-03   0.654229E-03   0.136947E-02   0.350000E-03
 147   0.191726E-02  -0.188647E-03   0.404341E-02   0.846922E-03   0.200000E-03
 148   0.226122E-03  -0.567101E-03   0.529824E-02   0.291514E-03   0.300000E-03
 149   0.355649E-03  -0.198219E-04   0.609928E-02   0.194181E-02   0.450000E-03
 150  -0.174116E-03  -0.108691E-02   0.752664E-02   0.148524E-02   0.200000E-03
 151   0.474172E-03   0.883000E-04   0.938953E-02   0.162071E-02   0.200000E-03
 152   0.534600E-03  -0.110219E-03   0.103863E-01   0.139836E-02   0.200000E-03
 153  -0.287497E-03  -0.919341E-03   0.111540E-01   0.136285E-02   0.300000E-03
 154   0.207202E-03   0.382962E-03   0.125857E-01   0.955725E-03   0.400000E-03
 155   0.767443E-03  -0.131502E-03   0.137725E-01   0.883899E-03   0.200000E-03
 156   0.327402E-04  -0.122923E-03   0.148024E-01   0.122423E-02   0.400000E-03
 157   0.250331E-03  -0.860355E-03   0.159404E-01   0.139192E-02   0.400000E-03
 158   0.657461E-03   0.293298E-03   0.173822E-01   0.184978E-02   0.350000E-03
 159   0.569236E-03   0.677684E-04   0.177815E-01   0.147343E-02   0.200000E-03
 160   0.107262E-02  -0.120070E-02   0.181991E-01   0.164058E-02   0.250000E-03
 161   0.617836E-05  -0.411401E-03   0.196021E-01   0.181159E-02   0.250000E-03
 162   0.551029E-03  -0.294409E-03   0.209429E-01   0.181486E-02   0.200000E-03
 163  -0.514284E-03  -0.306777E-03   0.221363E-01   0.109999E-02   0.350000E-03
 164   0.745225E-03   0.685197E-03   0.227488E-01   0.217626E-02   0.300000E-03
 165   0.159509E-02   0.566887E-05   0.248393E-01   0.157881E-02   0.250000E-03
 166   0.435949E-03  -0.573502E-03   0.256470E-01   0.156756E-02   0.250000E-03
 167  -0.170357E-03  -0.897578E-03   0.266355E-01   0.113614E-02   0.400000E-03
 168   0.131065E-02  -0.905427E-03   0.285886E-01   0.154278E-02   0.250000E-03
 169  -0.157403E-03  -0.736319E-03   0.302009E-01   0.171984E-02   0.200000E-03
 170  -0.493732E-03  -0.551240E-03   0.307937E-01   0.179132E-02   0.400000E-03
 171   0.383462E-02  -0.152659E-02   0.335148E-01   0.918484E-03   0.300000E-03
 172   0.159812E-02  -0.880622E-03   0.341840E-01   0.122368E-02   0.400000E-03
 173   0.154927E-02  -0.203249E-03   0.356528E-01   0.118540E-02   0.300000E-03
 174   0.912845E-03   0.660257E-03   0.368811E-01   0.104214E-02   0.350000E-03
 175   0.950660E-03   0.688719E-04   0.390260E-01   0.888523E-03   0.300000E-03
 176   0.281575E-03   0.364132E-03   0.400870E-01   0.990745E-03   0.200000E-03
 177  -0.101633E-02   0.956047E-04   0.406089E-01   0.786537E-03   0.300000E-03
 178  -0.933636E-03   0.399433E-03   0.443977E-01   0.143892E-02   0.200000E-03
 179  -0.618457E-03   0.138310E-03   0.427001E-01   0.196222E-03   0.200000E-03
 180   0.352720E-03  -0.322971E-03   0.400353E-01   0.753493E-02   0.300000E-03
 181  -0.111588E-02  -0.167173E-04   0.199028E-03   0.106400E-02   0.200000E-03
 182   0.693265E-03   0.312338E-02   0.136892E-02   0.216420E-02   0.200000E-03
 183   0.174923E-02   0.120128E-03   0.334501E-02   0.295347E-03   0.300000E-03
 184   0.850417E-03   0.663093E-03   0.532232E-02   0.160728E-02   0.350000E-03
 185   0.520329E-03  -0.557849E-04   0.624761E-02   0.262198E-02   0.250000E-03
 186   0.484973E-03   0.361138E-03   0.679011E-02   0.186023E-02   0.200000E-03
 187   0.943388E-03  -0.166798E-03   0.789953E-02   0.180806E-02   0.300000E-03
 188   0.579133E-03  -0.300325E-04   0.962404E-02   0.200439E-02   0.250000E-03
 189   0.542061E-03  -0.478145E-03   0.116871E-01   0.124507E-02   0.250000E-03
 190   0.254838E-03  -0.168351E-03   0.119510E-01   0.822208E-03   0.250000E-03
 191  -0.284277E-04   0.426611E-04   0.139938E-01   0.126354E-02   0.250000E-03
 192   0.644675E-03   0.908173E-04   0.142914E-01   0.183497E-02   0.400000E-03
 193  -0.352305E-03  -0.579684E-04   0.153136E-01   0.170248E-02   0.300000E-03
 194   0.622577E-03  -0.319704E-03   0.165098E-01   0.195022E-02   0.400000E-03
 195   0.795491E-03  -0.750645E-03   0.179409E-01   0.206856E-02   0.250000E-03
 196   0.518301E-03  -0.138405E-03   0.191386E-01   0.151249E-02   0.300000E-03
 197   0.124390E-02   0.794275E-03   0.199764E-01   0.227920E-02   0.350000E-03
 198   0.850890E-03  -0.549398E-03   0.206553E-01   0.222074E-02   0.300000E-03
 199   0.121261E-02   0.932082E-03   0.214966E-01   0.151131E-02   0.300000E-03
 200   0.135423E-02   0.124565E-02   0.222502E-01   0.215589E-02   0.200000E-03
 201   0.214371E-02   0.410067E-04   0.242902E-01   0.158240E-02   0.300000E-03
 202   0.906453E-03  -0.101416E-02   0.259924E-01   0.121234E-02   0.250000E-03
 203  -0.130376E-03   0.502691E-03   0.265595E-01   0.182650E-02   0.300000E-03
 204   0.117491E-02  -0.157809E-03   0.271025E-01   0.158336E-02   0.250000E-03
 205   0.927697E-04  -0.674031E-03   0.296164E-01   0.159770E-02   0.400000E-03
 206   0.182873E-02  -0.571695E-04   0.322396E-01   0.179600E-02   0.350000E-03
 207   0.190992E-02  -0.196699E-03   0.328717E-01   0.130309E-02   0.450000E-03
 208   0.158525E-02  -0.377664E-03   0.335823E-01   0.166714E-02   0.350000E-03
 209  -0.290105E-03  -0.308485E-03   0.362463E-01   0.126113E-02   0.300000E-03
 210   0.102640E-02   0.192538E-03   0.366516E-01   0.154097E-02   0.200000E-03
 211   0.105698E-02   0.308792E-03   0.370683E-01   0.169311E-02   0.250000E-03
 212   0.403207E-03  -0.463276E-04   0.400688E-01   0.592574E-03   0.200000E-03
 213   0.176138E-02  -0.741201E-03   0.411317E-01   0.623116E-03   0.250000E-03
 214  -0.109912E-02  -0.788252E-03   0.420805E-01   0.554992E-03   0.200000E-03
 215   0.289956E-02  -0.386030E-03   0.442856E-01   0.149794E-03   0.150000E-03
 216   0.840219E-03   0.248717E-04   0.216609E-01   0.889800E-02   0.400000E-03
 217   0.432391E-03  -0.132640E-02   0.141585E-01   0.930909E-02   0.350000E-03
 218   0.390060E-04   0.286853E-02   0.834956E-03   0.204053E-02   0.350000E-03
 219   0.123379E-02  -0.536565E-03   0.369333E-02   0.653426E-03   0.200000E-03
 220   0.207454E-03   0.317938E-03   0.454713E-02   0.129523E-02   0.400000E-03
 221   0.171597E-03  -0.461918E-04   0.532497E-02   0.219619E-02   0.250000E-03
 222  -0.102679E-03   0.122392E-03   0.730277E-02   0.205892E-02   0.350000E-03
 223   0.783302E-03  -0.373470E-04   0.902480E-02   0.201955E-02   0.350000E-03
 224   0.712682E-03   0.491062E-05   0.102178E-01   0.192167E-02   0.350000E-03
 225   0.257450E-03  -0.417820E-03   0.107225E-01   0.160698E-02   0.200000E-03
 226   0.757466E-03  -0.561889E-03   0.121667E-01   0.150864E-02   0.300000E-03
 227  -0.146578E-03  -0.126697E-03   0.130107E-01   0.144031E-02   0.250000E-03
 228   0.368641E-03  -0.160459E-03   0.148689E-01   0.176868E-02   0.150000E-03
 229   0.278637E-03  -0.139576E-03   0.158674E-01   0.203385E-02   0.250000E-03
 230   0.581437E-03  -0.148145E-03   0.175581E-01   0.247164E-02   0.300000E-03
 231   0.865647E-03  -0.496992E-03   0.183717E-01   0.228217E-02   0.200000E-03
 232   0.336939E-03   0.167719E-03   0.186866E-01   0.190246E-02   0.300000E-03
 233  -0.224518E-04  -0.101643E-03   0.192291E-01   0.234188E-02   0.400000E-03
 234   0.798251E-03  -0.235439E-03   0.213550E-01   0.209547E-02   0.300000E-03
 235   0.476129E-03   0.820037E-03   0.224357E-01   0.167173E-02   0.300000E-03
 236   0.102374E-02   0.571792E-03   0.233437E-01   0.215512E-02   0.300000E-03
 237   0.145249E-02   0.127657E-02   0.239927E-01   0.215997E-02   0.350000E-03
 238   0.518341E-03  -0.607053E-03   0.252459E-01   0.177007E-02   0.200000E-03
 239  -0.559686E-03  -0.109869E-02   0.267274E-01   0.234736E-02   0.250000E-03
 240   0.122672E-02  -0.804513E-03   0.290322E-01   0.149335E-02   0.200000E-03
 241   0.506467E-04  -0.756676E-03   0.302128E-01   0.226131E-02   0.350000E-03
 242   0.182050E-02  -0.321240E-03   0.315419E-01   0.174122E-02   0.350000E-03
 243   0.185485E-02  -0.425031E-03   0.329595E-01   0.224424E-02   0.500000E-03
 244  -0.638458E-03  -0.458900E-03   0.354544E-01   0.199313E-02   0.200000E-03
 245  -0.227934E-03  -0.369685E-03   0.349379E-01   0.181053E-02   0.350000E-03
 246   0.133793E-02   0.494606E-03   0.365980E-01   0.213507E-02   0.400000E-03
 247   0.123670E-02   0.249289E-03   0.379969E-01   0.138935E-02   0.350000E-03
 248  -0.241290E-03   0.234520E-03   0.396204E-01   0.812471E-03   0.300000E-03
 249   0.123449E-04  -0.150125E-02   0.416481E-01   0.798366E-03   0.300000E-03
 250   0.512199E-03   0.487133E-03   0.437349E-01   0.243385E-03   0.250000E-03
 251  -0.266614E-03  -0.838649E-04   0.446055E-01   0.297642E-02   0.400000E-03
 252   0.221972E-02  -0.142179E-03   0.337216E-01   0.774218E-02   0.350000E-03
 253   0.103512E-03  -0.355942E-04   0.214330E-02   0.740769E-02   0.350000E-03
 254   0.185316E-03  -0.170463E-02   0.137341E-02   0.961649E-03   0.350000E-03
 255  -0.656492E-03   0.406360E-03   0.225942E-02   0.975795E-03   0.300000E-03
 256   0.194914E-03   0.619846E-03   0.477476E-02   0.195664E-02   0.300000E-03
 257   0.347132E-03  -0.100188E-03   0.672573E-02   0.235554E-02   0.300000E-03
 258   0.866915E-03  -0.756912E-04   0.836812E-02   0.225444E-02   0.350000E-03
 259   0.639538E-03   0.654920E-04   0.907238E-02   0.281388E-02   0.450000E-03
 260   0.677963E-03   0.212137E-04   0.989226E-02   0.259612E-02   0.400000E-03
 261   0.273068E-03  -0.236942E-03   0.116471E-01   0.179860E-02   0.300000E-03
 262   0.899891E-03   0.278757E-03   0.121882E-01   0.215739E-02   0.350000E-03
 263   0.415732E-03   0.386456E-04   0.135595E-01   0.167633E-02   0.350000E-03
 264   0.841811E-03   0.554894E-04   0.148709E-01   0.221715E-02   0.300000E-03
 265  -0.875806E-03  -0.228846E-03   0.166298E-01   0.253801E-02   0.200000E-03
 266   0.873809E-03  -0.133880E-03   0.170287E-01   0.233033E-02   0.250000E-03
 267   0.100755E-02  -0.198729E-03   0.171344E-01   0.281565E-02   0.250000E-03
 268   0.111538E-02  -0.390898E-03   0.186503E-01   0.263303E-02   0.250000E-03
 269   0.103223E-02   0.147955E-03   0.191018E-01   0.297921E-02   0.250000E-03
 270   0.117370E-02   0.987380E-03   0.196987E-01   0.292032E-02   0.350000E-03
 271   0.104253E-02   0.583747E-03   0.219195E-01   0.185316E-02   0.250000E-03
 272   0.118380E-02   0.156345E-04   0.223521E-01   0.274500E-02   0.400000E-03
 273   0.144103E-02   0.584645E-03   0.235864E-01   0.279751E-02   0.400000E-03
 274   0.691878E-03   0.919205E-03   0.257913E-01   0.203803E-02   0.250000E-03
 275  -0.176929E-03   0.498494E-03   0.262341E-01   0.226602E-02   0.250000E-03
 276   0.762788E-03  -0.749193E-03   0.274830E-01   0.197220E-02   0.300000E-03
 277   0.545398E-03  -0.216841E-02   0.294455E-01   0.216970E-02   0.200000E-03
 278   0.182514E-02  -0.656707E-04   0.318660E-01   0.238642E-02   0.350000E-03
 279   0.173910E-02  -0.288173E-03   0.323702E-01   0.270306E-02   0.250000E-03
 280   0.179382E-02  -0.737489E-03   0.342985E-01   0.191392E-02   0.300000E-03
 281   0.853823E-03  -0.144485E-02   0.358804E-01   0.173387E-02   0.300000E-03
 282   0.594585E-03  -0.215617E-03   0.375490E-01   0.180170E-02   0.250000E-03
 283   0.187519E-02   0.778975E-03   0.384991E-01   0.161356E-02   0.200000E-03
 284   0.103999E-02   0.364670E-03   0.385524E-01   0.116681E-02   0.250000E-03
 285   0.163220E-02  -0.532664E-03   0.410967E-01   0.121756E-02   0.350000E-03
 286   0.132164E-02  -0.635713E-03   0.432214E-01   0.893908E-03   0.300000E-03
 287   0.567166E-03   0.247918E-03   0.428445E-01   0.121902E-02   0.200000E-03
 288   0.455579E-03  -0.439508E-04   0.592500E-02   0.796326E-02   0.350000E-03
 289   0.477485E-03   0.122432E-02   0.246725E-03   0.230178E-02   0.250000E-03
 290   0.239282E-02   0.836766E-03   0.183809E-02   0.140310E-02   0.300000E-03
 291   0.912257E-03   0.253522E-03   0.248944E-02   0.163707E-02   0.400000E-03
 292   0.147816E-02   0.166332E-03   0.311838E-02   0.151558E-02   0.250000E-03
 293   0.464266E-03  -0.475675E-03   0.570240E-02   0.258394E-02   0.300000E-03
 294   0.970453E-03   0.241550E-03   0.824152E-02   0.298629E-02   0.400000E-03
 295   0.674718E-03  -0.110319E-03   0.970276E-02   0.337933E-02   0.400000E-03
 296  -0.119278E-03  -0.296399E-03   0.111111E-01   0.190824E-02   0.250000E-03
 297  -0.670963E-04  -0.204606E-03   0.107151E-01   0.195255E-02   0.150000E-03
 298   0.418865E-03  -0.536356E-03   0.126325E-01   0.168328E-02   0.200000E-03
 299   0.538206E-03   0.124701E-03   0.138769E-01   0.233030E-02   0.250000E-03
 300   0.748931E-03   0.412059E-03   0.149198E-01   0.271053E-02   0.200000E-03
 301   0.338046E-03  -0.573600E-04   0.154430E-01   0.237026E-02   0.300000E-03
 302   0.932846E-03   0.369284E-03   0.170712E-01   0.335746E-02   0.300000E-03
 303   0.703043E-03  -0.229539E-03   0.180499E-01   0.251001E-02   0.200000E-03
 304   0.557517E-03  -0.851966E-04   0.182398E-01   0.291534E-02   0.250000E-03
 305   0.128328E-02   0.734588E-03   0.193968E-01   0.331660E-02   0.150000E-03
 306   0.921573E-03  -0.281766E-04   0.204171E-01   0.282046E-02   0.350000E-03
 307   0.121296E-02  -0.664923E-04   0.218415E-01   0.234572E-02   0.250000E-03
 308   0.119096E-02  -0.243614E-03   0.227635E-01   0.336661E-02   0.350000E-03
 309   0.255835E-03  -0.146984E-03   0.245605E-01   0.263915E-02   0.400000E-03
 310   0.386527E-03   0.106621E-03   0.251488E-01   0.226011E-02   0.300000E-03
 311   0.411255E-03  -0.638183E-03   0.272767E-01   0.258295E-02   0.350000E-03
 312   0.197064E-02  -0.114076E-02   0.281277E-01   0.192007E-02   0.350000E-03
 313   0.126766E-02  -0.133475E-02   0.296880E-01   0.254260E-02   0.250000E-03
 314  -0.287611E-03  -0.267864E-03   0.312224E-01   0.234173E-02   0.300000E-03
 315   0.169437E-02  -0.588762E-03   0.334450E-01   0.287219E-02   0.300000E-03
 316   0.161796E-02  -0.470373E-03   0.338034E-01   0.233313E-02   0.350000E-03
 317   0.222792E-03   0.606075E-03   0.350740E-01   0.254691E-02   0.400000E-03
 318   0.731377E-03   0.544768E-03   0.358600E-01   0.243048E-02   0.400000E-03
 319   0.613337E-03   0.188478E-04   0.389709E-01   0.143541E-02   0.250000E-03
 320   0.101730E-02  -0.100902E-02   0.398352E-01   0.142232E-02   0.300000E-03
 321  -0.560961E-03  -0.813147E-03   0.404285E-01   0.135206E-02   0.300000E-03
 322  -0.398427E-03  -0.777694E-03   0.425943E-01   0.732892E-03   0.350000E-03
 323   0.471920E-03   0.982841E-03   0.439634E-01   0.211399E-02   0.350000E-03
 324   0.588912E-03  -0.281973E-03   0.396181E-01   0.717654E-02   0.250000E-03
 325   0.362024E-03  -0.119953E-03   0.152673E-02   0.761317E-02   0.300000E-03
 326  -0.565691E-03   0.243011E-03   0.122829E-02   0.154345E-02   0.250000E-03
 327   0.391962E-03   0.922524E-03   0.198736E-02   0.219175E-02   0.350000E-03
 328   0.132703E-03  -0.149535E-03   0.379313E-02   0.166443E-02   0.450000E-03
 329   0.244419E-03  -0.126047E-03   0.660477E-02   0.315110E-02   0.400000E-03
 330   0.268676E-03  -0.246106E-03   0.724007E-02   0.275289E-02   0.350000E-03
 331  -0.242965E-03  -0.150861E-03   0.778876E-02   0.241025E-02   0.250000E-03
 332   0.907412E-04   0.181325E-03   0.108146E-01   0.253843E-02   0.450000E-03
 333   0.220201E-03   0.501506E-04   0.115494E-01   0.238967E-02   0.300000E-03
 334   0.130906E-03  -0.575517E-03   0.130009E-01   0.193773E-02   0.250000E-03
 335   0.404093E-03   0.668902E-04   0.133875E-01   0.225037E-02   0.250000E-03
 336  -0.620498E-03   0.135094E-03   0.143774E-01   0.255802E-02   0.300000E-03
 337   0.450993E-03   0.756379E-03   0.161105E-01   0.252521E-02   0.300000E-03
 338   0.569364E-03   0.727461E-03   0.166861E-01   0.374149E-02   0.250000E-03
 339   0.919658E-03   0.542414E-04   0.176727E-01   0.311120E-02   0.350000E-03
 340   0.154662E-02   0.499577E-03   0.190009E-01   0.352799E-02   0.300000E-03
 341   0.853581E-03   0.171545E-03   0.201337E-01   0.339965E-02   0.300000E-03
 342   0.936033E-03   0.106438E-03   0.206272E-01   0.332748E-02   0.200000E-03
 343   0.118904E-02  -0.212157E-03   0.216628E-01   0.286452E-02   0.300000E-03
 344   0.145530E-02  -0.604918E-03   0.238834E-01   0.336099E-02   0.250000E-03
 345   0.523790E-03  -0.148408E-04   0.251587E-01   0.299747E-02   0.300000E-03
 346   0.109533E-02  -0.442485E-03   0.256859E-01   0.262607E-02   0.350000E-03
 347  -0.918245E-03  -0.933066E-03   0.263832E-01   0.289655E-02   0.400000E-03
 348   0.129832E-02  -0.175462E-02   0.289818E-01   0.198787E-02   0.300000E-03
 349  -0.231602E-03   0.657734E-03   0.301023E-01   0.284627E-02   0.250000E-03
 350   0.150045E-02   0.164063E-03   0.320776E-01   0.316598E-02   0.300000E-03
 351   0.195380E-02  -0.323239E-03   0.328313E-01   0.308159E-02   0.350000E-03
 352   0.171399E-02  -0.268205E-03   0.345033E-01   0.309997E-02   0.400000E-03
 353   0.675361E-03   0.541572E-03   0.358975E-01   0.302462E-02   0.200000E-03
 354   0.261379E-03   0.147113E-03   0.372445E-01   0.219758E-02   0.250000E-03
 355   0.954280E-03   0.190476E-03   0.380415E-01   0.203601E-02   0.300000E-03
 356   0.272133E-03  -0.122268E-03   0.393790E-01   0.162067E-02   0.200000E-03
 357   0.715416E-03   0.975285E-03   0.408194E-01   0.180031E-02   0.300000E-03
 358   0.584825E-04  -0.924429E-03   0.416791E-01   0.134472E-02   0.250000E-03
 359  -0.306760E-03   0.339582E-03   0.442636E-01   0.531079E-02   0.250000E-03
 360   0.102885E-03  -0.112568E-02   0.448001E-01   0.418318E-02   0.200000E-03
 361   0.218753E-03   0.880381E-03   0.688521E-03   0.277179E-02   0.400000E-03
 362   0.289679E-03   0.834906E-03   0.148686E-02   0.274865E-02   0.400000E-03
 363   0.102329E-02   0.400108E-03   0.310308E-02   0.201521E-02   0.250000E-03
 364  -0.438515E-04   0.197844E-03   0.490737E-02   0.254599E-02   0.300000E-03
 365   0.598605E-03  -0.367022E-03   0.590575E-02   0.314631E-02   0.300000E-03
 366   0.463058E-03  -0.459482E-03   0.617302E-02   0.369855E-02   0.300000E-03
 367   0.711123E-03   0.118045E-03   0.871596E-02   0.335292E-02   0.200000E-03
 368   0.369388E-03  -0.193213E-03   0.103514E-01   0.312163E-02   0.300000E-03
 369   0.180092E-03  -0.797213E-04   0.118746E-01   0.295172E-02   0.350000E-03
 370   0.154803E-03  -0.226949E-03   0.128182E-01   0.255924E-02   0.400000E-03
 371   0.618471E-03  -0.845692E-04   0.137476E-01   0.286115E-02   0.300000E-03
 372   0.334797E-03  -0.739396E-04   0.150491E-01   0.329195E-02   0.400000E-03
 373   0.529948E-03   0.256370E-04   0.156592E-01   0.292241E-02   0.300000E-03
 374   0.885869E-03   0.153271E-02   0.163993E-01   0.316094E-02   0.400000E-03
 375   0.905569E-03   0.438954E-03   0.175418E-01   0.393456E-02   0.450000E-03
 376   0.115224E-02   0.133455E-03   0.186639E-01   0.308155E-02   0.200000E-03
 377   0.994122E-03   0.558975E-04   0.196032E-01   0.377135E-02   0.350000E-03
 378   0.937193E-03  -0.517780E-03   0.210904E-01   0.263373E-02   0.300000E-03
 379   0.910707E-03   0.557944E-04   0.211745E-01   0.329241E-02   0.350000E-03
 380   0.125791E-02  -0.194827E-03   0.220130E-01   0.341133E-02   0.350000E-03
 381   0.564102E-04  -0.462645E-03   0.244760E-01   0.338190E-02   0.350000E-03
 382   0.492943E-03   0.379405E-03   0.267501E-01   0.348350E-02   0.300000E-03
 383   0.883600E-03  -0.200248E-03   0.278639E-01   0.245864E-02   0.250000E-03
 384   0.169211E-02  -0.160298E-02   0.285558E-01   0.240246E-02   0.300000E-03
 385  -0.213407E-03  -0.480911E-03   0.291386E-01   0.256699E-02   0.300000E-03
 386  -0.289943E-03  -0.251731E-03   0.307169E-01   0.266157E-02   0.300000E-03
 387   0.149912E-02  -0.977759E-04   0.324757E-01   0.367634E-02   0.350000E-03
 388   0.157462E-02  -0.201566E-03   0.354275E-01   0.346195E-02   0.450000E-03
 389   0.698819E-03   0.290760E-03   0.360728E-01   0.338080E-02   0.200000E-03
 390   0.111857E-02   0.555397E-03   0.364860E-01   0.292354E-02   0.400000E-03
 391   0.132422E-02   0.129209E-03   0.376893E-01   0.251947E-02   0.300000E-03
 392   0.636423E-03   0.418303E-03   0.390521E-01   0.192797E-02   0.250000E-03
 393   0.438344E-03   0.758238E-03   0.396204E-01   0.211461E-02   0.350000E-03
 394  -0.750218E-03  -0.646993E-03   0.422223E-01   0.126512E-02   0.300000E-03
 395   0.236715E-03   0.317350E-03   0.439020E-01   0.146919E-02   0.300000E-03
 396   0.151587E-04   0.859083E-03   0.444177E-01   0.241399E-02   0.200000E-03
 397  -0.102355E-03  -0.102486E-03   0.973413E-03   0.351549E-02   0.400000E-03
 398   0.190170E-03  -0.178797E-03   0.264463E-02   0.231942E-02   0.300000E-03
 399  -0.255076E-03   0.914245E-04   0.353087E-02   0.236067E-02   0.300000E-03
 400   0.226123E-03   0.214705E-03   0.422838E-02   0.239342E-02   0.400000E-03
 401   0.219248E-03  -0.285128E-03   0.574576E-02   0.395548E-02   0.200000E-03
 402   0.599308E-04  -0.269180E-03   0.728870E-02   0.344822E-02   0.350000E-03
 403   0.757467E-03  -0.958466E-04   0.853551E-02   0.376123E-02   0.250000E-03
 404   0.117508E-04   0.135806E-04   0.907969E-02   0.369550E-02   0.300000E-03
 405   0.933954E-04   0.668194E-04   0.119789E-01   0.351308E-02   0.200000E-03
 406  -0.390117E-04   0.226607E-04   0.125377E-01   0.330158E-02   0.400000E-03
 407   0.237595E-03   0.906564E-04   0.132158E-01   0.313398E-02   0.300000E-03
 408   0.564296E-03  -0.185789E-03   0.142521E-01   0.334469E-02   0.400000E-03
 409   0.370784E-03  -0.309338E-04   0.157469E-01   0.355964E-02   0.350000E-03
 410   0.801057E-03   0.625507E-03   0.162109E-01   0.400949E-02   0.300000E-03
 411   0.314306E-03   0.691249E-03   0.167438E-01   0.428348E-02   0.300000E-03
 412   0.844036E-03   0.487928E-03   0.183030E-01   0.355954E-02   0.400000E-03
 413   0.526949E-03   0.245360E-03   0.202841E-01   0.397642E-02   0.300000E-03
 414   0.897238E-03  -0.535698E-03   0.207847E-01   0.374866E-02   0.250000E-03
 415   0.690494E-03   0.475121E-03   0.208398E-01   0.439626E-02   0.400000E-03
 416   0.117640E-02  -0.388912E-03   0.224284E-01   0.403446E-02   0.400000E-03
 417   0.110227E-02  -0.283532E-03   0.233782E-01   0.356903E-02   0.300000E-03
 418   0.666132E-03  -0.724887E-05   0.251173E-01   0.364333E-02   0.350000E-03
 419   0.788675E-03  -0.364624E-03   0.277769E-01   0.306651E-02   0.350000E-03
 420   0.117841E-02  -0.180127E-03   0.283495E-01   0.290475E-02   0.250000E-03
 421   0.111324E-02  -0.793402E-04   0.295768E-01   0.312652E-02   0.350000E-03
 422   0.322731E-03   0.112510E-03   0.313337E-01   0.308345E-02   0.450000E-03
 423   0.198616E-02  -0.416689E-03   0.338191E-01   0.339470E-02   0.350000E-03
 424   0.179432E-02  -0.167409E-03   0.347410E-01   0.375674E-02   0.300000E-03
 425   0.102956E-02   0.391862E-03   0.369969E-01   0.339611E-02   0.300000E-03
 426   0.972628E-03   0.407499E-03   0.371774E-01   0.282459E-02   0.300000E-03
 427   0.990492E-03   0.282272E-03   0.380405E-01   0.312807E-02   0.300000E-03
 428   0.115601E-02   0.632055E-04   0.385844E-01   0.209705E-02   0.250000E-03
 429  -0.141663E-02   0.152676E-02   0.402340E-01   0.191416E-02   0.300000E-03
 430   0.619537E-03   0.537146E-03   0.419409E-01   0.187917E-02   0.350000E-03
 431   0.332456E-03   0.327078E-03   0.426813E-01   0.179271E-02   0.400000E-03
 432   0.132912E-02   0.274286E-03   0.433055E-01   0.148266E-02   0.300000E-03
 433   0.147245E-03  -0.192510E-03   0.348435E-03   0.398925E-02   0.350000E-03
 434   0.146602E-02   0.185197E-02   0.157836E-02   0.182554E-02   0.200000E-03
 435   0.145932E-03  -0.371114E-03   0.315490E-02   0.288302E-02   0.350000E-03
 436  -0.108468E-03   0.100661E-03   0.528752E-02   0.294004E-02   0.250000E-03
 437   0.265832E-03  -0.257040E-03   0.564851E-02   0.357087E-02   0.200000E-03
 438   0.471843E-03  -0.290529E-03   0.676369E-02   0.383046E-02   0.300000E-03
 439   0.960176E-03  -0.690074E-04   0.794461E-02   0.367049E-02   0.350000E-03
 440   0.922721E-04   0.140377E-03   0.108907E-01   0.377093E-02   0.200000E-03
 441   0.336357E-04  -0.127077E-03   0.109305E-01   0.327556E-02   0.300000E-03
 442   0.283454E-03  -0.618120E-03   0.130985E-01   0.372104E-02   0.300000E-03
 443   0.133020E-03  -0.895335E-04   0.136222E-01   0.350419E-02   0.250000E-03
 444   0.263343E-03   0.616682E-04   0.152395E-01   0.396215E-02   0.300000E-03
 445   0.644666E-03   0.457247E-03   0.156973E-01   0.448382E-02   0.400000E-03
 446   0.584861E-03   0.459068E-03   0.162959E-01   0.449728E-02   0.200000E-03
 447   0.771891E-03   0.713126E-03   0.172382E-01   0.461751E-02   0.300000E-03
 448   0.752629E-03   0.290431E-03   0.183342E-01   0.445596E-02   0.500000E-03
 449   0.799033E-03   0.145248E-03   0.192278E-01   0.441824E-02   0.400000E-03
 450   0.539152E-03   0.255486E-03   0.199224E-01   0.445234E-02   0.300000E-03
 451   0.968238E-03   0.151578E-03   0.215101E-01   0.396225E-02   0.400000E-03
 452   0.106492E-02  -0.101808E-03   0.219241E-01   0.458506E-02   0.350000E-03
 453   0.105182E-02  -0.337201E-04   0.240276E-01   0.393841E-02   0.350000E-03
 454   0.961186E-03   0.235931E-03   0.257393E-01   0.332343E-02   0.350000E-03
 455   0.975752E-03  -0.881978E-03   0.269665E-01   0.303477E-02   0.200000E-03
 456   0.138093E-02  -0.114259E-03   0.288821E-01   0.317070E-02   0.350000E-03
 457  -0.162517E-03   0.176610E-03   0.305000E-01   0.321902E-02   0.300000E-03
 458  -0.413104E-03  -0.192944E-04   0.307130E-01   0.382250E-02   0.350000E-03
 459   0.136963E-02   0.156930E-03   0.317847E-01   0.375035E-02   0.350000E-03
 460   0.186349E-02  -0.392697E-03   0.342029E-01   0.385441E-02   0.250000E-03
 461   0.115716E-02   0.421337E-03   0.364769E-01   0.357149E-02   0.250000E-03
 462   0.670405E-03  -0.358611E-03   0.376581E-01   0.428015E-02   0.300000E-03
 463   0.101086E-02   0.349874E-04   0.382828E-01   0.258182E-02   0.300000E-03
 464   0.115913E-02   0.125169E-03   0.390225E-01   0.263856E-02   0.450000E-03
 465   0.571284E-03   0.655815E-03   0.407105E-01   0.238690E-02   0.300000E-03
 466   0.396283E-03   0.508712E-03   0.411740E-01   0.257058E-02   0.200000E-03
 467   0.980348E-03   0.438285E-03   0.435663E-01   0.256138E-02   0.250000E-03
 468  -0.457976E-03   0.502130E-03   0.435805E-01   0.383470E-02   0.350000E-03
 469  -0.895059E-05  -0.445298E-03   0.105555E-02   0.435898E-02   0.450000E-03
 470   0.112355E-03   0.296570E-03   0.218363E-02   0.280994E-02   0.300000E-03
 471   0.476652E-03  -0.262713E-03   0.386989E-02   0.310642E-02   0.400000E-03
 472   0.149351E-03  -0.195586E-03   0.456569E-02   0.303702E-02   0.300000E-03
 473   0.722610E-04  -0.287658E-03   0.505031E-02   0.354098E-02   0.400000E-03
 474  -0.104012E-04   0.134803E-03   0.745660E-02   0.401705E-02   0.250000E-03
 475   0.927828E-03  -0.796072E-04   0.810989E-02   0.434892E-02   0.350000E-03
 476   0.569612E-03   0.365901E-03   0.955499E-02   0.405980E-02   0.300000E-03
 477   0.402637E-03  -0.814150E-04   0.113249E-01   0.294034E-02   0.200000E-03
 478   0.109603E-03   0.961867E-04   0.122529E-01   0.398914E-02   0.350000E-03
 479   0.523936E-03  -0.312364E-03   0.142109E-01   0.399117E-02   0.250000E-03
 480   0.301314E-03  -0.157251E-03   0.146845E-01   0.382982E-02   0.250000E-03
 481  -0.258259E-03   0.377917E-03   0.148176E-01   0.431273E-02   0.250000E-03
 482   0.694512E-03   0.618462E-03   0.162866E-01   0.509142E-02   0.400000E-03
 483   0.768577E-03   0.766792E-03   0.169828E-01   0.515938E-02   0.300000E-03
 484   0.822794E-03   0.268502E-03   0.186136E-01   0.520219E-02   0.300000E-03
 485   0.538726E-03  -0.148896E-03   0.196153E-01   0.505888E-02   0.350000E-03
 486   0.694052E-03   0.522016E-03   0.202715E-01   0.493822E-02   0.300000E-03
 487   0.716185E-03   0.220250E-03   0.213341E-01   0.495648E-02   0.350000E-03
 488   0.108676E-02   0.361219E-03   0.218552E-01   0.512960E-02   0.200000E-03
 489   0.677320E-03  -0.387041E-04   0.246253E-01   0.398358E-02   0.250000E-03
 490   0.296520E-03   0.639478E-04   0.272858E-01   0.339541E-02   0.250000E-03
 491   0.997123E-03   0.334439E-04   0.282983E-01   0.345268E-02   0.300000E-03
 492   0.132824E-02  -0.834415E-03   0.292781E-01   0.380564E-02   0.400000E-03
 493   0.989335E-03  -0.601134E-03   0.300301E-01   0.359192E-02   0.300000E-03
 494   0.210047E-03   0.593015E-04   0.312451E-01   0.372413E-02   0.200000E-03
 495   0.128101E-02  -0.186247E-03   0.328921E-01   0.402946E-02   0.200000E-03
 496   0.102428E-02  -0.517001E-03   0.359495E-01   0.419860E-02   0.350000E-03
 497   0.658673E-03   0.569917E-03   0.361103E-01   0.372728E-02   0.150000E-03
 498   0.868265E-03  -0.318517E-04   0.373696E-01   0.381242E-02   0.250000E-03
 499   0.653373E-03   0.346017E-03   0.375395E-01   0.334327E-02   0.250000E-03
 500   0.722983E-03  -0.705630E-03   0.394033E-01   0.310160E-02   0.150000E-03
 501  -0.154542E-02   0.932366E-03   0.401668E-01   0.245848E-02   0.250000E-03
 502   0.299622E-03   0.753299E-03   0.413336E-01   0.210138E-02   0.300000E-03
 503   0.618852E-03   0.517406E-03   0.429718E-01   0.263013E-02   0.350000E-03
 504   0.137808E-02   0.981873E-03   0.433161E-01   0.207904E-02   0.300000E-03
 505  -0.427224E-03  -0.226882E-03   0.165198E-02   0.382701E-02   0.350000E-03
 506  -0.490910E-03  -0.237926E-03   0.186902E-02   0.326888E-02   0.250000E-03
 507   0.361231E-03  -0.260656E-03   0.332604E-02   0.346131E-02   0.250000E-03
 508   0.346579E-03  -0.417304E-03   0.435558E-02   0.360827E-02   0.300000E-03
 509   0.445375E-03  -0.182079E-05   0.609197E-02   0.424177E-02   0.250000E-03
 510   0.305115E-03   0.123183E-03   0.749663E-02   0.455755E-02   0.300000E-03
 511   0.848700E-03   0.183217E-03   0.878177E-02   0.425126E-02   0.300000E-03
 512   0.449244E-03   0.145088E-03   0.103428E-01   0.376753E-02   0.350000E-03
 513   0.496960E-03   0.158571E-03   0.114822E-01   0.350117E-02   0.300000E-03
 514   0.109502E-03   0.341486E-04   0.128865E-01   0.438750E-02   0.400000E-03
 515   0.400166E-03  -0.492772E-03   0.136220E-01   0.410596E-02   0.350000E-03
 516   0.435786E-03   0.143961E-04   0.142858E-01   0.458442E-02   0.350000E-03
 517  -0.927439E-04   0.509882E-03   0.151502E-01   0.453389E-02   0.150000E-03
 518   0.651364E-03   0.260986E-03   0.155047E-01   0.525394E-02   0.400000E-03
 519   0.631846E-03   0.604183E-03   0.177214E-01   0.504102E-02   0.350000E-03
 520   0.889624E-03   0.204335E-03   0.191336E-01   0.549571E-02   0.300000E-03
 521   0.838113E-03   0.210568E-03   0.201124E-01   0.561901E-02   0.400000E-03
 522   0.698288E-03   0.453747E-03   0.207056E-01   0.527195E-02   0.250000E-03
 523   0.116693E-02   0.282563E-03   0.218343E-01   0.557779E-02   0.250000E-03
 524   0.121985E-02  -0.394601E-03   0.231234E-01   0.410965E-02   0.300000E-03
 525   0.564360E-03  -0.566260E-04   0.251650E-01   0.438993E-02   0.400000E-03
 526   0.549944E-03   0.233106E-04   0.256301E-01   0.393920E-02   0.250000E-03
 527   0.993918E-03  -0.681215E-03   0.277594E-01   0.371619E-02   0.300000E-03
 528   0.111398E-02   0.158195E-03   0.291504E-01   0.454423E-02   0.350000E-03
 529   0.511524E-03  -0.162677E-02   0.304956E-01   0.442607E-02   0.300000E-03
 530   0.926626E-03  -0.378127E-04   0.321686E-01   0.407067E-02   0.150000E-03
 531   0.175652E-02  -0.207327E-03   0.330550E-01   0.358271E-02   0.200000E-03
 532   0.157394E-02  -0.489092E-03   0.352051E-01   0.428052E-02   0.400000E-03
 533   0.890803E-03   0.391468E-03   0.368446E-01   0.397502E-02   0.300000E-03
 534   0.110660E-02  -0.737265E-04   0.382429E-01   0.443061E-02   0.300000E-03
 535   0.375566E-03   0.207829E-03   0.379195E-01   0.374030E-02   0.300000E-03
 536   0.848838E-03   0.333336E-03   0.386904E-01   0.313572E-02   0.150000E-03
 537  -0.408086E-03   0.205734E-02   0.404446E-01   0.274387E-02   0.150000E-03
 538   0.460717E-03   0.478193E-03   0.417722E-01   0.250547E-02   0.300000E-03
 539   0.520864E-03   0.451645E-03   0.423616E-01   0.241084E-02   0.300000E-03
 540   0.756223E-03   0.312480E-03   0.439707E-01   0.284649E-02   0.250000E-03
 541   0.283572E-03  -0.573681E-03   0.474424E-02   0.851450E-02   0.300000E-03
 542  -0.506852E-04  -0.126221E-03   0.257796E-02   0.350262E-02   0.500000E-03
 543   0.625571E-03  -0.615894E-03   0.376215E-02   0.379644E-02   0.300000E-03
 544   0.154064E-03   0.115252E-03   0.419724E-02   0.413287E-02   0.250000E-03
 545   0.121388E-03  -0.266242E-03   0.532987E-02   0.412447E-02   0.250000E-03
 546   0.944160E-03  -0.102256E-03   0.859547E-02   0.497721E-02   0.450000E-03
 547   0.694300E-03   0.645508E-04   0.927630E-02   0.458937E-02   0.300000E-03
 548  -0.160501E-03  -0.107021E-02   0.977933E-02   0.450325E-02   0.200000E-03
 549  -0.248325E-04   0.103088E-03   0.110843E-01   0.433558E-02   0.400000E-03
 550   0.411549E-03  -0.946066E-04   0.116541E-01   0.402301E-02   0.250000E-03
 551   0.293234E-03   0.287405E-03   0.135541E-01   0.490649E-02   0.450000E-03
 552   0.634522E-03   0.332968E-03   0.142598E-01   0.528148E-02   0.350000E-03
 553   0.128231E-03  -0.142665E-03   0.148572E-01   0.481104E-02   0.250000E-03
 554   0.589220E-03   0.195867E-03   0.151074E-01   0.576238E-02   0.250000E-03
 555   0.772653E-03   0.519006E-03   0.160345E-01   0.584899E-02   0.400000E-03
 556   0.397940E-03   0.508741E-03   0.181253E-01   0.554669E-02   0.300000E-03
 557   0.838886E-03   0.265129E-03   0.188648E-01   0.483042E-02   0.150000E-03
 558   0.807177E-03   0.518488E-03   0.211994E-01   0.569159E-02   0.400000E-03
 559   0.936833E-03  -0.257210E-03   0.225998E-01   0.466111E-02   0.250000E-03
 560   0.103003E-02   0.171193E-03   0.236933E-01   0.443092E-02   0.250000E-03
 561   0.616091E-03   0.178740E-03   0.259151E-01   0.446486E-02   0.350000E-03
 562   0.702284E-03   0.715196E-04   0.262164E-01   0.383493E-02   0.350000E-03
 563   0.664872E-03  -0.484332E-03   0.285421E-01   0.410715E-02   0.400000E-03
 564   0.735960E-03  -0.511186E-03   0.285519E-01   0.480632E-02   0.300000E-03
 565   0.212089E-03  -0.148554E-02   0.298767E-01   0.424962E-02   0.350000E-03
 566   0.141830E-02   0.381791E-03   0.312882E-01   0.437735E-02   0.450000E-03
 567   0.510979E-03  -0.657290E-03   0.332846E-01   0.329260E-02   0.150000E-03
 568   0.194065E-02  -0.221858E-03   0.338586E-01   0.384055E-02   0.100000E-03
 569   0.808154E-03  -0.456417E-04   0.370015E-01   0.449951E-02   0.250000E-03
 570   0.817824E-03   0.354501E-03   0.378219E-01   0.485666E-02   0.300000E-03
 571   0.971425E-03   0.117657E-03   0.384807E-01   0.352957E-02   0.300000E-03
 572  -0.867801E-04  -0.180400E-04   0.390654E-01   0.339769E-02   0.300000E-03
 573  -0.179152E-03  -0.280763E-03   0.397477E-01   0.281238E-02   0.300000E-03
 574   0.536074E-03   0.631173E-03   0.414256E-01   0.322118E-02   0.500000E-03
 575   0.616314E-03   0.495690E-03   0.421408E-01   0.291258E-02   0.250000E-03
 576   0.282624E-03  -0.993751E-03   0.444198E-01   0.385881E-02   0.300000E-03
 577   0.811216E-04  -0.548243E-04   0.299409E-03   0.463614E-02   0.300000E-03
 578  -0.255084E-04  -0.142928E-03   0.261448E-02   0.434855E-02   0.350000E-03
 579   0.935332E-03  -0.712913E-03   0.476672E-02   0.432809E-02   0.350000E-03
 580   0.181722E-03  -0.282435E-04   0.544496E-02   0.460870E-02   0.250000E-03
 581   0.291762E-03  -0.223042E-03   0.707973E-02   0.415054E-02   0.150000E-03
 582   0.718471E-03  -0.339120E-03   0.794701E-02   0.487407E-02   0.200000E-03
 583   0.455767E-03   0.328822E-03   0.995252E-02   0.491546E-02   0.250000E-03
 584   0.544955E-03   0.111540E-03   0.103466E-01   0.446511E-02   0.350000E-03
 585   0.809984E-03   0.436464E-03   0.107262E-01   0.516667E-02   0.450000E-03
 586   0.177939E-03  -0.169189E-04   0.118852E-01   0.452166E-02   0.300000E-03
 587   0.167155E-03  -0.666508E-05   0.123603E-01   0.467400E-02   0.200000E-03
 588   0.264289E-03   0.853203E-04   0.136705E-01   0.554558E-02   0.200000E-03
 589  -0.237263E-03   0.226051E-03   0.148584E-01   0.531870E-02   0.250000E-03
 590   0.664427E-03   0.310806E-03   0.154654E-01   0.603410E-02   0.200000E-03
 591   0.773439E-03   0.513127E-03   0.173893E-01   0.553478E-02   0.250000E-03
 592   0.348833E-03   0.443442E-03   0.181566E-01   0.614304E-02   0.300000E-03
 593   0.149235E-02   0.113845E-02   0.195018E-01   0.596597E-02   0.300000E-03
 594   0.893734E-03   0.370102E-03   0.206236E-01   0.616734E-02   0.350000E-03
 595   0.123818E-02   0.290083E-03   0.222425E-01   0.503107E-02   0.200000E-03
 596   0.130281E-02   0.244252E-04   0.231924E-01   0.475475E-02   0.350000E-03
 597   0.881402E-03  -0.156301E-03   0.243932E-01   0.458966E-02   0.400000E-03
 598   0.635808E-03   0.219475E-03   0.266117E-01   0.440818E-02   0.350000E-03
 599   0.256804E-03   0.329675E-03   0.271651E-01   0.397951E-02   0.350000E-03
 600   0.369664E-03   0.108433E-02   0.298998E-01   0.489698E-02   0.300000E-03
 601   0.386346E-03   0.110021E-02   0.305250E-01   0.506600E-02   0.350000E-03
 602   0.109368E-02   0.923422E-03   0.309976E-01   0.490201E-02   0.150000E-03
 603   0.122318E-02  -0.180885E-03   0.330432E-01   0.455656E-02   0.350000E-03
 604   0.180580E-02  -0.313018E-03   0.334353E-01   0.397688E-02   0.350000E-03
 605   0.141074E-02  -0.213737E-03   0.364172E-01   0.478083E-02   0.400000E-03
 606   0.110144E-02   0.524375E-03   0.385107E-01   0.514499E-02   0.450000E-03
 607   0.931131E-03   0.174271E-03   0.386378E-01   0.405084E-02   0.250000E-03
 608  -0.191285E-03  -0.358102E-03   0.396686E-01   0.346460E-02   0.300000E-03
 609   0.464459E-03   0.101383E-03   0.402638E-01   0.320491E-02   0.350000E-03
 610   0.290618E-03  -0.179575E-03   0.409040E-01   0.279276E-02   0.150000E-03
 611   0.452234E-05   0.564669E-03   0.428118E-01   0.362117E-02   0.450000E-03
 612   0.115105E-02  -0.351737E-03   0.434489E-01   0.314518E-02   0.350000E-03
 613   0.463421E-03  -0.407144E-03   0.104418E-01   0.862561E-02   0.350000E-03
 614   0.377379E-03  -0.664366E-04   0.313901E-02   0.450340E-02   0.200000E-03
 615   0.507768E-03  -0.402345E-04   0.368276E-02   0.444019E-02   0.350000E-03
 616   0.174775E-03   0.256712E-04   0.569680E-02   0.430024E-02   0.150000E-03
 617   0.339741E-03   0.486399E-04   0.664732E-02   0.446528E-02   0.350000E-03
 618   0.641509E-03   0.159072E-03   0.811182E-02   0.554910E-02   0.300000E-03
 619   0.683873E-03  -0.237513E-03   0.931429E-02   0.518573E-02   0.300000E-03
 620   0.504089E-03  -0.339138E-03   0.989939E-02   0.556085E-02   0.400000E-03
 621   0.140963E-03   0.196401E-03   0.114149E-01   0.534880E-02   0.250000E-03
 622   0.120998E-03   0.144119E-03   0.114582E-01   0.485942E-02   0.250000E-03
 623   0.834882E-04  -0.129369E-03   0.126925E-01   0.511174E-02   0.350000E-03
 624   0.544363E-03   0.227901E-03   0.140034E-01   0.576705E-02   0.200000E-03
 625   0.375177E-03   0.184870E-03   0.145302E-01   0.592130E-02   0.350000E-03
 626   0.600231E-03   0.652885E-03   0.166506E-01   0.550055E-02   0.150000E-03
 627   0.697364E-03   0.621338E-03   0.169604E-01   0.565839E-02   0.200000E-03
 628   0.566355E-03  -0.221620E-04   0.175631E-01   0.605252E-02   0.300000E-03
 629   0.990721E-03   0.579684E-03   0.187902E-01   0.653624E-02   0.450000E-03
 630   0.130651E-02   0.902456E-03   0.218385E-01   0.612764E-02   0.300000E-03
 631   0.107049E-02   0.155788E-03   0.227315E-01   0.527990E-02   0.350000E-03
 632   0.925526E-03  -0.187351E-03   0.238056E-01   0.496747E-02   0.300000E-03
 633   0.100583E-02  -0.399777E-05   0.246489E-01   0.518172E-02   0.250000E-03
 634   0.224189E-03   0.401636E-04   0.271447E-01   0.452616E-02   0.200000E-03
 635   0.113400E-03   0.631960E-04   0.277869E-01   0.447717E-02   0.450000E-03
 636   0.124531E-02   0.618534E-03   0.293621E-01   0.515778E-02   0.300000E-03
 637   0.751637E-03   0.490533E-04   0.303259E-01   0.568025E-02   0.300000E-03
 638   0.164164E-02  -0.209708E-03   0.321596E-01   0.474723E-02   0.350000E-03
 639   0.169179E-02  -0.198078E-03   0.342971E-01   0.481213E-02   0.250000E-03
 640   0.183265E-02  -0.481580E-03   0.345082E-01   0.430829E-02   0.300000E-03
 641   0.146219E-02   0.870304E-04   0.368896E-01   0.529511E-02   0.300000E-03
 642   0.109106E-02   0.428313E-03   0.372781E-01   0.490971E-02   0.250000E-03
 643   0.103921E-02   0.669657E-03   0.388131E-01   0.451511E-02   0.250000E-03
 644  -0.202097E-03  -0.345289E-03   0.392976E-01   0.405775E-02   0.400000E-03
 645   0.715098E-04   0.161774E-03   0.417292E-01   0.385064E-02   0.200000E-03
 646   0.120232E-03   0.243638E-03   0.407858E-01   0.333526E-02   0.150000E-03
 647   0.551160E-03   0.603401E-03   0.425790E-01   0.301432E-02   0.200000E-03
 648  -0.439696E-03  -0.299734E-03   0.448027E-01   0.354168E-02   0.200000E-03
 649  -0.114627E-03  -0.192937E-03   0.715647E-03   0.491187E-02   0.200000E-03
 650  -0.258428E-04  -0.953298E-05   0.266757E-02   0.503955E-02   0.350000E-03
 651  -0.743332E-04  -0.413257E-03   0.319991E-02   0.400547E-02   0.300000E-03
 652   0.362002E-03   0.313105E-04   0.458025E-02   0.493134E-02   0.200000E-03
 653   0.200049E-03   0.126686E-02   0.657555E-02   0.495857E-02   0.150000E-03
 654   0.279630E-03  -0.958352E-04   0.747968E-02   0.525015E-02   0.400000E-03
 655   0.853803E-03   0.184396E-03   0.877134E-02   0.575579E-02   0.350000E-03
 656  -0.125343E-03  -0.802089E-04   0.935112E-02   0.590635E-02   0.250000E-03
 657   0.514416E-03  -0.211700E-03   0.104755E-01   0.594845E-02   0.300000E-03
 658   0.814257E-04  -0.541188E-03   0.119935E-01   0.516214E-02   0.350000E-03
 659   0.393800E-03   0.115719E-03   0.131622E-01   0.548476E-02   0.250000E-03
 660   0.509855E-03   0.327685E-03   0.136286E-01   0.623414E-02   0.400000E-03
 661   0.586294E-03   0.385421E-03   0.150492E-01   0.630769E-02   0.300000E-03
 662   0.776162E-03   0.408429E-03   0.163713E-01   0.645788E-02   0.300000E-03
 663   0.789080E-03   0.473315E-03   0.166673E-01   0.599666E-02   0.250000E-03
 664   0.643145E-03   0.130130E-03   0.177892E-01   0.655070E-02   0.250000E-03
 665   0.747714E-03   0.492815E-03   0.199917E-01   0.630767E-02   0.300000E-03
 666   0.783961E-03   0.443039E-03   0.212387E-01   0.638945E-02   0.300000E-03
 667   0.104199E-02   0.281106E-03   0.223354E-01   0.579088E-02   0.300000E-03
 668   0.818788E-03  -0.100776E-03   0.233734E-01   0.538031E-02   0.300000E-03
 669   0.723706E-03  -0.179810E-03   0.248546E-01   0.478145E-02   0.100000E-03
 670   0.410776E-03  -0.128660E-03   0.263543E-01   0.489291E-02   0.200000E-03
 671   0.117423E-02   0.599292E-03   0.284868E-01   0.530895E-02   0.200000E-03
 672   0.698546E-04   0.121172E-03   0.280909E-01   0.510583E-02   0.250000E-03
 673  -0.123956E-04   0.850754E-03   0.310212E-01   0.554721E-02   0.350000E-03
 674   0.125074E-02  -0.330447E-04   0.315712E-01   0.512223E-02   0.350000E-03
 675   0.156624E-02  -0.107010E-03   0.325161E-01   0.427134E-02   0.250000E-03
 676   0.129086E-02  -0.157579E-03   0.347952E-01   0.478359E-02   0.250000E-03
 677   0.138372E-02  -0.285205E-03   0.369741E-01   0.598844E-02   0.400000E-03
 678   0.462381E-03  -0.784452E-04   0.374296E-01   0.538586E-02   0.250000E-03
 679   0.954437E-03   0.233896E-03   0.390978E-01   0.542127E-02   0.200000E-03
 680   0.845774E-03   0.529059E-03   0.392710E-01   0.490075E-02   0.350000E-03
 681   0.540254E-03   0.641759E-03   0.411000E-01   0.389278E-02   0.250000E-03
 682   0.651802E-03   0.677710E-03   0.421472E-01   0.341107E-02   0.250000E-03
 683  -0.458306E-03   0.431475E-03   0.440284E-01   0.455262E-02   0.500000E-03
 684   0.644625E-03  -0.580493E-03   0.440485E-01   0.339007E-02   0.300000E-03
 685  -0.149477E-03  -0.358264E-03   0.349314E-03   0.735449E-02   0.350000E-03
 686   0.406851E-03   0.321905E-03   0.333174E-02   0.561839E-02   0.350000E-03
 687   0.408011E-03  -0.685959E-04   0.331235E-02   0.497098E-02   0.300000E-03
 688   0.330926E-04   0.546946E-04   0.502467E-02   0.487324E-02   0.250000E-03
 689   0.348662E-03   0.807566E-04   0.706981E-02   0.481258E-02   0.200000E-03
 690   0.282593E-03   0.102457E-03   0.761403E-02   0.598045E-02   0.350000E-03
 691   0.498946E-03   0.104020E-03   0.877994E-02   0.649579E-02   0.350000E-03
 692   0.468360E-03   0.295876E-04   0.990019E-02   0.625938E-02   0.300000E-03
 693   0.438696E-03  -0.317154E-04   0.103967E-01   0.649040E-02   0.250000E-03
 694   0.399446E-03  -0.178605E-03   0.111180E-01   0.586290E-02   0.350000E-03
 695   0.446826E-03   0.421131E-04   0.129000E-01   0.602382E-02   0.350000E-03
 696   0.755179E-03   0.277786E-04   0.146347E-01   0.723144E-02   0.250000E-03
 697   0.291333E-03   0.199956E-03   0.143384E-01   0.664163E-02   0.400000E-03
 698   0.734710E-03   0.400406E-03   0.156858E-01   0.659118E-02   0.400000E-03
 699   0.349850E-03   0.225296E-03   0.170963E-01   0.663780E-02   0.450000E-03
 700   0.108377E-02   0.615519E-03   0.181653E-01   0.694947E-02   0.300000E-03
 701   0.740143E-03   0.483910E-03   0.195239E-01   0.667965E-02   0.300000E-03
 702   0.808633E-03   0.644812E-03   0.203965E-01   0.687767E-02   0.400000E-03
 703   0.100711E-02   0.232114E-03   0.230093E-01   0.597597E-02   0.400000E-03
 704   0.929403E-03  -0.571149E-04   0.241423E-01   0.557951E-02   0.400000E-03
 705   0.514801E-03   0.159313E-03   0.251243E-01   0.503587E-02   0.250000E-03
 706   0.556673E-03  -0.184485E-03   0.259381E-01   0.506326E-02   0.250000E-03
 707   0.235945E-03   0.762588E-04   0.269486E-01   0.508962E-02   0.400000E-03
 708   0.513295E-03  -0.437262E-04   0.298319E-01   0.544185E-02   0.250000E-03
 709   0.173505E-02  -0.262717E-03   0.320938E-01   0.529301E-02   0.200000E-03
 710   0.137993E-02  -0.391587E-03   0.326853E-01   0.503589E-02   0.250000E-03
 711   0.181294E-02  -0.200310E-03   0.337397E-01   0.460273E-02   0.350000E-03
 712   0.135518E-02  -0.707493E-04   0.351313E-01   0.521847E-02   0.300000E-03
 713   0.108412E-02  -0.260810E-04   0.381631E-01   0.636409E-02   0.350000E-03
 714   0.120395E-02   0.424810E-03   0.379368E-01   0.570197E-02   0.350000E-03
 715   0.913814E-03   0.240361E-03   0.388332E-01   0.564596E-02   0.150000E-03
 716   0.832527E-03   0.527218E-03   0.397396E-01   0.453574E-02   0.250000E-03
 717   0.142620E-03  -0.608025E-03   0.400708E-01   0.366605E-02   0.150000E-03
 718   0.625875E-03   0.301836E-03   0.421750E-01   0.390863E-02   0.250000E-03
 719  -0.173599E-03   0.328462E-04   0.448012E-01   0.546811E-02   0.200000E-03
 720   0.517891E-03  -0.187197E-03   0.434122E-01   0.730495E-02   0.350000E-03
 721  -0.217163E-03  -0.136171E-03   0.215097E-02   0.405593E-02   0.200000E-03
 722  -0.494443E-04   0.188241E-05   0.202536E-02   0.513088E-02   0.300000E-03
 723   0.867815E-04  -0.198867E-03   0.424999E-02   0.462930E-02   0.250000E-03
 724   0.414673E-03   0.357996E-04   0.603013E-02   0.488797E-02   0.400000E-03
 725   0.364573E-03  -0.521771E-04   0.694157E-02   0.513758E-02   0.150000E-03
 726   0.287097E-03  -0.549395E-04   0.653578E-02   0.550583E-02   0.400000E-03
 727   0.676593E-03   0.195944E-03   0.824393E-02   0.613396E-02   0.300000E-03
 728  -0.110743E-03   0.246868E-03   0.937157E-02   0.640387E-02   0.250000E-03
 729   0.249787E-03   0.289004E-03   0.972490E-02   0.683290E-02   0.300000E-03
 730   0.597121E-03   0.938334E-04   0.123779E-01   0.562239E-02   0.250000E-03
 731   0.335876E-03   0.220313E-03   0.122289E-01   0.622213E-02   0.350000E-03
 732   0.598461E-03   0.243827E-03   0.131180E-01   0.663369E-02   0.250000E-03
 733   0.563843E-03   0.316311E-03   0.149539E-01   0.684762E-02   0.250000E-03
 734   0.805547E-03   0.425826E-03   0.161869E-01   0.692005E-02   0.200000E-03
 735   0.833814E-03   0.724907E-03   0.175958E-01   0.726131E-02   0.350000E-03
 736   0.948355E-03   0.617046E-03   0.190956E-01   0.732794E-02   0.400000E-03
 737   0.816524E-03   0.585194E-03   0.197855E-01   0.721800E-02   0.300000E-03
 738   0.820840E-03   0.452276E-03   0.214697E-01   0.704850E-02   0.400000E-03
 739   0.101524E-02   0.156724E-03   0.224155E-01   0.643282E-02   0.350000E-03
 740   0.793821E-03   0.158936E-03   0.237244E-01   0.619868E-02   0.350000E-03
 741   0.927447E-03  -0.123853E-04   0.248054E-01   0.565425E-02   0.250000E-03
 742   0.341865E-03   0.102775E-03   0.263543E-01   0.534242E-02   0.250000E-03
 743   0.250077E-03   0.131787E-03   0.275941E-01   0.514788E-02   0.250000E-03
 744   0.136991E-02   0.533985E-03   0.288659E-01   0.519506E-02   0.200000E-03
 745   0.135266E-02  -0.437731E-03   0.315937E-01   0.572169E-02   0.250000E-03
 746   0.154176E-02  -0.283023E-03   0.328222E-01   0.561881E-02   0.350000E-03
 747   0.121299E-02  -0.251734E-03   0.332821E-01   0.516026E-02   0.300000E-03
 748   0.170589E-02  -0.265860E-03   0.356737E-01   0.486252E-02   0.350000E-03
 749   0.136541E-02   0.934989E-04   0.363218E-01   0.547341E-02   0.300000E-03
 750   0.706930E-03   0.428436E-03   0.385100E-01   0.587616E-02   0.250000E-03
 751   0.701454E-03  -0.663926E-04   0.391649E-01   0.594227E-02   0.300000E-03
 752   0.820690E-03   0.629293E-03   0.401882E-01   0.422888E-02   0.300000E-03
 753   0.918545E-04   0.780229E-04   0.407356E-01   0.303987E-02   0.150000E-03
 754   0.107417E-02  -0.139399E-03   0.418925E-01   0.418989E-02   0.150000E-03
 755   0.474426E-03  -0.313881E-03   0.425380E-01   0.415310E-02   0.150000E-03
 756   0.339091E-03  -0.182281E-03   0.431099E-01   0.672971E-02   0.300000E-03
 757  -0.133441E-03  -0.320271E-03   0.183998E-02   0.450859E-02   0.350000E-03
 758   0.264948E-03   0.272437E-03   0.402481E-02   0.569501E-02   0.350000E-03
 759   0.112762E-03  -0.132464E-03   0.390510E-02   0.505644E-02   0.300000E-03
 760   0.566017E-03   0.951412E-04   0.473934E-02   0.558632E-02   0.300000E-03
 761   0.150656E-03   0.201158E-03   0.541181E-02   0.539386E-02   0.400000E-03
 762   0.441345E-04   0.126788E-03   0.592511E-02   0.593815E-02   0.350000E-03
 763   0.355308E-03   0.416205E-04   0.690254E-02   0.621412E-02   0.400000E-03
 764   0.626899E-03   0.131730E-03   0.817360E-02   0.672964E-02   0.300000E-03
 765   0.102359E-02   0.743140E-03   0.115522E-01   0.640559E-02   0.350000E-03
 766  -0.983524E-04  -0.126203E-03   0.117634E-01   0.576976E-02   0.300000E-03
 767   0.385220E-03   0.228639E-03   0.126826E-01   0.652844E-02   0.200000E-03
 768   0.458373E-03   0.152762E-03   0.137332E-01   0.687543E-02   0.250000E-03
 769   0.419990E-03   0.847589E-04   0.152549E-01   0.736528E-02   0.350000E-03
 770   0.781745E-03   0.568174E-03   0.158363E-01   0.722237E-02   0.250000E-03
 771   0.991139E-03   0.557864E-03   0.165720E-01   0.680333E-02   0.100000E-03
 772   0.105433E-02   0.631011E-03   0.184531E-01   0.741403E-02   0.250000E-03
 773   0.890143E-03   0.687551E-03   0.201643E-01   0.780538E-02   0.400000E-03
 774   0.797094E-03   0.492016E-03   0.208512E-01   0.746926E-02   0.350000E-03
 775   0.100172E-02  -0.348241E-04   0.232592E-01   0.657473E-02   0.250000E-03
 776   0.944284E-03   0.244000E-03   0.248542E-01   0.610087E-02   0.200000E-03
 777   0.818005E-03   0.291830E-04   0.255370E-01   0.486022E-02   0.200000E-03
 778   0.540229E-03   0.473141E-04   0.259418E-01   0.551187E-02   0.200000E-03
 779   0.324642E-03   0.321343E-03   0.276773E-01   0.568981E-02   0.300000E-03
 780   0.105671E-02  -0.230047E-03   0.293572E-01   0.580621E-02   0.350000E-03
 781   0.565301E-03  -0.127520E-03   0.307100E-01   0.600019E-02   0.200000E-03
 782   0.174359E-02  -0.397326E-03   0.321380E-01   0.579099E-02   0.300000E-03
 783   0.176055E-02  -0.162798E-03   0.339204E-01   0.527789E-02   0.350000E-03
 784   0.165189E-02  -0.169089E-03   0.344671E-01   0.522531E-02   0.200000E-03
 785   0.172647E-02   0.895434E-04   0.356817E-01   0.556197E-02   0.350000E-03
 786   0.340263E-03  -0.637092E-03   0.375889E-01   0.619652E-02   0.250000E-03
 787   0.489743E-03  -0.173124E-03   0.397281E-01   0.614315E-02   0.300000E-03
 788   0.969888E-03   0.185569E-03   0.396403E-01   0.549867E-02   0.350000E-03
 789   0.730606E-03   0.640180E-03   0.405689E-01   0.376927E-02   0.300000E-03
 790  -0.151538E-03   0.131047E-03   0.414593E-01   0.429999E-02   0.300000E-03
 791  -0.136337E-03   0.218817E-03   0.431191E-01   0.435926E-02   0.350000E-03
 792  -0.251655E-03   0.354300E-03   0.438838E-01   0.518599E-02   0.150000E-03
 793   0.101945E-03   0.257421E-03   0.284708E-02   0.550280E-02   0.150000E-03
 794   0.278699E-03  -0.643582E-03   0.243509E-02   0.547932E-02   0.150000E-03
 795   0.450195E-03   0.246457E-04   0.435979E-02   0.526155E-02   0.200000E-03
 796   0.310055E-03   0.216491E-03   0.265640E-02   0.649243E-02   0.300000E-03
 797  -0.387765E-04  -0.286678E-04   0.451321E-02   0.626276E-02   0.400000E-03
 798   0.270644E-03  -0.149582E-03   0.518008E-02   0.605186E-02   0.300000E-03
 799   0.299343E-03   0.161118E-03   0.752632E-02   0.667094E-02   0.350000E-03
 800   0.556331E-03   0.643874E-03   0.884198E-02   0.709160E-02   0.250000E-03
 801   0.545276E-03   0.703938E-04   0.108131E-01   0.676567E-02   0.250000E-03
 802   0.127981E-02   0.350373E-03   0.112813E-01   0.694050E-02   0.250000E-03
 803   0.327969E-03   0.146967E-03   0.120138E-01   0.678194E-02   0.250000E-03
 804   0.569828E-03   0.112111E-03   0.132656E-01   0.716289E-02   0.300000E-03
 805   0.368477E-03   0.740643E-04   0.140888E-01   0.729501E-02   0.300000E-03
 806   0.805645E-03   0.510288E-03   0.157210E-01   0.765691E-02   0.200000E-03
 807   0.865561E-03   0.756855E-03   0.180281E-01   0.767661E-02   0.250000E-03
 808   0.944590E-03   0.404714E-03   0.191177E-01   0.817644E-02   0.450000E-03
 809   0.832169E-03   0.429877E-03   0.214373E-01   0.774723E-02   0.300000E-03
 810   0.934948E-03   0.434557E-03   0.221684E-01   0.703053E-02   0.300000E-03
 811   0.858713E-03   0.218120E-03   0.237554E-01   0.684599E-02   0.300000E-03
 812   0.503542E-03   0.301547E-03   0.243739E-01   0.623889E-02   0.300000E-03
 813   0.524710E-03   0.742682E-05   0.253980E-01   0.556389E-02   0.350000E-03
 814   0.570677E-03   0.342025E-03   0.271796E-01   0.564323E-02   0.200000E-03
 815   0.100298E-02  -0.241776E-03   0.286134E-01   0.589290E-02   0.400000E-03
 816  -0.499038E-03  -0.278752E-03   0.312362E-01   0.604340E-02   0.200000E-03
 817   0.770425E-03   0.203080E-03   0.302595E-01   0.627269E-02   0.300000E-03
 818   0.185210E-02  -0.230963E-03   0.325636E-01   0.621306E-02   0.300000E-03
 819   0.166295E-02  -0.208318E-03   0.334612E-01   0.573626E-02   0.300000E-03
 820   0.170874E-02  -0.122890E-03   0.347193E-01   0.565316E-02   0.300000E-03
 821   0.145032E-02  -0.194447E-03   0.362169E-01   0.606195E-02   0.300000E-03
 822   0.674063E-03  -0.433188E-03   0.378313E-01   0.692283E-02   0.300000E-03
 823   0.580784E-03   0.268096E-04   0.387604E-01   0.631391E-02   0.250000E-03
 824   0.258055E-03  -0.830975E-04   0.408237E-01   0.556915E-02   0.350000E-03
 825   0.713321E-03   0.383872E-03   0.402634E-01   0.499889E-02   0.450000E-03
 826   0.692749E-03   0.468081E-03   0.408094E-01   0.441615E-02   0.350000E-03
 827   0.522348E-03  -0.396644E-03   0.422293E-01   0.440479E-02   0.250000E-03
 828   0.278946E-03  -0.160938E-03   0.402890E-01   0.693660E-02   0.350000E-03
 829   0.269380E-03  -0.107594E-04   0.262859E-02   0.589411E-02   0.300000E-03
 830   0.644286E-04  -0.200688E-04   0.299788E-03   0.523531E-02   0.300000E-03
 831   0.397935E-04  -0.594545E-03   0.314906E-03   0.573437E-02   0.200000E-03
 832   0.464588E-03   0.101957E-03   0.310251E-02   0.617167E-02   0.250000E-03
 833   0.531096E-03   0.144623E-03   0.328950E-02   0.668748E-02   0.300000E-03
 834   0.230894E-03   0.129656E-03   0.509817E-02   0.664558E-02   0.300000E-03
 835   0.263292E-03  -0.177492E-03   0.576123E-02   0.682227E-02   0.300000E-03
 836   0.282928E-03   0.206808E-03   0.759373E-02   0.736537E-02   0.350000E-03
 837   0.528618E-03  -0.169065E-03   0.108108E-01   0.631714E-02   0.200000E-03
 838   0.446677E-03  -0.899391E-04   0.117528E-01   0.732181E-02   0.350000E-03
 839   0.380973E-03   0.152798E-03   0.125689E-01   0.711657E-02   0.400000E-03
 840   0.358829E-03  -0.774263E-04   0.141590E-01   0.789047E-02   0.300000E-03
 841   0.722145E-03  -0.145557E-03   0.147462E-01   0.776919E-02   0.300000E-03
 842   0.920718E-03   0.597561E-03   0.170300E-01   0.757881E-02   0.300000E-03
 843   0.105624E-02   0.249042E-03   0.184700E-01   0.791131E-02   0.250000E-03
 844  -0.297522E-04   0.680603E-03   0.198276E-01   0.841861E-02   0.300000E-03
 845   0.803122E-03   0.671798E-03   0.208208E-01   0.816711E-02   0.350000E-03
 846   0.975320E-03   0.371511E-03   0.219422E-01   0.753121E-02   0.250000E-03
 847   0.977751E-03   0.124241E-03   0.232244E-01   0.712222E-02   0.300000E-03
 848   0.486094E-03   0.180516E-03   0.244490E-01   0.693394E-02   0.400000E-03
 849   0.569095E-03   0.291763E-03   0.253804E-01   0.625942E-02   0.350000E-03
 850   0.447784E-03  -0.300725E-03   0.267089E-01   0.563482E-02   0.200000E-03
 851   0.291267E-03   0.239624E-03   0.265687E-01   0.611070E-02   0.300000E-03
 852   0.502947E-03  -0.886883E-04   0.299036E-01   0.583505E-02   0.150000E-03
 853   0.173686E-02   0.545030E-04   0.316969E-01   0.633686E-02   0.350000E-03
 854   0.186162E-02  -0.181344E-05   0.327779E-01   0.682626E-02   0.350000E-03
 855   0.168476E-02  -0.248128E-03   0.331620E-01   0.625591E-02   0.300000E-03
 856   0.177178E-02  -0.112835E-03   0.341159E-01   0.600069E-02   0.400000E-03
 857   0.180699E-02   0.277174E-04   0.352113E-01   0.607554E-02   0.350000E-03
 858   0.140396E-02  -0.261850E-03   0.365622E-01   0.655177E-02   0.300000E-03
 859   0.670198E-03  -0.255508E-03   0.392906E-01   0.647629E-02   0.250000E-03
 860   0.396399E-03  -0.118091E-03   0.402168E-01   0.579563E-02   0.300000E-03
 861   0.215341E-03  -0.484759E-04   0.415210E-01   0.558305E-02   0.350000E-03
 862   0.381085E-03  -0.453830E-03   0.409808E-01   0.499037E-02   0.250000E-03
 863  -0.847660E-04   0.728343E-04   0.432858E-01   0.514155E-02   0.450000E-03
 864  -0.180408E-03   0.308811E-04   0.445510E-01   0.606689E-02   0.450000E-03
 865   0.291923E-04  -0.347384E-04   0.137777E-02   0.508344E-02   0.350000E-03
 866  -0.606274E-04  -0.420366E-04   0.171068E-02   0.551701E-02   0.200000E-03
 867  -0.396736E-03   0.274043E-04   0.203495E-02   0.630553E-02   0.350000E-03
 868   0.307932E-04   0.582019E-03   0.371781E-02   0.626770E-02   0.300000E-03
 869   0.459602E-03  -0.171824E-03   0.337614E-02   0.722841E-02   0.250000E-03
 870   0.810185E-04   0.154428E-03   0.626224E-02   0.649280E-02   0.300000E-03
 871   0.362028E-03   0.108345E-03   0.692395E-02   0.691295E-02   0.300000E-03
 872   0.850736E-05  -0.254343E-03   0.921888E-02   0.682550E-02   0.200000E-03
 873   0.318377E-03   0.708870E-03   0.102967E-01   0.702799E-02   0.300000E-03
 874   0.408647E-03  -0.364004E-04   0.117061E-01   0.798811E-02   0.300000E-03
 875   0.480451E-03  -0.563097E-04   0.122515E-01   0.773838E-02   0.300000E-03
 876   0.490184E-03  -0.139041E-04   0.136090E-01   0.765211E-02   0.300000E-03
 877   0.526660E-03  -0.739215E-04   0.146914E-01   0.836591E-02   0.300000E-03
 878   0.864561E-03   0.606165E-03   0.164002E-01   0.742420E-02   0.350000E-03
 879   0.879942E-03   0.548195E-03   0.175057E-01   0.785314E-02   0.250000E-03
 880  -0.450913E-03   0.426149E-03   0.177354E-01   0.835163E-02   0.300000E-03
 881   0.829767E-03   0.413349E-03   0.219207E-01   0.810214E-02   0.300000E-03
 882   0.774608E-03   0.159422E-03   0.226843E-01   0.721849E-02   0.250000E-03
 883   0.574128E-03  -0.460182E-04   0.228665E-01   0.664583E-02   0.150000E-03
 884   0.852892E-03   0.157336E-03   0.239270E-01   0.747166E-02   0.350000E-03
 885   0.571566E-03   0.321351E-04   0.258580E-01   0.740070E-02   0.400000E-03
 886   0.552793E-03   0.276556E-03   0.259787E-01   0.600884E-02   0.300000E-03
 887   0.680454E-03   0.701655E-03   0.283627E-01   0.659683E-02   0.350000E-03
 888   0.994215E-03   0.114737E-03   0.295736E-01   0.657478E-02   0.450000E-03
 889  -0.388991E-03  -0.329581E-03   0.309272E-01   0.661331E-02   0.450000E-03
 890   0.163014E-02  -0.307657E-05   0.322136E-01   0.663552E-02   0.250000E-03
 891   0.166398E-02   0.897783E-04   0.337254E-01   0.663884E-02   0.350000E-03
 892   0.184932E-02  -0.859475E-05   0.346618E-01   0.658433E-02   0.400000E-03
 893   0.145396E-02  -0.195155E-03   0.357494E-01   0.643651E-02   0.300000E-03
 894   0.703033E-03  -0.240965E-03   0.385912E-01   0.678373E-02   0.250000E-03
 895   0.640080E-03  -0.264894E-03   0.391002E-01   0.699163E-02   0.300000E-03
 896   0.159287E-03   0.222310E-03   0.419177E-01   0.696189E-02   0.300000E-03
 897   0.148190E-03  -0.218795E-03   0.424718E-01   0.662206E-02   0.350000E-03
 898   0.738097E-03  -0.234485E-03   0.426298E-01   0.460801E-02   0.200000E-03
 899  -0.277501E-03   0.147118E-03   0.424905E-01   0.520125E-02   0.350000E-03
 900  -0.966327E-04   0.276166E-04   0.438290E-01   0.572452E-02   0.350000E-03
 901  -0.969989E-05  -0.917883E-04   0.129192E-02   0.567468E-02   0.250000E-03
 902   0.328255E-03   0.382691E-04   0.309494E-02   0.764140E-02   0.250000E-03
 903  -0.372294E-03  -0.187087E-03   0.211213E-02   0.571173E-02   0.250000E-03
 904   0.214502E-03  -0.163864E-03   0.278479E-02   0.712811E-02   0.350000E-03
 905   0.731028E-04  -0.198995E-03   0.402009E-02   0.695405E-02   0.450000E-03
 906   0.458035E-03  -0.513628E-04   0.587833E-02   0.736517E-02   0.250000E-03
 907   0.278808E-03  -0.144769E-03   0.557319E-02   0.635944E-02   0.200000E-03
 908   0.541909E-03  -0.508326E-04   0.885789E-02   0.764054E-02   0.300000E-03
 909   0.172281E-03   0.347265E-03   0.935499E-02   0.730505E-02   0.300000E-03
 910   0.479287E-03  -0.106219E-03   0.101141E-01   0.806434E-02   0.300000E-03
 911   0.379374E-03  -0.460941E-04   0.112620E-01   0.766558E-02   0.250000E-03
 912   0.364563E-03   0.361956E-03   0.151717E-01   0.863361E-02   0.250000E-03
 913   0.445830E-03   0.354622E-03   0.153426E-01   0.805886E-02   0.350000E-03
 914   0.936441E-03   0.419974E-03   0.161338E-01   0.817666E-02   0.450000E-03
 915   0.898663E-03   0.534480E-03   0.170147E-01   0.827837E-02   0.400000E-03
 916   0.735687E-03   0.743370E-03   0.203830E-01   0.864536E-02   0.300000E-03
 917   0.110059E-02   0.365904E-03   0.199779E-01   0.908642E-02   0.300000E-03
 918   0.944768E-03   0.347903E-03   0.224864E-01   0.778303E-02   0.350000E-03
 919   0.976561E-03   0.317611E-03   0.231863E-01   0.777071E-02   0.350000E-03
 920   0.863650E-03   0.564443E-03   0.247756E-01   0.644120E-02   0.150000E-03
 921   0.830966E-03   0.277720E-03   0.233612E-01   0.851056E-02   0.350000E-03
 922   0.538361E-03   0.209894E-03   0.259554E-01   0.665742E-02   0.350000E-03
 923   0.328593E-03   0.579264E-03   0.277142E-01   0.633731E-02   0.350000E-03
 924   0.518721E-03   0.557991E-03   0.289085E-01   0.718068E-02   0.450000E-03
 925  -0.299532E-03   0.858208E-04   0.310992E-01   0.739414E-02   0.350000E-03
 926   0.160734E-02   0.934539E-03   0.316049E-01   0.697926E-02   0.300000E-03
 927   0.226739E-02   0.253245E-03   0.336397E-01   0.719847E-02   0.200000E-03
 928   0.174524E-02   0.394520E-05   0.341694E-01   0.649702E-02   0.100000E-03
 929   0.142382E-02  -0.248679E-03   0.372223E-01   0.669588E-02   0.350000E-03
 930   0.184712E-03  -0.349995E-03   0.412233E-01   0.664589E-02   0.300000E-03
 931   0.263699E-03  -0.192725E-03   0.411919E-01   0.608056E-02   0.250000E-03
 932   0.515498E-03  -0.520112E-04   0.397414E-01   0.669212E-02   0.250000E-03
 933   0.876416E-04  -0.268451E-03   0.418132E-01   0.627014E-02   0.400000E-03
 934   0.214116E-03  -0.508706E-03   0.412550E-01   0.469995E-02   0.150000E-03
 935  -0.328978E-04   0.269342E-03   0.418080E-01   0.489811E-02   0.400000E-03
 936  -0.118676E-03   0.490476E-04   0.433677E-01   0.618194E-02   0.300000E-03
 937   0.546317E-05  -0.388551E-03   0.102994E-02   0.719419E-02   0.350000E-03
 938   0.133015E-04  -0.150962E-03   0.298459E-03   0.623363E-02   0.300000E-03
 939   0.577691E-03  -0.270256E-05   0.372776E-02   0.771239E-02   0.350000E-03
 940  -0.388839E-04  -0.915336E-04   0.789607E-03   0.589142E-02   0.300000E-03
 941  -0.177418E-03  -0.313565E-03   0.166366E-02   0.689804E-02   0.350000E-03
 942   0.337351E-04  -0.971808E-05   0.457717E-02   0.773223E-02   0.500000E-03
 943   0.165347E-03  -0.808649E-04   0.528753E-02   0.726677E-02   0.350000E-03
 944   0.763931E-04   0.177130E-03   0.634982E-02   0.708476E-02   0.300000E-03
 945   0.542109E-03   0.141651E-03   0.108417E-01   0.731343E-02   0.300000E-03
 946   0.330132E-03   0.283795E-03   0.986072E-02   0.751931E-02   0.250000E-03
 947   0.868425E-03  -0.216022E-03   0.129507E-01   0.800916E-02   0.450000E-03
 948   0.748604E-03   0.208793E-03   0.125628E-01   0.859120E-02   0.250000E-03
 949   0.771112E-03   0.482209E-03   0.156996E-01   0.878744E-02   0.300000E-03
 950   0.273483E-03   0.351524E-03   0.140100E-01   0.857403E-02   0.400000E-03
 951   0.968919E-03   0.456740E-03   0.165491E-01   0.880061E-02   0.300000E-03
 952   0.788168E-03   0.476224E-03   0.182839E-01   0.837345E-02   0.250000E-03
 953   0.525044E-03  -0.556706E-04   0.210340E-01   0.872749E-02   0.250000E-03
 954   0.932677E-03   0.406799E-06   0.225204E-01   0.863172E-02   0.500000E-03
 955   0.812697E-03   0.291317E-03   0.237252E-01   0.803476E-02   0.250000E-03
 956   0.807226E-03   0.997420E-04   0.252265E-01   0.724726E-02   0.250000E-03
 957   0.692478E-03   0.195487E-03   0.268736E-01   0.765029E-02   0.350000E-03
 958   0.752485E-03   0.323731E-03   0.265454E-01   0.703296E-02   0.350000E-03
 959   0.591741E-03   0.484464E-03   0.270472E-01   0.654625E-02   0.350000E-03
 960   0.824487E-03  -0.208451E-04   0.302586E-01   0.681987E-02   0.250000E-03
 961   0.159828E-02   0.780578E-03   0.321453E-01   0.798112E-02   0.400000E-03
 962   0.120842E-02   0.410962E-03   0.316845E-01   0.752317E-02   0.250000E-03
 963   0.183755E-02  -0.406241E-04   0.333021E-01   0.698547E-02   0.200000E-03
 964   0.144898E-02  -0.186123E-03   0.353109E-01   0.684451E-02   0.300000E-03
 965   0.136314E-02  -0.225395E-03   0.361048E-01   0.685573E-02   0.250000E-03
 966   0.130775E-02  -0.763944E-03   0.367006E-01   0.723678E-02   0.400000E-03
 967   0.338647E-03  -0.237081E-03   0.406510E-01   0.633822E-02   0.350000E-03
 968   0.561656E-03  -0.201043E-03   0.401620E-01   0.624964E-02   0.150000E-03
 969  -0.717970E-03  -0.488558E-03   0.447512E-01   0.714260E-02   0.250000E-03
 970  -0.301350E-03  -0.242209E-03   0.442544E-01   0.680850E-02   0.350000E-03
 971  -0.353039E-03  -0.398840E-04   0.427220E-01   0.591293E-02   0.400000E-03
 972  -0.306482E-03  -0.224098E-03   0.436579E-01   0.675694E-02   0.250000E-03
 973  -0.491821E-04  -0.420578E-04   0.838350E-03   0.534391E-02   0.250000E-03
 974   0.401542E-03  -0.324371E-03   0.402130E-02   0.823545E-02   0.250000E-03
 975   0.845496E-05   0.669529E-04   0.133598E-02   0.627146E-02   0.350000E-03
 976   0.167778E-03  -0.303095E-04   0.773938E-03   0.659719E-02   0.300000E-03
 977   0.383547E-03  -0.493885E-04   0.734058E-02   0.790843E-02   0.250000E-03
 978   0.355568E-03  -0.706767E-04   0.696045E-02   0.751130E-02   0.300000E-03
 979   0.681983E-04   0.783374E-04   0.642317E-02   0.762878E-02   0.250000E-03
 980   0.176833E-03   0.492404E-04   0.818379E-02   0.782704E-02   0.400000E-03
 981   0.280817E-03   0.281347E-03   0.103573E-01   0.757220E-02   0.250000E-03
 982   0.446505E-03  -0.166270E-03   0.937385E-02   0.818423E-02   0.450000E-03
 983   0.473596E-03  -0.102697E-04   0.121707E-01   0.828197E-02   0.250000E-03
 984   0.263070E-03  -0.267015E-04   0.107696E-01   0.800732E-02   0.350000E-03
 985   0.466264E-03   0.444506E-03   0.135854E-01   0.815033E-02   0.200000E-03
 986   0.790392E-03   0.493301E-03   0.189774E-01   0.940418E-02   0.300000E-03
 987   0.774161E-03   0.474479E-03   0.186644E-01   0.883524E-02   0.350000E-03
 988   0.919389E-03   0.348317E-03   0.194220E-01   0.886053E-02   0.300000E-03
 989   0.944003E-03   0.489123E-03   0.195268E-01   0.939974E-02   0.250000E-03
 990   0.820591E-03   0.587467E-03   0.214063E-01   0.829559E-02   0.250000E-03
 991   0.753587E-03  -0.131506E-03   0.243375E-01   0.803843E-02   0.350000E-03
 992   0.733023E-03   0.145168E-03   0.247706E-01   0.755443E-02   0.300000E-03
 993   0.657646E-03   0.120775E-03   0.250766E-01   0.677068E-02   0.250000E-03
 994   0.536123E-03   0.464160E-03   0.271749E-01   0.713167E-02   0.250000E-03
 995   0.913539E-03   0.456408E-03   0.278243E-01   0.711664E-02   0.400000E-03
 996   0.920914E-03   0.210631E-03   0.304524E-01   0.733298E-02   0.300000E-03
 997   0.902809E-03  -0.482609E-04   0.299171E-01   0.718445E-02   0.250000E-03
 998   0.164662E-02   0.169916E-03   0.322093E-01   0.723418E-02   0.350000E-03
 999   0.201050E-02   0.257042E-03   0.330525E-01   0.735903E-02   0.250000E-03
1000   0.185338E-02   0.284109E-03   0.341879E-01   0.716355E-02   0.350000E-03
