   1  -0.925869E-04   0.105791E-02   0.112819E-01   0.848062E-02   0.350000E-03
   2  -0.899692E-03   0.160001E-02   0.150703E-03   0.150378E-03   0.150000E-03
   3   0.136313E-02   0.113156E-02   0.455811E-02   0.447627E-03   0.450000E-03
   4   0.108518E-02  -0.541519E-03   0.572153E-02   0.550313E-03   0.200000E-03
   5   0.341126E-03   0.786527E-05   0.569846E-02   0.999883E-04   0.100000E-03
   6   0.432821E-03   0.695040E-04   0.747781E-02   0.249868E-03   0.250000E-03
   7  -0.855347E-03  -0.395262E-03   0.811023E-02   0.399209E-03   0.400000E-03
   8  -0.108970E-02  -0.134499E-02   0.885841E-02   0.348040E-03   0.350000E-03
   9  -0.890486E-03  -0.840090E-03   0.930382E-02   0.570749E-03   0.150000E-03
  10  -0.424931E-03   0.783011E-04   0.117985E-01   0.295131E-03   0.300000E-03
  11  -0.997203E-03  -0.558111E-03   0.130387E-01   0.359961E-03   0.350000E-03
  12  -0.268142E-03  -0.131111E-03   0.147713E-01   0.195536E-03   0.200000E-03
  13  -0.127908E-02   0.573794E-03   0.169176E-01   0.344595E-03   0.350000E-03
  14  -0.863272E-03  -0.187668E-04   0.176158E-01   0.348567E-03   0.350000E-03
  15  -0.149409E-02   0.626950E-03   0.188355E-01   0.399934E-03   0.400000E-03
  16  -0.252588E-02   0.138400E-03   0.195820E-01   0.346803E-03   0.350000E-03
  17  -0.319068E-02   0.208800E-02   0.204971E-01   0.337993E-03   0.350000E-03
  18  -0.210373E-02  -0.295243E-03   0.219473E-01   0.349153E-03   0.350000E-03
  19  -0.104189E-02  -0.635317E-03   0.225365E-01   0.241238E-03   0.250000E-03
  20  -0.776323E-03  -0.624066E-03   0.230362E-01   0.248950E-03   0.250000E-03
  21  -0.129982E-02  -0.204199E-03   0.244929E-01   0.249782E-03   0.250000E-03
  22  -0.116424E-03   0.759455E-03   0.257273E-01   0.199935E-03   0.200000E-03
  23  -0.164848E-02   0.287938E-03   0.267614E-01   0.998649E-04   0.100000E-03
  24  -0.701077E-03   0.942404E-03   0.282276E-01   0.396812E-03   0.400000E-03
  25  -0.211551E-03   0.491166E-03   0.297835E-01   0.399800E-03   0.400000E-03
  26  -0.239145E-02   0.165155E-02   0.305293E-01   0.335058E-03   0.350000E-03
  27  -0.237740E-02  -0.142852E-02   0.318699E-01   0.297118E-03   0.300000E-03
  28  -0.972712E-02  -0.278513E-02   0.333424E-01   0.300115E-03   0.300000E-03
  29  -0.208178E-02  -0.701234E-04   0.355500E-01   0.447031E-03   0.450000E-03
  30  -0.227778E-02   0.136882E-03   0.374011E-01   0.347659E-03   0.350000E-03
  31  -0.199503E-02  -0.198456E-03   0.379921E-01   0.248936E-03   0.250000E-03
  32  -0.141406E-02  -0.106089E-02   0.401219E-01   0.197646E-03   0.200000E-03
  33  -0.155010E-02   0.305256E-03   0.410112E-01   0.194612E-03   0.200000E-03
  34  -0.377502E-03  -0.378173E-03   0.446055E-01   0.880047E-03   0.400000E-03
  35  -0.123959E-05   0.541619E-03   0.446516E-01   0.192065E-02   0.350000E-03
  36  -0.105403E-02   0.648622E-03   0.864206E-02   0.835330E-02   0.300000E-03
  37   0.127360E-03  -0.548846E-03   0.248134E-03   0.180267E-02   0.250000E-03
  38  -0.255652E-02  -0.296096E-03   0.768906E-03   0.734952E-03   0.300000E-03
  39   0.368079E-03   0.583477E-03   0.265914E-02   0.400317E-03   0.400000E-03
  40  -0.736709E-03   0.442864E-03   0.615147E-02   0.299349E-03   0.300000E-03
  41   0.400927E-03  -0.786897E-04   0.684411E-02   0.393728E-03   0.400000E-03
  42   0.144404E-02  -0.223184E-03   0.726689E-02   0.100688E-02   0.350000E-03
  43  -0.731800E-03  -0.353493E-03   0.856961E-02   0.926459E-03   0.300000E-03
  44  -0.246536E-03  -0.678559E-03   0.936975E-02   0.964205E-03   0.250000E-03
  45  -0.154076E-02   0.503906E-04   0.994750E-02   0.492546E-03   0.500000E-03
  46   0.101673E-02   0.973776E-03   0.108522E-01   0.299948E-03   0.300000E-03
  47   0.560432E-03  -0.101646E-04   0.152219E-01   0.150000E-03   0.150000E-03
  48  -0.132852E-02  -0.130876E-03   0.158162E-01   0.447618E-03   0.450000E-03
  49  -0.907675E-03   0.178972E-03   0.164832E-01   0.882728E-03   0.350000E-03
  50  -0.151290E-02   0.278344E-03   0.182056E-01   0.246919E-03   0.250000E-03
  51  -0.176851E-02   0.234485E-04   0.193058E-01   0.873843E-03   0.250000E-03
  52  -0.426786E-02   0.133007E-02   0.200378E-01   0.147784E-03   0.150000E-03
  53  -0.155423E-02  -0.757126E-03   0.205020E-01   0.100708E-02   0.200000E-03
  54  -0.215608E-02   0.334817E-03   0.211600E-01   0.298502E-03   0.300000E-03
  55   0.301744E-03  -0.281208E-03   0.233996E-01   0.999264E-04   0.100000E-03
  56  -0.856766E-03  -0.441282E-03   0.238598E-01   0.395376E-03   0.400000E-03
  57  -0.292973E-02   0.764881E-03   0.245227E-01   0.912602E-03   0.400000E-03
  58  -0.152523E-02  -0.722862E-04   0.251260E-01   0.395091E-03   0.400000E-03
  59  -0.581016E-03  -0.594458E-03   0.270441E-01   0.199999E-03   0.200000E-03
  60  -0.320573E-02   0.558756E-03   0.275354E-01   0.297469E-03   0.300000E-03
  61  -0.171182E-02   0.134369E-03   0.290923E-01   0.296658E-03   0.300000E-03
  62  -0.347068E-02   0.482091E-03   0.312258E-01   0.346483E-03   0.350000E-03
  63  -0.953816E-03  -0.325083E-03   0.328589E-01   0.196754E-03   0.200000E-03
  64  -0.171133E-02  -0.710319E-03   0.347592E-01   0.345711E-03   0.350000E-03
  65  -0.162924E-02   0.258825E-03   0.363285E-01   0.619726E-03   0.350000E-03
  66  -0.178790E-02   0.398694E-03   0.364310E-01   0.139916E-03   0.150000E-03
  67  -0.174725E-02  -0.208311E-03   0.391376E-01   0.299202E-03   0.300000E-03
  68   0.151222E-02  -0.501474E-03   0.423012E-01   0.200281E-03   0.200000E-03
  69  -0.122178E-02  -0.819115E-03   0.438626E-01   0.822254E-03   0.350000E-03
  70  -0.168984E-02   0.475597E-04   0.424050E-01   0.721857E-02   0.250000E-03
  71  -0.115775E-02   0.520298E-03   0.447020E-01   0.497971E-02   0.300000E-03
  72  -0.135504E-02   0.514993E-02   0.447501E-01   0.248297E-03   0.250000E-03
  73   0.264143E-03   0.121590E-02   0.258127E-02   0.795094E-02   0.350000E-03
  74  -0.263795E-02  -0.125983E-02   0.117381E-02   0.297316E-03   0.300000E-03
  75   0.727861E-02   0.846339E-03   0.389141E-02   0.248853E-03   0.250000E-03
  76   0.854621E-04  -0.179844E-03   0.519379E-02   0.925843E-03   0.350000E-03
  77  -0.610648E-03   0.152607E-03   0.643301E-02   0.821968E-03   0.200000E-03
  78   0.196636E-03   0.657983E-03   0.662755E-02   0.133556E-02   0.350000E-03
  79  -0.813253E-03  -0.769530E-03   0.795344E-02   0.113203E-02   0.350000E-03
  80  -0.144812E-02  -0.120441E-03   0.904282E-02   0.133621E-02   0.250000E-03
  81  -0.153732E-02  -0.285527E-03   0.106684E-01   0.931241E-03   0.350000E-03
  82  -0.787158E-03   0.305117E-03   0.132800E-01   0.963270E-03   0.300000E-03
  83  -0.138718E-02  -0.634510E-03   0.137354E-01   0.345156E-03   0.350000E-03
  84  -0.260239E-03  -0.477711E-03   0.143256E-01   0.244215E-03   0.250000E-03
  85  -0.658156E-03  -0.118011E-02   0.154122E-01   0.101527E-02   0.250000E-03
  86  -0.143698E-02  -0.579558E-04   0.172612E-01   0.106428E-02   0.450000E-03
  87  -0.141103E-02  -0.421126E-03   0.188403E-01   0.104928E-02   0.250000E-03
  88  -0.185537E-02   0.470686E-03   0.200470E-01   0.799397E-03   0.300000E-03
  89  -0.211419E-02  -0.296122E-03   0.202957E-01   0.160354E-02   0.400000E-03
  90  -0.206467E-02  -0.662116E-03   0.214771E-01   0.864069E-03   0.350000E-03
  91  -0.526502E-03   0.413125E-03   0.225978E-01   0.728845E-03   0.250000E-03
  92  -0.324092E-03   0.129009E-03   0.231866E-01   0.828680E-03   0.350000E-03
  93  -0.158174E-02  -0.726728E-04   0.238116E-01   0.113912E-02   0.350000E-03
  94  -0.118246E-02   0.113858E-02   0.252374E-01   0.113437E-02   0.350000E-03
  95  -0.301613E-02  -0.134482E-03   0.273486E-01   0.917510E-03   0.350000E-03
  96  -0.923814E-03   0.727086E-03   0.280515E-01   0.117525E-02   0.400000E-03
  97   0.284979E-04   0.189400E-03   0.294633E-01   0.964556E-03   0.250000E-03
  98  -0.250606E-02   0.186307E-02   0.302903E-01   0.108224E-02   0.450000E-03
  99  -0.164939E-02  -0.364058E-03   0.324141E-01   0.246558E-03   0.250000E-03
 100  -0.154843E-02   0.571511E-03   0.327360E-01   0.624023E-03   0.250000E-03
 101  -0.163680E-02   0.812396E-03   0.349654E-01   0.106350E-02   0.400000E-03
 102  -0.950778E-03   0.396838E-03   0.368097E-01   0.262068E-03   0.250000E-03
 103  -0.192960E-02   0.683629E-03   0.376434E-01   0.893309E-03   0.250000E-03
 104  -0.149792E-02  -0.208823E-04   0.385397E-01   0.295642E-03   0.300000E-03
 105  -0.108706E-02  -0.336104E-04   0.405668E-01   0.244829E-03   0.250000E-03
 106  -0.737679E-03  -0.844916E-03   0.431882E-01   0.297239E-03   0.300000E-03
 107  -0.967825E-03   0.651123E-04   0.440878E-01   0.748848E-02   0.350000E-03
 108  -0.136226E-02   0.115618E-03   0.349212E-01   0.748596E-02   0.450000E-03
 109  -0.106465E-02  -0.169703E-02   0.239092E-03   0.617396E-03   0.250000E-03
 110  -0.195017E-02  -0.150423E-02   0.556991E-03   0.237672E-03   0.250000E-03
 111   0.744240E-02   0.142868E-03   0.186380E-02   0.398989E-03   0.400000E-03
 112  -0.439363E-02  -0.420432E-02   0.319608E-02   0.923481E-03   0.350000E-03
 113  -0.718461E-03  -0.178684E-03   0.591324E-02   0.111576E-02   0.400000E-03
 114   0.273334E-03   0.105827E-02   0.713240E-02   0.153863E-02   0.200000E-03
 115  -0.739624E-03  -0.101622E-03   0.849566E-02   0.156885E-02   0.350000E-03
 116  -0.129811E-02  -0.808743E-03   0.984403E-02   0.133165E-02   0.350000E-03
 117  -0.661944E-03  -0.254140E-03   0.113414E-01   0.743722E-03   0.350000E-03
 118  -0.756183E-03   0.378132E-04   0.123957E-01   0.291017E-03   0.300000E-03
 119  -0.275246E-03   0.568937E-04   0.142577E-01   0.784239E-03   0.300000E-03
 120  -0.280479E-03  -0.871619E-03   0.150794E-01   0.582659E-03   0.300000E-03
 121  -0.688799E-03   0.105765E-03   0.166989E-01   0.138565E-02   0.200000E-03
 122  -0.944834E-03  -0.168257E-03   0.181503E-01   0.942256E-03   0.450000E-03
 123  -0.151917E-02  -0.214836E-03   0.185874E-01   0.141766E-02   0.200000E-03
 124  -0.118676E-02   0.395053E-03   0.196822E-01   0.127234E-02   0.300000E-03
 125  -0.270332E-02  -0.279564E-03   0.208876E-01   0.775481E-03   0.250000E-03
 126  -0.305090E-02  -0.449936E-03   0.209303E-01   0.131883E-02   0.300000E-03
 127  -0.884296E-03   0.730134E-03   0.227218E-01   0.120751E-02   0.250000E-03
 128  -0.257377E-02  -0.737887E-03   0.230766E-01   0.162058E-02   0.300000E-03
 129  -0.271264E-03  -0.761963E-03   0.236197E-01   0.169347E-02   0.250000E-03
 130  -0.188680E-03   0.454334E-03   0.257399E-01   0.722425E-03   0.300000E-03
 131  -0.168872E-02   0.120715E-02   0.263567E-01   0.394680E-03   0.400000E-03
 132  -0.151655E-02   0.946891E-03   0.275339E-01   0.147536E-02   0.200000E-03
 133  -0.169002E-02   0.994791E-04   0.288143E-01   0.935545E-03   0.400000E-03
 134  -0.356957E-02  -0.369735E-03   0.311684E-01   0.109076E-02   0.400000E-03
 135  -0.214812E-02  -0.483067E-03   0.320152E-01   0.103002E-02   0.450000E-03
 136  -0.157838E-02  -0.802190E-03   0.340227E-01   0.440513E-03   0.400000E-03
 137  -0.210809E-02   0.382825E-03   0.372334E-01   0.764769E-03   0.100000E-03
 138  -0.146599E-02  -0.476534E-04   0.374032E-01   0.132668E-02   0.250000E-03
 139  -0.211214E-02   0.249025E-03   0.381765E-01   0.766247E-03   0.300000E-03
 140  -0.177026E-02  -0.392537E-03   0.396820E-01   0.266085E-03   0.250000E-03
 141  -0.747255E-03  -0.850146E-03   0.414573E-01   0.248480E-03   0.250000E-03
 142  -0.617157E-03  -0.808769E-03   0.419027E-01   0.197833E-03   0.200000E-03
 143  -0.104293E-02  -0.146683E-04   0.438994E-01   0.632062E-02   0.250000E-03
 144  -0.172114E-02   0.409821E-03   0.295401E-01   0.758519E-02   0.300000E-03
 145  -0.624692E-03   0.378032E-03   0.295132E-03   0.334281E-02   0.300000E-03
 146  -0.122543E-02   0.401711E-03   0.654228E-03   0.136852E-02   0.350000E-03
 147   0.192022E-02  -0.603833E-03   0.404522E-02   0.846817E-03   0.200000E-03
 148   0.145980E-03   0.299418E-03   0.529754E-02   0.291721E-03   0.300000E-03
 149  -0.940029E-03  -0.186687E-02   0.609863E-02   0.194147E-02   0.450000E-03
 150   0.176421E-02   0.617609E-03   0.752609E-02   0.148583E-02   0.200000E-03
 151  -0.246285E-02  -0.131578E-02   0.938810E-02   0.162096E-02   0.200000E-03
 152  -0.120650E-02  -0.629714E-03   0.103846E-01   0.139901E-02   0.200000E-03
 153  -0.153007E-02   0.195961E-03   0.111527E-01   0.136274E-02   0.300000E-03
 154   0.245131E-04   0.503041E-03   0.125833E-01   0.956263E-03   0.400000E-03
 155  -0.571984E-03   0.150948E-03   0.137696E-01   0.884156E-03   0.200000E-03
 156  -0.105745E-02  -0.822218E-03   0.147995E-01   0.122367E-02   0.400000E-03
 157  -0.306030E-03  -0.561900E-03   0.159376E-01   0.139173E-02   0.400000E-03
 158  -0.719842E-03   0.316004E-04   0.173801E-01   0.184991E-02   0.350000E-03
 159  -0.167186E-02   0.979245E-03   0.177790E-01   0.147361E-02   0.200000E-03
 160  -0.168829E-02   0.651199E-03   0.181967E-01   0.164056E-02   0.250000E-03
 161  -0.150888E-02   0.204846E-03   0.195995E-01   0.181177E-02   0.250000E-03
 162  -0.244298E-02  -0.773544E-04   0.209399E-01   0.181556E-02   0.200000E-03
 163  -0.100323E-02   0.462811E-03   0.221321E-01   0.110064E-02   0.350000E-03
 164  -0.152486E-02   0.521559E-04   0.227452E-01   0.217655E-02   0.300000E-03
 165  -0.764987E-03   0.585553E-03   0.248353E-01   0.157903E-02   0.250000E-03
 166  -0.146345E-02   0.503719E-03   0.256437E-01   0.156731E-02   0.250000E-03
 167  -0.164913E-02  -0.535840E-03   0.266320E-01   0.113576E-02   0.400000E-03
 168  -0.168996E-02   0.142617E-03   0.285863E-01   0.154242E-02   0.250000E-03
 169  -0.260828E-02   0.938917E-04   0.301980E-01   0.171810E-02   0.200000E-03
 170  -0.326796E-02   0.165508E-03   0.307916E-01   0.179209E-02   0.400000E-03
 171  -0.522589E-03  -0.103094E-02   0.335164E-01   0.921009E-03   0.300000E-03
 172  -0.135712E-02   0.848582E-03   0.341833E-01   0.122365E-02   0.400000E-03
 173  -0.218840E-02   0.108131E-02   0.356528E-01   0.118469E-02   0.300000E-03
 174  -0.159798E-02   0.140393E-03   0.368799E-01   0.104269E-02   0.350000E-03
 175  -0.178482E-02  -0.268799E-03   0.390248E-01   0.887618E-03   0.300000E-03
 176  -0.117793E-02  -0.649658E-04   0.400858E-01   0.990397E-03   0.200000E-03
 177  -0.126137E-02  -0.629859E-03   0.406087E-01   0.787051E-03   0.300000E-03
 178  -0.264829E-03  -0.379668E-03   0.443972E-01   0.143796E-02   0.200000E-03
 179   0.859752E-03  -0.474359E-03   0.426995E-01   0.195760E-03   0.200000E-03
 180  -0.168179E-02   0.107567E-02   0.400355E-01   0.753508E-02   0.300000E-03
 181  -0.147406E-02   0.257612E-03   0.198659E-03   0.106473E-02   0.200000E-03
 182  -0.716693E-03   0.788738E-03   0.136892E-02   0.216323E-02   0.200000E-03
 183  -0.590510E-02   0.179400E-02   0.334662E-02   0.295415E-03   0.300000E-03
 184   0.409955E-03  -0.111153E-03   0.532243E-02   0.160791E-02   0.350000E-03
 185  -0.655111E-03  -0.149727E-03   0.624645E-02   0.262174E-02   0.250000E-03
 186  -0.381600E-04  -0.191972E-03   0.678914E-02   0.186024E-02   0.200000E-03
 187  -0.149336E-03  -0.836720E-03   0.789868E-02   0.180889E-02   0.300000E-03
 188  -0.127842E-02   0.118600E-03   0.962274E-02   0.200447E-02   0.250000E-03
 189  -0.395033E-03  -0.176307E-03   0.116853E-01   0.124566E-02   0.250000E-03
 190  -0.638799E-03   0.332080E-03   0.119487E-01   0.822521E-03   0.250000E-03
 191  -0.359713E-03   0.706126E-03   0.139910E-01   0.126386E-02   0.250000E-03
 192  -0.141391E-02   0.123446E-03   0.142893E-01   0.183488E-02   0.400000E-03
 193   0.428546E-03  -0.474357E-03   0.153108E-01   0.170174E-02   0.300000E-03
 194  -0.460137E-03  -0.359042E-03   0.165071E-01   0.195016E-02   0.400000E-03
 195  -0.222855E-02   0.755671E-04   0.179388E-01   0.206868E-02   0.250000E-03
 196  -0.120176E-02   0.176040E-03   0.191358E-01   0.151243E-02   0.300000E-03
 197  -0.177888E-02  -0.447076E-04   0.199735E-01   0.227989E-02   0.350000E-03
 198  -0.602020E-03  -0.326482E-02   0.206514E-01   0.222087E-02   0.300000E-03
 199  -0.183421E-02  -0.358586E-03   0.214931E-01   0.151169E-02   0.300000E-03
 200  -0.167360E-02   0.208367E-03   0.222468E-01   0.215625E-02   0.200000E-03
 201   0.354282E-03   0.605689E-03   0.242866E-01   0.158203E-02   0.300000E-03
 202  -0.547905E-03  -0.549414E-03   0.259888E-01   0.121201E-02   0.250000E-03
 203  -0.185203E-02  -0.317983E-03   0.265568E-01   0.182607E-02   0.300000E-03
 204  -0.518743E-03   0.631696E-03   0.270984E-01   0.158373E-02   0.250000E-03
 205  -0.579203E-04   0.522052E-03   0.296141E-01   0.159613E-02   0.400000E-03
 206  -0.206123E-02   0.576502E-03   0.322398E-01   0.179527E-02   0.350000E-03
 207  -0.172071E-02  -0.135780E-03   0.328721E-01   0.130247E-02   0.450000E-03
 208  -0.741015E-03   0.452543E-03   0.335826E-01   0.166740E-02   0.350000E-03
 209  -0.125539E-02   0.930992E-03   0.362461E-01   0.126083E-02   0.300000E-03
 210  -0.160570E-02   0.370586E-03   0.366508E-01   0.154146E-02   0.200000E-03
 211  -0.210949E-02   0.510274E-04   0.370680E-01   0.169324E-02   0.250000E-03
 212  -0.121794E-02   0.936450E-04   0.400678E-01   0.592217E-03   0.200000E-03
 213  -0.105590E-02  -0.662207E-03   0.411308E-01   0.622920E-03   0.250000E-03
 214  -0.919166E-03  -0.101213E-02   0.420793E-01   0.554433E-03   0.200000E-03
 215   0.289956E-02   0.313230E-03   0.443489E-01   0.149876E-03   0.150000E-03
 216  -0.980897E-03   0.360162E-03   0.216616E-01   0.889798E-02   0.400000E-03
 217  -0.110510E-02  -0.974043E-03   0.141590E-01   0.930653E-02   0.350000E-03
 218  -0.113830E-02   0.931577E-03   0.835163E-03   0.203972E-02   0.350000E-03
 219   0.113307E-02   0.143309E-02   0.369453E-02   0.653630E-03   0.200000E-03
 220   0.128528E-02   0.250105E-03   0.454721E-02   0.129574E-02   0.400000E-03
 221  -0.370296E-03   0.151622E-03   0.532343E-02   0.219694E-02   0.250000E-03
 222  -0.657045E-03  -0.715228E-03   0.730174E-02   0.205883E-02   0.350000E-03
 223  -0.206043E-02  -0.836766E-03   0.902374E-02   0.202018E-02   0.350000E-03
 224  -0.120188E-02   0.579532E-04   0.102162E-01   0.192227E-02   0.350000E-03
 225  -0.358676E-03  -0.237959E-03   0.107210E-01   0.160669E-02   0.200000E-03
 226   0.130626E-03   0.371112E-03   0.121650E-01   0.150962E-02   0.300000E-03
 227  -0.662568E-03   0.513767E-03   0.130090E-01   0.144023E-02   0.250000E-03
 228  -0.114686E-02  -0.270274E-03   0.148663E-01   0.176803E-02   0.150000E-03
 229  -0.688737E-03  -0.507358E-03   0.158647E-01   0.203394E-02   0.250000E-03
 230  -0.949740E-03  -0.186494E-03   0.175553E-01   0.247207E-02   0.300000E-03
 231  -0.107558E-02   0.229584E-03   0.183686E-01   0.228235E-02   0.200000E-03
 232  -0.120536E-02   0.559634E-03   0.186839E-01   0.190249E-02   0.300000E-03
 233  -0.174267E-02   0.274745E-03   0.192263E-01   0.234198E-02   0.400000E-03
 234  -0.585402E-03   0.125207E-02   0.213518E-01   0.209629E-02   0.300000E-03
 235  -0.791143E-03   0.653810E-03   0.224319E-01   0.167209E-02   0.300000E-03
 236  -0.179144E-02  -0.593381E-04   0.233402E-01   0.215498E-02   0.300000E-03
 237   0.612036E-03   0.245253E-03   0.239894E-01   0.215957E-02   0.350000E-03
 238  -0.120531E-02   0.332315E-03   0.252426E-01   0.176898E-02   0.200000E-03
 239  -0.182319E-02  -0.436839E-03   0.267247E-01   0.234701E-02   0.250000E-03
 240  -0.157460E-02   0.344781E-03   0.290300E-01   0.149178E-02   0.200000E-03
 241  -0.270851E-02   0.585919E-03   0.302091E-01   0.226031E-02   0.350000E-03
 242   0.347271E-03  -0.262555E-02   0.315420E-01   0.174115E-02   0.350000E-03
 243  -0.155330E-02   0.864838E-03   0.329597E-01   0.224402E-02   0.500000E-03
 244  -0.758448E-03   0.129301E-02   0.354539E-01   0.199320E-02   0.200000E-03
 245  -0.165856E-02   0.951147E-03   0.349373E-01   0.181046E-02   0.350000E-03
 246  -0.168244E-02   0.177084E-03   0.365980E-01   0.213587E-02   0.400000E-03
 247  -0.223061E-02  -0.675374E-04   0.379969E-01   0.138924E-02   0.350000E-03
 248  -0.165492E-02  -0.223453E-03   0.396192E-01   0.811875E-03   0.300000E-03
 249  -0.148427E-02  -0.559714E-03   0.416478E-01   0.798055E-03   0.300000E-03
 250  -0.136541E-02  -0.696747E-03   0.437347E-01   0.243085E-03   0.250000E-03
 251  -0.648733E-03  -0.144713E-02   0.446052E-01   0.297684E-02   0.400000E-03
 252  -0.156790E-02   0.139671E-02   0.337278E-01   0.774158E-02   0.350000E-03
 253  -0.150326E-03   0.712674E-03   0.214240E-02   0.740580E-02   0.350000E-03
 254   0.284991E-02   0.588085E-03   0.137344E-02   0.960429E-03   0.350000E-03
 255  -0.142499E-02   0.336662E-02   0.226088E-02   0.975720E-03   0.300000E-03
 256   0.674505E-03  -0.634667E-03   0.477494E-02   0.195710E-02   0.300000E-03
 257   0.585205E-04  -0.740384E-03   0.672474E-02   0.235555E-02   0.300000E-03
 258  -0.371533E-03  -0.135207E-02   0.836732E-02   0.225503E-02   0.350000E-03
 259  -0.179791E-02   0.259186E-03   0.907042E-02   0.281468E-02   0.450000E-03
 260  -0.124176E-02   0.192688E-03   0.988996E-02   0.259650E-02   0.400000E-03
 261  -0.802611E-04   0.551923E-03   0.116449E-01   0.179838E-02   0.300000E-03
 262  -0.141020E-04   0.502498E-03   0.121849E-01   0.215853E-02   0.350000E-03
 263  -0.776243E-03   0.641664E-03   0.135573E-01   0.167696E-02   0.350000E-03
 264  -0.961733E-03   0.133355E-03   0.148689E-01   0.221653E-02   0.300000E-03
 265  -0.283264E-02  -0.401904E-04   0.166274E-01   0.253787E-02   0.200000E-03
 266  -0.639163E-03  -0.389740E-03   0.170263E-01   0.233009E-02   0.250000E-03
 267  -0.395141E-03  -0.409392E-03   0.171315E-01   0.281568E-02   0.250000E-03
 268  -0.118819E-02   0.139025E-04   0.186481E-01   0.263327E-02   0.250000E-03
 269  -0.148916E-02   0.384849E-03   0.190993E-01   0.297935E-02   0.250000E-03
 270  -0.174273E-02   0.258026E-03   0.196959E-01   0.292092E-02   0.350000E-03
 271  -0.925271E-03   0.556937E-03   0.219157E-01   0.185381E-02   0.250000E-03
 272  -0.177890E-02   0.492189E-03   0.223495E-01   0.274572E-02   0.400000E-03
 273  -0.150642E-02   0.224045E-03   0.235829E-01   0.279803E-02   0.400000E-03
 274  -0.207006E-02  -0.665946E-03   0.257885E-01   0.203782E-02   0.250000E-03
 275  -0.162596E-02  -0.424246E-03   0.262317E-01   0.226560E-02   0.250000E-03
 276  -0.117110E-02  -0.655345E-04   0.274801E-01   0.197187E-02   0.300000E-03
 277  -0.189505E-03   0.106762E-02   0.294433E-01   0.216884E-02   0.200000E-03
 278  -0.221874E-02   0.918320E-03   0.318662E-01   0.238550E-02   0.350000E-03
 279  -0.193162E-02   0.103574E-02   0.323705E-01   0.270327E-02   0.250000E-03
 280  -0.134840E-02   0.995927E-03   0.342982E-01   0.191368E-02   0.300000E-03
 281  -0.173892E-02   0.199999E-02   0.358806E-01   0.173422E-02   0.300000E-03
 282  -0.141786E-02   0.275273E-03   0.375487E-01   0.180155E-02   0.250000E-03
 283  -0.189429E-02  -0.832341E-03   0.384996E-01   0.161354E-02   0.200000E-03
 284  -0.205973E-02  -0.150601E-03   0.385517E-01   0.116667E-02   0.250000E-03
 285  -0.136237E-02   0.595606E-03   0.410963E-01   0.121691E-02   0.350000E-03
 286  -0.113704E-02  -0.102933E-02   0.432210E-01   0.893162E-03   0.300000E-03
 287  -0.343896E-04  -0.168307E-02   0.428444E-01   0.121816E-02   0.200000E-03
 288  -0.999655E-03   0.321511E-03   0.592311E-02   0.796134E-02   0.350000E-03
 289   0.615547E-03   0.102489E-02   0.246464E-03   0.230123E-02   0.250000E-03
 290   0.636923E-03  -0.211070E-02   0.183851E-02   0.140216E-02   0.300000E-03
 291   0.896566E-03  -0.162133E-02   0.248950E-02   0.163747E-02   0.400000E-03
 292  -0.498730E-02  -0.262003E-03   0.311826E-02   0.151555E-02   0.250000E-03
 293  -0.452380E-03  -0.382850E-03   0.570138E-02   0.258411E-02   0.300000E-03
 294  -0.565997E-03   0.162465E-03   0.823979E-02   0.298672E-02   0.400000E-03
 295  -0.138121E-02   0.794682E-03   0.970126E-02   0.337924E-02   0.400000E-03
 296  -0.744440E-03   0.559016E-03   0.111090E-01   0.190811E-02   0.250000E-03
 297  -0.716344E-04   0.644178E-05   0.107131E-01   0.195230E-02   0.150000E-03
 298   0.603727E-04   0.125867E-03   0.126310E-01   0.168304E-02   0.200000E-03
 299  -0.756684E-03  -0.150483E-03   0.138748E-01   0.232991E-02   0.250000E-03
 300  -0.831165E-03  -0.617157E-03   0.149167E-01   0.270990E-02   0.200000E-03
 301  -0.119751E-02  -0.316532E-03   0.154401E-01   0.237013E-02   0.300000E-03
 302  -0.565804E-03  -0.218347E-03   0.170691E-01   0.335776E-02   0.300000E-03
 303  -0.658778E-03   0.133843E-03   0.180471E-01   0.251000E-02   0.200000E-03
 304  -0.603594E-03  -0.296758E-03   0.182374E-01   0.291518E-02   0.250000E-03
 305  -0.139731E-02  -0.297255E-03   0.193941E-01   0.331716E-02   0.150000E-03
 306  -0.152159E-02   0.127663E-03   0.204148E-01   0.282106E-02   0.350000E-03
 307  -0.110874E-02   0.101093E-02   0.218381E-01   0.234657E-02   0.250000E-03
 308  -0.145780E-02   0.726155E-03   0.227626E-01   0.336690E-02   0.350000E-03
 309  -0.256580E-03  -0.456526E-03   0.245590E-01   0.263797E-02   0.400000E-03
 310  -0.960875E-03  -0.194418E-03   0.251467E-01   0.225897E-02   0.300000E-03
 311  -0.115032E-02  -0.310227E-03   0.272742E-01   0.258242E-02   0.350000E-03
 312  -0.151669E-02  -0.867736E-04   0.281254E-01   0.192033E-02   0.350000E-03
 313  -0.104208E-02  -0.463828E-03   0.296864E-01   0.254309E-02   0.250000E-03
 314  -0.248642E-02   0.104593E-02   0.312219E-01   0.234184E-02   0.300000E-03
 315  -0.115425E-02   0.999680E-03   0.334456E-01   0.287207E-02   0.300000E-03
 316  -0.111233E-02   0.930794E-03   0.338036E-01   0.233343E-02   0.350000E-03
 317  -0.173479E-02   0.248998E-03   0.350733E-01   0.254687E-02   0.400000E-03
 318  -0.154514E-02   0.386124E-03   0.358598E-01   0.243036E-02   0.400000E-03
 319  -0.184657E-02   0.194655E-03   0.389707E-01   0.143431E-02   0.250000E-03
 320  -0.109121E-02  -0.249320E-05   0.398342E-01   0.142185E-02   0.300000E-03
 321  -0.144424E-02   0.186337E-04   0.404278E-01   0.135114E-02   0.300000E-03
 322   0.771686E-03  -0.311878E-03   0.425936E-01   0.731975E-03   0.350000E-03
 323  -0.102920E-02  -0.828583E-03   0.439632E-01   0.211382E-02   0.350000E-03
 324   0.112161E-02   0.100458E-03   0.396182E-01   0.717673E-02   0.250000E-03
 325  -0.362899E-03   0.787242E-03   0.152602E-02   0.761111E-02   0.300000E-03
 326   0.213441E-04   0.796512E-03   0.122794E-02   0.154202E-02   0.250000E-03
 327  -0.965044E-03   0.458453E-04   0.198590E-02   0.219079E-02   0.350000E-03
 328   0.292273E-03   0.559914E-03   0.379250E-02   0.166279E-02   0.450000E-03
 329  -0.478607E-03   0.847044E-03   0.660399E-02   0.315084E-02   0.400000E-03
 330  -0.718480E-03   0.538653E-03   0.723917E-02   0.275275E-02   0.350000E-03
 331  -0.476162E-03  -0.404997E-03   0.778795E-02   0.241004E-02   0.250000E-03
 332  -0.799494E-03  -0.157299E-03   0.108123E-01   0.253824E-02   0.450000E-03
 333  -0.780935E-03   0.394654E-03   0.115468E-01   0.238944E-02   0.300000E-03
 334  -0.769577E-03  -0.392369E-03   0.129993E-01   0.193748E-02   0.250000E-03
 335  -0.697659E-03  -0.248587E-03   0.133855E-01   0.225092E-02   0.250000E-03
 336  -0.394992E-03  -0.150183E-03   0.143754E-01   0.255735E-02   0.300000E-03
 337  -0.793920E-03   0.974639E-04   0.161088E-01   0.252498E-02   0.300000E-03
 338  -0.694112E-03  -0.632399E-04   0.166838E-01   0.374108E-02   0.250000E-03
 339  -0.197723E-02  -0.156265E-04   0.176705E-01   0.311168E-02   0.350000E-03
 340  -0.139111E-02  -0.296091E-03   0.189982E-01   0.352846E-02   0.300000E-03
 341  -0.160757E-02   0.266583E-03   0.201312E-01   0.339997E-02   0.300000E-03
 342  -0.140434E-02   0.393228E-03   0.206248E-01   0.332856E-02   0.200000E-03
 343  -0.852488E-03   0.402295E-04   0.216598E-01   0.286464E-02   0.300000E-03
 344  -0.125761E-02   0.491009E-03   0.238817E-01   0.336070E-02   0.250000E-03
 345  -0.120442E-02  -0.979920E-03   0.251573E-01   0.299688E-02   0.300000E-03
 346  -0.177071E-02  -0.460501E-03   0.256834E-01   0.262534E-02   0.350000E-03
 347  -0.162233E-02  -0.557337E-03   0.263806E-01   0.289631E-02   0.400000E-03
 348  -0.163448E-02   0.373715E-03   0.289798E-01   0.198683E-02   0.300000E-03
 349  -0.311110E-02   0.109871E-02   0.301004E-01   0.284460E-02   0.250000E-03
 350  -0.189148E-02   0.119589E-02   0.320770E-01   0.316576E-02   0.300000E-03
 351  -0.185507E-02   0.992093E-03   0.328321E-01   0.308169E-02   0.350000E-03
 352  -0.179278E-02   0.588500E-03   0.345028E-01   0.310034E-02   0.400000E-03
 353  -0.155630E-02  -0.638868E-04   0.358971E-01   0.302477E-02   0.200000E-03
 354  -0.227360E-02   0.213021E-04   0.372444E-01   0.219787E-02   0.250000E-03
 355  -0.218485E-02   0.153500E-03   0.380412E-01   0.203579E-02   0.300000E-03
 356  -0.148256E-02   0.360222E-03   0.393783E-01   0.161985E-02   0.200000E-03
 357  -0.912407E-03   0.101404E-03   0.408188E-01   0.179946E-02   0.300000E-03
 358  -0.133707E-02   0.454698E-03   0.416791E-01   0.134397E-02   0.250000E-03
 359   0.129829E-02   0.593044E-03   0.442635E-01   0.531135E-02   0.250000E-03
 360  -0.185931E-02  -0.101891E-03   0.448000E-01   0.418354E-02   0.200000E-03
 361  -0.618454E-03  -0.124734E-03   0.688037E-03   0.277093E-02   0.400000E-03
 362  -0.924444E-03  -0.195327E-03   0.148610E-02   0.274807E-02   0.400000E-03
 363   0.646368E-04  -0.212214E-04   0.310108E-02   0.201516E-02   0.250000E-03
 364   0.238436E-03  -0.230480E-03   0.490588E-02   0.254623E-02   0.300000E-03
 365  -0.139954E-03   0.763883E-03   0.590523E-02   0.314638E-02   0.300000E-03
 366  -0.453734E-03   0.834604E-03   0.617170E-02   0.369778E-02   0.300000E-03
 367  -0.122828E-02  -0.454969E-03   0.871395E-02   0.335346E-02   0.200000E-03
 368  -0.113989E-02   0.474900E-03   0.103495E-01   0.312142E-02   0.300000E-03
 369  -0.110986E-02  -0.616542E-04   0.118726E-01   0.295099E-02   0.350000E-03
 370  -0.781020E-03  -0.121513E-03   0.128157E-01   0.255857E-02   0.400000E-03
 371  -0.922992E-03   0.227505E-03   0.137449E-01   0.286074E-02   0.300000E-03
 372  -0.975131E-03  -0.997965E-04   0.150469E-01   0.329138E-02   0.400000E-03
 373  -0.121645E-02  -0.332037E-04   0.156579E-01   0.292193E-02   0.300000E-03
 374  -0.866469E-03  -0.983725E-04   0.163978E-01   0.316070E-02   0.400000E-03
 375  -0.837320E-03  -0.320259E-03   0.175398E-01   0.393517E-02   0.450000E-03
 376  -0.124396E-02   0.322297E-03   0.186616E-01   0.308205E-02   0.200000E-03
 377  -0.116183E-02  -0.102661E-04   0.196007E-01   0.377149E-02   0.350000E-03
 378  -0.160408E-02  -0.996020E-03   0.210861E-01   0.263410E-02   0.300000E-03
 379  -0.158505E-02   0.432166E-03   0.211723E-01   0.329315E-02   0.350000E-03
 380  -0.125003E-02  -0.133293E-03   0.220103E-01   0.341177E-02   0.350000E-03
 381  -0.279306E-03   0.142588E-03   0.244744E-01   0.338062E-02   0.350000E-03
 382  -0.128701E-02   0.795597E-04   0.267488E-01   0.348298E-02   0.300000E-03
 383  -0.247692E-02   0.116691E-02   0.278614E-01   0.245896E-02   0.250000E-03
 384  -0.120965E-02   0.231273E-03   0.285548E-01   0.240238E-02   0.300000E-03
 385  -0.103514E-02   0.102233E-02   0.291366E-01   0.256553E-02   0.300000E-03
 386  -0.246319E-02   0.101019E-02   0.307150E-01   0.266042E-02   0.300000E-03
 387  -0.203636E-02   0.120721E-02   0.324763E-01   0.367571E-02   0.350000E-03
 388  -0.187321E-02   0.368026E-03   0.354276E-01   0.346265E-02   0.450000E-03
 389  -0.138095E-02   0.351396E-03   0.360720E-01   0.338166E-02   0.200000E-03
 390  -0.182112E-02   0.837078E-04   0.364861E-01   0.292413E-02   0.400000E-03
 391  -0.200204E-02   0.309289E-03   0.376892E-01   0.251922E-02   0.300000E-03
 392  -0.180038E-02   0.276254E-03   0.390518E-01   0.192675E-02   0.250000E-03
 393  -0.184654E-02   0.342910E-03   0.396195E-01   0.211403E-02   0.350000E-03
 394   0.362119E-03   0.372951E-03   0.422220E-01   0.126453E-02   0.300000E-03
 395  -0.107278E-02  -0.414558E-03   0.439017E-01   0.146885E-02   0.300000E-03
 396  -0.201224E-03  -0.375759E-03   0.444175E-01   0.241440E-02   0.200000E-03
 397  -0.175313E-04   0.776143E-03   0.972757E-03   0.351465E-02   0.400000E-03
 398  -0.652619E-03   0.251955E-03   0.264328E-02   0.232014E-02   0.300000E-03
 399   0.962538E-03  -0.455319E-03   0.353004E-02   0.235930E-02   0.300000E-03
 400   0.129762E-03  -0.346516E-03   0.422740E-02   0.239210E-02   0.400000E-03
 401  -0.226812E-03   0.700759E-03   0.574464E-02   0.395489E-02   0.200000E-03
 402  -0.413817E-03   0.641491E-03   0.728776E-02   0.344810E-02   0.350000E-03
 403  -0.155730E-02   0.415965E-03   0.853412E-02   0.376201E-02   0.250000E-03
 404  -0.334366E-03   0.256289E-03   0.907816E-02   0.369522E-02   0.300000E-03
 405  -0.100581E-02   0.251867E-03   0.119767E-01   0.351193E-02   0.200000E-03
 406  -0.980977E-03   0.197833E-03   0.125354E-01   0.330086E-02   0.400000E-03
 407  -0.701025E-03   0.154624E-03   0.132134E-01   0.313315E-02   0.300000E-03
 408  -0.124571E-02  -0.446076E-04   0.142501E-01   0.334335E-02   0.400000E-03
 409  -0.120826E-02  -0.234751E-03   0.157450E-01   0.355954E-02   0.350000E-03
 410  -0.111563E-02   0.102337E-03   0.162091E-01   0.400928E-02   0.300000E-03
 411  -0.837389E-03  -0.371264E-04   0.167417E-01   0.428333E-02   0.300000E-03
 412  -0.751952E-03  -0.411984E-03   0.183005E-01   0.355956E-02   0.400000E-03
 413  -0.148184E-02   0.908808E-04   0.202816E-01   0.397669E-02   0.300000E-03
 414  -0.145796E-02   0.299926E-03   0.207827E-01   0.374924E-02   0.250000E-03
 415  -0.150995E-02   0.359152E-03   0.208375E-01   0.439684E-02   0.400000E-03
 416  -0.104592E-02  -0.209110E-03   0.224270E-01   0.403421E-02   0.400000E-03
 417  -0.190996E-02   0.662003E-03   0.233771E-01   0.356866E-02   0.300000E-03
 418  -0.119280E-02  -0.399049E-04   0.251161E-01   0.364269E-02   0.350000E-03
 419  -0.959602E-03   0.192894E-04   0.277752E-01   0.306609E-02   0.350000E-03
 420  -0.112144E-02   0.158887E-03   0.283475E-01   0.290434E-02   0.250000E-03
 421  -0.997431E-03   0.272487E-03   0.295760E-01   0.312660E-02   0.350000E-03
 422  -0.236229E-02   0.106893E-02   0.313332E-01   0.308283E-02   0.450000E-03
 423  -0.153773E-02   0.395841E-03   0.338189E-01   0.339543E-02   0.350000E-03
 424  -0.189156E-02   0.257799E-03   0.347412E-01   0.375724E-02   0.300000E-03
 425  -0.181911E-02   0.230419E-03   0.369971E-01   0.339654E-02   0.300000E-03
 426  -0.177471E-02   0.185231E-03   0.371776E-01   0.282510E-02   0.300000E-03
 427  -0.203579E-02   0.344447E-03   0.380401E-01   0.312783E-02   0.300000E-03
 428  -0.161875E-02   0.115235E-03   0.385844E-01   0.209614E-02   0.250000E-03
 429  -0.128346E-02   0.512804E-04   0.402334E-01   0.191348E-02   0.300000E-03
 430  -0.177354E-02  -0.289835E-03   0.419405E-01   0.187850E-02   0.350000E-03
 431  -0.339010E-03  -0.377824E-03   0.426811E-01   0.179239E-02   0.400000E-03
 432  -0.785507E-03  -0.382650E-03   0.433053E-01   0.148217E-02   0.300000E-03
 433  -0.363256E-03   0.120976E-02   0.348096E-03   0.398840E-02   0.350000E-03
 434  -0.751142E-03   0.235207E-03   0.157738E-02   0.182411E-02   0.200000E-03
 435   0.432459E-03   0.457480E-03   0.315341E-02   0.288152E-02   0.350000E-03
 436   0.396746E-05  -0.632285E-03   0.528634E-02   0.293979E-02   0.250000E-03
 437  -0.252747E-03   0.610234E-03   0.564670E-02   0.357032E-02   0.200000E-03
 438  -0.338703E-03   0.494771E-03   0.676284E-02   0.383020E-02   0.300000E-03
 439  -0.797463E-03   0.657227E-03   0.794336E-02   0.367110E-02   0.350000E-03
 440  -0.306853E-03   0.792965E-03   0.108884E-01   0.377059E-02   0.200000E-03
 441  -0.310809E-03   0.631060E-03   0.109283E-01   0.327527E-02   0.300000E-03
 442  -0.819064E-03   0.266360E-03   0.130958E-01   0.371980E-02   0.300000E-03
 443  -0.139058E-02  -0.264846E-03   0.136202E-01   0.350264E-02   0.250000E-03
 444  -0.100708E-02  -0.359592E-03   0.152370E-01   0.396149E-02   0.300000E-03
 445  -0.871296E-03  -0.133357E-03   0.156954E-01   0.448298E-02   0.400000E-03
 446  -0.101536E-02   0.876525E-04   0.162935E-01   0.449707E-02   0.200000E-03
 447  -0.108037E-02   0.828922E-05   0.172362E-01   0.461750E-02   0.300000E-03
 448  -0.725661E-03   0.331619E-04   0.183325E-01   0.445621E-02   0.500000E-03
 449  -0.111780E-02   0.110931E-03   0.192260E-01   0.441819E-02   0.400000E-03
 450  -0.139087E-02  -0.494622E-04   0.199208E-01   0.445283E-02   0.300000E-03
 451  -0.164437E-02   0.293856E-03   0.215077E-01   0.396291E-02   0.400000E-03
 452  -0.113186E-02  -0.249087E-03   0.219227E-01   0.458450E-02   0.350000E-03
 453  -0.142443E-02  -0.330221E-03   0.240269E-01   0.393776E-02   0.350000E-03
 454  -0.160088E-02  -0.169043E-03   0.257382E-01   0.332264E-02   0.350000E-03
 455  -0.151596E-02   0.181810E-03   0.269648E-01   0.303437E-02   0.200000E-03
 456  -0.112466E-02   0.244071E-03   0.288808E-01   0.317082E-02   0.350000E-03
 457  -0.247878E-02   0.136211E-02   0.304995E-01   0.321744E-02   0.300000E-03
 458  -0.253362E-02   0.140519E-02   0.307104E-01   0.382236E-02   0.350000E-03
 459  -0.246336E-02   0.126380E-02   0.317844E-01   0.375031E-02   0.350000E-03
 460  -0.166345E-02   0.332609E-03   0.342028E-01   0.385501E-02   0.250000E-03
 461  -0.186437E-02   0.178396E-03   0.364769E-01   0.357200E-02   0.250000E-03
 462  -0.171115E-02   0.279238E-03   0.376580E-01   0.428007E-02   0.300000E-03
 463  -0.219547E-02   0.188628E-03   0.382827E-01   0.258190E-02   0.300000E-03
 464  -0.160740E-02   0.174968E-03   0.390226E-01   0.263852E-02   0.450000E-03
 465  -0.623472E-03   0.357112E-04   0.407101E-01   0.238612E-02   0.300000E-03
 466  -0.166410E-02  -0.432043E-03   0.411734E-01   0.257000E-02   0.200000E-03
 467  -0.924493E-03  -0.118887E-02   0.435661E-01   0.256107E-02   0.250000E-03
 468  -0.191667E-02  -0.654631E-03   0.435802E-01   0.383501E-02   0.350000E-03
 469   0.580832E-05   0.128219E-02   0.105493E-02   0.435799E-02   0.450000E-03
 470  -0.846324E-03   0.286414E-04   0.218288E-02   0.280871E-02   0.300000E-03
 471  -0.220403E-03   0.265667E-03   0.386817E-02   0.310482E-02   0.400000E-03
 472  -0.496141E-03   0.357422E-03   0.456398E-02   0.303715E-02   0.300000E-03
 473  -0.532628E-03   0.546877E-03   0.504865E-02   0.354076E-02   0.400000E-03
 474  -0.664817E-03   0.237479E-03   0.745521E-02   0.401695E-02   0.250000E-03
 475  -0.717742E-03   0.107050E-02   0.810874E-02   0.434959E-02   0.350000E-03
 476  -0.998244E-03  -0.952487E-04   0.955340E-02   0.405954E-02   0.300000E-03
 477  -0.122248E-02  -0.745546E-04   0.113229E-01   0.293939E-02   0.200000E-03
 478  -0.103997E-02   0.327689E-03   0.122505E-01   0.398812E-02   0.350000E-03
 479  -0.134343E-02   0.176115E-03   0.142085E-01   0.398970E-02   0.250000E-03
 480  -0.547317E-03  -0.900158E-04   0.146819E-01   0.382896E-02   0.250000E-03
 481  -0.114285E-02  -0.317157E-03   0.148150E-01   0.431150E-02   0.250000E-03
 482  -0.106267E-02   0.433239E-04   0.162846E-01   0.509103E-02   0.400000E-03
 483  -0.109644E-02  -0.167497E-04   0.169810E-01   0.515967E-02   0.300000E-03
 484  -0.744615E-03   0.539129E-04   0.186125E-01   0.520255E-02   0.300000E-03
 485  -0.133684E-02  -0.111132E-03   0.196141E-01   0.505836E-02   0.350000E-03
 486  -0.682528E-03   0.792336E-03   0.202708E-01   0.493798E-02   0.300000E-03
 487  -0.150894E-02   0.684373E-04   0.213329E-01   0.495635E-02   0.350000E-03
 488  -0.118016E-02   0.187864E-03   0.218542E-01   0.512912E-02   0.200000E-03
 489  -0.948296E-03  -0.281706E-03   0.246245E-01   0.398311E-02   0.250000E-03
 490  -0.113005E-02   0.913324E-04   0.272847E-01   0.339512E-02   0.250000E-03
 491  -0.915446E-03  -0.144358E-03   0.282969E-01   0.345233E-02   0.300000E-03
 492  -0.116048E-02  -0.379359E-04   0.292774E-01   0.380525E-02   0.400000E-03
 493  -0.234268E-02   0.899024E-03   0.300304E-01   0.359118E-02   0.300000E-03
 494  -0.238720E-02   0.114266E-02   0.312429E-01   0.372409E-02   0.200000E-03
 495  -0.243764E-02   0.505744E-03   0.328919E-01   0.402997E-02   0.200000E-03
 496  -0.151795E-02   0.378050E-03   0.359490E-01   0.419923E-02   0.350000E-03
 497  -0.145263E-02  -0.799712E-04   0.361099E-01   0.372778E-02   0.150000E-03
 498  -0.185745E-02   0.247777E-03   0.373695E-01   0.381198E-02   0.250000E-03
 499  -0.186067E-02   0.279615E-03   0.375397E-01   0.334303E-02   0.250000E-03
 500  -0.141085E-02   0.457709E-03   0.394035E-01   0.310157E-02   0.150000E-03
 501  -0.117041E-02   0.425029E-03   0.401661E-01   0.245779E-02   0.250000E-03
 502  -0.172312E-02  -0.229213E-03   0.413331E-01   0.210068E-02   0.300000E-03
 503  -0.121265E-02  -0.101802E-02   0.429717E-01   0.263019E-02   0.350000E-03
 504  -0.729898E-03  -0.712895E-03   0.433158E-01   0.207884E-02   0.300000E-03
 505   0.111136E-03   0.913045E-03   0.165118E-02   0.382604E-02   0.350000E-03
 506  -0.307307E-04   0.121216E-02   0.186840E-02   0.326800E-02   0.250000E-03
 507  -0.559117E-03   0.789960E-03   0.332489E-02   0.345989E-02   0.250000E-03
 508  -0.197910E-03   0.372327E-03   0.435410E-02   0.360629E-02   0.300000E-03
 509  -0.426380E-03   0.400634E-03   0.609093E-02   0.424103E-02   0.250000E-03
 510  -0.673775E-03   0.992890E-03   0.749557E-02   0.455742E-02   0.300000E-03
 511  -0.139019E-02   0.724739E-03   0.878064E-02   0.425191E-02   0.300000E-03
 512  -0.105129E-02   0.860694E-03   0.103410E-01   0.376742E-02   0.350000E-03
 513  -0.104431E-02   0.380254E-03   0.114801E-01   0.350046E-02   0.300000E-03
 514  -0.810903E-03   0.427327E-03   0.128841E-01   0.438624E-02   0.400000E-03
 515  -0.968748E-03   0.135343E-03   0.136197E-01   0.410409E-02   0.350000E-03
 516  -0.152774E-02  -0.124567E-03   0.142834E-01   0.458267E-02   0.350000E-03
 517  -0.777087E-03  -0.268123E-04   0.151484E-01   0.453187E-02   0.150000E-03
 518  -0.130903E-02   0.116022E-03   0.155023E-01   0.525294E-02   0.400000E-03
 519  -0.826028E-03   0.152663E-03   0.177200E-01   0.504088E-02   0.350000E-03
 520  -0.770639E-03   0.122225E-04   0.191325E-01   0.549634E-02   0.300000E-03
 521  -0.630810E-03   0.828025E-03   0.201113E-01   0.561851E-02   0.400000E-03
 522  -0.244790E-02  -0.492197E-03   0.207057E-01   0.527120E-02   0.250000E-03
 523  -0.110125E-02   0.832176E-04   0.218331E-01   0.557728E-02   0.250000E-03
 524  -0.152957E-02  -0.259530E-03   0.231226E-01   0.410918E-02   0.300000E-03
 525  -0.115054E-02  -0.652568E-04   0.251641E-01   0.438944E-02   0.400000E-03
 526  -0.101418E-02  -0.253024E-03   0.256292E-01   0.393879E-02   0.250000E-03
 527  -0.726260E-03  -0.265900E-03   0.277582E-01   0.371580E-02   0.300000E-03
 528  -0.164882E-02   0.154030E-02   0.291504E-01   0.454361E-02   0.350000E-03
 529  -0.161400E-02  -0.530499E-03   0.304955E-01   0.442604E-02   0.300000E-03
 530  -0.177267E-02  -0.487112E-04   0.321690E-01   0.406982E-02   0.150000E-03
 531  -0.202919E-02   0.501656E-03   0.330553E-01   0.358306E-02   0.200000E-03
 532  -0.176295E-02   0.305986E-03   0.352048E-01   0.428113E-02   0.400000E-03
 533  -0.179687E-02   0.228920E-03   0.368448E-01   0.397539E-02   0.300000E-03
 534  -0.140237E-02  -0.330539E-03   0.382424E-01   0.443051E-02   0.300000E-03
 535  -0.167969E-02   0.285995E-03   0.379192E-01   0.374018E-02   0.300000E-03
 536  -0.219614E-02   0.845975E-03   0.386912E-01   0.313620E-02   0.150000E-03
 537  -0.108406E-02   0.581293E-03   0.404444E-01   0.274354E-02   0.150000E-03
 538  -0.171948E-02  -0.365877E-03   0.417718E-01   0.250514E-02   0.300000E-03
 539  -0.165719E-03  -0.595462E-03   0.423612E-01   0.241086E-02   0.300000E-03
 540  -0.182304E-02  -0.172972E-02   0.439702E-01   0.284665E-02   0.250000E-03
 541  -0.496325E-03   0.354228E-03   0.474361E-02   0.851170E-02   0.300000E-03
 542  -0.285008E-03   0.110355E-02   0.257695E-02   0.350122E-02   0.500000E-03
 543  -0.283537E-03   0.694390E-03   0.376093E-02   0.379473E-02   0.300000E-03
 544  -0.311564E-03   0.707626E-03   0.419612E-02   0.413087E-02   0.250000E-03
 545  -0.339464E-03   0.822845E-03   0.532884E-02   0.412387E-02   0.250000E-03
 546  -0.118491E-02   0.401448E-03   0.859410E-02   0.497767E-02   0.450000E-03
 547  -0.961579E-03   0.987324E-03   0.927534E-02   0.458946E-02   0.300000E-03
 548  -0.939379E-03  -0.205584E-04   0.977759E-02   0.450278E-02   0.200000E-03
 549  -0.630046E-03  -0.393757E-03   0.110820E-01   0.433510E-02   0.400000E-03
 550  -0.113469E-02   0.107083E-03   0.116516E-01   0.402224E-02   0.250000E-03
 551  -0.146533E-02  -0.184853E-06   0.135521E-01   0.490481E-02   0.450000E-03
 552  -0.129983E-02   0.250449E-05   0.142579E-01   0.527957E-02   0.350000E-03
 553  -0.950899E-03  -0.375312E-03   0.148552E-01   0.480972E-02   0.250000E-03
 554  -0.143929E-02   0.269758E-03   0.151051E-01   0.576059E-02   0.250000E-03
 555  -0.101132E-02   0.345529E-03   0.160328E-01   0.584848E-02   0.400000E-03
 556  -0.725494E-03   0.146287E-03   0.181243E-01   0.554666E-02   0.300000E-03
 557  -0.865554E-03  -0.370950E-04   0.188634E-01   0.483062E-02   0.150000E-03
 558  -0.141831E-02   0.325789E-03   0.211986E-01   0.569170E-02   0.400000E-03
 559  -0.958556E-03  -0.801755E-04   0.225987E-01   0.466073E-02   0.250000E-03
 560  -0.131444E-02  -0.487943E-03   0.236923E-01   0.443044E-02   0.250000E-03
 561  -0.121681E-02  -0.158238E-03   0.259144E-01   0.446446E-02   0.350000E-03
 562  -0.123898E-02  -0.592010E-05   0.262154E-01   0.383431E-02   0.350000E-03
 563  -0.895825E-03  -0.119979E-03   0.285413E-01   0.410668E-02   0.400000E-03
 564  -0.876948E-03   0.363194E-03   0.285507E-01   0.480578E-02   0.300000E-03
 565  -0.158464E-02  -0.539450E-03   0.298768E-01   0.424868E-02   0.350000E-03
 566  -0.198444E-02   0.784941E-03   0.312875E-01   0.437612E-02   0.450000E-03
 567  -0.156239E-02   0.482490E-04   0.332853E-01   0.329241E-02   0.150000E-03
 568  -0.155109E-02   0.324430E-03   0.338585E-01   0.384133E-02   0.100000E-03
 569  -0.180235E-02   0.538955E-04   0.370018E-01   0.449979E-02   0.250000E-03
 570  -0.181219E-02   0.226665E-04   0.378215E-01   0.485677E-02   0.300000E-03
 571  -0.185093E-02   0.460596E-03   0.384805E-01   0.352930E-02   0.300000E-03
 572  -0.136480E-02   0.393749E-03   0.390653E-01   0.339725E-02   0.300000E-03
 573  -0.983449E-03   0.470036E-03   0.397475E-01   0.281214E-02   0.300000E-03
 574  -0.179022E-02  -0.658201E-03   0.414249E-01   0.322095E-02   0.500000E-03
 575  -0.121854E-02   0.131090E-03   0.421407E-01   0.291222E-02   0.250000E-03
 576  -0.143075E-02   0.230891E-03   0.444198E-01   0.385912E-02   0.300000E-03
 577  -0.158651E-03   0.452500E-03   0.298931E-03   0.463519E-02   0.300000E-03
 578  -0.201142E-03   0.908046E-03   0.261345E-02   0.434729E-02   0.350000E-03
 579  -0.103837E-02   0.105675E-02   0.476529E-02   0.432632E-02   0.350000E-03
 580  -0.422056E-03   0.649121E-03   0.544396E-02   0.460799E-02   0.250000E-03
 581  -0.303764E-03   0.520881E-03   0.707853E-02   0.415058E-02   0.150000E-03
 582  -0.358367E-03   0.141074E-03   0.794573E-02   0.487454E-02   0.200000E-03
 583  -0.102551E-02  -0.166362E-03   0.995077E-02   0.491499E-02   0.250000E-03
 584  -0.106739E-02  -0.285796E-03   0.103448E-01   0.446484E-02   0.350000E-03
 585  -0.803652E-03   0.238813E-03   0.107246E-01   0.516565E-02   0.450000E-03
 586  -0.873989E-03   0.438318E-03   0.118832E-01   0.452076E-02   0.300000E-03
 587  -0.877381E-03   0.438686E-03   0.123582E-01   0.467296E-02   0.200000E-03
 588  -0.135015E-02   0.395413E-03   0.136683E-01   0.554379E-02   0.200000E-03
 589  -0.289191E-04   0.394078E-04   0.148561E-01   0.531551E-02   0.250000E-03
 590  -0.123951E-02   0.405191E-03   0.154631E-01   0.603228E-02   0.200000E-03
 591  -0.730185E-03   0.151778E-03   0.173873E-01   0.553405E-02   0.250000E-03
 592  -0.829010E-03   0.594109E-03   0.181549E-01   0.614327E-02   0.300000E-03
 593  -0.835405E-03   0.626874E-04   0.195011E-01   0.596597E-02   0.300000E-03
 594  -0.166012E-02   0.432401E-03   0.206225E-01   0.616686E-02   0.350000E-03
 595  -0.986657E-03  -0.845883E-04   0.222413E-01   0.503054E-02   0.200000E-03
 596  -0.151028E-02  -0.240533E-03   0.231911E-01   0.475440E-02   0.350000E-03
 597  -0.112725E-02  -0.912747E-04   0.243924E-01   0.458933E-02   0.400000E-03
 598  -0.122017E-02  -0.105662E-03   0.266109E-01   0.440819E-02   0.350000E-03
 599  -0.100539E-02   0.293692E-04   0.271642E-01   0.397921E-02   0.350000E-03
 600  -0.144738E-02  -0.400595E-03   0.298994E-01   0.489595E-02   0.300000E-03
 601  -0.187880E-02  -0.384795E-03   0.305241E-01   0.506600E-02   0.350000E-03
 602  -0.922144E-03  -0.741568E-03   0.309951E-01   0.489945E-02   0.150000E-03
 603  -0.264021E-02   0.220383E-03   0.330426E-01   0.455696E-02   0.350000E-03
 604  -0.181093E-02   0.426700E-03   0.334354E-01   0.397756E-02   0.350000E-03
 605  -0.177999E-02  -0.287297E-04   0.364176E-01   0.478097E-02   0.400000E-03
 606  -0.137868E-02   0.291323E-03   0.385104E-01   0.514551E-02   0.450000E-03
 607  -0.196737E-02   0.179805E-03   0.386378E-01   0.405106E-02   0.250000E-03
 608  -0.145137E-02   0.418341E-03   0.396680E-01   0.346475E-02   0.300000E-03
 609  -0.118191E-02   0.523097E-03   0.402634E-01   0.320493E-02   0.350000E-03
 610  -0.848940E-03  -0.106730E-02   0.409035E-01   0.279198E-02   0.150000E-03
 611  -0.110145E-02  -0.586291E-03   0.428115E-01   0.362124E-02   0.450000E-03
 612  -0.118152E-02  -0.258771E-03   0.434488E-01   0.314510E-02   0.350000E-03
 613  -0.736830E-03   0.509954E-03   0.104402E-01   0.862373E-02   0.350000E-03
 614  -0.382804E-03   0.759019E-03   0.313788E-02   0.450157E-02   0.200000E-03
 615  -0.295593E-03   0.641324E-03   0.368153E-02   0.443836E-02   0.350000E-03
 616  -0.180904E-03   0.313356E-03   0.569579E-02   0.429963E-02   0.150000E-03
 617  -0.350353E-03   0.362079E-03   0.664616E-02   0.446480E-02   0.350000E-03
 618  -0.944044E-03   0.670072E-04   0.810993E-02   0.554896E-02   0.300000E-03
 619  -0.949381E-03   0.434227E-03   0.931277E-02   0.518583E-02   0.300000E-03
 620  -0.781365E-03   0.416517E-03   0.989798E-02   0.556041E-02   0.400000E-03
 621  -0.736387E-03   0.462462E-03   0.114134E-01   0.534769E-02   0.250000E-03
 622  -0.417175E-03   0.314029E-04   0.114564E-01   0.485825E-02   0.250000E-03
 623  -0.791032E-03   0.529475E-03   0.126904E-01   0.511040E-02   0.350000E-03
 624  -0.150926E-02   0.278935E-03   0.140013E-01   0.576483E-02   0.200000E-03
 625  -0.131772E-02   0.281016E-03   0.145282E-01   0.591930E-02   0.350000E-03
 626  -0.615862E-03   0.556765E-03   0.166481E-01   0.550077E-02   0.150000E-03
 627  -0.107100E-02   0.380294E-03   0.169584E-01   0.565856E-02   0.200000E-03
 628  -0.725633E-03   0.200446E-03   0.175616E-01   0.605208E-02   0.300000E-03
 629  -0.101061E-02   0.283124E-03   0.187897E-01   0.653526E-02   0.450000E-03
 630  -0.104644E-02  -0.189140E-03   0.218363E-01   0.612711E-02   0.300000E-03
 631  -0.139815E-02  -0.276765E-03   0.227303E-01   0.527966E-02   0.350000E-03
 632  -0.109549E-02  -0.164950E-03   0.238046E-01   0.496699E-02   0.300000E-03
 633  -0.105106E-02  -0.116637E-03   0.246482E-01   0.518141E-02   0.250000E-03
 634  -0.114791E-02  -0.192177E-03   0.271437E-01   0.452605E-02   0.200000E-03
 635  -0.123721E-02  -0.110937E-03   0.277862E-01   0.447693E-02   0.450000E-03
 636  -0.219864E-02  -0.595851E-04   0.293614E-01   0.515672E-02   0.300000E-03
 637  -0.204753E-02   0.155230E-03   0.303250E-01   0.567998E-02   0.300000E-03
 638  -0.179165E-02   0.187184E-03   0.321595E-01   0.474674E-02   0.350000E-03
 639  -0.168889E-02   0.298430E-03   0.342970E-01   0.481281E-02   0.250000E-03
 640  -0.171456E-02   0.296156E-03   0.345079E-01   0.430893E-02   0.300000E-03
 641  -0.178128E-02   0.921406E-04   0.368898E-01   0.529530E-02   0.300000E-03
 642  -0.176472E-02   0.198730E-04   0.372780E-01   0.491015E-02   0.250000E-03
 643  -0.168139E-02   0.777534E-03   0.388132E-01   0.451528E-02   0.250000E-03
 644  -0.152011E-02  -0.429711E-04   0.392969E-01   0.405772E-02   0.400000E-03
 645  -0.151216E-02  -0.592581E-03   0.417287E-01   0.385107E-02   0.200000E-03
 646  -0.182774E-02   0.254490E-03   0.407848E-01   0.333378E-02   0.150000E-03
 647   0.917091E-03   0.510539E-03   0.425786E-01   0.301418E-02   0.200000E-03
 648  -0.330356E-03  -0.573628E-03   0.448025E-01   0.354181E-02   0.200000E-03
 649   0.206551E-03   0.702337E-03   0.715038E-03   0.491056E-02   0.200000E-03
 650  -0.272880E-03   0.885390E-03   0.266671E-02   0.503854E-02   0.350000E-03
 651  -0.412711E-03   0.772903E-03   0.319891E-02   0.400384E-02   0.300000E-03
 652  -0.449369E-03   0.630369E-03   0.457884E-02   0.492918E-02   0.200000E-03
 653  -0.358269E-03   0.544004E-03   0.657430E-02   0.495774E-02   0.150000E-03
 654  -0.514730E-03   0.249254E-03   0.747800E-02   0.525004E-02   0.400000E-03
 655  -0.107542E-02   0.766290E-03   0.876998E-02   0.575615E-02   0.350000E-03
 656  -0.731568E-03   0.525591E-03   0.934967E-02   0.590548E-02   0.250000E-03
 657  -0.773340E-03   0.547610E-03   0.104741E-01   0.594731E-02   0.300000E-03
 658  -0.825586E-03   0.656143E-03   0.119923E-01   0.516086E-02   0.350000E-03
 659  -0.745215E-03   0.337991E-03   0.131602E-01   0.548301E-02   0.250000E-03
 660  -0.179310E-02   0.550893E-03   0.136268E-01   0.623197E-02   0.400000E-03
 661  -0.137256E-02   0.378990E-03   0.150471E-01   0.630602E-02   0.300000E-03
 662  -0.919903E-03   0.478670E-03   0.163697E-01   0.645745E-02   0.300000E-03
 663  -0.674312E-03  -0.181193E-03   0.166657E-01   0.599669E-02   0.250000E-03
 664  -0.715155E-03   0.529706E-03   0.177872E-01   0.655066E-02   0.250000E-03
 665  -0.526049E-03   0.222396E-03   0.199911E-01   0.630712E-02   0.300000E-03
 666  -0.148936E-02  -0.119801E-02   0.212379E-01   0.638936E-02   0.300000E-03
 667  -0.156604E-02  -0.907901E-04   0.223344E-01   0.579061E-02   0.300000E-03
 668  -0.971886E-03  -0.248853E-03   0.233722E-01   0.537958E-02   0.300000E-03
 669  -0.940474E-03  -0.205724E-03   0.248539E-01   0.478093E-02   0.100000E-03
 670  -0.114044E-02  -0.209146E-03   0.263538E-01   0.489275E-02   0.200000E-03
 671  -0.178293E-02   0.357755E-04   0.284860E-01   0.530831E-02   0.200000E-03
 672  -0.982404E-03   0.394834E-03   0.280900E-01   0.510563E-02   0.250000E-03
 673  -0.132384E-02  -0.156235E-03   0.310197E-01   0.554645E-02   0.350000E-03
 674  -0.212315E-02   0.417262E-03   0.315715E-01   0.512259E-02   0.350000E-03
 675  -0.208118E-02   0.439701E-03   0.325163E-01   0.427112E-02   0.250000E-03
 676  -0.167695E-02   0.344173E-03   0.347948E-01   0.478423E-02   0.250000E-03
 677  -0.175638E-02   0.245093E-03   0.369740E-01   0.598869E-02   0.400000E-03
 678  -0.165702E-02   0.124563E-03   0.374298E-01   0.538603E-02   0.250000E-03
 679  -0.151670E-02   0.156174E-03   0.390976E-01   0.542169E-02   0.200000E-03
 680  -0.167129E-02   0.788785E-03   0.392706E-01   0.490113E-02   0.350000E-03
 681  -0.178062E-02  -0.830040E-04   0.410996E-01   0.389260E-02   0.250000E-03
 682  -0.117936E-02  -0.573478E-03   0.421471E-01   0.341094E-02   0.250000E-03
 683  -0.142004E-02   0.869498E-04   0.440284E-01   0.455296E-02   0.500000E-03
 684  -0.202609E-02  -0.510806E-03   0.440481E-01   0.339038E-02   0.300000E-03
 685  -0.239698E-03   0.775445E-03   0.348897E-03   0.735234E-02   0.350000E-03
 686  -0.300615E-03   0.813003E-03   0.333053E-02   0.561672E-02   0.350000E-03
 687  -0.321019E-03   0.859158E-03   0.331119E-02   0.496948E-02   0.300000E-03
 688  -0.647792E-03   0.638084E-03   0.502298E-02   0.487121E-02   0.250000E-03
 689  -0.514488E-05   0.627281E-03   0.706861E-02   0.481212E-02   0.200000E-03
 690  -0.424544E-03   0.674390E-03   0.761251E-02   0.598042E-02   0.350000E-03
 691  -0.806196E-03   0.524270E-03   0.877836E-02   0.649433E-02   0.350000E-03
 692  -0.878326E-03   0.728210E-03   0.989866E-02   0.625869E-02   0.300000E-03
 693  -0.854423E-03   0.718107E-03   0.103952E-01   0.648938E-02   0.250000E-03
 694  -0.591031E-03   0.478871E-03   0.111166E-01   0.586164E-02   0.350000E-03
 695  -0.788000E-03   0.438955E-03   0.128986E-01   0.602213E-02   0.350000E-03
 696  -0.108116E-02   0.857517E-04   0.146328E-01   0.722928E-02   0.250000E-03
 697  -0.134078E-02   0.245816E-03   0.143368E-01   0.663989E-02   0.400000E-03
 698  -0.105893E-02   0.534406E-03   0.156839E-01   0.658959E-02   0.400000E-03
 699  -0.914583E-03   0.517684E-03   0.170944E-01   0.663721E-02   0.450000E-03
 700  -0.942173E-03   0.222943E-03   0.181648E-01   0.694817E-02   0.300000E-03
 701  -0.795639E-03   0.427797E-03   0.195234E-01   0.667908E-02   0.300000E-03
 702  -0.114261E-02  -0.631459E-03   0.203955E-01   0.687727E-02   0.400000E-03
 703  -0.119363E-02   0.990118E-04   0.230082E-01   0.597557E-02   0.400000E-03
 704  -0.114577E-02  -0.178404E-03   0.241417E-01   0.557897E-02   0.400000E-03
 705  -0.109271E-02  -0.101182E-03   0.251234E-01   0.503541E-02   0.250000E-03
 706  -0.115287E-02  -0.208488E-03   0.259377E-01   0.506280E-02   0.250000E-03
 707  -0.127350E-02   0.464432E-03   0.269478E-01   0.508926E-02   0.400000E-03
 708  -0.162955E-02   0.321832E-03   0.298314E-01   0.544066E-02   0.250000E-03
 709  -0.187007E-02  -0.132422E-03   0.320945E-01   0.529235E-02   0.200000E-03
 710  -0.222258E-02  -0.497229E-03   0.326845E-01   0.503636E-02   0.250000E-03
 711  -0.187547E-02   0.294187E-03   0.337391E-01   0.460313E-02   0.350000E-03
 712  -0.187178E-02   0.761981E-04   0.351312E-01   0.521893E-02   0.300000E-03
 713  -0.177576E-02   0.350212E-03   0.381631E-01   0.636495E-02   0.350000E-03
 714  -0.139440E-02   0.289696E-03   0.379368E-01   0.570247E-02   0.350000E-03
 715  -0.156149E-02   0.171050E-03   0.388332E-01   0.564662E-02   0.150000E-03
 716  -0.119043E-02   0.502355E-03   0.397392E-01   0.453631E-02   0.250000E-03
 717  -0.139155E-02   0.692486E-03   0.400704E-01   0.366592E-02   0.150000E-03
 718  -0.119645E-02  -0.322491E-03   0.421749E-01   0.390874E-02   0.250000E-03
 719  -0.105187E-02   0.404787E-03   0.448012E-01   0.546835E-02   0.200000E-03
 720  -0.100693E-02   0.783796E-03   0.434122E-01   0.730550E-02   0.350000E-03
 721  -0.382478E-04   0.901139E-03   0.215020E-02   0.405461E-02   0.200000E-03
 722  -0.200485E-03   0.911447E-03   0.202486E-02   0.512970E-02   0.300000E-03
 723  -0.307799E-03   0.626381E-03   0.424886E-02   0.462741E-02   0.250000E-03
 724  -0.478253E-03   0.590687E-03   0.602897E-02   0.488709E-02   0.400000E-03
 725   0.534706E-04   0.355233E-03   0.694021E-02   0.513708E-02   0.150000E-03
 726  -0.434140E-03   0.773076E-03   0.653445E-02   0.550488E-02   0.400000E-03
 727  -0.823096E-03   0.588280E-03   0.824214E-02   0.613363E-02   0.300000E-03
 728  -0.703487E-03   0.642223E-03   0.937002E-02   0.640310E-02   0.250000E-03
 729  -0.910972E-03   0.865669E-03   0.972324E-02   0.683218E-02   0.300000E-03
 730  -0.840346E-03   0.622385E-03   0.123765E-01   0.562135E-02   0.250000E-03
 731  -0.601675E-03   0.345990E-03   0.122276E-01   0.622043E-02   0.350000E-03
 732  -0.131132E-02   0.196943E-03   0.131167E-01   0.663180E-02   0.250000E-03
 733  -0.132031E-02   0.287295E-03   0.149525E-01   0.684598E-02   0.250000E-03
 734  -0.970249E-03   0.592493E-03   0.161850E-01   0.691856E-02   0.200000E-03
 735  -0.102288E-02   0.239384E-03   0.175953E-01   0.725993E-02   0.350000E-03
 736  -0.139075E-02  -0.598584E-03   0.190951E-01   0.732720E-02   0.400000E-03
 737  -0.126455E-02  -0.542097E-03   0.197848E-01   0.721757E-02   0.300000E-03
 738  -0.111582E-02  -0.158649E-03   0.214686E-01   0.704802E-02   0.400000E-03
 739  -0.160126E-02  -0.413928E-04   0.224144E-01   0.643237E-02   0.350000E-03
 740  -0.135067E-02   0.553011E-04   0.237237E-01   0.619799E-02   0.350000E-03
 741  -0.851450E-03   0.361310E-03   0.248049E-01   0.565423E-02   0.250000E-03
 742  -0.111171E-02   0.294405E-03   0.263537E-01   0.534237E-02   0.250000E-03
 743  -0.136515E-02   0.398254E-03   0.275933E-01   0.514772E-02   0.250000E-03
 744  -0.171012E-02  -0.102545E-03   0.288650E-01   0.519422E-02   0.200000E-03
 745  -0.216553E-02   0.982964E-03   0.315940E-01   0.572179E-02   0.250000E-03
 746  -0.200830E-02   0.249618E-03   0.328215E-01   0.561905E-02   0.350000E-03
 747  -0.246799E-02   0.721728E-03   0.332815E-01   0.516041E-02   0.300000E-03
 748  -0.190361E-02   0.747830E-04   0.356737E-01   0.486289E-02   0.350000E-03
 749  -0.183346E-02   0.140600E-03   0.363221E-01   0.547342E-02   0.300000E-03
 750  -0.166187E-02   0.253815E-03   0.385098E-01   0.587691E-02   0.250000E-03
 751  -0.161998E-02   0.780736E-04   0.391649E-01   0.594255E-02   0.300000E-03
 752  -0.174802E-02   0.757198E-03   0.401874E-01   0.422911E-02   0.300000E-03
 753  -0.182145E-02   0.317526E-03   0.407347E-01   0.303853E-02   0.150000E-03
 754  -0.126334E-02  -0.240002E-03   0.418922E-01   0.418976E-02   0.150000E-03
 755  -0.807302E-03  -0.828189E-03   0.425372E-01   0.415290E-02   0.150000E-03
 756  -0.116097E-02   0.556762E-03   0.431098E-01   0.673029E-02   0.300000E-03
 757  -0.146832E-03   0.111506E-02   0.183937E-02   0.450730E-02   0.350000E-03
 758  -0.571162E-03   0.794494E-03   0.402349E-02   0.569318E-02   0.350000E-03
 759  -0.502581E-03   0.836728E-03   0.390389E-02   0.505482E-02   0.300000E-03
 760  -0.653685E-03   0.713585E-03   0.473779E-02   0.558446E-02   0.300000E-03
 761  -0.649261E-03   0.706307E-03   0.541018E-02   0.539185E-02   0.400000E-03
 762  -0.497751E-03   0.844745E-03   0.592301E-02   0.593622E-02   0.350000E-03
 763  -0.503907E-03   0.638913E-03   0.690090E-02   0.621310E-02   0.400000E-03
 764  -0.742733E-03   0.444291E-03   0.817187E-02   0.672920E-02   0.300000E-03
 765  -0.664589E-03   0.352939E-03   0.115506E-01   0.640462E-02   0.350000E-03
 766  -0.697754E-03   0.328983E-03   0.117619E-01   0.576832E-02   0.300000E-03
 767  -0.735628E-03   0.323868E-03   0.126813E-01   0.652678E-02   0.200000E-03
 768  -0.170535E-02   0.421691E-03   0.137314E-01   0.687320E-02   0.250000E-03
 769  -0.128229E-02   0.404285E-03   0.152534E-01   0.736366E-02   0.350000E-03
 770  -0.106097E-02   0.329832E-03   0.158350E-01   0.722115E-02   0.250000E-03
 771  -0.115325E-02   0.552843E-04   0.165702E-01   0.680303E-02   0.100000E-03
 772  -0.144060E-02  -0.611041E-03   0.184527E-01   0.741303E-02   0.250000E-03
 773  -0.792075E-03   0.172929E-03   0.201649E-01   0.780452E-02   0.400000E-03
 774  -0.880725E-03  -0.319907E-03   0.208503E-01   0.746920E-02   0.350000E-03
 775  -0.113986E-02   0.143270E-03   0.232584E-01   0.657394E-02   0.250000E-03
 776  -0.851342E-03   0.352073E-03   0.248534E-01   0.610091E-02   0.200000E-03
 777  -0.112847E-02  -0.120162E-03   0.255363E-01   0.485997E-02   0.200000E-03
 778  -0.117871E-02   0.339997E-03   0.259413E-01   0.551145E-02   0.200000E-03
 779  -0.153175E-02  -0.686460E-03   0.276777E-01   0.568911E-02   0.300000E-03
 780  -0.212119E-02   0.716406E-03   0.293569E-01   0.580540E-02   0.350000E-03
 781  -0.162998E-02   0.446675E-03   0.307089E-01   0.599976E-02   0.200000E-03
 782  -0.206593E-02   0.173110E-03   0.321396E-01   0.578991E-02   0.300000E-03
 783  -0.181810E-02   0.418732E-03   0.339200E-01   0.527844E-02   0.350000E-03
 784  -0.164514E-02   0.416632E-03   0.344670E-01   0.522573E-02   0.200000E-03
 785  -0.184747E-02   0.136749E-03   0.356820E-01   0.556230E-02   0.350000E-03
 786   0.763217E-03   0.108911E-02   0.375886E-01   0.619758E-02   0.250000E-03
 787  -0.935000E-03   0.268016E-03   0.397281E-01   0.614318E-02   0.300000E-03
 788  -0.119242E-02   0.184597E-03   0.396399E-01   0.549844E-02   0.350000E-03
 789  -0.122047E-02   0.191030E-03   0.405683E-01   0.376941E-02   0.300000E-03
 790  -0.179535E-02  -0.716164E-04   0.414588E-01   0.429999E-02   0.300000E-03
 791  -0.158737E-02  -0.108179E-02   0.431191E-01   0.435973E-02   0.350000E-03
 792  -0.126267E-02  -0.244405E-03   0.438838E-01   0.518646E-02   0.150000E-03
 793  -0.285755E-03   0.855850E-03   0.284607E-02   0.550142E-02   0.150000E-03
 794  -0.147077E-03   0.868075E-03   0.243453E-02   0.547843E-02   0.150000E-03
 795  -0.533582E-03   0.819448E-03   0.435851E-02   0.525980E-02   0.200000E-03
 796  -0.347740E-03   0.966970E-03   0.265530E-02   0.649064E-02   0.300000E-03
 797  -0.572566E-03   0.838323E-03   0.451174E-02   0.626078E-02   0.400000E-03
 798  -0.714171E-03   0.849641E-03   0.517838E-02   0.604978E-02   0.300000E-03
 799  -0.400748E-03   0.402221E-03   0.752464E-02   0.667071E-02   0.350000E-03
 800  -0.835127E-03   0.658447E-03   0.884016E-02   0.709009E-02   0.250000E-03
 801  -0.724420E-03   0.861513E-03   0.108117E-01   0.676461E-02   0.250000E-03
 802  -0.592345E-03   0.347504E-03   0.112800E-01   0.693984E-02   0.250000E-03
 803  -0.652364E-03   0.451395E-03   0.120125E-01   0.678001E-02   0.250000E-03
 804  -0.130179E-02   0.236463E-03   0.132641E-01   0.716106E-02   0.300000E-03
 805  -0.127108E-02   0.100597E-03   0.140871E-01   0.729317E-02   0.300000E-03
 806  -0.896810E-03  -0.292001E-03   0.157194E-01   0.765573E-02   0.200000E-03
 807  -0.174461E-02  -0.392589E-03   0.180277E-01   0.767549E-02   0.250000E-03
 808  -0.139587E-02   0.191765E-03   0.191171E-01   0.817533E-02   0.450000E-03
 809  -0.109413E-02  -0.317917E-03   0.214367E-01   0.774678E-02   0.300000E-03
 810  -0.154054E-02  -0.106643E-03   0.221672E-01   0.702993E-02   0.300000E-03
 811  -0.129180E-02   0.205926E-03   0.237549E-01   0.684496E-02   0.300000E-03
 812  -0.976525E-03  -0.960681E-04   0.243727E-01   0.623836E-02   0.300000E-03
 813  -0.927525E-03   0.327757E-03   0.253974E-01   0.556357E-02   0.350000E-03
 814  -0.138388E-02   0.137972E-03   0.271801E-01   0.564196E-02   0.200000E-03
 815  -0.160639E-02   0.657939E-03   0.286127E-01   0.589235E-02   0.400000E-03
 816  -0.101477E-02   0.967748E-03   0.312355E-01   0.604299E-02   0.200000E-03
 817  -0.206674E-02   0.306761E-03   0.302583E-01   0.627238E-02   0.300000E-03
 818  -0.200160E-02   0.228072E-03   0.325635E-01   0.621385E-02   0.300000E-03
 819  -0.144730E-02   0.685784E-04   0.334609E-01   0.573675E-02   0.300000E-03
 820  -0.187404E-02   0.481374E-04   0.347194E-01   0.565362E-02   0.300000E-03
 821  -0.180636E-02   0.407807E-03   0.362174E-01   0.606244E-02   0.300000E-03
 822  -0.187906E-02   0.642047E-03   0.378313E-01   0.692363E-02   0.300000E-03
 823  -0.158514E-02   0.368426E-04   0.387604E-01   0.631450E-02   0.250000E-03
 824  -0.124731E-02   0.382168E-03   0.408236E-01   0.556912E-02   0.350000E-03
 825  -0.134263E-02   0.282964E-03   0.402633E-01   0.499917E-02   0.450000E-03
 826  -0.218440E-02   0.648012E-03   0.408091E-01   0.441615E-02   0.350000E-03
 827  -0.122932E-02  -0.513004E-03   0.422291E-01   0.440496E-02   0.250000E-03
 828  -0.138100E-02   0.359636E-03   0.402890E-01   0.693668E-02   0.350000E-03
 829  -0.321036E-03   0.975473E-03   0.262747E-02   0.589246E-02   0.300000E-03
 830  -0.129375E-03   0.675277E-03   0.299385E-03   0.523433E-02   0.300000E-03
 831  -0.121141E-03   0.606413E-03   0.314441E-03   0.573311E-02   0.200000E-03
 832  -0.370946E-03   0.923016E-03   0.310131E-02   0.616988E-02   0.250000E-03
 833  -0.460391E-03   0.656675E-03   0.328824E-02   0.668558E-02   0.300000E-03
 834  -0.717507E-03   0.761147E-03   0.509669E-02   0.664339E-02   0.300000E-03
 835  -0.645486E-03   0.659434E-03   0.575934E-02   0.682012E-02   0.300000E-03
 836  -0.359683E-03   0.785065E-03   0.759184E-02   0.736511E-02   0.350000E-03
 837  -0.732238E-03   0.677632E-03   0.108095E-01   0.631607E-02   0.200000E-03
 838  -0.693926E-03   0.521269E-03   0.117509E-01   0.731971E-02   0.350000E-03
 839  -0.750457E-03   0.335641E-03   0.125673E-01   0.711495E-02   0.400000E-03
 840  -0.122293E-02   0.268310E-03   0.141573E-01   0.788839E-02   0.300000E-03
 841  -0.103104E-02   0.224599E-03   0.147443E-01   0.776718E-02   0.300000E-03
 842  -0.949019E-03   0.193059E-03   0.170288E-01   0.757651E-02   0.300000E-03
 843  -0.139876E-02   0.327973E-03   0.184693E-01   0.791033E-02   0.250000E-03
 844  -0.923421E-03   0.381355E-03   0.198268E-01   0.841706E-02   0.300000E-03
 845  -0.916292E-03   0.285019E-03   0.208210E-01   0.816694E-02   0.350000E-03
 846  -0.149164E-02  -0.150671E-03   0.219412E-01   0.753051E-02   0.250000E-03
 847  -0.114425E-02   0.106785E-03   0.232238E-01   0.712118E-02   0.300000E-03
 848  -0.946405E-03   0.209084E-03   0.244483E-01   0.693321E-02   0.400000E-03
 849  -0.909004E-03   0.313398E-03   0.253801E-01   0.625908E-02   0.350000E-03
 850  -0.108660E-02   0.792902E-04   0.267084E-01   0.563448E-02   0.200000E-03
 851  -0.118282E-02   0.468582E-03   0.265683E-01   0.611052E-02   0.300000E-03
 852  -0.159979E-02   0.477117E-03   0.299023E-01   0.583401E-02   0.150000E-03
 853  -0.191089E-02   0.258266E-03   0.316964E-01   0.633742E-02   0.350000E-03
 854  -0.188282E-02   0.288278E-03   0.327780E-01   0.682687E-02   0.350000E-03
 855  -0.153596E-02   0.258985E-03   0.331617E-01   0.625637E-02   0.300000E-03
 856  -0.189093E-02   0.987592E-04   0.341156E-01   0.600103E-02   0.400000E-03
 857  -0.175525E-02   0.182678E-03   0.352112E-01   0.607605E-02   0.350000E-03
 858  -0.181855E-02   0.392872E-03   0.365618E-01   0.655239E-02   0.300000E-03
 859  -0.152618E-02   0.279680E-03   0.392906E-01   0.647658E-02   0.250000E-03
 860  -0.100463E-02   0.282016E-03   0.402167E-01   0.579560E-02   0.300000E-03
 861  -0.179253E-02   0.375246E-03   0.415209E-01   0.558295E-02   0.350000E-03
 862  -0.181918E-02   0.185851E-02   0.409808E-01   0.499050E-02   0.250000E-03
 863  -0.102319E-02  -0.173322E-03   0.432858E-01   0.514187E-02   0.450000E-03
 864  -0.851517E-03  -0.988930E-04   0.445510E-01   0.606735E-02   0.450000E-03
 865  -0.174546E-03   0.937513E-03   0.137736E-02   0.508241E-02   0.350000E-03
 866  -0.247090E-03   0.102544E-02   0.171011E-02   0.551583E-02   0.200000E-03
 867  -0.324641E-03   0.974151E-03   0.203412E-02   0.630397E-02   0.350000E-03
 868  -0.263840E-03   0.217552E-03   0.371591E-02   0.626541E-02   0.300000E-03
 869  -0.476036E-03   0.742713E-03   0.337480E-02   0.722641E-02   0.250000E-03
 870  -0.645817E-03   0.669431E-03   0.626035E-02   0.649074E-02   0.300000E-03
 871  -0.529872E-03   0.449203E-03   0.692203E-02   0.691175E-02   0.300000E-03
 872  -0.706946E-03   0.647969E-03   0.921672E-02   0.682452E-02   0.200000E-03
 873  -0.804205E-03   0.227616E-03   0.102948E-01   0.702689E-02   0.300000E-03
 874  -0.929466E-03   0.473138E-03   0.117043E-01   0.798654E-02   0.300000E-03
 875  -0.855883E-03   0.407839E-03   0.122495E-01   0.773654E-02   0.300000E-03
 876  -0.133203E-02   0.192164E-03   0.136071E-01   0.765024E-02   0.300000E-03
 877  -0.115804E-02   0.309720E-03   0.146884E-01   0.836387E-02   0.300000E-03
 878  -0.982235E-03   0.364168E-03   0.163990E-01   0.742239E-02   0.350000E-03
 879  -0.102340E-02   0.138718E-03   0.175047E-01   0.785140E-02   0.250000E-03
 880  -0.101404E-02   0.171421E-03   0.177331E-01   0.835037E-02   0.300000E-03
 881  -0.832868E-03   0.186135E-04   0.219207E-01   0.810118E-02   0.300000E-03
 882  -0.937545E-03   0.817651E-04   0.226837E-01   0.721685E-02   0.250000E-03
 883  -0.116891E-02   0.149596E-03   0.228659E-01   0.664496E-02   0.150000E-03
 884  -0.115555E-02   0.443301E-03   0.239266E-01   0.747060E-02   0.350000E-03
 885  -0.106097E-02   0.356885E-03   0.258592E-01   0.740062E-02   0.400000E-03
 886  -0.113483E-02   0.461646E-03   0.259783E-01   0.600840E-02   0.300000E-03
 887  -0.157533E-02   0.683696E-03   0.283629E-01   0.659665E-02   0.350000E-03
 888  -0.220914E-02   0.403453E-03   0.295722E-01   0.657441E-02   0.450000E-03
 889  -0.137151E-02   0.650085E-03   0.309264E-01   0.661279E-02   0.450000E-03
 890  -0.203916E-02   0.240436E-03   0.322133E-01   0.663626E-02   0.250000E-03
 891  -0.201428E-02   0.334420E-03   0.337255E-01   0.663968E-02   0.350000E-03
 892  -0.175239E-02   0.181988E-03   0.346616E-01   0.658484E-02   0.400000E-03
 893  -0.160496E-02   0.279130E-03   0.357495E-01   0.643685E-02   0.300000E-03
 894  -0.170013E-02   0.339982E-03   0.385911E-01   0.678447E-02   0.250000E-03
 895  -0.156127E-02   0.381749E-03   0.391002E-01   0.699194E-02   0.300000E-03
 896  -0.165558E-02   0.563156E-03   0.419175E-01   0.696183E-02   0.300000E-03
 897  -0.173755E-02   0.467414E-03   0.424717E-01   0.662243E-02   0.350000E-03
 898  -0.175322E-02  -0.845507E-03   0.426293E-01   0.460887E-02   0.200000E-03
 899  -0.174042E-02  -0.537175E-04   0.424905E-01   0.520158E-02   0.350000E-03
 900  -0.981595E-03  -0.159078E-03   0.438290E-01   0.572507E-02   0.350000E-03
 901  -0.179774E-03   0.102809E-02   0.129132E-02   0.567349E-02   0.250000E-03
 902  -0.401180E-03   0.789251E-03   0.309400E-02   0.763951E-02   0.250000E-03
 903  -0.339072E-03   0.993360E-03   0.211130E-02   0.571021E-02   0.250000E-03
 904  -0.401876E-03   0.774969E-03   0.278363E-02   0.712634E-02   0.350000E-03
 905  -0.484703E-03   0.711014E-03   0.401843E-02   0.695173E-02   0.450000E-03
 906  -0.969249E-03   0.685095E-03   0.587631E-02   0.736330E-02   0.250000E-03
 907  -0.556381E-03   0.963780E-03   0.557118E-02   0.635754E-02   0.200000E-03
 908  -0.833048E-03   0.757669E-03   0.885593E-02   0.763914E-02   0.300000E-03
 909  -0.707929E-03   0.658502E-03   0.935307E-02   0.730399E-02   0.300000E-03
 910  -0.701533E-03   0.576598E-03   0.101122E-01   0.806288E-02   0.300000E-03
 911  -0.783777E-03   0.573723E-03   0.112604E-01   0.766405E-02   0.250000E-03
 912  -0.133418E-02   0.207459E-03   0.151685E-01   0.863169E-02   0.250000E-03
 913  -0.126692E-02   0.462428E-03   0.153412E-01   0.805737E-02   0.350000E-03
 914  -0.984016E-03   0.348285E-03   0.161322E-01   0.817500E-02   0.450000E-03
 915  -0.958132E-03   0.396543E-03   0.170128E-01   0.827592E-02   0.400000E-03
 916  -0.134941E-02   0.623476E-03   0.203823E-01   0.864422E-02   0.300000E-03
 917  -0.104814E-02   0.288588E-03   0.199767E-01   0.908505E-02   0.300000E-03
 918  -0.930356E-03   0.100401E-03   0.224860E-01   0.778128E-02   0.350000E-03
 919  -0.112453E-02   0.757618E-04   0.231860E-01   0.776965E-02   0.350000E-03
 920  -0.969566E-03   0.555346E-03   0.247744E-01   0.644134E-02   0.150000E-03
 921  -0.108957E-02   0.348855E-03   0.233615E-01   0.850966E-02   0.350000E-03
 922  -0.109551E-02  -0.798492E-04   0.259549E-01   0.665712E-02   0.350000E-03
 923  -0.149115E-02   0.133840E-03   0.277144E-01   0.633638E-02   0.350000E-03
 924  -0.201788E-02   0.230044E-03   0.289082E-01   0.718145E-02   0.450000E-03
 925  -0.120446E-02   0.136473E-02   0.310984E-01   0.739343E-02   0.350000E-03
 926  -0.190291E-02   0.202879E-03   0.316040E-01   0.697990E-02   0.300000E-03
 927  -0.173669E-02   0.404868E-03   0.336403E-01   0.719887E-02   0.200000E-03
 928  -0.192329E-02  -0.400118E-03   0.341691E-01   0.649740E-02   0.100000E-03
 929  -0.160037E-02   0.743174E-03   0.372227E-01   0.669597E-02   0.350000E-03
 930  -0.140868E-02   0.216083E-03   0.412232E-01   0.664584E-02   0.300000E-03
 931  -0.179832E-02   0.437623E-03   0.411918E-01   0.608065E-02   0.250000E-03
 932  -0.920927E-03   0.571011E-03   0.397414E-01   0.669222E-02   0.250000E-03
 933  -0.175445E-02   0.486825E-03   0.418131E-01   0.627004E-02   0.400000E-03
 934  -0.161488E-02   0.782628E-03   0.412535E-01   0.469922E-02   0.150000E-03
 935  -0.165538E-02   0.208924E-04   0.418077E-01   0.489819E-02   0.400000E-03
 936  -0.137944E-02   0.207219E-03   0.433677E-01   0.618260E-02   0.300000E-03
 937  -0.323119E-03   0.796852E-03   0.102924E-02   0.719236E-02   0.350000E-03
 938  -0.147077E-03   0.106963E-02   0.297995E-03   0.623237E-02   0.300000E-03
 939  -0.605170E-03   0.574719E-03   0.372612E-02   0.771008E-02   0.350000E-03
 940   0.205784E-03   0.827543E-03   0.788988E-03   0.588997E-02   0.300000E-03
 941  -0.151848E-03   0.713391E-03   0.166273E-02   0.689631E-02   0.350000E-03
 942  -0.471763E-03   0.551511E-03   0.457548E-02   0.772977E-02   0.500000E-03
 943  -0.737892E-03   0.729415E-03   0.528569E-02   0.726451E-02   0.350000E-03
 944  -0.667005E-03   0.490627E-03   0.634780E-02   0.708276E-02   0.300000E-03
 945  -0.751353E-03   0.623334E-03   0.108401E-01   0.731257E-02   0.300000E-03
 946  -0.597115E-03   0.678308E-03   0.985905E-02   0.751706E-02   0.250000E-03
 947  -0.134728E-02   0.208840E-03   0.129487E-01   0.800633E-02   0.450000E-03
 948  -0.129145E-02   0.151601E-03   0.125616E-01   0.858890E-02   0.250000E-03
 949  -0.951616E-03   0.312655E-03   0.156964E-01   0.878477E-02   0.300000E-03
 950  -0.118412E-02   0.240633E-03   0.140080E-01   0.857193E-02   0.400000E-03
 951  -0.948734E-03   0.382874E-03   0.165479E-01   0.879865E-02   0.300000E-03
 952  -0.134052E-02   0.140301E-03   0.182820E-01   0.837204E-02   0.250000E-03
 953  -0.909788E-03   0.370232E-03   0.210347E-01   0.872705E-02   0.250000E-03
 954  -0.889085E-03   0.318159E-03   0.225206E-01   0.863009E-02   0.500000E-03
 955  -0.111413E-02   0.363728E-03   0.237256E-01   0.803387E-02   0.250000E-03
 956  -0.967437E-03  -0.317653E-03   0.252280E-01   0.724629E-02   0.250000E-03
 957  -0.117162E-02  -0.910251E-04   0.268737E-01   0.764917E-02   0.350000E-03
 958  -0.121338E-02  -0.158694E-03   0.265457E-01   0.703146E-02   0.350000E-03
 959  -0.152210E-02   0.136902E-03   0.270480E-01   0.654512E-02   0.350000E-03
 960  -0.205645E-02   0.731778E-03   0.302572E-01   0.681915E-02   0.250000E-03
 961  -0.207026E-02   0.645708E-03   0.321454E-01   0.798185E-02   0.400000E-03
 962  -0.187250E-02   0.767781E-06   0.316837E-01   0.752379E-02   0.250000E-03
 963  -0.189409E-02   0.274547E-03   0.333024E-01   0.698608E-02   0.200000E-03
 964  -0.126040E-02  -0.493223E-04   0.353109E-01   0.684518E-02   0.300000E-03
 965  -0.161725E-02   0.260031E-03   0.361044E-01   0.685634E-02   0.250000E-03
 966  -0.183646E-02   0.268856E-03   0.367005E-01   0.723773E-02   0.400000E-03
 967  -0.132298E-02   0.248226E-03   0.406508E-01   0.633829E-02   0.350000E-03
 968   0.236027E-03   0.528699E-03   0.401618E-01   0.625005E-02   0.150000E-03
 969  -0.112643E-02   0.565979E-03   0.447512E-01   0.714266E-02   0.250000E-03
 970  -0.112756E-02   0.554603E-03   0.442544E-01   0.680864E-02   0.350000E-03
 971  -0.165689E-02   0.108702E-03   0.427219E-01   0.591332E-02   0.400000E-03
 972  -0.138073E-02   0.555274E-03   0.436579E-01   0.675721E-02   0.250000E-03
 973   0.219554E-03   0.746721E-03   0.837839E-03   0.534247E-02   0.250000E-03
 974  -0.581831E-03   0.695819E-03   0.401982E-02   0.823310E-02   0.250000E-03
 975  -0.195059E-03   0.983214E-03   0.133545E-02   0.627009E-02   0.350000E-03
 976  -0.242020E-03   0.100112E-02   0.773339E-03   0.659542E-02   0.300000E-03
 977  -0.406923E-03   0.901491E-03   0.733786E-02   0.790776E-02   0.250000E-03
 978  -0.486486E-03   0.814718E-03   0.695843E-02   0.751007E-02   0.300000E-03
 979  -0.622551E-03   0.843124E-03   0.642129E-02   0.762695E-02   0.250000E-03
 980  -0.481609E-03   0.666822E-03   0.818200E-02   0.782584E-02   0.400000E-03
 981  -0.740277E-03   0.665720E-03   0.103554E-01   0.757089E-02   0.250000E-03
 982  -0.947210E-03   0.623396E-03   0.937223E-02   0.818247E-02   0.450000E-03
 983  -0.872420E-03   0.486614E-03   0.121690E-01   0.828013E-02   0.250000E-03
 984  -0.814075E-03   0.599547E-03   0.107680E-01   0.800528E-02   0.350000E-03
 985  -0.131827E-02   0.115766E-03   0.135833E-01   0.814850E-02   0.200000E-03
 986  -0.987330E-03   0.765922E-03   0.189757E-01   0.940265E-02   0.300000E-03
 987  -0.134853E-02   0.113306E-03   0.186632E-01   0.883343E-02   0.350000E-03
 988  -0.126100E-02   0.398337E-03   0.194211E-01   0.885908E-02   0.300000E-03
 989  -0.131454E-02   0.864152E-04   0.195254E-01   0.939854E-02   0.250000E-03
 990  -0.113575E-02   0.238102E-03   0.214064E-01   0.829506E-02   0.250000E-03
 991  -0.119793E-02  -0.445706E-03   0.243383E-01   0.803644E-02   0.350000E-03
 992  -0.116452E-02  -0.208864E-03   0.247716E-01   0.755268E-02   0.300000E-03
 993  -0.828462E-03   0.210808E-03   0.250760E-01   0.677036E-02   0.250000E-03
 994  -0.146553E-02   0.405728E-03   0.271746E-01   0.713052E-02   0.250000E-03
 995  -0.132513E-02   0.406402E-03   0.278238E-01   0.711619E-02   0.400000E-03
 996  -0.206240E-02   0.703991E-03   0.304518E-01   0.733225E-02   0.300000E-03
 997  -0.204946E-02   0.707853E-03   0.299161E-01   0.718393E-02   0.250000E-03
 998  -0.202240E-02   0.938261E-04   0.322091E-01   0.723499E-02   0.350000E-03
 999  -0.188356E-02   0.286657E-03   0.330530E-01   0.735964E-02   0.250000E-03
1000  -0.192986E-02   0.423544E-03   0.341883E-01   0.716440E-02   0.350000E-03
