   1   0.151992E-02   0.172074E-02   0.112810E-01   0.847685E-02   0.350000E-03
   2   0.596379E-02  -0.130540E-02   0.153060E-03   0.150229E-03   0.150000E-03
   3   0.969114E-03  -0.506855E-02   0.457349E-02   0.447947E-03   0.450000E-03
   4  -0.143599E-02  -0.202199E-03   0.573277E-02   0.542297E-03   0.200000E-03
   5  -0.109160E-02  -0.211590E-04   0.579255E-02   0.999896E-04   0.100000E-03
   6  -0.104048E-02  -0.137508E-02   0.749409E-02   0.249451E-03   0.250000E-03
   7   0.233778E-03  -0.304420E-04   0.812603E-02   0.399181E-03   0.400000E-03
   8   0.607780E-03  -0.551187E-03   0.887354E-02   0.348396E-03   0.350000E-03
   9  -0.431891E-03  -0.970565E-03   0.931933E-02   0.568523E-03   0.150000E-03
  10   0.419169E-03   0.174077E-02   0.118044E-01   0.294128E-03   0.300000E-03
  11   0.243091E-03   0.523266E-04   0.130465E-01   0.349750E-03   0.350000E-03
  12  -0.273052E-03   0.177204E-03   0.147795E-01   0.195015E-03   0.200000E-03
  13  -0.567751E-03  -0.535869E-03   0.169254E-01   0.345272E-03   0.350000E-03
  14  -0.498122E-03  -0.513483E-04   0.176237E-01   0.348713E-03   0.350000E-03
  15  -0.147400E-02   0.495498E-03   0.188427E-01   0.399981E-03   0.400000E-03
  16  -0.226844E-02  -0.375413E-03   0.195887E-01   0.346143E-03   0.350000E-03
  17   0.288123E-03  -0.172536E-02   0.205031E-01   0.338290E-03   0.350000E-03
  18  -0.916610E-04   0.116152E-02   0.219504E-01   0.349098E-03   0.350000E-03
  19   0.363341E-03   0.128210E-02   0.225397E-01   0.242185E-03   0.250000E-03
  20   0.103258E-03   0.125051E-02   0.230392E-01   0.248362E-03   0.250000E-03
  21  -0.934683E-03  -0.249556E-03   0.244869E-01   0.249715E-03   0.250000E-03
  22  -0.116424E-03   0.449927E-03   0.257273E-01   0.200011E-03   0.200000E-03
  23  -0.189084E-02  -0.663291E-03   0.267530E-01   0.995786E-04   0.100000E-03
  24  -0.740240E-03  -0.735487E-03   0.282175E-01   0.398069E-03   0.400000E-03
  25   0.524376E-03   0.692596E-03   0.297840E-01   0.403688E-03   0.400000E-03
  26  -0.185524E-02  -0.595305E-03   0.305270E-01   0.335931E-03   0.350000E-03
  27  -0.200319E-02  -0.735672E-03   0.318664E-01   0.296885E-03   0.300000E-03
  28  -0.513132E-02   0.185011E-04   0.333346E-01   0.310670E-03   0.300000E-03
  29  -0.922571E-03   0.108393E-02   0.355475E-01   0.445571E-03   0.450000E-03
  30  -0.132135E-02  -0.592627E-03   0.373976E-01   0.347689E-03   0.350000E-03
  31  -0.273107E-02  -0.220137E-03   0.379885E-01   0.248826E-03   0.250000E-03
  32  -0.191005E-02  -0.589903E-03   0.401183E-01   0.197821E-03   0.200000E-03
  33  -0.287209E-02   0.111803E-02   0.410082E-01   0.194802E-03   0.200000E-03
  34  -0.971970E-03   0.112346E-02   0.446046E-01   0.879463E-03   0.400000E-03
  35  -0.111070E-02   0.105591E-02   0.446515E-01   0.192132E-02   0.350000E-03
  36  -0.482829E-03   0.279777E-03   0.864773E-02   0.834115E-02   0.300000E-03
  37  -0.920560E-03  -0.227336E-03   0.248068E-03   0.178984E-02   0.250000E-03
  38   0.198411E-02  -0.232275E-02   0.773906E-03   0.726439E-03   0.300000E-03
  39  -0.713757E-03   0.904787E-03   0.267588E-02   0.399829E-03   0.400000E-03
  40  -0.347163E-03  -0.913888E-03   0.616729E-02   0.299284E-03   0.300000E-03
  41   0.103166E-02  -0.115335E-02   0.686034E-02   0.391423E-03   0.400000E-03
  42  -0.167455E-02   0.679465E-03   0.728282E-02   0.100329E-02   0.350000E-03
  43  -0.259612E-04   0.450052E-03   0.858502E-02   0.928418E-03   0.300000E-03
  44  -0.779544E-03  -0.275230E-03   0.938137E-02   0.962189E-03   0.250000E-03
  45  -0.451602E-03  -0.244663E-02   0.996273E-02   0.494098E-03   0.500000E-03
  46  -0.208001E-02   0.141066E-03   0.108665E-01   0.300004E-03   0.300000E-03
  47   0.125777E-02   0.777494E-03   0.152450E-01   0.149834E-03   0.150000E-03
  48  -0.905451E-03  -0.121513E-03   0.158270E-01   0.447504E-03   0.450000E-03
  49  -0.976142E-06   0.590407E-03   0.164921E-01   0.884814E-03   0.350000E-03
  50  -0.609662E-03   0.198993E-04   0.182133E-01   0.246748E-03   0.250000E-03
  51  -0.225140E-02   0.149635E-03   0.193120E-01   0.871967E-03   0.250000E-03
  52  -0.254321E-02  -0.774593E-03   0.200443E-01   0.147507E-03   0.150000E-03
  53   0.915198E-03   0.341859E-04   0.205033E-01   0.101629E-02   0.200000E-03
  54  -0.275908E-03   0.181127E-03   0.211518E-01   0.299169E-03   0.300000E-03
  55   0.301744E-03  -0.182764E-04   0.233996E-01   0.998831E-04   0.100000E-03
  56  -0.906042E-03  -0.443946E-03   0.238538E-01   0.395324E-03   0.400000E-03
  57  -0.126137E-02  -0.111155E-02   0.245169E-01   0.913100E-03   0.400000E-03
  58  -0.174589E-02  -0.547355E-03   0.251200E-01   0.395332E-03   0.400000E-03
  59  -0.167621E-02  -0.560354E-03   0.270351E-01   0.200336E-03   0.200000E-03
  60   0.466192E-03  -0.196974E-03   0.275255E-01   0.297204E-03   0.300000E-03
  61  -0.122623E-02   0.147048E-03   0.290957E-01   0.296068E-03   0.300000E-03
  62  -0.157106E-02   0.439360E-03   0.312229E-01   0.347176E-03   0.350000E-03
  63   0.320652E-03   0.486304E-03   0.328543E-01   0.196916E-03   0.200000E-03
  64  -0.161511E-02   0.447346E-03   0.347565E-01   0.345309E-03   0.350000E-03
  65  -0.509390E-03   0.416535E-03   0.363239E-01   0.618953E-03   0.350000E-03
  66  -0.336679E-03  -0.195111E-03   0.364277E-01   0.139713E-03   0.150000E-03
  67  -0.196686E-02   0.234753E-03   0.391340E-01   0.298801E-03   0.300000E-03
  68   0.153608E-03   0.198125E-03   0.422992E-01   0.199627E-03   0.200000E-03
  69  -0.187010E-02   0.629039E-03   0.438607E-01   0.823263E-03   0.350000E-03
  70  -0.159073E-02   0.971420E-03   0.424042E-01   0.721580E-02   0.250000E-03
  71  -0.188713E-02  -0.216854E-03   0.447020E-01   0.497572E-02   0.300000E-03
  72  -0.530933E-03  -0.747206E-03   0.447502E-01   0.248003E-03   0.250000E-03
  73  -0.125843E-03   0.445533E-04   0.257847E-02   0.794005E-02   0.350000E-03
  74  -0.790221E-03   0.218157E-03   0.118909E-02   0.297519E-03   0.300000E-03
  75  -0.123158E-02   0.267752E-03   0.390747E-02   0.248247E-03   0.250000E-03
  76  -0.681817E-03  -0.133023E-02   0.521177E-02   0.922214E-03   0.350000E-03
  77   0.364318E-03   0.555327E-04   0.645466E-02   0.820156E-03   0.200000E-03
  78   0.263402E-03  -0.288794E-03   0.664272E-02   0.133556E-02   0.350000E-03
  79   0.144777E-03   0.401336E-03   0.796799E-02   0.113129E-02   0.350000E-03
  80  -0.420179E-03   0.484524E-03   0.904708E-02   0.132791E-02   0.250000E-03
  81   0.489075E-03  -0.837675E-03   0.106784E-01   0.939818E-03   0.350000E-03
  82  -0.328037E-03  -0.761394E-03   0.132835E-01   0.954489E-03   0.300000E-03
  83  -0.100279E-03  -0.310889E-03   0.137445E-01   0.345384E-03   0.350000E-03
  84  -0.352769E-03  -0.719458E-04   0.143343E-01   0.244368E-03   0.250000E-03
  85  -0.953963E-03  -0.397712E-03   0.154206E-01   0.101302E-02   0.250000E-03
  86  -0.130637E-03   0.191043E-03   0.172704E-01   0.106494E-02   0.450000E-03
  87  -0.156562E-02  -0.368791E-03   0.188481E-01   0.104945E-02   0.250000E-03
  88  -0.177772E-02  -0.206501E-03   0.200526E-01   0.799837E-03   0.300000E-03
  89  -0.132582E-02   0.100850E-02   0.202983E-01   0.160433E-02   0.400000E-03
  90  -0.345743E-04   0.235077E-03   0.214771E-01   0.860562E-03   0.350000E-03
  91  -0.551883E-03  -0.768731E-03   0.225910E-01   0.732012E-03   0.250000E-03
  92  -0.711395E-03  -0.638659E-03   0.231807E-01   0.829702E-03   0.350000E-03
  93  -0.187061E-03  -0.133374E-02   0.238057E-01   0.113907E-02   0.350000E-03
  94  -0.151286E-02  -0.116730E-02   0.252317E-01   0.113505E-02   0.350000E-03
  95   0.568300E-03   0.306930E-03   0.273500E-01   0.920116E-03   0.350000E-03
  96  -0.106450E-02  -0.484063E-03   0.280520E-01   0.117954E-02   0.400000E-03
  97   0.813817E-03  -0.113418E-03   0.294593E-01   0.965802E-03   0.250000E-03
  98  -0.265387E-02   0.157802E-02   0.302982E-01   0.108768E-02   0.450000E-03
  99  -0.310682E-02   0.294163E-03   0.324099E-01   0.246251E-03   0.250000E-03
 100  -0.351393E-03   0.340050E-02   0.327299E-01   0.624931E-03   0.250000E-03
 101  -0.885282E-03   0.134748E-03   0.349624E-01   0.106273E-02   0.400000E-03
 102  -0.701318E-03  -0.399009E-03   0.368059E-01   0.263036E-03   0.250000E-03
 103  -0.120991E-02  -0.407122E-03   0.376388E-01   0.893743E-03   0.250000E-03
 104  -0.235226E-02  -0.129872E-03   0.385360E-01   0.295948E-03   0.300000E-03
 105  -0.143962E-02  -0.288884E-04   0.405633E-01   0.244803E-03   0.250000E-03
 106  -0.171620E-02  -0.446426E-03   0.431875E-01   0.296991E-03   0.300000E-03
 107  -0.174110E-02  -0.110621E-02   0.440897E-01   0.748297E-02   0.350000E-03
 108  -0.196280E-02  -0.150171E-02   0.349275E-01   0.747893E-02   0.450000E-03
 109   0.535793E-03  -0.102919E-02   0.239842E-03   0.626557E-03   0.250000E-03
 110   0.611835E-03  -0.785689E-03   0.543755E-03   0.237069E-03   0.250000E-03
 111  -0.674930E-04   0.672225E-03   0.187964E-02   0.398434E-03   0.400000E-03
 112  -0.735535E-03  -0.455850E-03   0.321333E-02   0.922689E-03   0.350000E-03
 113  -0.787234E-03  -0.183480E-03   0.593194E-02   0.110540E-02   0.400000E-03
 114   0.280864E-04  -0.566865E-03   0.714839E-02   0.153424E-02   0.200000E-03
 115  -0.127993E-03  -0.202129E-03   0.850466E-02   0.157188E-02   0.350000E-03
 116  -0.639821E-04   0.195461E-03   0.985205E-02   0.133388E-02   0.350000E-03
 117   0.136518E-03  -0.294238E-03   0.113487E-01   0.742853E-03   0.350000E-03
 118  -0.883854E-03   0.497250E-03   0.124012E-01   0.292757E-03   0.300000E-03
 119  -0.304499E-03  -0.312702E-03   0.142620E-01   0.784204E-03   0.300000E-03
 120  -0.467600E-03  -0.139702E-03   0.150901E-01   0.579188E-03   0.300000E-03
 121  -0.104857E-04   0.312463E-04   0.167095E-01   0.138667E-02   0.200000E-03
 122  -0.309073E-04  -0.265165E-03   0.181588E-01   0.942127E-03   0.450000E-03
 123  -0.120915E-02  -0.915899E-03   0.185960E-01   0.141764E-02   0.200000E-03
 124  -0.203766E-02   0.808380E-03   0.196865E-01   0.127207E-02   0.300000E-03
 125   0.242448E-03  -0.294964E-03   0.208867E-01   0.780848E-03   0.250000E-03
 126  -0.713928E-03   0.726123E-03   0.209344E-01   0.132380E-02   0.300000E-03
 127  -0.706303E-03  -0.251720E-03   0.227182E-01   0.121044E-02   0.250000E-03
 128  -0.152881E-03  -0.354888E-04   0.230722E-01   0.162452E-02   0.300000E-03
 129   0.110974E-03   0.704128E-03   0.236159E-01   0.169425E-02   0.250000E-03
 130  -0.191416E-02  -0.460034E-03   0.257336E-01   0.722813E-03   0.300000E-03
 131  -0.213545E-02  -0.652617E-03   0.263500E-01   0.395145E-03   0.400000E-03
 132  -0.122027E-02  -0.478337E-03   0.275264E-01   0.146555E-02   0.200000E-03
 133  -0.102869E-02  -0.324226E-03   0.288106E-01   0.931065E-03   0.400000E-03
 134  -0.181334E-02  -0.496355E-03   0.311755E-01   0.109265E-02   0.400000E-03
 135  -0.214270E-02  -0.248889E-03   0.320221E-01   0.102757E-02   0.450000E-03
 136  -0.554909E-03  -0.110335E-04   0.340184E-01   0.424781E-03   0.400000E-03
 137  -0.175891E-02   0.654721E-03   0.372303E-01   0.764874E-03   0.100000E-03
 138  -0.180033E-02  -0.432411E-04   0.373985E-01   0.132698E-02   0.250000E-03
 139  -0.214470E-02  -0.608633E-04   0.381718E-01   0.766313E-03   0.300000E-03
 140  -0.212432E-02  -0.162819E-03   0.396785E-01   0.267627E-03   0.250000E-03
 141  -0.104538E-02   0.193059E-03   0.414545E-01   0.248394E-03   0.250000E-03
 142  -0.111248E-02  -0.531018E-05   0.419000E-01   0.197338E-03   0.200000E-03
 143  -0.174327E-02  -0.468347E-03   0.438993E-01   0.631452E-02   0.250000E-03
 144  -0.165856E-03   0.489990E-03   0.295453E-01   0.760946E-02   0.300000E-03
 145  -0.367948E-03   0.286020E-05   0.294862E-03   0.333071E-02   0.300000E-03
 146   0.929321E-04  -0.396263E-03   0.659523E-03   0.136066E-02   0.350000E-03
 147   0.122013E-03  -0.226547E-04   0.406156E-02   0.848335E-03   0.200000E-03
 148  -0.691791E-03  -0.115206E-02   0.530563E-02   0.288545E-03   0.300000E-03
 149  -0.136096E-03   0.452690E-03   0.611082E-02   0.193242E-02   0.450000E-03
 150  -0.492605E-03   0.504800E-04   0.754212E-02   0.148191E-02   0.200000E-03
 151  -0.933935E-03  -0.826300E-06   0.938967E-02   0.161619E-02   0.200000E-03
 152  -0.439299E-03   0.211922E-03   0.103918E-01   0.140528E-02   0.200000E-03
 153   0.502129E-03  -0.532972E-05   0.111689E-01   0.136428E-02   0.300000E-03
 154  -0.716993E-03  -0.645484E-03   0.125868E-01   0.960392E-03   0.400000E-03
 155   0.497788E-04  -0.658738E-03   0.137742E-01   0.884910E-03   0.200000E-03
 156  -0.104901E-03  -0.563278E-03   0.148075E-01   0.121888E-02   0.400000E-03
 157  -0.241989E-04  -0.471500E-04   0.159440E-01   0.139164E-02   0.400000E-03
 158  -0.254177E-03  -0.894640E-04   0.173914E-01   0.185135E-02   0.350000E-03
 159  -0.605351E-03   0.219773E-03   0.177886E-01   0.147401E-02   0.200000E-03
 160  -0.195579E-02  -0.317510E-03   0.182060E-01   0.164057E-02   0.250000E-03
 161  -0.137418E-02   0.371969E-03   0.196113E-01   0.181324E-02   0.250000E-03
 162  -0.542646E-03  -0.275250E-03   0.209426E-01   0.182065E-02   0.200000E-03
 163  -0.140024E-02  -0.381501E-03   0.221280E-01   0.110806E-02   0.350000E-03
 164  -0.114193E-02  -0.158096E-03   0.227457E-01   0.218185E-02   0.300000E-03
 165  -0.844895E-03  -0.764463E-03   0.248300E-01   0.157974E-02   0.250000E-03
 166  -0.491985E-03  -0.251985E-03   0.256447E-01   0.156233E-02   0.250000E-03
 167  -0.155442E-02   0.923651E-03   0.266332E-01   0.113380E-02   0.400000E-03
 168  -0.632005E-03   0.289650E-03   0.285916E-01   0.154094E-02   0.250000E-03
 169  -0.117393E-02  -0.644037E-04   0.302018E-01   0.171869E-02   0.200000E-03
 170  -0.148762E-02  -0.158005E-03   0.307953E-01   0.179236E-02   0.400000E-03
 171  -0.184348E-02   0.778261E-03   0.335185E-01   0.912000E-03   0.300000E-03
 172  -0.434086E-03   0.186660E-04   0.341772E-01   0.120793E-02   0.400000E-03
 173  -0.113086E-02   0.323715E-03   0.356497E-01   0.118361E-02   0.300000E-03
 174  -0.133637E-02  -0.961930E-04   0.368758E-01   0.104158E-02   0.350000E-03
 175  -0.193952E-02  -0.726069E-04   0.390195E-01   0.886569E-03   0.300000E-03
 176  -0.193867E-02  -0.524322E-04   0.400811E-01   0.990578E-03   0.200000E-03
 177  -0.138631E-02   0.917655E-03   0.406057E-01   0.786920E-03   0.300000E-03
 178  -0.122035E-02  -0.218766E-03   0.443984E-01   0.143789E-02   0.200000E-03
 179  -0.109223E-02  -0.624693E-04   0.426987E-01   0.195920E-03   0.200000E-03
 180  -0.171665E-02  -0.730321E-03   0.400360E-01   0.753332E-02   0.300000E-03
 181   0.268543E-04   0.614294E-03   0.197409E-03   0.107293E-02   0.200000E-03
 182  -0.629896E-03   0.212992E-04   0.138161E-02   0.215398E-02   0.200000E-03
 183  -0.875853E-03   0.371485E-03   0.336388E-02   0.294918E-03   0.300000E-03
 184  -0.246395E-03   0.282573E-03   0.536821E-02   0.159751E-02   0.350000E-03
 185  -0.361480E-03   0.407887E-03   0.624819E-02   0.261478E-02   0.250000E-03
 186   0.206257E-03   0.238505E-04   0.679349E-02   0.186285E-02   0.200000E-03
 187  -0.377189E-03   0.309169E-03   0.790731E-02   0.181300E-02   0.300000E-03
 188  -0.218303E-03  -0.314371E-04   0.962793E-02   0.199769E-02   0.250000E-03
 189   0.697339E-04   0.339883E-04   0.117016E-01   0.124977E-02   0.250000E-03
 190   0.564855E-04  -0.125473E-03   0.119542E-01   0.820872E-03   0.250000E-03
 191  -0.378554E-03  -0.351292E-03   0.139956E-01   0.126451E-02   0.250000E-03
 192  -0.336044E-03   0.784072E-04   0.143003E-01   0.183232E-02   0.400000E-03
 193  -0.218385E-03   0.633176E-03   0.153163E-01   0.169972E-02   0.300000E-03
 194  -0.383975E-03   0.221186E-03   0.165131E-01   0.194884E-02   0.400000E-03
 195  -0.826111E-03   0.204207E-03   0.179500E-01   0.206984E-02   0.250000E-03
 196  -0.132038E-02   0.288164E-03   0.191413E-01   0.151432E-02   0.300000E-03
 197  -0.111787E-02   0.661284E-03   0.199825E-01   0.228386E-02   0.350000E-03
 198  -0.138857E-02   0.697235E-03   0.206393E-01   0.221489E-02   0.300000E-03
 199  -0.985795E-04   0.888823E-03   0.215001E-01   0.150798E-02   0.300000E-03
 200  -0.772749E-03  -0.128757E-03   0.222478E-01   0.216049E-02   0.200000E-03
 201  -0.744411E-03  -0.797694E-03   0.242823E-01   0.157970E-02   0.300000E-03
 202  -0.125009E-02   0.758347E-03   0.259902E-01   0.120829E-02   0.250000E-03
 203  -0.126895E-02  -0.764698E-03   0.265665E-01   0.182565E-02   0.300000E-03
 204  -0.236412E-02   0.116938E-03   0.270945E-01   0.158725E-02   0.250000E-03
 205   0.723456E-03   0.396713E-03   0.296186E-01   0.159537E-02   0.400000E-03
 206  -0.206942E-02   0.809656E-04   0.322448E-01   0.179318E-02   0.350000E-03
 207  -0.119843E-02   0.175496E-03   0.328786E-01   0.130129E-02   0.450000E-03
 208  -0.721985E-03   0.349556E-03   0.335877E-01   0.166739E-02   0.350000E-03
 209  -0.108438E-02   0.823542E-03   0.362429E-01   0.125994E-02   0.300000E-03
 210  -0.149978E-02   0.107091E-03   0.366475E-01   0.154059E-02   0.200000E-03
 211  -0.145472E-02  -0.226116E-03   0.370638E-01   0.169386E-02   0.250000E-03
 212  -0.208437E-02  -0.212992E-03   0.400623E-01   0.592349E-03   0.200000E-03
 213  -0.160857E-02   0.903138E-03   0.411281E-01   0.623344E-03   0.250000E-03
 214  -0.106989E-02  -0.150234E-03   0.420768E-01   0.553375E-03   0.200000E-03
 215  -0.244698E-02  -0.132866E-02   0.442964E-01   0.149648E-03   0.150000E-03
 216  -0.782894E-04   0.446787E-03   0.216789E-01   0.889166E-02   0.400000E-03
 217  -0.103710E-03   0.379901E-03   0.141924E-01   0.928862E-02   0.350000E-03
 218  -0.213961E-04  -0.308248E-04   0.847791E-03   0.203017E-02   0.350000E-03
 219  -0.987030E-04  -0.477738E-03   0.371213E-02   0.653581E-03   0.200000E-03
 220  -0.386059E-03  -0.167721E-02   0.456724E-02   0.129662E-02   0.400000E-03
 221  -0.395882E-03   0.820972E-04   0.532029E-02   0.218802E-02   0.250000E-03
 222  -0.793085E-04  -0.720133E-04   0.730769E-02   0.205677E-02   0.350000E-03
 223  -0.587210E-03  -0.279764E-03   0.903095E-02   0.202297E-02   0.350000E-03
 224  -0.304170E-03  -0.212372E-03   0.102214E-01   0.192736E-02   0.350000E-03
 225  -0.172594E-03   0.292897E-03   0.107346E-01   0.160218E-02   0.200000E-03
 226  -0.603413E-03  -0.415574E-03   0.121772E-01   0.152150E-02   0.300000E-03
 227  -0.220749E-03  -0.389443E-03   0.130222E-01   0.143688E-02   0.250000E-03
 228  -0.144628E-03   0.633214E-03   0.148713E-01   0.176367E-02   0.150000E-03
 229  -0.108486E-03  -0.733098E-04   0.158711E-01   0.203440E-02   0.250000E-03
 230  -0.259482E-03   0.503188E-03   0.175574E-01   0.247718E-02   0.300000E-03
 231  -0.784199E-03   0.178889E-03   0.183722E-01   0.228231E-02   0.200000E-03
 232  -0.101764E-02   0.163060E-03   0.186887E-01   0.190348E-02   0.300000E-03
 233  -0.127249E-02   0.126337E-03   0.192333E-01   0.234023E-02   0.400000E-03
 234  -0.800802E-03  -0.320747E-03   0.213553E-01   0.209956E-02   0.300000E-03
 235  -0.800711E-03   0.159456E-03   0.224333E-01   0.167698E-02   0.300000E-03
 236  -0.562242E-03   0.712358E-04   0.233397E-01   0.215744E-02   0.300000E-03
 237  -0.102641E-02  -0.191307E-03   0.239885E-01   0.215878E-02   0.350000E-03
 238  -0.333475E-05  -0.486931E-03   0.252417E-01   0.175796E-02   0.200000E-03
 239  -0.991039E-03  -0.302370E-03   0.267304E-01   0.234787E-02   0.250000E-03
 240  -0.812565E-03   0.741263E-04   0.290350E-01   0.148407E-02   0.200000E-03
 241  -0.118243E-02  -0.251053E-03   0.302099E-01   0.225670E-02   0.350000E-03
 242   0.139265E-02  -0.339557E-03   0.315466E-01   0.174447E-02   0.350000E-03
 243  -0.103823E-02   0.386918E-03   0.329639E-01   0.224352E-02   0.500000E-03
 244  -0.533419E-03   0.776631E-03   0.354499E-01   0.199039E-02   0.200000E-03
 245  -0.134613E-02   0.299286E-03   0.349328E-01   0.180932E-02   0.350000E-03
 246  -0.167164E-02   0.224740E-03   0.365916E-01   0.213428E-02   0.400000E-03
 247  -0.203331E-02  -0.211407E-03   0.379925E-01   0.138964E-02   0.350000E-03
 248  -0.210585E-02  -0.454060E-04   0.396142E-01   0.813135E-03   0.300000E-03
 249  -0.186790E-02   0.468185E-03   0.416459E-01   0.797285E-03   0.300000E-03
 250  -0.180512E-02  -0.307234E-03   0.437344E-01   0.243340E-03   0.250000E-03
 251  -0.994368E-03  -0.629114E-03   0.446047E-01   0.297873E-02   0.400000E-03
 252  -0.186100E-02  -0.267822E-03   0.337792E-01   0.773236E-02   0.350000E-03
 253  -0.890645E-04   0.874611E-04   0.213713E-02   0.739673E-02   0.350000E-03
 254   0.951491E-03  -0.640862E-03   0.137940E-02   0.950515E-03   0.350000E-03
 255  -0.995653E-03  -0.245567E-03   0.227804E-02   0.973902E-03   0.300000E-03
 256   0.513857E-04  -0.464033E-03   0.481298E-02   0.195066E-02   0.300000E-03
 257   0.226076E-03   0.594023E-04   0.673232E-02   0.235805E-02   0.300000E-03
 258  -0.547395E-03   0.595860E-04   0.837534E-02   0.225932E-02   0.350000E-03
 259  -0.442378E-03  -0.760497E-04   0.906150E-02   0.281862E-02   0.450000E-03
 260  -0.294685E-03  -0.109254E-03   0.988131E-02   0.259561E-02   0.400000E-03
 261  -0.454943E-04  -0.327386E-03   0.116487E-01   0.179547E-02   0.300000E-03
 262  -0.318674E-03  -0.318240E-03   0.121772E-01   0.217088E-02   0.350000E-03
 263  -0.325127E-03  -0.338569E-03   0.135665E-01   0.168287E-02   0.350000E-03
 264   0.698685E-04  -0.165969E-03   0.148810E-01   0.221222E-02   0.300000E-03
 265  -0.798614E-03  -0.361869E-03   0.166335E-01   0.253651E-02   0.200000E-03
 266  -0.248601E-03   0.140134E-03   0.170316E-01   0.232687E-02   0.250000E-03
 267  -0.636330E-03   0.355844E-03   0.171270E-01   0.281410E-02   0.250000E-03
 268  -0.905789E-03  -0.165446E-04   0.186548E-01   0.263109E-02   0.250000E-03
 269  -0.129549E-02   0.334690E-03   0.191008E-01   0.297642E-02   0.250000E-03
 270  -0.959516E-03   0.352286E-03   0.196981E-01   0.292225E-02   0.350000E-03
 271  -0.674513E-03   0.185297E-03   0.219174E-01   0.185700E-02   0.250000E-03
 272  -0.113560E-02  -0.461009E-03   0.223505E-01   0.275073E-02   0.400000E-03
 273  -0.562680E-04   0.157330E-02   0.235767E-01   0.280271E-02   0.400000E-03
 274  -0.584045E-03  -0.257134E-03   0.257978E-01   0.203077E-02   0.250000E-03
 275  -0.137378E-02  -0.576568E-03   0.262384E-01   0.226393E-02   0.250000E-03
 276  -0.131566E-02   0.552976E-03   0.274884E-01   0.196330E-02   0.300000E-03
 277   0.630729E-03   0.110490E-02   0.294539E-01   0.216932E-02   0.200000E-03
 278  -0.210956E-02  -0.568839E-04   0.318738E-01   0.238485E-02   0.350000E-03
 279  -0.118584E-02   0.501918E-03   0.323766E-01   0.270518E-02   0.250000E-03
 280  -0.335303E-03   0.225331E-03   0.342911E-01   0.189793E-02   0.300000E-03
 281  -0.123696E-02   0.898867E-03   0.358778E-01   0.173323E-02   0.300000E-03
 282  -0.120280E-02  -0.234265E-03   0.375449E-01   0.180144E-02   0.250000E-03
 283  -0.194511E-02   0.825696E-03   0.384952E-01   0.161351E-02   0.200000E-03
 284  -0.228701E-02   0.531166E-04   0.385471E-01   0.116660E-02   0.250000E-03
 285  -0.154850E-02  -0.164216E-03   0.410939E-01   0.121734E-02   0.350000E-03
 286  -0.137695E-02   0.373830E-03   0.432182E-01   0.892888E-03   0.300000E-03
 287  -0.141804E-02  -0.360706E-04   0.428409E-01   0.121732E-02   0.200000E-03
 288   0.376167E-03  -0.219343E-05   0.591367E-02   0.794580E-02   0.350000E-03
 289  -0.266988E-03  -0.112126E-03   0.246209E-03   0.228793E-02   0.250000E-03
 290   0.198946E-03  -0.134555E-02   0.184766E-02   0.139108E-02   0.300000E-03
 291   0.172806E-03  -0.159786E-02   0.249506E-02   0.163914E-02   0.400000E-03
 292  -0.566365E-03  -0.143629E-02   0.312233E-02   0.151340E-02   0.250000E-03
 293  -0.424577E-03   0.229692E-03   0.570278E-02   0.257519E-02   0.300000E-03
 294  -0.505676E-03  -0.675460E-04   0.823013E-02   0.298852E-02   0.400000E-03
 295  -0.149587E-03   0.400017E-03   0.969887E-02   0.337568E-02   0.400000E-03
 296   0.263118E-03  -0.190643E-03   0.111141E-01   0.190843E-02   0.250000E-03
 297   0.161856E-03  -0.123771E-03   0.107182E-01   0.194722E-02   0.150000E-03
 298  -0.343527E-03  -0.390364E-03   0.126469E-01   0.168361E-02   0.200000E-03
 299  -0.447445E-03  -0.309347E-03   0.138855E-01   0.232713E-02   0.250000E-03
 300   0.201352E-03   0.451733E-05   0.149096E-01   0.270741E-02   0.200000E-03
 301   0.581236E-04   0.218122E-03   0.154490E-01   0.237469E-02   0.300000E-03
 302  -0.626795E-03   0.250064E-03   0.170757E-01   0.335734E-02   0.300000E-03
 303  -0.900849E-03   0.389662E-03   0.180497E-01   0.250848E-02   0.200000E-03
 304  -0.115931E-02   0.218296E-03   0.182435E-01   0.291211E-02   0.250000E-03
 305  -0.106720E-02   0.412772E-03   0.193898E-01   0.331368E-02   0.150000E-03
 306  -0.106627E-02   0.396559E-03   0.204269E-01   0.282313E-02   0.350000E-03
 307  -0.663576E-03  -0.152326E-03   0.218410E-01   0.234964E-02   0.250000E-03
 308  -0.793936E-03   0.172858E-03   0.227797E-01   0.336036E-02   0.350000E-03
 309  -0.384992E-03   0.744965E-03   0.245672E-01   0.262564E-02   0.400000E-03
 310  -0.135929E-03   0.537568E-03   0.251553E-01   0.224896E-02   0.300000E-03
 311  -0.105947E-02  -0.268481E-03   0.272835E-01   0.257462E-02   0.350000E-03
 312  -0.847946E-03   0.669844E-03   0.281345E-01   0.192358E-02   0.350000E-03
 313  -0.306376E-03  -0.621162E-03   0.296922E-01   0.254581E-02   0.250000E-03
 314  -0.151738E-02  -0.883618E-04   0.312301E-01   0.233875E-02   0.300000E-03
 315  -0.513345E-03   0.489336E-03   0.334515E-01   0.287024E-02   0.300000E-03
 316  -0.618849E-03   0.540173E-03   0.338082E-01   0.233132E-02   0.350000E-03
 317  -0.165642E-02  -0.102666E-03   0.350666E-01   0.254603E-02   0.400000E-03
 318  -0.119069E-02  -0.169495E-03   0.358535E-01   0.242937E-02   0.400000E-03
 319  -0.191415E-02   0.307853E-03   0.389670E-01   0.143323E-02   0.250000E-03
 320  -0.186527E-02   0.132493E-03   0.398308E-01   0.142292E-02   0.300000E-03
 321  -0.136974E-02   0.263025E-03   0.404243E-01   0.135073E-02   0.300000E-03
 322  -0.120330E-02   0.165616E-03   0.425906E-01   0.731624E-03   0.350000E-03
 323  -0.146920E-02  -0.102393E-02   0.439650E-01   0.211451E-02   0.350000E-03
 324  -0.186849E-02  -0.762067E-03   0.396197E-01   0.717385E-02   0.250000E-03
 325  -0.191750E-03   0.106269E-03   0.152136E-02   0.760403E-02   0.300000E-03
 326   0.559872E-03   0.533663E-04   0.123276E-02   0.153049E-02   0.250000E-03
 327  -0.841035E-03  -0.587037E-03   0.198115E-02   0.218180E-02   0.350000E-03
 328  -0.288064E-03  -0.137019E-02   0.380081E-02   0.164108E-02   0.450000E-03
 329  -0.945654E-04   0.530452E-03   0.661079E-02   0.314122E-02   0.400000E-03
 330  -0.440480E-03   0.170614E-03   0.725038E-02   0.275012E-02   0.350000E-03
 331  -0.173111E-03  -0.141006E-03   0.779419E-02   0.240761E-02   0.250000E-03
 332  -0.225203E-03   0.666203E-06   0.108085E-01   0.253425E-02   0.450000E-03
 333  -0.145554E-03   0.355327E-03   0.115427E-01   0.238488E-02   0.300000E-03
 334  -0.248406E-03  -0.117424E-03   0.130174E-01   0.193463E-02   0.250000E-03
 335  -0.387196E-03  -0.276885E-03   0.133953E-01   0.225710E-02   0.250000E-03
 336   0.160660E-03   0.136260E-03   0.143870E-01   0.255252E-02   0.300000E-03
 337  -0.280791E-03   0.159450E-03   0.161181E-01   0.252464E-02   0.300000E-03
 338  -0.735701E-03  -0.349439E-04   0.166913E-01   0.374172E-02   0.250000E-03
 339  -0.127329E-02   0.369073E-03   0.176790E-01   0.311562E-02   0.350000E-03
 340  -0.919630E-03   0.297193E-03   0.189978E-01   0.353159E-02   0.300000E-03
 341  -0.116045E-02   0.353953E-03   0.201358E-01   0.339863E-02   0.300000E-03
 342  -0.142621E-02   0.327045E-04   0.206282E-01   0.333347E-02   0.200000E-03
 343  -0.516828E-03  -0.458929E-03   0.216608E-01   0.286596E-02   0.300000E-03
 344  -0.713904E-03   0.331523E-03   0.238982E-01   0.335286E-02   0.250000E-03
 345  -0.718111E-03   0.381044E-03   0.251628E-01   0.298926E-02   0.300000E-03
 346  -0.440692E-03   0.205531E-03   0.256894E-01   0.261794E-02   0.350000E-03
 347  -0.132001E-02   0.195553E-03   0.263837E-01   0.289584E-02   0.400000E-03
 348  -0.706540E-03   0.562573E-03   0.289929E-01   0.197993E-02   0.300000E-03
 349  -0.953418E-03   0.131296E-03   0.301136E-01   0.284449E-02   0.250000E-03
 350  -0.817212E-03   0.279116E-04   0.320769E-01   0.316291E-02   0.300000E-03
 351  -0.139126E-02   0.542269E-03   0.328393E-01   0.308239E-02   0.350000E-03
 352  -0.147004E-02  -0.412700E-03   0.344984E-01   0.310206E-02   0.400000E-03
 353  -0.120436E-02  -0.780574E-03   0.358913E-01   0.302361E-02   0.200000E-03
 354  -0.132470E-02   0.643350E-04   0.372379E-01   0.219565E-02   0.250000E-03
 355  -0.166038E-02  -0.497988E-03   0.380371E-01   0.203624E-02   0.300000E-03
 356  -0.223903E-02   0.360527E-03   0.393747E-01   0.161958E-02   0.200000E-03
 357  -0.114303E-02  -0.150266E-03   0.408150E-01   0.179939E-02   0.300000E-03
 358  -0.204563E-02  -0.131874E-03   0.416779E-01   0.134223E-02   0.250000E-03
 359  -0.186440E-02  -0.235042E-03   0.442623E-01   0.530493E-02   0.250000E-03
 360  -0.174559E-02  -0.133793E-02   0.447999E-01   0.418380E-02   0.200000E-03
 361  -0.173168E-04  -0.291330E-03   0.686790E-03   0.275865E-02   0.400000E-03
 362  -0.971948E-03  -0.205148E-03   0.148452E-02   0.274119E-02   0.400000E-03
 363  -0.850355E-03   0.209400E-02   0.308993E-02   0.201229E-02   0.250000E-03
 364   0.163595E-03  -0.667519E-04   0.490701E-02   0.254248E-02   0.300000E-03
 365  -0.401346E-03   0.471955E-03   0.591137E-02   0.313696E-02   0.300000E-03
 366  -0.241598E-04   0.548880E-03   0.617501E-02   0.368448E-02   0.300000E-03
 367  -0.212432E-03  -0.133493E-03   0.870296E-02   0.335729E-02   0.200000E-03
 368   0.638671E-04   0.282604E-03   0.103466E-01   0.311744E-02   0.300000E-03
 369  -0.328812E-03   0.153907E-03   0.118718E-01   0.294413E-02   0.350000E-03
 370  -0.662445E-04  -0.360413E-03   0.128189E-01   0.255144E-02   0.400000E-03
 371  -0.418614E-03   0.462197E-03   0.137442E-01   0.285504E-02   0.300000E-03
 372   0.286264E-03   0.471757E-03   0.150552E-01   0.328539E-02   0.400000E-03
 373  -0.198869E-03  -0.783577E-04   0.156722E-01   0.292390E-02   0.300000E-03
 374  -0.444899E-03   0.162165E-03   0.164044E-01   0.316067E-02   0.400000E-03
 375  -0.600337E-03   0.200727E-03   0.175426E-01   0.393713E-02   0.450000E-03
 376  -0.919501E-03   0.227317E-03   0.186633E-01   0.308031E-02   0.200000E-03
 377  -0.107492E-02   0.288994E-03   0.196037E-01   0.376473E-02   0.350000E-03
 378  -0.982251E-03   0.231102E-03   0.210732E-01   0.262897E-02   0.300000E-03
 379  -0.967003E-03  -0.627495E-04   0.211730E-01   0.329273E-02   0.350000E-03
 380  -0.102227E-02  -0.415722E-04   0.220075E-01   0.341523E-02   0.350000E-03
 381  -0.160527E-03   0.340997E-03   0.244904E-01   0.336864E-02   0.350000E-03
 382  -0.104180E-02   0.344887E-03   0.267630E-01   0.347646E-02   0.300000E-03
 383  -0.696194E-03  -0.240852E-03   0.278723E-01   0.246244E-02   0.250000E-03
 384  -0.851899E-03   0.537273E-03   0.285712E-01   0.239907E-02   0.300000E-03
 385  -0.245890E-02  -0.354260E-04   0.291446E-01   0.256885E-02   0.300000E-03
 386  -0.115565E-02  -0.126869E-03   0.307200E-01   0.265120E-02   0.300000E-03
 387  -0.113641E-02  -0.349702E-03   0.324746E-01   0.367277E-02   0.350000E-03
 388  -0.147229E-02  -0.463769E-03   0.354214E-01   0.346138E-02   0.450000E-03
 389  -0.913595E-03  -0.504437E-03   0.360652E-01   0.338091E-02   0.200000E-03
 390  -0.154963E-02  -0.531006E-03   0.364806E-01   0.292243E-02   0.400000E-03
 391  -0.176822E-02  -0.381604E-03   0.376827E-01   0.251757E-02   0.300000E-03
 392  -0.200054E-02  -0.475660E-04   0.390477E-01   0.192558E-02   0.250000E-03
 393  -0.217198E-02  -0.113633E-03   0.396149E-01   0.211491E-02   0.350000E-03
 394  -0.965474E-03  -0.260666E-03   0.422217E-01   0.126629E-02   0.300000E-03
 395  -0.141834E-02  -0.348683E-03   0.439026E-01   0.146973E-02   0.300000E-03
 396  -0.595111E-03  -0.455020E-03   0.444187E-01   0.241606E-02   0.200000E-03
 397  -0.920882E-04   0.327105E-03   0.972522E-03   0.350237E-02   0.400000E-03
 398  -0.665641E-03  -0.221212E-02   0.263680E-02   0.232425E-02   0.300000E-03
 399  -0.230207E-03  -0.183735E-03   0.353302E-02   0.233825E-02   0.300000E-03
 400   0.281567E-03  -0.237742E-03   0.423144E-02   0.237302E-02   0.400000E-03
 401   0.118229E-03   0.427359E-03   0.574848E-02   0.394036E-02   0.200000E-03
 402  -0.320764E-03   0.656790E-03   0.729264E-02   0.344470E-02   0.350000E-03
 403  -0.382113E-03   0.521289E-03   0.853441E-02   0.377160E-02   0.250000E-03
 404   0.298337E-03   0.316601E-03   0.907562E-02   0.369007E-02   0.300000E-03
 405  -0.843548E-04  -0.113771E-04   0.119748E-01   0.350070E-02   0.200000E-03
 406  -0.127518E-03   0.297535E-03   0.125349E-01   0.329339E-02   0.400000E-03
 407   0.215921E-03   0.397751E-04   0.132132E-01   0.312798E-02   0.300000E-03
 408  -0.195826E-04   0.556124E-03   0.142581E-01   0.332835E-02   0.400000E-03
 409   0.268651E-04   0.392108E-03   0.157497E-01   0.356201E-02   0.350000E-03
 410  -0.374001E-03  -0.744616E-04   0.162159E-01   0.400884E-02   0.300000E-03
 411  -0.481531E-03  -0.134063E-04   0.167466E-01   0.428505E-02   0.300000E-03
 412  -0.101937E-02   0.345314E-03   0.183005E-01   0.355716E-02   0.400000E-03
 413  -0.120881E-02   0.293024E-03   0.202858E-01   0.397607E-02   0.300000E-03
 414  -0.134137E-02   0.600904E-03   0.207887E-01   0.375318E-02   0.250000E-03
 415  -0.136805E-02   0.224488E-03   0.208355E-01   0.440115E-02   0.400000E-03
 416  -0.805962E-03   0.268157E-03   0.224408E-01   0.402612E-02   0.400000E-03
 417  -0.442010E-03   0.211170E-03   0.233942E-01   0.356070E-02   0.300000E-03
 418  -0.857204E-03   0.242200E-03   0.251294E-01   0.363561E-02   0.350000E-03
 419  -0.691244E-03  -0.532178E-04   0.277877E-01   0.305602E-02   0.350000E-03
 420  -0.692669E-03  -0.539723E-04   0.283626E-01   0.290042E-02   0.250000E-03
 421  -0.647879E-03  -0.198639E-03   0.295906E-01   0.313039E-02   0.350000E-03
 422  -0.136540E-02  -0.491757E-04   0.313334E-01   0.308081E-02   0.450000E-03
 423  -0.155008E-02  -0.218827E-03   0.338153E-01   0.339974E-02   0.350000E-03
 424  -0.147690E-02  -0.495890E-03   0.347364E-01   0.375909E-02   0.300000E-03
 425  -0.166255E-02  -0.484569E-03   0.369906E-01   0.339626E-02   0.300000E-03
 426  -0.167322E-02  -0.574801E-03   0.371722E-01   0.282503E-02   0.300000E-03
 427  -0.172956E-02  -0.337165E-03   0.380343E-01   0.312880E-02   0.300000E-03
 428  -0.150939E-02  -0.277024E-03   0.385805E-01   0.209598E-02   0.250000E-03
 429  -0.126244E-02  -0.302347E-03   0.402293E-01   0.191330E-02   0.300000E-03
 430  -0.200506E-02  -0.643628E-03   0.419411E-01   0.187548E-02   0.350000E-03
 431  -0.118639E-02  -0.895474E-03   0.426823E-01   0.179269E-02   0.400000E-03
 432  -0.179496E-02  -0.389118E-03   0.433060E-01   0.148159E-02   0.300000E-03
 433  -0.431750E-03  -0.108334E-03   0.348038E-03   0.397595E-02   0.350000E-03
 434  -0.343605E-03  -0.589269E-03   0.158023E-02   0.180898E-02   0.200000E-03
 435  -0.304108E-03  -0.131228E-03   0.314642E-02   0.285668E-02   0.350000E-03
 436  -0.648316E-04  -0.287437E-03   0.528976E-02   0.293401E-02   0.250000E-03
 437  -0.709576E-04  -0.505681E-04   0.564121E-02   0.355603E-02   0.200000E-03
 438  -0.108941E-03   0.540847E-03   0.676489E-02   0.382189E-02   0.300000E-03
 439  -0.673605E-03   0.560970E-03   0.794430E-02   0.367790E-02   0.350000E-03
 440   0.148500E-03   0.360785E-03   0.108857E-01   0.376644E-02   0.200000E-03
 441   0.996324E-04   0.190603E-03   0.109256E-01   0.327118E-02   0.300000E-03
 442   0.173844E-03   0.517083E-03   0.130936E-01   0.371431E-02   0.300000E-03
 443   0.663606E-03   0.453782E-03   0.136284E-01   0.348827E-02   0.250000E-03
 444   0.146842E-03   0.466412E-03   0.152368E-01   0.395811E-02   0.300000E-03
 445  -0.426729E-03   0.500271E-04   0.156987E-01   0.447801E-02   0.400000E-03
 446  -0.326875E-03   0.496261E-04   0.162965E-01   0.449701E-02   0.200000E-03
 447  -0.677609E-03   0.109774E-03   0.172405E-01   0.461975E-02   0.300000E-03
 448  -0.733698E-03   0.295535E-03   0.183375E-01   0.445405E-02   0.500000E-03
 449  -0.105296E-02   0.460294E-03   0.192307E-01   0.441118E-02   0.400000E-03
 450  -0.122506E-02   0.408681E-03   0.199253E-01   0.445256E-02   0.300000E-03
 451  -0.108416E-02  -0.381824E-04   0.215024E-01   0.396429E-02   0.400000E-03
 452  -0.745919E-03   0.236209E-03   0.219338E-01   0.457383E-02   0.350000E-03
 453  -0.795838E-03   0.191858E-03   0.240400E-01   0.393109E-02   0.350000E-03
 454  -0.804778E-03   0.554061E-04   0.257509E-01   0.331474E-02   0.350000E-03
 455  -0.114015E-02   0.530529E-04   0.269699E-01   0.302356E-02   0.200000E-03
 456  -0.723813E-03  -0.180365E-03   0.288945E-01   0.317147E-02   0.350000E-03
 457  -0.875207E-03  -0.225970E-03   0.305177E-01   0.321199E-02   0.300000E-03
 458  -0.116484E-02  -0.700794E-04   0.307064E-01   0.382436E-02   0.350000E-03
 459  -0.181585E-02  -0.448934E-03   0.317820E-01   0.374494E-02   0.350000E-03
 460  -0.157806E-02  -0.482966E-03   0.341984E-01   0.385949E-02   0.250000E-03
 461  -0.151234E-02  -0.667135E-03   0.364702E-01   0.357027E-02   0.250000E-03
 462  -0.163535E-02  -0.220608E-03   0.376507E-01   0.427548E-02   0.300000E-03
 463  -0.155046E-02  -0.652970E-03   0.382765E-01   0.258291E-02   0.300000E-03
 464  -0.179819E-02  -0.394922E-03   0.390168E-01   0.263962E-02   0.450000E-03
 465  -0.151565E-02  -0.293244E-03   0.407074E-01   0.238647E-02   0.300000E-03
 466  -0.201661E-02  -0.501441E-03   0.411730E-01   0.256423E-02   0.200000E-03
 467  -0.165574E-02  -0.760028E-03   0.435667E-01   0.256107E-02   0.250000E-03
 468  -0.181320E-02  -0.801187E-04   0.435767E-01   0.383391E-02   0.350000E-03
 469  -0.232246E-03   0.151498E-03   0.105451E-02   0.434583E-02   0.450000E-03
 470  -0.690122E-03  -0.328938E-03   0.218176E-02   0.279715E-02   0.300000E-03
 471   0.126175E-03   0.930251E-05   0.386152E-02   0.308101E-02   0.400000E-03
 472   0.576345E-04   0.804161E-04   0.455863E-02   0.302633E-02   0.300000E-03
 473  -0.268725E-03  -0.640366E-06   0.504227E-02   0.353163E-02   0.400000E-03
 474  -0.180101E-03   0.329366E-03   0.745032E-02   0.401620E-02   0.250000E-03
 475  -0.276980E-03   0.729467E-03   0.811237E-02   0.435385E-02   0.350000E-03
 476   0.662894E-04   0.836813E-04   0.954981E-02   0.405566E-02   0.300000E-03
 477  -0.126806E-03   0.181687E-03   0.113221E-01   0.293163E-02   0.200000E-03
 478   0.704636E-04   0.248549E-03   0.122449E-01   0.397905E-02   0.350000E-03
 479  -0.118167E-03  -0.119406E-03   0.142070E-01   0.397406E-02   0.250000E-03
 480   0.122188E-03   0.905103E-03   0.146841E-01   0.381872E-02   0.250000E-03
 481   0.834607E-05   0.516287E-03   0.148102E-01   0.430225E-02   0.250000E-03
 482  -0.485159E-03   0.233086E-03   0.162851E-01   0.509099E-02   0.400000E-03
 483  -0.769147E-03   0.194269E-03   0.169808E-01   0.515912E-02   0.300000E-03
 484  -0.787302E-03   0.127536E-03   0.186214E-01   0.519883E-02   0.300000E-03
 485  -0.111877E-02   0.180436E-03   0.196308E-01   0.504384E-02   0.350000E-03
 486  -0.966875E-03   0.546488E-03   0.202856E-01   0.493018E-02   0.300000E-03
 487  -0.865405E-03   0.416539E-03   0.213451E-01   0.494818E-02   0.350000E-03
 488  -0.679361E-03   0.458193E-03   0.218675E-01   0.511840E-02   0.200000E-03
 489  -0.936339E-03   0.137539E-03   0.246377E-01   0.397656E-02   0.250000E-03
 490  -0.823114E-03   0.270188E-03   0.272999E-01   0.339100E-02   0.250000E-03
 491  -0.780062E-03   0.103568E-03   0.283069E-01   0.344626E-02   0.300000E-03
 492  -0.567565E-03   0.273050E-03   0.292899E-01   0.380710E-02   0.400000E-03
 493  -0.141691E-02   0.243013E-03   0.300512E-01   0.358884E-02   0.300000E-03
 494   0.753563E-03  -0.383160E-03   0.312394E-01   0.372271E-02   0.200000E-03
 495  -0.850303E-03  -0.338117E-03   0.328857E-01   0.403190E-02   0.200000E-03
 496  -0.102534E-02  -0.365355E-03   0.359465E-01   0.419983E-02   0.350000E-03
 497  -0.888849E-03  -0.897550E-03   0.361037E-01   0.372705E-02   0.150000E-03
 498  -0.176030E-02  -0.604164E-03   0.373605E-01   0.380878E-02   0.250000E-03
 499  -0.179750E-02  -0.447397E-03   0.375328E-01   0.334079E-02   0.250000E-03
 500  -0.157503E-02  -0.154172E-03   0.394007E-01   0.310002E-02   0.150000E-03
 501  -0.126915E-02  -0.482244E-03   0.401638E-01   0.245749E-02   0.250000E-03
 502  -0.196918E-02  -0.703096E-03   0.413327E-01   0.209491E-02   0.300000E-03
 503  -0.193653E-02  -0.570049E-03   0.429720E-01   0.263031E-02   0.350000E-03
 504  -0.182556E-02  -0.105854E-02   0.433175E-01   0.207840E-02   0.300000E-03
 505  -0.279586E-03   0.188011E-03   0.165093E-02   0.381477E-02   0.350000E-03
 506  -0.366095E-03   0.284011E-03   0.186988E-02   0.325771E-02   0.250000E-03
 507  -0.370534E-03   0.295991E-03   0.332510E-02   0.344458E-02   0.250000E-03
 508   0.130636E-03  -0.223095E-04   0.434606E-02   0.358484E-02   0.300000E-03
 509  -0.123777E-03   0.309221E-03   0.609440E-02   0.422793E-02   0.250000E-03
 510  -0.706862E-05   0.787837E-03   0.749780E-02   0.455633E-02   0.300000E-03
 511  -0.537779E-03  -0.278306E-04   0.878659E-02   0.425890E-02   0.300000E-03
 512   0.149605E-03   0.423549E-03   0.103383E-01   0.376454E-02   0.350000E-03
 513  -0.237713E-03   0.963561E-04   0.114781E-01   0.349529E-02   0.300000E-03
 514   0.285246E-03   0.309007E-03   0.128776E-01   0.437935E-02   0.400000E-03
 515  -0.586422E-03  -0.472957E-05   0.136197E-01   0.409579E-02   0.350000E-03
 516  -0.511414E-05   0.455774E-03   0.142760E-01   0.456791E-02   0.350000E-03
 517   0.899916E-03   0.784868E-03   0.151500E-01   0.451302E-02   0.150000E-03
 518  -0.482439E-03   0.243178E-03   0.155007E-01   0.524766E-02   0.400000E-03
 519  -0.817325E-03   0.162143E-03   0.177269E-01   0.504133E-02   0.350000E-03
 520  -0.983070E-03   0.777918E-04   0.191489E-01   0.547906E-02   0.300000E-03
 521  -0.984982E-03   0.529942E-03   0.201214E-01   0.560956E-02   0.400000E-03
 522  -0.753301E-03   0.625472E-03   0.207238E-01   0.525874E-02   0.250000E-03
 523  -0.738801E-03   0.409587E-03   0.218463E-01   0.556621E-02   0.250000E-03
 524  -0.608894E-03   0.283247E-03   0.231363E-01   0.409948E-02   0.300000E-03
 525  -0.775755E-03  -0.139951E-04   0.251750E-01   0.438230E-02   0.400000E-03
 526  -0.974032E-03   0.451291E-03   0.256414E-01   0.393244E-02   0.250000E-03
 527  -0.893906E-03   0.171164E-03   0.277670E-01   0.370550E-02   0.300000E-03
 528  -0.800153E-03   0.184592E-03   0.291556E-01   0.454420E-02   0.350000E-03
 529  -0.131916E-02  -0.102935E-03   0.305104E-01   0.443463E-02   0.300000E-03
 530   0.153578E-03   0.116580E-02   0.321642E-01   0.406698E-02   0.150000E-03
 531  -0.154457E-02  -0.699224E-04   0.330390E-01   0.359413E-02   0.200000E-03
 532  -0.140359E-02  -0.408616E-03   0.352025E-01   0.428098E-02   0.400000E-03
 533  -0.154725E-02  -0.734132E-03   0.368367E-01   0.397455E-02   0.300000E-03
 534  -0.133071E-02  -0.112914E-02   0.382368E-01   0.441931E-02   0.300000E-03
 535  -0.159485E-02  -0.333606E-03   0.379138E-01   0.373673E-02   0.300000E-03
 536  -0.950493E-03  -0.185800E-02   0.386719E-01   0.312845E-02   0.150000E-03
 537  -0.127710E-02  -0.850988E-03   0.404411E-01   0.274376E-02   0.150000E-03
 538  -0.203831E-02  -0.328047E-03   0.417703E-01   0.250105E-02   0.300000E-03
 539  -0.157682E-02  -0.384079E-03   0.423616E-01   0.241041E-02   0.300000E-03
 540  -0.176743E-02  -0.863742E-03   0.439702E-01   0.284765E-02   0.250000E-03
 541   0.878989E-04   0.478501E-03   0.475850E-02   0.848822E-02   0.300000E-03
 542  -0.534748E-03   0.302186E-03   0.257887E-02   0.348825E-02   0.500000E-03
 543   0.306967E-04   0.604430E-03   0.376476E-02   0.377375E-02   0.300000E-03
 544  -0.359289E-04   0.566778E-03   0.419863E-02   0.411131E-02   0.250000E-03
 545  -0.534519E-04   0.405863E-03   0.533288E-02   0.410976E-02   0.250000E-03
 546  -0.618271E-03   0.265709E-03   0.859486E-02   0.498351E-02   0.450000E-03
 547   0.140919E-05   0.289991E-03   0.928464E-02   0.459198E-02   0.300000E-03
 548  -0.318965E-03  -0.538598E-03   0.977779E-02   0.449696E-02   0.200000E-03
 549   0.126506E-03   0.800891E-05   0.110769E-01   0.433194E-02   0.400000E-03
 550  -0.240510E-03  -0.647237E-05   0.116461E-01   0.401799E-02   0.250000E-03
 551   0.292254E-03   0.235594E-03   0.135479E-01   0.489523E-02   0.450000E-03
 552   0.449927E-04   0.120389E-03   0.142557E-01   0.526481E-02   0.350000E-03
 553  -0.177008E-04   0.517976E-03   0.148642E-01   0.479896E-02   0.250000E-03
 554   0.147653E-04  -0.278302E-03   0.150957E-01   0.574999E-02   0.250000E-03
 555  -0.460807E-03   0.118373E-03   0.160279E-01   0.584618E-02   0.400000E-03
 556  -0.936188E-03   0.100596E-03   0.181344E-01   0.554453E-02   0.300000E-03
 557  -0.748150E-03  -0.737063E-04   0.188726E-01   0.482749E-02   0.150000E-03
 558  -0.926068E-03   0.477220E-03   0.212124E-01   0.568384E-02   0.400000E-03
 559  -0.811191E-03   0.351606E-03   0.226061E-01   0.465438E-02   0.250000E-03
 560  -0.672894E-03  -0.876477E-04   0.236995E-01   0.441971E-02   0.250000E-03
 561  -0.103471E-02   0.215194E-03   0.259264E-01   0.445753E-02   0.350000E-03
 562  -0.863551E-03   0.368265E-03   0.262277E-01   0.382679E-02   0.350000E-03
 563  -0.768786E-03   0.232476E-03   0.285505E-01   0.410081E-02   0.400000E-03
 564  -0.830028E-03   0.197311E-03   0.285588E-01   0.480026E-02   0.300000E-03
 565  -0.111151E-02   0.466696E-06   0.298948E-01   0.424361E-02   0.350000E-03
 566  -0.164116E-02  -0.234989E-03   0.312878E-01   0.437366E-02   0.450000E-03
 567  -0.175119E-02   0.387658E-03   0.332933E-01   0.329144E-02   0.150000E-03
 568  -0.162934E-02  -0.258449E-03   0.338538E-01   0.384609E-02   0.100000E-03
 569  -0.141377E-02  -0.752810E-03   0.370027E-01   0.449567E-02   0.250000E-03
 570  -0.182530E-02  -0.586172E-03   0.378202E-01   0.485002E-02   0.300000E-03
 571  -0.180955E-02  -0.329153E-03   0.384759E-01   0.352980E-02   0.300000E-03
 572  -0.118992E-02  -0.418762E-03   0.390594E-01   0.339257E-02   0.300000E-03
 573  -0.135809E-02  -0.241054E-03   0.397434E-01   0.280887E-02   0.300000E-03
 574  -0.194705E-02  -0.156811E-03   0.414218E-01   0.321618E-02   0.500000E-03
 575  -0.181223E-02   0.266728E-04   0.421371E-01   0.290992E-02   0.250000E-03
 576  -0.172417E-02  -0.108700E-03   0.444200E-01   0.385888E-02   0.300000E-03
 577  -0.349532E-03  -0.458890E-03   0.298543E-03   0.462276E-02   0.300000E-03
 578  -0.452602E-03   0.258244E-03   0.261522E-02   0.433207E-02   0.350000E-03
 579  -0.306149E-03   0.541331E-03   0.476641E-02   0.430360E-02   0.350000E-03
 580  -0.543701E-04   0.451964E-03   0.544648E-02   0.459404E-02   0.250000E-03
 581  -0.955788E-04   0.252662E-03   0.707331E-02   0.414945E-02   0.150000E-03
 582   0.969181E-04   0.672257E-04   0.794321E-02   0.487696E-02   0.200000E-03
 583  -0.566030E-04   0.243088E-03   0.994476E-02   0.491173E-02   0.250000E-03
 584   0.202670E-04   0.873760E-04   0.103400E-01   0.446254E-02   0.350000E-03
 585   0.442113E-03   0.931774E-03   0.107274E-01   0.516031E-02   0.450000E-03
 586   0.104655E-03   0.368546E-03   0.118815E-01   0.451453E-02   0.300000E-03
 587   0.469837E-03   0.431312E-03   0.123546E-01   0.467060E-02   0.200000E-03
 588   0.180275E-03   0.353690E-03   0.136548E-01   0.553580E-02   0.200000E-03
 589  -0.161968E-04   0.279817E-03   0.148538E-01   0.529857E-02   0.250000E-03
 590   0.264798E-03  -0.112512E-03   0.154549E-01   0.602079E-02   0.200000E-03
 591  -0.803332E-03   0.190570E-03   0.173855E-01   0.552905E-02   0.250000E-03
 592  -0.962113E-03   0.331555E-03   0.181549E-01   0.614158E-02   0.300000E-03
 593  -0.758894E-03   0.341289E-03   0.195106E-01   0.595489E-02   0.300000E-03
 594  -0.992901E-03   0.511973E-03   0.206338E-01   0.615612E-02   0.350000E-03
 595  -0.627057E-03   0.508093E-03   0.222542E-01   0.501810E-02   0.200000E-03
 596  -0.550579E-03  -0.658131E-04   0.231991E-01   0.474517E-02   0.350000E-03
 597  -0.863832E-03  -0.411496E-04   0.244022E-01   0.458150E-02   0.400000E-03
 598  -0.904497E-03   0.245694E-03   0.266218E-01   0.440192E-02   0.350000E-03
 599  -0.101621E-02   0.186841E-03   0.271758E-01   0.397463E-02   0.350000E-03
 600  -0.106138E-02   0.213077E-03   0.299058E-01   0.489131E-02   0.300000E-03
 601  -0.116743E-02   0.381845E-05   0.305267E-01   0.507511E-02   0.350000E-03
 602  -0.935415E-03  -0.122916E-04   0.309935E-01   0.489628E-02   0.150000E-03
 603  -0.846628E-03  -0.321249E-03   0.330361E-01   0.455875E-02   0.350000E-03
 604  -0.171659E-02  -0.291035E-03   0.334294E-01   0.397969E-02   0.350000E-03
 605  -0.145496E-02  -0.718280E-03   0.364196E-01   0.477730E-02   0.400000E-03
 606  -0.143041E-02  -0.317444E-03   0.385073E-01   0.514349E-02   0.450000E-03
 607  -0.186857E-02  -0.601248E-03   0.386413E-01   0.404912E-02   0.250000E-03
 608  -0.180753E-02  -0.438824E-03   0.396633E-01   0.346425E-02   0.300000E-03
 609  -0.166823E-02  -0.263803E-03   0.402579E-01   0.320371E-02   0.350000E-03
 610  -0.199076E-02  -0.433760E-03   0.409063E-01   0.278973E-02   0.150000E-03
 611  -0.186631E-02  -0.237546E-03   0.428081E-01   0.361702E-02   0.450000E-03
 612  -0.186418E-02  -0.168206E-03   0.434482E-01   0.314521E-02   0.350000E-03
 613  -0.174980E-03   0.599905E-03   0.104475E-01   0.862117E-02   0.350000E-03
 614   0.360296E-03   0.438817E-03   0.314087E-02   0.448241E-02   0.200000E-03
 615   0.564470E-04   0.548306E-03   0.368450E-02   0.441852E-02   0.350000E-03
 616   0.133307E-03   0.284585E-03   0.569942E-02   0.428584E-02   0.150000E-03
 617  -0.670319E-04   0.405527E-03   0.664812E-02   0.445615E-02   0.350000E-03
 618  -0.445945E-03   0.428917E-04   0.810416E-02   0.554894E-02   0.300000E-03
 619  -0.732463E-04   0.509669E-03   0.931405E-02   0.518905E-02   0.300000E-03
 620   0.644163E-04   0.475335E-03   0.990250E-02   0.555790E-02   0.400000E-03
 621   0.209610E-03   0.140930E-03   0.114159E-01   0.534196E-02   0.250000E-03
 622   0.145559E-03   0.260324E-03   0.114553E-01   0.485217E-02   0.250000E-03
 623   0.379588E-03   0.103560E-03   0.126905E-01   0.510543E-02   0.350000E-03
 624   0.458130E-04   0.121223E-03   0.139940E-01   0.574728E-02   0.200000E-03
 625  -0.219018E-05  -0.532295E-04   0.145190E-01   0.590761E-02   0.350000E-03
 626  -0.488123E-03   0.275377E-03   0.166422E-01   0.550744E-02   0.150000E-03
 627  -0.676462E-03   0.155723E-03   0.169569E-01   0.565784E-02   0.200000E-03
 628  -0.862331E-03   0.129556E-03   0.175629E-01   0.604564E-02   0.300000E-03
 629  -0.805754E-03   0.314183E-03   0.188017E-01   0.651339E-02   0.450000E-03
 630  -0.716170E-03  -0.152892E-03   0.218436E-01   0.611593E-02   0.300000E-03
 631  -0.929800E-03   0.303717E-03   0.227405E-01   0.527240E-02   0.350000E-03
 632  -0.652018E-03  -0.129328E-03   0.238135E-01   0.495589E-02   0.300000E-03
 633  -0.871215E-03   0.135034E-03   0.246596E-01   0.517315E-02   0.250000E-03
 634  -0.842358E-03   0.350201E-03   0.271542E-01   0.452115E-02   0.200000E-03
 635  -0.744028E-03   0.212795E-03   0.277967E-01   0.447365E-02   0.450000E-03
 636  -0.104521E-02   0.196538E-03   0.293702E-01   0.515663E-02   0.300000E-03
 637  -0.101264E-02   0.237768E-03   0.303291E-01   0.568955E-02   0.300000E-03
 638  -0.157168E-02   0.127080E-03   0.321481E-01   0.474438E-02   0.350000E-03
 639  -0.161666E-02  -0.364836E-03   0.342934E-01   0.481276E-02   0.250000E-03
 640  -0.154575E-02  -0.329078E-03   0.345059E-01   0.431089E-02   0.300000E-03
 641  -0.119081E-02  -0.502844E-03   0.368889E-01   0.529461E-02   0.300000E-03
 642  -0.124371E-02  -0.633642E-03   0.372763E-01   0.490772E-02   0.250000E-03
 643  -0.167238E-02  -0.661757E-04   0.388124E-01   0.451503E-02   0.250000E-03
 644  -0.169409E-02  -0.625758E-03   0.392910E-01   0.405612E-02   0.400000E-03
 645  -0.198088E-02  -0.456970E-03   0.417263E-01   0.384590E-02   0.200000E-03
 646  -0.196076E-02  -0.677303E-03   0.407806E-01   0.332161E-02   0.150000E-03
 647  -0.206108E-02  -0.446695E-03   0.425754E-01   0.301037E-02   0.200000E-03
 648  -0.707732E-03  -0.965102E-03   0.448031E-01   0.354324E-02   0.200000E-03
 649   0.408997E-04  -0.218792E-03   0.714471E-03   0.489778E-02   0.200000E-03
 650  -0.356951E-03   0.135909E-03   0.266917E-02   0.502404E-02   0.350000E-03
 651   0.129747E-03   0.603235E-03   0.320358E-02   0.398523E-02   0.300000E-03
 652  -0.283653E-03   0.365060E-03   0.457776E-02   0.490925E-02   0.200000E-03
 653  -0.380217E-04   0.425382E-03   0.657445E-02   0.494917E-02   0.150000E-03
 654  -0.516390E-04   0.133546E-03   0.747273E-02   0.524914E-02   0.400000E-03
 655  -0.537103E-03   0.382395E-03   0.877265E-02   0.576169E-02   0.350000E-03
 656  -0.527863E-04   0.492819E-03   0.935442E-02   0.590330E-02   0.250000E-03
 657  -0.329947E-03   0.223799E-03   0.104782E-01   0.594411E-02   0.300000E-03
 658  -0.257408E-03   0.244874E-03   0.119902E-01   0.515504E-02   0.350000E-03
 659   0.380480E-03   0.844228E-04   0.131614E-01   0.547683E-02   0.250000E-03
 660  -0.231183E-03   0.422230E-03   0.136264E-01   0.622010E-02   0.400000E-03
 661  -0.859354E-04   0.108525E-03   0.150387E-01   0.629612E-02   0.300000E-03
 662  -0.500714E-03   0.558978E-04   0.163652E-01   0.645363E-02   0.300000E-03
 663  -0.367568E-03  -0.259422E-03   0.166625E-01   0.599420E-02   0.250000E-03
 664  -0.801289E-03   0.139498E-03   0.177842E-01   0.654576E-02   0.250000E-03
 665  -0.828753E-03   0.343615E-03   0.200011E-01   0.629868E-02   0.300000E-03
 666  -0.953556E-03   0.187262E-03   0.212432E-01   0.638172E-02   0.300000E-03
 667  -0.919229E-03   0.354241E-03   0.223456E-01   0.578366E-02   0.300000E-03
 668  -0.934465E-03   0.216377E-03   0.233822E-01   0.537048E-02   0.300000E-03
 669  -0.717484E-03   0.742724E-04   0.248637E-01   0.477312E-02   0.100000E-03
 670  -0.112155E-02   0.659090E-03   0.263656E-01   0.488695E-02   0.200000E-03
 671  -0.526937E-03   0.202774E-03   0.284955E-01   0.530721E-02   0.200000E-03
 672  -0.782544E-03   0.211202E-03   0.280997E-01   0.510255E-02   0.250000E-03
 673  -0.617813E-03   0.667974E-03   0.310180E-01   0.556064E-02   0.350000E-03
 674  -0.173764E-02   0.235542E-03   0.315624E-01   0.512484E-02   0.350000E-03
 675  -0.157266E-02   0.141609E-03   0.325085E-01   0.426995E-02   0.250000E-03
 676  -0.131161E-02  -0.425213E-03   0.347913E-01   0.478290E-02   0.250000E-03
 677  -0.122265E-02  -0.570515E-03   0.369723E-01   0.598813E-02   0.400000E-03
 678  -0.134741E-02  -0.531014E-03   0.374298E-01   0.538237E-02   0.250000E-03
 679  -0.167855E-02  -0.533863E-03   0.390945E-01   0.542239E-02   0.200000E-03
 680  -0.171816E-02  -0.117994E-03   0.392688E-01   0.490240E-02   0.350000E-03
 681  -0.171390E-02  -0.353750E-03   0.410963E-01   0.388717E-02   0.250000E-03
 682  -0.179009E-02  -0.107110E-03   0.421436E-01   0.340841E-02   0.250000E-03
 683  -0.180781E-02  -0.235909E-03   0.440270E-01   0.455100E-02   0.500000E-03
 684  -0.172830E-02  -0.843804E-04   0.440468E-01   0.339152E-02   0.300000E-03
 685  -0.346201E-03   0.218761E-03   0.349282E-03   0.732336E-02   0.350000E-03
 686   0.263710E-03  -0.337644E-04   0.333216E-02   0.559809E-02   0.350000E-03
 687   0.252495E-03   0.837983E-04   0.331375E-02   0.495011E-02   0.300000E-03
 688   0.382853E-03   0.249168E-03   0.502126E-02   0.484987E-02   0.250000E-03
 689   0.155193E-03   0.583185E-03   0.706831E-02   0.480659E-02   0.200000E-03
 690   0.276459E-04   0.203006E-03   0.761065E-02   0.597932E-02   0.350000E-03
 691  -0.315751E-03   0.194335E-03   0.878079E-02   0.648662E-02   0.350000E-03
 692   0.256509E-04   0.821467E-04   0.990197E-02   0.625671E-02   0.300000E-03
 693  -0.245366E-03  -0.839689E-04   0.103993E-01   0.648579E-02   0.250000E-03
 694   0.351526E-04   0.157378E-03   0.111201E-01   0.585644E-02   0.350000E-03
 695   0.254392E-03   0.409456E-03   0.129016E-01   0.601687E-02   0.350000E-03
 696  -0.101069E-03   0.104898E-03   0.146303E-01   0.721766E-02   0.250000E-03
 697   0.169558E-04   0.199235E-03   0.143382E-01   0.663114E-02   0.400000E-03
 698  -0.247763E-03   0.231121E-04   0.156773E-01   0.657872E-02   0.400000E-03
 699  -0.678194E-03   0.348211E-04   0.170912E-01   0.662691E-02   0.450000E-03
 700  -0.573622E-03   0.242621E-03   0.181774E-01   0.692771E-02   0.300000E-03
 701  -0.848999E-03   0.343017E-03   0.195327E-01   0.666891E-02   0.300000E-03
 702  -0.103072E-02   0.640840E-04   0.204075E-01   0.686679E-02   0.400000E-03
 703  -0.927809E-03   0.307564E-03   0.230197E-01   0.596795E-02   0.400000E-03
 704  -0.572728E-03  -0.438585E-04   0.241509E-01   0.556792E-02   0.400000E-03
 705  -0.839136E-03   0.170657E-03   0.251350E-01   0.502824E-02   0.250000E-03
 706  -0.988415E-03   0.592442E-03   0.259493E-01   0.505605E-02   0.250000E-03
 707  -0.793416E-03   0.507965E-04   0.269576E-01   0.508419E-02   0.400000E-03
 708  -0.999868E-03   0.241269E-03   0.298424E-01   0.543677E-02   0.250000E-03
 709  -0.157566E-02   0.741624E-04   0.320865E-01   0.529025E-02   0.200000E-03
 710  -0.135599E-02   0.256302E-03   0.326728E-01   0.503458E-02   0.250000E-03
 711  -0.175915E-02  -0.372052E-03   0.337335E-01   0.460548E-02   0.350000E-03
 712  -0.151538E-02  -0.680738E-03   0.351305E-01   0.521524E-02   0.300000E-03
 713  -0.158278E-02  -0.659692E-03   0.381609E-01   0.636532E-02   0.350000E-03
 714  -0.118593E-02  -0.312175E-03   0.379348E-01   0.570215E-02   0.350000E-03
 715  -0.165728E-02  -0.486438E-03   0.388290E-01   0.564510E-02   0.150000E-03
 716  -0.139276E-02  -0.295556E-03   0.397328E-01   0.453223E-02   0.250000E-03
 717  -0.155837E-02  -0.355883E-03   0.400657E-01   0.366510E-02   0.150000E-03
 718  -0.177892E-02  -0.274309E-03   0.421722E-01   0.390680E-02   0.250000E-03
 719  -0.182339E-02  -0.286990E-03   0.448015E-01   0.546410E-02   0.200000E-03
 720  -0.192027E-02  -0.442423E-04   0.434141E-01   0.729820E-02   0.350000E-03
 721  -0.394957E-03   0.218691E-03   0.215143E-02   0.404015E-02   0.200000E-03
 722  -0.247846E-03   0.147975E-03   0.202693E-02   0.511482E-02   0.300000E-03
 723  -0.102244E-03   0.490012E-03   0.425030E-02   0.460658E-02   0.250000E-03
 724  -0.141504E-03   0.405641E-03   0.602964E-02   0.487437E-02   0.400000E-03
 725   0.338631E-03   0.238488E-03   0.693636E-02   0.513014E-02   0.150000E-03
 726  -0.439360E-04   0.560969E-03   0.652971E-02   0.549626E-02   0.400000E-03
 727  -0.379538E-03   0.203109E-03   0.824040E-02   0.613261E-02   0.300000E-03
 728  -0.900676E-04   0.129644E-03   0.937332E-02   0.640125E-02   0.250000E-03
 729  -0.318981E-03   0.107266E-02   0.972048E-02   0.682832E-02   0.300000E-03
 730   0.714545E-04   0.647607E-03   0.123747E-01   0.561519E-02   0.250000E-03
 731   0.213937E-03   0.400892E-03   0.122304E-01   0.621462E-02   0.350000E-03
 732  -0.175262E-03   0.398639E-03   0.131200E-01   0.662463E-02   0.250000E-03
 733  -0.159726E-03   0.137163E-03   0.149537E-01   0.683758E-02   0.250000E-03
 734  -0.394960E-03  -0.806590E-04   0.161762E-01   0.691133E-02   0.200000E-03
 735  -0.463851E-03   0.173036E-03   0.176068E-01   0.723722E-02   0.350000E-03
 736  -0.967337E-03   0.916024E-05   0.191055E-01   0.730577E-02   0.400000E-03
 737  -0.100600E-02   0.231913E-04   0.197968E-01   0.720604E-02   0.300000E-03
 738  -0.919026E-03   0.307366E-03   0.214791E-01   0.703820E-02   0.400000E-03
 739  -0.871585E-03   0.347720E-03   0.224253E-01   0.642487E-02   0.350000E-03
 740  -0.864501E-03   0.334731E-03   0.237355E-01   0.618862E-02   0.350000E-03
 741  -0.887616E-03   0.433281E-04   0.248144E-01   0.564683E-02   0.250000E-03
 742  -0.113585E-02   0.149345E-03   0.263635E-01   0.533648E-02   0.250000E-03
 743  -0.774588E-03   0.121708E-03   0.276032E-01   0.514414E-02   0.250000E-03
 744  -0.486845E-03   0.192797E-03   0.288736E-01   0.518924E-02   0.200000E-03
 745  -0.176541E-02   0.755718E-04   0.315974E-01   0.572328E-02   0.250000E-03
 746  -0.145648E-02  -0.934373E-04   0.328175E-01   0.561538E-02   0.350000E-03
 747  -0.759169E-03  -0.130279E-03   0.332806E-01   0.515995E-02   0.300000E-03
 748  -0.157266E-02  -0.648202E-03   0.356750E-01   0.486092E-02   0.350000E-03
 749  -0.134925E-02  -0.605156E-03   0.363198E-01   0.546867E-02   0.300000E-03
 750  -0.171679E-02  -0.450460E-03   0.385077E-01   0.587725E-02   0.250000E-03
 751  -0.178235E-02  -0.683367E-03   0.391632E-01   0.593878E-02   0.300000E-03
 752  -0.205752E-02   0.141181E-03   0.401814E-01   0.422550E-02   0.300000E-03
 753  -0.191906E-02  -0.505745E-03   0.407254E-01   0.302728E-02   0.150000E-03
 754  -0.149661E-02  -0.486056E-03   0.418903E-01   0.418891E-02   0.150000E-03
 755  -0.161676E-02  -0.470115E-03   0.425370E-01   0.415035E-02   0.150000E-03
 756  -0.160705E-02  -0.309906E-03   0.431096E-01   0.672403E-02   0.300000E-03
 757  -0.249669E-03   0.157942E-04   0.183987E-02   0.449267E-02   0.350000E-03
 758  -0.611113E-04  -0.115920E-04   0.402441E-02   0.567366E-02   0.350000E-03
 759   0.217545E-03   0.543300E-04   0.390674E-02   0.503462E-02   0.300000E-03
 760   0.157471E-03   0.170746E-03   0.473528E-02   0.557158E-02   0.300000E-03
 761   0.317819E-03   0.760792E-04   0.540543E-02   0.537238E-02   0.400000E-03
 762   0.425751E-03   0.238227E-03   0.591421E-02   0.592030E-02   0.350000E-03
 763  -0.215623E-03   0.264977E-03   0.689678E-02   0.620437E-02   0.400000E-03
 764  -0.328234E-03   0.138058E-03   0.816956E-02   0.672815E-02   0.300000E-03
 765   0.626977E-04   0.625464E-04   0.115532E-01   0.639991E-02   0.350000E-03
 766  -0.170159E-03  -0.409074E-04   0.117631E-01   0.576407E-02   0.300000E-03
 767   0.373461E-03   0.498023E-03   0.126840E-01   0.652119E-02   0.200000E-03
 768  -0.203404E-03   0.272865E-03   0.137317E-01   0.686134E-02   0.250000E-03
 769  -0.204908E-03  -0.481453E-05   0.152579E-01   0.735317E-02   0.350000E-03
 770  -0.536704E-03   0.546978E-04   0.158386E-01   0.720835E-02   0.250000E-03
 771  -0.573927E-03  -0.595374E-04   0.165687E-01   0.679755E-02   0.100000E-03
 772  -0.759296E-03   0.135814E-04   0.184635E-01   0.739351E-02   0.250000E-03
 773  -0.825957E-03   0.328111E-03   0.201875E-01   0.778598E-02   0.400000E-03
 774  -0.877880E-03   0.335081E-03   0.208610E-01   0.745921E-02   0.350000E-03
 775  -0.846167E-03   0.413779E-03   0.232715E-01   0.656579E-02   0.250000E-03
 776  -0.853992E-03   0.249152E-03   0.248713E-01   0.609256E-02   0.200000E-03
 777  -0.916562E-03   0.181582E-03   0.255478E-01   0.485290E-02   0.200000E-03
 778  -0.939792E-03   0.127390E-03   0.259509E-01   0.550495E-02   0.200000E-03
 779  -0.700220E-03   0.357545E-03   0.277072E-01   0.568204E-02   0.300000E-03
 780  -0.108051E-02   0.349065E-03   0.293708E-01   0.580569E-02   0.350000E-03
 781  -0.408509E-03   0.692622E-03   0.307085E-01   0.601491E-02   0.200000E-03
 782  -0.162584E-02  -0.392041E-03   0.321436E-01   0.578635E-02   0.300000E-03
 783  -0.177712E-02  -0.303577E-03   0.339191E-01   0.527949E-02   0.350000E-03
 784  -0.156952E-02  -0.283395E-03   0.344677E-01   0.522536E-02   0.200000E-03
 785  -0.159580E-02  -0.621649E-03   0.356799E-01   0.556051E-02   0.350000E-03
 786  -0.527456E-03  -0.350323E-03   0.375853E-01   0.620217E-02   0.250000E-03
 787  -0.179613E-02  -0.734924E-03   0.397265E-01   0.613976E-02   0.300000E-03
 788  -0.195498E-02  -0.519184E-03   0.396379E-01   0.549581E-02   0.350000E-03
 789  -0.169580E-02  -0.268452E-03   0.405641E-01   0.376771E-02   0.300000E-03
 790  -0.160885E-02  -0.524111E-03   0.414558E-01   0.429726E-02   0.300000E-03
 791  -0.161118E-02  -0.398492E-03   0.431130E-01   0.435639E-02   0.350000E-03
 792  -0.186407E-02  -0.218439E-03   0.438812E-01   0.518415E-02   0.150000E-03
 793  -0.426731E-03  -0.129587E-03   0.284749E-02   0.548710E-02   0.150000E-03
 794  -0.405706E-03   0.276994E-03   0.244235E-02   0.546762E-02   0.150000E-03
 795  -0.108876E-04  -0.274297E-04   0.436072E-02   0.524160E-02   0.200000E-03
 796  -0.440476E-03   0.388859E-03   0.265862E-02   0.647487E-02   0.300000E-03
 797   0.154828E-03   0.295356E-03   0.450866E-02   0.624441E-02   0.400000E-03
 798   0.259141E-03   0.243537E-03   0.517426E-02   0.603047E-02   0.300000E-03
 799  -0.424420E-04   0.254458E-03   0.752207E-02   0.667030E-02   0.350000E-03
 800  -0.271121E-03   0.261543E-03   0.883890E-02   0.708273E-02   0.250000E-03
 801  -0.146942E-03  -0.749373E-04   0.108154E-01   0.676076E-02   0.250000E-03
 802   0.669677E-04   0.260836E-04   0.112834E-01   0.693498E-02   0.250000E-03
 803   0.295922E-03   0.213877E-03   0.120162E-01   0.677458E-02   0.250000E-03
 804  -0.211801E-03   0.332658E-03   0.132675E-01   0.715400E-02   0.300000E-03
 805   0.353293E-04   0.791659E-04   0.140848E-01   0.728324E-02   0.300000E-03
 806  -0.693059E-03   0.517013E-03   0.157253E-01   0.764332E-02   0.200000E-03
 807   0.526170E-03  -0.627911E-03   0.180373E-01   0.765455E-02   0.250000E-03
 808  -0.937251E-03  -0.752858E-04   0.191261E-01   0.815417E-02   0.450000E-03
 809  -0.920640E-03   0.286835E-03   0.214474E-01   0.773650E-02   0.300000E-03
 810  -0.857385E-03   0.333072E-03   0.221777E-01   0.702226E-02   0.300000E-03
 811  -0.799597E-03   0.115801E-03   0.237701E-01   0.683557E-02   0.300000E-03
 812  -0.432740E-03   0.244820E-03   0.243892E-01   0.622497E-02   0.300000E-03
 813  -0.891449E-03   0.101817E-03   0.254070E-01   0.555746E-02   0.350000E-03
 814  -0.556619E-03   0.565720E-03   0.272102E-01   0.562785E-02   0.200000E-03
 815  -0.506470E-03   0.285383E-03   0.286265E-01   0.588982E-02   0.400000E-03
 816  -0.974873E-03  -0.134982E-03   0.312273E-01   0.606122E-02   0.200000E-03
 817  -0.956676E-03   0.106414E-03   0.302553E-01   0.628095E-02   0.300000E-03
 818  -0.137923E-02  -0.155928E-03   0.325655E-01   0.621247E-02   0.300000E-03
 819  -0.151129E-02  -0.590695E-03   0.334563E-01   0.573433E-02   0.300000E-03
 820  -0.167912E-02  -0.553202E-03   0.347224E-01   0.565376E-02   0.300000E-03
 821  -0.131958E-02  -0.917943E-03   0.362246E-01   0.605863E-02   0.300000E-03
 822  -0.163796E-02  -0.561006E-03   0.378311E-01   0.692514E-02   0.300000E-03
 823  -0.181628E-02  -0.646073E-03   0.387577E-01   0.630976E-02   0.250000E-03
 824  -0.198328E-02  -0.541323E-03   0.408214E-01   0.556538E-02   0.350000E-03
 825  -0.222225E-02  -0.296725E-03   0.402592E-01   0.499343E-02   0.450000E-03
 826  -0.168764E-02  -0.850287E-03   0.408060E-01   0.441122E-02   0.350000E-03
 827  -0.171457E-02  -0.416613E-03   0.422284E-01   0.440300E-02   0.250000E-03
 828  -0.162891E-02  -0.914430E-03   0.402878E-01   0.693425E-02   0.350000E-03
 829  -0.510324E-03   0.512668E-04   0.262836E-02   0.587719E-02   0.300000E-03
 830  -0.274732E-03  -0.203009E-05   0.299756E-03   0.522183E-02   0.300000E-03
 831  -0.301979E-03  -0.204234E-03   0.314541E-03   0.572012E-02   0.200000E-03
 832   0.145707E-03   0.377130E-03   0.310347E-02   0.615167E-02   0.250000E-03
 833  -0.677694E-04  -0.131358E-03   0.328712E-02   0.666869E-02   0.300000E-03
 834   0.289164E-03   0.365509E-03   0.509483E-02   0.662455E-02   0.300000E-03
 835   0.273993E-03   0.814701E-04   0.575303E-02   0.680442E-02   0.300000E-03
 836  -0.841108E-04   0.356878E-03   0.758525E-02   0.736527E-02   0.350000E-03
 837  -0.112849E-03   0.178466E-03   0.108140E-01   0.631202E-02   0.200000E-03
 838   0.297814E-03   0.189591E-03   0.117497E-01   0.731187E-02   0.350000E-03
 839   0.411977E-03   0.334501E-03   0.125706E-01   0.710966E-02   0.400000E-03
 840  -0.427342E-03   0.169107E-03   0.141602E-01   0.787846E-02   0.300000E-03
 841  -0.117845E-03   0.100050E-03   0.147469E-01   0.775406E-02   0.300000E-03
 842  -0.184695E-03   0.151238E-04   0.170373E-01   0.754870E-02   0.300000E-03
 843  -0.753632E-03   0.147697E-04   0.184779E-01   0.789094E-02   0.250000E-03
 844  -0.939938E-03  -0.118688E-03   0.198407E-01   0.839363E-02   0.300000E-03
 845  -0.834833E-03   0.376538E-03   0.208392E-01   0.815741E-02   0.350000E-03
 846  -0.860515E-03   0.233683E-03   0.219540E-01   0.752385E-02   0.250000E-03
 847  -0.827712E-03   0.155441E-03   0.232394E-01   0.711301E-02   0.300000E-03
 848  -0.432349E-03   0.115362E-03   0.244639E-01   0.692034E-02   0.400000E-03
 849  -0.875783E-03   0.201596E-03   0.253972E-01   0.625308E-02   0.350000E-03
 850  -0.103168E-02   0.495419E-03   0.267204E-01   0.563035E-02   0.200000E-03
 851  -0.956932E-03   0.155580E-03   0.265841E-01   0.610770E-02   0.300000E-03
 852  -0.106260E-02  -0.364118E-03   0.299021E-01   0.583185E-02   0.150000E-03
 853  -0.133968E-02  -0.425655E-03   0.316976E-01   0.633966E-02   0.350000E-03
 854  -0.173215E-02  -0.451825E-03   0.327816E-01   0.682592E-02   0.350000E-03
 855  -0.172658E-02  -0.206807E-03   0.331636E-01   0.625769E-02   0.300000E-03
 856  -0.177483E-02  -0.447743E-03   0.341171E-01   0.600077E-02   0.400000E-03
 857  -0.166403E-02  -0.526530E-03   0.352130E-01   0.607847E-02   0.350000E-03
 858  -0.115838E-02  -0.702637E-03   0.365619E-01   0.655341E-02   0.300000E-03
 859  -0.180256E-02  -0.739863E-03   0.392893E-01   0.647296E-02   0.250000E-03
 860  -0.200506E-02  -0.515146E-03   0.402146E-01   0.579107E-02   0.300000E-03
 861  -0.164143E-02  -0.463565E-03   0.415195E-01   0.558093E-02   0.350000E-03
 862  -0.215953E-02   0.656889E-06   0.409765E-01   0.498623E-02   0.250000E-03
 863  -0.162101E-02  -0.373870E-03   0.432831E-01   0.513780E-02   0.450000E-03
 864  -0.175835E-02  -0.460888E-03   0.445512E-01   0.606246E-02   0.450000E-03
 865  -0.228251E-03   0.212383E-03   0.137939E-02   0.506851E-02   0.350000E-03
 866  -0.275880E-03   0.136173E-03   0.171159E-02   0.550166E-02   0.200000E-03
 867  -0.208978E-03   0.457362E-03   0.203761E-02   0.628704E-02   0.350000E-03
 868   0.642764E-04  -0.260288E-03   0.370660E-02   0.624046E-02   0.300000E-03
 869   0.222431E-05   0.323786E-03   0.336784E-02   0.721028E-02   0.250000E-03
 870   0.284243E-03   0.346659E-04   0.625298E-02   0.647405E-02   0.300000E-03
 871  -0.215868E-03   0.327583E-03   0.691603E-02   0.690326E-02   0.300000E-03
 872  -0.152739E-03   0.291232E-03   0.921573E-02   0.682124E-02   0.200000E-03
 873  -0.370234E-03   0.491266E-03   0.102918E-01   0.702225E-02   0.300000E-03
 874   0.158221E-03   0.448516E-03   0.117046E-01   0.798368E-02   0.300000E-03
 875   0.394077E-03   0.288584E-03   0.122476E-01   0.772866E-02   0.300000E-03
 876  -0.257154E-03   0.278171E-03   0.136086E-01   0.764447E-02   0.300000E-03
 877  -0.137944E-03   0.292132E-03   0.146742E-01   0.834873E-02   0.300000E-03
 878   0.178192E-03   0.101538E-02   0.164041E-01   0.740828E-02   0.350000E-03
 879  -0.378256E-03  -0.370912E-03   0.175107E-01   0.782803E-02   0.250000E-03
 880  -0.251557E-03  -0.647761E-04   0.177248E-01   0.833346E-02   0.300000E-03
 881  -0.104902E-02   0.198456E-03   0.219366E-01   0.808306E-02   0.300000E-03
 882  -0.493227E-03   0.828589E-04   0.226974E-01   0.719931E-02   0.250000E-03
 883  -0.762083E-03   0.405523E-03   0.228783E-01   0.663427E-02   0.150000E-03
 884  -0.687459E-03   0.396302E-03   0.239455E-01   0.746041E-02   0.350000E-03
 885  -0.754626E-03   0.185700E-03   0.259283E-01   0.739865E-02   0.400000E-03
 886  -0.943379E-03   0.153196E-03   0.259949E-01   0.600138E-02   0.300000E-03
 887  -0.472930E-03   0.368348E-03   0.283904E-01   0.659905E-02   0.350000E-03
 888  -0.112973E-02   0.220470E-03   0.295680E-01   0.657936E-02   0.450000E-03
 889  -0.101488E-02   0.716081E-04   0.309180E-01   0.663114E-02   0.450000E-03
 890  -0.125878E-02  -0.333658E-03   0.322167E-01   0.663520E-02   0.250000E-03
 891  -0.156538E-02  -0.691235E-03   0.337284E-01   0.664016E-02   0.350000E-03
 892  -0.181265E-02  -0.401096E-03   0.346619E-01   0.658537E-02   0.400000E-03
 893  -0.172025E-02  -0.572996E-03   0.357562E-01   0.643243E-02   0.300000E-03
 894  -0.184298E-02  -0.981511E-03   0.385926E-01   0.678129E-02   0.250000E-03
 895  -0.172895E-02  -0.944113E-03   0.391016E-01   0.698930E-02   0.300000E-03
 896  -0.164197E-02   0.112561E-03   0.419163E-01   0.696108E-02   0.300000E-03
 897  -0.139530E-02  -0.270209E-03   0.424705E-01   0.661937E-02   0.350000E-03
 898  -0.177616E-02  -0.380099E-03   0.426267E-01   0.461131E-02   0.200000E-03
 899  -0.137972E-02  -0.379022E-03   0.424880E-01   0.519897E-02   0.350000E-03
 900  -0.166139E-02  -0.429741E-03   0.438291E-01   0.571930E-02   0.350000E-03
 901  -0.722976E-04   0.231740E-04   0.129216E-02   0.565922E-02   0.250000E-03
 902  -0.135746E-03   0.538732E-03   0.308878E-02   0.762461E-02   0.250000E-03
 903  -0.199046E-03   0.143400E-03   0.211381E-02   0.569306E-02   0.250000E-03
 904  -0.504260E-03   0.250826E-03   0.277633E-02   0.711253E-02   0.350000E-03
 905   0.227065E-03   0.217646E-03   0.400935E-02   0.693093E-02   0.450000E-03
 906   0.385416E-03   0.111333E-03   0.586838E-02   0.734756E-02   0.250000E-03
 907   0.359767E-03   0.333708E-03   0.556349E-02   0.634247E-02   0.200000E-03
 908  -0.292118E-03   0.425478E-03   0.885070E-02   0.763195E-02   0.300000E-03
 909  -0.183199E-03   0.252438E-03   0.935101E-02   0.730094E-02   0.300000E-03
 910  -0.392466E-03   0.255516E-03   0.101188E-01   0.806060E-02   0.300000E-03
 911   0.866677E-04   0.365191E-03   0.112621E-01   0.765956E-02   0.250000E-03
 912  -0.195489E-03   0.266277E-03   0.151536E-01   0.861718E-02   0.250000E-03
 913  -0.195984E-03   0.215693E-03   0.153409E-01   0.804752E-02   0.350000E-03
 914   0.433825E-03   0.305449E-03   0.161328E-01   0.815889E-02   0.450000E-03
 915  -0.247223E-03  -0.436575E-03   0.170148E-01   0.824803E-02   0.400000E-03
 916  -0.539831E-03   0.388783E-04   0.203928E-01   0.862769E-02   0.300000E-03
 917  -0.761251E-03   0.296007E-03   0.199878E-01   0.906901E-02   0.300000E-03
 918  -0.401255E-03  -0.144113E-03   0.225029E-01   0.776508E-02   0.350000E-03
 919  -0.812580E-03  -0.141768E-03   0.232027E-01   0.776157E-02   0.350000E-03
 920  -0.870783E-03   0.418595E-03   0.247885E-01   0.643198E-02   0.150000E-03
 921  -0.102088E-02   0.651475E-03   0.233761E-01   0.849729E-02   0.350000E-03
 922  -0.941670E-03   0.825004E-04   0.259727E-01   0.665013E-02   0.350000E-03
 923  -0.709540E-03   0.263501E-03   0.277452E-01   0.633004E-02   0.350000E-03
 924  -0.786918E-03   0.326671E-03   0.289169E-01   0.720011E-02   0.450000E-03
 925  -0.106296E-02  -0.131243E-03   0.310991E-01   0.740992E-02   0.350000E-03
 926  -0.185911E-02  -0.531152E-03   0.315970E-01   0.698050E-02   0.300000E-03
 927  -0.187256E-02  -0.468734E-03   0.336431E-01   0.719958E-02   0.200000E-03
 928  -0.178234E-02  -0.676075E-03   0.341697E-01   0.649725E-02   0.100000E-03
 929  -0.124312E-02  -0.419160E-03   0.372236E-01   0.669436E-02   0.350000E-03
 930   0.159319E-03  -0.164110E-02   0.412198E-01   0.664583E-02   0.300000E-03
 931  -0.159995E-02  -0.576013E-03   0.411885E-01   0.607646E-02   0.250000E-03
 932  -0.181501E-02  -0.965847E-03   0.397403E-01   0.668883E-02   0.250000E-03
 933  -0.172727E-02  -0.444534E-03   0.418097E-01   0.626963E-02   0.400000E-03
 934  -0.163368E-02  -0.546891E-03   0.412503E-01   0.469594E-02   0.150000E-03
 935  -0.156962E-02  -0.509422E-03   0.418052E-01   0.489497E-02   0.400000E-03
 936  -0.158867E-02  -0.495742E-03   0.433657E-01   0.617466E-02   0.300000E-03
 937  -0.726064E-04   0.178998E-03   0.103278E-02   0.717571E-02   0.350000E-03
 938  -0.299204E-03   0.198619E-03   0.298336E-03   0.621884E-02   0.300000E-03
 939   0.123929E-04   0.341472E-03   0.371815E-02   0.769460E-02   0.350000E-03
 940   0.127984E-03  -0.934790E-04   0.789357E-03   0.587612E-02   0.300000E-03
 941  -0.982122E-05   0.158293E-03   0.166608E-02   0.687919E-02   0.350000E-03
 942  -0.904882E-04   0.320602E-03   0.456746E-02   0.771153E-02   0.500000E-03
 943   0.237917E-03   0.112894E-03   0.527825E-02   0.724734E-02   0.350000E-03
 944   0.285667E-03   0.171115E-03   0.633946E-02   0.706629E-02   0.300000E-03
 945  -0.174171E-03   0.115416E-03   0.108408E-01   0.730897E-02   0.300000E-03
 946  -0.287209E-04   0.308895E-03   0.986057E-02   0.750491E-02   0.250000E-03
 947   0.349599E-04   0.155145E-03   0.129475E-01   0.799575E-02   0.450000E-03
 948  -0.436238E-04   0.285735E-03   0.125647E-01   0.858130E-02   0.250000E-03
 949   0.354398E-03   0.412632E-03   0.156844E-01   0.875939E-02   0.300000E-03
 950  -0.136197E-03   0.294522E-03   0.140080E-01   0.856174E-02   0.400000E-03
 951  -0.139388E-03  -0.561377E-03   0.165568E-01   0.877701E-02   0.300000E-03
 952  -0.711200E-03  -0.812784E-04   0.182740E-01   0.834582E-02   0.250000E-03
 953  -0.889775E-03   0.195917E-03   0.210526E-01   0.871770E-02   0.250000E-03
 954  -0.395315E-03   0.563077E-03   0.225348E-01   0.861392E-02   0.500000E-03
 955  -0.526293E-03  -0.286738E-05   0.237425E-01   0.802326E-02   0.250000E-03
 956  -0.358893E-03  -0.615129E-04   0.253042E-01   0.721767E-02   0.250000E-03
 957  -0.600646E-03   0.263498E-03   0.268917E-01   0.763369E-02   0.350000E-03
 958  -0.669828E-03   0.128970E-03   0.265709E-01   0.701235E-02   0.350000E-03
 959  -0.807781E-03   0.261750E-03   0.270755E-01   0.652865E-02   0.350000E-03
 960  -0.961129E-03   0.570129E-04   0.302470E-01   0.682922E-02   0.250000E-03
 961  -0.136143E-02   0.587345E-04   0.321484E-01   0.798099E-02   0.400000E-03
 962  -0.186204E-02  -0.454333E-03   0.316880E-01   0.752226E-02   0.250000E-03
 963  -0.187239E-02  -0.475961E-03   0.333055E-01   0.698704E-02   0.200000E-03
 964  -0.187128E-02  -0.429196E-03   0.353141E-01   0.683622E-02   0.300000E-03
 965  -0.181310E-02  -0.281459E-03   0.361045E-01   0.685749E-02   0.250000E-03
 966  -0.115009E-02  -0.677265E-03   0.367058E-01   0.723748E-02   0.400000E-03
 967  -0.162411E-02  -0.583783E-03   0.406492E-01   0.633543E-02   0.350000E-03
 968  -0.118624E-02  -0.529438E-03   0.401603E-01   0.624625E-02   0.150000E-03
 969  -0.676105E-03  -0.351448E-03   0.447503E-01   0.713658E-02   0.250000E-03
 970  -0.179097E-02  -0.287679E-03   0.442528E-01   0.680226E-02   0.350000E-03
 971  -0.133916E-02  -0.385483E-03   0.427172E-01   0.591149E-02   0.400000E-03
 972  -0.184660E-02  -0.306568E-03   0.436569E-01   0.674979E-02   0.250000E-03
 973   0.111875E-03   0.429518E-04   0.839217E-03   0.532866E-02   0.250000E-03
 974   0.387498E-04   0.362378E-03   0.401343E-02   0.821661E-02   0.250000E-03
 975   0.520832E-05   0.476461E-03   0.133885E-02   0.625566E-02   0.350000E-03
 976   0.349168E-04   0.456908E-03   0.775793E-03   0.657914E-02   0.300000E-03
 977  -0.149754E-03   0.471279E-03   0.732393E-02   0.790433E-02   0.250000E-03
 978  -0.240242E-03   0.363274E-03   0.695002E-02   0.750165E-02   0.300000E-03
 979   0.287658E-03   0.255384E-03   0.641130E-02   0.761063E-02   0.250000E-03
 980  -0.929787E-04   0.360585E-03   0.817834E-02   0.782199E-02   0.400000E-03
 981  -0.406281E-03   0.255606E-03   0.103559E-01   0.756607E-02   0.250000E-03
 982  -0.461047E-03   0.256268E-03   0.937681E-02   0.816558E-02   0.450000E-03
 983   0.350995E-03   0.594083E-03   0.121720E-01   0.827281E-02   0.250000E-03
 984  -0.142481E-03   0.540769E-03   0.107689E-01   0.799945E-02   0.350000E-03
 985  -0.257415E-03   0.187390E-03   0.135806E-01   0.814194E-02   0.200000E-03
 986  -0.548811E-03   0.293872E-03   0.189824E-01   0.936747E-02   0.300000E-03
 987  -0.888303E-03  -0.283682E-03   0.186599E-01   0.880376E-02   0.350000E-03
 988  -0.764399E-03   0.294408E-03   0.194355E-01   0.883546E-02   0.300000E-03
 989  -0.740376E-03   0.288771E-03   0.195320E-01   0.937614E-02   0.250000E-03
 990  -0.908663E-03   0.355250E-03   0.214252E-01   0.828515E-02   0.250000E-03
 991  -0.748604E-03   0.312593E-03   0.244017E-01   0.799022E-02   0.350000E-03
 992  -0.471552E-03   0.795832E-05   0.248393E-01   0.751022E-02   0.300000E-03
 993  -0.952806E-03   0.263943E-03   0.250935E-01   0.676488E-02   0.250000E-03
 994  -0.764243E-03   0.498028E-03   0.271943E-01   0.711580E-02   0.250000E-03
 995  -0.589111E-03   0.495102E-03   0.278435E-01   0.710883E-02   0.400000E-03
 996  -0.102402E-02  -0.124427E-03   0.304535E-01   0.733726E-02   0.300000E-03
 997  -0.112112E-02   0.246464E-03   0.299044E-01   0.719296E-02   0.250000E-03
 998  -0.128310E-02  -0.770377E-03   0.322137E-01   0.723429E-02   0.350000E-03
 999  -0.179265E-02  -0.564514E-03   0.330548E-01   0.735970E-02   0.250000E-03
1000  -0.170754E-02  -0.487610E-03   0.341912E-01   0.716646E-02   0.350000E-03
