   1   0.120584E-02   0.437136E-03   0.112797E-01   0.847244E-02   0.350000E-03
   2   0.514984E-03  -0.226976E-02   0.149522E-03   0.149903E-03   0.150000E-03
   3   0.220360E-02  -0.495214E-02   0.458222E-02   0.448126E-03   0.450000E-03
   4  -0.987041E-03   0.165180E-02   0.574358E-02   0.536063E-03   0.200000E-03
   5  -0.117201E-02  -0.210250E-06   0.579348E-02   0.999883E-04   0.100000E-03
   6  -0.980909E-03   0.996793E-03   0.750700E-02   0.249125E-03   0.250000E-03
   7  -0.112267E-02   0.738376E-03   0.813853E-02   0.398684E-03   0.400000E-03
   8  -0.548173E-03   0.234681E-02   0.888555E-02   0.348670E-03   0.350000E-03
   9   0.918442E-04   0.512101E-03   0.933180E-02   0.566427E-03   0.150000E-03
  10  -0.713790E-03  -0.162705E-02   0.118100E-01   0.293517E-03   0.300000E-03
  11   0.257240E-03   0.543498E-03   0.130520E-01   0.349157E-03   0.350000E-03
  12  -0.161863E-02  -0.410092E-03   0.147847E-01   0.194852E-03   0.200000E-03
  13   0.341703E-03   0.961543E-03   0.169303E-01   0.345578E-03   0.350000E-03
  14  -0.679731E-03   0.149263E-02   0.176290E-01   0.348606E-03   0.350000E-03
  15  -0.837265E-03   0.456826E-03   0.188467E-01   0.401899E-03   0.400000E-03
  16   0.334408E-03   0.108130E-02   0.195912E-01   0.345759E-03   0.350000E-03
  17   0.426145E-03   0.760401E-03   0.205051E-01   0.338369E-03   0.350000E-03
  18   0.347366E-05   0.103403E-02   0.219563E-01   0.349180E-03   0.350000E-03
  19  -0.879256E-03   0.111765E-02   0.225457E-01   0.242712E-03   0.250000E-03
  20  -0.626370E-03   0.122162E-02   0.230451E-01   0.247928E-03   0.250000E-03
  21  -0.915516E-03  -0.800764E-04   0.244860E-01   0.249771E-03   0.250000E-03
  22  -0.116424E-03  -0.218991E-03   0.257273E-01   0.199910E-03   0.200000E-03
  23   0.142657E-04  -0.622196E-03   0.267530E-01   0.994457E-04   0.100000E-03
  24  -0.584249E-03  -0.192080E-03   0.282169E-01   0.397707E-03   0.400000E-03
  25  -0.128848E-02   0.970425E-03   0.297891E-01   0.406213E-03   0.400000E-03
  26   0.375997E-03  -0.443717E-03   0.305312E-01   0.334739E-03   0.350000E-03
  27  -0.183229E-02   0.262228E-02   0.318694E-01   0.297493E-03   0.300000E-03
  28  -0.713506E-03   0.114144E-02   0.333249E-01   0.350619E-03   0.300000E-03
  29  -0.130969E-02   0.153531E-02   0.355467E-01   0.444994E-03   0.450000E-03
  30  -0.730660E-03  -0.488915E-04   0.374014E-01   0.346530E-03   0.350000E-03
  31  -0.717202E-03  -0.460758E-03   0.379925E-01   0.248691E-03   0.250000E-03
  32  -0.872300E-03   0.253030E-03   0.401214E-01   0.197823E-03   0.200000E-03
  33   0.313116E-03  -0.795208E-03   0.410104E-01   0.195026E-03   0.200000E-03
  34   0.383017E-03   0.134884E-02   0.446052E-01   0.878923E-03   0.400000E-03
  35  -0.110973E-02  -0.780489E-03   0.446514E-01   0.192131E-02   0.350000E-03
  36  -0.317238E-03  -0.366520E-03   0.865048E-02   0.832822E-02   0.300000E-03
  37  -0.680449E-03   0.290640E-02   0.247947E-03   0.178105E-02   0.250000E-03
  38  -0.225530E-02  -0.209932E-03   0.777529E-03   0.721781E-03   0.300000E-03
  39  -0.618327E-03   0.140618E-02   0.268533E-02   0.399537E-03   0.400000E-03
  40   0.399884E-05   0.144612E-02   0.618091E-02   0.299138E-03   0.300000E-03
  41  -0.869276E-03  -0.108730E-02   0.687363E-02   0.390649E-03   0.400000E-03
  42  -0.214526E-02   0.236549E-02   0.729535E-02   0.100232E-02   0.350000E-03
  43   0.508559E-04   0.187464E-03   0.859851E-02   0.930670E-03   0.300000E-03
  44  -0.205496E-03   0.303070E-03   0.939028E-02   0.960261E-03   0.250000E-03
  45   0.449070E-03  -0.745510E-03   0.997498E-02   0.494986E-03   0.500000E-03
  46  -0.335612E-03   0.135909E-03   0.107831E-01   0.300064E-03   0.300000E-03
  47  -0.101485E-02  -0.500031E-03   0.152522E-01   0.149977E-03   0.150000E-03
  48  -0.358257E-03  -0.265575E-03   0.158335E-01   0.447236E-03   0.450000E-03
  49   0.130666E-03   0.796307E-03   0.164972E-01   0.886040E-03   0.350000E-03
  50  -0.778200E-03   0.767713E-03   0.182189E-01   0.246589E-03   0.250000E-03
  51   0.116552E-03   0.363822E-03   0.193154E-01   0.870841E-03   0.250000E-03
  52   0.652992E-03   0.741337E-03   0.200466E-01   0.147329E-03   0.150000E-03
  53  -0.178812E-03   0.250884E-04   0.205058E-01   0.101657E-02   0.200000E-03
  54   0.640290E-03  -0.383859E-03   0.211535E-01   0.298902E-03   0.300000E-03
  55   0.301744E-03  -0.286798E-04   0.233996E-01   0.998826E-04   0.100000E-03
  56  -0.728936E-03  -0.216955E-03   0.238528E-01   0.395471E-03   0.400000E-03
  57  -0.689824E-03  -0.523614E-03   0.245171E-01   0.914004E-03   0.400000E-03
  58  -0.474992E-03  -0.576978E-03   0.251193E-01   0.395320E-03   0.400000E-03
  59   0.511848E-03  -0.360588E-03   0.270350E-01   0.200313E-03   0.200000E-03
  60  -0.942131E-04  -0.333437E-03   0.275250E-01   0.296948E-03   0.300000E-03
  61   0.164984E-03   0.133686E-02   0.291020E-01   0.295458E-03   0.300000E-03
  62   0.933042E-03   0.161235E-02   0.312264E-01   0.347561E-03   0.350000E-03
  63  -0.209636E-04   0.866478E-03   0.328564E-01   0.196679E-03   0.200000E-03
  64   0.384774E-03   0.938038E-03   0.347557E-01   0.345332E-03   0.350000E-03
  65   0.774665E-03   0.159437E-02   0.363227E-01   0.617071E-03   0.350000E-03
  66   0.471399E-03   0.706934E-03   0.364313E-01   0.139296E-03   0.150000E-03
  67  -0.419359E-03  -0.450050E-03   0.391378E-01   0.298661E-03   0.300000E-03
  68  -0.451588E-02  -0.419853E-03   0.423013E-01   0.200299E-03   0.200000E-03
  69  -0.404343E-03   0.843962E-03   0.438617E-01   0.822916E-03   0.350000E-03
  70  -0.108274E-02   0.750132E-03   0.424005E-01   0.721646E-02   0.250000E-03
  71  -0.475150E-03   0.292773E-03   0.447019E-01   0.496986E-02   0.300000E-03
  72  -0.499128E-03   0.277191E-02   0.447503E-01   0.247880E-03   0.250000E-03
  73  -0.445467E-03  -0.223082E-03   0.257394E-02   0.793611E-02   0.350000E-03
  74  -0.180323E-02   0.526327E-03   0.119820E-02   0.297790E-03   0.300000E-03
  75  -0.260454E-04  -0.212297E-03   0.391654E-02   0.248068E-03   0.250000E-03
  76   0.433441E-03  -0.551006E-03   0.522038E-02   0.923237E-03   0.350000E-03
  77  -0.769842E-03  -0.495113E-03   0.646853E-02   0.818398E-03   0.200000E-03
  78  -0.579380E-03   0.127659E-03   0.665189E-02   0.133522E-02   0.350000E-03
  79  -0.203367E-03   0.545636E-03   0.798008E-02   0.113007E-02   0.350000E-03
  80  -0.129504E-03   0.404349E-03   0.905197E-02   0.132298E-02   0.250000E-03
  81  -0.257612E-03  -0.350684E-03   0.106877E-01   0.946170E-03   0.350000E-03
  82   0.561785E-03   0.485212E-03   0.132880E-01   0.953637E-03   0.300000E-03
  83  -0.252036E-02  -0.538817E-03   0.137499E-01   0.345575E-03   0.350000E-03
  84  -0.122815E-02  -0.240751E-03   0.143396E-01   0.244645E-03   0.250000E-03
  85  -0.133337E-02   0.499817E-03   0.154263E-01   0.101191E-02   0.250000E-03
  86  -0.522382E-03  -0.436039E-04   0.172758E-01   0.106525E-02   0.450000E-03
  87  -0.202968E-03   0.166646E-03   0.188530E-01   0.105148E-02   0.250000E-03
  88  -0.331610E-03   0.185356E-03   0.200552E-01   0.800124E-03   0.300000E-03
  89   0.721539E-05   0.230795E-03   0.203009E-01   0.160187E-02   0.400000E-03
  90   0.902173E-03  -0.556079E-03   0.214802E-01   0.858714E-03   0.350000E-03
  91  -0.418776E-03  -0.472927E-03   0.225902E-01   0.733837E-03   0.250000E-03
  92  -0.873488E-03  -0.468195E-03   0.231804E-01   0.830445E-03   0.350000E-03
  93  -0.359770E-03  -0.741068E-03   0.238053E-01   0.113940E-02   0.350000E-03
  94   0.132620E-04  -0.553992E-03   0.252323E-01   0.113492E-02   0.350000E-03
  95  -0.138525E-04   0.390587E-03   0.273542E-01   0.920927E-03   0.350000E-03
  96  -0.705828E-03  -0.550061E-04   0.280558E-01   0.117979E-02   0.400000E-03
  97  -0.787155E-03   0.259587E-03   0.294610E-01   0.965906E-03   0.250000E-03
  98   0.762416E-05  -0.110465E-02   0.303026E-01   0.108506E-02   0.450000E-03
  99  -0.489000E-04   0.158320E-02   0.324122E-01   0.246634E-03   0.250000E-03
 100  -0.593969E-03   0.158624E-02   0.327328E-01   0.624814E-03   0.250000E-03
 101   0.100227E-03   0.931420E-03   0.349629E-01   0.106221E-02   0.400000E-03
 102   0.593710E-03   0.607416E-03   0.368091E-01   0.265285E-03   0.250000E-03
 103  -0.757241E-03   0.333604E-03   0.376417E-01   0.893043E-03   0.250000E-03
 104   0.150852E-03  -0.167804E-03   0.385397E-01   0.295895E-03   0.300000E-03
 105  -0.189183E-02  -0.417122E-03   0.405658E-01   0.244855E-03   0.250000E-03
 106  -0.180106E-05  -0.150132E-02   0.431913E-01   0.296590E-03   0.300000E-03
 107  -0.590343E-03   0.518902E-03   0.440879E-01   0.747629E-02   0.350000E-03
 108  -0.928819E-03  -0.134853E-03   0.349319E-01   0.747198E-02   0.450000E-03
 109  -0.275450E-03  -0.416647E-03   0.241024E-03   0.630821E-03   0.250000E-03
 110   0.791054E-03  -0.177223E-02   0.539460E-03   0.236801E-03   0.250000E-03
 111  -0.207324E-02   0.127706E-02   0.188908E-02   0.398071E-03   0.400000E-03
 112  -0.637296E-03   0.789572E-03   0.322205E-02   0.923181E-03   0.350000E-03
 113  -0.374461E-04  -0.111028E-02   0.594330E-02   0.109807E-02   0.400000E-03
 114  -0.112282E-02  -0.232145E-03   0.716119E-02   0.153299E-02   0.200000E-03
 115  -0.313024E-03   0.130629E-02   0.851204E-02   0.157416E-02   0.350000E-03
 116   0.259848E-03   0.601182E-03   0.985847E-02   0.133465E-02   0.350000E-03
 117  -0.107412E-02  -0.755093E-03   0.113543E-01   0.742417E-03   0.350000E-03
 118  -0.383146E-03   0.314636E-04   0.124068E-01   0.294463E-03   0.300000E-03
 119  -0.131292E-02   0.183819E-03   0.142664E-01   0.784643E-03   0.300000E-03
 120  -0.113077E-02   0.182887E-03   0.150964E-01   0.577932E-03   0.300000E-03
 121  -0.404392E-03  -0.352085E-03   0.167152E-01   0.138707E-02   0.200000E-03
 122  -0.505609E-03   0.652685E-03   0.181642E-01   0.941775E-03   0.450000E-03
 123  -0.146258E-03   0.461557E-03   0.186000E-01   0.141912E-02   0.200000E-03
 124   0.238865E-03   0.336662E-05   0.196884E-01   0.127164E-02   0.300000E-03
 125  -0.198126E-03  -0.262621E-03   0.208895E-01   0.781227E-03   0.250000E-03
 126  -0.132109E-03   0.191303E-03   0.209386E-01   0.132426E-02   0.300000E-03
 127  -0.670081E-03  -0.583792E-03   0.227193E-01   0.121206E-02   0.250000E-03
 128  -0.216091E-03  -0.248763E-03   0.230722E-01   0.162780E-02   0.300000E-03
 129  -0.763436E-03  -0.562168E-03   0.236165E-01   0.169518E-02   0.250000E-03
 130  -0.479704E-03  -0.596752E-03   0.257332E-01   0.721567E-03   0.300000E-03
 131  -0.451186E-03  -0.766034E-03   0.263504E-01   0.395483E-03   0.400000E-03
 132   0.590596E-03  -0.621099E-03   0.275257E-01   0.145836E-02   0.200000E-03
 133   0.611990E-03   0.206925E-03   0.288126E-01   0.927426E-03   0.400000E-03
 134   0.156081E-02   0.513085E-03   0.311874E-01   0.109354E-02   0.400000E-03
 135  -0.170318E-02   0.692415E-03   0.320338E-01   0.102660E-02   0.450000E-03
 136  -0.132219E-02   0.133507E-02   0.340162E-01   0.408649E-03   0.400000E-03
 137  -0.458988E-03  -0.704037E-03   0.372261E-01   0.758865E-03   0.100000E-03
 138  -0.869333E-03   0.284656E-03   0.373989E-01   0.132546E-02   0.250000E-03
 139  -0.346420E-03   0.355430E-03   0.381753E-01   0.766332E-03   0.300000E-03
 140  -0.185810E-02  -0.341171E-03   0.396822E-01   0.268188E-03   0.250000E-03
 141   0.376096E-03  -0.573287E-03   0.414566E-01   0.248156E-03   0.250000E-03
 142  -0.236090E-03  -0.417437E-03   0.419022E-01   0.196621E-03   0.200000E-03
 143  -0.813344E-03   0.837648E-03   0.438992E-01   0.630916E-02   0.250000E-03
 144  -0.799842E-04   0.529815E-03   0.295538E-01   0.762401E-02   0.300000E-03
 145  -0.213160E-03   0.223824E-04   0.294819E-03   0.332302E-02   0.300000E-03
 146  -0.197077E-03   0.149684E-02   0.663544E-03   0.135626E-02   0.350000E-03
 147   0.387524E-03  -0.566080E-03   0.407066E-02   0.848976E-03   0.200000E-03
 148  -0.251773E-03   0.662731E-03   0.531382E-02   0.288782E-03   0.300000E-03
 149  -0.589079E-03  -0.795288E-03   0.611517E-02   0.192675E-02   0.450000E-03
 150  -0.193361E-02  -0.167005E-03   0.755467E-02   0.148085E-02   0.200000E-03
 151   0.344073E-03   0.814730E-03   0.939276E-02   0.161385E-02   0.200000E-03
 152  -0.494848E-03   0.376312E-03   0.103976E-01   0.140868E-02   0.200000E-03
 153  -0.975996E-03  -0.761091E-03   0.111842E-01   0.136386E-02   0.300000E-03
 154  -0.104556E-03   0.379429E-03   0.125911E-01   0.964277E-03   0.400000E-03
 155  -0.136292E-02   0.720733E-03   0.137788E-01   0.885635E-03   0.200000E-03
 156  -0.761811E-03   0.359983E-04   0.148133E-01   0.121755E-02   0.400000E-03
 157  -0.581654E-03   0.138724E-02   0.159482E-01   0.139237E-02   0.400000E-03
 158  -0.637961E-03  -0.341712E-03   0.173988E-01   0.185205E-02   0.350000E-03
 159  -0.639278E-03  -0.218340E-03   0.177924E-01   0.147174E-02   0.200000E-03
 160  -0.584835E-03   0.243424E-03   0.182091E-01   0.164027E-02   0.250000E-03
 161  -0.602923E-04  -0.828221E-03   0.196230E-01   0.181346E-02   0.250000E-03
 162   0.378072E-03   0.240660E-03   0.209455E-01   0.182108E-02   0.200000E-03
 163  -0.620320E-04  -0.773865E-03   0.221289E-01   0.111208E-02   0.350000E-03
 164   0.156283E-03   0.296279E-04   0.227483E-01   0.218379E-02   0.300000E-03
 165  -0.880759E-03   0.265449E-03   0.248302E-01   0.157918E-02   0.250000E-03
 166   0.104325E-03  -0.371217E-03   0.256492E-01   0.155909E-02   0.250000E-03
 167  -0.186873E-03   0.143022E-03   0.266375E-01   0.113315E-02   0.400000E-03
 168   0.657752E-05   0.571325E-03   0.285987E-01   0.153798E-02   0.250000E-03
 169   0.508440E-03   0.821239E-03   0.302075E-01   0.171498E-02   0.200000E-03
 170   0.938816E-03   0.112155E-02   0.308007E-01   0.179005E-02   0.400000E-03
 171  -0.445693E-03   0.848064E-03   0.335326E-01   0.912379E-03   0.300000E-03
 172  -0.133437E-02   0.871936E-03   0.341755E-01   0.119176E-02   0.400000E-03
 173  -0.646838E-03   0.633557E-03   0.356501E-01   0.118327E-02   0.300000E-03
 174  -0.160026E-02   0.608574E-04   0.368759E-01   0.103901E-02   0.350000E-03
 175  -0.615309E-03   0.270180E-03   0.390173E-01   0.885049E-03   0.300000E-03
 176  -0.123665E-02  -0.136991E-03   0.400801E-01   0.989903E-03   0.200000E-03
 177  -0.199910E-02   0.155516E-02   0.406080E-01   0.786538E-03   0.300000E-03
 178  -0.345026E-03  -0.326131E-04   0.444000E-01   0.143727E-02   0.200000E-03
 179  -0.106379E-02  -0.169981E-02   0.427025E-01   0.195587E-03   0.200000E-03
 180  -0.130844E-02   0.194070E-03   0.400378E-01   0.752950E-02   0.300000E-03
 181  -0.491602E-03   0.110291E-02   0.197053E-03   0.107688E-02   0.200000E-03
 182  -0.479467E-03  -0.719780E-03   0.139178E-02   0.214947E-02   0.200000E-03
 183  -0.189654E-03   0.513647E-03   0.337327E-02   0.295217E-03   0.300000E-03
 184  -0.210396E-04  -0.617226E-03   0.538678E-02   0.159662E-02   0.350000E-03
 185  -0.426352E-03   0.313379E-03   0.624907E-02   0.260960E-02   0.250000E-03
 186  -0.339068E-04   0.307341E-03   0.679793E-02   0.186426E-02   0.200000E-03
 187  -0.679004E-03   0.996544E-03   0.791444E-02   0.181710E-02   0.300000E-03
 188  -0.184477E-03   0.503499E-04   0.963295E-02   0.199423E-02   0.250000E-03
 189   0.818429E-04  -0.401001E-03   0.117169E-01   0.125054E-02   0.250000E-03
 190  -0.469414E-03   0.134512E-03   0.119598E-01   0.819766E-03   0.250000E-03
 191  -0.103187E-02   0.540831E-03   0.140009E-01   0.126549E-02   0.250000E-03
 192  -0.673518E-03   0.623277E-03   0.143088E-01   0.183199E-02   0.400000E-03
 193  -0.185244E-02   0.252929E-05   0.153200E-01   0.170039E-02   0.300000E-03
 194  -0.106042E-02   0.881944E-03   0.165175E-01   0.194814E-02   0.400000E-03
 195  -0.314499E-03  -0.288263E-03   0.179569E-01   0.207174E-02   0.250000E-03
 196  -0.418486E-03   0.165192E-03   0.191444E-01   0.151721E-02   0.300000E-03
 197   0.742241E-04  -0.538715E-03   0.199929E-01   0.228513E-02   0.350000E-03
 198   0.207783E-03   0.405944E-03   0.206398E-01   0.221338E-02   0.300000E-03
 199   0.396612E-03   0.343582E-03   0.215051E-01   0.150610E-02   0.300000E-03
 200  -0.521643E-05   0.385670E-04   0.222505E-01   0.216158E-02   0.200000E-03
 201   0.143261E-03   0.238924E-03   0.242824E-01   0.157909E-02   0.300000E-03
 202  -0.266891E-03   0.202955E-03   0.259941E-01   0.120464E-02   0.250000E-03
 203  -0.173138E-03   0.289833E-03   0.265784E-01   0.182595E-02   0.300000E-03
 204  -0.384682E-03  -0.366457E-03   0.270963E-01   0.158944E-02   0.250000E-03
 205  -0.604785E-03   0.187925E-03   0.296242E-01   0.159440E-02   0.400000E-03
 206  -0.167845E-02   0.726495E-04   0.322540E-01   0.179334E-02   0.350000E-03
 207  -0.106712E-02   0.956982E-03   0.328909E-01   0.129878E-02   0.450000E-03
 208  -0.105376E-02   0.804514E-03   0.335989E-01   0.166569E-02   0.350000E-03
 209   0.873686E-03   0.102768E-02   0.362436E-01   0.125790E-02   0.300000E-03
 210  -0.121327E-02  -0.707045E-03   0.366491E-01   0.153809E-02   0.200000E-03
 211  -0.789692E-03  -0.790068E-03   0.370646E-01   0.169307E-02   0.250000E-03
 212  -0.113078E-02   0.849045E-03   0.400603E-01   0.591560E-03   0.200000E-03
 213  -0.211547E-03   0.124079E-02   0.411303E-01   0.623752E-03   0.250000E-03
 214   0.684995E-03   0.444148E-03   0.420792E-01   0.551501E-03   0.200000E-03
 215   0.235420E-02   0.645921E-03   0.443508E-01   0.149628E-03   0.150000E-03
 216  -0.131792E-03   0.647465E-03   0.216936E-01   0.888294E-02   0.400000E-03
 217   0.397598E-03  -0.120732E-02   0.142439E-01   0.926927E-02   0.350000E-03
 218  -0.402883E-03  -0.662951E-03   0.858203E-03   0.202436E-02   0.350000E-03
 219   0.212005E-03  -0.535282E-04   0.372169E-02   0.653515E-03   0.200000E-03
 220   0.281668E-03  -0.715931E-03   0.457507E-02   0.129635E-02   0.400000E-03
 221   0.148881E-03  -0.123326E-04   0.532011E-02   0.218493E-02   0.250000E-03
 222  -0.344301E-03   0.874649E-03   0.731276E-02   0.205711E-02   0.350000E-03
 223  -0.170642E-03   0.730760E-03   0.903729E-02   0.202514E-02   0.350000E-03
 224  -0.393051E-03  -0.466480E-07   0.102262E-01   0.192980E-02   0.350000E-03
 225  -0.916304E-03   0.101065E-03   0.107463E-01   0.159491E-02   0.200000E-03
 226   0.187783E-03  -0.232801E-03   0.121872E-01   0.153127E-02   0.300000E-03
 227   0.187470E-03   0.454177E-03   0.130308E-01   0.143759E-02   0.250000E-03
 228  -0.957029E-03  -0.986638E-04   0.148748E-01   0.176300E-02   0.150000E-03
 229  -0.373499E-03   0.591853E-03   0.158756E-01   0.203557E-02   0.250000E-03
 230  -0.751005E-03   0.232584E-04   0.175602E-01   0.247981E-02   0.300000E-03
 231  -0.276892E-03  -0.518501E-03   0.183759E-01   0.228584E-02   0.200000E-03
 232  -0.379683E-03   0.425390E-04   0.186909E-01   0.190535E-02   0.300000E-03
 233  -0.841579E-03  -0.182004E-03   0.192400E-01   0.233656E-02   0.400000E-03
 234  -0.402662E-05   0.148936E-03   0.213595E-01   0.209819E-02   0.300000E-03
 235  -0.433808E-03  -0.739671E-03   0.224365E-01   0.167931E-02   0.300000E-03
 236  -0.369663E-03   0.195834E-03   0.233420E-01   0.215955E-02   0.300000E-03
 237   0.366125E-03  -0.183940E-03   0.239905E-01   0.215883E-02   0.350000E-03
 238  -0.876272E-03   0.137575E-03   0.252445E-01   0.175054E-02   0.200000E-03
 239  -0.283198E-04   0.231739E-03   0.267401E-01   0.234896E-02   0.250000E-03
 240   0.104307E-02   0.120093E-03   0.290419E-01   0.147848E-02   0.200000E-03
 241   0.180061E-03   0.785327E-03   0.302128E-01   0.225173E-02   0.350000E-03
 242   0.687542E-04   0.612694E-03   0.315554E-01   0.174671E-02   0.350000E-03
 243  -0.121460E-02   0.738804E-03   0.329744E-01   0.224101E-02   0.500000E-03
 244   0.110826E-02   0.609690E-03   0.354508E-01   0.198490E-02   0.200000E-03
 245   0.756032E-04   0.965664E-04   0.349318E-01   0.180842E-02   0.350000E-03
 246  -0.160530E-02   0.154577E-03   0.365917E-01   0.213269E-02   0.400000E-03
 247  -0.581818E-03   0.250457E-03   0.379927E-01   0.138867E-02   0.350000E-03
 248  -0.670735E-03   0.340855E-03   0.396125E-01   0.813205E-03   0.300000E-03
 249  -0.142677E-02   0.148072E-02   0.416491E-01   0.794918E-03   0.300000E-03
 250  -0.862099E-03  -0.136650E-02   0.437381E-01   0.242857E-03   0.250000E-03
 251  -0.104926E-02  -0.302665E-03   0.446051E-01   0.298093E-02   0.400000E-03
 252  -0.130934E-02  -0.353934E-03   0.337817E-01   0.772883E-02   0.350000E-03
 253  -0.418664E-03  -0.196428E-03   0.213060E-02   0.739447E-02   0.350000E-03
 254  -0.558098E-03  -0.961387E-03   0.138362E-02   0.944407E-03   0.350000E-03
 255  -0.132144E-02   0.464984E-03   0.228808E-02   0.973059E-03   0.300000E-03
 256   0.452744E-03  -0.438025E-04   0.482393E-02   0.194818E-02   0.300000E-03
 257   0.115444E-03  -0.143944E-03   0.673793E-02   0.235998E-02   0.300000E-03
 258  -0.661662E-03   0.107862E-02   0.838259E-02   0.226296E-02   0.350000E-03
 259  -0.352481E-03  -0.547769E-05   0.905390E-02   0.282155E-02   0.450000E-03
 260  -0.381284E-03  -0.527620E-03   0.987870E-02   0.259403E-02   0.400000E-03
 261   0.518459E-03  -0.660523E-03   0.116532E-01   0.179469E-02   0.300000E-03
 262   0.776988E-03  -0.443377E-03   0.121735E-01   0.218097E-02   0.350000E-03
 263  -0.549452E-03   0.154728E-03   0.135747E-01   0.168616E-02   0.350000E-03
 264  -0.566164E-03   0.106691E-02   0.148896E-01   0.221177E-02   0.300000E-03
 265  -0.846836E-03  -0.837148E-03   0.166388E-01   0.253571E-02   0.200000E-03
 266  -0.145189E-02   0.400171E-03   0.170361E-01   0.232445E-02   0.250000E-03
 267  -0.100281E-02   0.167525E-03   0.171261E-01   0.281213E-02   0.250000E-03
 268  -0.227932E-03  -0.426539E-03   0.186629E-01   0.263055E-02   0.250000E-03
 269  -0.505512E-03   0.196430E-03   0.191051E-01   0.297238E-02   0.250000E-03
 270  -0.605612E-03   0.602694E-03   0.197024E-01   0.292052E-02   0.350000E-03
 271  -0.556003E-03  -0.372146E-03   0.219203E-01   0.185767E-02   0.250000E-03
 272   0.283055E-03   0.132307E-03   0.223533E-01   0.275236E-02   0.400000E-03
 273   0.526719E-03   0.131400E-02   0.235650E-01   0.281010E-02   0.400000E-03
 274   0.250589E-03   0.227803E-03   0.258104E-01   0.202505E-02   0.250000E-03
 275   0.128898E-03   0.105373E-03   0.262483E-01   0.226256E-02   0.250000E-03
 276   0.453017E-03   0.385855E-03   0.274981E-01   0.195743E-02   0.300000E-03
 277  -0.403461E-03   0.759806E-05   0.294623E-01   0.216882E-02   0.200000E-03
 278  -0.164130E-02  -0.148650E-03   0.318834E-01   0.238545E-02   0.350000E-03
 279  -0.827114E-03   0.542023E-03   0.323875E-01   0.270278E-02   0.250000E-03
 280  -0.135385E-02   0.222959E-03   0.342884E-01   0.188192E-02   0.300000E-03
 281   0.310427E-03   0.208628E-02   0.358814E-01   0.173198E-02   0.300000E-03
 282  -0.108997E-02  -0.527395E-03   0.375459E-01   0.179975E-02   0.250000E-03
 283  -0.117062E-02  -0.723959E-03   0.384953E-01   0.161607E-02   0.200000E-03
 284  -0.577870E-03   0.635945E-04   0.385479E-01   0.116922E-02   0.250000E-03
 285  -0.383269E-03   0.969246E-04   0.410965E-01   0.121785E-02   0.350000E-03
 286  -0.168328E-03   0.417537E-03   0.432197E-01   0.892032E-03   0.300000E-03
 287  -0.952795E-03   0.130043E-02   0.428433E-01   0.121656E-02   0.200000E-03
 288  -0.132088E-04   0.476495E-03   0.590295E-02   0.793821E-02   0.350000E-03
 289  -0.132056E-02  -0.203676E-03   0.246152E-03   0.227901E-02   0.250000E-03
 290  -0.514809E-03  -0.541571E-03   0.185280E-02   0.138460E-02   0.300000E-03
 291   0.157496E-03   0.249534E-03   0.249766E-02   0.164040E-02   0.400000E-03
 292  -0.231981E-04  -0.821216E-04   0.312475E-02   0.151302E-02   0.250000E-03
 293   0.125590E-03   0.161009E-03   0.570321E-02   0.257192E-02   0.300000E-03
 294  -0.297823E-03   0.171980E-03   0.822185E-02   0.298897E-02   0.400000E-03
 295  -0.431574E-03  -0.142860E-03   0.969696E-02   0.337276E-02   0.400000E-03
 296  -0.618724E-03  -0.319958E-03   0.111187E-01   0.190708E-02   0.250000E-03
 297  -0.762908E-03  -0.729694E-04   0.107229E-01   0.193972E-02   0.150000E-03
 298   0.515105E-03   0.360693E-04   0.126581E-01   0.168763E-02   0.200000E-03
 299  -0.829921E-04   0.928919E-04   0.138949E-01   0.232719E-02   0.250000E-03
 300  -0.743388E-03  -0.213561E-02   0.148983E-01   0.270839E-02   0.200000E-03
 301  -0.517363E-03   0.677490E-03   0.154558E-01   0.237952E-02   0.300000E-03
 302  -0.105292E-02  -0.267299E-04   0.170816E-01   0.335554E-02   0.300000E-03
 303  -0.533607E-03  -0.312098E-03   0.180527E-01   0.251113E-02   0.200000E-03
 304  -0.344434E-03  -0.228033E-03   0.182506E-01   0.291070E-02   0.250000E-03
 305  -0.359958E-03   0.290122E-03   0.193911E-01   0.330928E-02   0.150000E-03
 306   0.170177E-03  -0.518330E-04   0.204372E-01   0.282485E-02   0.350000E-03
 307  -0.341902E-04   0.287902E-04   0.218441E-01   0.235027E-02   0.250000E-03
 308   0.507403E-03   0.309050E-03   0.227955E-01   0.335294E-02   0.350000E-03
 309  -0.249556E-03  -0.595453E-03   0.245755E-01   0.261775E-02   0.400000E-03
 310  -0.739163E-03  -0.293445E-03   0.251646E-01   0.224239E-02   0.300000E-03
 311   0.231019E-03   0.247860E-03   0.272952E-01   0.257024E-02   0.350000E-03
 312  -0.211993E-03   0.497717E-03   0.281447E-01   0.192220E-02   0.350000E-03
 313   0.601739E-04   0.998520E-03   0.296998E-01   0.254610E-02   0.250000E-03
 314   0.501386E-04  -0.161274E-03   0.312410E-01   0.233201E-02   0.300000E-03
 315  -0.146168E-02   0.558579E-03   0.334611E-01   0.286665E-02   0.300000E-03
 316  -0.128877E-02   0.433037E-03   0.338188E-01   0.232958E-02   0.350000E-03
 317  -0.320843E-03  -0.220797E-03   0.350657E-01   0.254471E-02   0.400000E-03
 318   0.148755E-03  -0.379132E-03   0.358526E-01   0.242695E-02   0.400000E-03
 319  -0.674428E-03  -0.299927E-04   0.389703E-01   0.143270E-02   0.250000E-03
 320  -0.108085E-02  -0.566882E-04   0.398310E-01   0.142234E-02   0.300000E-03
 321  -0.145999E-02  -0.113787E-03   0.404249E-01   0.134965E-02   0.300000E-03
 322  -0.132593E-02  -0.141234E-03   0.425922E-01   0.730165E-03   0.350000E-03
 323  -0.182763E-03   0.441129E-03   0.439690E-01   0.211449E-02   0.350000E-03
 324  -0.170192E-02  -0.146572E-03   0.396219E-01   0.716972E-02   0.250000E-03
 325  -0.881970E-04  -0.302277E-03   0.151571E-02   0.760412E-02   0.300000E-03
 326  -0.104918E-02   0.806297E-03   0.123696E-02   0.152349E-02   0.250000E-03
 327  -0.347928E-03   0.906422E-03   0.197923E-02   0.217828E-02   0.350000E-03
 328  -0.128807E-03  -0.114754E-03   0.380473E-02   0.163243E-02   0.450000E-03
 329  -0.249743E-03   0.800420E-04   0.661388E-02   0.313439E-02   0.400000E-03
 330  -0.234115E-03  -0.233733E-03   0.725752E-02   0.275019E-02   0.350000E-03
 331   0.181231E-03   0.170938E-04   0.780022E-02   0.240651E-02   0.250000E-03
 332  -0.768975E-03  -0.810863E-04   0.108045E-01   0.252885E-02   0.450000E-03
 333   0.437357E-03  -0.318052E-03   0.115394E-01   0.238269E-02   0.300000E-03
 334   0.383232E-03  -0.563270E-04   0.130300E-01   0.193523E-02   0.250000E-03
 335   0.132138E-03  -0.809085E-04   0.134037E-01   0.226262E-02   0.250000E-03
 336  -0.148773E-02  -0.499329E-03   0.143963E-01   0.255289E-02   0.300000E-03
 337  -0.537631E-03  -0.269098E-05   0.161251E-01   0.252473E-02   0.300000E-03
 338  -0.524461E-03  -0.455495E-04   0.166994E-01   0.374129E-02   0.250000E-03
 339  -0.426878E-03   0.463381E-03   0.176872E-01   0.311724E-02   0.350000E-03
 340  -0.282797E-03   0.573861E-03   0.190002E-01   0.352880E-02   0.300000E-03
 341   0.594334E-04   0.903156E-03   0.201402E-01   0.339671E-02   0.300000E-03
 342   0.361001E-04   0.743235E-03   0.206327E-01   0.333773E-02   0.200000E-03
 343  -0.201114E-03   0.272052E-03   0.216634E-01   0.286548E-02   0.300000E-03
 344  -0.326805E-03   0.795115E-03   0.239132E-01   0.334440E-02   0.250000E-03
 345   0.317334E-03  -0.216552E-03   0.251706E-01   0.298209E-02   0.300000E-03
 346   0.230722E-03  -0.162066E-04   0.256981E-01   0.261184E-02   0.350000E-03
 347   0.628309E-04   0.818174E-04   0.263905E-01   0.289498E-02   0.400000E-03
 348   0.879389E-03   0.457103E-03   0.290034E-01   0.197444E-02   0.300000E-03
 349   0.400795E-03   0.110489E-02   0.301245E-01   0.284087E-02   0.250000E-03
 350  -0.801009E-03   0.402867E-03   0.320787E-01   0.315478E-02   0.300000E-03
 351  -0.132486E-02   0.213187E-03   0.328499E-01   0.308050E-02   0.350000E-03
 352  -0.722404E-03   0.345156E-03   0.344980E-01   0.310087E-02   0.400000E-03
 353   0.532108E-04  -0.735491E-03   0.358900E-01   0.302103E-02   0.200000E-03
 354  -0.864238E-03   0.188623E-03   0.372381E-01   0.219333E-02   0.250000E-03
 355  -0.285067E-03  -0.714750E-03   0.380381E-01   0.203464E-02   0.300000E-03
 356  -0.957157E-03  -0.108237E-03   0.393764E-01   0.162149E-02   0.200000E-03
 357  -0.106774E-02  -0.120305E-04   0.408152E-01   0.179864E-02   0.300000E-03
 358  -0.140176E-02  -0.550797E-04   0.416817E-01   0.133882E-02   0.250000E-03
 359  -0.880827E-03   0.915505E-03   0.442612E-01   0.529831E-02   0.250000E-03
 360   0.360351E-03   0.788963E-03   0.448001E-01   0.418064E-02   0.200000E-03
 361  -0.764981E-03   0.653510E-03   0.685682E-03   0.275055E-02   0.400000E-03
 362  -0.392046E-03   0.641539E-03   0.148335E-02   0.273832E-02   0.400000E-03
 363   0.106307E-03  -0.399245E-03   0.308714E-02   0.201152E-02   0.250000E-03
 364   0.477972E-03  -0.245445E-03   0.490875E-02   0.254116E-02   0.300000E-03
 365   0.658315E-04  -0.106576E-03   0.591430E-02   0.313291E-02   0.300000E-03
 366  -0.412457E-04  -0.147917E-03   0.617831E-02   0.367777E-02   0.300000E-03
 367  -0.413429E-03   0.479604E-03   0.869341E-02   0.335942E-02   0.200000E-03
 368  -0.329941E-03  -0.456384E-03   0.103448E-01   0.311441E-02   0.300000E-03
 369   0.246025E-03  -0.592269E-03   0.118699E-01   0.294142E-02   0.350000E-03
 370   0.542703E-03  -0.436298E-03   0.128225E-01   0.254838E-02   0.400000E-03
 371  -0.991931E-06  -0.410468E-03   0.137430E-01   0.285195E-02   0.300000E-03
 372  -0.170377E-03  -0.147271E-03   0.150602E-01   0.328273E-02   0.400000E-03
 373  -0.957352E-03   0.382049E-03   0.156831E-01   0.292725E-02   0.300000E-03
 374  -0.635218E-03  -0.241261E-03   0.164088E-01   0.316232E-02   0.400000E-03
 375  -0.515041E-03   0.602949E-03   0.175471E-01   0.393572E-02   0.450000E-03
 376  -0.284491E-03   0.163572E-03   0.186685E-01   0.307942E-02   0.200000E-03
 377  -0.137660E-05   0.793613E-03   0.196068E-01   0.375913E-02   0.350000E-03
 378   0.975953E-04   0.867299E-05   0.210750E-01   0.262621E-02   0.300000E-03
 379  -0.474779E-03   0.688199E-03   0.211764E-01   0.329210E-02   0.350000E-03
 380   0.299877E-04   0.459380E-03   0.220089E-01   0.341627E-02   0.350000E-03
 381  -0.425634E-03   0.754857E-03   0.245049E-01   0.336129E-02   0.350000E-03
 382   0.297391E-03   0.506979E-03   0.267760E-01   0.347146E-02   0.300000E-03
 383   0.199503E-03   0.312704E-03   0.278834E-01   0.246003E-02   0.250000E-03
 384   0.316809E-03   0.111970E-02   0.285825E-01   0.239525E-02   0.300000E-03
 385   0.320737E-03   0.113456E-02   0.291536E-01   0.256991E-02   0.300000E-03
 386  -0.582575E-03   0.189552E-03   0.307276E-01   0.263823E-02   0.300000E-03
 387  -0.132169E-02   0.910977E-04   0.324760E-01   0.366589E-02   0.350000E-03
 388  -0.571400E-03   0.119260E-03   0.354196E-01   0.345802E-02   0.450000E-03
 389  -0.187104E-03   0.166847E-03   0.360638E-01   0.337844E-02   0.200000E-03
 390  -0.165820E-02  -0.319620E-03   0.364799E-01   0.292003E-02   0.400000E-03
 391  -0.129104E-02  -0.389321E-04   0.376827E-01   0.251559E-02   0.300000E-03
 392  -0.839332E-03  -0.309621E-03   0.390494E-01   0.192590E-02   0.250000E-03
 393  -0.872739E-03  -0.481247E-03   0.396162E-01   0.211717E-02   0.350000E-03
 394  -0.152765E-02  -0.508159E-04   0.422258E-01   0.126618E-02   0.300000E-03
 395  -0.275675E-03  -0.112620E-03   0.439046E-01   0.146946E-02   0.300000E-03
 396  -0.949126E-03  -0.767982E-04   0.444222E-01   0.241686E-02   0.200000E-03
 397  -0.720778E-03   0.214691E-04   0.972713E-03   0.349427E-02   0.400000E-03
 398  -0.522715E-03   0.354244E-03   0.263615E-02   0.232633E-02   0.300000E-03
 399  -0.233151E-03  -0.509377E-03   0.353574E-02   0.232951E-02   0.300000E-03
 400  -0.255557E-03  -0.409856E-03   0.423445E-02   0.236481E-02   0.400000E-03
 401  -0.533160E-03   0.167591E-03   0.575007E-02   0.392988E-02   0.200000E-03
 402  -0.458928E-04  -0.294884E-03   0.729274E-02   0.344486E-02   0.350000E-03
 403  -0.120550E-03  -0.324300E-03   0.853312E-02   0.377744E-02   0.250000E-03
 404  -0.114501E-02  -0.141740E-03   0.907263E-02   0.368484E-02   0.300000E-03
 405   0.198970E-03  -0.521660E-03   0.119731E-01   0.349202E-02   0.200000E-03
 406   0.377905E-03  -0.593133E-03   0.125343E-01   0.328833E-02   0.400000E-03
 407   0.226800E-03  -0.680908E-03   0.132135E-01   0.312702E-02   0.300000E-03
 408  -0.143903E-03  -0.359355E-03   0.142631E-01   0.331839E-02   0.400000E-03
 409  -0.114074E-02  -0.257308E-04   0.157515E-01   0.356619E-02   0.350000E-03
 410  -0.782990E-03   0.230797E-03   0.162234E-01   0.400641E-02   0.300000E-03
 411  -0.854557E-03   0.186116E-03   0.167527E-01   0.428472E-02   0.300000E-03
 412  -0.438402E-03   0.622590E-03   0.183035E-01   0.355417E-02   0.400000E-03
 413  -0.724070E-04   0.682851E-03   0.202912E-01   0.397386E-02   0.300000E-03
 414  -0.181523E-03   0.281092E-03   0.207966E-01   0.375621E-02   0.250000E-03
 415  -0.244887E-03   0.672287E-03   0.208373E-01   0.440463E-02   0.400000E-03
 416   0.322358E-03   0.758240E-03   0.224550E-01   0.401814E-02   0.400000E-03
 417   0.647650E-03   0.407853E-03   0.234098E-01   0.355378E-02   0.300000E-03
 418   0.445495E-03   0.746280E-03   0.251431E-01   0.362855E-02   0.350000E-03
 419   0.493308E-03   0.714451E-03   0.277996E-01   0.305269E-02   0.350000E-03
 420   0.342436E-03   0.582232E-03   0.283753E-01   0.289738E-02   0.250000E-03
 421   0.624505E-03   0.100401E-02   0.296035E-01   0.313114E-02   0.350000E-03
 422  -0.165497E-03   0.471919E-03   0.313344E-01   0.307569E-02   0.450000E-03
 423  -0.133384E-02   0.428765E-03   0.338157E-01   0.340054E-02   0.350000E-03
 424  -0.895171E-03   0.196297E-03   0.347357E-01   0.375753E-02   0.300000E-03
 425  -0.100458E-02   0.863893E-04   0.369887E-01   0.339513E-02   0.300000E-03
 426  -0.642933E-03  -0.422319E-03   0.371715E-01   0.282352E-02   0.300000E-03
 427  -0.447294E-03   0.799482E-04   0.380325E-01   0.312772E-02   0.300000E-03
 428  -0.134671E-02  -0.310021E-03   0.385812E-01   0.209362E-02   0.250000E-03
 429  -0.111285E-02  -0.326969E-03   0.402292E-01   0.191146E-02   0.300000E-03
 430  -0.114730E-02   0.534756E-03   0.419452E-01   0.187170E-02   0.350000E-03
 431  -0.584738E-03   0.257038E-03   0.426860E-01   0.179229E-02   0.400000E-03
 432  -0.115030E-03  -0.135831E-03   0.433088E-01   0.148009E-02   0.300000E-03
 433  -0.245855E-03  -0.191044E-03   0.347983E-03   0.396803E-02   0.350000E-03
 434  -0.126765E-02   0.475803E-03   0.158367E-02   0.180076E-02   0.200000E-03
 435  -0.946047E-03   0.343449E-03   0.314305E-02   0.284412E-02   0.350000E-03
 436   0.410220E-03  -0.156596E-03   0.529189E-02   0.293256E-02   0.250000E-03
 437  -0.429260E-03   0.605572E-03   0.563598E-02   0.354711E-02   0.200000E-03
 438  -0.301037E-03  -0.276340E-03   0.676130E-02   0.381651E-02   0.300000E-03
 439  -0.241077E-03  -0.490020E-03   0.794319E-02   0.368131E-02   0.350000E-03
 440  -0.514970E-03  -0.818501E-04   0.108839E-01   0.376127E-02   0.200000E-03
 441  -0.639137E-03  -0.674811E-03   0.109242E-01   0.326579E-02   0.300000E-03
 442   0.229594E-03  -0.589010E-03   0.130909E-01   0.371256E-02   0.300000E-03
 443   0.143005E-03  -0.396099E-03   0.136342E-01   0.348095E-02   0.250000E-03
 444  -0.231449E-03  -0.271317E-03   0.152355E-01   0.395803E-02   0.300000E-03
 445  -0.241182E-03  -0.174035E-03   0.157042E-01   0.447319E-02   0.400000E-03
 446  -0.639141E-03   0.213970E-04   0.163018E-01   0.449464E-02   0.200000E-03
 447  -0.468065E-03   0.404787E-03   0.172470E-01   0.461855E-02   0.300000E-03
 448  -0.553419E-03   0.467718E-03   0.183428E-01   0.445137E-02   0.500000E-03
 449   0.162773E-04   0.541528E-03   0.192355E-01   0.440543E-02   0.400000E-03
 450   0.820775E-04   0.517102E-03   0.199297E-01   0.444946E-02   0.300000E-03
 451  -0.411854E-03   0.822165E-03   0.215021E-01   0.396439E-02   0.400000E-03
 452  -0.551038E-04   0.115154E-02   0.219464E-01   0.456427E-02   0.350000E-03
 453   0.810688E-04   0.116338E-02   0.240533E-01   0.392334E-02   0.350000E-03
 454  -0.210887E-04   0.679908E-03   0.257648E-01   0.330836E-02   0.350000E-03
 455   0.362375E-03   0.972491E-04   0.269778E-01   0.301639E-02   0.200000E-03
 456   0.585433E-03   0.773441E-03   0.289067E-01   0.317072E-02   0.350000E-03
 457  -0.659406E-03   0.227120E-03   0.305345E-01   0.320229E-02   0.300000E-03
 458  -0.645219E-03   0.132502E-03   0.307054E-01   0.382045E-02   0.350000E-03
 459  -0.631663E-03   0.297341E-04   0.317827E-01   0.373624E-02   0.350000E-03
 460  -0.127503E-02   0.312747E-03   0.341981E-01   0.386007E-02   0.250000E-03
 461  -0.140687E-02   0.175505E-03   0.364687E-01   0.356744E-02   0.250000E-03
 462  -0.139639E-02  -0.667887E-03   0.376474E-01   0.427054E-02   0.300000E-03
 463  -0.331659E-03   0.225517E-03   0.382757E-01   0.258246E-02   0.300000E-03
 464  -0.161614E-02   0.291097E-03   0.390158E-01   0.263877E-02   0.450000E-03
 465  -0.108606E-02  -0.293142E-03   0.407091E-01   0.238553E-02   0.300000E-03
 466  -0.676568E-03  -0.266781E-03   0.411771E-01   0.255746E-02   0.200000E-03
 467  -0.420409E-03   0.337813E-03   0.435692E-01   0.255956E-02   0.250000E-03
 468  -0.751697E-03  -0.507146E-03   0.435746E-01   0.383318E-02   0.350000E-03
 469  -0.701444E-03  -0.377746E-03   0.105437E-02   0.433811E-02   0.450000E-03
 470  -0.554496E-03   0.253352E-03   0.218069E-02   0.279264E-02   0.300000E-03
 471  -0.733517E-03   0.455378E-03   0.385799E-02   0.306945E-02   0.400000E-03
 472  -0.418000E-03   0.479068E-03   0.455519E-02   0.301944E-02   0.300000E-03
 473  -0.109426E-03   0.709325E-03   0.503670E-02   0.352682E-02   0.400000E-03
 474  -0.229786E-03  -0.911375E-04   0.744721E-02   0.401693E-02   0.250000E-03
 475  -0.503511E-04   0.129806E-04   0.811395E-02   0.435644E-02   0.350000E-03
 476  -0.561306E-03   0.352162E-03   0.954577E-02   0.405197E-02   0.300000E-03
 477  -0.100060E-02  -0.644231E-03   0.113204E-01   0.292356E-02   0.200000E-03
 478   0.340252E-03  -0.866153E-04   0.122403E-01   0.397221E-02   0.350000E-03
 479  -0.164721E-03  -0.151396E-02   0.142040E-01   0.396344E-02   0.250000E-03
 480  -0.527075E-03  -0.345435E-03   0.146845E-01   0.381253E-02   0.250000E-03
 481  -0.452837E-03   0.396171E-04   0.148052E-01   0.429721E-02   0.250000E-03
 482  -0.760492E-03  -0.134087E-03   0.162827E-01   0.508793E-02   0.400000E-03
 483  -0.306833E-03  -0.710299E-04   0.169786E-01   0.515335E-02   0.300000E-03
 484  -0.326840E-03   0.761324E-03   0.186307E-01   0.519557E-02   0.300000E-03
 485   0.151149E-03   0.732559E-03   0.196442E-01   0.503240E-02   0.350000E-03
 486  -0.796603E-04   0.135209E-03   0.202986E-01   0.492002E-02   0.300000E-03
 487   0.611099E-04   0.943443E-03   0.213576E-01   0.493919E-02   0.350000E-03
 488  -0.111262E-03   0.843475E-03   0.218805E-01   0.510866E-02   0.200000E-03
 489   0.878446E-04   0.105940E-02   0.246509E-01   0.396934E-02   0.250000E-03
 490   0.242734E-03   0.699580E-03   0.273130E-01   0.338815E-02   0.250000E-03
 491   0.350406E-03   0.713497E-03   0.283183E-01   0.344269E-02   0.300000E-03
 492   0.546012E-03   0.833067E-03   0.293020E-01   0.380653E-02   0.400000E-03
 493   0.494447E-03   0.742367E-03   0.300708E-01   0.358261E-02   0.300000E-03
 494  -0.422615E-04   0.763216E-04   0.312388E-01   0.371687E-02   0.200000E-03
 495  -0.114483E-02   0.100260E-03   0.328843E-01   0.402856E-02   0.200000E-03
 496  -0.535248E-03   0.297016E-03   0.359464E-01   0.419727E-02   0.350000E-03
 497  -0.355817E-03  -0.290424E-03   0.361031E-01   0.372439E-02   0.150000E-03
 498  -0.751416E-03   0.403085E-03   0.373560E-01   0.380437E-02   0.250000E-03
 499  -0.707061E-03   0.123453E-03   0.375304E-01   0.333703E-02   0.250000E-03
 500  -0.154363E-02   0.143438E-03   0.394011E-01   0.309812E-02   0.150000E-03
 501  -0.938938E-03  -0.834568E-04   0.401644E-01   0.245587E-02   0.250000E-03
 502  -0.794970E-03   0.101793E-03   0.413366E-01   0.208822E-02   0.300000E-03
 503  -0.300913E-03   0.875264E-04   0.429748E-01   0.262790E-02   0.350000E-03
 504  -0.345450E-03   0.599112E-03   0.433222E-01   0.207606E-02   0.300000E-03
 505  -0.976974E-03  -0.197757E-03   0.165113E-02   0.380784E-02   0.350000E-03
 506  -0.108995E-02   0.176994E-03   0.187206E-02   0.325172E-02   0.250000E-03
 507  -0.151076E-03   0.188358E-03   0.332621E-02   0.343793E-02   0.250000E-03
 508  -0.520951E-03   0.734847E-03   0.433989E-02   0.357565E-02   0.300000E-03
 509  -0.111139E-03   0.216648E-03   0.609452E-02   0.422076E-02   0.250000E-03
 510  -0.274661E-03   0.121860E-03   0.749868E-02   0.455653E-02   0.300000E-03
 511   0.136840E-03   0.170857E-03   0.878807E-02   0.426338E-02   0.300000E-03
 512  -0.275399E-03  -0.222988E-04   0.103365E-01   0.376169E-02   0.350000E-03
 513  -0.255145E-03  -0.435083E-03   0.114766E-01   0.348993E-02   0.300000E-03
 514   0.383082E-04  -0.397021E-04   0.128707E-01   0.437615E-02   0.400000E-03
 515  -0.115820E-02  -0.129352E-02   0.136182E-01   0.409233E-02   0.350000E-03
 516  -0.414824E-04  -0.235687E-03   0.142688E-01   0.455764E-02   0.350000E-03
 517   0.348158E-03   0.188238E-03   0.151548E-01   0.449122E-02   0.150000E-03
 518  -0.343094E-03  -0.492065E-04   0.154970E-01   0.524088E-02   0.400000E-03
 519  -0.456208E-03   0.359929E-03   0.177333E-01   0.503977E-02   0.350000E-03
 520   0.644376E-04   0.854795E-03   0.191624E-01   0.546796E-02   0.300000E-03
 521  -0.117492E-03   0.293960E-03   0.201328E-01   0.559904E-02   0.400000E-03
 522   0.370556E-03   0.597443E-03   0.207378E-01   0.524890E-02   0.250000E-03
 523  -0.224476E-04   0.356174E-03   0.218603E-01   0.555643E-02   0.250000E-03
 524   0.503742E-03   0.738230E-03   0.231506E-01   0.409167E-02   0.300000E-03
 525   0.251246E-03   0.899209E-03   0.251864E-01   0.437523E-02   0.400000E-03
 526   0.354788E-03   0.637750E-03   0.256542E-01   0.392695E-02   0.250000E-03
 527   0.450907E-03   0.672265E-03   0.277794E-01   0.370354E-02   0.300000E-03
 528   0.298275E-03   0.559328E-03   0.291641E-01   0.454252E-02   0.350000E-03
 529  -0.325753E-03   0.198167E-03   0.305255E-01   0.443623E-02   0.300000E-03
 530   0.101960E-02   0.194831E-02   0.321639E-01   0.405873E-02   0.150000E-03
 531  -0.112046E-02   0.690610E-03   0.330309E-01   0.359928E-02   0.200000E-03
 532  -0.680654E-03   0.294687E-03   0.352025E-01   0.427855E-02   0.400000E-03
 533  -0.105080E-02   0.529455E-03   0.368331E-01   0.397339E-02   0.300000E-03
 534  -0.168408E-02   0.490301E-03   0.382316E-01   0.440843E-02   0.300000E-03
 535  -0.142025E-02  -0.612634E-03   0.379124E-01   0.373229E-02   0.300000E-03
 536  -0.250020E-02   0.108164E-02   0.386599E-01   0.311994E-02   0.150000E-03
 537  -0.121078E-02  -0.292794E-03   0.404421E-01   0.274140E-02   0.150000E-03
 538  -0.922734E-03   0.199822E-04   0.417723E-01   0.249669E-02   0.300000E-03
 539  -0.582895E-03  -0.429775E-05   0.423641E-01   0.240987E-02   0.300000E-03
 540  -0.798925E-03  -0.751435E-04   0.439707E-01   0.284792E-02   0.250000E-03
 541   0.691643E-04  -0.101066E-02   0.477927E-02   0.847167E-02   0.300000E-03
 542  -0.523927E-03   0.136581E-04   0.258115E-02   0.348100E-02   0.500000E-03
 543  -0.696537E-03  -0.223080E-03   0.376805E-02   0.376344E-02   0.300000E-03
 544  -0.313447E-03   0.148611E-04   0.420028E-02   0.410293E-02   0.250000E-03
 545  -0.416709E-03   0.104377E-03   0.533512E-02   0.410075E-02   0.250000E-03
 546  -0.436628E-04   0.364558E-03   0.859383E-02   0.498743E-02   0.450000E-03
 547  -0.333155E-03  -0.183328E-03   0.928882E-02   0.459229E-02   0.300000E-03
 548  -0.139406E-03   0.113281E-02   0.977863E-02   0.449080E-02   0.200000E-03
 549  -0.548690E-03   0.453222E-04   0.110731E-01   0.432758E-02   0.400000E-03
 550  -0.160243E-03  -0.164853E-03   0.116420E-01   0.401352E-02   0.250000E-03
 551  -0.166332E-03  -0.528801E-04   0.135432E-01   0.488914E-02   0.450000E-03
 552   0.506328E-04  -0.120707E-03   0.142530E-01   0.525480E-02   0.350000E-03
 553  -0.526019E-03  -0.601292E-03   0.148701E-01   0.479262E-02   0.250000E-03
 554  -0.227057E-03  -0.947827E-04   0.150890E-01   0.574165E-02   0.250000E-03
 555  -0.579613E-03  -0.202679E-03   0.160220E-01   0.584138E-02   0.400000E-03
 556  -0.714927E-04   0.688362E-03   0.181434E-01   0.554094E-02   0.300000E-03
 557  -0.232813E-03   0.629362E-03   0.188770E-01   0.482120E-02   0.150000E-03
 558  -0.297559E-05   0.316860E-03   0.212265E-01   0.567346E-02   0.400000E-03
 559   0.414718E-03   0.154726E-02   0.226166E-01   0.464753E-02   0.250000E-03
 560   0.151185E-03   0.128294E-02   0.237096E-01   0.441084E-02   0.250000E-03
 561   0.183323E-03   0.671789E-03   0.259385E-01   0.445208E-02   0.350000E-03
 562   0.205233E-06   0.100406E-02   0.262405E-01   0.382171E-02   0.350000E-03
 563   0.560127E-03   0.104605E-02   0.285615E-01   0.409684E-02   0.400000E-03
 564   0.436431E-03   0.438784E-03   0.285660E-01   0.479549E-02   0.300000E-03
 565   0.358339E-03   0.514035E-03   0.299124E-01   0.423555E-02   0.350000E-03
 566  -0.108772E-02   0.598401E-03   0.312904E-01   0.436597E-02   0.450000E-03
 567  -0.651733E-03   0.398110E-03   0.333045E-01   0.328816E-02   0.150000E-03
 568  -0.121899E-02   0.718985E-04   0.338533E-01   0.384688E-02   0.100000E-03
 569  -0.146744E-02  -0.236974E-03   0.370079E-01   0.449180E-02   0.250000E-03
 570  -0.126183E-02  -0.466619E-04   0.378210E-01   0.484444E-02   0.300000E-03
 571  -0.158927E-02  -0.934898E-03   0.384759E-01   0.352698E-02   0.300000E-03
 572  -0.116840E-02  -0.184783E-03   0.390590E-01   0.338890E-02   0.300000E-03
 573  -0.131670E-02   0.439423E-03   0.397426E-01   0.280584E-02   0.300000E-03
 574  -0.513114E-03  -0.398419E-03   0.414213E-01   0.321083E-02   0.500000E-03
 575  -0.702139E-03   0.202651E-03   0.421364E-01   0.290778E-02   0.250000E-03
 576  -0.128194E-03   0.566728E-03   0.444179E-01   0.385850E-02   0.300000E-03
 577  -0.131301E-03  -0.137494E-02   0.298549E-03   0.461468E-02   0.300000E-03
 578  -0.352513E-03  -0.610066E-04   0.261601E-02   0.432458E-02   0.350000E-03
 579  -0.112169E-03   0.657085E-04   0.476818E-02   0.429347E-02   0.350000E-03
 580  -0.360305E-03   0.178494E-03   0.544751E-02   0.458498E-02   0.250000E-03
 581   0.244775E-03   0.145323E-03   0.706846E-02   0.414523E-02   0.150000E-03
 582   0.590569E-04   0.971170E-04   0.793808E-02   0.487741E-02   0.200000E-03
 583  -0.470415E-03   0.320843E-03   0.993995E-02   0.490778E-02   0.250000E-03
 584  -0.239422E-03  -0.297835E-04   0.103367E-01   0.445984E-02   0.350000E-03
 585  -0.127674E-03   0.123787E-03   0.107314E-01   0.515386E-02   0.450000E-03
 586  -0.221847E-04   0.295037E-03   0.118791E-01   0.450920E-02   0.300000E-03
 587  -0.424995E-03   0.196317E-03   0.123501E-01   0.467065E-02   0.200000E-03
 588  -0.472283E-04  -0.172498E-03   0.136463E-01   0.553053E-02   0.200000E-03
 589  -0.549633E-03  -0.521899E-04   0.148504E-01   0.529186E-02   0.250000E-03
 590  -0.178094E-03  -0.278289E-03   0.154481E-01   0.601161E-02   0.200000E-03
 591  -0.227798E-03  -0.546423E-04   0.173843E-01   0.552270E-02   0.250000E-03
 592  -0.148194E-03   0.412704E-03   0.181567E-01   0.613820E-02   0.300000E-03
 593  -0.315534E-03   0.457936E-03   0.195213E-01   0.594582E-02   0.300000E-03
 594   0.182377E-04   0.384944E-03   0.206458E-01   0.614389E-02   0.350000E-03
 595  -0.281471E-03   0.854753E-03   0.222673E-01   0.500862E-02   0.200000E-03
 596   0.553778E-03   0.110014E-02   0.232099E-01   0.473779E-02   0.350000E-03
 597  -0.211681E-04   0.943358E-03   0.244140E-01   0.457420E-02   0.400000E-03
 598  -0.203738E-03   0.800974E-03   0.266339E-01   0.439784E-02   0.350000E-03
 599   0.330491E-03   0.559023E-03   0.271877E-01   0.397104E-02   0.350000E-03
 600   0.314060E-03   0.348943E-03   0.299146E-01   0.488337E-02   0.300000E-03
 601  -0.511255E-03   0.264684E-03   0.305325E-01   0.507698E-02   0.350000E-03
 602  -0.697979E-03   0.271177E-03   0.309952E-01   0.488784E-02   0.150000E-03
 603  -0.107217E-02   0.216087E-03   0.330332E-01   0.455613E-02   0.350000E-03
 604  -0.138858E-02   0.354987E-03   0.334281E-01   0.397860E-02   0.350000E-03
 605  -0.113894E-02  -0.340136E-03   0.364230E-01   0.477163E-02   0.400000E-03
 606  -0.914133E-03   0.636053E-04   0.385069E-01   0.514079E-02   0.450000E-03
 607  -0.122564E-02   0.914990E-04   0.386422E-01   0.404577E-02   0.250000E-03
 608  -0.159370E-02   0.180863E-03   0.396638E-01   0.346255E-02   0.300000E-03
 609  -0.157686E-02   0.306986E-03   0.402571E-01   0.320070E-02   0.350000E-03
 610  -0.106267E-02   0.556008E-04   0.409130E-01   0.278622E-02   0.150000E-03
 611   0.514310E-04  -0.644247E-04   0.428068E-01   0.361373E-02   0.450000E-03
 612  -0.256970E-03  -0.126064E-04   0.434481E-01   0.314334E-02   0.350000E-03
 613   0.255913E-03  -0.428767E-03   0.104530E-01   0.861721E-02   0.350000E-03
 614  -0.451662E-03   0.542083E-04   0.314257E-02   0.447250E-02   0.200000E-03
 615  -0.618188E-03   0.283290E-03   0.368636E-02   0.440998E-02   0.350000E-03
 616  -0.483979E-03   0.284001E-03   0.569886E-02   0.427510E-02   0.150000E-03
 617  -0.204389E-03   0.164383E-03   0.664812E-02   0.445084E-02   0.350000E-03
 618  -0.725693E-04   0.403882E-03   0.809873E-02   0.554853E-02   0.300000E-03
 619  -0.331020E-03   0.201255E-03   0.931369E-02   0.518954E-02   0.300000E-03
 620  -0.479610E-03   0.200391E-03   0.990439E-02   0.555438E-02   0.400000E-03
 621  -0.276129E-03  -0.125439E-03   0.114180E-01   0.533741E-02   0.250000E-03
 622  -0.454539E-03   0.544983E-03   0.114532E-01   0.484718E-02   0.250000E-03
 623  -0.209141E-03   0.300891E-03   0.126880E-01   0.510340E-02   0.350000E-03
 624  -0.500177E-04  -0.182291E-03   0.139892E-01   0.573610E-02   0.200000E-03
 625   0.133682E-04  -0.147157E-03   0.145131E-01   0.589955E-02   0.350000E-03
 626  -0.797946E-03  -0.163776E-03   0.166372E-01   0.550763E-02   0.150000E-03
 627  -0.370377E-03  -0.390740E-04   0.169555E-01   0.565186E-02   0.200000E-03
 628   0.270412E-04   0.311200E-03   0.175655E-01   0.603819E-02   0.300000E-03
 629  -0.852758E-04   0.256356E-03   0.188138E-01   0.649239E-02   0.450000E-03
 630  -0.381087E-04   0.582208E-03   0.218525E-01   0.610637E-02   0.300000E-03
 631   0.392819E-03   0.123673E-02   0.227522E-01   0.526587E-02   0.350000E-03
 632  -0.450407E-05   0.894892E-03   0.238245E-01   0.494713E-02   0.300000E-03
 633  -0.146284E-03   0.662090E-03   0.246713E-01   0.516588E-02   0.250000E-03
 634   0.355688E-03   0.916296E-03   0.271660E-01   0.451780E-02   0.200000E-03
 635   0.657227E-03   0.899027E-03   0.278082E-01   0.447113E-02   0.450000E-03
 636   0.275307E-03   0.456959E-03   0.293809E-01   0.515284E-02   0.300000E-03
 637  -0.255636E-03   0.270021E-03   0.303365E-01   0.569246E-02   0.300000E-03
 638  -0.153005E-02   0.427399E-03   0.321410E-01   0.473433E-02   0.350000E-03
 639  -0.105967E-02   0.509968E-03   0.342917E-01   0.481088E-02   0.250000E-03
 640  -0.106499E-02   0.369636E-03   0.345064E-01   0.430972E-02   0.300000E-03
 641  -0.970196E-03  -0.102303E-03   0.368900E-01   0.529143E-02   0.300000E-03
 642  -0.119780E-02   0.437490E-04   0.372780E-01   0.490569E-02   0.250000E-03
 643  -0.115224E-02   0.261258E-03   0.388118E-01   0.451215E-02   0.250000E-03
 644  -0.154666E-02   0.117755E-03   0.392916E-01   0.405396E-02   0.400000E-03
 645  -0.581162E-03  -0.221411E-04   0.417266E-01   0.384016E-02   0.200000E-03
 646  -0.702150E-03   0.223560E-03   0.407785E-01   0.330911E-02   0.150000E-03
 647  -0.465461E-03   0.249288E-03   0.425755E-01   0.300522E-02   0.200000E-03
 648  -0.697039E-03   0.108055E-02   0.448033E-01   0.354549E-02   0.200000E-03
 649  -0.241413E-03  -0.145615E-02   0.714264E-03   0.489019E-02   0.200000E-03
 650  -0.495304E-03   0.101114E-03   0.266999E-02   0.501623E-02   0.350000E-03
 651  -0.944917E-03  -0.119411E-03   0.320717E-02   0.397594E-02   0.300000E-03
 652  -0.532726E-03   0.923245E-04   0.457781E-02   0.490116E-02   0.200000E-03
 653  -0.234684E-03   0.347510E-03   0.657358E-02   0.494397E-02   0.150000E-03
 654  -0.238808E-03   0.307598E-03   0.746715E-02   0.524899E-02   0.400000E-03
 655   0.131187E-05  -0.294629E-03   0.877306E-02   0.576538E-02   0.350000E-03
 656   0.155290E-03  -0.284865E-03   0.935665E-02   0.590000E-02   0.250000E-03
 657  -0.436693E-03  -0.576962E-05   0.104804E-01   0.593971E-02   0.300000E-03
 658   0.647726E-05  -0.688285E-03   0.119891E-01   0.514944E-02   0.350000E-03
 659  -0.311367E-03   0.189339E-03   0.131604E-01   0.547254E-02   0.250000E-03
 660  -0.187537E-03  -0.547162E-04   0.136264E-01   0.621238E-02   0.400000E-03
 661  -0.158792E-03  -0.258392E-03   0.150329E-01   0.628800E-02   0.300000E-03
 662  -0.454346E-03   0.705962E-04   0.163630E-01   0.644571E-02   0.300000E-03
 663  -0.363389E-03  -0.510914E-04   0.166560E-01   0.598332E-02   0.250000E-03
 664  -0.418856E-04   0.274751E-03   0.177833E-01   0.654043E-02   0.250000E-03
 665  -0.168482E-03   0.435574E-03   0.200133E-01   0.628773E-02   0.300000E-03
 666   0.955895E-04   0.549824E-03   0.212546E-01   0.637148E-02   0.300000E-03
 667   0.761719E-03   0.830980E-03   0.223576E-01   0.577739E-02   0.300000E-03
 668  -0.296380E-03   0.118204E-02   0.233941E-01   0.536257E-02   0.300000E-03
 669   0.257803E-03   0.821063E-03   0.248752E-01   0.476614E-02   0.100000E-03
 670  -0.254141E-04   0.559137E-03   0.263771E-01   0.488286E-02   0.200000E-03
 671   0.260984E-03   0.431166E-03   0.285070E-01   0.530345E-02   0.200000E-03
 672   0.398992E-03   0.520190E-03   0.281095E-01   0.510122E-02   0.250000E-03
 673   0.116410E-03   0.871063E-03   0.310216E-01   0.556524E-02   0.350000E-03
 674  -0.122485E-02   0.244558E-03   0.315580E-01   0.511917E-02   0.350000E-03
 675  -0.157593E-02   0.468054E-03   0.325063E-01   0.426388E-02   0.250000E-03
 676  -0.882171E-03   0.494813E-03   0.347899E-01   0.477955E-02   0.250000E-03
 677  -0.932448E-03   0.583718E-04   0.369730E-01   0.598507E-02   0.400000E-03
 678  -0.117804E-02   0.152741E-04   0.374308E-01   0.537972E-02   0.250000E-03
 679  -0.118995E-02   0.299403E-03   0.390948E-01   0.542035E-02   0.200000E-03
 680  -0.121800E-02   0.150524E-03   0.392681E-01   0.489978E-02   0.350000E-03
 681  -0.112407E-02   0.457451E-03   0.410962E-01   0.388243E-02   0.250000E-03
 682  -0.731545E-03  -0.408486E-03   0.421422E-01   0.340605E-02   0.250000E-03
 683  -0.112637E-03   0.579401E-03   0.440242E-01   0.455018E-02   0.500000E-03
 684  -0.856821E-03  -0.305157E-03   0.440453E-01   0.339140E-02   0.300000E-03
 685  -0.334009E-03  -0.150453E-03   0.349593E-03   0.730224E-02   0.350000E-03
 686  -0.529982E-03   0.740020E-04   0.333237E-02   0.558884E-02   0.350000E-03
 687  -0.488103E-03   0.106296E-03   0.331448E-02   0.494077E-02   0.300000E-03
 688  -0.143036E-03   0.492350E-04   0.502065E-02   0.483722E-02   0.250000E-03
 689  -0.186842E-03   0.158878E-03   0.706678E-02   0.480266E-02   0.200000E-03
 690  -0.309512E-03  -0.166036E-03   0.760777E-02   0.597873E-02   0.350000E-03
 691   0.150287E-03  -0.378940E-04   0.878103E-02   0.647983E-02   0.350000E-03
 692  -0.486933E-03   0.184361E-03   0.990275E-02   0.625332E-02   0.300000E-03
 693  -0.443769E-03   0.173031E-03   0.104013E-01   0.648111E-02   0.250000E-03
 694  -0.229893E-03  -0.464096E-04   0.111217E-01   0.585155E-02   0.350000E-03
 695  -0.207171E-03  -0.469518E-04   0.129036E-01   0.601364E-02   0.350000E-03
 696  -0.505581E-03   0.213526E-03   0.146301E-01   0.721008E-02   0.250000E-03
 697   0.101427E-04  -0.754324E-04   0.143386E-01   0.662492E-02   0.400000E-03
 698  -0.977545E-04  -0.710080E-04   0.156743E-01   0.656718E-02   0.400000E-03
 699   0.111353E-03   0.234588E-03   0.170894E-01   0.661587E-02   0.450000E-03
 700  -0.427083E-04   0.252119E-03   0.181905E-01   0.690747E-02   0.300000E-03
 701  -0.511879E-04   0.332507E-03   0.195432E-01   0.665594E-02   0.300000E-03
 702   0.892365E-05   0.492978E-03   0.204204E-01   0.685517E-02   0.400000E-03
 703  -0.552176E-05   0.709997E-03   0.230324E-01   0.596072E-02   0.400000E-03
 704  -0.137822E-03   0.602444E-03   0.241621E-01   0.555926E-02   0.400000E-03
 705   0.358576E-03   0.507475E-03   0.251466E-01   0.502126E-02   0.250000E-03
 706   0.192988E-03   0.477089E-03   0.259601E-01   0.505077E-02   0.250000E-03
 707   0.543742E-03   0.354348E-03   0.269672E-01   0.508025E-02   0.400000E-03
 708   0.231831E-03   0.410668E-03   0.298552E-01   0.542942E-02   0.250000E-03
 709  -0.149812E-02  -0.106586E-04   0.320839E-01   0.528053E-02   0.200000E-03
 710  -0.155380E-02  -0.869896E-04   0.326637E-01   0.502805E-02   0.250000E-03
 711  -0.118341E-02   0.604101E-03   0.337315E-01   0.460395E-02   0.350000E-03
 712  -0.146595E-02  -0.202831E-03   0.351331E-01   0.520856E-02   0.300000E-03
 713  -0.103773E-02   0.753890E-04   0.381618E-01   0.636432E-02   0.350000E-03
 714  -0.104050E-02   0.105998E-03   0.379349E-01   0.569968E-02   0.350000E-03
 715  -0.990783E-03   0.827250E-04   0.388279E-01   0.564279E-02   0.150000E-03
 716  -0.133177E-02   0.356278E-03   0.397331E-01   0.453031E-02   0.250000E-03
 717  -0.160962E-02   0.515143E-03   0.400667E-01   0.366271E-02   0.150000E-03
 718  -0.667348E-03   0.892178E-04   0.421719E-01   0.390415E-02   0.250000E-03
 719  -0.446300E-03   0.575585E-03   0.448019E-01   0.545803E-02   0.200000E-03
 720  -0.729376E-03  -0.800644E-04   0.434124E-01   0.729200E-02   0.350000E-03
 721  -0.527561E-03  -0.346561E-04   0.215237E-02   0.403195E-02   0.200000E-03
 722  -0.252413E-03   0.239406E-04   0.202730E-02   0.510644E-02   0.300000E-03
 723  -0.361776E-03   0.271670E-03   0.425216E-02   0.459759E-02   0.250000E-03
 724  -0.182681E-03   0.226631E-03   0.602901E-02   0.486721E-02   0.400000E-03
 725  -0.224398E-03   0.258650E-03   0.693202E-02   0.512511E-02   0.150000E-03
 726  -0.190404E-03   0.228464E-03   0.652520E-02   0.549119E-02   0.400000E-03
 727  -0.183672E-03  -0.148947E-03   0.823723E-02   0.613158E-02   0.300000E-03
 728   0.177585E-03   0.329203E-05   0.937393E-02   0.639775E-02   0.250000E-03
 729  -0.336350E-03  -0.613778E-03   0.971916E-02   0.682475E-02   0.300000E-03
 730   0.221695E-03  -0.389313E-03   0.123706E-01   0.561225E-02   0.250000E-03
 731  -0.857350E-04  -0.502661E-04   0.122324E-01   0.620978E-02   0.350000E-03
 732  -0.141930E-03  -0.146714E-03   0.131219E-01   0.661979E-02   0.250000E-03
 733  -0.158210E-03  -0.108817E-03   0.149544E-01   0.683054E-02   0.250000E-03
 734  -0.382012E-03  -0.113865E-03   0.161722E-01   0.690218E-02   0.200000E-03
 735   0.551049E-04   0.139677E-03   0.176187E-01   0.721460E-02   0.350000E-03
 736   0.417492E-04   0.526218E-03   0.191166E-01   0.728546E-02   0.400000E-03
 737   0.208812E-04   0.492677E-03   0.198089E-01   0.719267E-02   0.300000E-03
 738   0.179600E-03   0.792982E-03   0.214915E-01   0.702749E-02   0.400000E-03
 739   0.666852E-03   0.453825E-03   0.224383E-01   0.641805E-02   0.350000E-03
 740  -0.136842E-03   0.689272E-03   0.237480E-01   0.618100E-02   0.350000E-03
 741  -0.192829E-03   0.409834E-03   0.248226E-01   0.564068E-02   0.250000E-03
 742   0.412310E-04   0.618841E-03   0.263728E-01   0.533254E-02   0.250000E-03
 743   0.744112E-03   0.438276E-03   0.276126E-01   0.514099E-02   0.250000E-03
 744   0.422798E-03   0.374667E-03   0.288837E-01   0.518097E-02   0.200000E-03
 745  -0.124163E-02  -0.149265E-03   0.316039E-01   0.571695E-02   0.250000E-03
 746  -0.134755E-02   0.805571E-03   0.328142E-01   0.560788E-02   0.350000E-03
 747  -0.940726E-03   0.522242E-03   0.332798E-01   0.515587E-02   0.300000E-03
 748  -0.121419E-02  -0.335572E-03   0.356785E-01   0.485586E-02   0.350000E-03
 749  -0.115446E-02   0.405381E-04   0.363202E-01   0.546261E-02   0.300000E-03
 750  -0.988746E-03   0.131963E-03   0.385071E-01   0.587566E-02   0.250000E-03
 751  -0.863693E-03   0.142466E-03   0.391636E-01   0.593519E-02   0.300000E-03
 752  -0.109907E-02   0.141131E-03   0.401822E-01   0.422453E-02   0.300000E-03
 753  -0.796002E-03  -0.265163E-03   0.407212E-01   0.301520E-02   0.150000E-03
 754  -0.112451E-02   0.528528E-03   0.418913E-01   0.418648E-02   0.150000E-03
 755  -0.449643E-03   0.212102E-03   0.425400E-01   0.414999E-02   0.150000E-03
 756  -0.837362E-03  -0.194313E-03   0.431082E-01   0.671764E-02   0.300000E-03
 757  -0.347482E-03  -0.300755E-03   0.184029E-02   0.448413E-02   0.350000E-03
 758  -0.409307E-03   0.182315E-04   0.402475E-02   0.566435E-02   0.350000E-03
 759  -0.290986E-03   0.146827E-03   0.390786E-02   0.502509E-02   0.300000E-03
 760  -0.337842E-03   0.230486E-03   0.473313E-02   0.556685E-02   0.300000E-03
 761  -0.533102E-04   0.175056E-03   0.540173E-02   0.536168E-02   0.400000E-03
 762  -0.789991E-04   0.130142E-03   0.590732E-02   0.591239E-02   0.350000E-03
 763  -0.373578E-03  -0.105974E-03   0.689245E-02   0.619904E-02   0.400000E-03
 764  -0.383233E-03  -0.425784E-03   0.816501E-02   0.672706E-02   0.300000E-03
 765  -0.557275E-04   0.255531E-03   0.115573E-01   0.639359E-02   0.350000E-03
 766  -0.232633E-03  -0.808022E-04   0.117651E-01   0.575937E-02   0.300000E-03
 767  -0.177664E-03  -0.116060E-03   0.126855E-01   0.651769E-02   0.200000E-03
 768  -0.171401E-03   0.158017E-04   0.137316E-01   0.685326E-02   0.250000E-03
 769  -0.169087E-03  -0.136977E-03   0.152582E-01   0.734712E-02   0.350000E-03
 770  -0.333599E-03  -0.112633E-03   0.158397E-01   0.720435E-02   0.250000E-03
 771  -0.472517E-03   0.197180E-03   0.165677E-01   0.678891E-02   0.100000E-03
 772   0.936744E-04   0.495259E-03   0.184749E-01   0.737450E-02   0.250000E-03
 773   0.230027E-03   0.833338E-03   0.201992E-01   0.777284E-02   0.400000E-03
 774   0.255310E-03   0.825906E-03   0.208739E-01   0.744792E-02   0.350000E-03
 775  -0.523666E-04   0.525062E-03   0.232846E-01   0.655875E-02   0.250000E-03
 776  -0.179250E-03   0.502179E-03   0.248853E-01   0.608563E-02   0.200000E-03
 777   0.270725E-03   0.536302E-03   0.255596E-01   0.484646E-02   0.200000E-03
 778   0.252299E-03   0.473686E-03   0.259595E-01   0.549977E-02   0.200000E-03
 779   0.840710E-03   0.795090E-03   0.277343E-01   0.567510E-02   0.300000E-03
 780   0.291225E-03   0.342880E-03   0.293862E-01   0.580133E-02   0.350000E-03
 781   0.172014E-03   0.657360E-03   0.307135E-01   0.602039E-02   0.200000E-03
 782  -0.153191E-02  -0.271454E-03   0.321507E-01   0.577533E-02   0.300000E-03
 783  -0.104819E-02   0.477120E-03   0.339177E-01   0.527766E-02   0.350000E-03
 784  -0.163351E-02  -0.940735E-03   0.344698E-01   0.522176E-02   0.200000E-03
 785  -0.121772E-02  -0.216426E-04   0.356805E-01   0.555566E-02   0.350000E-03
 786  -0.471718E-03   0.226666E-03   0.375850E-01   0.620295E-02   0.250000E-03
 787  -0.135417E-02  -0.696153E-04   0.397271E-01   0.613537E-02   0.300000E-03
 788  -0.105619E-02   0.315747E-03   0.396387E-01   0.549219E-02   0.350000E-03
 789  -0.139270E-02   0.538481E-03   0.405631E-01   0.376507E-02   0.300000E-03
 790  -0.107835E-02   0.434565E-03   0.414575E-01   0.429143E-02   0.300000E-03
 791  -0.121415E-02  -0.601116E-04   0.431093E-01   0.435474E-02   0.350000E-03
 792  -0.345885E-03   0.109714E-02   0.438782E-01   0.518328E-02   0.150000E-03
 793  -0.711001E-03  -0.190616E-04   0.284717E-02   0.547996E-02   0.150000E-03
 794  -0.466406E-03   0.101686E-03   0.244528E-02   0.546014E-02   0.150000E-03
 795  -0.476647E-03   0.697581E-04   0.436151E-02   0.523341E-02   0.200000E-03
 796  -0.633805E-03  -0.236512E-03   0.266120E-02   0.646775E-02   0.300000E-03
 797  -0.207833E-03   0.293320E-03   0.450641E-02   0.623735E-02   0.400000E-03
 798  -0.429222E-04   0.251189E-03   0.517113E-02   0.602022E-02   0.300000E-03
 799  -0.269088E-03  -0.234452E-03   0.751761E-02   0.666943E-02   0.350000E-03
 800   0.927573E-04  -0.364172E-03   0.883589E-02   0.707628E-02   0.250000E-03
 801  -0.296947E-03   0.359793E-03   0.108162E-01   0.675625E-02   0.250000E-03
 802  -0.693723E-04   0.378743E-03   0.112850E-01   0.692731E-02   0.250000E-03
 803  -0.171320E-03   0.117403E-03   0.120194E-01   0.676993E-02   0.250000E-03
 804  -0.120578E-03   0.510848E-04   0.132697E-01   0.714902E-02   0.300000E-03
 805  -0.151857E-03   0.197858E-03   0.140849E-01   0.727683E-02   0.300000E-03
 806  -0.508022E-03   0.636277E-03   0.157245E-01   0.763861E-02   0.200000E-03
 807   0.268888E-03   0.171714E-03   0.180475E-01   0.763367E-02   0.250000E-03
 808   0.577641E-04   0.516470E-03   0.191355E-01   0.813408E-02   0.450000E-03
 809   0.171784E-03   0.784012E-03   0.214598E-01   0.772579E-02   0.300000E-03
 810   0.537727E-03   0.781903E-03   0.221898E-01   0.701456E-02   0.300000E-03
 811  -0.143907E-03   0.653033E-03   0.237836E-01   0.682789E-02   0.300000E-03
 812  -0.692543E-04   0.708881E-03   0.244025E-01   0.621537E-02   0.300000E-03
 813   0.233495E-03   0.437555E-03   0.254155E-01   0.555215E-02   0.350000E-03
 814   0.851434E-03   0.768287E-03   0.272379E-01   0.561523E-02   0.200000E-03
 815   0.257666E-03   0.358961E-03   0.286421E-01   0.588539E-02   0.400000E-03
 816   0.412455E-04   0.840378E-03   0.312218E-01   0.607035E-02   0.200000E-03
 817  -0.257119E-03   0.205097E-03   0.302546E-01   0.628336E-02   0.300000E-03
 818  -0.910218E-03  -0.240772E-03   0.325671E-01   0.620662E-02   0.300000E-03
 819  -0.147503E-02   0.952715E-03   0.334525E-01   0.573002E-02   0.300000E-03
 820  -0.133768E-02  -0.363577E-03   0.347265E-01   0.564870E-02   0.300000E-03
 821  -0.110489E-02  -0.103803E-03   0.362309E-01   0.605382E-02   0.300000E-03
 822  -0.103486E-02   0.392000E-04   0.378341E-01   0.692532E-02   0.300000E-03
 823  -0.918586E-03   0.219306E-03   0.387589E-01   0.630723E-02   0.250000E-03
 824  -0.114763E-02  -0.112344E-03   0.408221E-01   0.555934E-02   0.350000E-03
 825  -0.906232E-03   0.193656E-03   0.402603E-01   0.498985E-02   0.450000E-03
 826  -0.956513E-03   0.199225E-03   0.408051E-01   0.440537E-02   0.350000E-03
 827  -0.722908E-03   0.163125E-03   0.422294E-01   0.440019E-02   0.250000E-03
 828  -0.127600E-02   0.101713E-03   0.402885E-01   0.692981E-02   0.350000E-03
 829  -0.658845E-03  -0.185776E-03   0.262880E-02   0.587041E-02   0.300000E-03
 830  -0.107545E-03   0.235090E-02   0.299870E-03   0.521398E-02   0.300000E-03
 831  -0.183642E-03  -0.234141E-03   0.313827E-03   0.571247E-02   0.200000E-03
 832  -0.474362E-03  -0.117737E-03   0.310506E-02   0.614296E-02   0.250000E-03
 833  -0.292351E-03   0.257094E-03   0.328575E-02   0.666088E-02   0.300000E-03
 834  -0.509839E-04   0.145245E-03   0.509434E-02   0.661483E-02   0.300000E-03
 835  -0.166883E-03  -0.269052E-03   0.574805E-02   0.679759E-02   0.300000E-03
 836  -0.261193E-03   0.138661E-03   0.757583E-02   0.736467E-02   0.350000E-03
 837  -0.300626E-03   0.168042E-03   0.108161E-01   0.630755E-02   0.200000E-03
 838  -0.221175E-03   0.241329E-03   0.117498E-01   0.730553E-02   0.350000E-03
 839  -0.221524E-03   0.122470E-03   0.125732E-01   0.710634E-02   0.400000E-03
 840   0.183039E-03  -0.938996E-05   0.141607E-01   0.787515E-02   0.300000E-03
 841  -0.542419E-03   0.130726E-03   0.147465E-01   0.774683E-02   0.300000E-03
 842   0.375649E-03  -0.251024E-04   0.170456E-01   0.751979E-02   0.300000E-03
 843   0.923222E-04   0.518947E-03   0.184868E-01   0.787216E-02   0.250000E-03
 844   0.280236E-03   0.377073E-03   0.198482E-01   0.837775E-02   0.300000E-03
 845   0.272684E-03   0.753766E-03   0.208545E-01   0.814612E-02   0.350000E-03
 846   0.684461E-03   0.586078E-03   0.219670E-01   0.751641E-02   0.250000E-03
 847  -0.544326E-04   0.571739E-03   0.232537E-01   0.710646E-02   0.300000E-03
 848   0.505153E-04   0.661148E-03   0.244773E-01   0.691072E-02   0.400000E-03
 849   0.183254E-03   0.536633E-03   0.254106E-01   0.624813E-02   0.350000E-03
 850   0.467894E-03   0.807334E-03   0.267283E-01   0.562607E-02   0.200000E-03
 851   0.541692E-03   0.552230E-03   0.265970E-01   0.610517E-02   0.300000E-03
 852   0.284670E-03   0.106378E-02   0.299068E-01   0.582576E-02   0.150000E-03
 853  -0.931632E-03   0.222100E-03   0.317019E-01   0.633204E-02   0.350000E-03
 854  -0.730281E-03   0.166727E-03   0.327850E-01   0.681863E-02   0.350000E-03
 855  -0.818750E-03  -0.232407E-03   0.331648E-01   0.625593E-02   0.300000E-03
 856  -0.131534E-02  -0.399609E-03   0.341213E-01   0.599736E-02   0.400000E-03
 857  -0.107340E-02  -0.147542E-03   0.352155E-01   0.607504E-02   0.350000E-03
 858  -0.990623E-03   0.149891E-03   0.365645E-01   0.655143E-02   0.300000E-03
 859  -0.900503E-03   0.197335E-03   0.392903E-01   0.646933E-02   0.250000E-03
 860  -0.149946E-02   0.493330E-04   0.402160E-01   0.578813E-02   0.300000E-03
 861  -0.801810E-03  -0.111846E-03   0.415197E-01   0.557766E-02   0.350000E-03
 862  -0.109238E-02  -0.234528E-03   0.409758E-01   0.497979E-02   0.250000E-03
 863  -0.592584E-03   0.935004E-03   0.432802E-01   0.513632E-02   0.450000E-03
 864  -0.585712E-03   0.810468E-03   0.445510E-01   0.605622E-02   0.450000E-03
 865  -0.518781E-03  -0.182206E-04   0.137965E-02   0.506062E-02   0.350000E-03
 866  -0.579554E-03  -0.256807E-03   0.171174E-02   0.549373E-02   0.200000E-03
 867  -0.191641E-03  -0.153418E-03   0.204079E-02   0.627693E-02   0.350000E-03
 868  -0.288314E-03  -0.227871E-03   0.369844E-02   0.622575E-02   0.300000E-03
 869  -0.365395E-03  -0.846502E-04   0.336061E-02   0.720322E-02   0.250000E-03
 870  -0.286472E-03  -0.182003E-03   0.624706E-02   0.646530E-02   0.300000E-03
 871  -0.378358E-03  -0.188346E-03   0.690991E-02   0.689794E-02   0.300000E-03
 872   0.130798E-03   0.588838E-04   0.921394E-02   0.681678E-02   0.200000E-03
 873  -0.277778E-03  -0.594065E-03   0.102876E-01   0.701662E-02   0.300000E-03
 874  -0.138028E-03   0.137172E-03   0.117042E-01   0.797988E-02   0.300000E-03
 875  -0.267782E-03   0.227516E-03   0.122464E-01   0.772346E-02   0.300000E-03
 876  -0.579239E-04   0.134767E-03   0.136097E-01   0.763969E-02   0.300000E-03
 877  -0.580400E-03   0.630622E-03   0.146713E-01   0.834115E-02   0.300000E-03
 878  -0.372668E-03  -0.154916E-03   0.164095E-01   0.739418E-02   0.350000E-03
 879  -0.221665E-05   0.375094E-03   0.175160E-01   0.780414E-02   0.250000E-03
 880   0.913736E-05   0.478835E-03   0.177147E-01   0.831575E-02   0.300000E-03
 881  -0.381864E-03   0.400355E-03   0.219509E-01   0.806971E-02   0.300000E-03
 882  -0.211486E-03   0.568457E-03   0.227111E-01   0.718617E-02   0.250000E-03
 883   0.575517E-03   0.409288E-03   0.228914E-01   0.662672E-02   0.150000E-03
 884  -0.990431E-04   0.852978E-03   0.239604E-01   0.745234E-02   0.350000E-03
 885   0.387460E-03   0.763180E-03   0.259623E-01   0.739459E-02   0.400000E-03
 886   0.301747E-03   0.470070E-03   0.260082E-01   0.599613E-02   0.300000E-03
 887   0.283194E-03   0.303813E-03   0.284165E-01   0.659760E-02   0.350000E-03
 888   0.352949E-03   0.736401E-03   0.295657E-01   0.657914E-02   0.450000E-03
 889   0.428935E-03   0.528564E-03   0.309136E-01   0.664010E-02   0.450000E-03
 890  -0.122085E-02   0.479176E-04   0.322197E-01   0.662976E-02   0.250000E-03
 891  -0.152009E-02   0.177709E-05   0.337323E-01   0.663658E-02   0.350000E-03
 892  -0.106560E-02  -0.125738E-03   0.346651E-01   0.658232E-02   0.400000E-03
 893  -0.105167E-02  -0.147365E-03   0.357611E-01   0.642543E-02   0.300000E-03
 894  -0.767103E-03   0.316524E-03   0.385940E-01   0.677927E-02   0.250000E-03
 895  -0.904961E-03   0.257210E-03   0.391034E-01   0.698600E-02   0.300000E-03
 896  -0.878829E-03  -0.154597E-03   0.419134E-01   0.695857E-02   0.300000E-03
 897  -0.813126E-03  -0.219669E-03   0.424681E-01   0.662022E-02   0.350000E-03
 898  -0.114844E-02  -0.934098E-04   0.426248E-01   0.461360E-02   0.200000E-03
 899  -0.629879E-03   0.898339E-03   0.424855E-01   0.519724E-02   0.350000E-03
 900  -0.710093E-03   0.756617E-03   0.438288E-01   0.571398E-02   0.350000E-03
 901  -0.493789E-03  -0.325856E-03   0.129226E-02   0.565134E-02   0.250000E-03
 902  -0.476462E-03   0.914093E-04   0.308285E-02   0.761838E-02   0.250000E-03
 903  -0.212213E-03  -0.534225E-04   0.211513E-02   0.568259E-02   0.250000E-03
 904  -0.612214E-03  -0.126516E-03   0.276866E-02   0.710751E-02   0.350000E-03
 905   0.275226E-03  -0.363099E-03   0.400005E-02   0.691881E-02   0.450000E-03
 906  -0.771999E-04  -0.253346E-03   0.586181E-02   0.733967E-02   0.250000E-03
 907  -0.140352E-03   0.188567E-03   0.555789E-02   0.633567E-02   0.200000E-03
 908   0.982796E-04  -0.195723E-03   0.884533E-02   0.762553E-02   0.300000E-03
 909   0.978527E-04  -0.306172E-04   0.934770E-02   0.729774E-02   0.300000E-03
 910   0.104667E-03  -0.652906E-03   0.101227E-01   0.805744E-02   0.300000E-03
 911  -0.856566E-04   0.147020E-03   0.112630E-01   0.765400E-02   0.250000E-03
 912  -0.396361E-03   0.740959E-03   0.151501E-01   0.861064E-02   0.250000E-03
 913  -0.143286E-03   0.250751E-04   0.153399E-01   0.804173E-02   0.350000E-03
 914  -0.516723E-03   0.139477E-03   0.161338E-01   0.814315E-02   0.450000E-03
 915   0.729942E-04   0.327070E-03   0.170157E-01   0.821886E-02   0.400000E-03
 916   0.522073E-03   0.490181E-03   0.204011E-01   0.860977E-02   0.300000E-03
 917  -0.708803E-04   0.112400E-02   0.199944E-01   0.904952E-02   0.300000E-03
 918  -0.101417E-03   0.245967E-03   0.225180E-01   0.775272E-02   0.350000E-03
 919  -0.254481E-04   0.245445E-03   0.232180E-01   0.775511E-02   0.350000E-03
 920  -0.127133E-03   0.300123E-03   0.248007E-01   0.642465E-02   0.150000E-03
 921  -0.554327E-03   0.706971E-03   0.233903E-01   0.848879E-02   0.350000E-03
 922   0.305849E-03   0.685366E-03   0.259860E-01   0.664515E-02   0.350000E-03
 923   0.824506E-03   0.501048E-03   0.277741E-01   0.632285E-02   0.350000E-03
 924   0.459606E-03   0.645454E-03   0.289268E-01   0.721254E-02   0.450000E-03
 925   0.513038E-03   0.702991E-03   0.310970E-01   0.741835E-02   0.350000E-03
 926  -0.868265E-03  -0.176407E-03   0.315916E-01   0.697130E-02   0.300000E-03
 927  -0.133896E-02   0.990450E-04   0.336456E-01   0.719600E-02   0.200000E-03
 928  -0.121387E-02   0.113168E-03   0.341728E-01   0.649435E-02   0.100000E-03
 929  -0.943699E-03   0.941484E-05   0.372284E-01   0.668980E-02   0.350000E-03
 930  -0.122657E-02   0.881488E-05   0.412189E-01   0.664072E-02   0.300000E-03
 931  -0.727493E-03  -0.188246E-03   0.411893E-01   0.607431E-02   0.250000E-03
 932  -0.137474E-02   0.519631E-04   0.397413E-01   0.668431E-02   0.250000E-03
 933  -0.856902E-03  -0.258290E-03   0.418096E-01   0.626659E-02   0.400000E-03
 934  -0.657536E-03  -0.689328E-03   0.412510E-01   0.469007E-02   0.150000E-03
 935  -0.106186E-02   0.602722E-03   0.418044E-01   0.489101E-02   0.400000E-03
 936   0.178257E-03  -0.103845E-03   0.433647E-01   0.616869E-02   0.300000E-03
 937   0.135086E-03  -0.226093E-03   0.103562E-02   0.716642E-02   0.350000E-03
 938   0.594062E-04  -0.516508E-03   0.298538E-03   0.621181E-02   0.300000E-03
 939  -0.633097E-03  -0.451789E-03   0.371081E-02   0.768775E-02   0.350000E-03
 940   0.105470E-03  -0.571216E-03   0.788994E-03   0.586795E-02   0.300000E-03
 941  -0.277994E-03  -0.400566E-04   0.166849E-02   0.686878E-02   0.350000E-03
 942   0.121374E-03  -0.440935E-03   0.456013E-02   0.770244E-02   0.500000E-03
 943  -0.174813E-03  -0.260076E-03   0.527181E-02   0.723922E-02   0.350000E-03
 944  -0.297868E-03  -0.211994E-03   0.633240E-02   0.705783E-02   0.300000E-03
 945  -0.330018E-03  -0.228670E-04   0.108406E-01   0.730450E-02   0.300000E-03
 946  -0.192266E-06  -0.666541E-04   0.986050E-02   0.749396E-02   0.250000E-03
 947  -0.210469E-03   0.219095E-03   0.129471E-01   0.798920E-02   0.450000E-03
 948  -0.153590E-03   0.131180E-03   0.125658E-01   0.857555E-02   0.250000E-03
 949  -0.891397E-03   0.620998E-03   0.156838E-01   0.874211E-02   0.300000E-03
 950   0.831410E-04   0.420018E-03   0.140065E-01   0.855783E-02   0.400000E-03
 951  -0.160148E-03   0.603160E-03   0.165665E-01   0.875522E-02   0.300000E-03
 952   0.100378E-03   0.481624E-03   0.182638E-01   0.831821E-02   0.250000E-03
 953   0.305880E-03   0.778768E-03   0.210683E-01   0.870634E-02   0.250000E-03
 954  -0.977728E-04   0.648782E-03   0.225483E-01   0.860141E-02   0.500000E-03
 955   0.337625E-03  -0.419774E-03   0.237590E-01   0.801669E-02   0.250000E-03
 956   0.865229E-04   0.655482E-03   0.253420E-01   0.720169E-02   0.250000E-03
 957   0.217815E-03   0.418993E-03   0.269072E-01   0.761601E-02   0.350000E-03
 958   0.403153E-03   0.736272E-03   0.265938E-01   0.699066E-02   0.350000E-03
 959   0.603579E-03   0.540411E-03   0.271018E-01   0.651104E-02   0.350000E-03
 960  -0.242299E-03   0.708924E-03   0.302410E-01   0.683192E-02   0.250000E-03
 961  -0.125358E-02   0.650452E-03   0.321495E-01   0.797504E-02   0.400000E-03
 962  -0.754790E-03   0.454922E-03   0.316893E-01   0.751181E-02   0.250000E-03
 963  -0.148970E-02  -0.290693E-04   0.333083E-01   0.698232E-02   0.200000E-03
 964  -0.935277E-03  -0.116341E-03   0.353188E-01   0.682955E-02   0.300000E-03
 965  -0.824411E-03   0.114617E-03   0.361055E-01   0.685366E-02   0.250000E-03
 966  -0.105200E-02  -0.166561E-03   0.367126E-01   0.723458E-02   0.400000E-03
 967  -0.123557E-02   0.654697E-05   0.406487E-01   0.633014E-02   0.350000E-03
 968  -0.167927E-02  -0.109235E-03   0.401602E-01   0.624248E-02   0.150000E-03
 969  -0.388929E-03  -0.283716E-03   0.447508E-01   0.712621E-02   0.250000E-03
 970  -0.186379E-03  -0.168234E-03   0.442509E-01   0.679565E-02   0.350000E-03
 971  -0.111422E-02  -0.609265E-03   0.427145E-01   0.591005E-02   0.400000E-03
 972  -0.232616E-03  -0.188949E-03   0.436551E-01   0.674357E-02   0.250000E-03
 973   0.927339E-04  -0.314355E-03   0.839540E-03   0.532075E-02   0.250000E-03
 974  -0.376815E-03  -0.218194E-05   0.400747E-02   0.820905E-02   0.250000E-03
 975  -0.451704E-03  -0.168244E-03   0.134172E-02   0.624749E-02   0.350000E-03
 976  -0.850779E-05  -0.571818E-03   0.777999E-03   0.657017E-02   0.300000E-03
 977  -0.164273E-03  -0.557600E-04   0.731076E-02   0.790207E-02   0.250000E-03
 978  -0.353179E-03   0.498647E-04   0.693967E-02   0.749649E-02   0.300000E-03
 979  -0.268697E-03   0.334488E-04   0.640043E-02   0.760260E-02   0.250000E-03
 980  -0.462154E-03  -0.254202E-04   0.817296E-02   0.781644E-02   0.400000E-03
 981  -0.203238E-03  -0.978034E-04   0.103551E-01   0.756056E-02   0.250000E-03
 982  -0.349088E-03  -0.602935E-03   0.937929E-02   0.815122E-02   0.450000E-03
 983  -0.254773E-03   0.491368E-04   0.121722E-01   0.826809E-02   0.250000E-03
 984  -0.697799E-05   0.105082E-03   0.107695E-01   0.799306E-02   0.350000E-03
 985  -0.744373E-04   0.260517E-03   0.135798E-01   0.813733E-02   0.200000E-03
 986   0.223798E-03   0.676142E-03   0.189902E-01   0.932860E-02   0.300000E-03
 987   0.867263E-04   0.468232E-03   0.186544E-01   0.877245E-02   0.350000E-03
 988   0.900751E-04   0.582336E-03   0.194411E-01   0.881740E-02   0.300000E-03
 989   0.164909E-03   0.988178E-03   0.195392E-01   0.935748E-02   0.250000E-03
 990   0.189465E-03   0.184835E-03   0.214405E-01   0.827450E-02   0.250000E-03
 991   0.807318E-03   0.324534E-04   0.244342E-01   0.796657E-02   0.350000E-03
 992   0.630791E-04   0.669716E-03   0.248728E-01   0.748726E-02   0.300000E-03
 993   0.868980E-04   0.684055E-03   0.251081E-01   0.676063E-02   0.250000E-03
 994   0.484542E-03  -0.447568E-04   0.272124E-01   0.709990E-02   0.250000E-03
 995   0.604346E-03  -0.433181E-04   0.278619E-01   0.709965E-02   0.400000E-03
 996  -0.270854E-03   0.608005E-03   0.304524E-01   0.733804E-02   0.300000E-03
 997  -0.331524E-03   0.837955E-03   0.298978E-01   0.719510E-02   0.250000E-03
 998  -0.122631E-02   0.706296E-03   0.322177E-01   0.722860E-02   0.350000E-03
 999  -0.158582E-02   0.112335E-03   0.330560E-01   0.735366E-02   0.250000E-03
1000  -0.124696E-02   0.874977E-04   0.341939E-01   0.716312E-02   0.350000E-03
