   1   0.573685E-05  -0.562876E-05   0.112772E-01   0.847242E-02   0.350000E-03
   2   0.113189E-02   0.624768E-03   0.149557E-03   0.149882E-03   0.150000E-03
   3   0.157642E-02  -0.531361E-02   0.458092E-02   0.448254E-03   0.450000E-03
   4  -0.293914E-03  -0.220732E-02   0.574177E-02   0.536929E-03   0.200000E-03
   5  -0.117201E-02   0.211021E-04   0.577113E-02   0.999886E-04   0.100000E-03
   6  -0.491611E-03  -0.105918E-03   0.750446E-02   0.248966E-03   0.250000E-03
   7  -0.182036E-03  -0.232567E-02   0.813586E-02   0.398715E-03   0.400000E-03
   8   0.524979E-04  -0.699468E-03   0.888278E-02   0.348748E-03   0.350000E-03
   9   0.235950E-03  -0.910268E-03   0.932875E-02   0.566840E-03   0.150000E-03
  10   0.132374E-03  -0.822245E-03   0.118061E-01   0.293540E-03   0.300000E-03
  11   0.591970E-03   0.772558E-03   0.130485E-01   0.349134E-03   0.350000E-03
  12  -0.787306E-03  -0.144445E-03   0.147815E-01   0.194685E-03   0.200000E-03
  13  -0.422578E-03   0.391873E-03   0.169256E-01   0.345547E-03   0.350000E-03
  14  -0.631640E-03   0.758791E-03   0.176243E-01   0.348510E-03   0.350000E-03
  15  -0.504305E-03   0.211609E-03   0.188420E-01   0.402022E-03   0.400000E-03
  16  -0.796025E-04   0.655916E-03   0.195868E-01   0.345942E-03   0.350000E-03
  17  -0.589576E-03   0.105971E-02   0.205004E-01   0.338332E-03   0.350000E-03
  18   0.107949E-03   0.396054E-03   0.219514E-01   0.349138E-03   0.350000E-03
  19  -0.169886E-02   0.771578E-03   0.225409E-01   0.242777E-03   0.250000E-03
  20  -0.139417E-02   0.616749E-03   0.230403E-01   0.247960E-03   0.250000E-03
  21  -0.118229E-02   0.408410E-03   0.244807E-01   0.249619E-03   0.250000E-03
  22  -0.116424E-03  -0.637787E-03   0.257273E-01   0.200000E-03   0.200000E-03
  23   0.980495E-03   0.247091E-03   0.267472E-01   0.994542E-04   0.100000E-03
  24  -0.109407E-03   0.295409E-03   0.282119E-01   0.397656E-03   0.400000E-03
  25   0.249367E-03   0.193071E-02   0.297839E-01   0.406782E-03   0.400000E-03
  26  -0.407138E-03   0.115207E-02   0.305257E-01   0.334532E-03   0.350000E-03
  27   0.165432E-02   0.433038E-02   0.318642E-01   0.298069E-03   0.300000E-03
  28  -0.129119E-02   0.962495E-03   0.333191E-01   0.351897E-03   0.300000E-03
  29  -0.836172E-03   0.106703E-02   0.355425E-01   0.444456E-03   0.450000E-03
  30  -0.670089E-03   0.615839E-03   0.373983E-01   0.345533E-03   0.350000E-03
  31  -0.325205E-03   0.419302E-03   0.379897E-01   0.248967E-03   0.250000E-03
  32  -0.104471E-03   0.429779E-04   0.401181E-01   0.197587E-03   0.200000E-03
  33   0.195152E-02  -0.295547E-03   0.410074E-01   0.195371E-03   0.200000E-03
  34  -0.375891E-02  -0.139149E-02   0.446046E-01   0.878948E-03   0.400000E-03
  35  -0.244812E-02   0.774202E-03   0.446515E-01   0.192111E-02   0.350000E-03
  36  -0.244759E-03  -0.933327E-04   0.864730E-02   0.832872E-02   0.300000E-03
  37   0.138745E-02   0.181475E-02   0.248031E-03   0.178142E-02   0.250000E-03
  38  -0.450265E-03   0.156410E-02   0.777208E-03   0.722078E-03   0.300000E-03
  39   0.194605E-03   0.254117E-02   0.268458E-02   0.399538E-03   0.400000E-03
  40  -0.168450E-03  -0.641163E-03   0.617845E-02   0.299109E-03   0.300000E-03
  41  -0.133406E-02  -0.783650E-03   0.687120E-02   0.390815E-03   0.400000E-03
  42   0.479230E-03  -0.206501E-02   0.729253E-02   0.100293E-02   0.350000E-03
  43  -0.760438E-04  -0.818941E-03   0.859636E-02   0.931424E-03   0.300000E-03
  44   0.334876E-03  -0.128121E-02   0.938725E-02   0.960658E-03   0.250000E-03
  45  -0.808600E-03  -0.222810E-03   0.997189E-02   0.495289E-03   0.500000E-03
  46  -0.335612E-03   0.437309E-03   0.107831E-01   0.299933E-03   0.300000E-03
  47  -0.101485E-02  -0.730918E-03   0.152373E-01   0.149873E-03   0.150000E-03
  48  -0.296400E-03   0.694351E-03   0.158291E-01   0.447011E-03   0.450000E-03
  49   0.293142E-03   0.977971E-03   0.164926E-01   0.886047E-03   0.350000E-03
  50  -0.730288E-03   0.586253E-03   0.182142E-01   0.246379E-03   0.250000E-03
  51  -0.411328E-03   0.102394E-02   0.193110E-01   0.870789E-03   0.250000E-03
  52   0.104222E-03   0.590632E-03   0.200420E-01   0.147395E-03   0.150000E-03
  53  -0.325910E-03  -0.288777E-04   0.205015E-01   0.101657E-02   0.200000E-03
  54  -0.506028E-03  -0.301475E-03   0.211489E-01   0.298860E-03   0.300000E-03
  55   0.301744E-03  -0.473521E-05   0.233996E-01   0.998825E-04   0.100000E-03
  56  -0.835986E-03   0.208454E-03   0.238477E-01   0.395543E-03   0.400000E-03
  57  -0.114953E-02  -0.238708E-03   0.245119E-01   0.914311E-03   0.400000E-03
  58  -0.117065E-02   0.387134E-03   0.251139E-01   0.395425E-03   0.400000E-03
  59   0.529222E-04   0.225860E-05   0.270297E-01   0.199995E-03   0.200000E-03
  60  -0.216265E-02  -0.341476E-04   0.275200E-01   0.296638E-03   0.300000E-03
  61  -0.200597E-04   0.172391E-02   0.290970E-01   0.295300E-03   0.300000E-03
  62   0.106533E-03   0.210964E-02   0.312210E-01   0.347666E-03   0.350000E-03
  63   0.135886E-02   0.171868E-02   0.328511E-01   0.196308E-03   0.200000E-03
  64  -0.163081E-02   0.417795E-03   0.347513E-01   0.344981E-03   0.350000E-03
  65  -0.381625E-03   0.432128E-03   0.363182E-01   0.617205E-03   0.350000E-03
  66  -0.680489E-03   0.719860E-03   0.364278E-01   0.139529E-03   0.150000E-03
  67  -0.583026E-03  -0.178724E-03   0.391353E-01   0.298575E-03   0.300000E-03
  68   0.120758E-02  -0.103506E-02   0.422995E-01   0.199996E-03   0.200000E-03
  69   0.211710E-02  -0.198427E-03   0.438612E-01   0.822902E-03   0.350000E-03
  70  -0.826041E-03   0.394198E-03   0.424005E-01   0.721534E-02   0.250000E-03
  71  -0.126820E-02   0.459305E-03   0.447019E-01   0.496901E-02   0.300000E-03
  72  -0.348824E-02  -0.180179E-03   0.447504E-01   0.247778E-03   0.250000E-03
  73  -0.354596E-03   0.138022E-03   0.257205E-02   0.793794E-02   0.350000E-03
  74  -0.122127E-03   0.668102E-03   0.119766E-02   0.297762E-03   0.300000E-03
  75  -0.617651E-03  -0.584157E-04   0.391542E-02   0.247999E-03   0.250000E-03
  76   0.628161E-03  -0.244545E-03   0.521876E-02   0.923630E-03   0.350000E-03
  77  -0.156585E-03  -0.709825E-03   0.646690E-02   0.819351E-03   0.200000E-03
  78  -0.423402E-03   0.178438E-03   0.664999E-02   0.133633E-02   0.350000E-03
  79  -0.939200E-03  -0.353204E-03   0.797763E-02   0.113015E-02   0.350000E-03
  80  -0.137435E-03  -0.200966E-03   0.904875E-02   0.132326E-02   0.250000E-03
  81   0.103253E-02   0.125649E-03   0.106844E-01   0.947074E-03   0.350000E-03
  82   0.558281E-03  -0.469947E-03   0.132842E-01   0.953624E-03   0.300000E-03
  83  -0.746096E-04   0.281597E-03   0.137465E-01   0.345681E-03   0.350000E-03
  84  -0.176356E-02   0.347318E-03   0.143362E-01   0.244730E-03   0.250000E-03
  85  -0.232466E-03   0.114988E-02   0.154224E-01   0.101206E-02   0.250000E-03
  86  -0.286198E-03   0.737841E-03   0.172713E-01   0.106514E-02   0.450000E-03
  87  -0.703803E-03   0.257596E-03   0.188485E-01   0.105142E-02   0.250000E-03
  88  -0.234557E-03   0.266615E-04   0.200508E-01   0.800362E-03   0.300000E-03
  89  -0.448818E-03   0.735643E-03   0.202966E-01   0.160151E-02   0.400000E-03
  90   0.115903E-03  -0.250383E-03   0.214756E-01   0.858611E-03   0.350000E-03
  91  -0.106760E-02  -0.315149E-03   0.225853E-01   0.733906E-03   0.250000E-03
  92  -0.113818E-02  -0.401530E-03   0.231756E-01   0.830386E-03   0.350000E-03
  93  -0.197042E-02   0.798852E-04   0.238004E-01   0.113960E-02   0.350000E-03
  94  -0.501398E-03  -0.221699E-03   0.252271E-01   0.113513E-02   0.350000E-03
  95  -0.168382E-02  -0.172040E-04   0.273499E-01   0.920494E-03   0.350000E-03
  96  -0.212421E-03   0.947653E-03   0.280510E-01   0.117989E-02   0.400000E-03
  97   0.694113E-03   0.111709E-02   0.294562E-01   0.966548E-03   0.250000E-03
  98   0.127267E-02   0.696714E-03   0.302989E-01   0.108550E-02   0.450000E-03
  99  -0.160027E-02   0.255693E-02   0.324070E-01   0.247113E-03   0.250000E-03
 100  -0.349703E-03   0.499901E-02   0.327286E-01   0.624735E-03   0.250000E-03
 101  -0.212545E-02   0.810179E-03   0.349596E-01   0.106132E-02   0.400000E-03
 102  -0.109003E-02   0.422496E-03   0.368051E-01   0.266843E-03   0.250000E-03
 103  -0.769765E-03   0.159285E-03   0.376399E-01   0.891521E-03   0.250000E-03
 104  -0.375341E-03  -0.359870E-04   0.385370E-01   0.295209E-03   0.300000E-03
 105   0.355342E-03  -0.213329E-03   0.405625E-01   0.244339E-03   0.250000E-03
 106   0.274369E-03  -0.222504E-03   0.431894E-01   0.296250E-03   0.300000E-03
 107  -0.576683E-03  -0.482038E-03   0.440879E-01   0.747593E-02   0.350000E-03
 108   0.104876E-02  -0.382884E-03   0.349317E-01   0.747046E-02   0.450000E-03
 109   0.106924E-03   0.103820E-03   0.240936E-03   0.630817E-03   0.250000E-03
 110  -0.424696E-03   0.729453E-03   0.539529E-03   0.236829E-03   0.250000E-03
 111   0.173543E-03   0.130374E-02   0.188850E-02   0.398104E-03   0.400000E-03
 112   0.138175E-03   0.408582E-03   0.322093E-02   0.923406E-03   0.350000E-03
 113  -0.999844E-03  -0.102785E-02   0.594154E-02   0.109885E-02   0.400000E-03
 114  -0.222428E-03  -0.470269E-03   0.715880E-02   0.153381E-02   0.200000E-03
 115  -0.357645E-03  -0.684478E-03   0.850913E-02   0.157497E-02   0.350000E-03
 116   0.117969E-03  -0.615578E-03   0.985526E-02   0.133521E-02   0.350000E-03
 117   0.500066E-03  -0.603261E-03   0.113509E-01   0.743017E-03   0.350000E-03
 118  -0.273794E-03   0.212318E-03   0.124031E-01   0.294669E-03   0.300000E-03
 119  -0.168463E-02  -0.205784E-03   0.142629E-01   0.784705E-03   0.300000E-03
 120  -0.438336E-03   0.661362E-03   0.150922E-01   0.578401E-03   0.300000E-03
 121   0.239269E-03   0.336023E-03   0.167105E-01   0.138693E-02   0.200000E-03
 122  -0.800172E-03   0.428541E-04   0.181598E-01   0.941224E-03   0.450000E-03
 123  -0.105448E-02   0.245428E-03   0.185956E-01   0.141900E-02   0.200000E-03
 124  -0.285875E-03   0.100427E-02   0.196839E-01   0.127176E-02   0.300000E-03
 125   0.139241E-03   0.432748E-03   0.208848E-01   0.780958E-03   0.250000E-03
 126  -0.183249E-03  -0.163418E-03   0.209339E-01   0.132378E-02   0.300000E-03
 127  -0.713997E-03  -0.292844E-03   0.227146E-01   0.121200E-02   0.250000E-03
 128  -0.126484E-02  -0.720174E-03   0.230670E-01   0.162818E-02   0.300000E-03
 129  -0.168964E-02  -0.120724E-02   0.236115E-01   0.169550E-02   0.250000E-03
 130  -0.609686E-03   0.474635E-03   0.257275E-01   0.721459E-03   0.300000E-03
 131  -0.426740E-03   0.278046E-03   0.263446E-01   0.395485E-03   0.400000E-03
 132  -0.526072E-03   0.572078E-03   0.275203E-01   0.145801E-02   0.200000E-03
 133  -0.314126E-03   0.805340E-03   0.288077E-01   0.927273E-03   0.400000E-03
 134   0.824453E-03   0.110349E-02   0.311838E-01   0.109389E-02   0.400000E-03
 135   0.841195E-03   0.107667E-02   0.320303E-01   0.102736E-02   0.450000E-03
 136  -0.185279E-02   0.498588E-04   0.340110E-01   0.406486E-03   0.400000E-03
 137  -0.252355E-03  -0.173748E-03   0.372223E-01   0.756492E-03   0.100000E-03
 138  -0.953877E-03  -0.206404E-03   0.373973E-01   0.132435E-02   0.250000E-03
 139  -0.711167E-03  -0.899360E-04   0.381739E-01   0.766399E-03   0.300000E-03
 140  -0.522179E-03   0.510870E-04   0.396791E-01   0.267664E-03   0.250000E-03
 141   0.274508E-03  -0.254118E-03   0.414538E-01   0.247895E-03   0.250000E-03
 142  -0.220019E-02   0.543777E-04   0.418997E-01   0.196616E-03   0.200000E-03
 143  -0.669874E-03   0.484917E-03   0.438992E-01   0.630822E-02   0.250000E-03
 144  -0.240103E-03  -0.519035E-03   0.295518E-01   0.762538E-02   0.300000E-03
 145   0.119496E-04   0.448754E-03   0.294551E-03   0.332356E-02   0.300000E-03
 146   0.296388E-03   0.122451E-02   0.663281E-03   0.135662E-02   0.350000E-03
 147   0.372366E-03   0.690505E-04   0.406961E-02   0.849417E-03   0.200000E-03
 148   0.568464E-03  -0.807692E-03   0.531249E-02   0.288918E-03   0.300000E-03
 149  -0.364423E-03  -0.952113E-04   0.611291E-02   0.192771E-02   0.450000E-03
 150  -0.213800E-03  -0.859380E-03   0.755233E-02   0.148122E-02   0.200000E-03
 151  -0.222196E-03  -0.402742E-03   0.938923E-02   0.161446E-02   0.200000E-03
 152   0.964432E-03   0.339405E-04   0.103942E-01   0.140952E-02   0.200000E-03
 153   0.112552E-02  -0.255885E-03   0.111811E-01   0.136456E-02   0.300000E-03
 154   0.159640E-05  -0.535866E-03   0.125872E-01   0.964664E-03   0.400000E-03
 155  -0.730810E-03  -0.698748E-03   0.137753E-01   0.885821E-03   0.200000E-03
 156  -0.375616E-03   0.128118E-02   0.148094E-01   0.121807E-02   0.400000E-03
 157  -0.179660E-03   0.115981E-02   0.159440E-01   0.139286E-02   0.400000E-03
 158  -0.276798E-03   0.588645E-04   0.173954E-01   0.185193E-02   0.350000E-03
 159  -0.833777E-03   0.592643E-03   0.177879E-01   0.147080E-02   0.200000E-03
 160  -0.992758E-03   0.412304E-03   0.182047E-01   0.163969E-02   0.250000E-03
 161  -0.219379E-04   0.582544E-04   0.196194E-01   0.181354E-02   0.250000E-03
 162  -0.118293E-03   0.207817E-03   0.209418E-01   0.182065E-02   0.200000E-03
 163  -0.453925E-03  -0.740257E-03   0.221240E-01   0.111239E-02   0.350000E-03
 164  -0.165997E-03   0.236825E-04   0.227435E-01   0.218390E-02   0.300000E-03
 165  -0.109910E-02   0.353791E-03   0.248252E-01   0.157960E-02   0.250000E-03
 166  -0.118444E-02  -0.430836E-03   0.256445E-01   0.155910E-02   0.250000E-03
 167  -0.886652E-03  -0.441708E-03   0.266324E-01   0.113308E-02   0.400000E-03
 168   0.174210E-03  -0.156754E-03   0.285944E-01   0.153763E-02   0.250000E-03
 169   0.570930E-03   0.143507E-03   0.302040E-01   0.171541E-02   0.200000E-03
 170   0.546174E-03   0.337467E-03   0.307972E-01   0.179070E-02   0.400000E-03
 171  -0.134764E-02   0.628512E-03   0.335298E-01   0.912292E-03   0.300000E-03
 172  -0.146972E-02   0.623224E-03   0.341720E-01   0.118960E-02   0.400000E-03
 173  -0.417334E-03   0.118151E-02   0.356467E-01   0.118306E-02   0.300000E-03
 174  -0.984978E-03   0.180705E-03   0.368740E-01   0.103717E-02   0.350000E-03
 175  -0.334071E-03   0.258585E-03   0.390162E-01   0.885038E-03   0.300000E-03
 176   0.560868E-03   0.437159E-03   0.400800E-01   0.989783E-03   0.200000E-03
 177   0.157973E-03  -0.118823E-02   0.406049E-01   0.785548E-03   0.300000E-03
 178  -0.336903E-02  -0.493164E-03   0.443996E-01   0.143721E-02   0.200000E-03
 179  -0.160034E-02  -0.350314E-03   0.426999E-01   0.195820E-03   0.200000E-03
 180  -0.796663E-03   0.297857E-04   0.400378E-01   0.752880E-02   0.300000E-03
 181  -0.158173E-03   0.630384E-03   0.197083E-03   0.107697E-02   0.200000E-03
 182   0.245820E-03   0.115246E-03   0.139162E-02   0.214992E-02   0.200000E-03
 183   0.693762E-04   0.430047E-03   0.337229E-02   0.295347E-03   0.300000E-03
 184   0.500607E-03  -0.150675E-02   0.538473E-02   0.159719E-02   0.350000E-03
 185  -0.388170E-03  -0.330913E-03   0.624675E-02   0.261066E-02   0.250000E-03
 186  -0.364064E-03  -0.177555E-03   0.679507E-02   0.186565E-02   0.200000E-03
 187  -0.157969E-04  -0.320489E-03   0.791164E-02   0.181830E-02   0.300000E-03
 188   0.467884E-03  -0.197042E-03   0.962956E-02   0.199481E-02   0.250000E-03
 189   0.101592E-03  -0.105995E-03   0.117140E-01   0.125109E-02   0.250000E-03
 190   0.407859E-03  -0.422809E-03   0.119561E-01   0.819646E-03   0.250000E-03
 191   0.181900E-03  -0.612724E-03   0.139975E-01   0.126575E-02   0.250000E-03
 192   0.100274E-03   0.586908E-04   0.143053E-01   0.183251E-02   0.400000E-03
 193  -0.891790E-03   0.820498E-03   0.153159E-01   0.170110E-02   0.300000E-03
 194  -0.160781E-03   0.476123E-03   0.165134E-01   0.194790E-02   0.400000E-03
 195  -0.534752E-03  -0.370988E-03   0.179534E-01   0.207142E-02   0.250000E-03
 196  -0.442169E-03   0.669402E-03   0.191399E-01   0.151718E-02   0.300000E-03
 197  -0.288040E-04  -0.929651E-04   0.199896E-01   0.228496E-02   0.350000E-03
 198  -0.195066E-03   0.179788E-03   0.206358E-01   0.221288E-02   0.300000E-03
 199   0.115661E-03  -0.198153E-04   0.215003E-01   0.150608E-02   0.300000E-03
 200  -0.379635E-03  -0.130183E-03   0.222459E-01   0.216172E-02   0.200000E-03
 201   0.155380E-03   0.435248E-03   0.242775E-01   0.157953E-02   0.300000E-03
 202  -0.114483E-02  -0.532556E-03   0.259892E-01   0.120417E-02   0.250000E-03
 203  -0.581395E-03  -0.358866E-03   0.265750E-01   0.182569E-02   0.300000E-03
 204   0.200273E-03   0.297381E-03   0.270907E-01   0.159016E-02   0.250000E-03
 205   0.434647E-03   0.110267E-04   0.296202E-01   0.159462E-02   0.400000E-03
 206   0.872780E-03   0.937137E-03   0.322500E-01   0.179486E-02   0.350000E-03
 207  -0.138265E-02   0.446349E-03   0.328882E-01   0.129808E-02   0.450000E-03
 208  -0.117261E-02   0.392235E-03   0.335969E-01   0.166520E-02   0.350000E-03
 209  -0.137772E-02   0.778649E-03   0.362404E-01   0.125774E-02   0.300000E-03
 210  -0.139040E-02   0.871494E-03   0.366476E-01   0.153602E-02   0.200000E-03
 211  -0.174958E-02   0.293176E-03   0.370629E-01   0.169155E-02   0.250000E-03
 212   0.370997E-03  -0.259900E-03   0.400598E-01   0.591718E-03   0.200000E-03
 213   0.102985E-02  -0.182313E-02   0.411283E-01   0.623980E-03   0.250000E-03
 214  -0.277638E-02  -0.113289E-02   0.420774E-01   0.551448E-03   0.200000E-03
 215  -0.251385E-02  -0.197084E-02   0.443160E-01   0.149863E-03   0.150000E-03
 216  -0.691234E-03  -0.297188E-03   0.216921E-01   0.888271E-02   0.400000E-03
 217   0.285187E-03  -0.984328E-03   0.142427E-01   0.927018E-02   0.350000E-03
 218   0.254359E-03  -0.746294E-04   0.857977E-03   0.202471E-02   0.350000E-03
 219  -0.315356E-03  -0.312402E-03   0.372084E-02   0.653639E-03   0.200000E-03
 220  -0.534540E-04  -0.203153E-04   0.457345E-02   0.129679E-02   0.400000E-03
 221   0.160760E-03  -0.363753E-03   0.531825E-02   0.218579E-02   0.250000E-03
 222   0.186596E-03  -0.337212E-03   0.730988E-02   0.205831E-02   0.350000E-03
 223  -0.180844E-03  -0.400879E-03   0.903424E-02   0.202648E-02   0.350000E-03
 224   0.721999E-03  -0.266101E-03   0.102228E-01   0.193062E-02   0.350000E-03
 225   0.781736E-03  -0.476883E-03   0.107431E-01   0.159530E-02   0.200000E-03
 226  -0.372422E-04  -0.266946E-03   0.121839E-01   0.153241E-02   0.300000E-03
 227   0.274994E-03  -0.118271E-03   0.130272E-01   0.143791E-02   0.250000E-03
 228  -0.196700E-03   0.722624E-03   0.148706E-01   0.176374E-02   0.150000E-03
 229  -0.161169E-03  -0.221703E-04   0.158717E-01   0.203624E-02   0.250000E-03
 230  -0.127169E-03   0.730259E-03   0.175556E-01   0.247971E-02   0.300000E-03
 231  -0.358968E-03   0.491268E-03   0.183716E-01   0.228614E-02   0.200000E-03
 232  -0.625977E-03   0.573876E-03   0.186863E-01   0.190527E-02   0.300000E-03
 233  -0.218992E-03   0.505250E-03   0.192359E-01   0.233615E-02   0.400000E-03
 234  -0.956276E-03  -0.279563E-03   0.213555E-01   0.209790E-02   0.300000E-03
 235  -0.547540E-03  -0.170751E-03   0.224321E-01   0.167925E-02   0.300000E-03
 236  -0.152269E-02   0.225422E-03   0.233371E-01   0.216000E-02   0.300000E-03
 237   0.333552E-03   0.245864E-03   0.239855E-01   0.215952E-02   0.350000E-03
 238  -0.174754E-02   0.379750E-04   0.252397E-01   0.175060E-02   0.200000E-03
 239  -0.604984E-03  -0.504203E-03   0.267365E-01   0.234883E-02   0.250000E-03
 240  -0.763997E-03   0.636142E-04   0.290376E-01   0.147817E-02   0.200000E-03
 241   0.453316E-03   0.256979E-04   0.302091E-01   0.225222E-02   0.350000E-03
 242  -0.103415E-02  -0.237146E-03   0.315516E-01   0.174720E-02   0.350000E-03
 243  -0.142555E-02  -0.949085E-04   0.329723E-01   0.224023E-02   0.500000E-03
 244  -0.101411E-02   0.203671E-03   0.354482E-01   0.198412E-02   0.200000E-03
 245  -0.238181E-02  -0.216053E-03   0.349291E-01   0.180735E-02   0.350000E-03
 246  -0.154781E-02   0.487297E-03   0.365902E-01   0.213122E-02   0.400000E-03
 247  -0.858405E-03   0.967340E-04   0.379912E-01   0.138845E-02   0.350000E-03
 248  -0.438634E-03   0.163748E-03   0.396118E-01   0.813361E-03   0.300000E-03
 249  -0.114965E-02  -0.243581E-02   0.416472E-01   0.795138E-03   0.300000E-03
 250   0.218817E-02  -0.359325E-03   0.437361E-01   0.242934E-03   0.250000E-03
 251  -0.255431E-03   0.690237E-03   0.446050E-01   0.298007E-02   0.400000E-03
 252  -0.131277E-02  -0.305904E-03   0.337811E-01   0.772741E-02   0.350000E-03
 253  -0.298838E-03   0.508639E-05   0.212877E-02   0.739627E-02   0.350000E-03
 254   0.378839E-03   0.429767E-03   0.138331E-02   0.944556E-03   0.350000E-03
 255   0.580361E-03  -0.233162E-03   0.228764E-02   0.973287E-03   0.300000E-03
 256  -0.719313E-04  -0.257010E-03   0.482229E-02   0.194874E-02   0.300000E-03
 257  -0.364170E-03  -0.168512E-03   0.673533E-02   0.236130E-02   0.300000E-03
 258   0.623169E-04  -0.353162E-03   0.837957E-02   0.226431E-02   0.350000E-03
 259  -0.428435E-03   0.219642E-03   0.904991E-02   0.282295E-02   0.450000E-03
 260   0.363861E-03   0.118418E-06   0.987498E-02   0.259504E-02   0.400000E-03
 261  -0.772785E-04  -0.234604E-04   0.116497E-01   0.179531E-02   0.300000E-03
 262   0.866788E-03   0.956874E-03   0.121695E-01   0.218222E-02   0.350000E-03
 263  -0.112882E-03  -0.135043E-03   0.135711E-01   0.168653E-02   0.350000E-03
 264   0.337024E-03   0.638675E-03   0.148858E-01   0.221264E-02   0.300000E-03
 265  -0.897364E-03  -0.194984E-02   0.166347E-01   0.253521E-02   0.200000E-03
 266  -0.226139E-03   0.216269E-03   0.170318E-01   0.232399E-02   0.250000E-03
 267  -0.410070E-03   0.635013E-03   0.171217E-01   0.281188E-02   0.250000E-03
 268  -0.333041E-03   0.509454E-03   0.186593E-01   0.263059E-02   0.250000E-03
 269  -0.227504E-03   0.159019E-03   0.191013E-01   0.297191E-02   0.250000E-03
 270  -0.790397E-04   0.211898E-03   0.196986E-01   0.292015E-02   0.350000E-03
 271  -0.382556E-03  -0.388417E-03   0.219158E-01   0.185753E-02   0.250000E-03
 272  -0.265957E-03   0.201115E-03   0.223488E-01   0.275242E-02   0.400000E-03
 273  -0.197246E-02  -0.337503E-03   0.235584E-01   0.281124E-02   0.400000E-03
 274  -0.948326E-03   0.787461E-04   0.258063E-01   0.202514E-02   0.250000E-03
 275  -0.917117E-03   0.216884E-04   0.262448E-01   0.226240E-02   0.250000E-03
 276  -0.171767E-03  -0.471211E-04   0.274940E-01   0.195708E-02   0.300000E-03
 277   0.897562E-04   0.931346E-03   0.294585E-01   0.216951E-02   0.200000E-03
 278   0.145394E-02   0.945903E-04   0.318796E-01   0.238731E-02   0.350000E-03
 279  -0.529195E-03  -0.100370E-02   0.323861E-01   0.270166E-02   0.250000E-03
 280  -0.171388E-02  -0.484706E-03   0.342851E-01   0.187977E-02   0.300000E-03
 281  -0.113551E-02  -0.513292E-04   0.358793E-01   0.173198E-02   0.300000E-03
 282  -0.707119E-03   0.919401E-03   0.375444E-01   0.179922E-02   0.250000E-03
 283  -0.192024E-03  -0.387263E-03   0.384949E-01   0.161597E-02   0.200000E-03
 284  -0.183426E-03   0.152491E-03   0.385468E-01   0.116929E-02   0.250000E-03
 285   0.104942E-02  -0.136413E-02   0.410946E-01   0.121808E-02   0.350000E-03
 286   0.260855E-03  -0.313892E-03   0.432186E-01   0.891435E-03   0.300000E-03
 287  -0.837220E-03   0.778071E-03   0.428421E-01   0.121578E-02   0.200000E-03
 288  -0.665258E-04   0.379690E-03   0.589934E-02   0.793981E-02   0.350000E-03
 289   0.612528E-03   0.986296E-03   0.246008E-03   0.227932E-02   0.250000E-03
 290   0.103837E-03  -0.823097E-04   0.185226E-02   0.138464E-02   0.300000E-03
 291   0.233048E-03   0.442494E-03   0.249668E-02   0.164103E-02   0.400000E-03
 292  -0.522738E-04   0.326166E-03   0.312334E-02   0.151332E-02   0.250000E-03
 293   0.315327E-03  -0.236629E-03   0.570093E-02   0.257313E-02   0.300000E-03
 294  -0.272031E-03  -0.124969E-03   0.821781E-02   0.299027E-02   0.400000E-03
 295   0.203038E-03   0.592693E-03   0.969309E-02   0.337386E-02   0.400000E-03
 296   0.118177E-02   0.597855E-04   0.111153E-01   0.190773E-02   0.250000E-03
 297   0.722064E-03  -0.251214E-03   0.107195E-01   0.194004E-02   0.150000E-03
 298   0.190422E-03  -0.594821E-04   0.126547E-01   0.168837E-02   0.200000E-03
 299   0.207599E-04  -0.293421E-03   0.138916E-01   0.232804E-02   0.250000E-03
 300   0.489741E-03   0.270354E-02   0.148936E-01   0.270959E-02   0.200000E-03
 301  -0.464858E-03   0.327413E-03   0.154517E-01   0.238075E-02   0.300000E-03
 302  -0.447003E-03  -0.546323E-03   0.170782E-01   0.335539E-02   0.300000E-03
 303  -0.428113E-03   0.747676E-03   0.180477E-01   0.251087E-02   0.200000E-03
 304  -0.274590E-03   0.487142E-03   0.182476E-01   0.291091E-02   0.250000E-03
 305   0.720272E-04  -0.194136E-03   0.193879E-01   0.330950E-02   0.150000E-03
 306   0.197308E-03  -0.204151E-04   0.204342E-01   0.282474E-02   0.350000E-03
 307  -0.296829E-03   0.393669E-04   0.218397E-01   0.235022E-02   0.250000E-03
 308  -0.323639E-03   0.201598E-03   0.227923E-01   0.335217E-02   0.350000E-03
 309  -0.136565E-02  -0.896776E-03   0.245716E-01   0.261786E-02   0.400000E-03
 310  -0.163900E-02  -0.785561E-03   0.251608E-01   0.224270E-02   0.300000E-03
 311   0.280707E-04  -0.161063E-03   0.272919E-01   0.257005E-02   0.350000E-03
 312  -0.543451E-03   0.195034E-03   0.281408E-01   0.192223E-02   0.350000E-03
 313  -0.115039E-03   0.484207E-03   0.296964E-01   0.254699E-02   0.250000E-03
 314   0.140090E-03  -0.944687E-04   0.312375E-01   0.233228E-02   0.300000E-03
 315  -0.170917E-02  -0.699951E-03   0.334598E-01   0.286631E-02   0.300000E-03
 316  -0.179096E-02  -0.627907E-03   0.338171E-01   0.232898E-02   0.350000E-03
 317  -0.204292E-02   0.814898E-03   0.350634E-01   0.254336E-02   0.400000E-03
 318  -0.117005E-02   0.743460E-03   0.358504E-01   0.242622E-02   0.400000E-03
 319  -0.291009E-03  -0.410880E-04   0.389692E-01   0.143265E-02   0.250000E-03
 320   0.675338E-03   0.946351E-04   0.398297E-01   0.142117E-02   0.300000E-03
 321  -0.326829E-03  -0.316871E-04   0.404244E-01   0.134968E-02   0.300000E-03
 322  -0.129685E-02  -0.896480E-03   0.425907E-01   0.730695E-03   0.350000E-03
 323   0.191698E-02   0.192930E-03   0.439691E-01   0.211370E-02   0.350000E-03
 324  -0.894333E-03  -0.355268E-03   0.396219E-01   0.716898E-02   0.250000E-03
 325  -0.218725E-03  -0.413756E-04   0.151397E-02   0.760627E-02   0.300000E-03
 326   0.345448E-03   0.692296E-03   0.123662E-02   0.152378E-02   0.250000E-03
 327   0.121870E-03   0.344707E-03   0.197812E-02   0.217893E-02   0.350000E-03
 328  -0.248587E-03   0.586104E-03   0.380315E-02   0.163274E-02   0.450000E-03
 329  -0.468028E-03   0.143537E-03   0.661121E-02   0.313566E-02   0.400000E-03
 330  -0.618773E-04  -0.678139E-04   0.725488E-02   0.275147E-02   0.350000E-03
 331   0.453904E-04   0.719405E-05   0.779718E-02   0.240802E-02   0.250000E-03
 332   0.968739E-03   0.255881E-03   0.108004E-01   0.252941E-02   0.450000E-03
 333  -0.132198E-03   0.125453E-03   0.115355E-01   0.238336E-02   0.300000E-03
 334   0.468589E-03  -0.221066E-03   0.130264E-01   0.193574E-02   0.250000E-03
 335   0.700352E-03  -0.221967E-03   0.134002E-01   0.226324E-02   0.250000E-03
 336   0.150883E-03  -0.326623E-04   0.143928E-01   0.255422E-02   0.300000E-03
 337  -0.443229E-04  -0.102097E-03   0.161219E-01   0.252502E-02   0.300000E-03
 338  -0.154782E-03  -0.618335E-03   0.166967E-01   0.374115E-02   0.250000E-03
 339  -0.933853E-03  -0.178299E-02   0.176840E-01   0.311677E-02   0.350000E-03
 340   0.129842E-03  -0.103451E-03   0.189974E-01   0.352970E-02   0.300000E-03
 341  -0.377940E-03   0.126857E-03   0.201366E-01   0.339668E-02   0.300000E-03
 342  -0.842527E-04  -0.481132E-04   0.206289E-01   0.333822E-02   0.200000E-03
 343  -0.436785E-03   0.160030E-03   0.216591E-01   0.286536E-02   0.300000E-03
 344  -0.929285E-03  -0.717247E-04   0.239093E-01   0.334415E-02   0.250000E-03
 345  -0.631374E-03  -0.217442E-03   0.251670E-01   0.298176E-02   0.300000E-03
 346  -0.607209E-03  -0.988046E-04   0.256946E-01   0.261197E-02   0.350000E-03
 347  -0.770962E-03  -0.175544E-03   0.263874E-01   0.289499E-02   0.400000E-03
 348  -0.804693E-03   0.426253E-03   0.289996E-01   0.197437E-02   0.300000E-03
 349   0.736277E-03  -0.393972E-03   0.301214E-01   0.284162E-02   0.250000E-03
 350  -0.131989E-02   0.307327E-03   0.320777E-01   0.315377E-02   0.300000E-03
 351  -0.915126E-03  -0.112703E-02   0.328486E-01   0.307994E-02   0.350000E-03
 352  -0.119832E-02   0.144759E-03   0.344973E-01   0.310083E-02   0.400000E-03
 353  -0.836529E-03   0.136642E-04   0.358886E-01   0.301993E-02   0.200000E-03
 354  -0.459816E-03   0.558037E-03   0.372367E-01   0.219289E-02   0.250000E-03
 355  -0.427381E-03   0.625791E-03   0.380369E-01   0.203430E-02   0.300000E-03
 356   0.561820E-03   0.132549E-03   0.393754E-01   0.162142E-02   0.200000E-03
 357  -0.188201E-03   0.452558E-03   0.408145E-01   0.179921E-02   0.300000E-03
 358  -0.946721E-03  -0.177040E-02   0.416798E-01   0.133885E-02   0.250000E-03
 359  -0.982081E-03   0.546216E-03   0.442612E-01   0.529754E-02   0.250000E-03
 360   0.185214E-02   0.151297E-02   0.448001E-01   0.418026E-02   0.200000E-03
 361   0.207821E-03   0.376724E-03   0.685002E-03   0.275091E-02   0.400000E-03
 362   0.258600E-03   0.208236E-03   0.148243E-02   0.273896E-02   0.400000E-03
 363  -0.215252E-03  -0.505642E-03   0.308557E-02   0.201186E-02   0.250000E-03
 364  -0.191750E-03  -0.182207E-03   0.490682E-02   0.254188E-02   0.300000E-03
 365   0.247832E-03   0.163225E-03   0.591157E-02   0.313422E-02   0.300000E-03
 366  -0.605170E-03   0.136620E-03   0.617568E-02   0.367886E-02   0.300000E-03
 367   0.544710E-04  -0.340973E-03   0.868931E-02   0.336092E-02   0.200000E-03
 368   0.778354E-03   0.484731E-03   0.103411E-01   0.311550E-02   0.300000E-03
 369  -0.267356E-03  -0.142867E-03   0.118661E-01   0.294198E-02   0.350000E-03
 370  -0.203148E-04   0.264808E-03   0.128191E-01   0.254910E-02   0.400000E-03
 371   0.154620E-03   0.470348E-04   0.137392E-01   0.285260E-02   0.300000E-03
 372  -0.469613E-03  -0.309624E-03   0.150571E-01   0.328350E-02   0.400000E-03
 373  -0.366845E-03   0.851563E-04   0.156802E-01   0.292815E-02   0.300000E-03
 374  -0.305545E-03  -0.812518E-03   0.164048E-01   0.316245E-02   0.400000E-03
 375  -0.849967E-04  -0.291297E-03   0.175444E-01   0.393629E-02   0.450000E-03
 376  -0.306842E-03   0.152713E-03   0.186647E-01   0.307967E-02   0.200000E-03
 377  -0.162950E-03  -0.268359E-03   0.196038E-01   0.375950E-02   0.350000E-03
 378  -0.972141E-03  -0.203031E-03   0.210709E-01   0.262569E-02   0.300000E-03
 379  -0.190296E-03   0.642792E-04   0.211726E-01   0.329214E-02   0.350000E-03
 380  -0.645428E-03   0.663694E-03   0.220046E-01   0.341613E-02   0.350000E-03
 381  -0.136197E-02   0.676431E-04   0.245015E-01   0.336151E-02   0.350000E-03
 382  -0.594354E-03   0.817042E-04   0.267735E-01   0.347176E-02   0.300000E-03
 383  -0.133558E-03  -0.372811E-03   0.278802E-01   0.246028E-02   0.250000E-03
 384  -0.459469E-03   0.156547E-03   0.285793E-01   0.239563E-02   0.300000E-03
 385  -0.502551E-03   0.315399E-03   0.291503E-01   0.257034E-02   0.300000E-03
 386   0.109451E-03  -0.225564E-03   0.307245E-01   0.263898E-02   0.300000E-03
 387  -0.170596E-02   0.158276E-04   0.324746E-01   0.366501E-02   0.350000E-03
 388  -0.130572E-02   0.294143E-03   0.354190E-01   0.345728E-02   0.450000E-03
 389  -0.904018E-03   0.216241E-03   0.360625E-01   0.337732E-02   0.200000E-03
 390  -0.147416E-02  -0.461211E-04   0.364784E-01   0.291897E-02   0.400000E-03
 391  -0.795809E-03   0.271533E-03   0.376815E-01   0.251522E-02   0.300000E-03
 392  -0.132067E-03   0.822429E-03   0.390485E-01   0.192610E-02   0.250000E-03
 393  -0.401752E-03   0.844198E-03   0.396155E-01   0.211664E-02   0.350000E-03
 394  -0.154000E-02  -0.158080E-02   0.422239E-01   0.126661E-02   0.300000E-03
 395   0.195854E-02  -0.847062E-03   0.439045E-01   0.146914E-02   0.300000E-03
 396  -0.121864E-02  -0.199765E-02   0.444221E-01   0.241624E-02   0.200000E-03
 397  -0.768842E-04   0.187853E-04   0.972121E-03   0.349474E-02   0.400000E-03
 398   0.638479E-04  -0.442269E-03   0.263495E-02   0.232695E-02   0.300000E-03
 399  -0.260773E-03  -0.261647E-03   0.353417E-02   0.232990E-02   0.300000E-03
 400  -0.525214E-03  -0.213092E-03   0.423276E-02   0.236522E-02   0.400000E-03
 401  -0.482855E-04  -0.824070E-04   0.574764E-02   0.393080E-02   0.200000E-03
 402  -0.184781E-03   0.295696E-03   0.728976E-02   0.344626E-02   0.350000E-03
 403   0.187331E-04   0.237229E-03   0.852958E-02   0.377927E-02   0.250000E-03
 404   0.733446E-03   0.134092E-03   0.906892E-02   0.368602E-02   0.300000E-03
 405   0.278828E-03  -0.309631E-04   0.119695E-01   0.349252E-02   0.200000E-03
 406  -0.617754E-04  -0.144569E-04   0.125305E-01   0.328912E-02   0.400000E-03
 407  -0.155513E-03   0.108456E-03   0.132096E-01   0.312811E-02   0.300000E-03
 408  -0.366062E-03  -0.374941E-03   0.142597E-01   0.331846E-02   0.400000E-03
 409  -0.366876E-03  -0.424161E-03   0.157481E-01   0.356743E-02   0.350000E-03
 410  -0.575891E-03  -0.382196E-03   0.162214E-01   0.400613E-02   0.300000E-03
 411  -0.273582E-03  -0.564074E-03   0.167501E-01   0.428504E-02   0.300000E-03
 412  -0.385350E-03  -0.138157E-03   0.183009E-01   0.355566E-02   0.400000E-03
 413  -0.430568E-03  -0.161110E-03   0.202882E-01   0.397406E-02   0.300000E-03
 414  -0.496647E-03   0.181318E-03   0.207935E-01   0.375668E-02   0.250000E-03
 415  -0.439626E-03   0.133671E-03   0.208343E-01   0.440520E-02   0.400000E-03
 416   0.130673E-03  -0.591630E-03   0.224519E-01   0.401700E-02   0.400000E-03
 417  -0.888338E-03   0.961484E-05   0.234062E-01   0.355344E-02   0.300000E-03
 418  -0.445639E-03   0.109790E-03   0.251403E-01   0.362831E-02   0.350000E-03
 419  -0.768094E-04  -0.268969E-03   0.277969E-01   0.305292E-02   0.350000E-03
 420  -0.262903E-03  -0.129946E-03   0.283727E-01   0.289791E-02   0.250000E-03
 421   0.246639E-03  -0.703736E-04   0.296008E-01   0.313216E-02   0.350000E-03
 422  -0.199312E-03   0.448846E-03   0.313334E-01   0.307491E-02   0.450000E-03
 423  -0.104012E-02  -0.333018E-04   0.338150E-01   0.339996E-02   0.350000E-03
 424  -0.120519E-02   0.120414E-03   0.347353E-01   0.375691E-02   0.300000E-03
 425  -0.121710E-02   0.181572E-03   0.369878E-01   0.339442E-02   0.300000E-03
 426   0.562235E-04  -0.124907E-03   0.371696E-01   0.282078E-02   0.300000E-03
 427  -0.701507E-03   0.184264E-03   0.380321E-01   0.312679E-02   0.300000E-03
 428  -0.161249E-03   0.702477E-03   0.385802E-01   0.209361E-02   0.250000E-03
 429  -0.936075E-03   0.857522E-03   0.402284E-01   0.191135E-02   0.300000E-03
 430  -0.488744E-03  -0.445943E-03   0.419451E-01   0.187064E-02   0.350000E-03
 431  -0.854925E-03  -0.253012E-03   0.426859E-01   0.179141E-02   0.400000E-03
 432   0.443192E-04  -0.712734E-03   0.433084E-01   0.147920E-02   0.300000E-03
 433  -0.179708E-03   0.128135E-03   0.347723E-03   0.396871E-02   0.350000E-03
 434  -0.435869E-04   0.352881E-03   0.158306E-02   0.180096E-02   0.200000E-03
 435  -0.502422E-03   0.146389E-03   0.314122E-02   0.284418E-02   0.350000E-03
 436   0.750363E-04   0.123338E-03   0.528971E-02   0.293366E-02   0.250000E-03
 437   0.760267E-04   0.339709E-03   0.563311E-02   0.354819E-02   0.200000E-03
 438  -0.220940E-03   0.308506E-03   0.675854E-02   0.381791E-02   0.300000E-03
 439  -0.107526E-03   0.287078E-03   0.793983E-02   0.368304E-02   0.350000E-03
 440   0.528623E-03   0.293011E-03   0.108803E-01   0.376218E-02   0.200000E-03
 441   0.617569E-03   0.111512E-03   0.109206E-01   0.326654E-02   0.300000E-03
 442  -0.602428E-04  -0.511199E-03   0.130869E-01   0.371363E-02   0.300000E-03
 443  -0.404107E-03  -0.461515E-03   0.136307E-01   0.348140E-02   0.250000E-03
 444  -0.483120E-03  -0.377798E-03   0.152317E-01   0.395909E-02   0.300000E-03
 445  -0.577173E-03  -0.396403E-03   0.157026E-01   0.447333E-02   0.400000E-03
 446  -0.633622E-03  -0.417843E-03   0.162998E-01   0.449504E-02   0.200000E-03
 447   0.260772E-04  -0.464586E-03   0.172440E-01   0.461896E-02   0.300000E-03
 448  -0.284621E-03  -0.393717E-03   0.183404E-01   0.445238E-02   0.500000E-03
 449  -0.241939E-04  -0.323210E-03   0.192333E-01   0.440617E-02   0.400000E-03
 450  -0.238009E-03  -0.413671E-03   0.199272E-01   0.444998E-02   0.300000E-03
 451  -0.163649E-03   0.707058E-04   0.214982E-01   0.396443E-02   0.400000E-03
 452  -0.208910E-03  -0.265349E-03   0.219440E-01   0.456387E-02   0.350000E-03
 453  -0.828887E-03  -0.201915E-03   0.240503E-01   0.392283E-02   0.350000E-03
 454  -0.963717E-03   0.192458E-03   0.257619E-01   0.330853E-02   0.350000E-03
 455  -0.423840E-03  -0.991915E-04   0.269747E-01   0.301647E-02   0.200000E-03
 456  -0.349640E-03  -0.747347E-04   0.289041E-01   0.317139E-02   0.350000E-03
 457   0.185930E-03  -0.688780E-03   0.305321E-01   0.320257E-02   0.300000E-03
 458   0.403851E-03  -0.779998E-04   0.307027E-01   0.382099E-02   0.350000E-03
 459  -0.473974E-03  -0.168269E-03   0.317813E-01   0.373583E-02   0.350000E-03
 460  -0.102678E-02   0.119294E-03   0.341976E-01   0.385941E-02   0.250000E-03
 461  -0.139042E-02   0.418482E-04   0.364678E-01   0.356627E-02   0.250000E-03
 462  -0.799138E-03  -0.341282E-04   0.376474E-01   0.426921E-02   0.300000E-03
 463  -0.692956E-03   0.413844E-03   0.382749E-01   0.258137E-02   0.300000E-03
 464  -0.330950E-03   0.261244E-03   0.390152E-01   0.263807E-02   0.450000E-03
 465   0.215568E-04   0.500853E-03   0.407087E-01   0.238581E-02   0.300000E-03
 466  -0.132209E-02  -0.621394E-04   0.411769E-01   0.255649E-02   0.200000E-03
 467   0.132811E-03   0.891725E-03   0.435691E-01   0.255858E-02   0.250000E-03
 468  -0.948078E-03   0.936303E-03   0.435746E-01   0.383238E-02   0.350000E-03
 469  -0.984256E-04   0.195978E-03   0.105367E-02   0.433885E-02   0.450000E-03
 470   0.349116E-04   0.205094E-03   0.217956E-02   0.279326E-02   0.300000E-03
 471  -0.726307E-03   0.329926E-04   0.385604E-02   0.306968E-02   0.400000E-03
 472  -0.191822E-03   0.103963E-04   0.455310E-02   0.301996E-02   0.300000E-03
 473   0.426031E-04   0.332911E-03   0.503395E-02   0.352775E-02   0.400000E-03
 474  -0.168937E-03   0.230643E-03   0.744391E-02   0.401876E-02   0.250000E-03
 475  -0.141811E-03   0.208033E-03   0.811075E-02   0.435819E-02   0.350000E-03
 476   0.439927E-03  -0.189656E-03   0.954173E-02   0.405339E-02   0.300000E-03
 477   0.784164E-03  -0.862358E-04   0.113166E-01   0.292362E-02   0.200000E-03
 478  -0.160938E-04  -0.359367E-03   0.122363E-01   0.397293E-02   0.350000E-03
 479  -0.505359E-03  -0.629255E-03   0.142003E-01   0.396349E-02   0.250000E-03
 480  -0.581622E-03  -0.690132E-03   0.146809E-01   0.381313E-02   0.250000E-03
 481  -0.557202E-03  -0.173993E-03   0.148015E-01   0.429813E-02   0.250000E-03
 482  -0.513544E-03  -0.223281E-03   0.162801E-01   0.508854E-02   0.400000E-03
 483  -0.180365E-03  -0.212347E-03   0.169760E-01   0.515402E-02   0.300000E-03
 484  -0.166351E-03  -0.327772E-03   0.186289E-01   0.519655E-02   0.300000E-03
 485  -0.261757E-03  -0.692872E-03   0.196422E-01   0.503298E-02   0.350000E-03
 486  -0.438040E-03  -0.621693E-03   0.202963E-01   0.492055E-02   0.300000E-03
 487  -0.661960E-03  -0.155533E-03   0.213556E-01   0.493915E-02   0.350000E-03
 488  -0.360562E-03  -0.137710E-03   0.218782E-01   0.510852E-02   0.200000E-03
 489  -0.630353E-03  -0.667018E-04   0.246482E-01   0.396925E-02   0.250000E-03
 490  -0.654511E-03  -0.257990E-04   0.273105E-01   0.338858E-02   0.250000E-03
 491  -0.214831E-03  -0.336851E-03   0.283158E-01   0.344326E-02   0.300000E-03
 492  -0.122569E-03   0.469878E-03   0.292996E-01   0.380734E-02   0.400000E-03
 493   0.253160E-03  -0.304132E-03   0.300685E-01   0.358321E-02   0.300000E-03
 494   0.827863E-03  -0.171162E-03   0.312368E-01   0.371666E-02   0.200000E-03
 495  -0.131785E-02   0.289096E-03   0.328835E-01   0.402739E-02   0.200000E-03
 496  -0.109764E-02   0.103808E-03   0.359461E-01   0.419644E-02   0.350000E-03
 497  -0.104254E-02  -0.139711E-03   0.361020E-01   0.372331E-02   0.150000E-03
 498  -0.753913E-03   0.503172E-04   0.373555E-01   0.380358E-02   0.250000E-03
 499  -0.733499E-03   0.275721E-03   0.375298E-01   0.333640E-02   0.250000E-03
 500  -0.473586E-03   0.225971E-03   0.394009E-01   0.309748E-02   0.150000E-03
 501  -0.937675E-03   0.581979E-03   0.401641E-01   0.245579E-02   0.250000E-03
 502  -0.138467E-02  -0.732564E-04   0.413364E-01   0.208721E-02   0.300000E-03
 503  -0.106739E-02   0.635252E-03   0.429747E-01   0.262686E-02   0.350000E-03
 504  -0.111181E-03   0.201449E-04   0.433219E-01   0.207527E-02   0.300000E-03
 505  -0.672822E-05   0.782973E-04   0.165034E-02   0.380854E-02   0.350000E-03
 506   0.965048E-04  -0.220476E-03   0.187126E-02   0.325241E-02   0.250000E-03
 507  -0.520096E-03  -0.207556E-03   0.332467E-02   0.343852E-02   0.250000E-03
 508  -0.442618E-03   0.319657E-03   0.433753E-02   0.357623E-02   0.300000E-03
 509  -0.307085E-03  -0.296719E-03   0.609206E-02   0.422198E-02   0.250000E-03
 510  -0.278703E-03   0.195532E-03   0.749575E-02   0.455848E-02   0.300000E-03
 511  -0.210870E-03  -0.688652E-04   0.878446E-02   0.426525E-02   0.300000E-03
 512   0.401501E-03   0.323174E-03   0.103327E-01   0.376278E-02   0.350000E-03
 513   0.539170E-03   0.358284E-04   0.114730E-01   0.349055E-02   0.300000E-03
 514  -0.399089E-04  -0.420162E-03   0.128667E-01   0.437728E-02   0.400000E-03
 515  -0.154568E-03  -0.650028E-03   0.136146E-01   0.409287E-02   0.350000E-03
 516  -0.414748E-03  -0.275416E-03   0.142651E-01   0.455786E-02   0.350000E-03
 517  -0.433892E-03  -0.237918E-03   0.151531E-01   0.448817E-02   0.150000E-03
 518  -0.392086E-03  -0.736673E-03   0.154934E-01   0.524079E-02   0.400000E-03
 519  -0.423183E-04  -0.493465E-03   0.177304E-01   0.504034E-02   0.350000E-03
 520  -0.456809E-03  -0.512709E-03   0.191609E-01   0.546893E-02   0.300000E-03
 521  -0.414235E-03  -0.807472E-03   0.201305E-01   0.559960E-02   0.400000E-03
 522  -0.142665E-02  -0.149235E-02   0.207349E-01   0.524994E-02   0.250000E-03
 523  -0.293148E-03  -0.469713E-03   0.218582E-01   0.555606E-02   0.250000E-03
 524  -0.860671E-03  -0.376969E-03   0.231478E-01   0.409132E-02   0.300000E-03
 525  -0.647125E-03  -0.316741E-04   0.251838E-01   0.437513E-02   0.400000E-03
 526  -0.713366E-03   0.127222E-03   0.256515E-01   0.392688E-02   0.250000E-03
 527  -0.215829E-03  -0.323166E-03   0.277764E-01   0.370249E-02   0.300000E-03
 528  -0.300623E-03   0.112744E-03   0.291622E-01   0.454339E-02   0.350000E-03
 529   0.955247E-04   0.613944E-03   0.305238E-01   0.443715E-02   0.300000E-03
 530   0.169958E-03   0.546355E-03   0.321590E-01   0.406300E-02   0.150000E-03
 531  -0.532506E-03   0.929099E-04   0.330284E-01   0.359937E-02   0.200000E-03
 532  -0.120957E-02   0.872239E-04   0.352022E-01   0.427790E-02   0.400000E-03
 533  -0.114511E-02   0.213148E-03   0.368323E-01   0.397257E-02   0.300000E-03
 534  -0.322589E-03   0.169864E-04   0.382313E-01   0.440654E-02   0.300000E-03
 535  -0.712728E-03  -0.222292E-03   0.379124E-01   0.373103E-02   0.300000E-03
 536  -0.737272E-03   0.632143E-03   0.386565E-01   0.311691E-02   0.150000E-03
 537  -0.534131E-03   0.109784E-02   0.404421E-01   0.274141E-02   0.150000E-03
 538  -0.790391E-03   0.360779E-03   0.417723E-01   0.249561E-02   0.300000E-03
 539  -0.138761E-02   0.517043E-03   0.423640E-01   0.240869E-02   0.300000E-03
 540   0.177997E-03   0.806304E-03   0.439707E-01   0.284700E-02   0.250000E-03
 541   0.233993E-03  -0.826149E-03   0.477849E-02   0.847275E-02   0.300000E-03
 542  -0.203384E-04  -0.317199E-03   0.257994E-02   0.348159E-02   0.500000E-03
 543  -0.568564E-03  -0.159861E-03   0.376653E-02   0.376383E-02   0.300000E-03
 544  -0.276119E-03   0.141660E-03   0.419838E-02   0.410372E-02   0.250000E-03
 545  -0.828061E-04  -0.254519E-04   0.533290E-02   0.410153E-02   0.250000E-03
 546  -0.394879E-03   0.554005E-04   0.859047E-02   0.498933E-02   0.450000E-03
 547   0.314054E-03   0.193538E-03   0.928551E-02   0.459410E-02   0.300000E-03
 548   0.662458E-03   0.816139E-04   0.977480E-02   0.449203E-02   0.200000E-03
 549   0.456049E-03  -0.165791E-03   0.110693E-01   0.432864E-02   0.400000E-03
 550   0.482419E-03  -0.237337E-03   0.116379E-01   0.401446E-02   0.250000E-03
 551   0.118743E-03  -0.438725E-03   0.135398E-01   0.488945E-02   0.450000E-03
 552  -0.385578E-03  -0.555536E-03   0.142497E-01   0.525504E-02   0.350000E-03
 553  -0.687101E-03  -0.119732E-02   0.148668E-01   0.479332E-02   0.250000E-03
 554  -0.584460E-03  -0.568210E-03   0.150855E-01   0.574187E-02   0.250000E-03
 555  -0.329414E-03  -0.765152E-03   0.160195E-01   0.584190E-02   0.400000E-03
 556  -0.793150E-04  -0.384636E-03   0.181410E-01   0.554140E-02   0.300000E-03
 557  -0.540912E-04  -0.487502E-03   0.188749E-01   0.482193E-02   0.150000E-03
 558  -0.691619E-03  -0.639473E-03   0.212245E-01   0.567341E-02   0.400000E-03
 559  -0.191903E-03  -0.215995E-02   0.226144E-01   0.464604E-02   0.250000E-03
 560  -0.890009E-03  -0.221317E-04   0.237074E-01   0.441063E-02   0.250000E-03
 561  -0.666224E-03   0.556256E-04   0.259362E-01   0.445220E-02   0.350000E-03
 562  -0.849904E-03  -0.388885E-04   0.262380E-01   0.382182E-02   0.350000E-03
 563   0.133558E-04   0.260414E-03   0.285591E-01   0.409763E-02   0.400000E-03
 564   0.853606E-04  -0.100169E-03   0.285638E-01   0.479620E-02   0.300000E-03
 565  -0.341007E-03   0.327661E-03   0.299106E-01   0.423576E-02   0.350000E-03
 566  -0.351090E-03  -0.134487E-03   0.312887E-01   0.436539E-02   0.450000E-03
 567  -0.118670E-02  -0.216788E-02   0.333031E-01   0.328821E-02   0.150000E-03
 568  -0.101772E-02   0.663033E-04   0.338527E-01   0.384622E-02   0.100000E-03
 569  -0.111741E-02   0.612440E-05   0.370075E-01   0.449080E-02   0.250000E-03
 570  -0.141528E-03  -0.343847E-03   0.378209E-01   0.484293E-02   0.300000E-03
 571  -0.539591E-03   0.317216E-03   0.384759E-01   0.352552E-02   0.300000E-03
 572  -0.219376E-03   0.237869E-03   0.390581E-01   0.338670E-02   0.300000E-03
 573  -0.687243E-03   0.365161E-03   0.397424E-01   0.280558E-02   0.300000E-03
 574  -0.766602E-03   0.851492E-03   0.414213E-01   0.320956E-02   0.500000E-03
 575  -0.116939E-02  -0.383511E-04   0.421364E-01   0.290669E-02   0.250000E-03
 576  -0.362765E-03  -0.657299E-03   0.444178E-01   0.385785E-02   0.300000E-03
 577  -0.222179E-03  -0.221571E-03   0.298423E-03   0.461559E-02   0.300000E-03
 578  -0.245013E-03   0.270220E-03   0.261481E-02   0.432538E-02   0.350000E-03
 579  -0.267362E-03   0.973144E-04   0.476609E-02   0.429414E-02   0.350000E-03
 580  -0.102111E-03  -0.612886E-04   0.544506E-02   0.458585E-02   0.250000E-03
 581  -0.984887E-03   0.296291E-03   0.706523E-02   0.414716E-02   0.150000E-03
 582   0.727427E-04  -0.610408E-03   0.793468E-02   0.487894E-02   0.200000E-03
 583   0.447233E-03  -0.161824E-03   0.993591E-02   0.490903E-02   0.250000E-03
 584   0.279670E-03  -0.101416E-03   0.103329E-01   0.446109E-02   0.350000E-03
 585   0.427539E-03   0.173006E-03   0.107276E-01   0.515524E-02   0.450000E-03
 586   0.762165E-04  -0.445970E-03   0.118753E-01   0.451011E-02   0.300000E-03
 587   0.147989E-03  -0.415815E-03   0.123460E-01   0.467215E-02   0.200000E-03
 588  -0.163556E-03  -0.838909E-03   0.136425E-01   0.553102E-02   0.200000E-03
 589  -0.711922E-03  -0.600224E-03   0.148469E-01   0.529266E-02   0.250000E-03
 590  -0.646430E-03  -0.697926E-03   0.154449E-01   0.601080E-02   0.200000E-03
 591  -0.185727E-03  -0.299074E-03   0.173816E-01   0.552347E-02   0.250000E-03
 592  -0.579523E-04  -0.573603E-03   0.181541E-01   0.613910E-02   0.300000E-03
 593  -0.785230E-03  -0.921430E-03   0.195176E-01   0.594870E-02   0.300000E-03
 594  -0.490780E-03  -0.919655E-03   0.206439E-01   0.614407E-02   0.350000E-03
 595  -0.595644E-04  -0.254727E-03   0.222648E-01   0.500891E-02   0.200000E-03
 596  -0.895665E-03  -0.116604E-03   0.232074E-01   0.473713E-02   0.350000E-03
 597  -0.599077E-03  -0.154713E-03   0.244110E-01   0.457387E-02   0.400000E-03
 598  -0.816623E-03   0.140887E-03   0.266315E-01   0.439807E-02   0.350000E-03
 599  -0.702929E-03  -0.452302E-04   0.271854E-01   0.397144E-02   0.350000E-03
 600  -0.399899E-03  -0.319376E-03   0.299125E-01   0.488383E-02   0.300000E-03
 601   0.119461E-03  -0.163931E-03   0.305304E-01   0.507798E-02   0.350000E-03
 602  -0.532684E-03   0.211656E-03   0.309920E-01   0.488655E-02   0.150000E-03
 603  -0.121054E-02  -0.426087E-04   0.330329E-01   0.455518E-02   0.350000E-03
 604  -0.115395E-02   0.302662E-03   0.334275E-01   0.397783E-02   0.350000E-03
 605  -0.116927E-02   0.300366E-04   0.364229E-01   0.477050E-02   0.400000E-03
 606  -0.761013E-03  -0.380341E-03   0.385069E-01   0.513976E-02   0.450000E-03
 607  -0.513301E-03   0.279475E-03   0.386422E-01   0.404434E-02   0.250000E-03
 608  -0.187897E-03   0.664318E-03   0.396638E-01   0.346173E-02   0.300000E-03
 609  -0.143827E-03   0.537095E-03   0.402570E-01   0.320000E-02   0.350000E-03
 610   0.136368E-03   0.457494E-03   0.409131E-01   0.278585E-02   0.150000E-03
 611  -0.698971E-03   0.812689E-03   0.428068E-01   0.361287E-02   0.450000E-03
 612   0.295843E-03   0.170844E-03   0.434479E-01   0.314220E-02   0.350000E-03
 613   0.152298E-03  -0.397380E-03   0.104512E-01   0.861809E-02   0.350000E-03
 614  -0.204108E-03   0.191426E-03   0.314122E-02   0.447321E-02   0.200000E-03
 615  -0.929879E-04   0.666556E-04   0.368480E-02   0.441089E-02   0.350000E-03
 616   0.101698E-03  -0.357082E-03   0.569638E-02   0.427613E-02   0.150000E-03
 617  -0.181163E-03  -0.233453E-03   0.664549E-02   0.445232E-02   0.350000E-03
 618  -0.149809E-03  -0.171458E-03   0.809539E-02   0.555047E-02   0.300000E-03
 619   0.261817E-03   0.228272E-03   0.931020E-02   0.519153E-02   0.300000E-03
 620   0.535984E-03   0.841737E-04   0.990103E-02   0.555592E-02   0.400000E-03
 621   0.223372E-03   0.373580E-03   0.114147E-01   0.533830E-02   0.250000E-03
 622   0.406235E-03  -0.513818E-03   0.114493E-01   0.484808E-02   0.250000E-03
 623   0.747535E-05  -0.519083E-03   0.126845E-01   0.510456E-02   0.350000E-03
 624  -0.309640E-03  -0.507896E-03   0.139859E-01   0.573608E-02   0.200000E-03
 625  -0.259669E-03  -0.607186E-03   0.145099E-01   0.589995E-02   0.350000E-03
 626  -0.131925E-03   0.134383E-03   0.166339E-01   0.550896E-02   0.150000E-03
 627  -0.291008E-03  -0.314757E-03   0.169529E-01   0.565245E-02   0.200000E-03
 628  -0.303679E-03  -0.664178E-03   0.175632E-01   0.603857E-02   0.300000E-03
 629  -0.383077E-03  -0.660734E-03   0.188121E-01   0.649154E-02   0.450000E-03
 630  -0.478757E-03   0.344496E-03   0.218505E-01   0.610591E-02   0.300000E-03
 631  -0.499714E-03  -0.429734E-03   0.227503E-01   0.526561E-02   0.350000E-03
 632  -0.933324E-03  -0.887985E-04   0.238222E-01   0.494703E-02   0.300000E-03
 633  -0.459717E-03   0.195000E-03   0.246689E-01   0.516564E-02   0.250000E-03
 634  -0.712283E-03   0.204934E-03   0.271638E-01   0.451820E-02   0.200000E-03
 635  -0.167387E-03   0.325303E-03   0.278060E-01   0.447176E-02   0.450000E-03
 636  -0.425141E-03  -0.303001E-03   0.293790E-01   0.515386E-02   0.300000E-03
 637   0.720867E-04   0.129339E-03   0.303349E-01   0.569357E-02   0.300000E-03
 638  -0.142086E-02  -0.491434E-03   0.321390E-01   0.473403E-02   0.350000E-03
 639  -0.111026E-02  -0.206306E-04   0.342915E-01   0.481012E-02   0.250000E-03
 640  -0.121899E-02   0.377017E-04   0.345062E-01   0.430902E-02   0.300000E-03
 641  -0.122211E-02  -0.108603E-03   0.368900E-01   0.529038E-02   0.300000E-03
 642  -0.118535E-02  -0.151452E-03   0.372778E-01   0.490450E-02   0.250000E-03
 643  -0.723566E-03  -0.118947E-03   0.388118E-01   0.451092E-02   0.250000E-03
 644  -0.254545E-04   0.368941E-03   0.392916E-01   0.405309E-02   0.400000E-03
 645  -0.293518E-03   0.834529E-03   0.417266E-01   0.383885E-02   0.200000E-03
 646   0.435239E-03  -0.100407E-03   0.407785E-01   0.330835E-02   0.150000E-03
 647  -0.490562E-03   0.909792E-04   0.425754E-01   0.300415E-02   0.200000E-03
 648  -0.761829E-03  -0.389289E-03   0.448033E-01   0.354455E-02   0.200000E-03
 649  -0.536267E-04  -0.518996E-04   0.713817E-03   0.489112E-02   0.200000E-03
 650  -0.353027E-03   0.328925E-03   0.266880E-02   0.501711E-02   0.350000E-03
 651  -0.380884E-03  -0.257371E-03   0.320582E-02   0.397665E-02   0.300000E-03
 652  -0.311447E-03   0.320377E-04   0.457570E-02   0.490205E-02   0.200000E-03
 653  -0.665665E-04  -0.142690E-03   0.657098E-02   0.494562E-02   0.150000E-03
 654  -0.972765E-04  -0.225420E-03   0.746383E-02   0.525096E-02   0.400000E-03
 655  -0.269266E-03   0.299253E-03   0.876996E-02   0.576731E-02   0.350000E-03
 656   0.109113E-03   0.380698E-03   0.935347E-02   0.590146E-02   0.250000E-03
 657   0.402669E-03   0.194377E-03   0.104769E-01   0.594094E-02   0.300000E-03
 658   0.187685E-03   0.152798E-03   0.119860E-01   0.515032E-02   0.350000E-03
 659   0.147469E-03  -0.424415E-03   0.131574E-01   0.547310E-02   0.250000E-03
 660  -0.519290E-03  -0.105735E-03   0.136239E-01   0.621300E-02   0.400000E-03
 661  -0.553197E-03  -0.763332E-03   0.150300E-01   0.628810E-02   0.300000E-03
 662  -0.200830E-04  -0.385590E-03   0.163608E-01   0.644658E-02   0.300000E-03
 663   0.193922E-03  -0.786991E-03   0.166534E-01   0.598404E-02   0.250000E-03
 664  -0.215485E-03  -0.526436E-03   0.177808E-01   0.654159E-02   0.250000E-03
 665  -0.397945E-03  -0.823802E-03   0.200111E-01   0.628840E-02   0.300000E-03
 666  -0.671058E-03  -0.114588E-02   0.212528E-01   0.637119E-02   0.300000E-03
 667  -0.414923E-03  -0.564878E-03   0.223558E-01   0.577725E-02   0.300000E-03
 668  -0.578288E-03  -0.416046E-03   0.233920E-01   0.536230E-02   0.300000E-03
 669  -0.100044E-02  -0.336040E-03   0.248725E-01   0.476588E-02   0.100000E-03
 670  -0.940939E-03   0.367561E-03   0.263746E-01   0.488269E-02   0.200000E-03
 671  -0.755012E-03  -0.144249E-03   0.285049E-01   0.530409E-02   0.200000E-03
 672  -0.252653E-03   0.122624E-03   0.281073E-01   0.510201E-02   0.250000E-03
 673  -0.252550E-03  -0.718193E-03   0.310198E-01   0.556677E-02   0.350000E-03
 674  -0.162399E-02  -0.354639E-03   0.315558E-01   0.511914E-02   0.350000E-03
 675  -0.153306E-02  -0.308880E-03   0.325048E-01   0.426351E-02   0.250000E-03
 676  -0.116419E-02   0.186910E-04   0.347897E-01   0.477867E-02   0.250000E-03
 677  -0.112925E-02   0.234337E-03   0.369730E-01   0.598391E-02   0.400000E-03
 678  -0.129389E-02  -0.124268E-03   0.374306E-01   0.537890E-02   0.250000E-03
 679  -0.904161E-03   0.133737E-04   0.390948E-01   0.541943E-02   0.200000E-03
 680  -0.828462E-03  -0.221602E-03   0.392681E-01   0.489896E-02   0.350000E-03
 681  -0.544124E-03  -0.460959E-04   0.410962E-01   0.388096E-02   0.250000E-03
 682  -0.116177E-02   0.750794E-03   0.421422E-01   0.340515E-02   0.250000E-03
 683  -0.120024E-02   0.497237E-03   0.440242E-01   0.454929E-02   0.500000E-03
 684   0.159557E-03   0.150090E-03   0.440453E-01   0.339066E-02   0.300000E-03
 685   0.620089E-03  -0.589145E-04   0.349244E-03   0.730281E-02   0.350000E-03
 686  -0.175746E-03   0.233566E-03   0.333097E-02   0.558984E-02   0.350000E-03
 687  -0.196384E-03   0.297788E-03   0.331310E-02   0.494161E-02   0.300000E-03
 688  -0.306025E-03   0.828033E-05   0.501803E-02   0.483792E-02   0.250000E-03
 689   0.136367E-03   0.345189E-04   0.706386E-02   0.480443E-02   0.200000E-03
 690  -0.189274E-04   0.702490E-04   0.760460E-02   0.598081E-02   0.350000E-03
 691  -0.441239E-03  -0.162433E-03   0.877823E-02   0.648140E-02   0.350000E-03
 692   0.349533E-03  -0.315390E-03   0.989943E-02   0.625504E-02   0.300000E-03
 693   0.369549E-03  -0.285882E-03   0.103980E-01   0.648235E-02   0.250000E-03
 694   0.306585E-03   0.984863E-04   0.111185E-01   0.585266E-02   0.350000E-03
 695  -0.103600E-03   0.978997E-04   0.129010E-01   0.601449E-02   0.350000E-03
 696  -0.391881E-03  -0.564365E-03   0.146275E-01   0.721049E-02   0.250000E-03
 697  -0.319376E-03  -0.250453E-03   0.143362E-01   0.662549E-02   0.400000E-03
 698  -0.246989E-03  -0.544190E-03   0.156717E-01   0.656658E-02   0.400000E-03
 699  -0.559832E-03  -0.553053E-03   0.170872E-01   0.661667E-02   0.450000E-03
 700  -0.373252E-03  -0.662750E-03   0.181890E-01   0.690747E-02   0.300000E-03
 701  -0.477353E-03  -0.762695E-03   0.195411E-01   0.665632E-02   0.300000E-03
 702  -0.354348E-03  -0.781098E-03   0.204186E-01   0.685529E-02   0.400000E-03
 703  -0.521168E-03  -0.526032E-03   0.230305E-01   0.596066E-02   0.400000E-03
 704  -0.735859E-03   0.238908E-03   0.241597E-01   0.555907E-02   0.400000E-03
 705  -0.722947E-03   0.172604E-03   0.251442E-01   0.502123E-02   0.250000E-03
 706  -0.718538E-03   0.289666E-03   0.259577E-01   0.505076E-02   0.250000E-03
 707  -0.651029E-03   0.533441E-04   0.269649E-01   0.508051E-02   0.400000E-03
 708  -0.388723E-03  -0.284860E-03   0.298537E-01   0.542999E-02   0.250000E-03
 709  -0.144013E-02  -0.357599E-03   0.320818E-01   0.528024E-02   0.200000E-03
 710  -0.418585E-03  -0.836019E-03   0.326625E-01   0.502640E-02   0.250000E-03
 711  -0.136030E-02  -0.822263E-04   0.337308E-01   0.460355E-02   0.350000E-03
 712  -0.117593E-02  -0.564371E-04   0.351329E-01   0.520762E-02   0.300000E-03
 713  -0.122708E-02   0.209612E-03   0.381615E-01   0.636362E-02   0.350000E-03
 714  -0.898582E-03   0.171821E-03   0.379348E-01   0.569887E-02   0.350000E-03
 715  -0.652231E-03  -0.249986E-03   0.388279E-01   0.564191E-02   0.150000E-03
 716  -0.677904E-03  -0.329470E-03   0.397329E-01   0.452931E-02   0.250000E-03
 717  -0.114226E-02  -0.493787E-03   0.400667E-01   0.366214E-02   0.150000E-03
 718  -0.107190E-02   0.100184E-02   0.421719E-01   0.390334E-02   0.250000E-03
 719  -0.118794E-02   0.152434E-02   0.448019E-01   0.545720E-02   0.200000E-03
 720  -0.782781E-03  -0.870135E-03   0.434124E-01   0.729132E-02   0.350000E-03
 721  -0.417948E-03   0.340366E-04   0.215147E-02   0.403259E-02   0.200000E-03
 722  -0.458446E-03   0.325654E-03   0.202634E-02   0.510730E-02   0.300000E-03
 723  -0.244228E-03   0.848432E-04   0.425036E-02   0.459849E-02   0.250000E-03
 724  -0.259721E-03  -0.106882E-03   0.602648E-02   0.486854E-02   0.400000E-03
 725   0.211328E-03  -0.141948E-03   0.692895E-02   0.512672E-02   0.150000E-03
 726  -0.120287E-03   0.957336E-04   0.652235E-02   0.549278E-02   0.400000E-03
 727  -0.429306E-04   0.535040E-04   0.823430E-02   0.613336E-02   0.300000E-03
 728   0.797296E-04  -0.272867E-03   0.937072E-02   0.639948E-02   0.250000E-03
 729   0.767401E-03   0.530475E-03   0.971552E-02   0.682684E-02   0.300000E-03
 730  -0.150712E-03  -0.264413E-03   0.123671E-01   0.561341E-02   0.250000E-03
 731   0.538701E-04   0.125482E-03   0.122297E-01   0.621065E-02   0.350000E-03
 732  -0.645184E-03  -0.448639E-05   0.131198E-01   0.662066E-02   0.250000E-03
 733  -0.608387E-03  -0.309448E-03   0.149518E-01   0.683090E-02   0.250000E-03
 734  -0.881054E-04  -0.119733E-03   0.161695E-01   0.690273E-02   0.200000E-03
 735  -0.528404E-03  -0.580982E-03   0.176169E-01   0.721448E-02   0.350000E-03
 736  -0.731924E-03  -0.763497E-03   0.191149E-01   0.728495E-02   0.400000E-03
 737  -0.388646E-03  -0.813970E-03   0.198067E-01   0.719211E-02   0.300000E-03
 738  -0.294715E-03  -0.283526E-03   0.214898E-01   0.702705E-02   0.400000E-03
 739  -0.425661E-03  -0.570132E-03   0.224367E-01   0.641764E-02   0.350000E-03
 740  -0.360399E-03  -0.485075E-03   0.237462E-01   0.618083E-02   0.350000E-03
 741  -0.586184E-03  -0.353811E-03   0.248202E-01   0.564063E-02   0.250000E-03
 742  -0.918597E-03   0.181498E-03   0.263703E-01   0.533222E-02   0.250000E-03
 743  -0.901993E-04   0.666613E-04   0.276104E-01   0.514144E-02   0.250000E-03
 744  -0.693168E-04  -0.375513E-03   0.288817E-01   0.518158E-02   0.200000E-03
 745  -0.161191E-02  -0.501854E-03   0.316019E-01   0.571702E-02   0.250000E-03
 746  -0.218992E-03  -0.295413E-03   0.328137E-01   0.560650E-02   0.350000E-03
 747  -0.812218E-03   0.299684E-03   0.332797E-01   0.515505E-02   0.300000E-03
 748  -0.121813E-02   0.400177E-04   0.356785E-01   0.485483E-02   0.350000E-03
 749  -0.111835E-02  -0.165138E-03   0.363201E-01   0.546149E-02   0.300000E-03
 750  -0.112533E-02   0.703140E-04   0.385070E-01   0.587511E-02   0.250000E-03
 751  -0.781187E-03  -0.323401E-03   0.391636E-01   0.593431E-02   0.300000E-03
 752  -0.522261E-03  -0.280639E-03   0.401819E-01   0.422293E-02   0.300000E-03
 753  -0.357280E-04   0.670229E-03   0.407211E-01   0.301431E-02   0.150000E-03
 754   0.139015E-04  -0.441938E-04   0.418913E-01   0.418556E-02   0.150000E-03
 755  -0.843197E-04  -0.388452E-03   0.425400E-01   0.414913E-02   0.150000E-03
 756  -0.352629E-03  -0.318435E-03   0.431082E-01   0.671673E-02   0.300000E-03
 757  -0.505102E-03   0.126471E-03   0.183950E-02   0.448498E-02   0.350000E-03
 758  -0.351506E-03   0.218840E-03   0.402286E-02   0.566537E-02   0.350000E-03
 759  -0.273683E-03   0.269013E-03   0.390616E-02   0.502595E-02   0.300000E-03
 760  -0.468680E-03   0.105592E-03   0.473061E-02   0.556818E-02   0.300000E-03
 761  -0.395859E-03  -0.389740E-04   0.539942E-02   0.536285E-02   0.400000E-03
 762  -0.205959E-03   0.157015E-03   0.590440E-02   0.591388E-02   0.350000E-03
 763  -0.902100E-04   0.111260E-03   0.688932E-02   0.620081E-02   0.400000E-03
 764  -0.180886E-04  -0.235022E-03   0.816208E-02   0.672869E-02   0.300000E-03
 765  -0.125368E-04  -0.230929E-03   0.115541E-01   0.639536E-02   0.350000E-03
 766   0.778542E-04   0.141535E-03   0.117616E-01   0.576091E-02   0.300000E-03
 767  -0.828095E-04   0.104190E-03   0.126832E-01   0.651859E-02   0.200000E-03
 768  -0.435428E-03  -0.200715E-03   0.137291E-01   0.685379E-02   0.250000E-03
 769  -0.257637E-03   0.318275E-03   0.152557E-01   0.734760E-02   0.350000E-03
 770  -0.717632E-03   0.444584E-03   0.158375E-01   0.720551E-02   0.250000E-03
 771  -0.453328E-03  -0.791016E-03   0.165655E-01   0.678978E-02   0.100000E-03
 772  -0.346224E-03  -0.610837E-03   0.184732E-01   0.737408E-02   0.250000E-03
 773  -0.115397E-03  -0.411801E-03   0.201974E-01   0.777181E-02   0.400000E-03
 774  -0.103791E-03  -0.427340E-03   0.208722E-01   0.744757E-02   0.350000E-03
 775  -0.367719E-03  -0.379193E-03   0.232829E-01   0.655890E-02   0.250000E-03
 776  -0.553796E-03  -0.203780E-03   0.248833E-01   0.608557E-02   0.200000E-03
 777  -0.738831E-03   0.199651E-03   0.255570E-01   0.484647E-02   0.200000E-03
 778  -0.733017E-03   0.834965E-04   0.259573E-01   0.549987E-02   0.200000E-03
 779   0.629853E-04  -0.262955E-03   0.277329E-01   0.567518E-02   0.300000E-03
 780  -0.419359E-03  -0.261911E-03   0.293846E-01   0.580205E-02   0.350000E-03
 781  -0.771002E-03  -0.445762E-04   0.307118E-01   0.602193E-02   0.200000E-03
 782  -0.139547E-02  -0.851655E-04   0.321489E-01   0.577522E-02   0.300000E-03
 783  -0.121210E-02   0.193715E-03   0.339176E-01   0.527679E-02   0.350000E-03
 784  -0.154208E-02  -0.955588E-03   0.344688E-01   0.522098E-02   0.200000E-03
 785  -0.124094E-02  -0.125940E-03   0.356802E-01   0.555439E-02   0.350000E-03
 786  -0.117826E-02   0.221596E-03   0.375836E-01   0.620531E-02   0.250000E-03
 787  -0.691041E-03  -0.269439E-03   0.397271E-01   0.613461E-02   0.300000E-03
 788  -0.666638E-03   0.917896E-05   0.396387E-01   0.549134E-02   0.350000E-03
 789  -0.574257E-03  -0.147268E-03   0.405629E-01   0.376361E-02   0.300000E-03
 790  -0.574965E-03   0.326434E-04   0.414574E-01   0.429030E-02   0.300000E-03
 791  -0.469495E-03   0.383998E-03   0.431093E-01   0.435372E-02   0.350000E-03
 792  -0.149355E-02   0.662353E-03   0.438782E-01   0.518247E-02   0.150000E-03
 793  -0.318449E-03   0.248934E-03   0.284583E-02   0.548103E-02   0.150000E-03
 794  -0.248319E-03   0.164236E-03   0.244438E-02   0.546107E-02   0.150000E-03
 795  -0.402189E-03   0.195120E-03   0.435942E-02   0.523426E-02   0.200000E-03
 796  -0.259671E-03   0.189957E-03   0.266021E-02   0.646917E-02   0.300000E-03
 797  -0.523384E-03   0.512347E-04   0.450412E-02   0.623912E-02   0.400000E-03
 798  -0.424915E-03  -0.546663E-05   0.516863E-02   0.602197E-02   0.300000E-03
 799  -0.981929E-04   0.329577E-03   0.751442E-02   0.667133E-02   0.350000E-03
 800  -0.305972E-03   0.757006E-03   0.883301E-02   0.707789E-02   0.250000E-03
 801   0.340782E-03  -0.318095E-03   0.108133E-01   0.675761E-02   0.250000E-03
 802   0.859456E-04  -0.377661E-03   0.112819E-01   0.692917E-02   0.250000E-03
 803   0.134211E-03  -0.785873E-04   0.120169E-01   0.677099E-02   0.250000E-03
 804  -0.644916E-03  -0.768573E-04   0.132676E-01   0.714998E-02   0.300000E-03
 805  -0.187684E-03  -0.612118E-03   0.140821E-01   0.727726E-02   0.300000E-03
 806  -0.767302E-03  -0.723033E-03   0.157217E-01   0.763978E-02   0.200000E-03
 807   0.731600E-05  -0.959422E-04   0.180458E-01   0.763334E-02   0.250000E-03
 808  -0.715360E-03  -0.557448E-03   0.191341E-01   0.813342E-02   0.450000E-03
 809  -0.264238E-03  -0.428656E-03   0.214580E-01   0.772556E-02   0.300000E-03
 810  -0.492325E-03  -0.276673E-03   0.221882E-01   0.701432E-02   0.300000E-03
 811  -0.322518E-03  -0.322744E-03   0.237818E-01   0.682768E-02   0.300000E-03
 812  -0.824422E-03  -0.117793E-03   0.244005E-01   0.621491E-02   0.300000E-03
 813  -0.760439E-03   0.117757E-03   0.254133E-01   0.555225E-02   0.350000E-03
 814  -0.709174E-03  -0.343548E-03   0.272368E-01   0.561469E-02   0.200000E-03
 815  -0.713931E-03  -0.211775E-03   0.286404E-01   0.588604E-02   0.400000E-03
 816  -0.347460E-03  -0.574216E-03   0.312193E-01   0.607234E-02   0.200000E-03
 817  -0.333639E-03  -0.278103E-03   0.302525E-01   0.628440E-02   0.300000E-03
 818  -0.269001E-03  -0.847731E-04   0.325668E-01   0.620522E-02   0.300000E-03
 819  -0.116741E-02   0.146304E-03   0.334523E-01   0.572899E-02   0.300000E-03
 820  -0.105469E-02  -0.200380E-03   0.347261E-01   0.564764E-02   0.300000E-03
 821  -0.978757E-03  -0.223331E-03   0.362309E-01   0.605269E-02   0.300000E-03
 822  -0.118029E-02   0.160745E-03   0.378338E-01   0.692475E-02   0.300000E-03
 823  -0.114271E-02   0.264512E-04   0.387589E-01   0.630652E-02   0.250000E-03
 824  -0.591374E-03  -0.304957E-03   0.408221E-01   0.555807E-02   0.350000E-03
 825  -0.478368E-03  -0.166563E-03   0.402603E-01   0.498874E-02   0.450000E-03
 826  -0.421955E-03  -0.250653E-03   0.408051E-01   0.440418E-02   0.350000E-03
 827  -0.114267E-02   0.391870E-03   0.422294E-01   0.439921E-02   0.250000E-03
 828  -0.742858E-03  -0.811642E-04   0.402885E-01   0.692914E-02   0.350000E-03
 829  -0.282755E-03   0.186105E-03   0.262749E-02   0.587154E-02   0.300000E-03
 830  -0.209145E-03   0.206731E-03   0.299809E-03   0.521473E-02   0.300000E-03
 831  -0.225012E-03  -0.171225E-03   0.313581E-03   0.571354E-02   0.200000E-03
 832  -0.163715E-03   0.254800E-03   0.310362E-02   0.614398E-02   0.250000E-03
 833  -0.255182E-03  -0.379432E-04   0.328399E-02   0.666211E-02   0.300000E-03
 834  -0.383805E-03   0.128862E-03   0.509218E-02   0.661641E-02   0.300000E-03
 835  -0.233872E-03   0.999900E-04   0.574509E-02   0.679907E-02   0.300000E-03
 836  -0.155102E-03  -0.471061E-04   0.757228E-02   0.736658E-02   0.350000E-03
 837   0.317625E-03   0.130313E-03   0.108134E-01   0.630889E-02   0.200000E-03
 838   0.209470E-03  -0.211280E-03   0.117475E-01   0.730663E-02   0.350000E-03
 839   0.127898E-03  -0.552556E-04   0.125710E-01   0.710737E-02   0.400000E-03
 840   0.423170E-03   0.272006E-03   0.141583E-01   0.787549E-02   0.300000E-03
 841  -0.200833E-03   0.368437E-03   0.147438E-01   0.774731E-02   0.300000E-03
 842  -0.367378E-03  -0.640639E-03   0.170435E-01   0.751876E-02   0.300000E-03
 843  -0.351942E-03  -0.398780E-03   0.184851E-01   0.787187E-02   0.250000E-03
 844  -0.677950E-03   0.280104E-03   0.198464E-01   0.837673E-02   0.300000E-03
 845  -0.774968E-04  -0.267910E-03   0.208530E-01   0.814573E-02   0.350000E-03
 846  -0.507643E-03  -0.274695E-03   0.219651E-01   0.751606E-02   0.250000E-03
 847  -0.371103E-03  -0.261049E-03   0.232521E-01   0.710652E-02   0.300000E-03
 848  -0.803311E-03  -0.336514E-03   0.244757E-01   0.691015E-02   0.400000E-03
 849  -0.735766E-03  -0.300455E-03   0.254087E-01   0.624791E-02   0.350000E-03
 850  -0.679014E-03   0.290752E-03   0.267257E-01   0.562621E-02   0.200000E-03
 851  -0.557473E-03  -0.204922E-03   0.265950E-01   0.610539E-02   0.300000E-03
 852  -0.327384E-03   0.126452E-03   0.299051E-01   0.582634E-02   0.150000E-03
 853  -0.123739E-03  -0.472955E-03   0.317007E-01   0.633148E-02   0.350000E-03
 854  -0.419189E-03  -0.339210E-03   0.327848E-01   0.681671E-02   0.350000E-03
 855  -0.100164E-02  -0.162197E-03   0.331644E-01   0.625500E-02   0.300000E-03
 856  -0.121623E-02  -0.156285E-03   0.341213E-01   0.599651E-02   0.400000E-03
 857  -0.114577E-02  -0.236396E-03   0.352154E-01   0.607381E-02   0.350000E-03
 858  -0.894014E-03  -0.568455E-04   0.365645E-01   0.655022E-02   0.300000E-03
 859  -0.644475E-03   0.114954E-03   0.392903E-01   0.646843E-02   0.250000E-03
 860  -0.937867E-03  -0.125824E-03   0.402160E-01   0.578708E-02   0.300000E-03
 861  -0.611751E-03  -0.277629E-03   0.415197E-01   0.557652E-02   0.350000E-03
 862  -0.505468E-03  -0.523280E-03   0.409758E-01   0.497868E-02   0.250000E-03
 863  -0.866534E-03   0.221810E-03   0.432802E-01   0.513530E-02   0.450000E-03
 864  -0.717045E-03   0.321860E-03   0.445510E-01   0.605546E-02   0.450000E-03
 865  -0.161907E-03   0.322566E-03   0.137893E-02   0.506148E-02   0.350000E-03
 866  -0.407133E-03   0.276601E-04   0.171098E-02   0.549486E-02   0.200000E-03
 867  -0.231286E-03   0.191764E-03   0.204014E-02   0.627782E-02   0.350000E-03
 868  -0.292665E-03   0.508070E-05   0.369607E-02   0.622667E-02   0.300000E-03
 869  -0.272715E-03   0.273665E-04   0.335833E-02   0.720477E-02   0.250000E-03
 870  -0.250380E-03   0.121467E-03   0.624399E-02   0.646689E-02   0.300000E-03
 871  -0.867867E-04   0.328837E-03   0.690667E-02   0.689966E-02   0.300000E-03
 872  -0.988342E-04   0.722379E-04   0.921093E-02   0.681850E-02   0.200000E-03
 873   0.193600E-03   0.338800E-03   0.102842E-01   0.701794E-02   0.300000E-03
 874   0.151379E-03  -0.177851E-03   0.117021E-01   0.798048E-02   0.300000E-03
 875   0.211956E-03  -0.199705E-03   0.122444E-01   0.772428E-02   0.300000E-03
 876  -0.721455E-03  -0.223788E-03   0.136076E-01   0.764068E-02   0.300000E-03
 877  -0.258610E-03   0.504071E-03   0.146681E-01   0.834157E-02   0.300000E-03
 878  -0.299210E-03  -0.605185E-03   0.164067E-01   0.739551E-02   0.350000E-03
 879  -0.598696E-03  -0.478979E-03   0.175137E-01   0.780379E-02   0.250000E-03
 880  -0.335827E-03   0.205996E-03   0.177121E-01   0.831557E-02   0.300000E-03
 881  -0.135396E-03  -0.329358E-03   0.219494E-01   0.806887E-02   0.300000E-03
 882  -0.362567E-03  -0.255956E-03   0.227095E-01   0.718559E-02   0.250000E-03
 883  -0.733049E-04  -0.409241E-03   0.228896E-01   0.662674E-02   0.150000E-03
 884  -0.380840E-03  -0.769024E-03   0.239588E-01   0.745189E-02   0.350000E-03
 885  -0.755791E-03  -0.465207E-03   0.259611E-01   0.739428E-02   0.400000E-03
 886  -0.761699E-03  -0.281176E-03   0.260063E-01   0.599599E-02   0.300000E-03
 887  -0.500819E-03  -0.905383E-03   0.284152E-01   0.659790E-02   0.350000E-03
 888  -0.435862E-03  -0.234678E-03   0.295638E-01   0.658038E-02   0.450000E-03
 889  -0.556181E-03  -0.166310E-03   0.309114E-01   0.664178E-02   0.450000E-03
 890  -0.139270E-03  -0.279973E-03   0.322190E-01   0.662791E-02   0.250000E-03
 891  -0.165719E-02   0.623881E-03   0.337321E-01   0.663533E-02   0.350000E-03
 892  -0.123861E-02  -0.161855E-03   0.346649E-01   0.658128E-02   0.400000E-03
 893  -0.105432E-02  -0.164744E-03   0.357610E-01   0.642410E-02   0.300000E-03
 894  -0.121816E-02  -0.227482E-03   0.385940E-01   0.677843E-02   0.250000E-03
 895  -0.603315E-03   0.208268E-04   0.391034E-01   0.698522E-02   0.300000E-03
 896  -0.660489E-03  -0.414955E-03   0.419134E-01   0.695762E-02   0.300000E-03
 897  -0.747855E-03  -0.340890E-03   0.424681E-01   0.661919E-02   0.350000E-03
 898  -0.735558E-03   0.524794E-03   0.426248E-01   0.461271E-02   0.200000E-03
 899   0.104802E-03   0.126814E-03   0.424855E-01   0.519656E-02   0.350000E-03
 900  -0.727573E-03   0.323364E-03   0.438288E-01   0.571314E-02   0.350000E-03
 901  -0.111246E-03  -0.493668E-04   0.129166E-02   0.565245E-02   0.250000E-03
 902  -0.328271E-03   0.117345E-03   0.308077E-02   0.762003E-02   0.250000E-03
 903  -0.226665E-03   0.142587E-03   0.211431E-02   0.568348E-02   0.250000E-03
 904  -0.369385E-03   0.174344E-04   0.276653E-02   0.710905E-02   0.350000E-03
 905  -0.584404E-03   0.156102E-03   0.399759E-02   0.692021E-02   0.450000E-03
 906  -0.634740E-04   0.250517E-03   0.585893E-02   0.734132E-02   0.250000E-03
 907  -0.187144E-03   0.190553E-03   0.555493E-02   0.633752E-02   0.200000E-03
 908  -0.313629E-03   0.481701E-05   0.884235E-02   0.762688E-02   0.300000E-03
 909  -0.897888E-04   0.167267E-03   0.934486E-02   0.729928E-02   0.300000E-03
 910   0.286476E-03  -0.161202E-03   0.101200E-01   0.805904E-02   0.300000E-03
 911   0.140661E-03  -0.174565E-03   0.112605E-01   0.765541E-02   0.250000E-03
 912  -0.663655E-03   0.272741E-03   0.151467E-01   0.861086E-02   0.250000E-03
 913  -0.337231E-03  -0.338382E-03   0.153376E-01   0.804221E-02   0.350000E-03
 914  -0.410986E-03  -0.278141E-03   0.161309E-01   0.814447E-02   0.450000E-03
 915  -0.488814E-03  -0.566757E-03   0.170130E-01   0.821781E-02   0.400000E-03
 916  -0.283853E-03  -0.611479E-04   0.203993E-01   0.860929E-02   0.300000E-03
 917  -0.237312E-03  -0.116946E-03   0.199924E-01   0.904892E-02   0.300000E-03
 918  -0.368787E-03  -0.213821E-03   0.225165E-01   0.775194E-02   0.350000E-03
 919  -0.356973E-03  -0.328205E-03   0.232164E-01   0.775517E-02   0.350000E-03
 920  -0.473838E-03  -0.515502E-03   0.247985E-01   0.642439E-02   0.150000E-03
 921  -0.473685E-03  -0.425074E-03   0.233886E-01   0.848824E-02   0.350000E-03
 922  -0.771338E-03  -0.345392E-03   0.259841E-01   0.664489E-02   0.350000E-03
 923   0.363167E-04  -0.684480E-03   0.277727E-01   0.632290E-02   0.350000E-03
 924  -0.176280E-03  -0.486504E-03   0.289249E-01   0.721379E-02   0.450000E-03
 925  -0.608752E-03  -0.339266E-03   0.310952E-01   0.741993E-02   0.350000E-03
 926  -0.238059E-03   0.177832E-03   0.315898E-01   0.697043E-02   0.300000E-03
 927  -0.368106E-03  -0.295559E-03   0.336452E-01   0.719456E-02   0.200000E-03
 928  -0.125941E-02  -0.101587E-02   0.341727E-01   0.649315E-02   0.100000E-03
 929  -0.114993E-02   0.179841E-03   0.372284E-01   0.668864E-02   0.350000E-03
 930  -0.546883E-03  -0.288911E-03   0.412189E-01   0.664005E-02   0.300000E-03
 931  -0.645294E-03  -0.236244E-03   0.411893E-01   0.607324E-02   0.250000E-03
 932  -0.652845E-03   0.124208E-03   0.397413E-01   0.668355E-02   0.250000E-03
 933  -0.608141E-03  -0.263128E-03   0.418096E-01   0.626555E-02   0.400000E-03
 934  -0.121711E-03  -0.904683E-03   0.412507E-01   0.468866E-02   0.150000E-03
 935  -0.619391E-03  -0.268281E-03   0.418044E-01   0.488985E-02   0.400000E-03
 936   0.288037E-03  -0.677591E-03   0.433647E-01   0.616780E-02   0.300000E-03
 937  -0.753716E-04   0.756209E-04   0.103523E-02   0.716702E-02   0.350000E-03
 938  -0.207965E-03   0.504924E-04   0.298317E-03   0.621267E-02   0.300000E-03
 939  -0.384971E-03  -0.105555E-03   0.370843E-02   0.768936E-02   0.350000E-03
 940   0.354084E-04  -0.832980E-04   0.788665E-03   0.586889E-02   0.300000E-03
 941  -0.182605E-03   0.125709E-03   0.166798E-02   0.686954E-02   0.350000E-03
 942   0.608634E-04  -0.104920E-03   0.455786E-02   0.770390E-02   0.500000E-03
 943  -0.380037E-03   0.175210E-03   0.526930E-02   0.724095E-02   0.350000E-03
 944  -0.239061E-03   0.347455E-03   0.632923E-02   0.705945E-02   0.300000E-03
 945   0.340984E-03   0.147341E-04   0.108377E-01   0.730576E-02   0.300000E-03
 946  -0.351706E-03   0.636336E-04   0.985750E-02   0.749518E-02   0.250000E-03
 947  -0.345140E-03  -0.421032E-03   0.129451E-01   0.798973E-02   0.450000E-03
 948  -0.253187E-03  -0.538168E-03   0.125638E-01   0.857626E-02   0.250000E-03
 949  -0.797510E-03   0.238670E-03   0.156800E-01   0.874285E-02   0.300000E-03
 950  -0.204507E-03   0.483979E-03   0.140036E-01   0.855938E-02   0.400000E-03
 951  -0.235847E-03  -0.194315E-03   0.165650E-01   0.875550E-02   0.300000E-03
 952  -0.619396E-03   0.150936E-03   0.182614E-01   0.831729E-02   0.250000E-03
 953   0.157611E-04  -0.816546E-04   0.210669E-01   0.870581E-02   0.250000E-03
 954  -0.373559E-03  -0.435541E-03   0.225466E-01   0.860073E-02   0.500000E-03
 955  -0.482603E-03  -0.435785E-03   0.237575E-01   0.801623E-02   0.250000E-03
 956  -0.731298E-03  -0.469385E-03   0.253411E-01   0.720041E-02   0.250000E-03
 957  -0.836041E-03  -0.567375E-03   0.269053E-01   0.761519E-02   0.350000E-03
 958  -0.787148E-03  -0.462130E-03   0.265922E-01   0.698967E-02   0.350000E-03
 959  -0.773304E-03  -0.468850E-03   0.271002E-01   0.651014E-02   0.350000E-03
 960  -0.481186E-03  -0.212603E-03   0.302388E-01   0.683291E-02   0.250000E-03
 961  -0.207790E-03   0.586946E-03   0.321486E-01   0.797359E-02   0.400000E-03
 962   0.844928E-03  -0.118754E-03   0.316880E-01   0.751079E-02   0.250000E-03
 963  -0.456778E-03  -0.369059E-03   0.333081E-01   0.698029E-02   0.200000E-03
 964  -0.838771E-03  -0.517661E-04   0.353188E-01   0.682823E-02   0.300000E-03
 965  -0.942944E-03  -0.157988E-04   0.361055E-01   0.685233E-02   0.250000E-03
 966  -0.875440E-03  -0.908528E-06   0.367126E-01   0.723336E-02   0.400000E-03
 967  -0.599120E-03  -0.281684E-03   0.406487E-01   0.632944E-02   0.350000E-03
 968  -0.608563E-03  -0.265835E-03   0.401602E-01   0.624165E-02   0.150000E-03
 969   0.156936E-03   0.131759E-03   0.447508E-01   0.712546E-02   0.250000E-03
 970  -0.474384E-03  -0.289486E-03   0.442509E-01   0.679522E-02   0.350000E-03
 971  -0.539812E-04  -0.424274E-03   0.427145E-01   0.590906E-02   0.400000E-03
 972  -0.373266E-03  -0.287547E-03   0.436551E-01   0.674296E-02   0.250000E-03
 973   0.168220E-04   0.240467E-03   0.839156E-03   0.532160E-02   0.250000E-03
 974  -0.236895E-03   0.205863E-03   0.400539E-02   0.821051E-02   0.250000E-03
 975  -0.102290E-03   0.207148E-03   0.134125E-02   0.624842E-02   0.350000E-03
 976  -0.451651E-04   0.173233E-03   0.777625E-03   0.657082E-02   0.300000E-03
 977  -0.124331E-03  -0.541605E-04   0.730669E-02   0.790364E-02   0.250000E-03
 978  -0.117839E-03  -0.496290E-04   0.693598E-02   0.749818E-02   0.300000E-03
 979  -0.299772E-03  -0.129232E-04   0.639670E-02   0.760430E-02   0.250000E-03
 980  -0.175250E-03  -0.294760E-04   0.816999E-02   0.781682E-02   0.400000E-03
 981   0.155925E-03   0.123652E-03   0.103521E-01   0.756175E-02   0.250000E-03
 982  -0.377131E-03  -0.689083E-04   0.937626E-02   0.815258E-02   0.450000E-03
 983   0.188421E-03  -0.176882E-03   0.121701E-01   0.826870E-02   0.250000E-03
 984  -0.314851E-04  -0.477816E-04   0.107667E-01   0.799353E-02   0.350000E-03
 985  -0.732587E-03  -0.311534E-04   0.135775E-01   0.813807E-02   0.200000E-03
 986   0.517931E-03   0.133249E-03   0.189882E-01   0.932692E-02   0.300000E-03
 987  -0.953365E-03  -0.277086E-03   0.186520E-01   0.877122E-02   0.350000E-03
 988  -0.475696E-03  -0.239510E-04   0.194393E-01   0.881668E-02   0.300000E-03
 989  -0.510482E-03  -0.184310E-03   0.195373E-01   0.935719E-02   0.250000E-03
 990  -0.248354E-03  -0.316351E-03   0.214389E-01   0.827418E-02   0.250000E-03
 991  -0.358033E-03  -0.860400E-03   0.244336E-01   0.796539E-02   0.350000E-03
 992  -0.680687E-03  -0.501634E-03   0.248719E-01   0.748618E-02   0.300000E-03
 993  -0.688659E-03  -0.360801E-03   0.251062E-01   0.675991E-02   0.250000E-03
 994  -0.799471E-03  -0.568780E-03   0.272105E-01   0.709889E-02   0.250000E-03
 995  -0.929952E-03  -0.563464E-03   0.278599E-01   0.709894E-02   0.400000E-03
 996  -0.526013E-03  -0.327427E-03   0.304504E-01   0.733915E-02   0.300000E-03
 997  -0.473586E-03  -0.231149E-03   0.298959E-01   0.719644E-02   0.250000E-03
 998  -0.153905E-03   0.852767E-04   0.322169E-01   0.722697E-02   0.350000E-03
 999  -0.608441E-03  -0.116555E-03   0.330559E-01   0.735168E-02   0.250000E-03
1000  -0.113643E-02  -0.246379E-03   0.341936E-01   0.716195E-02   0.350000E-03
