   1  -0.775753E-03   0.424029E-03   0.112768E-01   0.847256E-02   0.350000E-03
   2   0.840327E-03   0.698590E-03   0.149621E-03   0.149900E-03   0.150000E-03
   3   0.211250E-02  -0.430949E-02   0.458078E-02   0.448244E-03   0.450000E-03
   4  -0.146435E-02   0.369175E-02   0.574165E-02   0.536993E-03   0.200000E-03
   5  -0.117201E-02  -0.145092E-04   0.576554E-02   0.999884E-04   0.100000E-03
   6  -0.125589E-02   0.181437E-02   0.750408E-02   0.248978E-03   0.250000E-03
   7  -0.224337E-02   0.682189E-03   0.813530E-02   0.398734E-03   0.400000E-03
   8  -0.164932E-02   0.277059E-02   0.888222E-02   0.348773E-03   0.350000E-03
   9  -0.125162E-02   0.144290E-02   0.932822E-02   0.566906E-03   0.150000E-03
  10  -0.140676E-02  -0.296778E-03   0.118052E-01   0.293624E-03   0.300000E-03
  11  -0.153624E-02   0.110911E-02   0.130474E-01   0.349248E-03   0.350000E-03
  12   0.151203E-02   0.339509E-03   0.147801E-01   0.194869E-03   0.200000E-03
  13  -0.432747E-03   0.677803E-03   0.169242E-01   0.345717E-03   0.350000E-03
  14   0.811105E-04   0.158544E-03   0.176228E-01   0.348594E-03   0.350000E-03
  15  -0.814975E-03   0.126435E-02   0.188405E-01   0.402119E-03   0.400000E-03
  16  -0.695948E-03  -0.460272E-03   0.195852E-01   0.345967E-03   0.350000E-03
  17  -0.136263E-02   0.872440E-03   0.204989E-01   0.338314E-03   0.350000E-03
  18  -0.179034E-02   0.158382E-02   0.219498E-01   0.349191E-03   0.350000E-03
  19  -0.599281E-03   0.135162E-02   0.225393E-01   0.242876E-03   0.250000E-03
  20  -0.908059E-03   0.144876E-02   0.230387E-01   0.248065E-03   0.250000E-03
  21  -0.723329E-03  -0.510339E-03   0.244787E-01   0.249628E-03   0.250000E-03
  22  -0.116424E-03   0.685158E-03   0.257273E-01   0.199997E-03   0.200000E-03
  23  -0.148071E-02  -0.101412E-02   0.267453E-01   0.995292E-04   0.100000E-03
  24  -0.522837E-03  -0.102612E-02   0.282101E-01   0.397735E-03   0.400000E-03
  25  -0.631667E-03  -0.230374E-02   0.297822E-01   0.406817E-03   0.400000E-03
  26  -0.261958E-03  -0.347156E-03   0.305241E-01   0.334504E-03   0.350000E-03
  27  -0.175306E-02  -0.251501E-03   0.318625E-01   0.298262E-03   0.300000E-03
  28  -0.142944E-02  -0.816345E-03   0.333177E-01   0.352174E-03   0.300000E-03
  29  -0.104447E-02  -0.835200E-03   0.355413E-01   0.444451E-03   0.450000E-03
  30  -0.980234E-03   0.338228E-03   0.373972E-01   0.345308E-03   0.350000E-03
  31  -0.126185E-02   0.262797E-03   0.379888E-01   0.249016E-03   0.250000E-03
  32  -0.452074E-03   0.579705E-03   0.401170E-01   0.197479E-03   0.200000E-03
  33  -0.104736E-02   0.777197E-03   0.410066E-01   0.195124E-03   0.200000E-03
  34  -0.164475E-02  -0.256149E-02   0.446045E-01   0.878737E-03   0.400000E-03
  35  -0.764677E-03  -0.416825E-03   0.446515E-01   0.192025E-02   0.350000E-03
  36  -0.488468E-03   0.281142E-04   0.864702E-02   0.832886E-02   0.300000E-03
  37   0.107126E-02   0.886037E-03   0.247960E-03   0.178126E-02   0.250000E-03
  38  -0.138187E-02   0.147103E-02   0.777281E-03   0.721983E-03   0.300000E-03
  39  -0.285629E-03  -0.175171E-02   0.268447E-02   0.399493E-03   0.400000E-03
  40   0.273949E-02   0.143885E-02   0.617822E-02   0.299104E-03   0.300000E-03
  41   0.124638E-03  -0.352929E-04   0.687100E-02   0.390917E-03   0.400000E-03
  42  -0.195845E-02   0.860239E-03   0.729219E-02   0.100301E-02   0.350000E-03
  43  -0.821091E-03   0.182424E-03   0.859591E-02   0.931482E-03   0.300000E-03
  44  -0.771133E-03   0.867129E-03   0.938668E-02   0.960726E-03   0.250000E-03
  45  -0.103996E-02   0.141758E-02   0.997134E-02   0.495361E-03   0.500000E-03
  46  -0.335612E-03   0.118745E-02   0.107831E-01   0.299992E-03   0.300000E-03
  47  -0.101485E-02  -0.664339E-03   0.152336E-01   0.149962E-03   0.150000E-03
  48  -0.143396E-03  -0.861989E-03   0.158276E-01   0.447266E-03   0.450000E-03
  49   0.233531E-03  -0.801704E-03   0.164911E-01   0.886391E-03   0.350000E-03
  50  -0.679281E-03   0.843727E-03   0.182128E-01   0.246460E-03   0.250000E-03
  51  -0.278328E-03  -0.765783E-03   0.193094E-01   0.870983E-03   0.250000E-03
  52   0.563463E-03   0.661651E-03   0.200404E-01   0.147292E-03   0.150000E-03
  53   0.251803E-02   0.696304E-03   0.204998E-01   0.101686E-02   0.200000E-03
  54  -0.702180E-03   0.111883E-03   0.211475E-01   0.298966E-03   0.300000E-03
  55   0.301744E-03  -0.322922E-03   0.233996E-01   0.999127E-04   0.100000E-03
  56  -0.141488E-02  -0.267224E-03   0.238456E-01   0.395586E-03   0.400000E-03
  57  -0.406927E-03  -0.414532E-03   0.245100E-01   0.914398E-03   0.400000E-03
  58  -0.876231E-03   0.681197E-04   0.251118E-01   0.395526E-03   0.400000E-03
  59  -0.377564E-03  -0.734463E-03   0.270277E-01   0.199965E-03   0.200000E-03
  60  -0.535020E-03  -0.852497E-03   0.275180E-01   0.296540E-03   0.300000E-03
  61  -0.532883E-03  -0.186053E-02   0.290953E-01   0.295214E-03   0.300000E-03
  62   0.363783E-03  -0.121646E-02   0.312194E-01   0.347546E-03   0.350000E-03
  63  -0.186639E-02  -0.350852E-03   0.328496E-01   0.196323E-03   0.200000E-03
  64  -0.855936E-03  -0.111521E-02   0.347499E-01   0.345032E-03   0.350000E-03
  65  -0.152665E-02  -0.113058E-02   0.363170E-01   0.617127E-03   0.350000E-03
  66  -0.161115E-02   0.186147E-03   0.364266E-01   0.139457E-03   0.150000E-03
  67  -0.831560E-03   0.162723E-03   0.391344E-01   0.298640E-03   0.300000E-03
  68  -0.272064E-02   0.195457E-02   0.422989E-01   0.199862E-03   0.200000E-03
  69  -0.769417E-03  -0.305246E-02   0.438605E-01   0.822644E-03   0.350000E-03
  70  -0.179533E-02   0.731461E-04   0.424005E-01   0.721503E-02   0.250000E-03
  71  -0.158004E-02   0.588611E-03   0.447019E-01   0.496912E-02   0.300000E-03
  72  -0.477903E-03  -0.190556E-02   0.447504E-01   0.247757E-03   0.250000E-03
  73   0.200491E-03  -0.680611E-03   0.257176E-02   0.793803E-02   0.350000E-03
  74   0.107719E-02  -0.139454E-03   0.119764E-02   0.297709E-03   0.300000E-03
  75  -0.327606E-03  -0.151652E-03   0.391530E-02   0.248022E-03   0.250000E-03
  76  -0.924459E-03  -0.548430E-04   0.521854E-02   0.923717E-03   0.350000E-03
  77  -0.234240E-03   0.103825E-02   0.646685E-02   0.819558E-03   0.200000E-03
  78  -0.388189E-03   0.683954E-03   0.664999E-02   0.133657E-02   0.350000E-03
  79  -0.111147E-02  -0.372747E-03   0.797712E-02   0.113018E-02   0.350000E-03
  80  -0.155403E-02   0.105772E-02   0.904817E-02   0.132321E-02   0.250000E-03
  81  -0.175422E-03   0.141834E-02   0.106838E-01   0.947320E-03   0.350000E-03
  82  -0.146471E-02   0.602797E-03   0.132831E-01   0.953841E-03   0.300000E-03
  83  -0.561864E-03   0.122323E-02   0.137453E-01   0.345837E-03   0.350000E-03
  84   0.256453E-03   0.756895E-03   0.143350E-01   0.244923E-03   0.250000E-03
  85  -0.174088E-03  -0.568593E-03   0.154209E-01   0.101249E-02   0.250000E-03
  86  -0.306081E-03   0.169779E-03   0.172698E-01   0.106543E-02   0.450000E-03
  87  -0.113665E-02  -0.113702E-03   0.188470E-01   0.105169E-02   0.250000E-03
  88  -0.771891E-03  -0.559497E-03   0.200491E-01   0.800490E-03   0.300000E-03
  89  -0.127694E-03  -0.123187E-02   0.202949E-01   0.160171E-02   0.400000E-03
  90  -0.679059E-03   0.403014E-04   0.214741E-01   0.858781E-03   0.350000E-03
  91  -0.745301E-03   0.155942E-03   0.225836E-01   0.733990E-03   0.250000E-03
  92  -0.933383E-03   0.619430E-05   0.231738E-01   0.830467E-03   0.350000E-03
  93  -0.193217E-02  -0.895048E-04   0.237985E-01   0.113972E-02   0.350000E-03
  94  -0.715194E-03  -0.836674E-03   0.252252E-01   0.113532E-02   0.350000E-03
  95  -0.735277E-03  -0.553850E-03   0.273482E-01   0.920460E-03   0.350000E-03
  96  -0.376985E-03  -0.834805E-03   0.280494E-01   0.118007E-02   0.400000E-03
  97  -0.912875E-03  -0.896560E-03   0.294544E-01   0.966733E-03   0.250000E-03
  98   0.625212E-03  -0.871147E-03   0.302974E-01   0.108559E-02   0.450000E-03
  99  -0.389697E-03  -0.121737E-03   0.324054E-01   0.247200E-03   0.250000E-03
 100  -0.190633E-02  -0.166471E-02   0.327271E-01   0.624733E-03   0.250000E-03
 101  -0.893697E-03  -0.669896E-03   0.349585E-01   0.106125E-02   0.400000E-03
 102  -0.286476E-02  -0.182063E-03   0.368041E-01   0.266692E-03   0.250000E-03
 103  -0.149696E-02  -0.455393E-03   0.376394E-01   0.891133E-03   0.250000E-03
 104  -0.158819E-02   0.130569E-03   0.385362E-01   0.295170E-03   0.300000E-03
 105  -0.138628E-02   0.937164E-03   0.405617E-01   0.244062E-03   0.250000E-03
 106  -0.167730E-02   0.689144E-03   0.431885E-01   0.295940E-03   0.300000E-03
 107  -0.862528E-03   0.269349E-03   0.440879E-01   0.747616E-02   0.350000E-03
 108   0.502947E-03   0.568959E-03   0.349314E-01   0.747070E-02   0.450000E-03
 109   0.513975E-03   0.758535E-03   0.241018E-03   0.630711E-03   0.250000E-03
 110   0.877232E-04   0.997282E-03   0.539625E-03   0.236802E-03   0.250000E-03
 111   0.114842E-02  -0.495935E-03   0.188839E-02   0.398006E-03   0.400000E-03
 112  -0.533453E-03   0.318906E-04   0.322085E-02   0.923329E-03   0.350000E-03
 113  -0.754790E-05   0.113188E-03   0.594136E-02   0.109904E-02   0.400000E-03
 114  -0.733899E-03   0.108484E-02   0.715865E-02   0.153395E-02   0.200000E-03
 115  -0.542120E-03   0.728992E-03   0.850854E-02   0.157513E-02   0.350000E-03
 116  -0.686260E-03   0.455857E-03   0.985468E-02   0.133531E-02   0.350000E-03
 117  -0.164130E-03   0.129344E-02   0.113502E-01   0.743203E-03   0.350000E-03
 118  -0.501108E-03   0.115356E-02   0.124021E-01   0.294860E-03   0.300000E-03
 119   0.319545E-03   0.393655E-03   0.142617E-01   0.785014E-03   0.300000E-03
 120  -0.311087E-03  -0.887957E-03   0.150907E-01   0.578750E-03   0.300000E-03
 121   0.712633E-03  -0.460721E-03   0.167091E-01   0.138718E-02   0.200000E-03
 122  -0.722800E-03  -0.587160E-03   0.181584E-01   0.941408E-03   0.450000E-03
 123  -0.115841E-02  -0.629662E-03   0.185940E-01   0.141912E-02   0.200000E-03
 124   0.344423E-04  -0.129008E-02   0.196823E-01   0.127203E-02   0.300000E-03
 125  -0.809205E-03   0.850532E-03   0.208832E-01   0.781030E-03   0.250000E-03
 126  -0.111623E-02  -0.966377E-03   0.209324E-01   0.132385E-02   0.300000E-03
 127  -0.791588E-03   0.229455E-03   0.227129E-01   0.121216E-02   0.250000E-03
 128  -0.825036E-03   0.553741E-04   0.230654E-01   0.162842E-02   0.300000E-03
 129  -0.111178E-02   0.473074E-03   0.236096E-01   0.169577E-02   0.250000E-03
 130  -0.132079E-02  -0.624691E-03   0.257255E-01   0.721517E-03   0.300000E-03
 131   0.234775E-03  -0.121052E-02   0.263426E-01   0.395506E-03   0.400000E-03
 132   0.790436E-04  -0.112261E-02   0.275183E-01   0.145788E-02   0.200000E-03
 133  -0.598269E-03  -0.106504E-02   0.288060E-01   0.927331E-03   0.400000E-03
 134   0.414104E-03  -0.107063E-02   0.311827E-01   0.109391E-02   0.400000E-03
 135  -0.157525E-02  -0.888304E-03   0.320295E-01   0.102769E-02   0.450000E-03
 136  -0.190736E-02  -0.142943E-02   0.340097E-01   0.406109E-03   0.400000E-03
 137  -0.568570E-03  -0.420085E-03   0.372212E-01   0.756170E-03   0.100000E-03
 138  -0.210333E-02  -0.346909E-03   0.373967E-01   0.132408E-02   0.250000E-03
 139  -0.150826E-02  -0.367691E-03   0.381736E-01   0.766403E-03   0.300000E-03
 140  -0.396065E-03   0.308713E-04   0.396782E-01   0.267804E-03   0.250000E-03
 141  -0.174900E-02  -0.256341E-03   0.414528E-01   0.247859E-03   0.250000E-03
 142   0.183448E-02  -0.887620E-03   0.418986E-01   0.196613E-03   0.200000E-03
 143  -0.885340E-03   0.122088E-03   0.438992E-01   0.630865E-02   0.250000E-03
 144   0.731105E-03  -0.366412E-03   0.295514E-01   0.762625E-02   0.300000E-03
 145   0.196966E-03   0.131414E-03   0.294562E-03   0.332335E-02   0.300000E-03
 146  -0.199163E-03   0.150797E-02   0.663350E-03   0.135648E-02   0.350000E-03
 147   0.413440E-03   0.219346E-03   0.406952E-02   0.849407E-03   0.200000E-03
 148  -0.979999E-03   0.149254E-02   0.531230E-02   0.288926E-03   0.300000E-03
 149   0.752307E-03   0.972096E-04   0.611262E-02   0.192785E-02   0.450000E-03
 150  -0.144520E-03   0.870282E-03   0.755211E-02   0.148126E-02   0.200000E-03
 151  -0.143783E-02   0.105280E-02   0.938864E-02   0.161455E-02   0.200000E-03
 152   0.431325E-04   0.101043E-02   0.103937E-01   0.140969E-02   0.200000E-03
 153  -0.578043E-03   0.664243E-03   0.111806E-01   0.136473E-02   0.300000E-03
 154  -0.656388E-03   0.786179E-03   0.125863E-01   0.964939E-03   0.400000E-03
 155  -0.124795E-02   0.145452E-02   0.137741E-01   0.886117E-03   0.200000E-03
 156  -0.691524E-03  -0.431799E-03   0.148081E-01   0.121853E-02   0.400000E-03
 157  -0.762773E-04  -0.208985E-03   0.159425E-01   0.139342E-02   0.400000E-03
 158  -0.525259E-03  -0.630987E-03   0.173942E-01   0.185239E-02   0.350000E-03
 159   0.192895E-03  -0.121686E-02   0.177865E-01   0.147090E-02   0.200000E-03
 160  -0.266549E-03  -0.128785E-02   0.182031E-01   0.163980E-02   0.250000E-03
 161  -0.475496E-03   0.772176E-03   0.196181E-01   0.181395E-02   0.250000E-03
 162  -0.563957E-03  -0.129568E-02   0.209401E-01   0.182065E-02   0.200000E-03
 163  -0.967747E-03   0.141752E-03   0.221224E-01   0.111262E-02   0.350000E-03
 164  -0.143215E-02  -0.381532E-03   0.227419E-01   0.218405E-02   0.300000E-03
 165  -0.312023E-03  -0.120110E-02   0.248232E-01   0.157982E-02   0.250000E-03
 166  -0.422476E-03  -0.784279E-03   0.256428E-01   0.155923E-02   0.250000E-03
 167  -0.133542E-03  -0.552109E-03   0.266305E-01   0.113320E-02   0.400000E-03
 168  -0.374241E-03  -0.998529E-03   0.285928E-01   0.153744E-02   0.250000E-03
 169  -0.631941E-04  -0.992693E-03   0.302027E-01   0.171548E-02   0.200000E-03
 170   0.100220E-03  -0.983654E-03   0.307960E-01   0.179078E-02   0.400000E-03
 171  -0.196248E-02  -0.623264E-03   0.335290E-01   0.912208E-03   0.300000E-03
 172  -0.162162E-02  -0.628393E-03   0.341711E-01   0.118923E-02   0.400000E-03
 173  -0.106164E-02  -0.567431E-03   0.356457E-01   0.118313E-02   0.300000E-03
 174  -0.172320E-02  -0.980722E-04   0.368732E-01   0.103680E-02   0.350000E-03
 175  -0.536305E-03  -0.575701E-03   0.390159E-01   0.885246E-03   0.300000E-03
 176  -0.906869E-03   0.641038E-03   0.400796E-01   0.989548E-03   0.200000E-03
 177  -0.181332E-02  -0.834133E-03   0.406039E-01   0.785360E-03   0.300000E-03
 178  -0.110668E-02  -0.418335E-03   0.443994E-01   0.143704E-02   0.200000E-03
 179   0.274312E-02   0.144041E-02   0.426993E-01   0.195598E-03   0.200000E-03
 180  -0.142166E-02   0.242953E-03   0.400378E-01   0.752883E-02   0.300000E-03
 181   0.226757E-03   0.884014E-03   0.197157E-03   0.107686E-02   0.200000E-03
 182   0.697878E-04   0.228923E-03   0.139176E-02   0.214969E-02   0.200000E-03
 183  -0.483975E-03  -0.449998E-03   0.337219E-02   0.295310E-03   0.300000E-03
 184  -0.325053E-03   0.830157E-03   0.538447E-02   0.159730E-02   0.350000E-03
 185  -0.132409E-03   0.689331E-04   0.624644E-02   0.261060E-02   0.250000E-03
 186  -0.361752E-03   0.149155E-03   0.679481E-02   0.186568E-02   0.200000E-03
 187  -0.588901E-03   0.409389E-03   0.791117E-02   0.181845E-02   0.300000E-03
 188  -0.179536E-03   0.534408E-03   0.962907E-02   0.199495E-02   0.250000E-03
 189  -0.144376E-03   0.813728E-03   0.117134E-01   0.125130E-02   0.250000E-03
 190  -0.331907E-03   0.101734E-02   0.119552E-01   0.819785E-03   0.250000E-03
 191  -0.988103E-03   0.112191E-02   0.139964E-01   0.126613E-02   0.250000E-03
 192  -0.133954E-02   0.567772E-03   0.143041E-01   0.183289E-02   0.400000E-03
 193  -0.275121E-03   0.320831E-03   0.153145E-01   0.170172E-02   0.300000E-03
 194   0.369835E-03   0.173185E-03   0.165121E-01   0.194834E-02   0.400000E-03
 195  -0.721174E-03  -0.594958E-03   0.179523E-01   0.207188E-02   0.250000E-03
 196  -0.141384E-02  -0.818888E-03   0.191382E-01   0.151763E-02   0.300000E-03
 197  -0.854235E-03   0.501392E-03   0.199882E-01   0.228535E-02   0.350000E-03
 198  -0.171588E-03  -0.153396E-02   0.206343E-01   0.221314E-02   0.300000E-03
 199  -0.722296E-03  -0.704421E-03   0.214989E-01   0.150617E-02   0.300000E-03
 200  -0.585823E-04  -0.312567E-03   0.222443E-01   0.216180E-02   0.200000E-03
 201  -0.167127E-02  -0.108995E-02   0.242754E-01   0.157981E-02   0.300000E-03
 202  -0.901355E-03  -0.184317E-03   0.259872E-01   0.120423E-02   0.250000E-03
 203  -0.195025E-03  -0.138547E-03   0.265735E-01   0.182597E-02   0.300000E-03
 204  -0.341547E-03  -0.926149E-03   0.270888E-01   0.159052E-02   0.250000E-03
 205  -0.985455E-03  -0.867561E-03   0.296188E-01   0.159471E-02   0.400000E-03
 206  -0.133600E-02  -0.428034E-03   0.322488E-01   0.179532E-02   0.350000E-03
 207  -0.141915E-02  -0.100079E-02   0.328873E-01   0.129813E-02   0.450000E-03
 208  -0.137617E-02  -0.817755E-03   0.335962E-01   0.166522E-02   0.350000E-03
 209  -0.155421E-02  -0.231312E-03   0.362394E-01   0.125770E-02   0.300000E-03
 210  -0.168547E-02  -0.244229E-03   0.366469E-01   0.153570E-02   0.200000E-03
 211  -0.184352E-02  -0.196332E-03   0.370623E-01   0.169132E-02   0.250000E-03
 212  -0.985464E-03  -0.748407E-03   0.400592E-01   0.591522E-03   0.200000E-03
 213  -0.118998E-02  -0.853794E-03   0.411271E-01   0.623812E-03   0.250000E-03
 214   0.134559E-02  -0.160681E-02   0.420765E-01   0.551084E-03   0.200000E-03
 215  -0.251385E-02   0.179758E-02   0.443011E-01   0.149729E-03   0.150000E-03
 216  -0.707524E-03   0.707608E-03   0.216918E-01   0.888340E-02   0.400000E-03
 217  -0.492615E-03  -0.809957E-03   0.142438E-01   0.926909E-02   0.350000E-03
 218  -0.742570E-04   0.241492E-03   0.858081E-03   0.202447E-02   0.350000E-03
 219  -0.394838E-03  -0.225366E-03   0.372069E-02   0.653596E-03   0.200000E-03
 220  -0.448537E-04   0.332647E-03   0.457334E-02   0.129675E-02   0.400000E-03
 221  -0.347620E-03  -0.628923E-04   0.531807E-02   0.218573E-02   0.250000E-03
 222  -0.556692E-03   0.249489E-03   0.730960E-02   0.205837E-02   0.350000E-03
 223  -0.108505E-02  -0.757163E-04   0.903368E-02   0.202678E-02   0.350000E-03
 224   0.138251E-03   0.345790E-03   0.102222E-01   0.193079E-02   0.350000E-03
 225  -0.504026E-04   0.525021E-03   0.107426E-01   0.159533E-02   0.200000E-03
 226  -0.545118E-03   0.506737E-03   0.121832E-01   0.153279E-02   0.300000E-03
 227  -0.137238E-02   0.148349E-03   0.130263E-01   0.143812E-02   0.250000E-03
 228  -0.679672E-03   0.389501E-03   0.148691E-01   0.176423E-02   0.150000E-03
 229  -0.245538E-03   0.119159E-03   0.158705E-01   0.203688E-02   0.250000E-03
 230  -0.474395E-03  -0.849096E-03   0.175543E-01   0.248030E-02   0.300000E-03
 231  -0.904845E-03  -0.902036E-03   0.183700E-01   0.228667E-02   0.200000E-03
 232  -0.120559E-02  -0.915971E-03   0.186847E-01   0.190571E-02   0.300000E-03
 233   0.207149E-04  -0.346438E-04   0.192343E-01   0.233643E-02   0.400000E-03
 234   0.912557E-03  -0.544629E-03   0.213539E-01   0.209768E-02   0.300000E-03
 235  -0.784657E-03   0.421865E-03   0.224306E-01   0.167948E-02   0.300000E-03
 236  -0.154531E-02   0.238551E-03   0.233354E-01   0.216025E-02   0.300000E-03
 237  -0.196032E-02  -0.977624E-04   0.239837E-01   0.215990E-02   0.350000E-03
 238  -0.205970E-03  -0.111824E-02   0.252380E-01   0.175069E-02   0.200000E-03
 239  -0.266455E-03  -0.247011E-03   0.267354E-01   0.234901E-02   0.250000E-03
 240  -0.400223E-03  -0.776062E-03   0.290363E-01   0.147805E-02   0.200000E-03
 241  -0.438480E-03  -0.251633E-03   0.302080E-01   0.225246E-02   0.350000E-03
 242  -0.165782E-02  -0.465031E-03   0.315505E-01   0.174729E-02   0.350000E-03
 243  -0.157609E-02  -0.409704E-03   0.329716E-01   0.224021E-02   0.500000E-03
 244  -0.197486E-02  -0.551599E-03   0.354473E-01   0.198383E-02   0.200000E-03
 245  -0.866219E-03  -0.150843E-03   0.349282E-01   0.180731E-02   0.350000E-03
 246  -0.168286E-02  -0.223402E-03   0.365896E-01   0.213111E-02   0.400000E-03
 247  -0.150057E-02  -0.642367E-05   0.379907E-01   0.138838E-02   0.350000E-03
 248   0.540668E-03  -0.764806E-03   0.396115E-01   0.813629E-03   0.300000E-03
 249  -0.785475E-03  -0.608284E-03   0.416461E-01   0.794607E-03   0.300000E-03
 250  -0.164623E-03   0.527772E-03   0.437357E-01   0.242671E-03   0.250000E-03
 251  -0.137125E-02   0.903470E-04   0.446050E-01   0.297996E-02   0.400000E-03
 252  -0.161924E-02  -0.113562E-03   0.337807E-01   0.772749E-02   0.350000E-03
 253  -0.316635E-03  -0.279109E-03   0.212834E-02   0.739639E-02   0.350000E-03
 254   0.219811E-03   0.589209E-03   0.138328E-02   0.944384E-03   0.350000E-03
 255   0.102433E-04  -0.691946E-04   0.228764E-02   0.973223E-03   0.300000E-03
 256  -0.189499E-03   0.888656E-04   0.482216E-02   0.194865E-02   0.300000E-03
 257  -0.288454E-03  -0.999109E-04   0.673508E-02   0.236133E-02   0.300000E-03
 258  -0.750049E-03   0.184765E-03   0.837914E-02   0.226458E-02   0.350000E-03
 259  -0.126698E-02   0.293834E-04   0.904915E-02   0.282312E-02   0.450000E-03
 260  -0.373790E-03   0.485336E-04   0.987434E-02   0.259504E-02   0.400000E-03
 261  -0.210440E-03   0.207424E-03   0.116490E-01   0.179549E-02   0.300000E-03
 262  -0.839356E-03  -0.279033E-03   0.121687E-01   0.218249E-02   0.350000E-03
 263  -0.514334E-03   0.445713E-03   0.135702E-01   0.168678E-02   0.350000E-03
 264  -0.844043E-03   0.937081E-03   0.148847E-01   0.221313E-02   0.300000E-03
 265  -0.933421E-03  -0.108396E-02   0.166330E-01   0.253603E-02   0.200000E-03
 266  -0.454974E-03  -0.618729E-03   0.170307E-01   0.232446E-02   0.250000E-03
 267  -0.258834E-03  -0.903916E-03   0.171205E-01   0.281243E-02   0.250000E-03
 268  -0.959398E-04   0.647298E-04   0.186580E-01   0.263086E-02   0.250000E-03
 269   0.797296E-03  -0.572800E-03   0.190998E-01   0.297219E-02   0.250000E-03
 270  -0.246888E-03  -0.728384E-03   0.196972E-01   0.292054E-02   0.350000E-03
 271   0.422830E-03   0.106760E-03   0.219143E-01   0.185764E-02   0.250000E-03
 272  -0.554438E-03  -0.167214E-02   0.223474E-01   0.275252E-02   0.400000E-03
 273  -0.214171E-02  -0.120355E-02   0.235561E-01   0.281177E-02   0.400000E-03
 274   0.194793E-03   0.247605E-03   0.258047E-01   0.202550E-02   0.250000E-03
 275  -0.423591E-03   0.247438E-04   0.262434E-01   0.226257E-02   0.250000E-03
 276  -0.605357E-04  -0.860651E-03   0.274927E-01   0.195700E-02   0.300000E-03
 277  -0.103573E-02  -0.989540E-03   0.294572E-01   0.216973E-02   0.200000E-03
 278  -0.139865E-02  -0.530477E-03   0.318787E-01   0.238790E-02   0.350000E-03
 279  -0.159920E-02  -0.358036E-03   0.323854E-01   0.270142E-02   0.250000E-03
 280  -0.169423E-02  -0.357907E-03   0.342842E-01   0.187937E-02   0.300000E-03
 281  -0.164501E-02  -0.958505E-03   0.358785E-01   0.173178E-02   0.300000E-03
 282  -0.154427E-02  -0.375193E-03   0.375437E-01   0.179927E-02   0.250000E-03
 283  -0.121876E-02  -0.147049E-02   0.384948E-01   0.161640E-02   0.200000E-03
 284  -0.127896E-02  -0.205436E-03   0.385463E-01   0.116935E-02   0.250000E-03
 285  -0.134788E-02   0.585260E-03   0.410934E-01   0.121788E-02   0.350000E-03
 286  -0.165615E-02  -0.269148E-02   0.432179E-01   0.891115E-03   0.300000E-03
 287   0.534627E-04  -0.394615E-02   0.428412E-01   0.121530E-02   0.200000E-03
 288  -0.530377E-03  -0.167356E-03   0.589909E-02   0.793978E-02   0.350000E-03
 289  -0.430899E-04   0.316763E-03   0.246032E-03   0.227911E-02   0.250000E-03
 290  -0.543528E-04   0.316040E-03   0.185223E-02   0.138451E-02   0.300000E-03
 291  -0.142153E-03   0.249343E-04   0.249662E-02   0.164102E-02   0.400000E-03
 292  -0.559600E-03   0.486859E-03   0.312323E-02   0.151322E-02   0.250000E-03
 293  -0.839494E-03  -0.209400E-03   0.570063E-02   0.257310E-02   0.300000E-03
 294  -0.527501E-03  -0.134024E-03   0.821719E-02   0.299038E-02   0.400000E-03
 295  -0.521933E-03   0.447757E-03   0.969247E-02   0.337387E-02   0.400000E-03
 296   0.475029E-04   0.272532E-04   0.111146E-01   0.190794E-02   0.250000E-03
 297   0.486088E-04   0.268328E-05   0.107188E-01   0.194013E-02   0.150000E-03
 298  -0.132764E-02   0.118407E-03   0.126538E-01   0.168861E-02   0.200000E-03
 299  -0.666015E-03   0.216200E-03   0.138906E-01   0.232829E-02   0.250000E-03
 300  -0.645204E-03  -0.904242E-03   0.148921E-01   0.270978E-02   0.200000E-03
 301  -0.643018E-03   0.102799E-02   0.154504E-01   0.238133E-02   0.300000E-03
 302  -0.519865E-03   0.266341E-03   0.170772E-01   0.335588E-02   0.300000E-03
 303  -0.825557E-03  -0.718606E-03   0.180462E-01   0.251148E-02   0.200000E-03
 304  -0.465139E-03   0.165944E-03   0.182465E-01   0.291131E-02   0.250000E-03
 305  -0.664414E-03  -0.188149E-03   0.193865E-01   0.331002E-02   0.150000E-03
 306  -0.636397E-03   0.592869E-03   0.204326E-01   0.282506E-02   0.350000E-03
 307   0.545694E-03  -0.656950E-03   0.218383E-01   0.235032E-02   0.250000E-03
 308  -0.246112E-04  -0.115603E-02   0.227911E-01   0.335190E-02   0.350000E-03
 309  -0.108338E-02   0.468630E-03   0.245700E-01   0.261827E-02   0.400000E-03
 310  -0.381129E-03  -0.116198E-03   0.251595E-01   0.224317E-02   0.300000E-03
 311  -0.220914E-03  -0.116426E-03   0.272910E-01   0.257030E-02   0.350000E-03
 312  -0.380219E-03  -0.530455E-03   0.281395E-01   0.192239E-02   0.350000E-03
 313  -0.552660E-03  -0.446878E-03   0.296955E-01   0.254717E-02   0.250000E-03
 314   0.339560E-03  -0.447356E-03   0.312365E-01   0.233227E-02   0.300000E-03
 315  -0.179559E-02  -0.450027E-03   0.334592E-01   0.286636E-02   0.300000E-03
 316  -0.135719E-02  -0.627591E-03   0.338164E-01   0.232899E-02   0.350000E-03
 317  -0.105805E-02  -0.226736E-03   0.350626E-01   0.254310E-02   0.400000E-03
 318  -0.168058E-02  -0.316761E-03   0.358497E-01   0.242616E-02   0.400000E-03
 319  -0.735019E-03   0.938165E-04   0.389690E-01   0.143270E-02   0.250000E-03
 320   0.416457E-03  -0.661115E-03   0.398288E-01   0.142076E-02   0.300000E-03
 321  -0.152874E-02  -0.411429E-03   0.404237E-01   0.134951E-02   0.300000E-03
 322   0.325272E-02  -0.104502E-02   0.425896E-01   0.730539E-03   0.350000E-03
 323  -0.261363E-03  -0.721818E-03   0.439687E-01   0.211353E-02   0.350000E-03
 324  -0.160733E-02   0.422842E-03   0.396219E-01   0.716895E-02   0.250000E-03
 325   0.250786E-04  -0.379938E-03   0.151349E-02   0.760635E-02   0.300000E-03
 326   0.258476E-03   0.644825E-03   0.123660E-02   0.152354E-02   0.250000E-03
 327  -0.326709E-03   0.107501E-03   0.197807E-02   0.217885E-02   0.350000E-03
 328   0.269059E-03   0.215700E-03   0.380305E-02   0.163263E-02   0.450000E-03
 329  -0.670185E-03   0.434979E-04   0.661089E-02   0.313562E-02   0.400000E-03
 330  -0.418435E-03  -0.320691E-03   0.725462E-02   0.275150E-02   0.350000E-03
 331  -0.335029E-03   0.164763E-03   0.779677E-02   0.240817E-02   0.250000E-03
 332  -0.349367E-03   0.270876E-04   0.107995E-01   0.252942E-02   0.450000E-03
 333  -0.446608E-03   0.291150E-03   0.115346E-01   0.238334E-02   0.300000E-03
 334  -0.123908E-02   0.301176E-03   0.130255E-01   0.193602E-02   0.250000E-03
 335  -0.140745E-02   0.139840E-03   0.133994E-01   0.226343E-02   0.250000E-03
 336  -0.794602E-03   0.704728E-03   0.143917E-01   0.255466E-02   0.300000E-03
 337   0.793713E-04   0.701995E-03   0.161208E-01   0.252552E-02   0.300000E-03
 338  -0.531960E-03  -0.987389E-06   0.166959E-01   0.374156E-02   0.250000E-03
 339  -0.873537E-03  -0.125212E-03   0.176823E-01   0.311723E-02   0.350000E-03
 340  -0.704227E-03  -0.124350E-03   0.189961E-01   0.353014E-02   0.300000E-03
 341  -0.418388E-03  -0.731355E-03   0.201352E-01   0.339699E-02   0.300000E-03
 342  -0.814336E-03  -0.298595E-03   0.206275E-01   0.333861E-02   0.200000E-03
 343   0.720176E-03  -0.186112E-02   0.216578E-01   0.286540E-02   0.300000E-03
 344  -0.993640E-03   0.170043E-03   0.239080E-01   0.334426E-02   0.250000E-03
 345  -0.622922E-03   0.840644E-03   0.251658E-01   0.298191E-02   0.300000E-03
 346   0.396857E-03   0.385166E-03   0.256933E-01   0.261227E-02   0.350000E-03
 347  -0.322108E-03  -0.276916E-04   0.263863E-01   0.289516E-02   0.400000E-03
 348  -0.404781E-03  -0.739914E-03   0.289984E-01   0.197424E-02   0.300000E-03
 349  -0.746264E-03   0.224637E-03   0.301206E-01   0.284190E-02   0.250000E-03
 350  -0.176993E-02  -0.441080E-03   0.320771E-01   0.315390E-02   0.300000E-03
 351  -0.150770E-02  -0.262359E-03   0.328480E-01   0.307988E-02   0.350000E-03
 352  -0.152832E-02   0.564238E-04   0.344972E-01   0.310130E-02   0.400000E-03
 353  -0.143494E-02   0.315848E-03   0.358881E-01   0.301993E-02   0.200000E-03
 354  -0.149886E-02  -0.236601E-03   0.372362E-01   0.219314E-02   0.250000E-03
 355  -0.158244E-02  -0.228220E-03   0.380364E-01   0.203422E-02   0.300000E-03
 356  -0.813249E-03   0.318308E-04   0.393750E-01   0.162151E-02   0.200000E-03
 357  -0.923755E-03   0.145126E-03   0.408137E-01   0.179911E-02   0.300000E-03
 358  -0.922701E-03   0.985899E-03   0.416788E-01   0.133848E-02   0.250000E-03
 359  -0.118480E-02   0.284873E-03   0.442611E-01   0.529755E-02   0.250000E-03
 360   0.165368E-04  -0.123267E-02   0.447999E-01   0.417977E-02   0.200000E-03
 361   0.335249E-03   0.337698E-03   0.684948E-03   0.275074E-02   0.400000E-03
 362  -0.244054E-03   0.255696E-03   0.148241E-02   0.273883E-02   0.400000E-03
 363  -0.464205E-03  -0.639326E-03   0.308548E-02   0.201165E-02   0.250000E-03
 364  -0.309170E-04  -0.112929E-03   0.490666E-02   0.254176E-02   0.300000E-03
 365  -0.911244E-03  -0.321794E-03   0.591130E-02   0.313422E-02   0.300000E-03
 366  -0.606576E-03   0.707448E-04   0.617541E-02   0.367874E-02   0.300000E-03
 367  -0.676502E-03  -0.419973E-03   0.868855E-02   0.336097E-02   0.200000E-03
 368  -0.342016E-03   0.154938E-03   0.103403E-01   0.311551E-02   0.300000E-03
 369  -0.629433E-03   0.252195E-04   0.118652E-01   0.294202E-02   0.350000E-03
 370  -0.103916E-02  -0.188663E-03   0.128182E-01   0.254919E-02   0.400000E-03
 371  -0.824038E-03   0.135483E-03   0.137381E-01   0.285272E-02   0.300000E-03
 372  -0.360535E-03   0.802601E-04   0.150562E-01   0.328373E-02   0.400000E-03
 373  -0.700992E-03   0.124895E-02   0.156794E-01   0.292861E-02   0.300000E-03
 374   0.850033E-03   0.254479E-02   0.164031E-01   0.316326E-02   0.400000E-03
 375  -0.605926E-03   0.993552E-04   0.175435E-01   0.393667E-02   0.450000E-03
 376  -0.192107E-03  -0.299378E-03   0.186634E-01   0.308003E-02   0.200000E-03
 377  -0.754772E-03  -0.169388E-03   0.196025E-01   0.375982E-02   0.350000E-03
 378   0.249322E-03   0.239869E-04   0.210695E-01   0.262579E-02   0.300000E-03
 379  -0.701639E-03  -0.481277E-03   0.211712E-01   0.329247E-02   0.350000E-03
 380  -0.860470E-03  -0.442956E-03   0.220031E-01   0.341644E-02   0.350000E-03
 381  -0.988961E-03  -0.544330E-04   0.245000E-01   0.336197E-02   0.350000E-03
 382  -0.376840E-03  -0.658736E-04   0.267728E-01   0.347198E-02   0.300000E-03
 383  -0.486695E-03  -0.359053E-04   0.278794E-01   0.246063E-02   0.250000E-03
 384  -0.474020E-03  -0.601977E-03   0.285783E-01   0.239576E-02   0.300000E-03
 385  -0.544380E-03  -0.614206E-03   0.291493E-01   0.257045E-02   0.300000E-03
 386  -0.294536E-03  -0.293880E-04   0.307236E-01   0.263925E-02   0.300000E-03
 387  -0.172851E-02  -0.726920E-04   0.324742E-01   0.366515E-02   0.350000E-03
 388  -0.184501E-02   0.269122E-03   0.354187E-01   0.345757E-02   0.450000E-03
 389  -0.142290E-02   0.166817E-03   0.360621E-01   0.337740E-02   0.200000E-03
 390  -0.162496E-02   0.267724E-03   0.364780E-01   0.291900E-02   0.400000E-03
 391  -0.128953E-02  -0.941612E-04   0.376813E-01   0.251518E-02   0.300000E-03
 392  -0.104877E-02  -0.119819E-03   0.390479E-01   0.192604E-02   0.250000E-03
 393  -0.153094E-02  -0.260338E-03   0.396149E-01   0.211646E-02   0.350000E-03
 394   0.499301E-03   0.920931E-03   0.422232E-01   0.126669E-02   0.300000E-03
 395  -0.373509E-03  -0.460520E-03   0.439042E-01   0.146893E-02   0.300000E-03
 396  -0.149901E-02  -0.157605E-02   0.444221E-01   0.241587E-02   0.200000E-03
 397  -0.234652E-03  -0.636084E-04   0.972095E-03   0.349451E-02   0.400000E-03
 398  -0.536254E-04  -0.245673E-03   0.263489E-02   0.232692E-02   0.300000E-03
 399   0.476862E-03  -0.393164E-03   0.353404E-02   0.232968E-02   0.300000E-03
 400   0.153391E-04  -0.196984E-03   0.423260E-02   0.236505E-02   0.400000E-03
 401  -0.786857E-03   0.539371E-04   0.574751E-02   0.393063E-02   0.200000E-03
 402  -0.441543E-03   0.416814E-04   0.728947E-02   0.344628E-02   0.350000E-03
 403  -0.825094E-03  -0.880878E-04   0.852913E-02   0.377932E-02   0.250000E-03
 404  -0.399574E-03  -0.111014E-03   0.906827E-02   0.368594E-02   0.300000E-03
 405  -0.691931E-03  -0.106892E-03   0.119686E-01   0.349251E-02   0.200000E-03
 406  -0.963927E-03   0.273908E-04   0.125296E-01   0.328912E-02   0.400000E-03
 407  -0.872472E-03   0.155814E-03   0.132087E-01   0.312821E-02   0.300000E-03
 408  -0.103101E-02   0.117051E-03   0.142589E-01   0.331850E-02   0.400000E-03
 409  -0.803907E-03  -0.127785E-03   0.157471E-01   0.356783E-02   0.350000E-03
 410  -0.674524E-03   0.893696E-04   0.162207E-01   0.400644E-02   0.300000E-03
 411  -0.430081E-03  -0.165775E-05   0.167495E-01   0.428535E-02   0.300000E-03
 412  -0.458089E-03  -0.160488E-04   0.182998E-01   0.355619E-02   0.400000E-03
 413  -0.254692E-03   0.235902E-03   0.202870E-01   0.397420E-02   0.300000E-03
 414  -0.825490E-03  -0.239285E-03   0.207923E-01   0.375712E-02   0.250000E-03
 415  -0.101491E-02  -0.343615E-03   0.208329E-01   0.440571E-02   0.400000E-03
 416  -0.495793E-03  -0.455544E-05   0.224508E-01   0.401696E-02   0.400000E-03
 417   0.776573E-03  -0.770656E-03   0.234047E-01   0.355329E-02   0.300000E-03
 418  -0.567199E-03  -0.888014E-04   0.251393E-01   0.362842E-02   0.350000E-03
 419  -0.379701E-03  -0.472170E-04   0.277962E-01   0.305314E-02   0.350000E-03
 420  -0.716639E-03   0.795376E-04   0.283720E-01   0.289826E-02   0.250000E-03
 421  -0.624781E-03   0.309858E-04   0.296002E-01   0.313253E-02   0.350000E-03
 422  -0.113816E-02  -0.337034E-03   0.313328E-01   0.307502E-02   0.450000E-03
 423  -0.130374E-02   0.792563E-04   0.338148E-01   0.340020E-02   0.350000E-03
 424  -0.153200E-02   0.544215E-04   0.347351E-01   0.375726E-02   0.300000E-03
 425  -0.167445E-02   0.627355E-04   0.369875E-01   0.339459E-02   0.300000E-03
 426  -0.165187E-02   0.208073E-03   0.371693E-01   0.282070E-02   0.300000E-03
 427  -0.183331E-02   0.276935E-03   0.380319E-01   0.312695E-02   0.300000E-03
 428  -0.131452E-02  -0.725900E-04   0.385797E-01   0.209364E-02   0.250000E-03
 429  -0.173451E-02   0.300442E-05   0.402276E-01   0.191098E-02   0.300000E-03
 430  -0.142294E-02  -0.214747E-03   0.419449E-01   0.187025E-02   0.350000E-03
 431  -0.964081E-03  -0.152551E-03   0.426859E-01   0.179113E-02   0.400000E-03
 432  -0.125562E-02  -0.368993E-03   0.433084E-01   0.147890E-02   0.300000E-03
 433   0.197336E-03   0.328025E-03   0.347719E-03   0.396846E-02   0.350000E-03
 434  -0.721995E-04   0.313665E-03   0.158309E-02   0.180075E-02   0.200000E-03
 435   0.118658E-03   0.600066E-04   0.314104E-02   0.284383E-02   0.350000E-03
 436  -0.540285E-03  -0.641226E-03   0.528948E-02   0.293359E-02   0.250000E-03
 437  -0.935860E-03  -0.342178E-03   0.563281E-02   0.354804E-02   0.200000E-03
 438  -0.561326E-03   0.401040E-04   0.675825E-02   0.381789E-02   0.300000E-03
 439  -0.676864E-03   0.410040E-04   0.793935E-02   0.368308E-02   0.350000E-03
 440   0.185810E-03   0.906487E-04   0.108796E-01   0.376213E-02   0.200000E-03
 441   0.257005E-04   0.264297E-03   0.109198E-01   0.326651E-02   0.300000E-03
 442  -0.898795E-03   0.533099E-03   0.130860E-01   0.371367E-02   0.300000E-03
 443  -0.155509E-03  -0.123098E-03   0.136300E-01   0.348148E-02   0.250000E-03
 444  -0.497311E-03  -0.282241E-03   0.152307E-01   0.395938E-02   0.300000E-03
 445  -0.358697E-03  -0.188548E-04   0.157020E-01   0.447353E-02   0.400000E-03
 446  -0.392711E-03  -0.429187E-04   0.162990E-01   0.449530E-02   0.200000E-03
 447  -0.608406E-03  -0.535816E-04   0.172433E-01   0.461925E-02   0.300000E-03
 448  -0.320275E-03   0.458388E-04   0.183394E-01   0.445285E-02   0.500000E-03
 449  -0.848372E-03  -0.122079E-04   0.192322E-01   0.440662E-02   0.400000E-03
 450  -0.204367E-04   0.103032E-03   0.199263E-01   0.445035E-02   0.300000E-03
 451  -0.715280E-03  -0.548306E-03   0.214969E-01   0.396485E-02   0.400000E-03
 452  -0.317909E-03  -0.188599E-03   0.219430E-01   0.456389E-02   0.350000E-03
 453  -0.670138E-03   0.406030E-03   0.240493E-01   0.392266E-02   0.350000E-03
 454   0.246680E-03  -0.510843E-03   0.257609E-01   0.330875E-02   0.350000E-03
 455  -0.513309E-03   0.171501E-03   0.269738E-01   0.301666E-02   0.200000E-03
 456  -0.786716E-03   0.750789E-04   0.289034E-01   0.317173E-02   0.350000E-03
 457  -0.642345E-03   0.496750E-03   0.305315E-01   0.320280E-02   0.300000E-03
 458  -0.647717E-03  -0.261620E-03   0.307019E-01   0.382142E-02   0.350000E-03
 459  -0.110851E-02  -0.368796E-04   0.317809E-01   0.373601E-02   0.350000E-03
 460  -0.121164E-02  -0.186632E-04   0.341974E-01   0.385968E-02   0.250000E-03
 461  -0.172477E-02   0.130795E-03   0.364676E-01   0.356634E-02   0.250000E-03
 462  -0.972179E-03   0.362487E-03   0.376474E-01   0.426903E-02   0.300000E-03
 463  -0.146773E-02  -0.320515E-03   0.382745E-01   0.258139E-02   0.300000E-03
 464  -0.155798E-02  -0.318477E-03   0.390150E-01   0.263815E-02   0.450000E-03
 465  -0.133279E-02   0.289206E-03   0.407078E-01   0.238578E-02   0.300000E-03
 466  -0.220462E-02  -0.377322E-04   0.411764E-01   0.255609E-02   0.200000E-03
 467  -0.905798E-03   0.178055E-03   0.435690E-01   0.255846E-02   0.250000E-03
 468  -0.166793E-02   0.506990E-03   0.435746E-01   0.383218E-02   0.350000E-03
 469  -0.126278E-03   0.108080E-03   0.105359E-02   0.433862E-02   0.450000E-03
 470  -0.188576E-03   0.213316E-03   0.217957E-02   0.279309E-02   0.300000E-03
 471  -0.111353E-03   0.649775E-04   0.385585E-02   0.306936E-02   0.400000E-03
 472  -0.357292E-03   0.117441E-03   0.455290E-02   0.301972E-02   0.300000E-03
 473  -0.772536E-03  -0.225717E-03   0.503363E-02   0.352755E-02   0.400000E-03
 474  -0.485528E-03   0.341613E-04   0.744354E-02   0.401876E-02   0.250000E-03
 475  -0.737202E-03   0.231036E-03   0.811040E-02   0.435816E-02   0.350000E-03
 476  -0.314374E-03  -0.316212E-04   0.954118E-02   0.405333E-02   0.300000E-03
 477  -0.153172E-03   0.519745E-04   0.113157E-01   0.292361E-02   0.200000E-03
 478  -0.832571E-03  -0.243746E-03   0.122354E-01   0.397295E-02   0.350000E-03
 479  -0.843021E-03  -0.663430E-03   0.141994E-01   0.396349E-02   0.250000E-03
 480  -0.587101E-03   0.417129E-03   0.146799E-01   0.381318E-02   0.250000E-03
 481  -0.606306E-03  -0.745130E-04   0.148005E-01   0.429817E-02   0.250000E-03
 482  -0.508168E-03   0.122225E-03   0.162791E-01   0.508866E-02   0.400000E-03
 483  -0.850747E-03   0.111894E-03   0.169752E-01   0.515418E-02   0.300000E-03
 484  -0.576155E-03  -0.385228E-03   0.186281E-01   0.519704E-02   0.300000E-03
 485  -0.406044E-03   0.611386E-03   0.196414E-01   0.503329E-02   0.350000E-03
 486  -0.672972E-03  -0.680274E-03   0.202951E-01   0.492107E-02   0.300000E-03
 487  -0.591552E-03  -0.433361E-04   0.213547E-01   0.493928E-02   0.350000E-03
 488  -0.402901E-03   0.262505E-04   0.218775E-01   0.510857E-02   0.200000E-03
 489  -0.933260E-03   0.144757E-03   0.246471E-01   0.396903E-02   0.250000E-03
 490  -0.567191E-03  -0.124514E-03   0.273098E-01   0.338885E-02   0.250000E-03
 491  -0.457487E-03  -0.173786E-03   0.283150E-01   0.344369E-02   0.300000E-03
 492  -0.401819E-03   0.363120E-03   0.292989E-01   0.380763E-02   0.400000E-03
 493  -0.243750E-03   0.652637E-04   0.300680E-01   0.358340E-02   0.300000E-03
 494  -0.102565E-02  -0.406454E-04   0.312364E-01   0.371684E-02   0.200000E-03
 495  -0.138113E-02   0.207244E-03   0.328831E-01   0.402754E-02   0.200000E-03
 496  -0.145924E-02  -0.137269E-03   0.359460E-01   0.419660E-02   0.350000E-03
 497  -0.153470E-02   0.389163E-04   0.361017E-01   0.372341E-02   0.150000E-03
 498  -0.118696E-02  -0.122332E-04   0.373550E-01   0.380379E-02   0.250000E-03
 499  -0.118092E-02  -0.144500E-03   0.375296E-01   0.333663E-02   0.250000E-03
 500  -0.141408E-02  -0.146248E-04   0.394008E-01   0.309763E-02   0.150000E-03
 501  -0.166864E-02   0.345202E-03   0.401634E-01   0.245550E-02   0.250000E-03
 502  -0.207367E-02  -0.217702E-03   0.413360E-01   0.208676E-02   0.300000E-03
 503  -0.341618E-03   0.926204E-04   0.429746E-01   0.262659E-02   0.350000E-03
 504  -0.127791E-02  -0.578245E-03   0.433218E-01   0.207498E-02   0.300000E-03
 505  -0.137824E-03   0.124473E-03   0.165024E-02   0.380830E-02   0.350000E-03
 506  -0.164031E-03   0.177195E-03   0.187116E-02   0.325217E-02   0.250000E-03
 507  -0.247954E-03   0.252052E-03   0.332462E-02   0.343826E-02   0.250000E-03
 508  -0.243942E-03  -0.195202E-03   0.433724E-02   0.357596E-02   0.300000E-03
 509  -0.517287E-03  -0.217169E-03   0.609185E-02   0.422191E-02   0.250000E-03
 510  -0.289068E-03   0.165008E-03   0.749546E-02   0.455850E-02   0.300000E-03
 511  -0.886425E-03  -0.357053E-04   0.878412E-02   0.426534E-02   0.300000E-03
 512  -0.257794E-03   0.146437E-03   0.103320E-01   0.376282E-02   0.350000E-03
 513  -0.588499E-03   0.131002E-04   0.114721E-01   0.349055E-02   0.300000E-03
 514  -0.688311E-03  -0.238376E-03   0.128657E-01   0.437731E-02   0.400000E-03
 515  -0.146593E-02  -0.532362E-03   0.136138E-01   0.409282E-02   0.350000E-03
 516  -0.722588E-03   0.347811E-04   0.142642E-01   0.455781E-02   0.350000E-03
 517  -0.703699E-03  -0.226054E-03   0.151524E-01   0.448779E-02   0.150000E-03
 518  -0.869517E-04  -0.844599E-04   0.154923E-01   0.524071E-02   0.400000E-03
 519  -0.552982E-03   0.948109E-04   0.177295E-01   0.504064E-02   0.350000E-03
 520   0.243149E-03   0.380823E-04   0.191600E-01   0.546946E-02   0.300000E-03
 521  -0.834631E-03  -0.690946E-04   0.201296E-01   0.559999E-02   0.400000E-03
 522   0.303382E-03   0.392720E-04   0.207330E-01   0.525049E-02   0.250000E-03
 523  -0.479213E-03  -0.525599E-03   0.218574E-01   0.555629E-02   0.250000E-03
 524   0.213445E-03   0.101778E-04   0.231465E-01   0.409154E-02   0.300000E-03
 525  -0.775262E-03   0.261193E-04   0.251830E-01   0.437528E-02   0.400000E-03
 526  -0.609401E-03   0.876737E-04   0.256509E-01   0.392703E-02   0.250000E-03
 527  -0.241721E-03  -0.250203E-03   0.277756E-01   0.370271E-02   0.300000E-03
 528  -0.498490E-03   0.126867E-03   0.291615E-01   0.454371E-02   0.350000E-03
 529  -0.869753E-03   0.115927E-03   0.305233E-01   0.443758E-02   0.300000E-03
 530  -0.143651E-02  -0.461796E-03   0.321582E-01   0.406363E-02   0.150000E-03
 531  -0.944929E-03   0.215622E-03   0.330283E-01   0.359929E-02   0.200000E-03
 532  -0.161457E-02  -0.511388E-04   0.352022E-01   0.427812E-02   0.400000E-03
 533  -0.162023E-02   0.803837E-04   0.368321E-01   0.397279E-02   0.300000E-03
 534  -0.165999E-02   0.827030E-04   0.382311E-01   0.440637E-02   0.300000E-03
 535  -0.765764E-03  -0.569823E-04   0.379124E-01   0.373084E-02   0.300000E-03
 536  -0.105454E-02  -0.116019E-02   0.386559E-01   0.311658E-02   0.150000E-03
 537  -0.160208E-02   0.464174E-03   0.404413E-01   0.274143E-02   0.150000E-03
 538  -0.167204E-02  -0.671436E-04   0.417723E-01   0.249523E-02   0.300000E-03
 539  -0.115251E-02  -0.136121E-03   0.423637E-01   0.240840E-02   0.300000E-03
 540  -0.783221E-03   0.232098E-03   0.439706E-01   0.284691E-02   0.250000E-03
 541  -0.132021E-03   0.208559E-03   0.477858E-02   0.847276E-02   0.300000E-03
 542  -0.247194E-03   0.189936E-03   0.257989E-02   0.348136E-02   0.500000E-03
 543  -0.446130E-03   0.171103E-05   0.376648E-02   0.376348E-02   0.300000E-03
 544  -0.254467E-03   0.186604E-03   0.419826E-02   0.410343E-02   0.250000E-03
 545  -0.666820E-03   0.908657E-04   0.533274E-02   0.410134E-02   0.250000E-03
 546  -0.939690E-03  -0.307089E-03   0.859002E-02   0.498933E-02   0.450000E-03
 547  -0.464852E-03   0.245920E-03   0.928499E-02   0.459405E-02   0.300000E-03
 548  -0.312577E-03   0.159345E-04   0.977436E-02   0.449202E-02   0.200000E-03
 549  -0.127717E-03  -0.407341E-03   0.110685E-01   0.432854E-02   0.400000E-03
 550  -0.677255E-03  -0.259828E-03   0.116371E-01   0.401431E-02   0.250000E-03
 551  -0.544890E-03  -0.511956E-04   0.135390E-01   0.488939E-02   0.450000E-03
 552  -0.572927E-03  -0.182850E-03   0.142489E-01   0.525496E-02   0.350000E-03
 553  -0.508604E-03   0.532820E-03   0.148658E-01   0.479343E-02   0.250000E-03
 554  -0.545779E-03   0.246252E-03   0.150846E-01   0.574159E-02   0.250000E-03
 555  -0.458111E-03   0.228093E-03   0.160184E-01   0.584196E-02   0.400000E-03
 556  -0.826994E-03  -0.264273E-03   0.181403E-01   0.554171E-02   0.300000E-03
 557  -0.841785E-03  -0.108614E-03   0.188738E-01   0.482237E-02   0.150000E-03
 558  -0.308160E-03  -0.480325E-03   0.212238E-01   0.567374E-02   0.400000E-03
 559  -0.200336E-03  -0.123785E-02   0.226135E-01   0.464613E-02   0.250000E-03
 560  -0.397361E-03   0.711127E-04   0.237066E-01   0.441079E-02   0.250000E-03
 561  -0.623826E-03  -0.753202E-04   0.259356E-01   0.445251E-02   0.350000E-03
 562  -0.328793E-03   0.211524E-03   0.262372E-01   0.382202E-02   0.350000E-03
 563  -0.313911E-03   0.132514E-04   0.285584E-01   0.409805E-02   0.400000E-03
 564  -0.353685E-03   0.152376E-03   0.285632E-01   0.479672E-02   0.300000E-03
 565  -0.263020E-03   0.323161E-03   0.299102E-01   0.423600E-02   0.350000E-03
 566  -0.116838E-02  -0.116601E-03   0.312882E-01   0.436548E-02   0.450000E-03
 567  -0.199935E-02   0.241227E-03   0.333025E-01   0.328797E-02   0.150000E-03
 568  -0.137007E-02   0.335335E-04   0.338525E-01   0.384646E-02   0.100000E-03
 569  -0.172078E-02  -0.505263E-04   0.370074E-01   0.449099E-02   0.250000E-03
 570  -0.139899E-02   0.518743E-04   0.378209E-01   0.484298E-02   0.300000E-03
 571  -0.169512E-02   0.312398E-03   0.384758E-01   0.352557E-02   0.300000E-03
 572  -0.170860E-02   0.315941E-03   0.390581E-01   0.338683E-02   0.300000E-03
 573  -0.103767E-02  -0.644770E-04   0.397420E-01   0.280572E-02   0.300000E-03
 574  -0.172270E-02   0.630206E-03   0.414209E-01   0.320920E-02   0.500000E-03
 575  -0.137335E-02   0.201732E-03   0.421363E-01   0.290647E-02   0.250000E-03
 576  -0.122869E-02  -0.817988E-03   0.444177E-01   0.385762E-02   0.300000E-03
 577   0.203870E-03   0.237878E-03   0.298447E-03   0.461519E-02   0.300000E-03
 578  -0.507603E-04   0.227129E-04   0.261473E-02   0.432518E-02   0.350000E-03
 579  -0.537418E-03   0.925334E-04   0.476599E-02   0.429385E-02   0.350000E-03
 580  -0.645288E-03  -0.130180E-03   0.544492E-02   0.458576E-02   0.250000E-03
 581  -0.380103E-03   0.219380E-03   0.706485E-02   0.414713E-02   0.150000E-03
 582  -0.406866E-03   0.111042E-03   0.793423E-02   0.487902E-02   0.200000E-03
 583  -0.507310E-03  -0.166231E-03   0.993547E-02   0.490906E-02   0.250000E-03
 584  -0.325906E-03  -0.386558E-03   0.103323E-01   0.446105E-02   0.350000E-03
 585   0.288677E-03   0.694036E-03   0.107269E-01   0.515543E-02   0.450000E-03
 586  -0.906038E-03  -0.490773E-03   0.118744E-01   0.451016E-02   0.300000E-03
 587  -0.656455E-03  -0.264365E-03   0.123450E-01   0.467236E-02   0.200000E-03
 588  -0.501765E-03   0.236868E-03   0.136416E-01   0.553089E-02   0.200000E-03
 589  -0.474547E-03  -0.868083E-04   0.148460E-01   0.529268E-02   0.250000E-03
 590  -0.522470E-03   0.211227E-03   0.154440E-01   0.601055E-02   0.200000E-03
 591  -0.675508E-03   0.227726E-03   0.173807E-01   0.552363E-02   0.250000E-03
 592  -0.900999E-03  -0.729717E-04   0.181533E-01   0.613933E-02   0.300000E-03
 593   0.113923E-02   0.122382E-02   0.195167E-01   0.594933E-02   0.300000E-03
 594  -0.829621E-03  -0.689344E-04   0.206434E-01   0.614447E-02   0.350000E-03
 595  -0.172367E-03  -0.283694E-04   0.222641E-01   0.500902E-02   0.200000E-03
 596   0.931300E-04  -0.279797E-03   0.232065E-01   0.473716E-02   0.350000E-03
 597  -0.722054E-03   0.528050E-04   0.244101E-01   0.457374E-02   0.400000E-03
 598  -0.419753E-03  -0.132315E-03   0.266309E-01   0.439833E-02   0.350000E-03
 599  -0.594232E-03  -0.194656E-03   0.271848E-01   0.397172E-02   0.350000E-03
 600  -0.149495E-03   0.172116E-03   0.299120E-01   0.488403E-02   0.300000E-03
 601  -0.909162E-03  -0.618316E-05   0.305298E-01   0.507839E-02   0.350000E-03
 602  -0.131301E-02   0.143079E-03   0.309912E-01   0.488638E-02   0.150000E-03
 603  -0.141055E-02  -0.168279E-03   0.330327E-01   0.455518E-02   0.350000E-03
 604  -0.146563E-02   0.106554E-03   0.334271E-01   0.397806E-02   0.350000E-03
 605  -0.136848E-02  -0.180740E-03   0.364229E-01   0.477062E-02   0.400000E-03
 606  -0.162044E-02   0.727019E-04   0.385068E-01   0.513982E-02   0.450000E-03
 607  -0.176277E-02  -0.583846E-05   0.386422E-01   0.404453E-02   0.250000E-03
 608  -0.157799E-02  -0.263653E-03   0.396634E-01   0.346191E-02   0.300000E-03
 609  -0.117213E-02  -0.460708E-03   0.402567E-01   0.320006E-02   0.350000E-03
 610  -0.175807E-02   0.157596E-03   0.409130E-01   0.278572E-02   0.150000E-03
 611  -0.174748E-02   0.448934E-03   0.428068E-01   0.361269E-02   0.450000E-03
 612  -0.812832E-03  -0.307455E-03   0.434478E-01   0.314198E-02   0.350000E-03
 613  -0.346408E-03   0.353856E-03   0.104510E-01   0.861822E-02   0.350000E-03
 614  -0.251542E-03   0.163004E-04   0.314106E-02   0.447299E-02   0.200000E-03
 615  -0.228400E-03   0.160928E-05   0.368473E-02   0.441068E-02   0.350000E-03
 616  -0.694024E-03  -0.202005E-03   0.569622E-02   0.427598E-02   0.150000E-03
 617  -0.472774E-03  -0.945961E-04   0.664526E-02   0.445228E-02   0.350000E-03
 618  -0.869089E-03  -0.380177E-03   0.809488E-02   0.555049E-02   0.300000E-03
 619  -0.589375E-03  -0.120462E-03   0.930963E-02   0.519151E-02   0.300000E-03
 620  -0.488174E-03  -0.296917E-03   0.990063E-02   0.555581E-02   0.400000E-03
 621  -0.468266E-03  -0.184126E-03   0.114141E-01   0.533829E-02   0.250000E-03
 622  -0.544603E-03  -0.856573E-03   0.114487E-01   0.484802E-02   0.250000E-03
 623  -0.663385E-03  -0.215044E-03   0.126836E-01   0.510459E-02   0.350000E-03
 624  -0.841505E-03   0.111127E-03   0.139849E-01   0.573593E-02   0.200000E-03
 625  -0.455173E-03   0.290827E-03   0.145090E-01   0.589979E-02   0.350000E-03
 626  -0.153964E-02  -0.124410E-02   0.166325E-01   0.550948E-02   0.150000E-03
 627  -0.929417E-03   0.315425E-03   0.169520E-01   0.565262E-02   0.200000E-03
 628  -0.759149E-03  -0.541105E-04   0.175625E-01   0.603879E-02   0.300000E-03
 629  -0.941089E-03  -0.126033E-03   0.188117E-01   0.649122E-02   0.450000E-03
 630  -0.389963E-03  -0.487499E-03   0.218503E-01   0.610617E-02   0.300000E-03
 631  -0.111872E-03   0.309755E-04   0.227496E-01   0.526590E-02   0.350000E-03
 632  -0.582940E-03  -0.166169E-03   0.238214E-01   0.494724E-02   0.300000E-03
 633  -0.761819E-03  -0.179663E-04   0.246682E-01   0.516561E-02   0.250000E-03
 634  -0.403477E-03  -0.572259E-04   0.271633E-01   0.451849E-02   0.200000E-03
 635  -0.187088E-03  -0.174598E-03   0.278053E-01   0.447212E-02   0.450000E-03
 636  -0.413550E-03   0.227442E-03   0.293786E-01   0.515434E-02   0.300000E-03
 637  -0.853085E-03  -0.339414E-03   0.303346E-01   0.569395E-02   0.300000E-03
 638  -0.159075E-02   0.357109E-03   0.321379E-01   0.473415E-02   0.350000E-03
 639  -0.150733E-02  -0.194208E-03   0.342915E-01   0.481019E-02   0.250000E-03
 640  -0.147662E-02  -0.984901E-04   0.345061E-01   0.430917E-02   0.300000E-03
 641  -0.144673E-02  -0.886144E-04   0.368900E-01   0.529052E-02   0.300000E-03
 642  -0.167494E-02   0.508542E-05   0.372778E-01   0.490465E-02   0.250000E-03
 643  -0.166025E-02   0.171156E-03   0.388118E-01   0.451104E-02   0.250000E-03
 644  -0.170741E-02  -0.200238E-04   0.392912E-01   0.405328E-02   0.400000E-03
 645  -0.119276E-02  -0.817620E-03   0.417266E-01   0.383857E-02   0.200000E-03
 646  -0.814476E-04  -0.791924E-03   0.407785E-01   0.330842E-02   0.150000E-03
 647  -0.491055E-03   0.313223E-03   0.425753E-01   0.300399E-02   0.200000E-03
 648  -0.137856E-02  -0.736442E-03   0.448033E-01   0.354443E-02   0.200000E-03
 649  -0.122776E-03   0.413181E-04   0.713759E-03   0.489088E-02   0.200000E-03
 650  -0.111739E-03   0.461465E-04   0.266879E-02   0.501691E-02   0.350000E-03
 651  -0.364106E-03   0.229118E-04   0.320580E-02   0.397637E-02   0.300000E-03
 652  -0.598280E-03  -0.570277E-04   0.457562E-02   0.490191E-02   0.200000E-03
 653  -0.386140E-03  -0.344444E-03   0.657075E-02   0.494560E-02   0.150000E-03
 654  -0.349856E-03  -0.103081E-03   0.746355E-02   0.525104E-02   0.400000E-03
 655  -0.802417E-03  -0.205053E-03   0.876958E-02   0.576720E-02   0.350000E-03
 656  -0.574125E-03  -0.187618E-03   0.935307E-02   0.590129E-02   0.250000E-03
 657  -0.336668E-03  -0.238366E-03   0.104764E-01   0.594099E-02   0.300000E-03
 658  -0.788035E-03  -0.388031E-03   0.119851E-01   0.515030E-02   0.350000E-03
 659  -0.480431E-03  -0.732016E-04   0.131565E-01   0.547300E-02   0.250000E-03
 660  -0.620465E-03  -0.141180E-03   0.136232E-01   0.621288E-02   0.400000E-03
 661  -0.593057E-03   0.200947E-03   0.150293E-01   0.628798E-02   0.300000E-03
 662  -0.659281E-03  -0.674337E-04   0.163601E-01   0.644656E-02   0.300000E-03
 663  -0.792704E-03   0.169049E-03   0.166524E-01   0.598398E-02   0.250000E-03
 664  -0.844964E-03  -0.129449E-03   0.177800E-01   0.654164E-02   0.250000E-03
 665  -0.825035E-03  -0.112805E-03   0.200104E-01   0.628889E-02   0.300000E-03
 666  -0.312603E-03   0.536867E-04   0.212523E-01   0.637174E-02   0.300000E-03
 667   0.271675E-03  -0.238298E-03   0.223550E-01   0.577748E-02   0.300000E-03
 668  -0.543428E-03  -0.339129E-04   0.233909E-01   0.536257E-02   0.300000E-03
 669  -0.917076E-03  -0.136327E-03   0.248716E-01   0.476586E-02   0.100000E-03
 670  -0.581244E-03   0.322982E-03   0.263737E-01   0.488270E-02   0.200000E-03
 671   0.234319E-04   0.682379E-04   0.285044E-01   0.530459E-02   0.200000E-03
 672  -0.162230E-03   0.606441E-04   0.281068E-01   0.510243E-02   0.250000E-03
 673  -0.815762E-03   0.222771E-03   0.310192E-01   0.556708E-02   0.350000E-03
 674  -0.113962E-02   0.676508E-04   0.315548E-01   0.511924E-02   0.350000E-03
 675  -0.125344E-02  -0.337886E-04   0.325041E-01   0.426355E-02   0.250000E-03
 676  -0.158767E-02  -0.131338E-03   0.347897E-01   0.477881E-02   0.250000E-03
 677  -0.145589E-02   0.690933E-04   0.369730E-01   0.598405E-02   0.400000E-03
 678  -0.173328E-02  -0.107050E-03   0.374306E-01   0.537907E-02   0.250000E-03
 679  -0.172245E-02   0.176339E-03   0.390946E-01   0.541950E-02   0.200000E-03
 680  -0.166756E-02   0.114503E-03   0.392681E-01   0.489908E-02   0.350000E-03
 681  -0.145426E-02  -0.858604E-04   0.410959E-01   0.388077E-02   0.250000E-03
 682  -0.136936E-02   0.686896E-03   0.421421E-01   0.340484E-02   0.250000E-03
 683  -0.191954E-02   0.471670E-04   0.440241E-01   0.454920E-02   0.500000E-03
 684  -0.868533E-03  -0.309180E-03   0.440453E-01   0.339044E-02   0.300000E-03
 685  -0.205014E-03  -0.155472E-03   0.349254E-03   0.730240E-02   0.350000E-03
 686  -0.268628E-03  -0.550690E-03   0.333086E-02   0.558964E-02   0.350000E-03
 687  -0.252746E-03   0.221296E-04   0.331298E-02   0.494142E-02   0.300000E-03
 688  -0.599590E-03  -0.155520E-03   0.501796E-02   0.483769E-02   0.250000E-03
 689  -0.191518E-03   0.118962E-03   0.706362E-02   0.480438E-02   0.200000E-03
 690  -0.250141E-03  -0.193109E-03   0.760432E-02   0.598086E-02   0.350000E-03
 691  -0.733183E-03  -0.175412E-03   0.877786E-02   0.648127E-02   0.350000E-03
 692  -0.548969E-03  -0.269300E-03   0.989901E-02   0.625487E-02   0.300000E-03
 693  -0.336248E-03  -0.233022E-03   0.103974E-01   0.648236E-02   0.250000E-03
 694  -0.367065E-03  -0.286543E-03   0.111179E-01   0.585270E-02   0.350000E-03
 695  -0.466955E-03  -0.120610E-03   0.129003E-01   0.601439E-02   0.350000E-03
 696  -0.638127E-03  -0.793461E-04   0.146266E-01   0.721006E-02   0.250000E-03
 697  -0.329950E-03  -0.189134E-03   0.143355E-01   0.662523E-02   0.400000E-03
 698  -0.984448E-03  -0.484147E-05   0.156710E-01   0.656586E-02   0.400000E-03
 699  -0.699131E-03  -0.142815E-03   0.170863E-01   0.661655E-02   0.450000E-03
 700  -0.947939E-03  -0.249450E-03   0.181886E-01   0.690724E-02   0.300000E-03
 701  -0.967375E-03  -0.777883E-04   0.195405E-01   0.665643E-02   0.300000E-03
 702  -0.858602E-03  -0.306161E-03   0.204182E-01   0.685568E-02   0.400000E-03
 703  -0.399739E-03  -0.307942E-03   0.230298E-01   0.596101E-02   0.400000E-03
 704  -0.483276E-03  -0.221349E-03   0.241586E-01   0.555927E-02   0.400000E-03
 705  -0.867932E-03  -0.957014E-04   0.251435E-01   0.502141E-02   0.250000E-03
 706  -0.648773E-03   0.338008E-03   0.259569E-01   0.505096E-02   0.250000E-03
 707  -0.549136E-03  -0.746555E-04   0.269642E-01   0.508082E-02   0.400000E-03
 708  -0.147587E-03  -0.196653E-05   0.298533E-01   0.543033E-02   0.250000E-03
 709  -0.171232E-02   0.742972E-03   0.320807E-01   0.528057E-02   0.200000E-03
 710  -0.144384E-02  -0.150743E-03   0.326617E-01   0.502613E-02   0.250000E-03
 711  -0.161630E-02  -0.270708E-03   0.337305E-01   0.460373E-02   0.350000E-03
 712  -0.153079E-02  -0.812656E-04   0.351329E-01   0.520778E-02   0.300000E-03
 713  -0.154094E-02   0.336265E-04   0.381615E-01   0.636381E-02   0.350000E-03
 714  -0.166245E-02   0.280801E-05   0.379348E-01   0.569900E-02   0.350000E-03
 715  -0.160422E-02   0.935807E-04   0.388279E-01   0.564198E-02   0.150000E-03
 716  -0.158637E-02   0.173115E-03   0.397326E-01   0.452937E-02   0.250000E-03
 717  -0.194930E-02  -0.472101E-03   0.400664E-01   0.366222E-02   0.150000E-03
 718  -0.136784E-02   0.264885E-03   0.421719E-01   0.390315E-02   0.250000E-03
 719  -0.122067E-02   0.109030E-02   0.448019E-01   0.545750E-02   0.200000E-03
 720  -0.896971E-03  -0.399740E-04   0.434124E-01   0.729135E-02   0.350000E-03
 721  -0.101700E-03  -0.207390E-05   0.215138E-02   0.403237E-02   0.200000E-03
 722  -0.282749E-03   0.975930E-04   0.202626E-02   0.510713E-02   0.300000E-03
 723  -0.387904E-03   0.287530E-04   0.425027E-02   0.459825E-02   0.250000E-03
 724  -0.533492E-03  -0.173124E-03   0.602623E-02   0.486843E-02   0.400000E-03
 725  -0.101058E-03  -0.492185E-04   0.692861E-02   0.512668E-02   0.150000E-03
 726  -0.383912E-03   0.162373E-03   0.652209E-02   0.549271E-02   0.400000E-03
 727  -0.853898E-03  -0.200208E-03   0.823390E-02   0.613332E-02   0.300000E-03
 728  -0.593597E-03  -0.254675E-03   0.937033E-02   0.639918E-02   0.250000E-03
 729  -0.186281E-03   0.226303E-03   0.971491E-02   0.682664E-02   0.300000E-03
 730  -0.597133E-03  -0.317467E-03   0.123663E-01   0.561343E-02   0.250000E-03
 731  -0.379798E-03  -0.164154E-03   0.122292E-01   0.621055E-02   0.350000E-03
 732  -0.610114E-03  -0.201323E-03   0.131191E-01   0.662050E-02   0.250000E-03
 733  -0.510583E-03  -0.271426E-03   0.149512E-01   0.683068E-02   0.250000E-03
 734  -0.793124E-03   0.119958E-03   0.161687E-01   0.690276E-02   0.200000E-03
 735  -0.837630E-03  -0.314738E-03   0.176163E-01   0.721401E-02   0.350000E-03
 736  -0.977710E-03  -0.325887E-03   0.191142E-01   0.728477E-02   0.400000E-03
 737  -0.100745E-02  -0.210680E-03   0.198063E-01   0.719206E-02   0.300000E-03
 738  -0.178806E-03   0.377132E-03   0.214896E-01   0.702750E-02   0.400000E-03
 739   0.386351E-03   0.363652E-03   0.224360E-01   0.641815E-02   0.350000E-03
 740  -0.384433E-03  -0.305460E-03   0.237455E-01   0.618127E-02   0.350000E-03
 741  -0.539706E-03   0.105901E-03   0.248195E-01   0.564066E-02   0.250000E-03
 742  -0.574309E-03  -0.355400E-04   0.263695E-01   0.533230E-02   0.250000E-03
 743  -0.696378E-04  -0.110741E-04   0.276097E-01   0.514175E-02   0.250000E-03
 744  -0.498339E-03   0.269340E-03   0.288814E-01   0.518197E-02   0.200000E-03
 745  -0.123664E-02  -0.694402E-03   0.316008E-01   0.571719E-02   0.250000E-03
 746  -0.142428E-02   0.633226E-04   0.328137E-01   0.560626E-02   0.350000E-03
 747  -0.132009E-02  -0.169981E-04   0.332797E-01   0.515489E-02   0.300000E-03
 748  -0.154045E-02  -0.142990E-03   0.356785E-01   0.485494E-02   0.350000E-03
 749  -0.150701E-02  -0.517099E-04   0.363201E-01   0.546165E-02   0.300000E-03
 750  -0.145439E-02   0.220837E-04   0.385070E-01   0.587527E-02   0.250000E-03
 751  -0.149152E-02   0.215454E-03   0.391636E-01   0.593430E-02   0.300000E-03
 752  -0.152148E-02   0.135909E-03   0.401817E-01   0.422289E-02   0.300000E-03
 753  -0.255955E-03  -0.163348E-02   0.407207E-01   0.301450E-02   0.150000E-03
 754  -0.956134E-03  -0.433272E-04   0.418910E-01   0.418534E-02   0.150000E-03
 755  -0.105596E-02  -0.755125E-03   0.425400E-01   0.414919E-02   0.150000E-03
 756  -0.100408E-02   0.279137E-03   0.431082E-01   0.671698E-02   0.300000E-03
 757  -0.202498E-03   0.142945E-03   0.183943E-02   0.448472E-02   0.350000E-03
 758  -0.309498E-03  -0.595017E-03   0.402284E-02   0.566519E-02   0.350000E-03
 759  -0.400225E-03   0.222513E-04   0.390601E-02   0.502572E-02   0.300000E-03
 760  -0.600588E-03  -0.254939E-04   0.473045E-02   0.556812E-02   0.300000E-03
 761  -0.515447E-03  -0.809547E-04   0.539932E-02   0.536267E-02   0.400000E-03
 762  -0.407657E-03   0.155448E-03   0.590408E-02   0.591368E-02   0.350000E-03
 763  -0.523699E-03  -0.865674E-04   0.688907E-02   0.620080E-02   0.400000E-03
 764  -0.834643E-03  -0.155618E-03   0.816155E-02   0.672866E-02   0.300000E-03
 765  -0.235690E-03  -0.169075E-04   0.115536E-01   0.639513E-02   0.350000E-03
 766  -0.485567E-03  -0.240465E-03   0.117610E-01   0.576087E-02   0.300000E-03
 767  -0.450532E-03  -0.156074E-03   0.126826E-01   0.651840E-02   0.200000E-03
 768  -0.587412E-03  -0.106517E-03   0.137284E-01   0.685350E-02   0.250000E-03
 769  -0.422746E-03  -0.704984E-04   0.152549E-01   0.734736E-02   0.350000E-03
 770  -0.381629E-03  -0.122705E-03   0.158365E-01   0.720541E-02   0.250000E-03
 771  -0.832633E-03  -0.122784E-03   0.165646E-01   0.678981E-02   0.100000E-03
 772  -0.103601E-02  -0.329735E-03   0.184727E-01   0.737391E-02   0.250000E-03
 773  -0.533126E-03   0.522968E-03   0.201971E-01   0.777186E-02   0.400000E-03
 774  -0.284629E-03   0.442349E-03   0.208720E-01   0.744800E-02   0.350000E-03
 775  -0.620593E-03  -0.225656E-03   0.232823E-01   0.655956E-02   0.250000E-03
 776  -0.573754E-03  -0.259739E-03   0.248827E-01   0.608569E-02   0.200000E-03
 777  -0.334689E-03  -0.288070E-03   0.255562E-01   0.484622E-02   0.200000E-03
 778  -0.617441E-03  -0.448532E-04   0.259565E-01   0.550013E-02   0.200000E-03
 779   0.121379E-03   0.181792E-03   0.277326E-01   0.567554E-02   0.300000E-03
 780  -0.371364E-03   0.214185E-03   0.293842E-01   0.580264E-02   0.350000E-03
 781  -0.554723E-03  -0.123377E-03   0.307110E-01   0.602229E-02   0.200000E-03
 782  -0.175521E-02   0.395667E-03   0.321479E-01   0.577548E-02   0.300000E-03
 783  -0.154595E-02  -0.673650E-04   0.339176E-01   0.527691E-02   0.350000E-03
 784  -0.146278E-02  -0.220911E-03   0.344688E-01   0.522121E-02   0.200000E-03
 785  -0.153065E-02  -0.953690E-04   0.356802E-01   0.555454E-02   0.350000E-03
 786  -0.151458E-02   0.368191E-04   0.375836E-01   0.620549E-02   0.250000E-03
 787  -0.152278E-02   0.124509E-03   0.397271E-01   0.613459E-02   0.300000E-03
 788  -0.151966E-02   0.219088E-03   0.396387E-01   0.549133E-02   0.350000E-03
 789  -0.115951E-02  -0.766742E-04   0.405628E-01   0.376351E-02   0.300000E-03
 790  -0.123733E-02   0.428542E-04   0.414570E-01   0.429011E-02   0.300000E-03
 791  -0.162492E-02   0.195135E-03   0.431092E-01   0.435374E-02   0.350000E-03
 792  -0.194128E-02   0.397598E-04   0.438782E-01   0.518239E-02   0.150000E-03
 793  -0.289273E-03  -0.530770E-03   0.284576E-02   0.548092E-02   0.150000E-03
 794  -0.276917E-03   0.300649E-03   0.244443E-02   0.546082E-02   0.150000E-03
 795  -0.631459E-03  -0.829005E-04   0.435931E-02   0.523409E-02   0.200000E-03
 796  -0.499307E-03  -0.267848E-03   0.266016E-02   0.646889E-02   0.300000E-03
 797  -0.295574E-03  -0.475584E-03   0.450392E-02   0.623896E-02   0.400000E-03
 798  -0.448669E-03  -0.449037E-03   0.516846E-02   0.602171E-02   0.300000E-03
 799  -0.263021E-03  -0.135680E-03   0.751407E-02   0.667139E-02   0.350000E-03
 800  -0.656349E-03   0.708155E-03   0.883277E-02   0.707784E-02   0.250000E-03
 801  -0.377981E-03  -0.127912E-03   0.108127E-01   0.675743E-02   0.250000E-03
 802  -0.196359E-03  -0.545793E-04   0.112814E-01   0.692901E-02   0.250000E-03
 803  -0.442464E-03  -0.127123E-03   0.120164E-01   0.677088E-02   0.250000E-03
 804  -0.526185E-03  -0.151232E-03   0.132668E-01   0.714975E-02   0.300000E-03
 805  -0.448880E-03  -0.965995E-04   0.140813E-01   0.727694E-02   0.300000E-03
 806  -0.658540E-03   0.430637E-03   0.157206E-01   0.763960E-02   0.200000E-03
 807  -0.105979E-02  -0.276741E-03   0.180454E-01   0.763279E-02   0.250000E-03
 808  -0.974957E-03   0.792974E-04   0.191336E-01   0.813308E-02   0.450000E-03
 809  -0.432276E-04   0.625876E-03   0.214577E-01   0.772605E-02   0.300000E-03
 810   0.367202E-03   0.369206E-03   0.221878E-01   0.701480E-02   0.300000E-03
 811  -0.311881E-03   0.891426E-04   0.237811E-01   0.682815E-02   0.300000E-03
 812  -0.335326E-03   0.803440E-04   0.243998E-01   0.621525E-02   0.300000E-03
 813  -0.909830E-03   0.259019E-04   0.254126E-01   0.555246E-02   0.350000E-03
 814  -0.364826E-03  -0.729484E-05   0.272364E-01   0.561505E-02   0.200000E-03
 815   0.905901E-04   0.151982E-03   0.286400E-01   0.588667E-02   0.400000E-03
 816  -0.876382E-03   0.112715E-03   0.312186E-01   0.607263E-02   0.200000E-03
 817  -0.914884E-03   0.299442E-03   0.302518E-01   0.628486E-02   0.300000E-03
 818  -0.151607E-02   0.395412E-03   0.325668E-01   0.620482E-02   0.300000E-03
 819  -0.141329E-02  -0.163818E-03   0.334523E-01   0.572910E-02   0.300000E-03
 820  -0.142237E-02  -0.167713E-03   0.347261E-01   0.564777E-02   0.300000E-03
 821  -0.143930E-02  -0.125759E-03   0.362309E-01   0.605288E-02   0.300000E-03
 822  -0.131019E-02  -0.367076E-03   0.378338E-01   0.692489E-02   0.300000E-03
 823  -0.133854E-02   0.111262E-03   0.387589E-01   0.630661E-02   0.250000E-03
 824  -0.167219E-02   0.186690E-03   0.408219E-01   0.555810E-02   0.350000E-03
 825  -0.168931E-02   0.160804E-03   0.402603E-01   0.498878E-02   0.450000E-03
 826  -0.162513E-02   0.136187E-03   0.408050E-01   0.440411E-02   0.350000E-03
 827  -0.147296E-02  -0.440950E-03   0.422294E-01   0.439913E-02   0.250000E-03
 828  -0.129543E-02  -0.211748E-05   0.402885E-01   0.692915E-02   0.350000E-03
 829  -0.505648E-03  -0.823515E-04   0.262739E-02   0.587136E-02   0.300000E-03
 830   0.175588E-03  -0.141548E-03   0.299849E-03   0.521442E-02   0.300000E-03
 831   0.148760E-03  -0.210384E-03   0.313575E-03   0.571323E-02   0.200000E-03
 832  -0.394904E-03  -0.673219E-04   0.310351E-02   0.614372E-02   0.250000E-03
 833  -0.484239E-03  -0.170248E-03   0.328377E-02   0.666200E-02   0.300000E-03
 834  -0.397451E-03  -0.521358E-03   0.509200E-02   0.661626E-02   0.300000E-03
 835  -0.179091E-03  -0.346518E-03   0.574494E-02   0.679892E-02   0.300000E-03
 836  -0.318434E-03  -0.162229E-03   0.757186E-02   0.736690E-02   0.350000E-03
 837  -0.410369E-03  -0.307141E-03   0.108127E-01   0.630882E-02   0.200000E-03
 838  -0.385628E-03  -0.232164E-03   0.117469E-01   0.730658E-02   0.350000E-03
 839  -0.438596E-03  -0.124330E-03   0.125704E-01   0.710717E-02   0.400000E-03
 840  -0.411480E-03   0.228365E-04   0.141575E-01   0.787520E-02   0.300000E-03
 841  -0.593841E-03   0.587452E-04   0.147430E-01   0.774690E-02   0.300000E-03
 842  -0.859037E-03  -0.301696E-03   0.170429E-01   0.751838E-02   0.300000E-03
 843  -0.102952E-02   0.287980E-04   0.184846E-01   0.787157E-02   0.250000E-03
 844  -0.582905E-03   0.474844E-03   0.198457E-01   0.837660E-02   0.300000E-03
 845  -0.318709E-03   0.429336E-03   0.208528E-01   0.814620E-02   0.350000E-03
 846   0.187369E-03   0.727877E-03   0.219646E-01   0.751643E-02   0.250000E-03
 847  -0.629755E-03   0.281020E-03   0.232517E-01   0.710731E-02   0.300000E-03
 848  -0.342973E-03   0.116294E-03   0.244750E-01   0.691056E-02   0.400000E-03
 849  -0.909540E-03   0.712354E-05   0.254081E-01   0.624832E-02   0.350000E-03
 850  -0.513568E-03  -0.221280E-04   0.267243E-01   0.562660E-02   0.200000E-03
 851  -0.472295E-03  -0.211066E-04   0.265941E-01   0.610596E-02   0.300000E-03
 852  -0.497301E-04   0.304561E-03   0.299047E-01   0.582672E-02   0.150000E-03
 853  -0.187538E-02  -0.554649E-03   0.317005E-01   0.633064E-02   0.350000E-03
 854  -0.175119E-02  -0.179596E-03   0.327846E-01   0.681652E-02   0.350000E-03
 855  -0.169597E-02   0.382756E-03   0.331644E-01   0.625502E-02   0.300000E-03
 856  -0.155760E-02  -0.132982E-03   0.341213E-01   0.599661E-02   0.400000E-03
 857  -0.143523E-02  -0.211771E-03   0.352154E-01   0.607395E-02   0.350000E-03
 858  -0.139327E-02   0.101208E-04   0.365645E-01   0.655046E-02   0.300000E-03
 859  -0.134576E-02  -0.160547E-04   0.392903E-01   0.646848E-02   0.250000E-03
 860  -0.160966E-02   0.175348E-03   0.402160E-01   0.578707E-02   0.300000E-03
 861  -0.174467E-02   0.206753E-03   0.415197E-01   0.557655E-02   0.350000E-03
 862  -0.162951E-02   0.113723E-03   0.409756E-01   0.497866E-02   0.250000E-03
 863  -0.133890E-02  -0.447407E-03   0.432801E-01   0.513526E-02   0.450000E-03
 864  -0.805503E-03   0.120735E-03   0.445510E-01   0.605579E-02   0.450000E-03
 865  -0.152286E-03   0.691467E-04   0.137887E-02   0.506125E-02   0.350000E-03
 866  -0.245970E-03  -0.891842E-04   0.171083E-02   0.549456E-02   0.200000E-03
 867   0.110625E-03  -0.100479E-03   0.204018E-02   0.627747E-02   0.350000E-03
 868  -0.646250E-03  -0.146045E-04   0.369585E-02   0.622641E-02   0.300000E-03
 869  -0.508774E-03  -0.203160E-03   0.335794E-02   0.720463E-02   0.250000E-03
 870  -0.534430E-03  -0.859997E-04   0.624384E-02   0.646679E-02   0.300000E-03
 871  -0.538072E-03  -0.561442E-04   0.690643E-02   0.689969E-02   0.300000E-03
 872  -0.667549E-03  -0.163377E-03   0.921040E-02   0.681851E-02   0.200000E-03
 873  -0.455635E-03   0.218357E-04   0.102836E-01   0.701774E-02   0.300000E-03
 874  -0.561105E-03  -0.117878E-03   0.117015E-01   0.798048E-02   0.300000E-03
 875  -0.361034E-03  -0.194744E-03   0.122437E-01   0.772403E-02   0.300000E-03
 876  -0.493082E-03  -0.296731E-04   0.136067E-01   0.764045E-02   0.300000E-03
 877  -0.587999E-03  -0.406825E-04   0.146672E-01   0.834123E-02   0.300000E-03
 878  -0.851930E-03  -0.149266E-03   0.164061E-01   0.739526E-02   0.350000E-03
 879  -0.848448E-03  -0.338127E-03   0.175129E-01   0.780331E-02   0.250000E-03
 880  -0.674912E-03   0.117122E-03   0.177110E-01   0.831524E-02   0.300000E-03
 881   0.542111E-03   0.721310E-03   0.219489E-01   0.806982E-02   0.300000E-03
 882  -0.179719E-03   0.198917E-03   0.227089E-01   0.718600E-02   0.250000E-03
 883  -0.853303E-03  -0.178736E-03   0.228890E-01   0.662716E-02   0.150000E-03
 884  -0.310242E-03   0.103255E-03   0.239584E-01   0.745247E-02   0.350000E-03
 885  -0.521142E-03   0.541578E-03   0.259606E-01   0.739474E-02   0.400000E-03
 886  -0.613553E-03  -0.815698E-04   0.260056E-01   0.599648E-02   0.300000E-03
 887   0.101628E-03   0.550877E-03   0.284149E-01   0.659881E-02   0.350000E-03
 888  -0.532939E-03   0.147039E-03   0.295632E-01   0.658093E-02   0.450000E-03
 889  -0.829016E-03   0.493394E-03   0.309106E-01   0.664251E-02   0.450000E-03
 890  -0.113160E-02  -0.175703E-04   0.322187E-01   0.662761E-02   0.250000E-03
 891  -0.136717E-02  -0.342426E-03   0.337321E-01   0.663535E-02   0.350000E-03
 892  -0.159991E-02  -0.985044E-04   0.346649E-01   0.658143E-02   0.400000E-03
 893  -0.138004E-02  -0.191560E-03   0.357610E-01   0.642443E-02   0.300000E-03
 894  -0.136204E-02   0.190386E-03   0.385940E-01   0.677850E-02   0.250000E-03
 895  -0.139328E-02   0.180080E-03   0.391034E-01   0.698525E-02   0.300000E-03
 896  -0.175455E-02   0.114048E-03   0.419134E-01   0.695741E-02   0.300000E-03
 897  -0.181572E-02   0.152564E-03   0.424681E-01   0.661906E-02   0.350000E-03
 898  -0.964324E-03  -0.163475E-03   0.426246E-01   0.461271E-02   0.200000E-03
 899  -0.132653E-02  -0.433253E-03   0.424854E-01   0.519663E-02   0.350000E-03
 900  -0.876734E-03   0.505808E-04   0.438288E-01   0.571337E-02   0.350000E-03
 901  -0.147089E-03  -0.136370E-03   0.129166E-02   0.565221E-02   0.250000E-03
 902  -0.523361E-03  -0.211071E-03   0.308040E-02   0.761989E-02   0.250000E-03
 903   0.647673E-04   0.699737E-04   0.211429E-02   0.568320E-02   0.250000E-03
 904  -0.510493E-03  -0.200591E-03   0.276613E-02   0.710894E-02   0.350000E-03
 905  -0.532925E-03  -0.178836E-03   0.399719E-02   0.692011E-02   0.450000E-03
 906  -0.291683E-03  -0.212054E-03   0.585874E-02   0.734116E-02   0.250000E-03
 907  -0.118299E-03  -0.202393E-03   0.555468E-02   0.633738E-02   0.200000E-03
 908  -0.648257E-03  -0.148693E-04   0.884211E-02   0.762699E-02   0.300000E-03
 909  -0.631104E-03  -0.940459E-06   0.934432E-02   0.729944E-02   0.300000E-03
 910  -0.415161E-03   0.210865E-04   0.101197E-01   0.805927E-02   0.300000E-03
 911  -0.506354E-03  -0.972951E-04   0.112600E-01   0.765509E-02   0.250000E-03
 912  -0.202593E-03   0.184865E-03   0.151459E-01   0.861041E-02   0.250000E-03
 913  -0.295470E-03   0.311397E-03   0.153368E-01   0.804186E-02   0.350000E-03
 914  -0.982245E-03   0.216071E-03   0.161300E-01   0.814418E-02   0.450000E-03
 915  -0.857490E-03  -0.434536E-03   0.170122E-01   0.821742E-02   0.400000E-03
 916  -0.338009E-03   0.310739E-03   0.203986E-01   0.860930E-02   0.300000E-03
 917  -0.337854E-03   0.299473E-03   0.199917E-01   0.904867E-02   0.300000E-03
 918  -0.416083E-03   0.827834E-03   0.225162E-01   0.775274E-02   0.350000E-03
 919  -0.660655E-03   0.844025E-03   0.232162E-01   0.775594E-02   0.350000E-03
 920  -0.582737E-03  -0.211409E-03   0.247979E-01   0.642466E-02   0.150000E-03
 921  -0.540296E-03   0.617607E-03   0.233883E-01   0.848876E-02   0.350000E-03
 922  -0.604366E-03   0.234533E-03   0.259836E-01   0.664535E-02   0.350000E-03
 923   0.118904E-03   0.243088E-03   0.277726E-01   0.632343E-02   0.350000E-03
 924  -0.148574E-03   0.246607E-03   0.289244E-01   0.721452E-02   0.450000E-03
 925  -0.705057E-03   0.488895E-03   0.310949E-01   0.742065E-02   0.350000E-03
 926  -0.208601E-02   0.461492E-03   0.315894E-01   0.696956E-02   0.300000E-03
 927  -0.160653E-02  -0.770418E-04   0.336449E-01   0.719462E-02   0.200000E-03
 928  -0.153755E-02   0.148794E-03   0.341727E-01   0.649328E-02   0.100000E-03
 929  -0.169361E-02  -0.520543E-03   0.372284E-01   0.668886E-02   0.350000E-03
 930   0.106105E-02   0.801483E-04   0.412189E-01   0.664021E-02   0.300000E-03
 931  -0.171218E-02   0.224916E-03   0.411893E-01   0.607337E-02   0.250000E-03
 932  -0.148654E-02  -0.841653E-04   0.397413E-01   0.668360E-02   0.250000E-03
 933  -0.174563E-02   0.206135E-03   0.418096E-01   0.626547E-02   0.400000E-03
 934  -0.913395E-03  -0.634315E-03   0.412500E-01   0.468862E-02   0.150000E-03
 935  -0.150852E-02  -0.446917E-03   0.418044E-01   0.488983E-02   0.400000E-03
 936  -0.158286E-02   0.737425E-03   0.433647E-01   0.616814E-02   0.300000E-03
 937   0.202932E-03  -0.215537E-03   0.103525E-02   0.716666E-02   0.350000E-03
 938   0.148829E-03  -0.338600E-03   0.298346E-03   0.621239E-02   0.300000E-03
 939  -0.462388E-03  -0.954660E-04   0.370802E-02   0.768945E-02   0.350000E-03
 940  -0.151114E-03  -0.987119E-04   0.788638E-03   0.586856E-02   0.300000E-03
 941   0.156200E-03  -0.203320E-03   0.166798E-02   0.686912E-02   0.350000E-03
 942  -0.515185E-03  -0.716725E-04   0.455754E-02   0.770396E-02   0.500000E-03
 943  -0.310141E-03  -0.194756E-03   0.526903E-02   0.724087E-02   0.350000E-03
 944  -0.545984E-03  -0.509734E-04   0.632909E-02   0.705944E-02   0.300000E-03
 945  -0.353775E-03   0.456105E-04   0.108371E-01   0.730572E-02   0.300000E-03
 946  -0.484970E-03   0.583093E-04   0.985698E-02   0.749502E-02   0.250000E-03
 947  -0.243553E-03  -0.158535E-03   0.129443E-01   0.798970E-02   0.450000E-03
 948  -0.342549E-03  -0.468485E-05   0.125631E-01   0.857602E-02   0.250000E-03
 949  -0.877823E-03   0.588916E-04   0.156794E-01   0.874246E-02   0.300000E-03
 950  -0.332324E-03  -0.119842E-03   0.140026E-01   0.855916E-02   0.400000E-03
 951  -0.117862E-02  -0.493444E-04   0.165646E-01   0.875494E-02   0.300000E-03
 952  -0.920572E-03  -0.331909E-03   0.182604E-01   0.831691E-02   0.250000E-03
 953  -0.179692E-03   0.849482E-03   0.210667E-01   0.870632E-02   0.250000E-03
 954  -0.423204E-03   0.608868E-03   0.225464E-01   0.860140E-02   0.500000E-03
 955  -0.471434E-03   0.549084E-03   0.237570E-01   0.801671E-02   0.250000E-03
 956  -0.738905E-03   0.466884E-03   0.253407E-01   0.720085E-02   0.250000E-03
 957  -0.529801E-03   0.574456E-03   0.269046E-01   0.761529E-02   0.350000E-03
 958  -0.471339E-03   0.299521E-03   0.265916E-01   0.698987E-02   0.350000E-03
 959  -0.265244E-03   0.105931E-03   0.270999E-01   0.651043E-02   0.350000E-03
 960  -0.924876E-03   0.522725E-03   0.302379E-01   0.683338E-02   0.250000E-03
 961  -0.109790E-02  -0.381312E-03   0.321480E-01   0.797244E-02   0.400000E-03
 962  -0.137419E-02  -0.803577E-03   0.316880E-01   0.750994E-02   0.250000E-03
 963  -0.169451E-02  -0.128972E-03   0.333081E-01   0.698001E-02   0.200000E-03
 964  -0.152823E-02  -0.568207E-04   0.353188E-01   0.682847E-02   0.300000E-03
 965  -0.126620E-02  -0.737124E-04   0.361055E-01   0.685268E-02   0.250000E-03
 966  -0.127311E-02   0.524051E-03   0.367126E-01   0.723356E-02   0.400000E-03
 967  -0.134452E-02   0.622300E-04   0.406487E-01   0.632952E-02   0.350000E-03
 968  -0.130914E-02   0.980215E-04   0.401602E-01   0.624193E-02   0.150000E-03
 969  -0.115028E-02   0.100396E-03   0.447508E-01   0.712569E-02   0.250000E-03
 970  -0.872660E-03   0.274552E-03   0.442509E-01   0.679543E-02   0.350000E-03
 971  -0.824910E-03   0.104449E-02   0.427145E-01   0.590945E-02   0.400000E-03
 972  -0.978742E-03   0.284268E-03   0.436551E-01   0.674312E-02   0.250000E-03
 973  -0.156611E-03  -0.703424E-05   0.839130E-03   0.532142E-02   0.250000E-03
 974  -0.412479E-03   0.262958E-04   0.400500E-02   0.821051E-02   0.250000E-03
 975  -0.137761E-03  -0.110042E-03   0.134127E-02   0.624807E-02   0.350000E-03
 976   0.174785E-03  -0.305023E-03   0.777611E-03   0.657050E-02   0.300000E-03
 977  -0.624882E-03   0.442291E-03   0.730639E-02   0.790385E-02   0.250000E-03
 978  -0.588509E-03  -0.122328E-03   0.693568E-02   0.749838E-02   0.300000E-03
 979  -0.562346E-03  -0.128380E-03   0.639654E-02   0.760442E-02   0.250000E-03
 980  -0.280581E-03  -0.114778E-03   0.816976E-02   0.781683E-02   0.400000E-03
 981  -0.460094E-03   0.949814E-04   0.103516E-01   0.756160E-02   0.250000E-03
 982  -0.582119E-03   0.428518E-04   0.937599E-02   0.815281E-02   0.450000E-03
 983  -0.392258E-03  -0.411155E-04   0.121695E-01   0.826864E-02   0.250000E-03
 984  -0.526586E-03   0.247902E-04   0.107662E-01   0.799347E-02   0.350000E-03
 985  -0.487101E-03  -0.254906E-03   0.135767E-01   0.813807E-02   0.200000E-03
 986  -0.777505E-03  -0.117164E-03   0.189876E-01   0.932629E-02   0.300000E-03
 987  -0.893026E-03  -0.300285E-03   0.186512E-01   0.877072E-02   0.350000E-03
 988  -0.707294E-03   0.601189E-03   0.194386E-01   0.881657E-02   0.300000E-03
 989  -0.833175E-03  -0.124951E-03   0.195367E-01   0.935705E-02   0.250000E-03
 990  -0.438115E-04   0.757914E-03   0.214386E-01   0.827481E-02   0.250000E-03
 991  -0.249496E-03   0.170094E-03   0.244332E-01   0.796576E-02   0.350000E-03
 992  -0.272669E-03   0.185904E-03   0.248715E-01   0.748622E-02   0.300000E-03
 993  -0.950038E-03   0.236855E-03   0.251056E-01   0.676033E-02   0.250000E-03
 994  -0.272312E-03   0.112716E-03   0.272100E-01   0.709927E-02   0.250000E-03
 995   0.573867E-03   0.118024E-03   0.278593E-01   0.709933E-02   0.400000E-03
 996  -0.922466E-03   0.468482E-03   0.304500E-01   0.733944E-02   0.300000E-03
 997  -0.561252E-03   0.169597E-03   0.298952E-01   0.719694E-02   0.250000E-03
 998  -0.115324E-02   0.315526E-03   0.322166E-01   0.722626E-02   0.350000E-03
 999  -0.176782E-02  -0.105737E-03   0.330559E-01   0.735147E-02   0.250000E-03
1000  -0.159782E-02  -0.773196E-04   0.341934E-01   0.716218E-02   0.350000E-03
