   1   0.561796E-03   0.454718E-03   0.112791E-01   0.847049E-02   0.350000E-03
   2  -0.115399E-02  -0.610977E-03   0.149384E-03   0.149859E-03   0.150000E-03
   3  -0.741516E-03   0.480019E-02   0.458455E-02   0.447884E-03   0.450000E-03
   4   0.111483E-02   0.693139E-03   0.574540E-02   0.536216E-03   0.200000E-03
   5   0.281479E-02  -0.115678E-04   0.574772E-02   0.999899E-04   0.100000E-03
   6   0.154777E-02   0.117287E-02   0.750875E-02   0.249164E-03   0.250000E-03
   7   0.334601E-03  -0.384053E-03   0.814025E-02   0.398613E-03   0.400000E-03
   8  -0.631042E-04   0.131508E-02   0.888724E-02   0.348872E-03   0.350000E-03
   9  -0.933969E-03   0.152522E-02   0.933433E-02   0.565066E-03   0.150000E-03
  10   0.885680E-04  -0.515135E-03   0.118120E-01   0.293273E-03   0.300000E-03
  11  -0.393745E-03   0.305341E-03   0.130548E-01   0.348862E-03   0.350000E-03
  12  -0.186996E-02   0.677414E-03   0.147882E-01   0.194610E-03   0.200000E-03
  13  -0.196431E-04   0.178984E-03   0.169334E-01   0.345790E-03   0.350000E-03
  14  -0.125531E-02  -0.623088E-03   0.176320E-01   0.348773E-03   0.350000E-03
  15  -0.142730E-02   0.459681E-03   0.188490E-01   0.403740E-03   0.400000E-03
  16  -0.245310E-02  -0.726359E-03   0.195934E-01   0.345659E-03   0.350000E-03
  17  -0.274543E-02   0.309837E-03   0.205076E-01   0.338803E-03   0.350000E-03
  18  -0.185633E-02   0.132604E-02   0.219608E-01   0.349197E-03   0.350000E-03
  19  -0.673842E-03   0.140147E-02   0.225502E-01   0.243023E-03   0.250000E-03
  20   0.454793E-03   0.121592E-02   0.230496E-01   0.247759E-03   0.250000E-03
  21  -0.746012E-03   0.834790E-03   0.244859E-01   0.249820E-03   0.250000E-03
  22  -0.116424E-03  -0.353679E-03   0.257273E-01   0.200014E-03   0.200000E-03
  23  -0.201894E-02   0.497728E-03   0.267527E-01   0.991471E-04   0.100000E-03
  24  -0.933811E-03   0.791100E-03   0.282161E-01   0.397856E-03   0.400000E-03
  25   0.816196E-03  -0.883617E-03   0.297875E-01   0.407522E-03   0.400000E-03
  26   0.126992E-02  -0.107472E-02   0.305291E-01   0.333915E-03   0.350000E-03
  27  -0.906359E-03   0.265101E-03   0.318679E-01   0.297311E-03   0.300000E-03
  28   0.111658E-02  -0.807267E-03   0.333229E-01   0.349377E-03   0.300000E-03
  29  -0.214705E-02  -0.731552E-03   0.355494E-01   0.444529E-03   0.450000E-03
  30  -0.989617E-03  -0.149038E-03   0.374035E-01   0.347505E-03   0.350000E-03
  31  -0.119520E-02   0.201355E-03   0.379944E-01   0.249250E-03   0.250000E-03
  32  -0.105117E-02   0.308907E-03   0.401218E-01   0.197835E-03   0.200000E-03
  33  -0.292175E-02  -0.692965E-03   0.410109E-01   0.194588E-03   0.200000E-03
  34   0.169578E-02   0.148152E-02   0.446052E-01   0.879706E-03   0.400000E-03
  35   0.680139E-03  -0.587043E-03   0.446524E-01   0.192291E-02   0.350000E-03
  36  -0.462522E-03  -0.270849E-03   0.864980E-02   0.832427E-02   0.300000E-03
  37  -0.117541E-03   0.931397E-03   0.247750E-03   0.177720E-02   0.250000E-03
  38   0.155622E-02  -0.310512E-04   0.778458E-03   0.720579E-03   0.300000E-03
  39   0.106070E-02  -0.840099E-05   0.268770E-02   0.399354E-03   0.400000E-03
  40  -0.107336E-03   0.129229E-02   0.618245E-02   0.299198E-03   0.300000E-03
  41   0.145746E-02   0.129774E-02   0.687539E-02   0.390699E-03   0.400000E-03
  42   0.375472E-03  -0.123742E-02   0.729772E-02   0.100194E-02   0.350000E-03
  43  -0.896758E-03   0.134661E-02   0.860147E-02   0.931860E-03   0.300000E-03
  44  -0.868707E-03   0.520768E-03   0.939161E-02   0.959096E-03   0.250000E-03
  45  -0.364918E-03   0.531602E-03   0.997771E-02   0.495522E-03   0.500000E-03
  46  -0.335612E-03  -0.332010E-03   0.107831E-01   0.300061E-03   0.300000E-03
  47  -0.656613E-03   0.146010E-03   0.152397E-01   0.149795E-03   0.150000E-03
  48  -0.633051E-03   0.371078E-03   0.158372E-01   0.446941E-03   0.450000E-03
  49  -0.785133E-04   0.965207E-03   0.165002E-01   0.886600E-03   0.350000E-03
  50  -0.115508E-02  -0.862875E-04   0.182217E-01   0.246558E-03   0.250000E-03
  51  -0.180106E-02  -0.104676E-02   0.193182E-01   0.871041E-03   0.250000E-03
  52  -0.156426E-02  -0.127793E-03   0.200490E-01   0.147463E-03   0.150000E-03
  53  -0.145706E-02   0.159950E-03   0.205084E-01   0.101512E-02   0.200000E-03
  54  -0.196181E-03  -0.412128E-03   0.211562E-01   0.298568E-03   0.300000E-03
  55   0.301744E-03   0.320709E-03   0.233996E-01   0.999185E-04   0.100000E-03
  56  -0.894202E-03   0.653284E-03   0.238527E-01   0.395944E-03   0.400000E-03
  57  -0.701338E-03  -0.124421E-03   0.245182E-01   0.915336E-03   0.400000E-03
  58  -0.134626E-02   0.862761E-03   0.251190E-01   0.395669E-03   0.400000E-03
  59   0.326767E-03   0.139948E-02   0.270343E-01   0.200587E-03   0.200000E-03
  60  -0.546179E-03   0.115757E-02   0.275243E-01   0.296363E-03   0.300000E-03
  61  -0.111107E-02  -0.187563E-03   0.291010E-01   0.294755E-03   0.300000E-03
  62   0.902234E-03  -0.736026E-03   0.312243E-01   0.346851E-03   0.350000E-03
  63  -0.997582E-03  -0.206246E-03   0.328554E-01   0.196307E-03   0.200000E-03
  64  -0.473400E-03   0.136495E-03   0.347584E-01   0.345478E-03   0.350000E-03
  65  -0.176251E-02   0.573512E-03   0.363248E-01   0.617321E-03   0.350000E-03
  66  -0.108015E-02   0.128633E-03   0.364359E-01   0.139673E-03   0.150000E-03
  67  -0.196946E-02  -0.526976E-03   0.391391E-01   0.299568E-03   0.300000E-03
  68  -0.813310E-03   0.338135E-03   0.423009E-01   0.199781E-03   0.200000E-03
  69  -0.133552E-02   0.481127E-03   0.438620E-01   0.824115E-03   0.350000E-03
  70   0.619333E-05   0.233019E-04   0.424004E-01   0.721446E-02   0.250000E-03
  71  -0.635901E-03   0.756346E-04   0.447020E-01   0.496946E-02   0.300000E-03
  72   0.192058E-02   0.351148E-02   0.447504E-01   0.248056E-03   0.250000E-03
  73  -0.677174E-03   0.131216E-03   0.257030E-02   0.793592E-02   0.350000E-03
  74   0.116157E-03   0.165457E-03   0.120046E-02   0.297873E-03   0.300000E-03
  75  -0.112786E-02   0.192737E-03   0.391886E-02   0.248223E-03   0.250000E-03
  76  -0.917389E-03   0.137771E-02   0.522277E-02   0.922794E-03   0.350000E-03
  77   0.417673E-03   0.206051E-02   0.647184E-02   0.819841E-03   0.200000E-03
  78   0.173286E-03   0.207031E-02   0.665414E-02   0.133696E-02   0.350000E-03
  79  -0.300208E-03   0.977356E-03   0.798257E-02   0.113001E-02   0.350000E-03
  80  -0.610621E-03   0.743190E-03   0.905159E-02   0.132027E-02   0.250000E-03
  81  -0.593370E-03   0.124987E-02   0.106897E-01   0.948369E-03   0.350000E-03
  82   0.148432E-03   0.599766E-03   0.132904E-01   0.953207E-03   0.300000E-03
  83   0.146689E-03  -0.333566E-04   0.137531E-01   0.345663E-03   0.350000E-03
  84  -0.430014E-04  -0.870369E-05   0.143430E-01   0.244460E-03   0.250000E-03
  85  -0.744754E-03   0.114091E-02   0.154299E-01   0.101118E-02   0.250000E-03
  86  -0.940406E-03  -0.598836E-03   0.172790E-01   0.106525E-02   0.450000E-03
  87  -0.107667E-02  -0.516316E-03   0.188563E-01   0.105324E-02   0.250000E-03
  88  -0.200422E-02  -0.204043E-03   0.200569E-01   0.800386E-03   0.300000E-03
  89  -0.646802E-03   0.533187E-05   0.203039E-01   0.160193E-02   0.400000E-03
  90   0.109665E-04  -0.340372E-03   0.214838E-01   0.857686E-03   0.350000E-03
  91  -0.827187E-03  -0.730436E-04   0.225922E-01   0.734688E-03   0.250000E-03
  92  -0.228391E-03  -0.133653E-03   0.231824E-01   0.830474E-03   0.350000E-03
  93  -0.271073E-03  -0.391252E-03   0.238066E-01   0.114037E-02   0.350000E-03
  94  -0.160560E-02  -0.870186E-04   0.252335E-01   0.113554E-02   0.350000E-03
  95  -0.136210E-03   0.102729E-02   0.273549E-01   0.920132E-03   0.350000E-03
  96  -0.130424E-02   0.574191E-03   0.280560E-01   0.118024E-02   0.400000E-03
  97   0.272654E-03   0.922926E-03   0.294609E-01   0.967957E-03   0.250000E-03
  98   0.165943E-02   0.210490E-02   0.303024E-01   0.108417E-02   0.450000E-03
  99   0.180197E-02  -0.814233E-03   0.324111E-01   0.246228E-03   0.250000E-03
 100  -0.689106E-03  -0.241082E-02   0.327323E-01   0.624206E-03   0.250000E-03
 101  -0.713748E-03   0.266212E-03   0.349659E-01   0.106196E-02   0.400000E-03
 102  -0.571321E-03   0.746039E-04   0.368117E-01   0.268587E-03   0.250000E-03
 103  -0.128438E-02  -0.220975E-03   0.376444E-01   0.893712E-03   0.250000E-03
 104  -0.677437E-03  -0.187354E-03   0.385415E-01   0.296200E-03   0.300000E-03
 105  -0.154573E-02  -0.227165E-03   0.405667E-01   0.244278E-03   0.250000E-03
 106  -0.140613E-02  -0.124836E-03   0.431890E-01   0.297046E-03   0.300000E-03
 107  -0.795286E-03  -0.245146E-03   0.440873E-01   0.747585E-02   0.350000E-03
 108  -0.654764E-03  -0.518993E-04   0.349359E-01   0.747129E-02   0.450000E-03
 109   0.135869E-03  -0.229686E-03   0.241251E-03   0.631327E-03   0.250000E-03
 110   0.767289E-03  -0.312951E-03   0.539270E-03   0.236589E-03   0.250000E-03
 111   0.101470E-02  -0.304879E-03   0.189139E-02   0.397984E-03   0.400000E-03
 112   0.727494E-03   0.745252E-03   0.322446E-02   0.922735E-03   0.350000E-03
 113   0.616312E-03   0.141127E-02   0.594575E-02   0.109804E-02   0.400000E-03
 114  -0.101214E-02   0.121442E-02   0.716445E-02   0.153283E-02   0.200000E-03
 115  -0.720742E-03   0.276216E-03   0.851329E-02   0.157532E-02   0.350000E-03
 116  -0.454052E-03   0.127613E-02   0.985843E-02   0.133513E-02   0.350000E-03
 117  -0.497719E-03   0.954851E-03   0.113552E-01   0.741316E-03   0.350000E-03
 118  -0.403035E-03  -0.303752E-04   0.124092E-01   0.294988E-03   0.300000E-03
 119  -0.260641E-03   0.602868E-03   0.142697E-01   0.784108E-03   0.300000E-03
 120  -0.130777E-02   0.905073E-03   0.151000E-01   0.577502E-03   0.300000E-03
 121  -0.802158E-03  -0.101452E-02   0.167185E-01   0.138728E-02   0.200000E-03
 122  -0.131370E-02  -0.119104E-02   0.181677E-01   0.941629E-03   0.450000E-03
 123  -0.130126E-02  -0.691837E-03   0.186023E-01   0.141994E-02   0.200000E-03
 124  -0.970988E-03  -0.655520E-03   0.196906E-01   0.127253E-02   0.300000E-03
 125  -0.120598E-02   0.273688E-03   0.208927E-01   0.780889E-03   0.250000E-03
 126  -0.150161E-02   0.217198E-03   0.209418E-01   0.132360E-02   0.300000E-03
 127  -0.555152E-03   0.100882E-03   0.227223E-01   0.121304E-02   0.250000E-03
 128  -0.453543E-03  -0.103462E-03   0.230745E-01   0.163017E-02   0.300000E-03
 129  -0.745974E-03   0.173333E-03   0.236193E-01   0.169706E-02   0.250000E-03
 130  -0.256692E-02   0.150545E-03   0.257332E-01   0.720909E-03   0.300000E-03
 131  -0.126916E-02  -0.508721E-03   0.263505E-01   0.395444E-03   0.400000E-03
 132  -0.648653E-03   0.125178E-03   0.275219E-01   0.145255E-02   0.200000E-03
 133  -0.219269E-02   0.444881E-03   0.288125E-01   0.926557E-03   0.400000E-03
 134   0.101267E-03   0.108005E-02   0.311918E-01   0.109251E-02   0.400000E-03
 135  -0.378235E-03   0.104115E-02   0.320378E-01   0.102480E-02   0.450000E-03
 136   0.181179E-03  -0.208644E-03   0.340140E-01   0.399841E-03   0.400000E-03
 137  -0.720727E-03  -0.709103E-03   0.372351E-01   0.764294E-03   0.100000E-03
 138  -0.138934E-02   0.333151E-03   0.373999E-01   0.132528E-02   0.250000E-03
 139  -0.761413E-03   0.998206E-05   0.381781E-01   0.767342E-03   0.300000E-03
 140  -0.179776E-02  -0.143461E-03   0.396831E-01   0.270871E-03   0.250000E-03
 141  -0.121564E-03   0.204486E-03   0.414562E-01   0.249047E-03   0.250000E-03
 142  -0.179157E-03   0.187576E-03   0.419013E-01   0.197294E-03   0.200000E-03
 143  -0.110103E-02   0.198853E-03   0.438993E-01   0.630913E-02   0.250000E-03
 144  -0.113355E-02   0.795909E-03   0.295604E-01   0.763669E-02   0.300000E-03
 145   0.106291E-03   0.563729E-03   0.294517E-03   0.332000E-02   0.300000E-03
 146  -0.159468E-03   0.620709E-03   0.665011E-03   0.135501E-02   0.350000E-03
 147   0.257905E-04  -0.317298E-03   0.407263E-02   0.848518E-03   0.200000E-03
 148  -0.809161E-03   0.486865E-03   0.531611E-02   0.288455E-03   0.300000E-03
 149   0.773704E-03   0.106801E-02   0.611559E-02   0.192691E-02   0.450000E-03
 150   0.111818E-02   0.766898E-03   0.755823E-02   0.147963E-02   0.200000E-03
 151  -0.731508E-03   0.740328E-03   0.939096E-02   0.161299E-02   0.200000E-03
 152  -0.478629E-03   0.113471E-02   0.103977E-01   0.140949E-02   0.200000E-03
 153  -0.872597E-03   0.930165E-03   0.111884E-01   0.136384E-02   0.300000E-03
 154  -0.528206E-03   0.732285E-03   0.125929E-01   0.965627E-03   0.400000E-03
 155  -0.665196E-03   0.792803E-03   0.137819E-01   0.885856E-03   0.200000E-03
 156  -0.552278E-03   0.662828E-03   0.148169E-01   0.121713E-02   0.400000E-03
 157   0.293054E-03   0.858882E-03   0.159506E-01   0.139278E-02   0.400000E-03
 158  -0.887206E-03  -0.845340E-03   0.174024E-01   0.185182E-02   0.350000E-03
 159  -0.154853E-02  -0.411103E-03   0.177950E-01   0.147079E-02   0.200000E-03
 160  -0.171459E-02  -0.463858E-03   0.182112E-01   0.164028E-02   0.250000E-03
 161  -0.964789E-03  -0.832484E-04   0.196295E-01   0.181505E-02   0.250000E-03
 162  -0.606052E-03   0.370416E-04   0.209497E-01   0.182013E-02   0.200000E-03
 163  -0.138216E-03  -0.347761E-03   0.221314E-01   0.111367E-02   0.350000E-03
 164   0.480917E-03  -0.770015E-04   0.227512E-01   0.218492E-02   0.300000E-03
 165  -0.115550E-02  -0.206042E-03   0.248317E-01   0.158032E-02   0.250000E-03
 166  -0.115606E-02   0.229645E-03   0.256514E-01   0.155956E-02   0.250000E-03
 167  -0.488111E-03   0.733674E-03   0.266384E-01   0.113285E-02   0.400000E-03
 168  -0.149889E-02   0.732916E-03   0.286015E-01   0.153686E-02   0.250000E-03
 169   0.857284E-03   0.141725E-02   0.302096E-01   0.171425E-02   0.200000E-03
 170   0.267843E-04   0.101209E-02   0.308028E-01   0.178737E-02   0.400000E-03
 171   0.121676E-02   0.141514E-03   0.335337E-01   0.908821E-03   0.300000E-03
 172   0.211616E-03  -0.198932E-03   0.341767E-01   0.118243E-02   0.400000E-03
 173  -0.208133E-02  -0.686578E-04   0.356523E-01   0.118263E-02   0.300000E-03
 174  -0.186643E-02   0.257157E-03   0.368783E-01   0.103828E-02   0.350000E-03
 175  -0.204578E-02   0.358886E-03   0.390203E-01   0.887127E-03   0.300000E-03
 176  -0.977135E-03   0.534464E-03   0.400831E-01   0.989932E-03   0.200000E-03
 177  -0.108099E-02   0.919054E-03   0.406059E-01   0.786144E-03   0.300000E-03
 178   0.220156E-02   0.403166E-03   0.444006E-01   0.143922E-02   0.200000E-03
 179   0.656828E-03   0.333389E-03   0.427000E-01   0.196364E-03   0.200000E-03
 180  -0.765221E-03   0.166303E-03   0.400384E-01   0.752942E-02   0.300000E-03
 181   0.165783E-03   0.851514E-03   0.197030E-03   0.107747E-02   0.200000E-03
 182   0.820352E-03   0.206684E-02   0.139686E-02   0.214598E-02   0.200000E-03
 183   0.731602E-03  -0.439718E-04   0.337553E-02   0.295052E-03   0.300000E-03
 184  -0.296697E-03   0.123924E-02   0.538811E-02   0.159586E-02   0.350000E-03
 185  -0.789642E-04   0.207566E-03   0.624977E-02   0.260945E-02   0.250000E-03
 186  -0.273305E-03   0.535068E-03   0.679817E-02   0.186641E-02   0.200000E-03
 187   0.230728E-03   0.175843E-03   0.791566E-02   0.181906E-02   0.300000E-03
 188  -0.220910E-03   0.416209E-03   0.963306E-02   0.199239E-02   0.250000E-03
 189   0.350470E-03   0.785226E-03   0.117219E-01   0.125134E-02   0.250000E-03
 190   0.382128E-03   0.378882E-03   0.119618E-01   0.819121E-03   0.250000E-03
 191  -0.360488E-03   0.632410E-03   0.140052E-01   0.126506E-02   0.250000E-03
 192  -0.489273E-03   0.768180E-03   0.143129E-01   0.183161E-02   0.400000E-03
 193  -0.485340E-03  -0.186892E-03   0.153225E-01   0.170102E-02   0.300000E-03
 194  -0.128860E-02   0.326147E-03   0.165198E-01   0.194790E-02   0.400000E-03
 195  -0.139806E-02  -0.893240E-03   0.179601E-01   0.207223E-02   0.250000E-03
 196  -0.848081E-03  -0.257733E-03   0.191471E-01   0.151949E-02   0.300000E-03
 197  -0.587102E-03   0.372481E-03   0.199991E-01   0.228667E-02   0.350000E-03
 198  -0.497211E-03   0.248278E-03   0.206443E-01   0.221265E-02   0.300000E-03
 199   0.457479E-03   0.398367E-03   0.215088E-01   0.150478E-02   0.300000E-03
 200  -0.241022E-03  -0.130389E-03   0.222534E-01   0.216155E-02   0.200000E-03
 201  -0.972960E-03  -0.261677E-03   0.242840E-01   0.157997E-02   0.300000E-03
 202  -0.196092E-02   0.981091E-03   0.259949E-01   0.120356E-02   0.250000E-03
 203  -0.350491E-03   0.920284E-03   0.265862E-01   0.182619E-02   0.300000E-03
 204  -0.956098E-03   0.204601E-03   0.270944E-01   0.159225E-02   0.250000E-03
 205   0.497796E-03   0.150714E-02   0.296259E-01   0.159570E-02   0.400000E-03
 206  -0.566845E-03  -0.304867E-03   0.322573E-01   0.179206E-02   0.350000E-03
 207  -0.603912E-04   0.887106E-03   0.328936E-01   0.129783E-02   0.450000E-03
 208  -0.320651E-03   0.263386E-03   0.336036E-01   0.166388E-02   0.350000E-03
 209  -0.934921E-03   0.785670E-05   0.362452E-01   0.125829E-02   0.300000E-03
 210  -0.122400E-02   0.109116E-03   0.366503E-01   0.153762E-02   0.200000E-03
 211  -0.131151E-02  -0.250351E-03   0.370651E-01   0.169273E-02   0.250000E-03
 212  -0.935928E-03  -0.266749E-03   0.400611E-01   0.591679E-03   0.200000E-03
 213  -0.179758E-02   0.117238E-02   0.411285E-01   0.623686E-03   0.250000E-03
 214  -0.197096E-04   0.599897E-03   0.420803E-01   0.552086E-03   0.200000E-03
 215   0.267935E-02  -0.800515E-03   0.443202E-01   0.149878E-03   0.150000E-03
 216  -0.126555E-03  -0.133743E-05   0.217028E-01   0.887880E-02   0.400000E-03
 217  -0.418791E-03  -0.789778E-03   0.142797E-01   0.925593E-02   0.350000E-03
 218   0.288125E-04   0.172786E-02   0.862780E-03   0.202230E-02   0.350000E-03
 219   0.958943E-03   0.196583E-03   0.372350E-02   0.653541E-03   0.200000E-03
 220  -0.757379E-04   0.100551E-02   0.457699E-02   0.129560E-02   0.400000E-03
 221  -0.312869E-03  -0.672656E-04   0.532188E-02   0.218433E-02   0.250000E-03
 222  -0.837959E-03   0.691981E-03   0.731341E-02   0.205798E-02   0.350000E-03
 223  -0.561868E-03   0.450287E-03   0.903780E-02   0.202728E-02   0.350000E-03
 224  -0.713235E-03   0.607733E-03   0.102266E-01   0.193029E-02   0.350000E-03
 225  -0.355289E-03   0.791302E-03   0.107487E-01   0.159167E-02   0.200000E-03
 226  -0.348893E-03   0.483897E-03   0.121907E-01   0.153467E-02   0.300000E-03
 227  -0.263198E-03   0.571482E-03   0.130342E-01   0.143758E-02   0.250000E-03
 228  -0.615779E-03  -0.165954E-03   0.148770E-01   0.176284E-02   0.150000E-03
 229  -0.154590E-03   0.271675E-03   0.158780E-01   0.203588E-02   0.250000E-03
 230  -0.635021E-03   0.119119E-03   0.175618E-01   0.248048E-02   0.300000E-03
 231  -0.113744E-02  -0.148964E-03   0.183786E-01   0.228778E-02   0.200000E-03
 232  -0.126296E-02  -0.256184E-03   0.186922E-01   0.190627E-02   0.300000E-03
 233  -0.840020E-03  -0.250514E-03   0.192426E-01   0.233554E-02   0.400000E-03
 234  -0.481034E-03  -0.826473E-04   0.213628E-01   0.209795E-02   0.300000E-03
 235   0.910845E-04  -0.806250E-03   0.224396E-01   0.168039E-02   0.300000E-03
 236  -0.721413E-03  -0.242826E-03   0.233451E-01   0.216205E-02   0.300000E-03
 237  -0.901145E-03  -0.377993E-03   0.239935E-01   0.216056E-02   0.350000E-03
 238  -0.103425E-02  -0.127396E-03   0.252466E-01   0.175048E-02   0.200000E-03
 239  -0.776094E-03  -0.160893E-03   0.267486E-01   0.234843E-02   0.250000E-03
 240  -0.207395E-02   0.109122E-02   0.290443E-01   0.147636E-02   0.200000E-03
 241   0.382107E-03   0.602779E-03   0.302159E-01   0.225080E-02   0.350000E-03
 242  -0.900753E-03  -0.251615E-03   0.315589E-01   0.174628E-02   0.350000E-03
 243   0.321774E-03  -0.214697E-03   0.329786E-01   0.223961E-02   0.500000E-03
 244  -0.974337E-03   0.994977E-04   0.354501E-01   0.198483E-02   0.200000E-03
 245  -0.525311E-03   0.266074E-03   0.349310E-01   0.180820E-02   0.350000E-03
 246  -0.962446E-03  -0.604996E-03   0.365900E-01   0.213112E-02   0.400000E-03
 247  -0.847980E-03   0.498412E-03   0.379929E-01   0.138867E-02   0.350000E-03
 248  -0.191581E-02   0.262269E-03   0.396152E-01   0.816062E-03   0.300000E-03
 249  -0.104931E-02   0.129156E-02   0.416467E-01   0.792050E-03   0.300000E-03
 250  -0.162154E-02  -0.493803E-04   0.437358E-01   0.243827E-03   0.250000E-03
 251  -0.377701E-03  -0.246445E-03   0.446053E-01   0.298276E-02   0.400000E-03
 252  -0.270025E-03  -0.499839E-03   0.337817E-01   0.772905E-02   0.350000E-03
 253  -0.954546E-03  -0.221486E-03   0.212614E-02   0.739506E-02   0.350000E-03
 254  -0.270477E-03   0.644920E-03   0.138464E-02   0.942996E-03   0.350000E-03
 255   0.197056E-03   0.224524E-02   0.229077E-02   0.972788E-03   0.300000E-03
 256  -0.393671E-03   0.124612E-03   0.482595E-02   0.194696E-02   0.300000E-03
 257  -0.242341E-03   0.247164E-03   0.673936E-02   0.236201E-02   0.300000E-03
 258   0.508750E-04  -0.514905E-04   0.838317E-02   0.226578E-02   0.350000E-03
 259  -0.603267E-03   0.720159E-04   0.904827E-02   0.282393E-02   0.450000E-03
 260  -0.633212E-03  -0.348776E-03   0.987631E-02   0.259323E-02   0.400000E-03
 261   0.942573E-04   0.546782E-03   0.116545E-01   0.179454E-02   0.300000E-03
 262   0.139001E-03   0.853416E-03   0.121720E-01   0.218431E-02   0.350000E-03
 263  -0.243833E-03   0.456983E-03   0.135786E-01   0.168552E-02   0.350000E-03
 264  -0.624391E-03   0.821867E-03   0.148940E-01   0.221172E-02   0.300000E-03
 265   0.314716E-03  -0.113872E-02   0.166418E-01   0.253541E-02   0.200000E-03
 266  -0.117901E-02  -0.246726E-03   0.170388E-01   0.232330E-02   0.250000E-03
 267  -0.114002E-02   0.603486E-03   0.171262E-01   0.281147E-02   0.250000E-03
 268  -0.108964E-02  -0.166446E-03   0.186667E-01   0.263170E-02   0.250000E-03
 269  -0.101898E-02   0.583649E-04   0.191067E-01   0.297107E-02   0.250000E-03
 270  -0.504756E-03   0.203099E-03   0.197041E-01   0.292002E-02   0.350000E-03
 271  -0.587521E-03  -0.515124E-03   0.219229E-01   0.185777E-02   0.250000E-03
 272   0.138594E-03   0.386691E-03   0.223548E-01   0.275244E-02   0.400000E-03
 273  -0.856768E-03  -0.915015E-03   0.235532E-01   0.281788E-02   0.400000E-03
 274  -0.120361E-02   0.491358E-03   0.258187E-01   0.202384E-02   0.250000E-03
 275  -0.374417E-03   0.845993E-03   0.262552E-01   0.226293E-02   0.250000E-03
 276  -0.855156E-03   0.481087E-03   0.275025E-01   0.195369E-02   0.300000E-03
 277   0.418491E-03   0.247790E-02   0.294665E-01   0.217046E-02   0.200000E-03
 278  -0.673629E-03  -0.286296E-03   0.318876E-01   0.238494E-02   0.350000E-03
 279  -0.260789E-03   0.152239E-03   0.323917E-01   0.270121E-02   0.250000E-03
 280   0.136258E-03   0.249268E-03   0.342863E-01   0.187300E-02   0.300000E-03
 281  -0.134606E-02   0.647467E-03   0.358801E-01   0.173154E-02   0.300000E-03
 282  -0.182139E-02  -0.121993E-03   0.375453E-01   0.180086E-02   0.250000E-03
 283  -0.850539E-03   0.472876E-03   0.384933E-01   0.161670E-02   0.200000E-03
 284  -0.809350E-03   0.298288E-03   0.385501E-01   0.117058E-02   0.250000E-03
 285  -0.161553E-02   0.266293E-03   0.410954E-01   0.121843E-02   0.350000E-03
 286  -0.100554E-02   0.761467E-03   0.432195E-01   0.892999E-03   0.300000E-03
 287  -0.242222E-03  -0.262321E-03   0.428423E-01   0.121779E-02   0.200000E-03
 288  -0.427065E-03   0.296480E-03   0.589610E-02   0.793706E-02   0.350000E-03
 289  -0.131389E-03  -0.186428E-03   0.245874E-03   0.227501E-02   0.250000E-03
 290   0.108556E-02   0.152498E-02   0.185417E-02   0.138261E-02   0.300000E-03
 291  -0.204831E-03   0.133289E-02   0.249800E-02   0.164072E-02   0.400000E-03
 292   0.293672E-03   0.145692E-02   0.312496E-02   0.151206E-02   0.250000E-03
 293   0.500964E-04   0.415743E-03   0.570386E-02   0.257249E-02   0.300000E-03
 294   0.359198E-03   0.777397E-05   0.821580E-02   0.299006E-02   0.400000E-03
 295  -0.761395E-03   0.800799E-04   0.969428E-02   0.337190E-02   0.400000E-03
 296  -0.352056E-03   0.900656E-03   0.111198E-01   0.190700E-02   0.250000E-03
 297  -0.274409E-03   0.875924E-03   0.107235E-01   0.193646E-02   0.150000E-03
 298  -0.688149E-04   0.415805E-03   0.126621E-01   0.168801E-02   0.200000E-03
 299  -0.157381E-03   0.412984E-03   0.138984E-01   0.232667E-02   0.250000E-03
 300  -0.739173E-03   0.568888E-03   0.148912E-01   0.270853E-02   0.200000E-03
 301  -0.700153E-03   0.948938E-03   0.154603E-01   0.238215E-02   0.300000E-03
 302  -0.111050E-02   0.415042E-03   0.170860E-01   0.335510E-02   0.300000E-03
 303  -0.125953E-02  -0.125215E-03   0.180544E-01   0.251190E-02   0.200000E-03
 304  -0.141898E-02   0.390604E-05   0.182541E-01   0.291096E-02   0.250000E-03
 305  -0.842652E-03   0.563796E-03   0.193917E-01   0.330768E-02   0.150000E-03
 306  -0.713071E-03   0.348930E-03   0.204452E-01   0.282555E-02   0.350000E-03
 307  -0.543539E-03   0.532836E-04   0.218465E-01   0.235015E-02   0.250000E-03
 308  -0.866508E-04  -0.269617E-03   0.228041E-01   0.334917E-02   0.350000E-03
 309  -0.100479E-02  -0.525026E-03   0.245814E-01   0.261524E-02   0.400000E-03
 310  -0.947869E-03  -0.515235E-03   0.251726E-01   0.224325E-02   0.300000E-03
 311  -0.515082E-03   0.131076E-03   0.273044E-01   0.256879E-02   0.350000E-03
 312  -0.148963E-02   0.256297E-03   0.281493E-01   0.192154E-02   0.350000E-03
 313  -0.492148E-03   0.108867E-02   0.297032E-01   0.254744E-02   0.250000E-03
 314  -0.922627E-03  -0.430312E-03   0.312454E-01   0.232677E-02   0.300000E-03
 315   0.464182E-04   0.224873E-03   0.334653E-01   0.286529E-02   0.300000E-03
 316   0.577999E-04   0.274307E-03   0.338236E-01   0.232797E-02   0.350000E-03
 317  -0.657722E-03  -0.440432E-03   0.350649E-01   0.254451E-02   0.400000E-03
 318  -0.173309E-02  -0.442166E-03   0.358513E-01   0.242725E-02   0.400000E-03
 319  -0.679613E-03   0.481994E-03   0.389720E-01   0.143480E-02   0.250000E-03
 320  -0.719928E-03   0.225201E-03   0.398324E-01   0.142196E-02   0.300000E-03
 321  -0.685073E-03   0.524303E-03   0.404256E-01   0.135024E-02   0.300000E-03
 322   0.604191E-03   0.926162E-03   0.425923E-01   0.732452E-03   0.350000E-03
 323  -0.169671E-02   0.191000E-03   0.439707E-01   0.211532E-02   0.350000E-03
 324  -0.109277E-02  -0.188156E-03   0.396224E-01   0.716966E-02   0.250000E-03
 325  -0.633793E-03  -0.328775E-03   0.151147E-02   0.760575E-02   0.300000E-03
 326  -0.171727E-03   0.475932E-03   0.123839E-02   0.152222E-02   0.250000E-03
 327   0.133913E-03   0.810433E-03   0.197738E-02   0.217651E-02   0.350000E-03
 328  -0.130926E-03   0.131447E-02   0.380546E-02   0.162938E-02   0.450000E-03
 329   0.589960E-04  -0.519726E-03   0.661464E-02   0.313381E-02   0.400000E-03
 330  -0.323328E-03  -0.168384E-03   0.725941E-02   0.275126E-02   0.350000E-03
 331   0.155237E-03   0.461631E-03   0.780047E-02   0.240792E-02   0.250000E-03
 332  -0.440009E-03   0.200666E-03   0.108005E-01   0.252640E-02   0.450000E-03
 333  -0.770896E-04   0.224923E-03   0.115361E-01   0.238172E-02   0.300000E-03
 334  -0.542008E-04   0.444105E-03   0.130340E-01   0.193523E-02   0.250000E-03
 335  -0.207985E-03   0.339476E-03   0.134065E-01   0.226445E-02   0.250000E-03
 336  -0.524113E-03  -0.325554E-03   0.144000E-01   0.255202E-02   0.300000E-03
 337  -0.669367E-03  -0.563078E-03   0.161279E-01   0.252499E-02   0.300000E-03
 338  -0.705535E-03  -0.174368E-03   0.167036E-01   0.374099E-02   0.250000E-03
 339  -0.745572E-03   0.700950E-04   0.176908E-01   0.311737E-02   0.350000E-03
 340  -0.540848E-03   0.430635E-03   0.190016E-01   0.352841E-02   0.300000E-03
 341  -0.378260E-03   0.145573E-03   0.201428E-01   0.339530E-02   0.300000E-03
 342  -0.912208E-03   0.161784E-03   0.206357E-01   0.334038E-02   0.200000E-03
 343  -0.530536E-03   0.277078E-03   0.216654E-01   0.286526E-02   0.300000E-03
 344  -0.110315E-02  -0.240292E-03   0.239213E-01   0.333927E-02   0.250000E-03
 345  -0.112424E-02  -0.457677E-03   0.251771E-01   0.297878E-02   0.300000E-03
 346  -0.114926E-02  -0.452611E-03   0.257074E-01   0.261100E-02   0.350000E-03
 347  -0.816197E-03  -0.102315E-03   0.263996E-01   0.289402E-02   0.400000E-03
 348  -0.199921E-02   0.143065E-02   0.290090E-01   0.197283E-02   0.300000E-03
 349   0.857700E-03  -0.381054E-03   0.301328E-01   0.284081E-02   0.250000E-03
 350   0.102137E-03  -0.368819E-03   0.320801E-01   0.315224E-02   0.300000E-03
 351   0.108093E-03   0.452779E-03   0.328529E-01   0.307899E-02   0.350000E-03
 352  -0.520208E-03  -0.178763E-03   0.344998E-01   0.310287E-02   0.400000E-03
 353  -0.150265E-02   0.252883E-03   0.358891E-01   0.302144E-02   0.200000E-03
 354  -0.140663E-02  -0.540196E-03   0.372365E-01   0.219366E-02   0.250000E-03
 355  -0.550442E-03  -0.275200E-03   0.380376E-01   0.203540E-02   0.300000E-03
 356  -0.123897E-02   0.410650E-03   0.393787E-01   0.162393E-02   0.200000E-03
 357  -0.154853E-02  -0.706163E-03   0.408146E-01   0.180012E-02   0.300000E-03
 358  -0.128624E-02   0.386943E-03   0.416801E-01   0.133782E-02   0.250000E-03
 359   0.160055E-02  -0.259952E-04   0.442610E-01   0.529799E-02   0.250000E-03
 360  -0.413338E-03  -0.287073E-02   0.448000E-01   0.418229E-02   0.200000E-03
 361  -0.108556E-04   0.134691E-03   0.683880E-03   0.274712E-02   0.400000E-03
 362   0.493774E-03   0.308245E-03   0.148097E-02   0.273497E-02   0.400000E-03
 363   0.623742E-03   0.323080E-03   0.308729E-02   0.201033E-02   0.250000E-03
 364  -0.699889E-03   0.250454E-03   0.490985E-02   0.254006E-02   0.300000E-03
 365  -0.897145E-04   0.166759E-04   0.591502E-02   0.313341E-02   0.300000E-03
 366  -0.187973E-03  -0.314324E-04   0.617802E-02   0.367600E-02   0.300000E-03
 367  -0.168141E-03  -0.472036E-03   0.868703E-02   0.336143E-02   0.200000E-03
 368  -0.398691E-03  -0.177107E-03   0.103422E-01   0.311357E-02   0.300000E-03
 369  -0.314513E-03  -0.143300E-03   0.118682E-01   0.293967E-02   0.350000E-03
 370  -0.230422E-03   0.435472E-03   0.128236E-01   0.254736E-02   0.400000E-03
 371  -0.278210E-03   0.161590E-03   0.137417E-01   0.285000E-02   0.300000E-03
 372  -0.830479E-03  -0.110395E-03   0.150626E-01   0.328031E-02   0.400000E-03
 373  -0.109899E-02  -0.236265E-03   0.156873E-01   0.292951E-02   0.300000E-03
 374  -0.164302E-03   0.707236E-03   0.164107E-01   0.316280E-02   0.400000E-03
 375  -0.980008E-03   0.385629E-03   0.175487E-01   0.393693E-02   0.450000E-03
 376  -0.103803E-02   0.469136E-04   0.186708E-01   0.308084E-02   0.200000E-03
 377  -0.948344E-03   0.339970E-03   0.196087E-01   0.375738E-02   0.350000E-03
 378  -0.507301E-03   0.205816E-03   0.210788E-01   0.262627E-02   0.300000E-03
 379  -0.421780E-03  -0.167294E-04   0.211790E-01   0.329207E-02   0.350000E-03
 380  -0.210950E-04  -0.528482E-03   0.220093E-01   0.341626E-02   0.350000E-03
 381  -0.882821E-03  -0.410175E-03   0.245130E-01   0.335941E-02   0.350000E-03
 382  -0.659609E-03  -0.217856E-03   0.267856E-01   0.347056E-02   0.300000E-03
 383  -0.799784E-03   0.156563E-04   0.278922E-01   0.246028E-02   0.250000E-03
 384  -0.119627E-02   0.685481E-03   0.285874E-01   0.239365E-02   0.300000E-03
 385  -0.484766E-03   0.910725E-03   0.291574E-01   0.256954E-02   0.300000E-03
 386  -0.941017E-03  -0.360698E-03   0.307323E-01   0.263303E-02   0.300000E-03
 387   0.117628E-03  -0.323816E-03   0.324767E-01   0.366381E-02   0.350000E-03
 388  -0.796172E-03  -0.624992E-03   0.354195E-01   0.345971E-02   0.450000E-03
 389  -0.150454E-02  -0.207957E-03   0.360636E-01   0.337795E-02   0.200000E-03
 390  -0.748212E-03   0.219381E-03   0.364778E-01   0.291993E-02   0.400000E-03
 391  -0.662877E-03   0.133826E-03   0.376812E-01   0.251611E-02   0.300000E-03
 392  -0.702090E-03   0.931768E-04   0.390495E-01   0.192805E-02   0.250000E-03
 393  -0.139165E-02   0.329838E-05   0.396164E-01   0.211965E-02   0.350000E-03
 394  -0.125702E-02   0.469750E-04   0.422253E-01   0.126841E-02   0.300000E-03
 395  -0.151207E-02   0.662900E-03   0.439053E-01   0.147052E-02   0.300000E-03
 396   0.502187E-03   0.188038E-02   0.444233E-01   0.241819E-02   0.200000E-03
 397   0.174994E-03   0.556356E-03   0.972405E-03   0.349068E-02   0.400000E-03
 398  -0.550489E-03   0.482083E-03   0.263711E-02   0.232632E-02   0.300000E-03
 399  -0.146591E-04   0.580186E-03   0.353698E-02   0.232683E-02   0.300000E-03
 400  -0.538080E-03   0.444194E-03   0.423588E-02   0.236127E-02   0.400000E-03
 401  -0.280090E-03   0.672158E-04   0.574966E-02   0.392694E-02   0.200000E-03
 402  -0.363186E-03  -0.762014E-03   0.729253E-02   0.344603E-02   0.350000E-03
 403  -0.269211E-03  -0.163910E-03   0.853141E-02   0.378129E-02   0.250000E-03
 404  -0.223757E-03  -0.242042E-03   0.906970E-02   0.368308E-02   0.300000E-03
 405   0.111323E-03   0.232206E-04   0.119710E-01   0.348843E-02   0.200000E-03
 406  -0.540916E-04   0.127043E-03   0.125329E-01   0.328621E-02   0.400000E-03
 407  -0.376742E-03   0.187597E-03   0.132129E-01   0.312708E-02   0.300000E-03
 408  -0.454268E-03  -0.560411E-04   0.142651E-01   0.331279E-02   0.400000E-03
 409  -0.856342E-03   0.100692E-03   0.157513E-01   0.356824E-02   0.350000E-03
 410  -0.852826E-03   0.145231E-03   0.162264E-01   0.400484E-02   0.300000E-03
 411  -0.494035E-03   0.735786E-04   0.167553E-01   0.428458E-02   0.300000E-03
 412  -0.131960E-02   0.410049E-03   0.183049E-01   0.355496E-02   0.400000E-03
 413  -0.385060E-03   0.327497E-03   0.202953E-01   0.397207E-02   0.300000E-03
 414  -0.100448E-02   0.590547E-03   0.208020E-01   0.375829E-02   0.250000E-03
 415  -0.952476E-03  -0.103710E-05   0.208383E-01   0.440683E-02   0.400000E-03
 416   0.821630E-04  -0.694759E-03   0.224627E-01   0.401314E-02   0.400000E-03
 417  -0.106386E-02  -0.355194E-03   0.234179E-01   0.354934E-02   0.300000E-03
 418  -0.117936E-02  -0.356307E-03   0.251519E-01   0.362571E-02   0.350000E-03
 419  -0.964400E-03  -0.141810E-03   0.278089E-01   0.305229E-02   0.350000E-03
 420  -0.886669E-03  -0.154495E-03   0.283852E-01   0.289790E-02   0.250000E-03
 421  -0.396309E-03   0.509863E-03   0.296132E-01   0.313305E-02   0.350000E-03
 422  -0.372680E-03  -0.405151E-03   0.313355E-01   0.307394E-02   0.450000E-03
 423  -0.231742E-03  -0.513625E-03   0.338167E-01   0.340123E-02   0.350000E-03
 424  -0.688048E-03  -0.743483E-03   0.347357E-01   0.375977E-02   0.300000E-03
 425  -0.795428E-03   0.878164E-04   0.369869E-01   0.339485E-02   0.300000E-03
 426  -0.564859E-03   0.194178E-03   0.371695E-01   0.282346E-02   0.300000E-03
 427  -0.865700E-03  -0.108361E-04   0.380317E-01   0.312870E-02   0.300000E-03
 428  -0.100288E-02   0.480430E-04   0.385809E-01   0.209493E-02   0.250000E-03
 429  -0.471118E-03  -0.260793E-03   0.402280E-01   0.191125E-02   0.300000E-03
 430  -0.125789E-02   0.220855E-03   0.419465E-01   0.187031E-02   0.350000E-03
 431  -0.562915E-03   0.220600E-03   0.426875E-01   0.179385E-02   0.400000E-03
 432  -0.101773E-02   0.595432E-03   0.433098E-01   0.148026E-02   0.300000E-03
 433   0.181886E-03   0.200318E-03   0.347899E-03   0.396491E-02   0.350000E-03
 434   0.110962E-02   0.162640E-02   0.158578E-02   0.179876E-02   0.200000E-03
 435  -0.201434E-03   0.221618E-03   0.314076E-02   0.283915E-02   0.350000E-03
 436  -0.275913E-03   0.642535E-03   0.529195E-02   0.293252E-02   0.250000E-03
 437  -0.256236E-03   0.274489E-03   0.563269E-02   0.354511E-02   0.200000E-03
 438  -0.636695E-03  -0.621618E-03   0.676040E-02   0.381629E-02   0.300000E-03
 439   0.271374E-03  -0.138418E-03   0.794182E-02   0.368425E-02   0.350000E-03
 440  -0.311865E-03   0.375040E-03   0.108815E-01   0.375880E-02   0.200000E-03
 441  -0.296297E-03  -0.129304E-04   0.109219E-01   0.326327E-02   0.300000E-03
 442  -0.183497E-03  -0.375625E-03   0.130883E-01   0.371208E-02   0.300000E-03
 443  -0.226442E-04   0.122188E-03   0.136365E-01   0.347737E-02   0.250000E-03
 444  -0.850951E-03   0.177879E-03   0.152342E-01   0.395680E-02   0.300000E-03
 445  -0.746576E-03   0.163880E-03   0.157048E-01   0.446988E-02   0.400000E-03
 446  -0.736235E-03   0.225775E-03   0.163036E-01   0.449318E-02   0.200000E-03
 447  -0.879535E-03  -0.649079E-04   0.172491E-01   0.461938E-02   0.300000E-03
 448  -0.135843E-02   0.315827E-03   0.183446E-01   0.445222E-02   0.500000E-03
 449  -0.902765E-03   0.330127E-03   0.192379E-01   0.440455E-02   0.400000E-03
 450  -0.609572E-03   0.451246E-03   0.199333E-01   0.444729E-02   0.300000E-03
 451  -0.548786E-03  -0.273506E-03   0.215029E-01   0.396545E-02   0.400000E-03
 452  -0.281548E-03  -0.253651E-03   0.219544E-01   0.455966E-02   0.350000E-03
 453  -0.951607E-03  -0.591948E-03   0.240606E-01   0.391847E-02   0.350000E-03
 454  -0.881913E-03  -0.397356E-03   0.257741E-01   0.330725E-02   0.350000E-03
 455  -0.459409E-03  -0.210495E-03   0.269868E-01   0.301500E-02   0.200000E-03
 456  -0.186253E-03   0.268144E-03   0.289162E-01   0.317250E-02   0.350000E-03
 457  -0.538165E-03  -0.136411E-02   0.305447E-01   0.319949E-02   0.300000E-03
 458  -0.163157E-03  -0.304869E-03   0.307076E-01   0.381980E-02   0.350000E-03
 459  -0.209191E-03  -0.140376E-03   0.317838E-01   0.373479E-02   0.350000E-03
 460  -0.517319E-03  -0.592997E-03   0.341979E-01   0.386150E-02   0.250000E-03
 461  -0.677196E-03  -0.240314E-04   0.364668E-01   0.356770E-02   0.250000E-03
 462  -0.765131E-03  -0.248718E-03   0.376468E-01   0.426930E-02   0.300000E-03
 463  -0.713800E-03  -0.122349E-03   0.382745E-01   0.258304E-02   0.300000E-03
 464  -0.114119E-02  -0.184590E-03   0.390144E-01   0.263992E-02   0.450000E-03
 465  -0.151891E-02  -0.574616E-03   0.407088E-01   0.238744E-02   0.300000E-03
 466  -0.593576E-03  -0.199084E-03   0.411780E-01   0.255558E-02   0.200000E-03
 467  -0.941093E-03  -0.450868E-03   0.435705E-01   0.255990E-02   0.250000E-03
 468  -0.485123E-03  -0.427649E-03   0.435736E-01   0.383361E-02   0.350000E-03
 469   0.339116E-03   0.176314E-03   0.105403E-02   0.433497E-02   0.450000E-03
 470  -0.253922E-03  -0.169405E-03   0.217853E-02   0.279133E-02   0.300000E-03
 471  -0.450193E-03   0.131505E-03   0.385598E-02   0.306400E-02   0.400000E-03
 472  -0.415227E-03   0.130127E-03   0.455349E-02   0.301612E-02   0.300000E-03
 473  -0.175990E-03   0.268581E-03   0.503341E-02   0.352530E-02   0.400000E-03
 474  -0.369655E-03   0.609321E-03   0.744490E-02   0.401878E-02   0.250000E-03
 475   0.979810E-04  -0.284898E-03   0.811383E-02   0.435886E-02   0.350000E-03
 476  -0.676920E-03  -0.552083E-03   0.954233E-02   0.405131E-02   0.300000E-03
 477  -0.970249E-03  -0.202614E-03   0.113188E-01   0.291793E-02   0.200000E-03
 478   0.123547E-03  -0.187969E-03   0.122370E-01   0.396931E-02   0.350000E-03
 479  -0.458827E-03  -0.447190E-03   0.142020E-01   0.395760E-02   0.250000E-03
 480  -0.563647E-03  -0.225780E-03   0.146847E-01   0.380861E-02   0.250000E-03
 481  -0.507593E-03  -0.681670E-04   0.148021E-01   0.429409E-02   0.250000E-03
 482  -0.836654E-03  -0.202453E-03   0.162812E-01   0.508652E-02   0.400000E-03
 483  -0.848858E-03  -0.235028E-03   0.169768E-01   0.515211E-02   0.300000E-03
 484  -0.121656E-02   0.389021E-03   0.186345E-01   0.519589E-02   0.300000E-03
 485  -0.753404E-03   0.648114E-03   0.196482E-01   0.502977E-02   0.350000E-03
 486  -0.100359E-02  -0.100307E-03   0.203054E-01   0.491416E-02   0.300000E-03
 487  -0.881182E-03   0.212564E-04   0.213654E-01   0.493411E-02   0.350000E-03
 488  -0.242902E-03   0.442360E-04   0.218879E-01   0.510415E-02   0.200000E-03
 489  -0.710547E-03  -0.671181E-03   0.246584E-01   0.396481E-02   0.250000E-03
 490  -0.594033E-03  -0.341661E-03   0.273227E-01   0.338821E-02   0.250000E-03
 491  -0.622150E-03   0.236211E-03   0.283267E-01   0.344314E-02   0.300000E-03
 492  -0.143213E-03   0.387437E-04   0.293116E-01   0.380842E-02   0.400000E-03
 493  -0.434250E-03  -0.174171E-03   0.300827E-01   0.358218E-02   0.300000E-03
 494  -0.515199E-03  -0.182281E-03   0.312410E-01   0.371509E-02   0.200000E-03
 495  -0.353668E-04  -0.598565E-03   0.328846E-01   0.402677E-02   0.200000E-03
 496  -0.104086E-02  -0.398164E-03   0.359469E-01   0.419812E-02   0.350000E-03
 497  -0.119023E-02   0.892731E-04   0.361013E-01   0.372476E-02   0.150000E-03
 498  -0.697542E-03  -0.106047E-03   0.373535E-01   0.380473E-02   0.250000E-03
 499  -0.734780E-03  -0.872436E-04   0.375289E-01   0.333785E-02   0.250000E-03
 500  -0.111634E-02  -0.131653E-03   0.394008E-01   0.309763E-02   0.150000E-03
 501  -0.459733E-03  -0.707615E-03   0.401647E-01   0.245582E-02   0.250000E-03
 502  -0.704209E-03  -0.186092E-04   0.413374E-01   0.208644E-02   0.300000E-03
 503  -0.408226E-03  -0.279850E-03   0.429758E-01   0.262682E-02   0.350000E-03
 504  -0.450519E-03   0.766906E-04   0.433236E-01   0.207645E-02   0.300000E-03
 505   0.819590E-04   0.446714E-03   0.165068E-02   0.380498E-02   0.350000E-03
 506   0.562269E-04   0.170493E-03   0.187126E-02   0.324938E-02   0.250000E-03
 507  -0.225553E-03   0.110164E-04   0.332605E-02   0.343473E-02   0.250000E-03
 508  -0.334039E-03   0.288119E-03   0.433680E-02   0.357145E-02   0.300000E-03
 509  -0.377424E-03   0.229897E-03   0.609451E-02   0.421918E-02   0.250000E-03
 510  -0.341969E-03  -0.401038E-04   0.749841E-02   0.455846E-02   0.300000E-03
 511   0.637725E-04   0.674126E-03   0.878720E-02   0.426681E-02   0.300000E-03
 512  -0.283123E-03   0.361407E-03   0.103339E-01   0.376102E-02   0.350000E-03
 513  -0.249844E-03  -0.430065E-04   0.114742E-01   0.348761E-02   0.300000E-03
 514  -0.220486E-03  -0.394898E-03   0.128663E-01   0.437508E-02   0.400000E-03
 515  -0.321769E-03  -0.472100E-03   0.136170E-01   0.408984E-02   0.350000E-03
 516  -0.568351E-03  -0.967372E-04   0.142646E-01   0.455230E-02   0.350000E-03
 517   0.665067E-04   0.176269E-03   0.151555E-01   0.447995E-02   0.150000E-03
 518  -0.665569E-03  -0.174525E-03   0.154957E-01   0.523745E-02   0.400000E-03
 519  -0.892852E-03   0.113327E-04   0.177351E-01   0.504117E-02   0.350000E-03
 520  -0.719693E-03   0.621348E-03   0.191679E-01   0.546621E-02   0.300000E-03
 521  -0.114874E-02   0.294613E-03   0.201392E-01   0.559322E-02   0.400000E-03
 522   0.146243E-03   0.726836E-03   0.207431E-01   0.524530E-02   0.250000E-03
 523  -0.234261E-03  -0.313640E-03   0.218682E-01   0.555176E-02   0.250000E-03
 524  -0.964582E-03  -0.848204E-03   0.231582E-01   0.408685E-02   0.300000E-03
 525  -0.100906E-02  -0.311930E-03   0.251951E-01   0.437266E-02   0.400000E-03
 526  -0.811339E-03  -0.111520E-03   0.256631E-01   0.392460E-02   0.250000E-03
 527  -0.804565E-03   0.295004E-03   0.277871E-01   0.370175E-02   0.300000E-03
 528  -0.313715E-03  -0.513053E-03   0.291718E-01   0.454405E-02   0.350000E-03
 529  -0.461693E-04   0.100247E-03   0.305373E-01   0.443904E-02   0.300000E-03
 530  -0.451229E-03  -0.605626E-03   0.321639E-01   0.405778E-02   0.150000E-03
 531  -0.181113E-03  -0.257443E-03   0.330320E-01   0.359839E-02   0.200000E-03
 532  -0.678645E-03  -0.553105E-03   0.352032E-01   0.428031E-02   0.400000E-03
 533  -0.854356E-03  -0.246087E-04   0.368306E-01   0.397320E-02   0.300000E-03
 534  -0.231091E-03  -0.712167E-03   0.382313E-01   0.440523E-02   0.300000E-03
 535  -0.844842E-03  -0.107810E-03   0.379122E-01   0.373143E-02   0.300000E-03
 536  -0.795643E-03  -0.603591E-03   0.386483E-01   0.311332E-02   0.150000E-03
 537  -0.928888E-03  -0.129926E-02   0.404410E-01   0.274246E-02   0.150000E-03
 538  -0.892432E-03  -0.114382E-03   0.417725E-01   0.249532E-02   0.300000E-03
 539  -0.412130E-03  -0.273360E-03   0.423643E-01   0.241019E-02   0.300000E-03
 540  -0.105188E-02  -0.373920E-03   0.439717E-01   0.284882E-02   0.250000E-03
 541  -0.305807E-03  -0.392531E-03   0.478723E-02   0.846620E-02   0.300000E-03
 542  -0.219106E-03   0.204630E-03   0.258176E-02   0.347865E-02   0.500000E-03
 543  -0.174862E-05   0.168394E-03   0.376822E-02   0.375879E-02   0.300000E-03
 544  -0.231118E-03   0.172905E-03   0.419944E-02   0.409952E-02   0.250000E-03
 545  -0.163033E-03   0.114120E-03   0.533489E-02   0.409758E-02   0.250000E-03
 546   0.284436E-03  -0.153823E-03   0.859244E-02   0.499077E-02   0.450000E-03
 547  -0.931167E-03  -0.381125E-04   0.928937E-02   0.459366E-02   0.300000E-03
 548  -0.348071E-03  -0.151174E-03   0.977819E-02   0.448882E-02   0.200000E-03
 549  -0.360833E-03  -0.181447E-03   0.110697E-01   0.432565E-02   0.400000E-03
 550  -0.345267E-03  -0.205099E-03   0.116386E-01   0.401148E-02   0.250000E-03
 551  -0.581056E-04  -0.244666E-03   0.135401E-01   0.488604E-02   0.450000E-03
 552  -0.496174E-03  -0.470775E-03   0.142511E-01   0.524983E-02   0.350000E-03
 553  -0.245590E-03   0.696976E-04   0.148725E-01   0.478897E-02   0.250000E-03
 554  -0.518683E-03  -0.358498E-03   0.150855E-01   0.573739E-02   0.250000E-03
 555  -0.863531E-03  -0.178861E-03   0.160188E-01   0.583942E-02   0.400000E-03
 556  -0.677505E-03   0.125962E-03   0.181467E-01   0.554090E-02   0.300000E-03
 557  -0.110297E-02   0.396799E-03   0.188796E-01   0.482039E-02   0.150000E-03
 558  -0.851033E-03  -0.881624E-04   0.212340E-01   0.566797E-02   0.400000E-03
 559   0.436184E-03  -0.469916E-03   0.226241E-01   0.464250E-02   0.250000E-03
 560  -0.984249E-03  -0.450987E-03   0.237168E-01   0.440554E-02   0.250000E-03
 561  -0.572831E-03  -0.103186E-03   0.259469E-01   0.445024E-02   0.350000E-03
 562  -0.451994E-03  -0.280650E-03   0.262496E-01   0.382031E-02   0.350000E-03
 563  -0.681154E-03   0.616268E-04   0.285702E-01   0.409697E-02   0.400000E-03
 564  -0.836504E-03  -0.354231E-03   0.285733E-01   0.479577E-02   0.300000E-03
 565  -0.111382E-03   0.170823E-03   0.299253E-01   0.423365E-02   0.350000E-03
 566  -0.200680E-03  -0.414213E-03   0.312923E-01   0.436510E-02   0.450000E-03
 567   0.492389E-04   0.127041E-03   0.333076E-01   0.328647E-02   0.150000E-03
 568  -0.382310E-03  -0.514510E-03   0.338531E-01   0.384768E-02   0.100000E-03
 569  -0.984274E-03  -0.182990E-03   0.370088E-01   0.449048E-02   0.250000E-03
 570  -0.829905E-03   0.126205E-04   0.378220E-01   0.484209E-02   0.300000E-03
 571  -0.102065E-02  -0.273569E-04   0.384752E-01   0.352598E-02   0.300000E-03
 572  -0.127430E-02   0.102430E-04   0.390588E-01   0.338905E-02   0.300000E-03
 573  -0.117144E-02  -0.144353E-03   0.397424E-01   0.280529E-02   0.300000E-03
 574  -0.734682E-03  -0.567000E-03   0.414210E-01   0.320963E-02   0.500000E-03
 575  -0.785421E-03   0.680261E-04   0.421354E-01   0.290767E-02   0.250000E-03
 576  -0.552282E-03   0.450518E-03   0.444181E-01   0.385938E-02   0.300000E-03
 577   0.128824E-03   0.907926E-04   0.298547E-03   0.461169E-02   0.300000E-03
 578  -0.272516E-03   0.324803E-03   0.261499E-02   0.432250E-02   0.350000E-03
 579  -0.271928E-03   0.149649E-03   0.476753E-02   0.428882E-02   0.350000E-03
 580  -0.201038E-03  -0.159495E-04   0.544712E-02   0.458170E-02   0.250000E-03
 581   0.110877E-03   0.141305E-03   0.706597E-02   0.414653E-02   0.150000E-03
 582  -0.238932E-03   0.436100E-03   0.793411E-02   0.487848E-02   0.200000E-03
 583  -0.359484E-03   0.920639E-05   0.993661E-02   0.490711E-02   0.250000E-03
 584  -0.391975E-03  -0.105149E-03   0.103337E-01   0.445939E-02   0.350000E-03
 585   0.937925E-04   0.616358E-03   0.107321E-01   0.515215E-02   0.450000E-03
 586  -0.537781E-04   0.293790E-03   0.118763E-01   0.450681E-02   0.300000E-03
 587  -0.739775E-03   0.398628E-05   0.123462E-01   0.467125E-02   0.200000E-03
 588  -0.165880E-04   0.526155E-03   0.136411E-01   0.552770E-02   0.200000E-03
 589   0.134026E-02  -0.332210E-03   0.148487E-01   0.528881E-02   0.250000E-03
 590  -0.400012E-03  -0.383926E-03   0.154442E-01   0.600719E-02   0.200000E-03
 591  -0.885687E-03  -0.192776E-03   0.173825E-01   0.552146E-02   0.250000E-03
 592  -0.685827E-03  -0.254408E-03   0.181569E-01   0.613833E-02   0.300000E-03
 593  -0.742690E-03   0.616166E-03   0.195210E-01   0.594919E-02   0.300000E-03
 594  -0.129229E-02   0.130460E-03   0.206517E-01   0.613834E-02   0.350000E-03
 595  -0.700698E-04  -0.232191E-04   0.222748E-01   0.500417E-02   0.200000E-03
 596  -0.912276E-03  -0.326064E-03   0.232172E-01   0.473270E-02   0.350000E-03
 597  -0.754724E-03  -0.379895E-03   0.244219E-01   0.456965E-02   0.400000E-03
 598  -0.251494E-03  -0.107683E-03   0.266423E-01   0.439674E-02   0.350000E-03
 599  -0.589108E-03   0.632352E-04   0.271964E-01   0.397083E-02   0.350000E-03
 600  -0.121026E-03  -0.179309E-03   0.299216E-01   0.488190E-02   0.300000E-03
 601  -0.221875E-04  -0.235565E-03   0.305382E-01   0.508085E-02   0.350000E-03
 602  -0.519382E-03   0.117372E-03   0.309998E-01   0.488871E-02   0.150000E-03
 603  -0.218016E-03  -0.456194E-03   0.330325E-01   0.455491E-02   0.350000E-03
 604  -0.270457E-03  -0.259672E-03   0.334280E-01   0.397863E-02   0.350000E-03
 605  -0.729459E-03  -0.242355E-03   0.364247E-01   0.477176E-02   0.400000E-03
 606  -0.999966E-03  -0.885316E-04   0.385068E-01   0.514091E-02   0.450000E-03
 607  -0.970576E-03  -0.605876E-04   0.386428E-01   0.404450E-02   0.250000E-03
 608  -0.121521E-02  -0.250657E-03   0.396624E-01   0.346157E-02   0.300000E-03
 609  -0.158310E-02  -0.181091E-03   0.402566E-01   0.320097E-02   0.350000E-03
 610  -0.100038E-02   0.576257E-04   0.409157E-01   0.278668E-02   0.150000E-03
 611  -0.506995E-03  -0.376427E-03   0.428066E-01   0.361267E-02   0.450000E-03
 612  -0.999772E-03  -0.416219E-04   0.434491E-01   0.314337E-02   0.350000E-03
 613  -0.717292E-04  -0.371467E-03   0.104543E-01   0.861544E-02   0.350000E-03
 614  -0.336162E-03   0.279152E-03   0.314197E-02   0.446975E-02   0.200000E-03
 615  -0.750444E-04   0.114597E-03   0.368614E-02   0.440738E-02   0.350000E-03
 616  -0.366816E-03   0.214170E-03   0.569846E-02   0.427204E-02   0.150000E-03
 617  -0.712699E-03   0.176837E-03   0.664767E-02   0.445040E-02   0.350000E-03
 618  -0.191704E-03   0.395309E-03   0.809529E-02   0.555025E-02   0.300000E-03
 619  -0.104859E-02  -0.479531E-03   0.931279E-02   0.519108E-02   0.300000E-03
 620  -0.370196E-03  -0.231704E-03   0.990474E-02   0.555404E-02   0.400000E-03
 621  -0.378183E-03  -0.310830E-03   0.114181E-01   0.533574E-02   0.250000E-03
 622  -0.233651E-03   0.233604E-03   0.114505E-01   0.484518E-02   0.250000E-03
 623  -0.513461E-03   0.255942E-03   0.126858E-01   0.510282E-02   0.350000E-03
 624  -0.522063E-03  -0.311307E-03   0.139857E-01   0.573021E-02   0.200000E-03
 625  -0.479085E-03  -0.312686E-03   0.145095E-01   0.589570E-02   0.350000E-03
 626  -0.213222E-03   0.273068E-03   0.166355E-01   0.550616E-02   0.150000E-03
 627  -0.878433E-03  -0.255328E-03   0.169537E-01   0.565049E-02   0.200000E-03
 628  -0.723399E-03   0.210362E-03   0.175659E-01   0.603597E-02   0.300000E-03
 629  -0.716710E-03  -0.295001E-03   0.188203E-01   0.648092E-02   0.450000E-03
 630  -0.246591E-03   0.178984E-03   0.218586E-01   0.610145E-02   0.300000E-03
 631  -0.787030E-03  -0.382040E-03   0.227598E-01   0.526098E-02   0.350000E-03
 632  -0.864724E-03  -0.295900E-03   0.238317E-01   0.494194E-02   0.300000E-03
 633  -0.541359E-03  -0.212009E-04   0.246794E-01   0.516128E-02   0.250000E-03
 634  -0.702857E-03  -0.168352E-03   0.271746E-01   0.451733E-02   0.200000E-03
 635  -0.735156E-03  -0.107578E-03   0.278168E-01   0.447156E-02   0.450000E-03
 636  -0.170020E-03   0.730884E-05   0.293892E-01   0.515461E-02   0.300000E-03
 637  -0.127539E-03  -0.313734E-05   0.303433E-01   0.569679E-02   0.300000E-03
 638  -0.268491E-03  -0.684318E-04   0.321375E-01   0.473057E-02   0.350000E-03
 639  -0.514697E-03  -0.496242E-03   0.342919E-01   0.481143E-02   0.250000E-03
 640  -0.567010E-03  -0.533139E-03   0.345065E-01   0.431100E-02   0.300000E-03
 641  -0.603220E-03  -0.629732E-04   0.368912E-01   0.529185E-02   0.300000E-03
 642  -0.745123E-03   0.121684E-03   0.372787E-01   0.490483E-02   0.250000E-03
 643  -0.954274E-03   0.100742E-04   0.388118E-01   0.451208E-02   0.250000E-03
 644  -0.129829E-02  -0.968276E-04   0.392920E-01   0.405399E-02   0.400000E-03
 645  -0.118244E-02  -0.335686E-03   0.417273E-01   0.383806E-02   0.200000E-03
 646  -0.619211E-03  -0.828456E-03   0.407781E-01   0.330613E-02   0.150000E-03
 647  -0.669047E-03  -0.239537E-04   0.425750E-01   0.300269E-02   0.200000E-03
 648   0.123718E-03  -0.243391E-04   0.448036E-01   0.354718E-02   0.200000E-03
 649   0.330591E-03   0.181830E-03   0.714099E-03   0.488705E-02   0.200000E-03
 650  -0.242278E-03   0.386533E-03   0.267000E-02   0.501396E-02   0.350000E-03
 651   0.268264E-04   0.271289E-03   0.320812E-02   0.397266E-02   0.300000E-03
 652  -0.351644E-03  -0.345427E-04   0.457718E-02   0.489864E-02   0.200000E-03
 653  -0.499215E-03   0.848550E-04   0.657224E-02   0.494373E-02   0.150000E-03
 654  -0.478752E-03   0.226279E-03   0.746382E-02   0.525078E-02   0.400000E-03
 655   0.431176E-03  -0.222849E-04   0.877207E-02   0.576857E-02   0.350000E-03
 656  -0.488418E-03  -0.246377E-03   0.935671E-02   0.589909E-02   0.250000E-03
 657  -0.364442E-03  -0.934728E-04   0.104807E-01   0.593902E-02   0.300000E-03
 658  -0.220376E-03   0.145000E-03   0.119873E-01   0.514695E-02   0.350000E-03
 659  -0.448255E-03   0.306220E-03   0.131593E-01   0.547063E-02   0.250000E-03
 660  -0.514598E-03  -0.349435E-03   0.136268E-01   0.620939E-02   0.400000E-03
 661  -0.474997E-03  -0.329741E-03   0.150297E-01   0.628415E-02   0.300000E-03
 662  -0.829040E-03  -0.352053E-03   0.163610E-01   0.644341E-02   0.300000E-03
 663  -0.891917E-03  -0.188328E-03   0.166531E-01   0.598077E-02   0.250000E-03
 664  -0.857495E-03  -0.148829E-03   0.177820E-01   0.653903E-02   0.250000E-03
 665  -0.115687E-02   0.161943E-03   0.200193E-01   0.628209E-02   0.300000E-03
 666  -0.802507E-03   0.452695E-03   0.212606E-01   0.636591E-02   0.300000E-03
 667  -0.860669E-03  -0.451543E-03   0.223659E-01   0.577287E-02   0.300000E-03
 668  -0.750747E-03  -0.462618E-03   0.234017E-01   0.535769E-02   0.300000E-03
 669  -0.854219E-03  -0.633207E-03   0.248830E-01   0.476273E-02   0.100000E-03
 670   0.198264E-03  -0.789307E-03   0.263843E-01   0.488102E-02   0.200000E-03
 671  -0.362542E-03  -0.687172E-04   0.285150E-01   0.530451E-02   0.200000E-03
 672  -0.858496E-03  -0.322296E-03   0.281173E-01   0.510219E-02   0.250000E-03
 673  -0.230197E-03  -0.143733E-03   0.310275E-01   0.557091E-02   0.350000E-03
 674  -0.119176E-03  -0.171969E-03   0.315562E-01   0.511770E-02   0.350000E-03
 675  -0.114979E-04  -0.420242E-03   0.325058E-01   0.426198E-02   0.250000E-03
 676  -0.563776E-03  -0.535291E-03   0.347901E-01   0.478073E-02   0.250000E-03
 677  -0.722416E-03  -0.342958E-03   0.369744E-01   0.598535E-02   0.400000E-03
 678  -0.853884E-03  -0.248368E-03   0.374318E-01   0.537960E-02   0.250000E-03
 679  -0.131984E-02   0.187162E-03   0.390949E-01   0.542104E-02   0.200000E-03
 680  -0.120990E-02  -0.124341E-03   0.392681E-01   0.490014E-02   0.350000E-03
 681  -0.957659E-03   0.201945E-04   0.410962E-01   0.388179E-02   0.250000E-03
 682  -0.784448E-03  -0.483104E-03   0.421411E-01   0.340608E-02   0.250000E-03
 683  -0.276286E-03   0.221251E-05   0.440240E-01   0.455021E-02   0.500000E-03
 684  -0.906228E-03   0.940867E-04   0.440453E-01   0.339288E-02   0.300000E-03
 685  -0.840965E-03   0.486666E-03   0.349711E-03   0.729332E-02   0.350000E-03
 686  -0.285045E-03   0.121402E-03   0.333182E-02   0.558600E-02   0.350000E-03
 687  -0.251233E-03   0.407928E-03   0.331446E-02   0.493807E-02   0.300000E-03
 688  -0.302336E-03  -0.929876E-05   0.501950E-02   0.483257E-02   0.250000E-03
 689  -0.724132E-03   0.113200E-03   0.706548E-02   0.480274E-02   0.200000E-03
 690  -0.412736E-03   0.291963E-03   0.760529E-02   0.598042E-02   0.350000E-03
 691  -0.443182E-03   0.168278E-03   0.878053E-02   0.647789E-02   0.350000E-03
 692  -0.436179E-03   0.116576E-03   0.990260E-02   0.625313E-02   0.300000E-03
 693  -0.319124E-03   0.116474E-03   0.104015E-01   0.648014E-02   0.250000E-03
 694  -0.358966E-03  -0.997132E-04   0.111218E-01   0.585017E-02   0.350000E-03
 695  -0.159543E-03  -0.271549E-03   0.129037E-01   0.601220E-02   0.350000E-03
 696  -0.446761E-03   0.109255E-03   0.146300E-01   0.720647E-02   0.250000E-03
 697  -0.471463E-03   0.598041E-04   0.143393E-01   0.662237E-02   0.400000E-03
 698  -0.638415E-03  -0.392600E-03   0.156717E-01   0.656224E-02   0.400000E-03
 699  -0.310563E-03  -0.237790E-03   0.170881E-01   0.661246E-02   0.450000E-03
 700  -0.703190E-03  -0.142239E-03   0.181970E-01   0.689726E-02   0.300000E-03
 701  -0.614318E-03  -0.251875E-03   0.195486E-01   0.664990E-02   0.300000E-03
 702  -0.111032E-02  -0.247138E-03   0.204275E-01   0.684932E-02   0.400000E-03
 703  -0.819291E-03  -0.359801E-03   0.230407E-01   0.595593E-02   0.400000E-03
 704  -0.649362E-03   0.471967E-04   0.241694E-01   0.555383E-02   0.400000E-03
 705  -0.904647E-03   0.274482E-04   0.251552E-01   0.501874E-02   0.250000E-03
 706  -0.735809E-03  -0.419117E-03   0.259675E-01   0.504912E-02   0.250000E-03
 707  -0.589582E-03  -0.276418E-03   0.269748E-01   0.507916E-02   0.400000E-03
 708  -0.390246E-03  -0.145676E-03   0.298653E-01   0.542826E-02   0.250000E-03
 709   0.122465E-02  -0.203817E-03   0.320821E-01   0.527740E-02   0.200000E-03
 710  -0.684634E-03   0.581261E-05   0.326605E-01   0.502415E-02   0.250000E-03
 711  -0.323010E-03  -0.356477E-03   0.337305E-01   0.460573E-02   0.350000E-03
 712  -0.371596E-03  -0.307559E-03   0.351347E-01   0.520868E-02   0.300000E-03
 713  -0.665272E-03  -0.294877E-03   0.381618E-01   0.636422E-02   0.350000E-03
 714  -0.891134E-03  -0.257179E-03   0.379355E-01   0.570036E-02   0.350000E-03
 715  -0.975310E-03  -0.743946E-04   0.388277E-01   0.564305E-02   0.150000E-03
 716  -0.129324E-02  -0.104463E-03   0.397326E-01   0.453026E-02   0.250000E-03
 717  -0.115538E-02  -0.515804E-03   0.400648E-01   0.366248E-02   0.150000E-03
 718  -0.771107E-03  -0.217363E-03   0.421721E-01   0.390384E-02   0.250000E-03
 719  -0.631034E-03  -0.482206E-03   0.448018E-01   0.545803E-02   0.200000E-03
 720  -0.117512E-02   0.430296E-03   0.434111E-01   0.729111E-02   0.350000E-03
 721  -0.273618E-03   0.350362E-03   0.215177E-02   0.402927E-02   0.200000E-03
 722  -0.277350E-05   0.372652E-03   0.202716E-02   0.510380E-02   0.300000E-03
 723  -0.279118E-03   0.154494E-03   0.425221E-02   0.459425E-02   0.250000E-03
 724  -0.381265E-03  -0.116720E-03   0.602788E-02   0.486559E-02   0.400000E-03
 725  -0.714289E-03   0.204724E-03   0.692907E-02   0.512439E-02   0.150000E-03
 726  -0.437779E-03  -0.892179E-04   0.652271E-02   0.549105E-02   0.400000E-03
 727  -0.194481E-03   0.304335E-03   0.823500E-02   0.613291E-02   0.300000E-03
 728  -0.490391E-03   0.116854E-03   0.937353E-02   0.639680E-02   0.250000E-03
 729  -0.387349E-03   0.199511E-03   0.971694E-02   0.682522E-02   0.300000E-03
 730  -0.713723E-03   0.573784E-03   0.123674E-01   0.561091E-02   0.250000E-03
 731  -0.110293E-03  -0.262594E-03   0.122326E-01   0.620833E-02   0.350000E-03
 732  -0.500792E-03  -0.347430E-03   0.131232E-01   0.661783E-02   0.250000E-03
 733  -0.434353E-03   0.524270E-04   0.149550E-01   0.682747E-02   0.250000E-03
 734  -0.999330E-03   0.777550E-04   0.161702E-01   0.689907E-02   0.200000E-03
 735  -0.328304E-03  -0.347405E-03   0.176247E-01   0.720423E-02   0.350000E-03
 736  -0.799653E-03  -0.443754E-03   0.191227E-01   0.727421E-02   0.400000E-03
 737  -0.713774E-03  -0.397005E-03   0.198156E-01   0.718580E-02   0.300000E-03
 738  -0.100266E-02  -0.912883E-04   0.215000E-01   0.702120E-02   0.400000E-03
 739  -0.819628E-03  -0.345269E-03   0.224472E-01   0.641339E-02   0.350000E-03
 740  -0.469594E-03  -0.258438E-03   0.237567E-01   0.617645E-02   0.350000E-03
 741  -0.585513E-03  -0.200589E-03   0.248303E-01   0.563627E-02   0.250000E-03
 742  -0.741274E-03  -0.319470E-03   0.263805E-01   0.533098E-02   0.250000E-03
 743  -0.716468E-03  -0.280477E-03   0.276204E-01   0.514088E-02   0.250000E-03
 744  -0.579152E-03   0.327869E-05   0.288918E-01   0.518054E-02   0.200000E-03
 745   0.342699E-03  -0.343786E-03   0.316089E-01   0.571528E-02   0.250000E-03
 746  -0.804788E-03  -0.351430E-03   0.328149E-01   0.560311E-02   0.350000E-03
 747  -0.355698E-03  -0.756104E-03   0.332829E-01   0.515338E-02   0.300000E-03
 748  -0.375091E-03  -0.280674E-03   0.356803E-01   0.485632E-02   0.350000E-03
 749  -0.735717E-03  -0.812953E-04   0.363214E-01   0.546266E-02   0.300000E-03
 750  -0.768626E-03  -0.214160E-03   0.385077E-01   0.587609E-02   0.250000E-03
 751  -0.937439E-03  -0.122684E-03   0.391632E-01   0.593556E-02   0.300000E-03
 752  -0.132981E-02   0.290633E-04   0.401818E-01   0.422477E-02   0.300000E-03
 753  -0.555311E-03  -0.476607E-03   0.407194E-01   0.301217E-02   0.150000E-03
 754  -0.619910E-03  -0.385559E-03   0.418909E-01   0.418594E-02   0.150000E-03
 755  -0.113652E-02   0.106875E-02   0.425423E-01   0.415058E-02   0.150000E-03
 756  -0.127029E-02   0.323974E-04   0.431081E-01   0.671603E-02   0.300000E-03
 757  -0.144412E-03   0.153391E-03   0.183976E-02   0.448158E-02   0.350000E-03
 758  -0.436443E-03   0.132070E-03   0.402416E-02   0.566170E-02   0.350000E-03
 759  -0.406000E-03   0.357655E-03   0.390790E-02   0.502227E-02   0.300000E-03
 760  -0.714399E-03   0.824623E-04   0.473133E-02   0.556684E-02   0.300000E-03
 761  -0.310831E-03  -0.975376E-04   0.539956E-02   0.535877E-02   0.400000E-03
 762  -0.368169E-03  -0.163132E-03   0.590352E-02   0.591098E-02   0.350000E-03
 763  -0.230954E-03   0.243849E-03   0.688926E-02   0.619911E-02   0.400000E-03
 764  -0.209424E-03  -0.102826E-03   0.816202E-02   0.672822E-02   0.300000E-03
 765  -0.502489E-04   0.103256E-03   0.115565E-01   0.639313E-02   0.350000E-03
 766  -0.103625E-03  -0.175780E-03   0.117648E-01   0.575839E-02   0.300000E-03
 767  -0.119102E-03  -0.260033E-03   0.126862E-01   0.651646E-02   0.200000E-03
 768  -0.451505E-03   0.181641E-04   0.137318E-01   0.685005E-02   0.250000E-03
 769  -0.431678E-03  -0.416384E-04   0.152579E-01   0.734453E-02   0.350000E-03
 770  -0.105720E-02   0.101204E-03   0.158401E-01   0.720383E-02   0.250000E-03
 771  -0.638146E-03  -0.106305E-03   0.165666E-01   0.678602E-02   0.100000E-03
 772  -0.865331E-03  -0.420438E-03   0.184812E-01   0.736446E-02   0.250000E-03
 773  -0.616903E-03  -0.296309E-03   0.202071E-01   0.776520E-02   0.400000E-03
 774  -0.974630E-03  -0.120066E-03   0.208822E-01   0.744166E-02   0.350000E-03
 775  -0.837143E-03  -0.829193E-04   0.232931E-01   0.655426E-02   0.250000E-03
 776  -0.485179E-03  -0.693252E-04   0.248981E-01   0.608064E-02   0.200000E-03
 777  -0.418037E-03  -0.237083E-03   0.255678E-01   0.484376E-02   0.200000E-03
 778  -0.782547E-03  -0.321187E-03   0.259673E-01   0.549804E-02   0.200000E-03
 779  -0.772974E-03  -0.549321E-03   0.277545E-01   0.567201E-02   0.300000E-03
 780  -0.183788E-03  -0.274455E-03   0.293978E-01   0.580284E-02   0.350000E-03
 781  -0.244360E-03  -0.108702E-03   0.307192E-01   0.602588E-02   0.200000E-03
 782   0.121141E-02  -0.255499E-03   0.321553E-01   0.577173E-02   0.300000E-03
 783  -0.313670E-03  -0.759593E-03   0.339192E-01   0.527884E-02   0.350000E-03
 784  -0.637963E-04   0.685158E-03   0.344673E-01   0.522385E-02   0.200000E-03
 785  -0.375558E-03  -0.165950E-03   0.356821E-01   0.555569E-02   0.350000E-03
 786  -0.753973E-03  -0.356684E-03   0.375853E-01   0.620465E-02   0.250000E-03
 787  -0.102673E-02  -0.137949E-03   0.397267E-01   0.613548E-02   0.300000E-03
 788  -0.987265E-03   0.233944E-03   0.396388E-01   0.549243E-02   0.350000E-03
 789  -0.140465E-02  -0.656539E-04   0.405629E-01   0.376551E-02   0.300000E-03
 790  -0.102383E-02  -0.287889E-03   0.414567E-01   0.429125E-02   0.300000E-03
 791  -0.113630E-02   0.236444E-03   0.431070E-01   0.435416E-02   0.350000E-03
 792  -0.264950E-03   0.403262E-03   0.438780E-01   0.518336E-02   0.150000E-03
 793  -0.330620E-03   0.171157E-03   0.284638E-02   0.547794E-02   0.150000E-03
 794  -0.119750E-03   0.328986E-03   0.244625E-02   0.545808E-02   0.150000E-03
 795  -0.505285E-03   0.310392E-03   0.436141E-02   0.523111E-02   0.200000E-03
 796  -0.264391E-03  -0.239226E-03   0.266227E-02   0.646619E-02   0.300000E-03
 797  -0.502504E-03   0.588096E-04   0.450394E-02   0.623646E-02   0.400000E-03
 798  -0.316064E-03   0.973185E-05   0.516847E-02   0.601818E-02   0.300000E-03
 799  -0.375395E-03   0.263722E-03   0.751455E-02   0.667100E-02   0.350000E-03
 800  -0.470063E-03  -0.110612E-03   0.883483E-02   0.707449E-02   0.250000E-03
 801  -0.304002E-03   0.153891E-03   0.108164E-01   0.675568E-02   0.250000E-03
 802  -0.122757E-03   0.241117E-03   0.112851E-01   0.692725E-02   0.250000E-03
 803  -0.223257E-03  -0.510973E-04   0.120194E-01   0.676861E-02   0.250000E-03
 804  -0.383014E-03  -0.332710E-04   0.132705E-01   0.714726E-02   0.300000E-03
 805  -0.511401E-03   0.134417E-03   0.140847E-01   0.727406E-02   0.300000E-03
 806  -0.107034E-02   0.244316E-03   0.157231E-01   0.763756E-02   0.200000E-03
 807  -0.675581E-03  -0.632818E-03   0.180538E-01   0.762318E-02   0.250000E-03
 808  -0.817031E-03  -0.358778E-03   0.191428E-01   0.812273E-02   0.450000E-03
 809  -0.989924E-03  -0.170467E-03   0.214680E-01   0.771982E-02   0.300000E-03
 810  -0.902944E-03  -0.994219E-04   0.221986E-01   0.701000E-02   0.300000E-03
 811  -0.488792E-03  -0.148667E-03   0.237935E-01   0.682341E-02   0.300000E-03
 812  -0.702558E-03  -0.810644E-04   0.244140E-01   0.620861E-02   0.300000E-03
 813  -0.111888E-02  -0.229702E-03   0.254235E-01   0.554995E-02   0.350000E-03
 814  -0.551280E-03  -0.507043E-03   0.272589E-01   0.560707E-02   0.200000E-03
 815  -0.365803E-03  -0.272838E-03   0.286535E-01   0.588558E-02   0.400000E-03
 816  -0.383669E-03  -0.379490E-03   0.312179E-01   0.607868E-02   0.200000E-03
 817  -0.140879E-03  -0.180404E-03   0.302550E-01   0.628679E-02   0.300000E-03
 818  -0.668136E-03  -0.615891E-03   0.325714E-01   0.620357E-02   0.300000E-03
 819  -0.737327E-03  -0.382652E-03   0.334523E-01   0.572917E-02   0.300000E-03
 820  -0.509862E-03  -0.935563E-04   0.347281E-01   0.564860E-02   0.300000E-03
 821  -0.729026E-03  -0.945783E-04   0.362350E-01   0.605409E-02   0.300000E-03
 822  -0.734803E-03  -0.183250E-03   0.378348E-01   0.692569E-02   0.300000E-03
 823  -0.769436E-03  -0.263742E-03   0.387591E-01   0.630793E-02   0.250000E-03
 824  -0.121201E-02   0.289737E-04   0.408220E-01   0.555872E-02   0.350000E-03
 825  -0.104950E-02   0.201146E-03   0.402602E-01   0.498994E-02   0.450000E-03
 826  -0.907588E-03   0.476302E-04   0.408042E-01   0.440480E-02   0.350000E-03
 827  -0.687802E-03   0.691982E-03   0.422298E-01   0.439960E-02   0.250000E-03
 828  -0.671889E-03  -0.648335E-04   0.402889E-01   0.692974E-02   0.350000E-03
 829  -0.250756E-03   0.605899E-04   0.262843E-02   0.586888E-02   0.300000E-03
 830   0.168706E-03   0.514905E-03   0.299854E-03   0.521085E-02   0.300000E-03
 831   0.135733E-03  -0.748107E-03   0.313605E-03   0.570963E-02   0.200000E-03
 832  -0.266629E-03   0.771655E-04   0.310539E-02   0.614053E-02   0.250000E-03
 833  -0.215817E-03   0.120705E-03   0.328446E-02   0.665906E-02   0.300000E-03
 834  -0.354781E-03   0.110546E-03   0.509276E-02   0.661272E-02   0.300000E-03
 835  -0.298687E-03   0.267728E-03   0.574440E-02   0.679662E-02   0.300000E-03
 836  -0.426655E-03  -0.304343E-04   0.756990E-02   0.736657E-02   0.350000E-03
 837  -0.318866E-03  -0.176821E-03   0.108170E-01   0.630682E-02   0.200000E-03
 838  -0.310640E-03   0.132185E-03   0.117508E-01   0.730459E-02   0.350000E-03
 839  -0.120862E-03   0.673358E-05   0.125735E-01   0.710508E-02   0.400000E-03
 840  -0.499989E-03  -0.230998E-04   0.141610E-01   0.787467E-02   0.300000E-03
 841  -0.440803E-03  -0.269882E-04   0.147461E-01   0.774363E-02   0.300000E-03
 842  -0.509905E-03  -0.290987E-03   0.170499E-01   0.750603E-02   0.300000E-03
 843  -0.883465E-03  -0.397738E-03   0.184933E-01   0.786229E-02   0.250000E-03
 844  -0.362504E-03  -0.779778E-03   0.198523E-01   0.836764E-02   0.300000E-03
 845  -0.950934E-03  -0.319952E-03   0.208644E-01   0.814004E-02   0.350000E-03
 846  -0.855029E-03  -0.233372E-03   0.219763E-01   0.751224E-02   0.250000E-03
 847  -0.857609E-03   0.198155E-05   0.232638E-01   0.710207E-02   0.300000E-03
 848  -0.730616E-03  -0.239455E-03   0.244879E-01   0.690415E-02   0.400000E-03
 849  -0.104918E-02  -0.257537E-03   0.254226E-01   0.624582E-02   0.350000E-03
 850  -0.326212E-03  -0.788854E-03   0.267359E-01   0.562501E-02   0.200000E-03
 851  -0.481462E-03  -0.275595E-03   0.266086E-01   0.610465E-02   0.300000E-03
 852  -0.390729E-03  -0.294223E-04   0.299121E-01   0.582518E-02   0.150000E-03
 853  -0.972838E-03  -0.745468E-03   0.317042E-01   0.632900E-02   0.350000E-03
 854  -0.624417E-03  -0.514903E-03   0.327880E-01   0.681580E-02   0.350000E-03
 855  -0.617637E-03  -0.579437E-03   0.331687E-01   0.625738E-02   0.300000E-03
 856  -0.244203E-03  -0.298122E-03   0.341243E-01   0.599790E-02   0.400000E-03
 857  -0.474018E-03  -0.441428E-04   0.352173E-01   0.607530E-02   0.350000E-03
 858  -0.813694E-03  -0.184805E-03   0.365673E-01   0.655256E-02   0.300000E-03
 859  -0.968269E-03  -0.244925E-03   0.392907E-01   0.646951E-02   0.250000E-03
 860  -0.129860E-02   0.686201E-04   0.402162E-01   0.578879E-02   0.300000E-03
 861  -0.529965E-03   0.944920E-04   0.415194E-01   0.557711E-02   0.350000E-03
 862  -0.109714E-02  -0.174862E-03   0.409750E-01   0.497924E-02   0.250000E-03
 863  -0.829995E-03   0.523330E-03   0.432802E-01   0.513600E-02   0.450000E-03
 864  -0.965104E-03   0.248980E-03   0.445510E-01   0.605607E-02   0.450000E-03
 865   0.348293E-03   0.393649E-03   0.137937E-02   0.505748E-02   0.350000E-03
 866   0.118284E-03   0.241508E-03   0.171149E-02   0.549071E-02   0.200000E-03
 867   0.136780E-03  -0.126757E-03   0.204225E-02   0.627316E-02   0.350000E-03
 868  -0.438178E-03   0.239240E-03   0.369343E-02   0.622058E-02   0.300000E-03
 869  -0.262173E-03  -0.303416E-03   0.335597E-02   0.720197E-02   0.250000E-03
 870  -0.183788E-03   0.206434E-03   0.624321E-02   0.646382E-02   0.300000E-03
 871  -0.231708E-03   0.173592E-03   0.690599E-02   0.689796E-02   0.300000E-03
 872  -0.473232E-03   0.100205E-03   0.921280E-02   0.681564E-02   0.200000E-03
 873  -0.298945E-03  -0.781257E-04   0.102860E-01   0.701512E-02   0.300000E-03
 874  -0.402306E-03   0.851186E-04   0.117046E-01   0.797856E-02   0.300000E-03
 875  -0.227004E-03   0.220022E-03   0.122471E-01   0.772237E-02   0.300000E-03
 876  -0.349041E-03   0.223200E-04   0.136105E-01   0.763871E-02   0.300000E-03
 877  -0.430146E-03  -0.116379E-03   0.146696E-01   0.833735E-02   0.300000E-03
 878  -0.567682E-03  -0.289921E-03   0.164114E-01   0.739060E-02   0.350000E-03
 879  -0.375444E-03  -0.224861E-03   0.175183E-01   0.779325E-02   0.250000E-03
 880  -0.590378E-03  -0.502017E-03   0.177084E-01   0.830822E-02   0.300000E-03
 881  -0.859434E-03  -0.840843E-04   0.219605E-01   0.806186E-02   0.300000E-03
 882  -0.745802E-03  -0.391817E-04   0.227207E-01   0.717954E-02   0.250000E-03
 883  -0.467925E-03  -0.169982E-03   0.229000E-01   0.662234E-02   0.150000E-03
 884  -0.628287E-03  -0.231026E-03   0.239727E-01   0.744719E-02   0.350000E-03
 885  -0.737602E-03  -0.118213E-03   0.259859E-01   0.739245E-02   0.400000E-03
 886  -0.757728E-03  -0.370538E-03   0.260202E-01   0.599374E-02   0.300000E-03
 887  -0.371917E-03  -0.223590E-03   0.284348E-01   0.659976E-02   0.350000E-03
 888  -0.438712E-03  -0.337736E-04   0.295664E-01   0.658312E-02   0.450000E-03
 889  -0.424888E-03  -0.355575E-03   0.309111E-01   0.664964E-02   0.450000E-03
 890  -0.648759E-03  -0.585778E-03   0.322222E-01   0.662637E-02   0.250000E-03
 891   0.262689E-04  -0.748562E-03   0.337331E-01   0.663545E-02   0.350000E-03
 892  -0.245300E-03  -0.265170E-03   0.346670E-01   0.658337E-02   0.400000E-03
 893  -0.664833E-03  -0.153083E-03   0.357637E-01   0.642405E-02   0.300000E-03
 894  -0.640641E-03  -0.275739E-03   0.385942E-01   0.677943E-02   0.250000E-03
 895  -0.952098E-03  -0.286807E-03   0.391038E-01   0.698602E-02   0.300000E-03
 896  -0.714503E-03  -0.404177E-03   0.419137E-01   0.695751E-02   0.300000E-03
 897  -0.391245E-04   0.219750E-03   0.424684E-01   0.661848E-02   0.350000E-03
 898  -0.132704E-02   0.337263E-03   0.426240E-01   0.461559E-02   0.200000E-03
 899  -0.387107E-03   0.433211E-03   0.424855E-01   0.519768E-02   0.350000E-03
 900  -0.105809E-02   0.212030E-03   0.438287E-01   0.571401E-02   0.350000E-03
 901   0.381467E-03   0.162264E-03   0.129211E-02   0.564844E-02   0.250000E-03
 902  -0.262376E-03  -0.221446E-03   0.307862E-02   0.761734E-02   0.250000E-03
 903   0.957338E-04   0.161710E-03   0.211524E-02   0.567875E-02   0.250000E-03
 904  -0.325459E-03  -0.328061E-03   0.276381E-02   0.710686E-02   0.350000E-03
 905  -0.269210E-03  -0.283132E-03   0.399471E-02   0.691593E-02   0.450000E-03
 906  -0.431891E-03   0.271397E-03   0.585761E-02   0.733835E-02   0.250000E-03
 907  -0.439496E-03  -0.782322E-04   0.555423E-02   0.633472E-02   0.200000E-03
 908  -0.483476E-03  -0.200952E-03   0.884303E-02   0.762354E-02   0.300000E-03
 909  -0.541051E-03  -0.163562E-03   0.934569E-02   0.729684E-02   0.300000E-03
 910  -0.457680E-04  -0.324046E-03   0.101227E-01   0.805657E-02   0.300000E-03
 911  -0.346204E-03   0.147823E-03   0.112635E-01   0.765195E-02   0.250000E-03
 912  -0.431027E-03  -0.115165E-03   0.151485E-01   0.860651E-02   0.250000E-03
 913  -0.452788E-03  -0.212506E-04   0.153416E-01   0.803882E-02   0.350000E-03
 914  -0.855364E-03   0.506598E-03   0.161353E-01   0.813957E-02   0.450000E-03
 915  -0.732782E-03  -0.568961E-03   0.170157E-01   0.820499E-02   0.400000E-03
 916  -0.459112E-03  -0.823609E-03   0.204059E-01   0.859862E-02   0.300000E-03
 917  -0.771016E-03  -0.458967E-03   0.199989E-01   0.903827E-02   0.300000E-03
 918  -0.687848E-03  -0.170270E-03   0.225284E-01   0.774631E-02   0.350000E-03
 919  -0.870623E-03  -0.130048E-03   0.232284E-01   0.775074E-02   0.350000E-03
 920  -0.485473E-03   0.429996E-04   0.248115E-01   0.641913E-02   0.150000E-03
 921  -0.551943E-03  -0.309696E-03   0.233988E-01   0.848180E-02   0.350000E-03
 922  -0.771731E-03  -0.947485E-04   0.259984E-01   0.664280E-02   0.350000E-03
 923  -0.766500E-03  -0.398566E-03   0.277947E-01   0.631977E-02   0.350000E-03
 924   0.958014E-03  -0.207334E-03   0.289344E-01   0.722382E-02   0.450000E-03
 925  -0.351323E-03  -0.220166E-03   0.310981E-01   0.742717E-02   0.350000E-03
 926  -0.996188E-03  -0.616606E-03   0.315902E-01   0.696789E-02   0.300000E-03
 927  -0.206723E-03  -0.281009E-03   0.336481E-01   0.719565E-02   0.200000E-03
 928  -0.283785E-03  -0.215416E-03   0.341750E-01   0.649461E-02   0.100000E-03
 929  -0.636769E-03  -0.128459E-03   0.372290E-01   0.669032E-02   0.350000E-03
 930  -0.964192E-03  -0.308643E-04   0.412194E-01   0.663999E-02   0.300000E-03
 931  -0.366008E-03  -0.961765E-04   0.411892E-01   0.607419E-02   0.250000E-03
 932  -0.102769E-02  -0.233169E-03   0.397418E-01   0.668436E-02   0.250000E-03
 933  -0.694693E-03  -0.193682E-03   0.418098E-01   0.626563E-02   0.400000E-03
 934  -0.110618E-02  -0.153012E-03   0.412468E-01   0.468734E-02   0.150000E-03
 935  -0.664519E-03   0.361848E-03   0.418047E-01   0.489033E-02   0.400000E-03
 936  -0.129390E-02   0.446461E-03   0.433641E-01   0.616819E-02   0.300000E-03
 937   0.601374E-04   0.316775E-03   0.103657E-02   0.716239E-02   0.350000E-03
 938   0.112672E-03   0.322857E-03   0.298575E-03   0.620886E-02   0.300000E-03
 939   0.256560E-04   0.108671E-03   0.370581E-02   0.768714E-02   0.350000E-03
 940   0.402960E-03   0.113034E-03   0.788817E-03   0.586486E-02   0.300000E-03
 941  -0.253430E-03   0.472407E-03   0.166952E-02   0.686456E-02   0.350000E-03
 942  -0.163834E-03   0.868163E-04   0.455548E-02   0.770069E-02   0.500000E-03
 943  -0.317923E-03   0.275821E-03   0.526747E-02   0.723779E-02   0.350000E-03
 944  -0.185197E-03   0.135058E-03   0.632796E-02   0.705618E-02   0.300000E-03
 945  -0.315522E-03   0.178153E-03   0.108403E-01   0.730385E-02   0.300000E-03
 946   0.415414E-03   0.194678E-03   0.985962E-02   0.748973E-02   0.250000E-03
 947  -0.494065E-03   0.103033E-03   0.129479E-01   0.798740E-02   0.450000E-03
 948  -0.452665E-03   0.456116E-04   0.125669E-01   0.857381E-02   0.250000E-03
 949  -0.382597E-03  -0.107930E-03   0.156825E-01   0.873657E-02   0.300000E-03
 950  -0.623732E-03  -0.620992E-04   0.140061E-01   0.855767E-02   0.400000E-03
 951   0.460671E-03  -0.517470E-03   0.165735E-01   0.874752E-02   0.300000E-03
 952  -0.848667E-03  -0.509665E-03   0.182575E-01   0.830164E-02   0.250000E-03
 953  -0.908478E-03  -0.212011E-03   0.210783E-01   0.870007E-02   0.250000E-03
 954  -0.700605E-03  -0.279175E-03   0.225567E-01   0.859516E-02   0.500000E-03
 955  -0.631158E-03  -0.217814E-03   0.237691E-01   0.801076E-02   0.250000E-03
 956  -0.163954E-03   0.736880E-04   0.253685E-01   0.719009E-02   0.250000E-03
 957  -0.771333E-03   0.117457E-03   0.269195E-01   0.760701E-02   0.350000E-03
 958  -0.926716E-03  -0.190626E-03   0.266114E-01   0.697907E-02   0.350000E-03
 959  -0.670183E-03  -0.433804E-03   0.271203E-01   0.650066E-02   0.350000E-03
 960  -0.130119E-03  -0.449338E-03   0.302365E-01   0.683517E-02   0.250000E-03
 961  -0.650641E-03  -0.520595E-03   0.321492E-01   0.797100E-02   0.400000E-03
 962  -0.943971E-03  -0.298180E-03   0.316922E-01   0.750812E-02   0.250000E-03
 963  -0.425925E-03  -0.417102E-03   0.333105E-01   0.698244E-02   0.200000E-03
 964  -0.476381E-03  -0.340539E-03   0.353220E-01   0.682839E-02   0.300000E-03
 965  -0.743876E-03  -0.249640E-03   0.361075E-01   0.685279E-02   0.250000E-03
 966  -0.911893E-03  -0.754603E-03   0.367144E-01   0.723606E-02   0.400000E-03
 967  -0.767541E-03   0.777885E-04   0.406486E-01   0.633004E-02   0.350000E-03
 968   0.897905E-03   0.357025E-03   0.401594E-01   0.624543E-02   0.150000E-03
 969   0.682481E-04   0.695867E-03   0.447506E-01   0.712565E-02   0.250000E-03
 970  -0.878093E-03   0.772771E-04   0.442506E-01   0.679527E-02   0.350000E-03
 971  -0.248795E-03   0.854299E-03   0.427137E-01   0.591025E-02   0.400000E-03
 972  -0.930603E-03   0.476572E-04   0.436546E-01   0.674312E-02   0.250000E-03
 973   0.386636E-03   0.366268E-03   0.839406E-03   0.531763E-02   0.250000E-03
 974  -0.410657E-04  -0.259727E-04   0.400340E-02   0.820792E-02   0.250000E-03
 975   0.363891E-03  -0.117373E-03   0.134309E-02   0.624460E-02   0.350000E-03
 976  -0.112104E-03   0.143984E-03   0.778665E-03   0.656617E-02   0.300000E-03
 977  -0.364803E-03  -0.772682E-04   0.730321E-02   0.790315E-02   0.250000E-03
 978  -0.258749E-03  -0.103033E-03   0.693315E-02   0.749676E-02   0.300000E-03
 979  -0.217588E-03  -0.111042E-03   0.639336E-02   0.760134E-02   0.250000E-03
 980  -0.263981E-03  -0.245344E-03   0.817013E-02   0.781455E-02   0.400000E-03
 981  -0.268693E-03   0.146266E-03   0.103541E-01   0.755867E-02   0.250000E-03
 982  -0.517486E-03  -0.261950E-03   0.937862E-02   0.814760E-02   0.450000E-03
 983  -0.207323E-03   0.213740E-03   0.121726E-01   0.826691E-02   0.250000E-03
 984  -0.305983E-03   0.970306E-04   0.107694E-01   0.799066E-02   0.350000E-03
 985  -0.369565E-03   0.154020E-03   0.135802E-01   0.813642E-02   0.200000E-03
 986  -0.731657E-03  -0.403695E-03   0.189966E-01   0.930312E-02   0.300000E-03
 987  -0.773859E-03  -0.433083E-03   0.186510E-01   0.875303E-02   0.350000E-03
 988  -0.820437E-03  -0.286065E-03   0.194454E-01   0.880728E-02   0.300000E-03
 989  -0.846722E-03  -0.406518E-03   0.195445E-01   0.934749E-02   0.250000E-03
 990  -0.971818E-03  -0.291130E-03   0.214503E-01   0.826859E-02   0.250000E-03
 991  -0.711523E-03  -0.321023E-03   0.244584E-01   0.795063E-02   0.350000E-03
 992  -0.397936E-03   0.207480E-03   0.248966E-01   0.747126E-02   0.300000E-03
 993  -0.111624E-02  -0.126488E-03   0.251195E-01   0.675734E-02   0.250000E-03
 994  -0.614849E-03  -0.142693E-03   0.272245E-01   0.709062E-02   0.250000E-03
 995  -0.557262E-03  -0.140349E-03   0.278739E-01   0.709528E-02   0.400000E-03
 996   0.190562E-05  -0.172173E-03   0.304545E-01   0.733862E-02   0.300000E-03
 997  -0.465630E-03  -0.847843E-04   0.298955E-01   0.720064E-02   0.250000E-03
 998  -0.658495E-03  -0.330961E-03   0.322202E-01   0.722484E-02   0.350000E-03
 999  -0.529007E-03  -0.325013E-03   0.330556E-01   0.735234E-02   0.250000E-03
1000  -0.262777E-03  -0.267313E-03   0.341967E-01   0.716538E-02   0.350000E-03
