   1  -0.889883E-03  -0.855275E-03   0.112765E-01   0.846973E-02   0.350000E-03
   2   0.543790E-03   0.456094E-03   0.149293E-03   0.149812E-03   0.150000E-03
   3   0.267899E-02  -0.425577E-02   0.458475E-02   0.448091E-03   0.450000E-03
   4  -0.218774E-02   0.195463E-02   0.574525E-02   0.537012E-03   0.200000E-03
   5  -0.152559E-02  -0.152511E-02   0.583336E-02   0.999496E-04   0.100000E-03
   6   0.100567E-02  -0.124233E-02   0.750782E-02   0.248991E-03   0.250000E-03
   7  -0.357765E-03  -0.434673E-03   0.813925E-02   0.398625E-03   0.400000E-03
   8  -0.205559E-03  -0.106816E-02   0.888619E-02   0.348856E-03   0.350000E-03
   9  -0.372352E-03  -0.631498E-03   0.933341E-02   0.564575E-03   0.150000E-03
  10  -0.811320E-03   0.109744E-02   0.118107E-01   0.293330E-03   0.300000E-03
  11  -0.159167E-02  -0.470207E-03   0.130531E-01   0.348988E-03   0.350000E-03
  12  -0.186322E-02  -0.140823E-02   0.147859E-01   0.194728E-03   0.200000E-03
  13  -0.137619E-02   0.538670E-04   0.169306E-01   0.345828E-03   0.350000E-03
  14  -0.825478E-03  -0.833447E-04   0.176292E-01   0.348706E-03   0.350000E-03
  15   0.281469E-03  -0.893090E-04   0.188459E-01   0.404225E-03   0.400000E-03
  16   0.509617E-03   0.887174E-03   0.195902E-01   0.345761E-03   0.350000E-03
  17  -0.864075E-03   0.149271E-02   0.205038E-01   0.338960E-03   0.350000E-03
  18  -0.305988E-02   0.297375E-02   0.219573E-01   0.349194E-03   0.350000E-03
  19  -0.148704E-02   0.287527E-02   0.225468E-01   0.243206E-03   0.250000E-03
  20  -0.216603E-02   0.281074E-02   0.230461E-01   0.247826E-03   0.250000E-03
  21  -0.207402E-02  -0.120883E-02   0.244811E-01   0.249657E-03   0.250000E-03
  22  -0.116424E-03   0.430338E-03   0.257273E-01   0.200012E-03   0.200000E-03
  23  -0.108435E-02   0.230762E-03   0.267483E-01   0.991879E-04   0.100000E-03
  24  -0.220636E-03  -0.210579E-03   0.282118E-01   0.397771E-03   0.400000E-03
  25  -0.438669E-03   0.573574E-03   0.297841E-01   0.408509E-03   0.400000E-03
  26  -0.152364E-02  -0.209265E-02   0.305257E-01   0.334138E-03   0.350000E-03
  27  -0.145431E-02   0.196698E-02   0.318637E-01   0.297540E-03   0.300000E-03
  28  -0.833916E-03   0.307535E-03   0.333185E-01   0.349344E-03   0.300000E-03
  29  -0.199756E-02   0.580580E-03   0.355459E-01   0.444530E-03   0.450000E-03
  30  -0.169125E-02   0.110938E-03   0.374022E-01   0.347406E-03   0.350000E-03
  31  -0.177201E-02   0.650059E-03   0.379932E-01   0.248594E-03   0.250000E-03
  32  -0.115835E-02  -0.337210E-04   0.401227E-01   0.197686E-03   0.200000E-03
  33  -0.250097E-02   0.104715E-02   0.410117E-01   0.194462E-03   0.200000E-03
  34  -0.191914E-02   0.131882E-02   0.446052E-01   0.878846E-03   0.400000E-03
  35   0.502948E-03   0.858538E-03   0.446515E-01   0.192326E-02   0.350000E-03
  36  -0.292727E-03   0.410978E-03   0.864818E-02   0.832319E-02   0.300000E-03
  37  -0.144825E-02   0.672786E-03   0.247693E-03   0.177702E-02   0.250000E-03
  38   0.204108E-02  -0.432688E-03   0.778904E-03   0.720510E-03   0.300000E-03
  39   0.353466E-03   0.957491E-03   0.268851E-02   0.399405E-03   0.400000E-03
  40  -0.314522E-02   0.109881E-02   0.618185E-02   0.299124E-03   0.300000E-03
  41  -0.430170E-02  -0.604131E-03   0.687457E-02   0.390884E-03   0.400000E-03
  42  -0.188689E-02   0.245641E-02   0.729707E-02   0.100217E-02   0.350000E-03
  43  -0.648008E-03  -0.149113E-03   0.860086E-02   0.932264E-03   0.300000E-03
  44  -0.595336E-03  -0.725624E-03   0.939030E-02   0.958727E-03   0.250000E-03
  45   0.215969E-03   0.277426E-03   0.997678E-02   0.495671E-03   0.500000E-03
  46  -0.335612E-03  -0.863988E-04   0.107831E-01   0.300065E-03   0.300000E-03
  47   0.152654E-02  -0.153468E-03   0.152643E-01   0.150015E-03   0.150000E-03
  48  -0.141347E-02   0.203808E-03   0.158347E-01   0.447109E-03   0.450000E-03
  49  -0.120135E-02   0.347135E-05   0.164978E-01   0.887050E-03   0.350000E-03
  50  -0.730612E-03   0.121174E-03   0.182189E-01   0.246459E-03   0.250000E-03
  51   0.417453E-03   0.826930E-03   0.193150E-01   0.871304E-03   0.250000E-03
  52  -0.185872E-02   0.955753E-03   0.200455E-01   0.147375E-03   0.150000E-03
  53  -0.132125E-02   0.363426E-04   0.205051E-01   0.101558E-02   0.200000E-03
  54  -0.663577E-03   0.147001E-03   0.211522E-01   0.298649E-03   0.300000E-03
  55   0.301744E-03   0.508762E-04   0.233996E-01   0.998827E-04   0.100000E-03
  56  -0.204211E-02  -0.103087E-02   0.238481E-01   0.395992E-03   0.400000E-03
  57  -0.426218E-03  -0.497405E-03   0.245136E-01   0.915786E-03   0.400000E-03
  58  -0.113387E-03  -0.837995E-03   0.251142E-01   0.395797E-03   0.400000E-03
  59  -0.129881E-02  -0.454023E-06   0.270298E-01   0.200672E-03   0.200000E-03
  60  -0.178588E-02  -0.275217E-03   0.275199E-01   0.296490E-03   0.300000E-03
  61  -0.111849E-02  -0.109302E-03   0.290977E-01   0.294962E-03   0.300000E-03
  62  -0.929890E-03   0.321808E-03   0.312207E-01   0.347360E-03   0.350000E-03
  63   0.714076E-03   0.732111E-03   0.328504E-01   0.196506E-03   0.200000E-03
  64  -0.127762E-02   0.398497E-03   0.347547E-01   0.345442E-03   0.350000E-03
  65  -0.120131E-02   0.571848E-03   0.363223E-01   0.616081E-03   0.350000E-03
  66  -0.114581E-02   0.516554E-04   0.364333E-01   0.139055E-03   0.150000E-03
  67  -0.175609E-02   0.111003E-02   0.391387E-01   0.299088E-03   0.300000E-03
  68  -0.173438E-02   0.272868E-03   0.423016E-01   0.199576E-03   0.200000E-03
  69   0.978034E-03   0.185075E-02   0.438618E-01   0.823935E-03   0.350000E-03
  70  -0.539156E-03  -0.929660E-03   0.423964E-01   0.721440E-02   0.250000E-03
  71  -0.185435E-02  -0.573021E-03   0.447019E-01   0.496947E-02   0.300000E-03
  72  -0.683897E-03  -0.298157E-02   0.447499E-01   0.247639E-03   0.250000E-03
  73  -0.762902E-03   0.128437E-03   0.256946E-02   0.793637E-02   0.350000E-03
  74  -0.275362E-03   0.317143E-03   0.120134E-02   0.297950E-03   0.300000E-03
  75  -0.542826E-03  -0.300947E-03   0.391926E-02   0.248004E-03   0.250000E-03
  76  -0.117023E-03  -0.349897E-03   0.522265E-02   0.923394E-03   0.350000E-03
  77  -0.201005E-02  -0.100801E-02   0.647155E-02   0.820670E-03   0.200000E-03
  78  -0.107673E-02   0.874854E-03   0.665364E-02   0.133784E-02   0.350000E-03
  79  -0.169787E-02   0.868013E-03   0.798188E-02   0.113017E-02   0.350000E-03
  80  -0.555679E-03  -0.100244E-02   0.904987E-02   0.131963E-02   0.250000E-03
  81  -0.426006E-03  -0.409623E-03   0.106886E-01   0.948800E-03   0.350000E-03
  82  -0.101103E-02   0.465674E-03   0.132888E-01   0.953360E-03   0.300000E-03
  83  -0.966431E-03  -0.660951E-03   0.137511E-01   0.345822E-03   0.350000E-03
  84  -0.197229E-02  -0.709975E-03   0.143407E-01   0.244543E-03   0.250000E-03
  85  -0.120851E-02  -0.409385E-03   0.154274E-01   0.101142E-02   0.250000E-03
  86  -0.126497E-02  -0.117400E-03   0.172765E-01   0.106543E-02   0.450000E-03
  87   0.614302E-03   0.442978E-03   0.188533E-01   0.105373E-02   0.250000E-03
  88   0.313617E-03   0.288543E-03   0.200535E-01   0.800705E-03   0.300000E-03
  89  -0.111001E-02  -0.597000E-03   0.203002E-01   0.160242E-02   0.400000E-03
  90  -0.502553E-03   0.332171E-03   0.214799E-01   0.857502E-03   0.350000E-03
  91  -0.188057E-02   0.321200E-03   0.225878E-01   0.735138E-03   0.250000E-03
  92  -0.250003E-02  -0.176716E-03   0.231780E-01   0.830873E-03   0.350000E-03
  93  -0.278261E-02   0.149324E-03   0.238021E-01   0.114062E-02   0.350000E-03
  94  -0.138092E-03  -0.986160E-03   0.252289E-01   0.113566E-02   0.350000E-03
  95  -0.170070E-02  -0.580663E-03   0.273503E-01   0.920364E-03   0.350000E-03
  96  -0.489868E-03  -0.426367E-03   0.280515E-01   0.118008E-02   0.400000E-03
  97  -0.568741E-03  -0.121751E-04   0.294566E-01   0.968606E-03   0.250000E-03
  98   0.444474E-03  -0.311179E-03   0.302992E-01   0.108470E-02   0.450000E-03
  99  -0.151306E-02   0.178969E-02   0.324064E-01   0.246677E-03   0.250000E-03
 100  -0.430739E-03   0.371655E-02   0.327272E-01   0.624955E-03   0.250000E-03
 101  -0.170509E-02  -0.505984E-03   0.349628E-01   0.106192E-02   0.400000E-03
 102  -0.138550E-02   0.247369E-03   0.368100E-01   0.267050E-03   0.250000E-03
 103  -0.139973E-02   0.388069E-03   0.376421E-01   0.894033E-03   0.250000E-03
 104  -0.110963E-02   0.846951E-03   0.385405E-01   0.296213E-03   0.300000E-03
 105  -0.156962E-02   0.411105E-03   0.405673E-01   0.244347E-03   0.250000E-03
 106  -0.207001E-03  -0.369928E-03   0.431898E-01   0.297160E-03   0.300000E-03
 107   0.399534E-03  -0.142877E-02   0.440846E-01   0.747537E-02   0.350000E-03
 108  -0.139603E-02  -0.824028E-03   0.349328E-01   0.747108E-02   0.450000E-03
 109  -0.104159E-02   0.323679E-03   0.241567E-03   0.632306E-03   0.250000E-03
 110  -0.236531E-03  -0.477970E-03   0.539009E-03   0.236885E-03   0.250000E-03
 111  -0.257489E-03   0.409004E-03   0.189233E-02   0.398131E-03   0.400000E-03
 112   0.369077E-03  -0.529188E-03   0.322497E-02   0.923250E-03   0.350000E-03
 113  -0.197778E-02  -0.117935E-02   0.594542E-02   0.109877E-02   0.400000E-03
 114  -0.679153E-03   0.111860E-02   0.716412E-02   0.153319E-02   0.200000E-03
 115  -0.196280E-02   0.132235E-03   0.851224E-02   0.157577E-02   0.350000E-03
 116  -0.206407E-04  -0.787870E-03   0.985664E-02   0.133534E-02   0.350000E-03
 117  -0.249259E-03  -0.220353E-04   0.113539E-01   0.741201E-03   0.350000E-03
 118   0.314376E-03  -0.272018E-03   0.124077E-01   0.295385E-03   0.300000E-03
 119  -0.197847E-02   0.526467E-03   0.142677E-01   0.784295E-03   0.300000E-03
 120  -0.123045E-02  -0.200657E-03   0.150976E-01   0.577631E-03   0.300000E-03
 121  -0.124416E-02   0.877388E-04   0.167163E-01   0.138779E-02   0.200000E-03
 122  -0.218579E-03   0.317857E-03   0.181650E-01   0.941585E-03   0.450000E-03
 123   0.380430E-03   0.780215E-03   0.185993E-01   0.142033E-02   0.200000E-03
 124  -0.111973E-04  -0.154637E-03   0.196872E-01   0.127291E-02   0.300000E-03
 125  -0.126724E-02  -0.529342E-03   0.208889E-01   0.781045E-03   0.250000E-03
 126  -0.135710E-02  -0.527492E-03   0.209380E-01   0.132394E-02   0.300000E-03
 127  -0.204652E-02  -0.229368E-03   0.227179E-01   0.121361E-02   0.250000E-03
 128  -0.196740E-02  -0.106582E-04   0.230700E-01   0.163103E-02   0.300000E-03
 129  -0.154068E-02   0.180765E-03   0.236148E-01   0.169757E-02   0.250000E-03
 130   0.572606E-03  -0.626699E-03   0.257286E-01   0.721016E-03   0.300000E-03
 131  -0.667586E-03  -0.290503E-03   0.263460E-01   0.395424E-03   0.400000E-03
 132   0.632574E-03  -0.977236E-03   0.275173E-01   0.145196E-02   0.200000E-03
 133  -0.133558E-02  -0.444844E-03   0.288082E-01   0.926573E-03   0.400000E-03
 134  -0.124693E-02  -0.219769E-03   0.311894E-01   0.109360E-02   0.400000E-03
 135  -0.161390E-02  -0.343126E-03   0.320355E-01   0.102495E-02   0.450000E-03
 136  -0.145070E-02   0.607364E-03   0.340102E-01   0.399428E-03   0.400000E-03
 137  -0.253220E-02   0.176569E-02   0.372286E-01   0.761963E-03   0.100000E-03
 138  -0.147353E-02   0.103787E-03   0.373969E-01   0.132490E-02   0.250000E-03
 139  -0.103572E-02   0.728086E-03   0.381756E-01   0.766313E-03   0.300000E-03
 140  -0.103501E-02   0.972775E-03   0.396835E-01   0.270472E-03   0.250000E-03
 141  -0.855031E-03   0.776834E-03   0.414573E-01   0.249196E-03   0.250000E-03
 142  -0.768845E-03   0.910492E-03   0.419023E-01   0.197068E-03   0.200000E-03
 143   0.168891E-02   0.376462E-03   0.438981E-01   0.630858E-02   0.250000E-03
 144  -0.794632E-03   0.979034E-04   0.295582E-01   0.763991E-02   0.300000E-03
 145  -0.105144E-03  -0.251839E-03   0.294273E-03   0.332024E-02   0.300000E-03
 146   0.681408E-03  -0.107664E-03   0.665555E-03   0.135520E-02   0.350000E-03
 147   0.366057E-03  -0.275985E-03   0.407333E-02   0.849143E-03   0.200000E-03
 148  -0.359041E-03  -0.622507E-03   0.531625E-02   0.288778E-03   0.300000E-03
 149  -0.131833E-02   0.910001E-03   0.611506E-02   0.192759E-02   0.450000E-03
 150  -0.208649E-03   0.119748E-02   0.755774E-02   0.148007E-02   0.200000E-03
 151  -0.645005E-03  -0.997594E-03   0.938889E-02   0.161271E-02   0.200000E-03
 152   0.149933E-04  -0.931960E-03   0.103958E-01   0.140939E-02   0.200000E-03
 153  -0.829682E-03  -0.135506E-02   0.111877E-01   0.136370E-02   0.300000E-03
 154   0.758859E-04   0.457034E-03   0.125916E-01   0.966293E-03   0.400000E-03
 155  -0.838360E-03   0.319007E-03   0.137801E-01   0.886266E-03   0.200000E-03
 156  -0.232919E-02   0.972582E-04   0.148147E-01   0.121732E-02   0.400000E-03
 157  -0.136674E-02   0.123302E-03   0.159482E-01   0.139314E-02   0.400000E-03
 158  -0.110975E-02   0.323629E-03   0.174002E-01   0.185229E-02   0.350000E-03
 159  -0.187377E-03  -0.488184E-03   0.177919E-01   0.147040E-02   0.200000E-03
 160  -0.274544E-04  -0.488107E-05   0.182080E-01   0.164024E-02   0.250000E-03
 161  -0.151210E-03   0.313757E-03   0.196269E-01   0.181533E-02   0.250000E-03
 162  -0.151055E-02   0.564470E-03   0.209465E-01   0.182044E-02   0.200000E-03
 163  -0.679699E-03  -0.654441E-06   0.221272E-01   0.111449E-02   0.350000E-03
 164  -0.365355E-03  -0.317317E-03   0.227475E-01   0.218589E-02   0.300000E-03
 165  -0.100398E-02  -0.189681E-03   0.248270E-01   0.158043E-02   0.250000E-03
 166  -0.283783E-03  -0.941195E-03   0.256466E-01   0.155961E-02   0.250000E-03
 167  -0.963601E-03  -0.867492E-03   0.266339E-01   0.113304E-02   0.400000E-03
 168  -0.981842E-03  -0.458927E-03   0.285981E-01   0.153721E-02   0.250000E-03
 169   0.208685E-03  -0.610247E-04   0.302059E-01   0.171443E-02   0.200000E-03
 170  -0.797328E-03  -0.525528E-04   0.307990E-01   0.178805E-02   0.400000E-03
 171  -0.934754E-03  -0.326782E-03   0.335311E-01   0.908342E-03   0.300000E-03
 172  -0.151454E-02  -0.402379E-03   0.341740E-01   0.118167E-02   0.400000E-03
 173  -0.190027E-02  -0.420084E-03   0.356497E-01   0.118205E-02   0.300000E-03
 174  -0.226456E-02  -0.297492E-03   0.368746E-01   0.103864E-02   0.350000E-03
 175  -0.150193E-02   0.128441E-03   0.390171E-01   0.885830E-03   0.300000E-03
 176  -0.535993E-03  -0.254167E-05   0.400803E-01   0.988820E-03   0.200000E-03
 177  -0.141468E-02   0.107507E-02   0.406065E-01   0.786175E-03   0.300000E-03
 178  -0.106863E-02  -0.536083E-03   0.444010E-01   0.143876E-02   0.200000E-03
 179  -0.134514E-03  -0.312141E-03   0.427010E-01   0.195774E-03   0.200000E-03
 180  -0.109128E-02  -0.153472E-04   0.400343E-01   0.752834E-02   0.300000E-03
 181  -0.897491E-03  -0.264668E-03   0.197150E-03   0.107847E-02   0.200000E-03
 182   0.466753E-03   0.290977E-03   0.139783E-02   0.214566E-02   0.200000E-03
 183   0.327203E-03  -0.835816E-05   0.337616E-02   0.295233E-03   0.300000E-03
 184  -0.954137E-03   0.294633E-03   0.538766E-02   0.159667E-02   0.350000E-03
 185  -0.135510E-02   0.857501E-04   0.624889E-02   0.261005E-02   0.250000E-03
 186  -0.964866E-03  -0.353516E-03   0.679725E-02   0.186730E-02   0.200000E-03
 187  -0.112468E-02  -0.324074E-03   0.791478E-02   0.181974E-02   0.300000E-03
 188  -0.323735E-03   0.297453E-03   0.963165E-02   0.199157E-02   0.250000E-03
 189  -0.386263E-03  -0.116068E-02   0.117211E-01   0.125151E-02   0.250000E-03
 190  -0.120384E-02   0.392848E-04   0.119609E-01   0.819178E-03   0.250000E-03
 191  -0.163428E-02   0.251265E-04   0.140036E-01   0.126566E-02   0.250000E-03
 192  -0.202537E-02  -0.848434E-03   0.143115E-01   0.183229E-02   0.400000E-03
 193  -0.840166E-03  -0.106257E-02   0.153202E-01   0.170145E-02   0.300000E-03
 194  -0.153736E-02   0.389208E-03   0.165171E-01   0.194825E-02   0.400000E-03
 195  -0.367674E-03   0.592079E-03   0.179578E-01   0.207281E-02   0.250000E-03
 196   0.282303E-04   0.949978E-04   0.191438E-01   0.152022E-02   0.300000E-03
 197  -0.102076E-02  -0.521696E-03   0.199960E-01   0.228738E-02   0.350000E-03
 198  -0.553083E-03  -0.287525E-03   0.206412E-01   0.221290E-02   0.300000E-03
 199  -0.110178E-02  -0.448775E-03   0.215050E-01   0.150495E-02   0.300000E-03
 200  -0.798400E-03  -0.275764E-03   0.222496E-01   0.216211E-02   0.200000E-03
 201  -0.226048E-02  -0.897979E-04   0.242795E-01   0.158027E-02   0.300000E-03
 202  -0.642599E-04  -0.105868E-02   0.259905E-01   0.120361E-02   0.250000E-03
 203  -0.905752E-03  -0.134092E-02   0.265832E-01   0.182645E-02   0.300000E-03
 204  -0.576197E-03  -0.578738E-03   0.270900E-01   0.159245E-02   0.250000E-03
 205  -0.573835E-03  -0.111851E-03   0.296223E-01   0.159623E-02   0.400000E-03
 206  -0.173890E-02  -0.278136E-03   0.322561E-01   0.179189E-02   0.350000E-03
 207  -0.150347E-02  -0.164664E-03   0.328919E-01   0.129763E-02   0.450000E-03
 208  -0.160189E-02  -0.341731E-03   0.336019E-01   0.166380E-02   0.350000E-03
 209  -0.111456E-02  -0.736473E-03   0.362428E-01   0.125710E-02   0.300000E-03
 210  -0.170491E-02  -0.106283E-02   0.366469E-01   0.153764E-02   0.200000E-03
 211  -0.117324E-02  -0.998772E-03   0.370625E-01   0.169255E-02   0.250000E-03
 212  -0.681240E-03  -0.269735E-03   0.400584E-01   0.590792E-03   0.200000E-03
 213  -0.180695E-02   0.136819E-02   0.411291E-01   0.623565E-03   0.250000E-03
 214   0.117302E-04   0.174330E-02   0.420813E-01   0.551519E-03   0.200000E-03
 215  -0.243275E-02  -0.258010E-02   0.442840E-01   0.149553E-03   0.150000E-03
 216   0.481143E-03   0.104855E-03   0.217016E-01   0.887775E-02   0.400000E-03
 217  -0.701269E-03  -0.711982E-04   0.142916E-01   0.924862E-02   0.350000E-03
 218  -0.567653E-04   0.951394E-04   0.863723E-03   0.202255E-02   0.350000E-03
 219  -0.281716E-03  -0.637546E-03   0.372460E-02   0.653571E-03   0.200000E-03
 220  -0.471867E-03   0.480189E-03   0.457696E-02   0.129617E-02   0.400000E-03
 221  -0.113595E-02   0.224690E-03   0.532168E-02   0.218541E-02   0.250000E-03
 222  -0.104153E-02  -0.170146E-03   0.731259E-02   0.205847E-02   0.350000E-03
 223  -0.143249E-02   0.367160E-03   0.903663E-02   0.202771E-02   0.350000E-03
 224  -0.636400E-03   0.251447E-04   0.102251E-01   0.193031E-02   0.350000E-03
 225  -0.707499E-03  -0.158116E-02   0.107473E-01   0.159035E-02   0.200000E-03
 226   0.532998E-03  -0.590167E-03   0.121894E-01   0.153569E-02   0.300000E-03
 227  -0.697389E-03  -0.693340E-03   0.130332E-01   0.143804E-02   0.250000E-03
 228  -0.117262E-02  -0.116794E-02   0.148747E-01   0.176326E-02   0.150000E-03
 229  -0.127942E-02   0.486282E-03   0.158756E-01   0.203648E-02   0.250000E-03
 230  -0.101366E-02   0.821080E-03   0.175587E-01   0.248108E-02   0.300000E-03
 231  -0.610417E-03   0.740576E-03   0.183755E-01   0.228893E-02   0.200000E-03
 232  -0.299140E-04   0.521005E-05   0.186887E-01   0.190693E-02   0.300000E-03
 233  -0.151719E-03   0.100392E-03   0.192397E-01   0.233543E-02   0.400000E-03
 234  -0.242713E-02  -0.255466E-03   0.213591E-01   0.209879E-02   0.300000E-03
 235  -0.125543E-02  -0.130974E-02   0.224359E-01   0.168125E-02   0.300000E-03
 236  -0.174565E-02   0.265142E-03   0.233412E-01   0.216292E-02   0.300000E-03
 237  -0.214047E-02  -0.485337E-04   0.239894E-01   0.216112E-02   0.350000E-03
 238  -0.128949E-02  -0.409605E-03   0.252418E-01   0.175025E-02   0.200000E-03
 239  -0.393651E-03   0.115171E-04   0.267460E-01   0.234870E-02   0.250000E-03
 240  -0.815515E-03  -0.824870E-04   0.290406E-01   0.147632E-02   0.200000E-03
 241  -0.582079E-03  -0.692697E-03   0.302116E-01   0.225057E-02   0.350000E-03
 242  -0.166565E-02  -0.315542E-03   0.315575E-01   0.174676E-02   0.350000E-03
 243  -0.165522E-02   0.252009E-03   0.329769E-01   0.223947E-02   0.500000E-03
 244  -0.142348E-02  -0.307941E-03   0.354480E-01   0.198349E-02   0.200000E-03
 245  -0.163189E-02  -0.326307E-03   0.349284E-01   0.180808E-02   0.350000E-03
 246  -0.202937E-02  -0.293957E-03   0.365878E-01   0.213127E-02   0.400000E-03
 247  -0.117427E-02   0.180295E-03   0.379908E-01   0.138777E-02   0.350000E-03
 248  -0.838681E-03   0.354377E-05   0.396120E-01   0.815065E-03   0.300000E-03
 249  -0.351225E-03   0.176221E-02   0.416486E-01   0.790730E-03   0.300000E-03
 250   0.250085E-03  -0.447734E-03   0.437369E-01   0.243496E-03   0.250000E-03
 251   0.382026E-03   0.504891E-05   0.446047E-01   0.298437E-02   0.400000E-03
 252  -0.924414E-03  -0.844844E-03   0.337785E-01   0.772964E-02   0.350000E-03
 253  -0.840088E-03   0.386048E-04   0.212527E-02   0.739553E-02   0.350000E-03
 254  -0.668656E-03   0.567722E-03   0.138505E-02   0.942751E-03   0.350000E-03
 255   0.276427E-03   0.750928E-03   0.229190E-02   0.972895E-03   0.300000E-03
 256  -0.397576E-03   0.714666E-03   0.482611E-02   0.194758E-02   0.300000E-03
 257  -0.951823E-03  -0.692773E-04   0.673864E-02   0.236295E-02   0.300000E-03
 258  -0.118621E-02   0.229457E-03   0.838220E-02   0.226635E-02   0.350000E-03
 259  -0.136432E-02  -0.106384E-02   0.904524E-02   0.282455E-02   0.450000E-03
 260  -0.718074E-03  -0.753737E-03   0.987380E-02   0.259287E-02   0.400000E-03
 261  -0.415585E-03  -0.206546E-03   0.116527E-01   0.179461E-02   0.300000E-03
 262  -0.149300E-02  -0.823574E-03   0.121694E-01   0.218539E-02   0.350000E-03
 263  -0.848041E-03  -0.681498E-03   0.135774E-01   0.168608E-02   0.350000E-03
 264  -0.966197E-03   0.230019E-03   0.148923E-01   0.221220E-02   0.300000E-03
 265  -0.101902E-02  -0.550323E-03   0.166389E-01   0.253544E-02   0.200000E-03
 266  -0.963932E-03   0.401471E-03   0.170359E-01   0.232333E-02   0.250000E-03
 267  -0.101722E-02   0.671407E-03   0.171229E-01   0.281148E-02   0.250000E-03
 268  -0.924698E-03   0.453600E-03   0.186642E-01   0.263228E-02   0.250000E-03
 269   0.428408E-03  -0.572424E-03   0.191036E-01   0.297098E-02   0.250000E-03
 270  -0.682679E-03  -0.784868E-03   0.197011E-01   0.292048E-02   0.350000E-03
 271  -0.161944E-02  -0.930295E-03   0.219191E-01   0.185803E-02   0.250000E-03
 272  -0.100271E-02   0.338557E-03   0.223511E-01   0.275332E-02   0.400000E-03
 273  -0.304193E-02  -0.108174E-02   0.235450E-01   0.282050E-02   0.400000E-03
 274  -0.109248E-03  -0.618620E-03   0.258165E-01   0.202366E-02   0.250000E-03
 275  -0.886120E-03  -0.116096E-02   0.262527E-01   0.226328E-02   0.250000E-03
 276  -0.637283E-03  -0.540982E-03   0.274987E-01   0.195338E-02   0.300000E-03
 277  -0.515682E-03  -0.916783E-03   0.294624E-01   0.217141E-02   0.200000E-03
 278  -0.156790E-02  -0.727701E-03   0.318855E-01   0.238431E-02   0.350000E-03
 279  -0.984224E-03  -0.316918E-03   0.323894E-01   0.270104E-02   0.250000E-03
 280  -0.132205E-02  -0.348920E-03   0.342836E-01   0.187215E-02   0.300000E-03
 281  -0.134410E-02   0.436057E-04   0.358787E-01   0.173076E-02   0.300000E-03
 282  -0.168955E-02  -0.130451E-02   0.375434E-01   0.179915E-02   0.250000E-03
 283  -0.347357E-03   0.140313E-03   0.384911E-01   0.161626E-02   0.200000E-03
 284  -0.142777E-02   0.152429E-03   0.385474E-01   0.117003E-02   0.250000E-03
 285  -0.204784E-02   0.312647E-03   0.410961E-01   0.121795E-02   0.350000E-03
 286  -0.518089E-03   0.162329E-02   0.432199E-01   0.893154E-03   0.300000E-03
 287  -0.724287E-03   0.130471E-02   0.428421E-01   0.121771E-02   0.200000E-03
 288  -0.700754E-03   0.141351E-03   0.589393E-02   0.793696E-02   0.350000E-03
 289  -0.763208E-03   0.419195E-04   0.245604E-03   0.227486E-02   0.250000E-03
 290  -0.986064E-04   0.108162E-02   0.185476E-02   0.138215E-02   0.300000E-03
 291  -0.724037E-04   0.902276E-03   0.249823E-02   0.164144E-02   0.400000E-03
 292   0.420673E-03   0.283782E-03   0.312483E-02   0.151276E-02   0.250000E-03
 293  -0.122021E-02  -0.147111E-03   0.570327E-02   0.257359E-02   0.300000E-03
 294  -0.597695E-03  -0.117710E-02   0.821288E-02   0.299056E-02   0.400000E-03
 295  -0.699516E-03  -0.530321E-03   0.969214E-02   0.337156E-02   0.400000E-03
 296  -0.130266E-02   0.335152E-04   0.111182E-01   0.190672E-02   0.250000E-03
 297  -0.801902E-03  -0.116591E-03   0.107217E-01   0.193518E-02   0.150000E-03
 298  -0.791383E-03  -0.882877E-03   0.126611E-01   0.168853E-02   0.200000E-03
 299  -0.134172E-02  -0.723654E-03   0.138969E-01   0.232695E-02   0.250000E-03
 300  -0.114848E-02  -0.136181E-02   0.148863E-01   0.270928E-02   0.200000E-03
 301  -0.656159E-03   0.167292E-03   0.154578E-01   0.238310E-02   0.300000E-03
 302  -0.714739E-03  -0.471094E-03   0.170828E-01   0.335519E-02   0.300000E-03
 303  -0.330048E-03   0.672912E-03   0.180510E-01   0.251270E-02   0.200000E-03
 304  -0.500403E-03   0.137195E-03   0.182511E-01   0.291123E-02   0.250000E-03
 305  -0.770147E-03  -0.811932E-03   0.193879E-01   0.330748E-02   0.150000E-03
 306  -0.419652E-03  -0.255383E-03   0.204431E-01   0.282619E-02   0.350000E-03
 307  -0.178611E-02  -0.110963E-03   0.218431E-01   0.235056E-02   0.250000E-03
 308  -0.961718E-03   0.316598E-03   0.228028E-01   0.334863E-02   0.350000E-03
 309  -0.167010E-02   0.154090E-03   0.245787E-01   0.261481E-02   0.400000E-03
 310  -0.130791E-02   0.105359E-04   0.251700E-01   0.224331E-02   0.300000E-03
 311  -0.688172E-03  -0.181638E-03   0.273020E-01   0.256906E-02   0.350000E-03
 312  -0.547519E-03  -0.498583E-03   0.281455E-01   0.192152E-02   0.350000E-03
 313  -0.633836E-03  -0.684719E-03   0.297002E-01   0.254823E-02   0.250000E-03
 314  -0.109205E-02  -0.561366E-03   0.312432E-01   0.232682E-02   0.300000E-03
 315  -0.137149E-02   0.354773E-03   0.334635E-01   0.286448E-02   0.300000E-03
 316  -0.139144E-02   0.158412E-03   0.338219E-01   0.232783E-02   0.350000E-03
 317  -0.173510E-02  -0.409681E-03   0.350623E-01   0.254435E-02   0.400000E-03
 318  -0.157468E-02  -0.521114E-03   0.358487E-01   0.242611E-02   0.400000E-03
 319  -0.147309E-02  -0.321766E-04   0.389701E-01   0.143320E-02   0.250000E-03
 320   0.463955E-03  -0.105503E-02   0.398301E-01   0.142104E-02   0.300000E-03
 321  -0.951399E-03  -0.576967E-03   0.404235E-01   0.134857E-02   0.300000E-03
 322  -0.681294E-03   0.186903E-02   0.425932E-01   0.731351E-03   0.350000E-03
 323   0.530344E-03  -0.480977E-03   0.439705E-01   0.211609E-02   0.350000E-03
 324   0.664892E-04  -0.212744E-04   0.396176E-01   0.716937E-02   0.250000E-03
 325  -0.505275E-03  -0.859642E-04   0.151063E-02   0.760662E-02   0.300000E-03
 326  -0.190853E-03  -0.227773E-03   0.123899E-02   0.152205E-02   0.250000E-03
 327   0.254053E-03   0.533696E-03   0.197721E-02   0.217683E-02   0.350000E-03
 328  -0.264199E-03   0.345033E-03   0.380537E-02   0.162941E-02   0.450000E-03
 329  -0.133642E-02   0.558421E-03   0.661401E-02   0.313415E-02   0.400000E-03
 330  -0.117747E-02   0.138668E-03   0.725894E-02   0.275192E-02   0.350000E-03
 331  -0.647084E-03  -0.278365E-03   0.779952E-02   0.240854E-02   0.250000E-03
 332  -0.140029E-02  -0.489918E-03   0.107975E-01   0.252549E-02   0.450000E-03
 333  -0.666018E-03  -0.346232E-03   0.115330E-01   0.238167E-02   0.300000E-03
 334  -0.451549E-03  -0.787047E-03   0.130331E-01   0.193570E-02   0.250000E-03
 335  -0.660240E-03  -0.827769E-03   0.134049E-01   0.226599E-02   0.250000E-03
 336  -0.652866E-03  -0.792089E-03   0.143984E-01   0.255248E-02   0.300000E-03
 337  -0.130704E-02   0.304371E-03   0.161255E-01   0.252549E-02   0.300000E-03
 338  -0.113344E-02   0.264020E-03   0.167016E-01   0.374158E-02   0.250000E-03
 339  -0.860721E-03  -0.726614E-04   0.176880E-01   0.311793E-02   0.350000E-03
 340  -0.123178E-02  -0.464632E-03   0.189980E-01   0.352849E-02   0.300000E-03
 341  -0.528615E-03  -0.814900E-04   0.201398E-01   0.339556E-02   0.300000E-03
 342  -0.603485E-03  -0.293410E-03   0.206322E-01   0.334155E-02   0.200000E-03
 343  -0.189376E-02   0.568014E-03   0.216617E-01   0.286555E-02   0.300000E-03
 344  -0.124607E-02   0.126421E-05   0.239193E-01   0.333805E-02   0.250000E-03
 345  -0.836828E-03   0.750464E-03   0.251744E-01   0.297811E-02   0.300000E-03
 346  -0.447002E-03   0.151874E-03   0.257050E-01   0.261096E-02   0.350000E-03
 347  -0.653302E-03   0.192702E-03   0.263969E-01   0.289429E-02   0.400000E-03
 348  -0.672505E-03  -0.948491E-03   0.290053E-01   0.197285E-02   0.300000E-03
 349  -0.208339E-03  -0.321215E-03   0.301301E-01   0.284068E-02   0.250000E-03
 350  -0.107497E-02  -0.372000E-03   0.320781E-01   0.315063E-02   0.300000E-03
 351  -0.110751E-02   0.521769E-04   0.328519E-01   0.307890E-02   0.350000E-03
 352  -0.132612E-02  -0.412247E-03   0.344961E-01   0.310143E-02   0.400000E-03
 353  -0.173923E-02  -0.794828E-03   0.358857E-01   0.302013E-02   0.200000E-03
 354  -0.227526E-02  -0.360179E-03   0.372344E-01   0.219186E-02   0.250000E-03
 355  -0.134730E-02  -0.629905E-03   0.380355E-01   0.203413E-02   0.300000E-03
 356  -0.173574E-02  -0.271329E-03   0.393761E-01   0.162264E-02   0.200000E-03
 357  -0.115505E-02  -0.700115E-03   0.408128E-01   0.179807E-02   0.300000E-03
 358  -0.300557E-03   0.701654E-03   0.416822E-01   0.133569E-02   0.250000E-03
 359  -0.210784E-02   0.676428E-03   0.442593E-01   0.529664E-02   0.250000E-03
 360   0.138584E-02   0.134028E-02   0.448003E-01   0.418181E-02   0.200000E-03
 361  -0.186655E-03   0.635921E-03   0.683282E-03   0.274724E-02   0.400000E-03
 362   0.591416E-03   0.428738E-03   0.148023E-02   0.273518E-02   0.400000E-03
 363   0.386296E-03   0.352112E-03   0.308710E-02   0.201123E-02   0.250000E-03
 364  -0.484481E-03  -0.485916E-04   0.490965E-02   0.254077E-02   0.300000E-03
 365  -0.113571E-02   0.379817E-03   0.591443E-02   0.313455E-02   0.300000E-03
 366  -0.965213E-03   0.119016E-03   0.617702E-02   0.367618E-02   0.300000E-03
 367  -0.110862E-02  -0.150659E-02   0.868375E-02   0.336198E-02   0.200000E-03
 368  -0.727442E-03  -0.536246E-03   0.103399E-01   0.311315E-02   0.300000E-03
 369  -0.782866E-03  -0.544705E-03   0.118659E-01   0.293912E-02   0.350000E-03
 370  -0.775051E-03  -0.607373E-03   0.128214E-01   0.254725E-02   0.400000E-03
 371  -0.133362E-02  -0.374856E-03   0.137387E-01   0.284989E-02   0.300000E-03
 372  -0.412318E-03   0.209526E-03   0.150602E-01   0.328056E-02   0.400000E-03
 373  -0.753281E-03  -0.228152E-03   0.156856E-01   0.293038E-02   0.300000E-03
 374  -0.143789E-02  -0.217161E-03   0.164086E-01   0.316343E-02   0.400000E-03
 375  -0.997697E-03  -0.345386E-03   0.175461E-01   0.393711E-02   0.450000E-03
 376  -0.927854E-03  -0.175752E-03   0.186678E-01   0.308130E-02   0.200000E-03
 377  -0.450674E-03  -0.225026E-03   0.196050E-01   0.375686E-02   0.350000E-03
 378  -0.124541E-02  -0.429209E-03   0.210750E-01   0.262720E-02   0.300000E-03
 379  -0.827994E-03  -0.212155E-03   0.211753E-01   0.329245E-02   0.350000E-03
 380  -0.756901E-03   0.217780E-03   0.220056E-01   0.341705E-02   0.350000E-03
 381  -0.177056E-02   0.426802E-04   0.245109E-01   0.335909E-02   0.350000E-03
 382  -0.832946E-03  -0.559527E-04   0.267832E-01   0.347053E-02   0.300000E-03
 383  -0.736588E-03  -0.303687E-03   0.278899E-01   0.246113E-02   0.250000E-03
 384  -0.854293E-03  -0.698463E-03   0.285842E-01   0.239382E-02   0.300000E-03
 385  -0.752470E-03  -0.678217E-03   0.291543E-01   0.256981E-02   0.300000E-03
 386  -0.402234E-03  -0.861943E-03   0.307288E-01   0.263220E-02   0.300000E-03
 387  -0.941193E-03  -0.238805E-03   0.324742E-01   0.366242E-02   0.350000E-03
 388  -0.178363E-02  -0.881341E-03   0.354167E-01   0.345873E-02   0.450000E-03
 389  -0.154996E-02  -0.304397E-03   0.360605E-01   0.337686E-02   0.200000E-03
 390  -0.205046E-02  -0.552706E-03   0.364756E-01   0.291910E-02   0.400000E-03
 391  -0.215917E-02  -0.351130E-03   0.376786E-01   0.251468E-02   0.300000E-03
 392  -0.157954E-02  -0.550399E-03   0.390480E-01   0.192652E-02   0.250000E-03
 393  -0.125653E-02  -0.528545E-03   0.396143E-01   0.211901E-02   0.350000E-03
 394  -0.349364E-03   0.718546E-03   0.422269E-01   0.126744E-02   0.300000E-03
 395   0.602826E-03  -0.569344E-03   0.439056E-01   0.147070E-02   0.300000E-03
 396   0.177843E-03  -0.683621E-03   0.444237E-01   0.241926E-02   0.200000E-03
 397  -0.555748E-03  -0.113316E-03   0.972159E-03   0.349077E-02   0.400000E-03
 398  -0.115665E-03   0.712832E-03   0.263704E-02   0.232718E-02   0.300000E-03
 399  -0.239042E-03   0.219215E-03   0.353726E-02   0.232714E-02   0.300000E-03
 400  -0.547171E-03  -0.750041E-04   0.423609E-02   0.236124E-02   0.400000E-03
 401  -0.772527E-03   0.337476E-04   0.574869E-02   0.392703E-02   0.200000E-03
 402  -0.104036E-02   0.703045E-03   0.729146E-02   0.344679E-02   0.350000E-03
 403  -0.171322E-02   0.251386E-03   0.852946E-02   0.378244E-02   0.250000E-03
 404  -0.809008E-03  -0.312367E-03   0.906746E-02   0.368256E-02   0.300000E-03
 405  -0.808759E-03  -0.641912E-03   0.119686E-01   0.348748E-02   0.200000E-03
 406  -0.655170E-03  -0.493773E-03   0.125304E-01   0.328583E-02   0.400000E-03
 407  -0.797863E-03  -0.509203E-03   0.132104E-01   0.312726E-02   0.300000E-03
 408  -0.615403E-03   0.113227E-03   0.142626E-01   0.331192E-02   0.400000E-03
 409  -0.855012E-03   0.918253E-04   0.157486E-01   0.356970E-02   0.350000E-03
 410  -0.860120E-03  -0.265876E-03   0.162250E-01   0.400482E-02   0.300000E-03
 411  -0.126535E-02  -0.273393E-03   0.167530E-01   0.428549E-02   0.300000E-03
 412  -0.696098E-03  -0.508214E-03   0.183016E-01   0.355509E-02   0.400000E-03
 413  -0.444679E-03   0.286274E-04   0.202926E-01   0.397211E-02   0.300000E-03
 414  -0.619030E-03  -0.177479E-03   0.207991E-01   0.375916E-02   0.250000E-03
 415  -0.543751E-03   0.562929E-04   0.208341E-01   0.440788E-02   0.400000E-03
 416  -0.789767E-03   0.809300E-04   0.224604E-01   0.401214E-02   0.400000E-03
 417  -0.113609E-02   0.142925E-03   0.234169E-01   0.354881E-02   0.300000E-03
 418  -0.111124E-02   0.424379E-03   0.251495E-01   0.362524E-02   0.350000E-03
 419  -0.739833E-03  -0.287066E-04   0.278066E-01   0.305299E-02   0.350000E-03
 420  -0.103217E-02  -0.672714E-04   0.283829E-01   0.289875E-02   0.250000E-03
 421  -0.378961E-03   0.806878E-04   0.296108E-01   0.313406E-02   0.350000E-03
 422  -0.896180E-03  -0.695930E-03   0.313338E-01   0.307174E-02   0.450000E-03
 423  -0.190745E-02  -0.350723E-03   0.338139E-01   0.340080E-02   0.350000E-03
 424  -0.155053E-02  -0.857907E-03   0.347330E-01   0.375849E-02   0.300000E-03
 425  -0.182528E-02  -0.257770E-03   0.369845E-01   0.339418E-02   0.300000E-03
 426  -0.191597E-02  -0.510206E-03   0.371676E-01   0.282300E-02   0.300000E-03
 427  -0.123173E-02  -0.202629E-03   0.380287E-01   0.312722E-02   0.300000E-03
 428  -0.137549E-02  -0.765150E-03   0.385791E-01   0.209261E-02   0.250000E-03
 429  -0.108195E-02  -0.678503E-03   0.402259E-01   0.190932E-02   0.300000E-03
 430  -0.703025E-03  -0.254704E-03   0.419449E-01   0.186999E-02   0.350000E-03
 431  -0.191135E-03  -0.234730E-03   0.426867E-01   0.179432E-02   0.400000E-03
 432  -0.470997E-03  -0.474952E-03   0.433091E-01   0.148067E-02   0.300000E-03
 433  -0.240636E-03   0.618160E-04   0.347653E-03   0.396517E-02   0.350000E-03
 434   0.345428E-03   0.381790E-03   0.158640E-02   0.179826E-02   0.200000E-03
 435  -0.105682E-03  -0.390379E-04   0.314008E-02   0.283872E-02   0.350000E-03
 436  -0.723641E-03  -0.245093E-03   0.529161E-02   0.293331E-02   0.250000E-03
 437  -0.842686E-03  -0.156342E-03   0.563123E-02   0.354539E-02   0.200000E-03
 438  -0.727155E-03   0.288145E-03   0.675920E-02   0.381677E-02   0.300000E-03
 439  -0.106345E-02   0.416488E-03   0.794003E-02   0.368535E-02   0.350000E-03
 440  -0.997308E-03  -0.546113E-03   0.108793E-01   0.375791E-02   0.200000E-03
 441  -0.121465E-02  -0.527842E-03   0.109199E-01   0.326228E-02   0.300000E-03
 442  -0.917181E-03  -0.268003E-03   0.130851E-01   0.371203E-02   0.300000E-03
 443  -0.536997E-03  -0.689502E-04   0.136344E-01   0.347710E-02   0.250000E-03
 444  -0.502543E-03  -0.359474E-03   0.152305E-01   0.395767E-02   0.300000E-03
 445  -0.593736E-03  -0.364370E-03   0.157038E-01   0.446959E-02   0.400000E-03
 446  -0.727764E-03  -0.442719E-03   0.163012E-01   0.449344E-02   0.200000E-03
 447  -0.109599E-02   0.417061E-04   0.172467E-01   0.462001E-02   0.300000E-03
 448  -0.506199E-03   0.975544E-04   0.183420E-01   0.445234E-02   0.500000E-03
 449  -0.581580E-03   0.506089E-04   0.192348E-01   0.440424E-02   0.400000E-03
 450  -0.508781E-03   0.170536E-03   0.199299E-01   0.444688E-02   0.300000E-03
 451  -0.715584E-03   0.684079E-04   0.214985E-01   0.396599E-02   0.400000E-03
 452  -0.713221E-03   0.318924E-04   0.219524E-01   0.455850E-02   0.350000E-03
 453  -0.114775E-02   0.432646E-03   0.240583E-01   0.391757E-02   0.350000E-03
 454  -0.712072E-03   0.249220E-03   0.257714E-01   0.330754E-02   0.350000E-03
 455  -0.876867E-03   0.311332E-03   0.269839E-01   0.301486E-02   0.200000E-03
 456  -0.101662E-02   0.904399E-04   0.289140E-01   0.317336E-02   0.350000E-03
 457  -0.575268E-03  -0.476728E-03   0.305433E-01   0.319855E-02   0.300000E-03
 458  -0.370524E-03   0.122944E-03   0.307024E-01   0.381947E-02   0.350000E-03
 459  -0.663521E-03  -0.187186E-03   0.317808E-01   0.373321E-02   0.350000E-03
 460  -0.188973E-02  -0.741965E-03   0.341954E-01   0.386114E-02   0.250000E-03
 461  -0.187978E-02  -0.433642E-03   0.364646E-01   0.356649E-02   0.250000E-03
 462  -0.163913E-02  -0.363582E-03   0.376439E-01   0.426833E-02   0.300000E-03
 463  -0.115819E-02  -0.331750E-03   0.382719E-01   0.258204E-02   0.300000E-03
 464  -0.122857E-02  -0.482397E-03   0.390123E-01   0.263877E-02   0.450000E-03
 465  -0.122755E-02   0.435775E-03   0.407072E-01   0.238548E-02   0.300000E-03
 466  -0.973651E-03   0.434426E-03   0.411761E-01   0.255430E-02   0.200000E-03
 467  -0.244637E-03  -0.419969E-03   0.435685E-01   0.256126E-02   0.250000E-03
 468   0.130353E-03   0.629720E-03   0.435708E-01   0.383366E-02   0.350000E-03
 469  -0.619851E-03   0.100097E-03   0.105364E-02   0.433503E-02   0.450000E-03
 470   0.214363E-03   0.109874E-03   0.217769E-02   0.279190E-02   0.300000E-03
 471  -0.557833E-03  -0.211202E-03   0.385525E-02   0.306351E-02   0.400000E-03
 472  -0.460534E-03  -0.408687E-04   0.455263E-02   0.301609E-02   0.300000E-03
 473  -0.692054E-03  -0.141130E-03   0.503208E-02   0.352558E-02   0.400000E-03
 474  -0.977195E-03   0.264869E-03   0.744318E-02   0.401972E-02   0.250000E-03
 475  -0.927402E-03   0.500783E-03   0.811234E-02   0.436001E-02   0.350000E-03
 476  -0.628006E-03  -0.170554E-03   0.953979E-02   0.405086E-02   0.300000E-03
 477  -0.876463E-03  -0.518248E-03   0.113167E-01   0.291591E-02   0.200000E-03
 478  -0.643074E-03  -0.416951E-03   0.122341E-01   0.396866E-02   0.350000E-03
 479  -0.630270E-03   0.554952E-04   0.141988E-01   0.395668E-02   0.250000E-03
 480  -0.623173E-03   0.961594E-04   0.146814E-01   0.380824E-02   0.250000E-03
 481  -0.692495E-03  -0.223900E-03   0.147980E-01   0.429388E-02   0.250000E-03
 482  -0.777317E-03  -0.229665E-04   0.162772E-01   0.508652E-02   0.400000E-03
 483  -0.105604E-02  -0.784492E-04   0.169730E-01   0.515204E-02   0.300000E-03
 484  -0.523044E-03   0.157917E-04   0.186321E-01   0.519600E-02   0.300000E-03
 485  -0.512552E-03   0.227983E-04   0.196454E-01   0.502946E-02   0.350000E-03
 486  -0.660752E-03   0.492693E-04   0.203031E-01   0.491294E-02   0.300000E-03
 487  -0.647838E-03  -0.115331E-03   0.213635E-01   0.493282E-02   0.350000E-03
 488  -0.663474E-03  -0.136821E-03   0.218859E-01   0.510287E-02   0.200000E-03
 489  -0.115247E-02   0.453930E-03   0.246560E-01   0.396390E-02   0.250000E-03
 490  -0.613624E-03  -0.824980E-04   0.273202E-01   0.338850E-02   0.250000E-03
 491  -0.883794E-03  -0.569835E-04   0.283246E-01   0.344358E-02   0.300000E-03
 492  -0.538648E-03   0.343380E-03   0.293096E-01   0.380909E-02   0.400000E-03
 493  -0.979625E-03   0.328237E-03   0.300819E-01   0.358182E-02   0.300000E-03
 494  -0.400599E-03  -0.270252E-04   0.312365E-01   0.371390E-02   0.200000E-03
 495  -0.144731E-02  -0.618307E-03   0.328816E-01   0.402592E-02   0.200000E-03
 496  -0.160138E-02  -0.192994E-03   0.359441E-01   0.419666E-02   0.350000E-03
 497  -0.159766E-02  -0.580937E-03   0.360989E-01   0.372322E-02   0.150000E-03
 498  -0.164506E-02  -0.346200E-03   0.373514E-01   0.380334E-02   0.250000E-03
 499  -0.165577E-02  -0.241358E-03   0.375264E-01   0.333654E-02   0.250000E-03
 500  -0.793362E-03   0.136849E-03   0.393992E-01   0.309629E-02   0.150000E-03
 501  -0.121073E-02   0.435755E-03   0.401623E-01   0.245355E-02   0.250000E-03
 502  -0.645832E-03  -0.427797E-03   0.413352E-01   0.208508E-02   0.300000E-03
 503  -0.482782E-03  -0.383365E-03   0.429738E-01   0.262774E-02   0.350000E-03
 504  -0.447251E-03  -0.513584E-03   0.433234E-01   0.207656E-02   0.300000E-03
 505  -0.273952E-03   0.114822E-04   0.165036E-02   0.380531E-02   0.350000E-03
 506  -0.207584E-03  -0.351340E-03   0.187104E-02   0.324962E-02   0.250000E-03
 507  -0.488149E-03  -0.279896E-03   0.332562E-02   0.343469E-02   0.250000E-03
 508  -0.340800E-03  -0.189724E-03   0.433582E-02   0.357131E-02   0.300000E-03
 509  -0.781516E-03  -0.346383E-04   0.609355E-02   0.421947E-02   0.250000E-03
 510  -0.799379E-03   0.397931E-03   0.749713E-02   0.455955E-02   0.300000E-03
 511  -0.154301E-02   0.423838E-03   0.878566E-02   0.426778E-02   0.300000E-03
 512  -0.634523E-03  -0.538088E-03   0.103316E-01   0.376052E-02   0.350000E-03
 513  -0.109575E-02  -0.592826E-03   0.114720E-01   0.348679E-02   0.300000E-03
 514  -0.787532E-03  -0.570970E-03   0.128629E-01   0.437490E-02   0.400000E-03
 515  -0.441597E-03   0.224467E-04   0.136139E-01   0.408948E-02   0.350000E-03
 516  -0.801161E-03  -0.236049E-03   0.142608E-01   0.455141E-02   0.350000E-03
 517  -0.284414E-03  -0.303533E-04   0.151542E-01   0.447489E-02   0.150000E-03
 518  -0.521651E-03  -0.484359E-03   0.154911E-01   0.523639E-02   0.400000E-03
 519  -0.576488E-03   0.266790E-03   0.177329E-01   0.504146E-02   0.350000E-03
 520  -0.434838E-03   0.647211E-04   0.191654E-01   0.546632E-02   0.300000E-03
 521  -0.590949E-03  -0.134405E-03   0.201376E-01   0.559187E-02   0.400000E-03
 522  -0.754663E-03  -0.871722E-05   0.207407E-01   0.524424E-02   0.250000E-03
 523  -0.720806E-03   0.196936E-03   0.218660E-01   0.555080E-02   0.250000E-03
 524  -0.113872E-02  -0.141354E-04   0.231556E-01   0.408551E-02   0.300000E-03
 525  -0.112753E-02   0.379647E-03   0.251927E-01   0.437208E-02   0.400000E-03
 526  -0.109215E-02   0.125293E-03   0.256609E-01   0.392431E-02   0.250000E-03
 527  -0.798298E-03   0.992241E-04   0.277851E-01   0.370233E-02   0.300000E-03
 528  -0.591453E-03   0.483918E-03   0.291692E-01   0.454450E-02   0.350000E-03
 529  -0.201843E-03   0.515242E-03   0.305358E-01   0.443942E-02   0.300000E-03
 530  -0.190569E-02  -0.126297E-02   0.321606E-01   0.405705E-02   0.150000E-03
 531  -0.127481E-02  -0.175516E-03   0.330279E-01   0.359932E-02   0.200000E-03
 532  -0.165162E-02  -0.244381E-03   0.352004E-01   0.427933E-02   0.400000E-03
 533  -0.167180E-02  -0.385621E-03   0.368283E-01   0.397240E-02   0.300000E-03
 534  -0.127504E-02  -0.306077E-03   0.382279E-01   0.440436E-02   0.300000E-03
 535   0.704179E-03  -0.581063E-04   0.379095E-01   0.373042E-02   0.300000E-03
 536  -0.151174E-02  -0.254354E-03   0.386469E-01   0.311277E-02   0.150000E-03
 537  -0.116703E-02   0.526479E-03   0.404389E-01   0.274049E-02   0.150000E-03
 538  -0.646587E-03  -0.388553E-03   0.417701E-01   0.249433E-02   0.300000E-03
 539  -0.343874E-03  -0.334669E-03   0.423627E-01   0.241063E-02   0.300000E-03
 540   0.398774E-03   0.557468E-04   0.439712E-01   0.284937E-02   0.250000E-03
 541  -0.189750E-04  -0.553948E-03   0.478953E-02   0.846478E-02   0.300000E-03
 542  -0.638889E-04  -0.106531E-03   0.258165E-02   0.347868E-02   0.500000E-03
 543  -0.511202E-03  -0.243422E-03   0.376755E-02   0.375888E-02   0.300000E-03
 544  -0.359247E-03  -0.100560E-03   0.419878E-02   0.409959E-02   0.250000E-03
 545  -0.684621E-03  -0.113826E-03   0.533397E-02   0.409764E-02   0.250000E-03
 546  -0.141236E-02   0.166927E-04   0.859064E-02   0.499183E-02   0.450000E-03
 547  -0.925551E-03   0.737506E-03   0.928811E-02   0.459404E-02   0.300000E-03
 548  -0.260211E-03   0.561345E-03   0.977642E-02   0.448792E-02   0.200000E-03
 549  -0.837929E-03  -0.428205E-03   0.110672E-01   0.432486E-02   0.400000E-03
 550  -0.103706E-02  -0.377007E-03   0.116359E-01   0.401078E-02   0.250000E-03
 551  -0.527308E-03  -0.239166E-03   0.135368E-01   0.488563E-02   0.450000E-03
 552  -0.687532E-03  -0.426967E-03   0.142478E-01   0.524864E-02   0.350000E-03
 553  -0.601541E-03   0.205132E-03   0.148707E-01   0.478837E-02   0.250000E-03
 554  -0.456743E-03  -0.579655E-03   0.150809E-01   0.573633E-02   0.250000E-03
 555  -0.625168E-03  -0.376487E-03   0.160147E-01   0.583925E-02   0.400000E-03
 556  -0.721268E-03   0.956104E-04   0.181446E-01   0.554121E-02   0.300000E-03
 557  -0.599816E-03   0.930999E-04   0.188770E-01   0.482060E-02   0.150000E-03
 558  -0.768259E-03   0.202039E-03   0.212318E-01   0.566689E-02   0.400000E-03
 559  -0.762647E-03   0.502169E-03   0.226212E-01   0.464155E-02   0.250000E-03
 560  -0.978393E-03   0.237147E-03   0.237135E-01   0.440375E-02   0.250000E-03
 561  -0.105881E-02   0.463985E-03   0.259447E-01   0.445004E-02   0.350000E-03
 562  -0.965046E-03   0.356242E-03   0.262474E-01   0.382028E-02   0.350000E-03
 563  -0.599330E-03   0.462287E-03   0.285679E-01   0.409718E-02   0.400000E-03
 564  -0.579667E-03   0.449393E-03   0.285704E-01   0.479562E-02   0.300000E-03
 565  -0.598743E-03   0.231338E-03   0.299243E-01   0.423266E-02   0.350000E-03
 566  -0.124526E-02   0.523589E-03   0.312889E-01   0.436335E-02   0.450000E-03
 567  -0.171920E-02   0.875622E-04   0.333070E-01   0.328608E-02   0.150000E-03
 568  -0.179991E-02  -0.842275E-03   0.338509E-01   0.384710E-02   0.100000E-03
 569  -0.172063E-02  -0.201319E-03   0.370063E-01   0.448965E-02   0.250000E-03
 570  -0.147196E-02  -0.129758E-03   0.378182E-01   0.484125E-02   0.300000E-03
 571  -0.130810E-02  -0.392676E-03   0.384730E-01   0.352471E-02   0.300000E-03
 572  -0.122068E-02   0.507418E-03   0.390567E-01   0.338740E-02   0.300000E-03
 573  -0.241249E-03  -0.362214E-03   0.397406E-01   0.280349E-02   0.300000E-03
 574  -0.106420E-02   0.602036E-04   0.414182E-01   0.320862E-02   0.500000E-03
 575  -0.512735E-03  -0.156319E-03   0.421320E-01   0.290724E-02   0.250000E-03
 576   0.107563E-02  -0.196188E-03   0.444170E-01   0.386091E-02   0.300000E-03
 577  -0.242984E-04  -0.168593E-02   0.298428E-03   0.461202E-02   0.300000E-03
 578  -0.137357E-03   0.212526E-03   0.261480E-02   0.432254E-02   0.350000E-03
 579  -0.573226E-03  -0.138118E-03   0.476677E-02   0.428852E-02   0.350000E-03
 580  -0.738821E-03  -0.966202E-04   0.544619E-02   0.458181E-02   0.250000E-03
 581  -0.738377E-03   0.110078E-03   0.706426E-02   0.414743E-02   0.150000E-03
 582  -0.106409E-02   0.595567E-03   0.793154E-02   0.487927E-02   0.200000E-03
 583  -0.660134E-03  -0.418715E-03   0.993371E-02   0.490639E-02   0.250000E-03
 584  -0.652333E-03  -0.390026E-03   0.103312E-01   0.445897E-02   0.350000E-03
 585  -0.515482E-03   0.626672E-04   0.107301E-01   0.515105E-02   0.450000E-03
 586  -0.896018E-03   0.132557E-03   0.118734E-01   0.450623E-02   0.300000E-03
 587  -0.139513E-02  -0.605882E-04   0.123432E-01   0.467141E-02   0.200000E-03
 588  -0.489678E-03   0.532744E-03   0.136363E-01   0.552757E-02   0.200000E-03
 589  -0.563807E-03  -0.452450E-03   0.148448E-01   0.528762E-02   0.250000E-03
 590  -0.308775E-03  -0.405051E-03   0.154400E-01   0.600591E-02   0.200000E-03
 591  -0.534327E-03   0.368892E-03   0.173792E-01   0.552104E-02   0.250000E-03
 592  -0.714858E-03  -0.145829E-03   0.181533E-01   0.613872E-02   0.300000E-03
 593  -0.189472E-03   0.409417E-03   0.195173E-01   0.595044E-02   0.300000E-03
 594  -0.245376E-03  -0.852166E-04   0.206498E-01   0.613676E-02   0.350000E-03
 595  -0.896412E-03  -0.565576E-04   0.222727E-01   0.500300E-02   0.200000E-03
 596  -0.107827E-02   0.343545E-03   0.232143E-01   0.473127E-02   0.350000E-03
 597  -0.107735E-02   0.310259E-03   0.244196E-01   0.456861E-02   0.400000E-03
 598  -0.923068E-03   0.360328E-03   0.266401E-01   0.439678E-02   0.350000E-03
 599  -0.815494E-03   0.123473E-03   0.271941E-01   0.397083E-02   0.350000E-03
 600  -0.620900E-03  -0.107421E-03   0.299189E-01   0.488061E-02   0.300000E-03
 601  -0.130233E-03  -0.551963E-04   0.305350E-01   0.508083E-02   0.350000E-03
 602  -0.481177E-03  -0.894720E-04   0.309953E-01   0.488645E-02   0.150000E-03
 603  -0.153497E-02  -0.703402E-03   0.330287E-01   0.455379E-02   0.350000E-03
 604  -0.167725E-02  -0.592038E-03   0.334258E-01   0.397794E-02   0.350000E-03
 605  -0.156409E-02  -0.271465E-03   0.364217E-01   0.477060E-02   0.400000E-03
 606  -0.120282E-02   0.145261E-03   0.385030E-01   0.514020E-02   0.450000E-03
 607  -0.123633E-02  -0.262495E-03   0.386400E-01   0.404334E-02   0.250000E-03
 608  -0.112405E-02  -0.310411E-03   0.396604E-01   0.346108E-02   0.300000E-03
 609  -0.814030E-03  -0.597400E-03   0.402539E-01   0.320000E-02   0.350000E-03
 610  -0.106741E-02   0.195282E-03   0.409137E-01   0.278501E-02   0.150000E-03
 611  -0.150056E-02   0.517513E-04   0.428038E-01   0.361235E-02   0.450000E-03
 612  -0.262740E-03  -0.794985E-03   0.434473E-01   0.314477E-02   0.350000E-03
 613  -0.734547E-03   0.293035E-03   0.104521E-01   0.861467E-02   0.350000E-03
 614  -0.593831E-03  -0.886573E-04   0.314172E-02   0.446968E-02   0.200000E-03
 615  -0.186610E-03  -0.571163E-04   0.368573E-02   0.440770E-02   0.350000E-03
 616  -0.752291E-03  -0.743428E-04   0.569757E-02   0.427223E-02   0.150000E-03
 617  -0.701618E-03   0.195461E-03   0.664654E-02   0.445114E-02   0.350000E-03
 618  -0.122642E-02  -0.118024E-03   0.809302E-02   0.555086E-02   0.300000E-03
 619  -0.993522E-03   0.283612E-03   0.931084E-02   0.519159E-02   0.300000E-03
 620  -0.641637E-03   0.371636E-03   0.990276E-02   0.555371E-02   0.400000E-03
 621  -0.778145E-03   0.387723E-03   0.114158E-01   0.533511E-02   0.250000E-03
 622  -0.551158E-03  -0.935544E-04   0.114476E-01   0.484435E-02   0.250000E-03
 623  -0.103287E-02   0.381333E-03   0.126834E-01   0.510263E-02   0.350000E-03
 624  -0.696256E-03  -0.575835E-03   0.139820E-01   0.572876E-02   0.200000E-03
 625  -0.685445E-03  -0.574762E-03   0.145052E-01   0.589473E-02   0.350000E-03
 626  -0.547091E-03   0.426981E-03   0.166322E-01   0.550579E-02   0.150000E-03
 627  -0.106485E-02   0.446073E-03   0.169504E-01   0.565035E-02   0.200000E-03
 628  -0.695179E-03  -0.100796E-03   0.175625E-01   0.603571E-02   0.300000E-03
 629  -0.907896E-03  -0.348680E-03   0.188181E-01   0.647737E-02   0.450000E-03
 630  -0.891142E-03   0.325755E-03   0.218578E-01   0.610070E-02   0.300000E-03
 631  -0.678759E-03   0.960734E-04   0.227574E-01   0.525992E-02   0.350000E-03
 632  -0.897430E-03   0.213748E-03   0.238289E-01   0.493999E-02   0.300000E-03
 633  -0.114077E-02   0.371554E-03   0.246769E-01   0.516031E-02   0.250000E-03
 634  -0.682628E-03   0.339423E-03   0.271725E-01   0.451736E-02   0.200000E-03
 635  -0.446283E-03   0.484345E-03   0.278146E-01   0.447163E-02   0.450000E-03
 636  -0.780370E-03  -0.396383E-04   0.293871E-01   0.515445E-02   0.300000E-03
 637  -0.463021E-03   0.123631E-03   0.303408E-01   0.569714E-02   0.300000E-03
 638  -0.140395E-02  -0.633656E-03   0.321343E-01   0.472937E-02   0.350000E-03
 639  -0.149933E-02  -0.325497E-03   0.342887E-01   0.481092E-02   0.250000E-03
 640  -0.148064E-02  -0.293261E-03   0.345039E-01   0.431030E-02   0.300000E-03
 641  -0.145750E-02  -0.146901E-03   0.368876E-01   0.529107E-02   0.300000E-03
 642  -0.160528E-02  -0.108085E-03   0.372750E-01   0.490443E-02   0.250000E-03
 643  -0.119867E-02   0.179211E-03   0.388078E-01   0.451107E-02   0.250000E-03
 644  -0.116276E-02  -0.253527E-03   0.392892E-01   0.405273E-02   0.400000E-03
 645  -0.684111E-03  -0.910191E-03   0.417238E-01   0.383770E-02   0.200000E-03
 646  -0.104184E-02   0.242436E-03   0.407741E-01   0.330273E-02   0.150000E-03
 647  -0.588615E-03  -0.281539E-03   0.425717E-01   0.300220E-02   0.200000E-03
 648   0.519294E-03   0.236528E-03   0.448033E-01   0.354899E-02   0.200000E-03
 649   0.323733E-03  -0.147266E-02   0.713952E-03   0.488737E-02   0.200000E-03
 650  -0.136232E-04   0.240249E-03   0.266961E-02   0.501409E-02   0.350000E-03
 651  -0.355879E-03  -0.260041E-03   0.320768E-02   0.397294E-02   0.300000E-03
 652  -0.379391E-03  -0.229778E-03   0.457649E-02   0.489880E-02   0.200000E-03
 653  -0.557104E-03   0.281378E-03   0.657084E-02   0.494442E-02   0.150000E-03
 654  -0.718837E-03   0.177297E-03   0.746154E-02   0.525198E-02   0.400000E-03
 655  -0.126579E-02   0.207173E-03   0.877034E-02   0.576969E-02   0.350000E-03
 656  -0.527159E-03   0.295052E-03   0.935486E-02   0.589910E-02   0.250000E-03
 657  -0.866310E-03   0.929844E-04   0.104787E-01   0.593839E-02   0.300000E-03
 658  -0.982126E-03   0.450805E-03   0.119848E-01   0.514627E-02   0.350000E-03
 659  -0.951185E-03   0.392998E-03   0.131567E-01   0.547038E-02   0.250000E-03
 660  -0.113807E-02   0.850019E-04   0.136241E-01   0.620865E-02   0.400000E-03
 661  -0.490088E-03  -0.299438E-03   0.150253E-01   0.628292E-02   0.300000E-03
 662  -0.580693E-03  -0.506780E-04   0.163573E-01   0.644305E-02   0.300000E-03
 663  -0.291389E-03  -0.486520E-03   0.166488E-01   0.598011E-02   0.250000E-03
 664  -0.792444E-03  -0.258962E-04   0.177779E-01   0.653916E-02   0.250000E-03
 665  -0.654448E-03   0.774051E-04   0.200174E-01   0.628078E-02   0.300000E-03
 666  -0.772090E-03   0.211119E-03   0.212578E-01   0.636498E-02   0.300000E-03
 667  -0.781708E-03   0.179138E-03   0.223637E-01   0.577185E-02   0.300000E-03
 668  -0.622460E-03   0.514129E-05   0.233992E-01   0.535588E-02   0.300000E-03
 669  -0.114049E-02   0.346502E-03   0.248804E-01   0.476196E-02   0.100000E-03
 670  -0.638735E-03  -0.160130E-03   0.263823E-01   0.488095E-02   0.200000E-03
 671  -0.109771E-02   0.974024E-04   0.285128E-01   0.530414E-02   0.200000E-03
 672  -0.524500E-03   0.494047E-03   0.281147E-01   0.510244E-02   0.250000E-03
 673  -0.316570E-03  -0.254408E-03   0.310228E-01   0.557108E-02   0.350000E-03
 674  -0.177572E-02  -0.326573E-03   0.315533E-01   0.511756E-02   0.350000E-03
 675  -0.118030E-02  -0.819256E-03   0.325028E-01   0.426105E-02   0.250000E-03
 676  -0.162571E-02  -0.298046E-03   0.347870E-01   0.477988E-02   0.250000E-03
 677  -0.155772E-02  -0.414892E-03   0.369693E-01   0.598477E-02   0.400000E-03
 678  -0.166951E-02  -0.206005E-03   0.374283E-01   0.537846E-02   0.250000E-03
 679  -0.120952E-02  -0.409368E-04   0.390920E-01   0.542033E-02   0.200000E-03
 680  -0.120221E-02   0.175304E-03   0.392640E-01   0.489910E-02   0.350000E-03
 681  -0.920934E-03  -0.214436E-03   0.410939E-01   0.388060E-02   0.250000E-03
 682  -0.512064E-03   0.262142E-03   0.421381E-01   0.340552E-02   0.250000E-03
 683   0.322406E-03   0.895204E-03   0.440228E-01   0.455058E-02   0.500000E-03
 684   0.950504E-03  -0.236903E-03   0.440447E-01   0.339414E-02   0.300000E-03
 685  -0.142369E-03  -0.175858E-03   0.349391E-03   0.729049E-02   0.350000E-03
 686  -0.437739E-03   0.160124E-03   0.333110E-02   0.558596E-02   0.350000E-03
 687  -0.402428E-03   0.309987E-03   0.331391E-02   0.493811E-02   0.300000E-03
 688  -0.604299E-03  -0.182835E-03   0.501864E-02   0.483233E-02   0.250000E-03
 689  -0.532271E-03   0.310130E-03   0.706406E-02   0.480357E-02   0.200000E-03
 690  -0.729964E-03   0.259131E-03   0.760336E-02   0.598159E-02   0.350000E-03
 691  -0.403108E-03   0.594316E-03   0.877907E-02   0.647787E-02   0.350000E-03
 692  -0.619260E-03   0.640644E-03   0.990044E-02   0.625279E-02   0.300000E-03
 693  -0.905507E-03   0.526768E-03   0.103995E-01   0.647939E-02   0.250000E-03
 694  -0.649579E-03   0.796734E-04   0.111195E-01   0.584925E-02   0.350000E-03
 695  -0.830178E-03   0.201956E-03   0.129010E-01   0.601172E-02   0.350000E-03
 696  -0.719537E-03   0.160139E-03   0.146270E-01   0.720566E-02   0.250000E-03
 697  -0.836183E-03  -0.210333E-03   0.143360E-01   0.662157E-02   0.400000E-03
 698  -0.261444E-03  -0.106512E-03   0.156677E-01   0.656061E-02   0.400000E-03
 699  -0.731879E-03  -0.765208E-04   0.170840E-01   0.661164E-02   0.450000E-03
 700  -0.106467E-02  -0.245346E-03   0.181959E-01   0.689376E-02   0.300000E-03
 701  -0.327267E-03  -0.122505E-03   0.195456E-01   0.664753E-02   0.300000E-03
 702  -0.503637E-03   0.355317E-03   0.204261E-01   0.684787E-02   0.400000E-03
 703  -0.733347E-03   0.182463E-03   0.230386E-01   0.595471E-02   0.400000E-03
 704  -0.993205E-03   0.814138E-04   0.241660E-01   0.555181E-02   0.400000E-03
 705  -0.124933E-02   0.315865E-03   0.251529E-01   0.501802E-02   0.250000E-03
 706  -0.973236E-03  -0.308654E-04   0.259652E-01   0.504880E-02   0.250000E-03
 707  -0.823378E-03   0.326664E-03   0.269721E-01   0.507879E-02   0.400000E-03
 708  -0.762051E-03  -0.661742E-04   0.298636E-01   0.542704E-02   0.250000E-03
 709  -0.140471E-02  -0.238865E-03   0.320798E-01   0.527566E-02   0.200000E-03
 710  -0.153817E-02  -0.738752E-03   0.326567E-01   0.502338E-02   0.250000E-03
 711  -0.162609E-02  -0.303223E-03   0.337265E-01   0.460557E-02   0.350000E-03
 712  -0.154610E-02  -0.151706E-03   0.351314E-01   0.520781E-02   0.300000E-03
 713  -0.125556E-02  -0.211382E-03   0.381575E-01   0.636483E-02   0.350000E-03
 714  -0.155910E-03   0.774220E-03   0.379307E-01   0.570046E-02   0.350000E-03
 715  -0.130863E-02   0.521481E-04   0.388239E-01   0.564239E-02   0.150000E-03
 716  -0.873075E-03   0.550616E-04   0.397294E-01   0.452924E-02   0.250000E-03
 717  -0.773798E-03   0.120957E-03   0.400628E-01   0.366182E-02   0.150000E-03
 718  -0.607379E-03  -0.389808E-03   0.421690E-01   0.390333E-02   0.250000E-03
 719   0.676004E-03   0.374744E-03   0.448012E-01   0.545799E-02   0.200000E-03
 720  -0.515372E-03   0.725794E-03   0.434077E-01   0.729012E-02   0.350000E-03
 721  -0.176663E-03   0.479551E-04   0.215169E-02   0.402917E-02   0.200000E-03
 722  -0.175393E-03   0.214612E-03   0.202683E-02   0.510379E-02   0.300000E-03
 723  -0.392743E-03  -0.167119E-03   0.425169E-02   0.459437E-02   0.250000E-03
 724  -0.521925E-03   0.174428E-03   0.602663E-02   0.486594E-02   0.400000E-03
 725  -0.496399E-03   0.253094E-03   0.692711E-02   0.512498E-02   0.150000E-03
 726  -0.514112E-03   0.286463E-03   0.652073E-02   0.549169E-02   0.400000E-03
 727  -0.115376E-02   0.142900E-03   0.823291E-02   0.613353E-02   0.300000E-03
 728  -0.515288E-03   0.575022E-03   0.937162E-02   0.639683E-02   0.250000E-03
 729  -0.114331E-02  -0.131505E-03   0.971461E-02   0.682550E-02   0.300000E-03
 730  -0.109767E-02   0.516119E-03   0.123645E-01   0.561052E-02   0.250000E-03
 731  -0.825307E-03   0.226602E-03   0.122301E-01   0.620773E-02   0.350000E-03
 732  -0.110249E-02   0.361441E-04   0.131205E-01   0.661700E-02   0.250000E-03
 733  -0.513072E-03  -0.994513E-04   0.149517E-01   0.682642E-02   0.250000E-03
 734  -0.498224E-03  -0.133385E-03   0.161657E-01   0.689852E-02   0.200000E-03
 735  -0.923408E-03  -0.333872E-03   0.176239E-01   0.720039E-02   0.350000E-03
 736  -0.828580E-03   0.114897E-03   0.191206E-01   0.727057E-02   0.400000E-03
 737  -0.212556E-03   0.130606E-03   0.198136E-01   0.718327E-02   0.300000E-03
 738  -0.914307E-03  -0.172692E-03   0.214989E-01   0.701963E-02   0.400000E-03
 739  -0.848438E-03   0.150924E-03   0.224451E-01   0.641236E-02   0.350000E-03
 740  -0.988479E-03   0.123768E-03   0.237545E-01   0.617515E-02   0.350000E-03
 741  -0.117690E-02   0.416757E-03   0.248274E-01   0.563519E-02   0.250000E-03
 742  -0.617475E-03   0.308798E-03   0.263779E-01   0.533064E-02   0.250000E-03
 743  -0.545980E-03   0.404539E-03   0.276176E-01   0.514082E-02   0.250000E-03
 744  -0.903718E-03  -0.324807E-05   0.288896E-01   0.517992E-02   0.200000E-03
 745  -0.181394E-02  -0.507768E-03   0.316072E-01   0.571466E-02   0.250000E-03
 746  -0.157807E-02  -0.795762E-03   0.328108E-01   0.560172E-02   0.350000E-03
 747  -0.120288E-02  -0.124457E-03   0.332788E-01   0.515198E-02   0.300000E-03
 748  -0.146652E-02  -0.215951E-03   0.356772E-01   0.485581E-02   0.350000E-03
 749  -0.156383E-02  -0.422087E-04   0.363171E-01   0.546150E-02   0.300000E-03
 750  -0.159136E-02   0.258373E-03   0.385029E-01   0.587616E-02   0.250000E-03
 751  -0.158246E-02  -0.278852E-03   0.391588E-01   0.593555E-02   0.300000E-03
 752  -0.919802E-04  -0.464564E-03   0.401803E-01   0.422500E-02   0.300000E-03
 753  -0.113207E-02  -0.200748E-03   0.407158E-01   0.300910E-02   0.150000E-03
 754  -0.651572E-03  -0.416433E-03   0.418893E-01   0.418652E-02   0.150000E-03
 755  -0.119881E-02  -0.146920E-03   0.425401E-01   0.415029E-02   0.150000E-03
 756  -0.849450E-03  -0.128197E-03   0.431050E-01   0.671472E-02   0.300000E-03
 757  -0.101282E-03  -0.606807E-04   0.183951E-02   0.448147E-02   0.350000E-03
 758  -0.664339E-03   0.122889E-03   0.402337E-02   0.566158E-02   0.350000E-03
 759  -0.731943E-03   0.250451E-03   0.390728E-02   0.502217E-02   0.300000E-03
 760  -0.862555E-03   0.258787E-03   0.473026E-02   0.556709E-02   0.300000E-03
 761  -0.443171E-03   0.764628E-04   0.539825E-02   0.535869E-02   0.400000E-03
 762  -0.418215E-03   0.200825E-03   0.590131E-02   0.591108E-02   0.350000E-03
 763  -0.570995E-03   0.208765E-03   0.688746E-02   0.619963E-02   0.400000E-03
 764  -0.107917E-02  -0.460899E-04   0.815994E-02   0.672886E-02   0.300000E-03
 765  -0.612892E-03   0.687920E-04   0.115544E-01   0.639202E-02   0.350000E-03
 766  -0.106572E-02  -0.871456E-04   0.117627E-01   0.575730E-02   0.300000E-03
 767  -0.101801E-02   0.909892E-04   0.126834E-01   0.651614E-02   0.200000E-03
 768  -0.118466E-02  -0.103212E-03   0.137288E-01   0.684926E-02   0.250000E-03
 769  -0.387032E-03   0.702293E-04   0.152547E-01   0.734361E-02   0.350000E-03
 770  -0.838587E-03   0.212693E-03   0.158366E-01   0.720416E-02   0.250000E-03
 771  -0.624955E-03  -0.185027E-03   0.165626E-01   0.678582E-02   0.100000E-03
 772  -0.861239E-03   0.114633E-03   0.184793E-01   0.736124E-02   0.250000E-03
 773  -0.588266E-03  -0.407252E-03   0.202056E-01   0.776233E-02   0.400000E-03
 774  -0.900264E-03  -0.193680E-03   0.208811E-01   0.743984E-02   0.350000E-03
 775  -0.806299E-03   0.243348E-04   0.232911E-01   0.655278E-02   0.250000E-03
 776  -0.120788E-02   0.228148E-03   0.248967E-01   0.607915E-02   0.200000E-03
 777  -0.746296E-03   0.723821E-04   0.255656E-01   0.484340E-02   0.200000E-03
 778  -0.102922E-02   0.438542E-03   0.259647E-01   0.549759E-02   0.200000E-03
 779  -0.595445E-03   0.324972E-03   0.277560E-01   0.567061E-02   0.300000E-03
 780  -0.751912E-03  -0.470308E-04   0.293972E-01   0.580244E-02   0.350000E-03
 781  -0.786476E-03   0.242324E-03   0.307161E-01   0.602727E-02   0.200000E-03
 782  -0.134876E-02   0.160713E-03   0.321544E-01   0.576920E-02   0.300000E-03
 783  -0.164630E-02  -0.170134E-03   0.339157E-01   0.527834E-02   0.350000E-03
 784  -0.112084E-02   0.607671E-03   0.344654E-01   0.522245E-02   0.200000E-03
 785  -0.149634E-02  -0.616218E-04   0.356779E-01   0.555541E-02   0.350000E-03
 786  -0.815342E-03  -0.150076E-03   0.375812E-01   0.620206E-02   0.250000E-03
 787  -0.162212E-02  -0.321697E-03   0.397226E-01   0.613516E-02   0.300000E-03
 788  -0.139779E-02  -0.133872E-03   0.396360E-01   0.549137E-02   0.350000E-03
 789  -0.463882E-03  -0.771260E-04   0.405604E-01   0.376421E-02   0.300000E-03
 790  -0.935737E-03  -0.398321E-03   0.414549E-01   0.428984E-02   0.300000E-03
 791   0.684505E-03  -0.279294E-03   0.431049E-01   0.435469E-02   0.350000E-03
 792   0.680090E-03   0.119188E-02   0.438756E-01   0.518352E-02   0.150000E-03
 793  -0.564423E-04   0.218385E-03   0.284571E-02   0.547831E-02   0.150000E-03
 794  -0.151937E-03   0.550917E-03   0.244636E-02   0.545821E-02   0.150000E-03
 795  -0.761510E-03   0.327477E-03   0.436073E-02   0.523113E-02   0.200000E-03
 796  -0.252511E-03  -0.135778E-03   0.266201E-02   0.646651E-02   0.300000E-03
 797  -0.740467E-03   0.822530E-04   0.450284E-02   0.623652E-02   0.400000E-03
 798  -0.459631E-03  -0.707959E-05   0.516695E-02   0.601784E-02   0.300000E-03
 799  -0.729063E-03   0.219819E-03   0.751249E-02   0.667206E-02   0.350000E-03
 800  -0.453883E-03  -0.846974E-04   0.883267E-02   0.707442E-02   0.250000E-03
 801  -0.704183E-03   0.672622E-03   0.108140E-01   0.675484E-02   0.250000E-03
 802  -0.874698E-03   0.579679E-03   0.112828E-01   0.692617E-02   0.250000E-03
 803  -0.733245E-03   0.522779E-04   0.120172E-01   0.676765E-02   0.250000E-03
 804  -0.112354E-02  -0.129085E-03   0.132679E-01   0.714655E-02   0.300000E-03
 805  -0.101698E-02   0.187397E-03   0.140816E-01   0.727335E-02   0.300000E-03
 806  -0.783713E-03  -0.145413E-03   0.157187E-01   0.763794E-02   0.200000E-03
 807  -0.555995E-03   0.584142E-04   0.180519E-01   0.762004E-02   0.250000E-03
 808  -0.862519E-03   0.324777E-04   0.191411E-01   0.811885E-02   0.450000E-03
 809  -0.879327E-03  -0.186281E-03   0.214668E-01   0.771816E-02   0.300000E-03
 810  -0.691054E-03  -0.181748E-03   0.221972E-01   0.700884E-02   0.300000E-03
 811  -0.944483E-03  -0.337355E-04   0.237922E-01   0.682195E-02   0.300000E-03
 812  -0.908209E-03   0.293076E-03   0.244119E-01   0.620636E-02   0.300000E-03
 813  -0.115215E-02   0.438272E-03   0.254207E-01   0.554928E-02   0.350000E-03
 814  -0.101902E-02  -0.423261E-04   0.272605E-01   0.560447E-02   0.200000E-03
 815  -0.111003E-02  -0.754999E-06   0.286526E-01   0.588508E-02   0.400000E-03
 816  -0.228976E-03   0.333772E-03   0.312119E-01   0.608032E-02   0.200000E-03
 817  -0.589845E-03   0.380097E-03   0.302501E-01   0.628661E-02   0.300000E-03
 818  -0.181051E-02  -0.318136E-03   0.325692E-01   0.620204E-02   0.300000E-03
 819  -0.112179E-02  -0.700287E-03   0.334483E-01   0.572845E-02   0.300000E-03
 820  -0.156471E-02  -0.170607E-03   0.347252E-01   0.564808E-02   0.300000E-03
 821  -0.151627E-02  -0.374487E-03   0.362320E-01   0.605346E-02   0.300000E-03
 822  -0.106874E-02  -0.432343E-03   0.378311E-01   0.692672E-02   0.300000E-03
 823  -0.173556E-02  -0.163528E-03   0.387544E-01   0.630786E-02   0.250000E-03
 824  -0.180579E-02  -0.227187E-03   0.408180E-01   0.555790E-02   0.350000E-03
 825  -0.117052E-02  -0.300872E-03   0.402570E-01   0.498810E-02   0.450000E-03
 826  -0.725973E-03  -0.727277E-03   0.408033E-01   0.440457E-02   0.350000E-03
 827  -0.569085E-03  -0.337758E-03   0.422276E-01   0.439929E-02   0.250000E-03
 828  -0.102486E-02  -0.150819E-03   0.402849E-01   0.692872E-02   0.350000E-03
 829  -0.237925E-03   0.462526E-03   0.262784E-02   0.586920E-02   0.300000E-03
 830   0.466633E-04   0.170696E-02   0.299889E-03   0.521119E-02   0.300000E-03
 831  -0.145517E-04  -0.646973E-03   0.313481E-03   0.570996E-02   0.200000E-03
 832  -0.453907E-03   0.253391E-03   0.310480E-02   0.614046E-02   0.250000E-03
 833  -0.666276E-03  -0.271779E-03   0.328365E-02   0.665912E-02   0.300000E-03
 834  -0.486305E-03   0.237402E-03   0.509148E-02   0.661251E-02   0.300000E-03
 835  -0.312052E-03   0.795362E-04   0.574282E-02   0.679656E-02   0.300000E-03
 836  -0.736081E-03   0.281642E-04   0.756744E-02   0.736765E-02   0.350000E-03
 837  -0.717341E-03   0.394544E-03   0.108148E-01   0.630602E-02   0.200000E-03
 838  -0.946021E-03   0.512812E-03   0.117482E-01   0.730348E-02   0.350000E-03
 839  -0.102090E-02  -0.182649E-03   0.125710E-01   0.710476E-02   0.400000E-03
 840  -0.491204E-03   0.329895E-03   0.141579E-01   0.787375E-02   0.300000E-03
 841  -0.703597E-03   0.335380E-03   0.147429E-01   0.774275E-02   0.300000E-03
 842  -0.856247E-03  -0.422015E-03   0.170481E-01   0.749990E-02   0.300000E-03
 843  -0.888026E-03  -0.177616E-04   0.184915E-01   0.785908E-02   0.250000E-03
 844  -0.859550E-03   0.181890E-04   0.198496E-01   0.836439E-02   0.300000E-03
 845  -0.874171E-03  -0.125133E-03   0.208637E-01   0.813818E-02   0.350000E-03
 846  -0.730910E-03  -0.220173E-03   0.219749E-01   0.751078E-02   0.250000E-03
 847  -0.789031E-03  -0.112184E-03   0.232624E-01   0.710040E-02   0.300000E-03
 848  -0.605152E-03  -0.282558E-04   0.244863E-01   0.690227E-02   0.400000E-03
 849  -0.112076E-02   0.308352E-03   0.254210E-01   0.624492E-02   0.350000E-03
 850  -0.700740E-03   0.118884E-03   0.267329E-01   0.562415E-02   0.200000E-03
 851  -0.740627E-03   0.243081E-03   0.266070E-01   0.610441E-02   0.300000E-03
 852  -0.818595E-03  -0.136004E-03   0.299092E-01   0.582415E-02   0.150000E-03
 853  -0.189492E-02  -0.486548E-03   0.317013E-01   0.632627E-02   0.350000E-03
 854  -0.182845E-02  -0.470660E-03   0.327858E-01   0.681432E-02   0.350000E-03
 855  -0.135178E-02  -0.263842E-03   0.331663E-01   0.625761E-02   0.300000E-03
 856  -0.156879E-02  -0.151692E-03   0.341210E-01   0.599739E-02   0.400000E-03
 857  -0.147608E-02  -0.110700E-03   0.352136E-01   0.607544E-02   0.350000E-03
 858  -0.156028E-02  -0.419535E-03   0.365630E-01   0.655292E-02   0.300000E-03
 859  -0.153233E-02  -0.348845E-03   0.392863E-01   0.646951E-02   0.250000E-03
 860  -0.163964E-02  -0.276073E-03   0.402122E-01   0.578897E-02   0.300000E-03
 861  -0.704142E-03  -0.229693E-03   0.415154E-01   0.557567E-02   0.350000E-03
 862  -0.716075E-03  -0.550948E-03   0.409737E-01   0.497906E-02   0.250000E-03
 863   0.130078E-02   0.134048E-03   0.432777E-01   0.513604E-02   0.450000E-03
 864   0.533776E-03   0.766318E-03   0.445504E-01   0.605610E-02   0.450000E-03
 865  -0.399116E-03   0.197687E-03   0.137930E-02   0.505766E-02   0.350000E-03
 866  -0.290899E-03   0.321415E-03   0.171129E-02   0.549084E-02   0.200000E-03
 867   0.567704E-04  -0.682101E-04   0.204244E-02   0.627275E-02   0.350000E-03
 868  -0.262226E-03  -0.700730E-03   0.369177E-02   0.621999E-02   0.300000E-03
 869  -0.685545E-03  -0.370552E-04   0.335478E-02   0.720201E-02   0.250000E-03
 870  -0.461012E-03   0.166130E-03   0.624144E-02   0.646365E-02   0.300000E-03
 871  -0.583594E-03   0.174334E-03   0.690405E-02   0.689841E-02   0.300000E-03
 872  -0.469258E-03   0.591722E-03   0.921106E-02   0.681558E-02   0.200000E-03
 873  -0.760986E-03  -0.751054E-05   0.102838E-01   0.701440E-02   0.300000E-03
 874  -0.108920E-02   0.189200E-03   0.117020E-01   0.797803E-02   0.300000E-03
 875  -0.125837E-02   0.269505E-03   0.122442E-01   0.772195E-02   0.300000E-03
 876  -0.945298E-03   0.145384E-03   0.136074E-01   0.763824E-02   0.300000E-03
 877  -0.694345E-03   0.329730E-03   0.146666E-01   0.833649E-02   0.300000E-03
 878  -0.624135E-03  -0.395476E-03   0.164092E-01   0.738832E-02   0.350000E-03
 879  -0.927966E-03  -0.343309E-03   0.175155E-01   0.778875E-02   0.250000E-03
 880  -0.666477E-03   0.398945E-03   0.177027E-01   0.830455E-02   0.300000E-03
 881  -0.751761E-03  -0.790520E-04   0.219593E-01   0.806024E-02   0.300000E-03
 882  -0.521159E-03  -0.130891E-03   0.227195E-01   0.717741E-02   0.250000E-03
 883  -0.101567E-02   0.825824E-04   0.228982E-01   0.662094E-02   0.150000E-03
 884  -0.828096E-03   0.245942E-03   0.239714E-01   0.744557E-02   0.350000E-03
 885  -0.999703E-03   0.879516E-04   0.259892E-01   0.739182E-02   0.400000E-03
 886  -0.995784E-03   0.221837E-03   0.260187E-01   0.599312E-02   0.300000E-03
 887  -0.100314E-02  -0.238236E-03   0.284362E-01   0.660005E-02   0.350000E-03
 888  -0.763551E-03  -0.264161E-05   0.295615E-01   0.658343E-02   0.450000E-03
 889  -0.365385E-03   0.151478E-03   0.309053E-01   0.665137E-02   0.450000E-03
 890  -0.186763E-02  -0.446536E-03   0.322202E-01   0.662366E-02   0.250000E-03
 891  -0.137088E-02  -0.384261E-03   0.337296E-01   0.663521E-02   0.350000E-03
 892  -0.150457E-02  -0.126040E-03   0.346630E-01   0.658328E-02   0.400000E-03
 893  -0.168785E-02  -0.242600E-03   0.357608E-01   0.642373E-02   0.300000E-03
 894  -0.160858E-02  -0.562412E-03   0.385898E-01   0.677962E-02   0.250000E-03
 895  -0.132372E-02  -0.510134E-03   0.390992E-01   0.698625E-02   0.300000E-03
 896  -0.545664E-03   0.982714E-04   0.419101E-01   0.695753E-02   0.300000E-03
 897  -0.289940E-04   0.401096E-04   0.424645E-01   0.661828E-02   0.350000E-03
 898  -0.739314E-05   0.910189E-04   0.426216E-01   0.461522E-02   0.200000E-03
 899   0.227072E-03   0.205454E-03   0.424823E-01   0.519739E-02   0.350000E-03
 900   0.174092E-02   0.534647E-03   0.438276E-01   0.571356E-02   0.350000E-03
 901  -0.428321E-03   0.343387E-03   0.129194E-02   0.564850E-02   0.250000E-03
 902  -0.466999E-03  -0.346945E-03   0.307768E-02   0.761767E-02   0.250000E-03
 903  -0.116580E-04   0.428380E-03   0.211517E-02   0.567831E-02   0.250000E-03
 904  -0.265843E-03  -0.189761E-04   0.276273E-02   0.710727E-02   0.350000E-03
 905  -0.607330E-03  -0.889307E-04   0.399313E-02   0.691538E-02   0.450000E-03
 906  -0.682791E-03   0.263406E-03   0.585593E-02   0.733831E-02   0.250000E-03
 907  -0.311616E-03   0.119236E-03   0.555243E-02   0.633475E-02   0.200000E-03
 908  -0.433620E-03   0.257768E-03   0.884033E-02   0.762360E-02   0.300000E-03
 909  -0.513891E-03   0.445805E-03   0.934329E-02   0.729693E-02   0.300000E-03
 910  -0.677756E-03   0.386387E-03   0.101207E-01   0.805575E-02   0.300000E-03
 911  -0.793661E-03   0.421462E-03   0.112612E-01   0.765151E-02   0.250000E-03
 912  -0.458302E-03   0.467761E-03   0.151453E-01   0.860546E-02   0.250000E-03
 913  -0.361502E-03   0.217811E-03   0.153393E-01   0.803792E-02   0.350000E-03
 914  -0.739222E-03  -0.101564E-03   0.161336E-01   0.813780E-02   0.450000E-03
 915  -0.902121E-03   0.282645E-03   0.170111E-01   0.819858E-02   0.400000E-03
 916  -0.863975E-03  -0.160646E-03   0.204034E-01   0.859521E-02   0.300000E-03
 917  -0.821676E-03  -0.198594E-03   0.199958E-01   0.903423E-02   0.300000E-03
 918  -0.528901E-03  -0.126245E-03   0.225273E-01   0.774435E-02   0.350000E-03
 919  -0.767905E-03  -0.126571E-03   0.232272E-01   0.774912E-02   0.350000E-03
 920  -0.120139E-02   0.136946E-03   0.248093E-01   0.641732E-02   0.150000E-03
 921  -0.895082E-03   0.457309E-03   0.233965E-01   0.847882E-02   0.350000E-03
 922  -0.994353E-03   0.216971E-03   0.259969E-01   0.664212E-02   0.350000E-03
 923  -0.604498E-03  -0.805291E-04   0.277966E-01   0.631839E-02   0.350000E-03
 924  -0.837182E-03   0.648375E-04   0.289324E-01   0.722667E-02   0.450000E-03
 925  -0.483901E-03  -0.367270E-03   0.310934E-01   0.742847E-02   0.350000E-03
 926  -0.176903E-02  -0.119441E-02   0.315867E-01   0.696479E-02   0.300000E-03
 927  -0.151747E-02  -0.335017E-03   0.336450E-01   0.719607E-02   0.200000E-03
 928  -0.156182E-02  -0.366940E-03   0.341710E-01   0.649417E-02   0.100000E-03
 929  -0.171361E-02  -0.688907E-03   0.372263E-01   0.668899E-02   0.350000E-03
 930  -0.268049E-03  -0.105373E-02   0.412153E-01   0.664084E-02   0.300000E-03
 931  -0.679000E-03  -0.305487E-03   0.411859E-01   0.607305E-02   0.250000E-03
 932  -0.160472E-02  -0.404329E-03   0.397375E-01   0.668413E-02   0.250000E-03
 933  -0.609681E-03  -0.318949E-03   0.418055E-01   0.626560E-02   0.400000E-03
 934  -0.908159E-03  -0.353548E-03   0.412448E-01   0.468620E-02   0.150000E-03
 935  -0.794169E-03  -0.195659E-03   0.418016E-01   0.488928E-02   0.400000E-03
 936   0.179997E-02   0.829918E-04   0.433614E-01   0.616638E-02   0.300000E-03
 937  -0.511798E-03  -0.996544E-04   0.103677E-02   0.716185E-02   0.350000E-03
 938  -0.272787E-04   0.386308E-03   0.298424E-03   0.620882E-02   0.300000E-03
 939  -0.492058E-03   0.243542E-03   0.370460E-02   0.768715E-02   0.350000E-03
 940   0.643304E-03  -0.104971E-03   0.788702E-03   0.586502E-02   0.300000E-03
 941   0.331625E-03  -0.511749E-03   0.166970E-02   0.686412E-02   0.350000E-03
 942  -0.457991E-03   0.252013E-03   0.455395E-02   0.770033E-02   0.500000E-03
 943  -0.488706E-03   0.277447E-03   0.526592E-02   0.723768E-02   0.350000E-03
 944  -0.469755E-03   0.157694E-03   0.632601E-02   0.705597E-02   0.300000E-03
 945  -0.720216E-03   0.475205E-03   0.108376E-01   0.730311E-02   0.300000E-03
 946  -0.454903E-03   0.467482E-03   0.985772E-02   0.748840E-02   0.250000E-03
 947  -0.123669E-02   0.301812E-03   0.129447E-01   0.798682E-02   0.450000E-03
 948  -0.114211E-02   0.142829E-03   0.125638E-01   0.857364E-02   0.250000E-03
 949  -0.107538E-02   0.329021E-03   0.156795E-01   0.873367E-02   0.300000E-03
 950  -0.947701E-03   0.421941E-03   0.140032E-01   0.855650E-02   0.400000E-03
 951  -0.677117E-03  -0.312039E-06   0.165736E-01   0.874455E-02   0.300000E-03
 952  -0.878555E-03  -0.827797E-04   0.182518E-01   0.829627E-02   0.250000E-03
 953  -0.954619E-03  -0.304110E-03   0.210772E-01   0.869832E-02   0.250000E-03
 954  -0.448905E-03   0.404386E-03   0.225552E-01   0.859333E-02   0.500000E-03
 955  -0.925330E-03   0.496479E-03   0.237683E-01   0.800897E-02   0.250000E-03
 956  -0.946802E-03  -0.280659E-03   0.253732E-01   0.718551E-02   0.250000E-03
 957  -0.117033E-02  -0.222797E-03   0.269191E-01   0.760368E-02   0.350000E-03
 958  -0.102294E-02   0.823066E-04   0.266122E-01   0.697499E-02   0.350000E-03
 959  -0.901424E-03  -0.219585E-04   0.271214E-01   0.649693E-02   0.350000E-03
 960  -0.640833E-03   0.222293E-03   0.302300E-01   0.683490E-02   0.250000E-03
 961  -0.177137E-02  -0.126499E-02   0.321467E-01   0.796886E-02   0.400000E-03
 962  -0.163577E-02  -0.578065E-03   0.316883E-01   0.750465E-02   0.250000E-03
 963  -0.146447E-02  -0.332400E-03   0.333076E-01   0.698258E-02   0.200000E-03
 964  -0.150026E-02  -0.410869E-03   0.353181E-01   0.682759E-02   0.300000E-03
 965  -0.173738E-02  -0.305253E-03   0.361032E-01   0.685350E-02   0.250000E-03
 966  -0.143194E-02   0.169591E-03   0.367118E-01   0.723607E-02   0.400000E-03
 967  -0.102699E-02  -0.130027E-03   0.406452E-01   0.632905E-02   0.350000E-03
 968  -0.116410E-03   0.302481E-04   0.401559E-01   0.624227E-02   0.150000E-03
 969   0.154504E-02   0.345116E-03   0.447505E-01   0.712264E-02   0.250000E-03
 970   0.884234E-03  -0.897407E-04   0.442487E-01   0.679489E-02   0.350000E-03
 971   0.417994E-03   0.921449E-03   0.427104E-01   0.591000E-02   0.400000E-03
 972   0.183586E-02  -0.902195E-06   0.436524E-01   0.674260E-02   0.250000E-03
 973   0.669976E-03  -0.247292E-03   0.839342E-03   0.531787E-02   0.250000E-03
 974  -0.446009E-03   0.344007E-03   0.400212E-02   0.820789E-02   0.250000E-03
 975  -0.429420E-03  -0.719138E-04   0.134337E-02   0.624450E-02   0.350000E-03
 976  -0.513352E-03  -0.201667E-04   0.778854E-03   0.656571E-02   0.300000E-03
 977  -0.733785E-03   0.170443E-03   0.730013E-02   0.790380E-02   0.250000E-03
 978  -0.607330E-03  -0.382730E-04   0.693076E-02   0.749713E-02   0.300000E-03
 979  -0.557252E-03  -0.501806E-04   0.639120E-02   0.760126E-02   0.250000E-03
 980  -0.432471E-03   0.271700E-03   0.816807E-02   0.781391E-02   0.400000E-03
 981  -0.709948E-03   0.469912E-03   0.103518E-01   0.755809E-02   0.250000E-03
 982  -0.339759E-03   0.339624E-03   0.937697E-02   0.814639E-02   0.450000E-03
 983  -0.123785E-02   0.960686E-04   0.121700E-01   0.826633E-02   0.250000E-03
 984  -0.769512E-03   0.409352E-03   0.107670E-01   0.798965E-02   0.350000E-03
 985  -0.957302E-03   0.389984E-03   0.135768E-01   0.813572E-02   0.200000E-03
 986  -0.806405E-03   0.164104E-04   0.189946E-01   0.929467E-02   0.300000E-03
 987  -0.905072E-03  -0.121105E-03   0.186464E-01   0.874644E-02   0.350000E-03
 988  -0.932299E-03  -0.105611E-03   0.194418E-01   0.880407E-02   0.300000E-03
 989  -0.927982E-03  -0.390228E-04   0.195420E-01   0.934414E-02   0.250000E-03
 990  -0.820633E-03  -0.112181E-03   0.214493E-01   0.826697E-02   0.250000E-03
 991  -0.116196E-02  -0.368885E-03   0.244618E-01   0.794436E-02   0.350000E-03
 992  -0.981158E-03  -0.565753E-03   0.249004E-01   0.746546E-02   0.300000E-03
 993  -0.107413E-02   0.109686E-03   0.251180E-01   0.675635E-02   0.250000E-03
 994  -0.994533E-03  -0.538560E-03   0.272239E-01   0.708729E-02   0.250000E-03
 995  -0.687691E-03  -0.532317E-03   0.278735E-01   0.709289E-02   0.400000E-03
 996  -0.927647E-03  -0.432550E-03   0.304500E-01   0.733750E-02   0.300000E-03
 997  -0.768199E-03  -0.576748E-04   0.298899E-01   0.720133E-02   0.250000E-03
 998  -0.185639E-02  -0.453762E-03   0.322176E-01   0.722263E-02   0.350000E-03
 999  -0.184321E-02  -0.539325E-03   0.330518E-01   0.735183E-02   0.250000E-03
1000  -0.135604E-02  -0.339986E-03   0.341935E-01   0.716561E-02   0.350000E-03
