   1  -0.374193E+00  -0.271446E+00   0.311482E-02   0.119615E-01   0.350000E-03
   2   0.507084E-03  -0.253095E-03   0.148340E-03   0.149330E-03   0.150000E-03
   3   0.254064E-03  -0.182314E-03   0.439743E-02   0.465747E-03   0.450000E-03
   4  -0.311452E-02   0.199122E-03   0.559581E-02   0.459967E-03   0.200000E-03
   5  -0.988795E-02   0.301152E-02   0.566196E-02   0.101579E-03   0.100000E-03
   6   0.121567E-02   0.865573E-03   0.739684E-02   0.249775E-03   0.250000E-03
   7   0.241127E-02   0.913289E-03   0.802865E-02   0.399706E-03   0.400000E-03
   8  -0.587905E-03   0.181062E-02   0.877846E-02   0.347491E-03   0.350000E-03
   9  -0.228334E-02   0.109200E-02   0.922625E-02   0.564460E-03   0.150000E-03
  10  -0.228515E-02  -0.323947E-02   0.117191E-01   0.297572E-03   0.300000E-03
  11  -0.514693E-02   0.520866E-02   0.129837E-01   0.348438E-03   0.350000E-03
  12   0.349424E-02   0.562559E-02   0.147169E-01   0.193281E-03   0.200000E-03
  13   0.144901E-02  -0.243412E-02   0.167932E-01   0.343315E-03   0.350000E-03
  14  -0.441770E-02  -0.292313E-02   0.174901E-01   0.349995E-03   0.350000E-03
  15   0.410135E-03   0.147759E-02   0.187094E-01   0.399564E-03   0.400000E-03
  16   0.355014E-04   0.580657E-03   0.194555E-01   0.348695E-03   0.350000E-03
  17  -0.108246E-02   0.325605E-02   0.203665E-01   0.340794E-03   0.350000E-03
  18   0.122685E-02   0.158641E-03   0.217874E-01   0.349002E-03   0.350000E-03
  19   0.370851E-02  -0.447249E-04   0.223776E-01   0.246479E-03   0.250000E-03
  20   0.434069E-02   0.527096E-03   0.228763E-01   0.246965E-03   0.250000E-03
  21   0.386957E-02   0.230140E-02   0.243673E-01   0.251307E-03   0.250000E-03
  22   0.364736E-04  -0.946629E-02   0.256895E-01   0.200028E-03   0.200000E-03
  23  -0.388343E-03   0.112586E-02   0.267562E-01   0.104051E-03   0.100000E-03
  24   0.191454E-02  -0.178230E-03   0.282852E-01   0.395824E-03   0.400000E-03
  25   0.185274E-02   0.165252E-02   0.297201E-01   0.395782E-03   0.400000E-03
  26   0.141840E-02  -0.414993E-03   0.304772E-01   0.343604E-03   0.350000E-03
  27   0.120007E-02   0.110064E-03   0.318219E-01   0.298342E-03   0.300000E-03
  28   0.683311E-03   0.564354E-03   0.334016E-01   0.299252E-03   0.300000E-03
  29  -0.180112E-02  -0.977590E-04   0.355792E-01   0.446776E-03   0.450000E-03
  30   0.333647E-03   0.207000E-03   0.374038E-01   0.346192E-03   0.350000E-03
  31   0.170090E-02  -0.786599E-03   0.379949E-01   0.249507E-03   0.250000E-03
  32  -0.520054E-03   0.117901E-03   0.401254E-01   0.196124E-03   0.200000E-03
  33   0.193516E-02  -0.118507E-02   0.410153E-01   0.191827E-03   0.200000E-03
  34  -0.101057E-02  -0.268622E-04   0.446038E-01   0.909105E-03   0.400000E-03
  35  -0.132869E-02   0.305902E-04   0.446513E-01   0.193433E-02   0.350000E-03
  36  -0.671456E-01   0.701443E-01   0.686637E-02   0.161317E-01   0.300000E-03
  37   0.698689E-04   0.106902E-02   0.248116E-03   0.188481E-02   0.250000E-03
  38   0.127393E-04   0.459344E-03   0.808896E-03   0.832249E-03   0.300000E-03
  39   0.216650E-02  -0.703060E-03   0.248494E-02   0.395181E-03   0.400000E-03
  40   0.331849E-02   0.533870E-03   0.607050E-02   0.299994E-03   0.300000E-03
  41   0.470956E-03   0.297227E-02   0.676396E-02   0.395186E-03   0.400000E-03
  42   0.507256E-05   0.546490E-03   0.717790E-02   0.101690E-02   0.350000E-03
  43  -0.111835E-02  -0.134479E-02   0.848986E-02   0.924489E-03   0.300000E-03
  44  -0.176544E-02   0.265944E-02   0.928658E-02   0.959217E-03   0.250000E-03
  45   0.194441E-02   0.607574E-03   0.987003E-02   0.491018E-03   0.500000E-03
  46  -0.267876E-02  -0.144019E-02   0.108624E-01   0.299704E-03   0.300000E-03
  47   0.357357E-03   0.279391E-03   0.151385E-01   0.150781E-03   0.150000E-03
  48  -0.139274E-04   0.172427E-02   0.156824E-01   0.447223E-03   0.450000E-03
  49  -0.126608E-02   0.746647E-03   0.163553E-01   0.874030E-03   0.350000E-03
  50  -0.943474E-02  -0.141198E-02   0.180792E-01   0.248957E-03   0.250000E-03
  51   0.831908E-04   0.159478E-02   0.191805E-01   0.877096E-03   0.250000E-03
  52  -0.111339E-02   0.157495E-02   0.199094E-01   0.147419E-03   0.150000E-03
  53   0.144438E-03   0.274254E-02   0.203552E-01   0.104597E-02   0.200000E-03
  54  -0.193655E-02   0.198916E-02   0.210144E-01   0.299317E-03   0.300000E-03
  55  -0.992395E-02   0.485884E-02   0.232649E-01   0.102244E-03   0.100000E-03
  56   0.470288E-02  -0.794886E-02   0.237313E-01   0.394989E-03   0.400000E-03
  57  -0.677803E-03  -0.224559E-02   0.244072E-01   0.923739E-03   0.400000E-03
  58  -0.151022E-02  -0.151867E-02   0.250032E-01   0.394432E-03   0.400000E-03
  59   0.392292E-02   0.230178E-02   0.270484E-01   0.200452E-03   0.200000E-03
  60   0.264128E-02   0.423891E-03   0.275931E-01   0.297045E-03   0.300000E-03
  61   0.222176E-02   0.319063E-02   0.290272E-01   0.297901E-03   0.300000E-03
  62   0.804958E-03   0.527828E-04   0.311755E-01   0.347448E-03   0.350000E-03
  63   0.486193E-03   0.557913E-03   0.329128E-01   0.198416E-03   0.200000E-03
  64  -0.656117E-03   0.294427E-03   0.347889E-01   0.343618E-03   0.350000E-03
  65  -0.198054E-02   0.889125E-03   0.363532E-01   0.626209E-03   0.350000E-03
  66  -0.138614E-02   0.322870E-03   0.364291E-01   0.140816E-03   0.150000E-03
  67  -0.212760E-03  -0.907763E-03   0.391398E-01   0.298724E-03   0.300000E-03
  68  -0.239023E-02  -0.846864E-03   0.422988E-01   0.240024E-03   0.200000E-03
  69  -0.919831E-03  -0.568644E-03   0.438637E-01   0.815072E-03   0.350000E-03
  70  -0.262877E-02  -0.109407E+00   0.410648E-01   0.960093E-02   0.250000E-03
  71  -0.962412E-03   0.592487E-03   0.447019E-01   0.499360E-02   0.300000E-03
  72  -0.144295E-01   0.133892E-01   0.446900E-01   0.252670E-03   0.250000E-03
  73  -0.138031E+00   0.264949E+00   0.811056E-02   0.148099E-01   0.350000E-03
  74   0.339396E-03   0.242574E-03   0.105912E-02   0.293012E-03   0.300000E-03
  75   0.104409E-02  -0.317830E-03   0.373259E-02   0.249637E-03   0.250000E-03
  76  -0.958069E-03   0.154253E-02   0.515073E-02   0.928969E-03   0.350000E-03
  77   0.125543E-02   0.207773E-02   0.639030E-02   0.855234E-03   0.200000E-03
  78   0.107424E-02   0.248067E-02   0.657392E-02   0.136999E-02   0.350000E-03
  79  -0.130971E-02  -0.419850E-03   0.787032E-02   0.113265E-02   0.350000E-03
  80  -0.152960E-02   0.142213E-02   0.899034E-02   0.135900E-02   0.250000E-03
  81  -0.292668E-02  -0.646264E-03   0.106082E-01   0.897511E-03   0.350000E-03
  82  -0.334124E-02   0.404277E-03   0.132320E-01   0.953208E-03   0.300000E-03
  83   0.185108E-03   0.570530E-02   0.136822E-01   0.348813E-03   0.350000E-03
  84  -0.296184E-02   0.635761E-02   0.142718E-01   0.247043E-03   0.250000E-03
  85  -0.204389E-03   0.975274E-03   0.153124E-01   0.103546E-02   0.250000E-03
  86   0.169435E-02   0.121295E-02   0.171313E-01   0.106557E-02   0.450000E-03
  87   0.151004E-03   0.135222E-02   0.187121E-01   0.104658E-02   0.250000E-03
  88   0.482010E-03   0.199815E-02   0.199168E-01   0.805850E-03   0.300000E-03
  89  -0.233601E-04   0.144290E-02   0.201626E-01   0.161369E-02   0.400000E-03
  90  -0.965708E-03   0.287898E-02   0.213245E-01   0.869620E-03   0.350000E-03
  91   0.376705E-02  -0.143461E-02   0.224413E-01   0.739364E-03   0.250000E-03
  92   0.355851E-02  -0.381169E-02   0.230765E-01   0.809096E-03   0.350000E-03
  93   0.436978E-02  -0.396950E-02   0.236902E-01   0.113882E-02   0.350000E-03
  94  -0.217569E-02  -0.824324E-03   0.251517E-01   0.112510E-02   0.350000E-03
  95   0.360875E-02  -0.120005E-02   0.272752E-01   0.860147E-03   0.350000E-03
  96   0.241974E-02  -0.184139E-02   0.279738E-01   0.113015E-02   0.400000E-03
  97   0.220609E-02   0.935940E-03   0.294829E-01   0.993928E-03   0.250000E-03
  98   0.217378E-02   0.931893E-03   0.302083E-01   0.108976E-02   0.450000E-03
  99  -0.134769E-02   0.126992E-03   0.323685E-01   0.247873E-03   0.250000E-03
 100  -0.240851E-03   0.149696E-02   0.327185E-01   0.600787E-03   0.250000E-03
 101  -0.122782E-02   0.120144E-02   0.349802E-01   0.106410E-02   0.400000E-03
 102   0.235766E-05   0.142519E-03   0.368139E-01   0.248133E-03   0.250000E-03
 103   0.290990E-03   0.144163E-03   0.376505E-01   0.887947E-03   0.250000E-03
 104   0.731724E-04  -0.752864E-03   0.385418E-01   0.296203E-03   0.300000E-03
 105   0.708801E-03  -0.493875E-03   0.405706E-01   0.244378E-03   0.250000E-03
 106  -0.166768E-02  -0.121806E-02   0.431818E-01   0.296217E-03   0.300000E-03
 107   0.133077E+00  -0.353557E-01   0.424198E-01   0.103334E-01   0.350000E-03
 108  -0.556019E-01  -0.616767E+00   0.377292E-01   0.113148E-01   0.450000E-03
 109   0.642861E-03   0.131429E-02   0.249087E-03   0.726103E-03   0.250000E-03
 110   0.967185E-03   0.397454E-03   0.513564E-03   0.303523E-03   0.250000E-03
 111   0.967660E-03  -0.402813E-04   0.170344E-02   0.542469E-03   0.400000E-03
 112   0.177579E-02   0.899106E-03   0.301106E-02   0.921443E-03   0.350000E-03
 113   0.962851E-03   0.215619E-02   0.586513E-02   0.113851E-02   0.400000E-03
 114   0.722627E-03   0.215399E-02   0.706873E-02   0.160357E-02   0.200000E-03
 115  -0.942023E-03   0.176441E-02   0.843060E-02   0.156670E-02   0.350000E-03
 116   0.106391E-02   0.220606E-02   0.976208E-02   0.132708E-02   0.350000E-03
 117  -0.253368E-02  -0.118611E-02   0.112971E-01   0.782674E-03   0.350000E-03
 118  -0.251052E-02  -0.252761E-02   0.123164E-01   0.288814E-03   0.300000E-03
 119  -0.225323E-02   0.137287E-02   0.142167E-01   0.791391E-03   0.300000E-03
 120  -0.784630E-03  -0.678530E-03   0.149542E-01   0.625388E-03   0.300000E-03
 121  -0.690619E-03   0.257388E-02   0.165636E-01   0.138003E-02   0.200000E-03
 122  -0.589562E-03   0.921567E-03   0.180216E-01   0.946315E-03   0.450000E-03
 123   0.558517E-03   0.150923E-02   0.184663E-01   0.142016E-02   0.200000E-03
 124   0.458516E-03   0.171955E-02   0.195520E-01   0.128040E-02   0.300000E-03
 125   0.114826E-02   0.315047E-02   0.207319E-01   0.800488E-03   0.250000E-03
 126   0.870805E-03   0.174945E-02   0.208261E-01   0.133246E-02   0.300000E-03
 127   0.271607E-02  -0.346493E-02   0.226259E-01   0.120167E-02   0.250000E-03
 128   0.193421E-02  -0.184097E-02   0.229731E-01   0.162836E-02   0.300000E-03
 129   0.233365E-02   0.329540E-02   0.235180E-01   0.170374E-02   0.250000E-03
 130  -0.117590E-02  -0.134212E-02   0.256332E-01   0.696509E-03   0.300000E-03
 131   0.215656E-02  -0.294107E-02   0.262582E-01   0.394610E-03   0.400000E-03
 132   0.520202E-02  -0.184237E-02   0.274799E-01   0.147040E-02   0.200000E-03
 133   0.348953E-02   0.594458E-03   0.288347E-01   0.968995E-03   0.400000E-03
 134   0.825901E-03   0.138140E-02   0.311476E-01   0.109422E-02   0.400000E-03
 135   0.143728E-02   0.114401E-02   0.319922E-01   0.102703E-02   0.450000E-03
 136  -0.311455E-03  -0.596666E-03   0.340666E-01   0.513119E-03   0.400000E-03
 137  -0.331286E-02   0.182564E-02   0.372327E-01   0.762339E-03   0.100000E-03
 138  -0.901835E-03   0.107070E-02   0.374282E-01   0.132959E-02   0.250000E-03
 139  -0.167632E-02   0.732181E-03   0.381870E-01   0.774639E-03   0.300000E-03
 140   0.134079E-02  -0.752267E-03   0.396840E-01   0.257641E-03   0.250000E-03
 141   0.730194E-03  -0.132234E-02   0.414588E-01   0.256961E-03   0.250000E-03
 142  -0.178789E-02  -0.988479E-03   0.419030E-01   0.199773E-03   0.200000E-03
 143  -0.158014E-02   0.226500E-03   0.439134E-01   0.636276E-02   0.250000E-03
 144  -0.735813E-01  -0.627038E+00   0.350037E-01   0.109067E-01   0.300000E-03
 145  -0.174693E-03   0.103378E-02   0.292679E-03   0.346337E-02   0.300000E-03
 146   0.726091E-03   0.150826E-02   0.665625E-03   0.146075E-02   0.350000E-03
 147   0.950784E-03  -0.324098E-02   0.387916E-02   0.859231E-03   0.200000E-03
 148  -0.427338E-03  -0.409993E-03   0.512550E-02   0.289717E-03   0.300000E-03
 149   0.705940E-03  -0.966629E-04   0.603514E-02   0.196984E-02   0.450000E-03
 150   0.341102E-03   0.180367E-02   0.744916E-02   0.148831E-02   0.200000E-03
 151  -0.585813E-03   0.240814E-02   0.932992E-02   0.165143E-02   0.200000E-03
 152   0.143378E-03  -0.922052E-03   0.103110E-01   0.136022E-02   0.200000E-03
 153  -0.263411E-02  -0.170443E-03   0.110403E-01   0.137710E-02   0.300000E-03
 154  -0.864823E-03   0.967897E-03   0.125329E-01   0.941981E-03   0.400000E-03
 155  -0.339853E-03  -0.749035E-04   0.137271E-01   0.893910E-03   0.200000E-03
 156  -0.164728E-02   0.220095E-02   0.147150E-01   0.128214E-02   0.400000E-03
 157  -0.908759E-04   0.939607E-03   0.158376E-01   0.140210E-02   0.400000E-03
 158   0.118376E-02   0.108661E-02   0.172280E-01   0.185728E-02   0.350000E-03
 159   0.661139E-03   0.311121E-03   0.176389E-01   0.147151E-02   0.200000E-03
 160  -0.505831E-03   0.240485E-02   0.180771E-01   0.164361E-02   0.250000E-03
 161   0.215624E-02  -0.880551E-03   0.194676E-01   0.182358E-02   0.250000E-03
 162   0.768710E-03   0.188087E-02   0.207262E-01   0.181372E-02   0.200000E-03
 163  -0.147108E-02   0.283651E-02   0.219772E-01   0.111722E-02   0.350000E-03
 164  -0.102813E-02   0.352086E-02   0.226484E-01   0.215878E-02   0.300000E-03
 165  -0.549864E-03  -0.215725E-02   0.246965E-01   0.150490E-02   0.250000E-03
 166  -0.673381E-03   0.459856E-03   0.254341E-01   0.164434E-02   0.250000E-03
 167   0.233748E-02  -0.813182E-03   0.265733E-01   0.111967E-02   0.400000E-03
 168   0.284007E-02  -0.352530E-03   0.285222E-01   0.153682E-02   0.250000E-03
 169   0.186372E-02   0.613436E-04   0.301384E-01   0.173225E-02   0.200000E-03
 170   0.185532E-02   0.150039E-03   0.307278E-01   0.177088E-02   0.400000E-03
 171   0.308302E-03  -0.223674E-03   0.334867E-01   0.892292E-03   0.300000E-03
 172   0.578382E-04   0.551993E-03   0.342169E-01   0.129838E-02   0.400000E-03
 173  -0.199357E-02   0.115950E-02   0.356670E-01   0.118577E-02   0.300000E-03
 174  -0.187165E-02   0.570691E-03   0.368962E-01   0.106094E-02   0.350000E-03
 175  -0.489672E-03   0.233909E-03   0.390446E-01   0.889906E-03   0.300000E-03
 176   0.971102E-04   0.693945E-03   0.401052E-01   0.987982E-03   0.200000E-03
 177   0.105596E-02  -0.385099E-03   0.405799E-01   0.788149E-03   0.300000E-03
 178  -0.137711E-02   0.971455E-04   0.443758E-01   0.146165E-02   0.200000E-03
 179  -0.145719E-02  -0.114143E-02   0.426932E-01   0.197737E-03   0.200000E-03
 180   0.438142E-01   0.207560E+00   0.340247E-01   0.146889E-01   0.300000E-03
 181   0.644949E-03   0.167258E-02   0.198972E-03   0.117288E-02   0.200000E-03
 182   0.109611E-02   0.174313E-02   0.132233E-02   0.230653E-02   0.200000E-03
 183   0.224248E-02  -0.355953E-03   0.318530E-02   0.297634E-03   0.300000E-03
 184  -0.611619E-03   0.815246E-03   0.520988E-02   0.162061E-02   0.350000E-03
 185   0.962245E-03   0.161332E-02   0.620647E-02   0.264753E-02   0.250000E-03
 186   0.747167E-03   0.853746E-03   0.677643E-02   0.187677E-02   0.200000E-03
 187  -0.121091E-02   0.123848E-02   0.783253E-02   0.179742E-02   0.300000E-03
 188  -0.145707E-02   0.106174E-02   0.956155E-02   0.203607E-02   0.250000E-03
 189  -0.204142E-02  -0.814755E-04   0.115808E-01   0.130968E-02   0.250000E-03
 190   0.604852E-03  -0.586771E-03   0.118841E-01   0.904048E-03   0.250000E-03
 191  -0.106472E-02  -0.108099E-02   0.139581E-01   0.127535E-02   0.250000E-03
 192  -0.870978E-03   0.676738E-03   0.141949E-01   0.187815E-02   0.400000E-03
 193  -0.117336E-02  -0.210296E-03   0.152326E-01   0.175421E-02   0.300000E-03
 194  -0.253839E-03   0.634045E-04   0.164111E-01   0.195726E-02   0.400000E-03
 195   0.318378E-03   0.871679E-03   0.178476E-01   0.208675E-02   0.250000E-03
 196   0.106866E-03   0.187300E-02   0.190022E-01   0.151071E-02   0.300000E-03
 197   0.277583E-03   0.868872E-03   0.198434E-01   0.229186E-02   0.350000E-03
 198   0.962372E-03   0.398458E-03   0.205573E-01   0.227984E-02   0.300000E-03
 199  -0.194285E-02   0.106700E-02   0.213929E-01   0.151301E-02   0.300000E-03
 200   0.909788E-03   0.343482E-02   0.221500E-01   0.215498E-02   0.200000E-03
 201   0.528736E-02  -0.324418E-02   0.241597E-01   0.158286E-02   0.300000E-03
 202   0.322686E-02   0.301927E-03   0.259245E-01   0.116313E-02   0.250000E-03
 203   0.176791E-02   0.118566E-02   0.264690E-01   0.180551E-02   0.300000E-03
 204   0.198125E-02  -0.933457E-03   0.270402E-01   0.156586E-02   0.250000E-03
 205   0.273579E-02  -0.155277E-03   0.295568E-01   0.163312E-02   0.400000E-03
 206   0.857911E-05   0.137182E-03   0.321969E-01   0.180010E-02   0.350000E-03
 207  -0.353413E-03   0.566443E-03   0.328513E-01   0.128335E-02   0.450000E-03
 208  -0.630110E-03   0.874165E-03   0.335614E-01   0.165469E-02   0.350000E-03
 209  -0.149513E-02   0.723018E-03   0.362608E-01   0.125934E-02   0.300000E-03
 210  -0.193411E-02   0.590929E-03   0.366552E-01   0.155411E-02   0.200000E-03
 211  -0.727130E-03   0.806089E-03   0.370801E-01   0.168479E-02   0.250000E-03
 212   0.412898E-04  -0.270508E-03   0.400874E-01   0.591265E-03   0.200000E-03
 213   0.140111E-02  -0.639308E-03   0.411180E-01   0.622000E-03   0.250000E-03
 214  -0.232813E-02  -0.108505E-02   0.420705E-01   0.566358E-03   0.200000E-03
 215   0.404778E-02   0.142207E-01   0.443032E-01   0.151437E-03   0.150000E-03
 216   0.407934E-01  -0.207929E+00   0.211194E-01   0.124125E-01   0.400000E-03
 217   0.138941E+00  -0.862539E-01   0.147893E-01   0.957513E-02   0.350000E-03
 218   0.413430E-03   0.142013E-02   0.799424E-03   0.214376E-02   0.350000E-03
 219   0.345393E-02   0.969995E-03   0.353545E-02   0.654111E-03   0.200000E-03
 220   0.944053E-03   0.279647E-03   0.451049E-02   0.130793E-02   0.400000E-03
 221  -0.460435E-03   0.158034E-02   0.531929E-02   0.219961E-02   0.250000E-03
 222   0.114663E-03   0.457083E-03   0.727043E-02   0.211428E-02   0.350000E-03
 223  -0.327047E-03   0.211383E-02   0.894638E-02   0.203232E-02   0.350000E-03
 224  -0.177436E-02  -0.633874E-03   0.101473E-01   0.190477E-02   0.350000E-03
 225  -0.182822E-02  -0.109237E-02   0.106298E-01   0.165126E-02   0.200000E-03
 226  -0.573690E-03   0.600439E-03   0.120985E-01   0.147842E-02   0.300000E-03
 227  -0.384974E-02  -0.972958E-03   0.129489E-01   0.142886E-02   0.250000E-03
 228  -0.586598E-03  -0.839592E-03   0.147887E-01   0.182722E-02   0.150000E-03
 229  -0.383474E-03  -0.451754E-04   0.157678E-01   0.204226E-02   0.250000E-03
 230   0.127536E-02   0.886762E-03   0.174496E-01   0.246395E-02   0.300000E-03
 231   0.711903E-03   0.994611E-03   0.182472E-01   0.229324E-02   0.200000E-03
 232   0.770244E-03   0.775511E-03   0.185597E-01   0.190958E-02   0.300000E-03
 233   0.938988E-03   0.910533E-03   0.190964E-01   0.235697E-02   0.400000E-03
 234   0.121443E-02   0.197010E-02   0.211535E-01   0.207048E-02   0.300000E-03
 235  -0.116165E-02   0.326338E-02   0.223293E-01   0.165882E-02   0.300000E-03
 236   0.113026E-02   0.389183E-02   0.232427E-01   0.217058E-02   0.300000E-03
 237   0.187724E-02   0.352244E-02   0.238902E-01   0.217066E-02   0.350000E-03
 238   0.131096E-02  -0.435850E-03   0.250187E-01   0.181436E-02   0.200000E-03
 239   0.193251E-02   0.112970E-02   0.266191E-01   0.233013E-02   0.250000E-03
 240   0.281414E-02  -0.270129E-03   0.289694E-01   0.154975E-02   0.200000E-03
 241   0.206939E-02  -0.736889E-04   0.301748E-01   0.227709E-02   0.350000E-03
 242   0.408866E-03   0.145204E-03   0.314983E-01   0.175686E-02   0.350000E-03
 243  -0.346157E-03   0.300601E-03   0.329330E-01   0.222455E-02   0.500000E-03
 244  -0.107882E-02   0.901193E-04   0.354710E-01   0.199308E-02   0.200000E-03
 245  -0.107638E-02   0.828715E-04   0.349537E-01   0.181069E-02   0.350000E-03
 246  -0.177238E-02   0.513320E-03   0.366266E-01   0.214903E-02   0.400000E-03
 247  -0.161140E-02   0.968941E-03   0.380216E-01   0.140236E-02   0.350000E-03
 248  -0.130361E-02   0.276485E-03   0.396387E-01   0.809319E-03   0.300000E-03
 249  -0.157655E-02  -0.147218E-02   0.416336E-01   0.801875E-03   0.300000E-03
 250  -0.120156E-02  -0.123299E-02   0.437276E-01   0.240290E-03   0.250000E-03
 251  -0.170899E-02  -0.345543E-03   0.446054E-01   0.297328E-02   0.400000E-03
 252  -0.146909E+00   0.110941E-01   0.394093E-01   0.119385E-01   0.350000E-03
 253  -0.129317E-01  -0.219271E-01   0.245416E-02   0.805969E-02   0.350000E-03
 254   0.186082E-04   0.839365E-04   0.134453E-02   0.120030E-02   0.350000E-03
 255   0.376863E-03   0.114815E-03   0.219872E-02   0.103341E-02   0.300000E-03
 256   0.159227E-02  -0.593152E-03   0.467654E-02   0.198795E-02   0.300000E-03
 257   0.156552E-02   0.111778E-02   0.667304E-02   0.236410E-02   0.300000E-03
 258  -0.923918E-03   0.214467E-02   0.828736E-02   0.225923E-02   0.350000E-03
 259  -0.111175E-02   0.398175E-03   0.906295E-02   0.281982E-02   0.450000E-03
 260  -0.261722E-02   0.358278E-03   0.988071E-02   0.260144E-02   0.400000E-03
 261  -0.177299E-02   0.125584E-02   0.116380E-01   0.185603E-02   0.300000E-03
 262  -0.720167E-03   0.101459E-02   0.122354E-01   0.211161E-02   0.350000E-03
 263  -0.141576E-02   0.778086E-03   0.134688E-01   0.170881E-02   0.350000E-03
 264  -0.930228E-03  -0.336226E-03   0.147639E-01   0.227712E-02   0.300000E-03
 265   0.932942E-04   0.488432E-03   0.164988E-01   0.255127E-02   0.200000E-03
 266   0.647664E-03   0.573942E-03   0.169100E-01   0.236566E-02   0.250000E-03
 267   0.565691E-03   0.123619E-02   0.170568E-01   0.284136E-02   0.250000E-03
 268   0.617662E-03   0.864532E-03   0.185177E-01   0.265224E-02   0.250000E-03
 269   0.163153E-02   0.360622E-03   0.189744E-01   0.299626E-02   0.250000E-03
 270   0.636741E-03   0.393765E-03   0.195702E-01   0.293563E-02   0.350000E-03
 271   0.296540E-03   0.260245E-02   0.218188E-01   0.185157E-02   0.250000E-03
 272   0.588191E-03   0.120074E-02   0.222714E-01   0.274149E-02   0.400000E-03
 273   0.140969E-02   0.438197E-02   0.235052E-01   0.281091E-02   0.400000E-03
 274  -0.267866E-03   0.180461E-02   0.256624E-01   0.207847E-02   0.250000E-03
 275   0.132268E-02   0.216142E-02   0.261324E-01   0.223893E-02   0.250000E-03
 276   0.289240E-02  -0.469211E-04   0.273930E-01   0.198272E-02   0.300000E-03
 277   0.314290E-02  -0.518323E-03   0.293363E-01   0.218629E-02   0.200000E-03
 278   0.157795E-02  -0.152568E-04   0.317907E-01   0.240029E-02   0.350000E-03
 279   0.584509E-03  -0.336328E-03   0.323284E-01   0.265912E-02   0.250000E-03
 280  -0.154142E-02   0.755347E-04   0.343313E-01   0.199173E-02   0.300000E-03
 281  -0.183510E-02   0.160195E-02   0.358974E-01   0.173287E-02   0.300000E-03
 282  -0.514259E-03   0.556271E-03   0.375598E-01   0.180702E-02   0.250000E-03
 283  -0.332458E-03   0.139903E-03   0.385289E-01   0.161416E-02   0.200000E-03
 284  -0.149414E-02   0.835922E-03   0.385702E-01   0.116668E-02   0.250000E-03
 285   0.154044E-02   0.422177E-03   0.410818E-01   0.121411E-02   0.350000E-03
 286  -0.169919E-02  -0.811680E-03   0.432206E-01   0.890967E-03   0.300000E-03
 287  -0.199504E-02  -0.381137E-03   0.428474E-01   0.122344E-02   0.200000E-03
 288  -0.383535E-01   0.411443E+00   0.783110E-02   0.112777E-01   0.350000E-03
 289  -0.128982E-04   0.143428E-02   0.247533E-03   0.238323E-02   0.250000E-03
 290   0.168487E-03   0.183784E-03   0.184412E-02   0.161524E-02   0.300000E-03
 291   0.773450E-03   0.140312E-02   0.254283E-02   0.163722E-02   0.400000E-03
 292   0.164166E-02   0.154123E-02   0.316966E-02   0.149564E-02   0.250000E-03
 293  -0.162264E-03   0.117182E-02   0.566153E-02   0.261878E-02   0.300000E-03
 294  -0.844104E-03   0.280771E-04   0.823640E-02   0.300493E-02   0.400000E-03
 295  -0.109467E-03   0.106851E-02   0.964992E-02   0.342659E-02   0.400000E-03
 296  -0.259915E-02   0.134253E-02   0.110939E-01   0.192241E-02   0.250000E-03
 297  -0.162803E-02  -0.630000E-03   0.106368E-01   0.199898E-02   0.150000E-03
 298  -0.355840E-02  -0.591773E-03   0.125636E-01   0.166109E-02   0.200000E-03
 299  -0.613279E-03   0.181647E-03   0.138011E-01   0.239008E-02   0.250000E-03
 300  -0.528057E-03   0.194381E-02   0.148371E-01   0.276823E-02   0.200000E-03
 301  -0.204403E-03  -0.378470E-03   0.153470E-01   0.238451E-02   0.300000E-03
 302   0.656918E-03   0.722893E-03   0.169363E-01   0.337411E-02   0.300000E-03
 303   0.852043E-03   0.612533E-03   0.179377E-01   0.253889E-02   0.200000E-03
 304   0.802842E-03   0.631469E-03   0.181152E-01   0.294991E-02   0.250000E-03
 305  -0.289841E-03   0.147721E-02   0.193057E-01   0.335948E-02   0.150000E-03
 306   0.978615E-03   0.380173E-03   0.202643E-01   0.285080E-02   0.350000E-03
 307   0.601700E-03   0.175851E-02   0.216426E-01   0.231569E-02   0.250000E-03
 308   0.695180E-03   0.116178E-02   0.226055E-01   0.340752E-02   0.350000E-03
 309   0.177258E-03   0.168476E-02   0.244182E-01   0.269039E-02   0.400000E-03
 310   0.103070E-02   0.174342E-02   0.250062E-01   0.231275E-02   0.300000E-03
 311   0.231339E-02   0.167680E-02   0.271549E-01   0.258236E-02   0.350000E-03
 312   0.242783E-02   0.337211E-03   0.280314E-01   0.187596E-02   0.350000E-03
 313   0.309749E-02  -0.622740E-03   0.296080E-01   0.253578E-02   0.250000E-03
 314   0.185844E-02   0.166880E-03   0.311482E-01   0.232685E-02   0.300000E-03
 315  -0.994768E-03  -0.106553E-02   0.334108E-01   0.286037E-02   0.300000E-03
 316  -0.176084E-02   0.188620E-03   0.337762E-01   0.232599E-02   0.350000E-03
 317  -0.268252E-03   0.325482E-03   0.350948E-01   0.254589E-02   0.400000E-03
 318  -0.128738E-02   0.273809E-03   0.358819E-01   0.242768E-02   0.400000E-03
 319  -0.620771E-03   0.177732E-02   0.389873E-01   0.143604E-02   0.250000E-03
 320  -0.519601E-03   0.152399E-02   0.398339E-01   0.140587E-02   0.300000E-03
 321   0.551110E-03   0.121857E-02   0.404306E-01   0.136253E-02   0.300000E-03
 322  -0.155757E-02  -0.814685E-03   0.425906E-01   0.737053E-03   0.350000E-03
 323  -0.123032E-02  -0.490571E-03   0.439479E-01   0.210479E-02   0.350000E-03
 324  -0.115812E-01  -0.565075E-01   0.376349E-01   0.774219E-02   0.250000E-03
 325   0.189268E-01   0.594292E-01   0.187207E-02   0.771781E-02   0.300000E-03
 326  -0.243827E-04   0.725999E-03   0.128990E-02   0.179720E-02   0.250000E-03
 327   0.472635E-03   0.189288E-02   0.215620E-02   0.227691E-02   0.350000E-03
 328   0.739199E-03   0.108093E-02   0.380514E-02   0.176102E-02   0.450000E-03
 329  -0.754311E-04   0.928603E-04   0.651911E-02   0.321290E-02   0.400000E-03
 330   0.580157E-04   0.219759E-02   0.718773E-02   0.280628E-02   0.350000E-03
 331  -0.481808E-03  -0.565088E-03   0.773569E-02   0.249387E-02   0.250000E-03
 332  -0.195331E-02   0.425346E-03   0.108229E-01   0.256557E-02   0.450000E-03
 333  -0.182000E-02  -0.237980E-02   0.116502E-01   0.245143E-02   0.300000E-03
 334  -0.350873E-02  -0.361137E-04   0.129157E-01   0.194153E-02   0.250000E-03
 335  -0.138686E-02  -0.225730E-03   0.133164E-01   0.228546E-02   0.250000E-03
 336  -0.189259E-02   0.678834E-03   0.142892E-01   0.264403E-02   0.300000E-03
 337   0.582827E-03   0.115831E-02   0.159641E-01   0.255178E-02   0.300000E-03
 338   0.457188E-03   0.877660E-03   0.165479E-01   0.375867E-02   0.250000E-03
 339  -0.249690E-03   0.934377E-03   0.175578E-01   0.317151E-02   0.350000E-03
 340   0.778987E-03   0.420908E-03   0.188938E-01   0.354048E-02   0.300000E-03
 341   0.111237E-02   0.741489E-03   0.199836E-01   0.343341E-02   0.300000E-03
 342   0.158633E-02   0.152355E-02   0.205220E-01   0.333450E-02   0.200000E-03
 343   0.835202E-03   0.127969E-02   0.215836E-01   0.285869E-02   0.300000E-03
 344   0.493334E-03   0.113983E-02   0.237136E-01   0.341628E-02   0.250000E-03
 345  -0.577630E-04   0.113269E-02   0.250243E-01   0.303421E-02   0.300000E-03
 346  -0.682695E-04   0.115500E-02   0.255523E-01   0.266110E-02   0.350000E-03
 347   0.174662E-02   0.164068E-02   0.262686E-01   0.287387E-02   0.400000E-03
 348   0.280040E-02  -0.104840E-02   0.288629E-01   0.203485E-02   0.300000E-03
 349   0.246811E-02  -0.970848E-03   0.299906E-01   0.284508E-02   0.250000E-03
 350   0.106965E-02  -0.852421E-03   0.320626E-01   0.313674E-02   0.300000E-03
 351   0.174082E-03  -0.122705E-02   0.327943E-01   0.306027E-02   0.350000E-03
 352   0.150014E-02  -0.119034E-02   0.344989E-01   0.307222E-02   0.400000E-03
 353  -0.163796E-02  -0.209110E-03   0.359092E-01   0.302094E-02   0.200000E-03
 354  -0.128929E-02   0.454732E-03   0.372710E-01   0.221435E-02   0.250000E-03
 355  -0.140411E-02  -0.110399E-03   0.380491E-01   0.205002E-02   0.300000E-03
 356  -0.109033E-02   0.157788E-02   0.393906E-01   0.162794E-02   0.200000E-03
 357   0.905009E-03   0.311905E-03   0.408259E-01   0.180493E-02   0.300000E-03
 358  -0.156459E-02  -0.395499E-03   0.416647E-01   0.134893E-02   0.250000E-03
 359  -0.148775E-02  -0.437550E-03   0.442699E-01   0.533365E-02   0.250000E-03
 360   0.156732E-02  -0.236611E-02   0.448000E-01   0.418009E-02   0.200000E-03
 361  -0.444377E-04   0.140726E-02   0.663074E-03   0.287796E-02   0.400000E-03
 362   0.112567E-02   0.126454E-02   0.146129E-02   0.288860E-02   0.400000E-03
 363   0.146990E-02   0.309640E-02   0.314508E-02   0.199479E-02   0.250000E-03
 364   0.164468E-03   0.101672E-02   0.490284E-02   0.255317E-02   0.300000E-03
 365  -0.297906E-03   0.205264E-03   0.582050E-02   0.319016E-02   0.300000E-03
 366  -0.399800E-03   0.657816E-03   0.614558E-02   0.380253E-02   0.300000E-03
 367  -0.683725E-03   0.276562E-04   0.871492E-02   0.336551E-02   0.200000E-03
 368  -0.149107E-02   0.139091E-02   0.102959E-01   0.316166E-02   0.300000E-03
 369  -0.829514E-03   0.133112E-02   0.118219E-01   0.307476E-02   0.350000E-03
 370  -0.148078E-02   0.127685E-03   0.127713E-01   0.263010E-02   0.400000E-03
 371  -0.540848E-03   0.477660E-03   0.137086E-01   0.292816E-02   0.300000E-03
 372  -0.687465E-03   0.584791E-03   0.149340E-01   0.335688E-02   0.400000E-03
 373   0.504763E-03   0.128017E-02   0.155195E-01   0.295428E-02   0.300000E-03
 374   0.468680E-03   0.100215E-02   0.162674E-01   0.317827E-02   0.400000E-03
 375   0.696804E-03   0.996758E-03   0.174035E-01   0.395648E-02   0.450000E-03
 376   0.602792E-03   0.618979E-03   0.185379E-01   0.310136E-02   0.200000E-03
 377  -0.441078E-03   0.185400E-02   0.194868E-01   0.384848E-02   0.350000E-03
 378   0.231075E-02   0.161406E-02   0.210214E-01   0.265616E-02   0.300000E-03
 379   0.627766E-03   0.135387E-02   0.211090E-01   0.330054E-02   0.350000E-03
 380   0.685270E-03   0.990170E-03   0.219066E-01   0.341984E-02   0.350000E-03
 381   0.452439E-03  -0.227822E-03   0.243174E-01   0.343066E-02   0.350000E-03
 382   0.985656E-03   0.130127E-03   0.266001E-01   0.348384E-02   0.300000E-03
 383   0.284564E-02  -0.633987E-03   0.277470E-01   0.240411E-02   0.250000E-03
 384   0.194948E-02  -0.341449E-03   0.284021E-01   0.240466E-02   0.300000E-03
 385   0.282394E-02  -0.415975E-03   0.290637E-01   0.259999E-02   0.300000E-03
 386   0.979427E-03  -0.114649E-02   0.306663E-01   0.269633E-02   0.300000E-03
 387   0.532693E-03  -0.155498E-02   0.324440E-01   0.365788E-02   0.350000E-03
 388  -0.609043E-03  -0.128755E-02   0.354274E-01   0.344791E-02   0.450000E-03
 389  -0.160160E-02  -0.132249E-04   0.360885E-01   0.337594E-02   0.200000E-03
 390  -0.172704E-02   0.119950E-03   0.364997E-01   0.293500E-02   0.400000E-03
 391  -0.166678E-02   0.431895E-03   0.377059E-01   0.254418E-02   0.300000E-03
 392  -0.744089E-03   0.104926E-02   0.390591E-01   0.193014E-02   0.250000E-03
 393  -0.123293E-02   0.937386E-03   0.396264E-01   0.212181E-02   0.350000E-03
 394  -0.197433E-02  -0.310678E-03   0.422070E-01   0.126115E-02   0.300000E-03
 395  -0.949108E-03   0.100184E-03   0.438789E-01   0.146127E-02   0.300000E-03
 396  -0.155640E-02  -0.602001E-03   0.443944E-01   0.241778E-02   0.200000E-03
 397  -0.613763E-04   0.121229E-02   0.972943E-03   0.361405E-02   0.400000E-03
 398   0.196975E-02  -0.194992E-02   0.279107E-02   0.241543E-02   0.300000E-03
 399   0.809124E-04   0.273835E-02   0.348607E-02   0.243219E-02   0.300000E-03
 400   0.552194E-03   0.893628E-03   0.420860E-02   0.250553E-02   0.400000E-03
 401  -0.823119E-03   0.141891E-02   0.571285E-02   0.405027E-02   0.200000E-03
 402   0.176581E-03   0.845315E-04   0.720579E-02   0.350279E-02   0.350000E-03
 403   0.830433E-05  -0.817187E-04   0.847348E-02   0.374236E-02   0.250000E-03
 404  -0.120957E-03   0.623385E-03   0.903053E-02   0.375178E-02   0.300000E-03
 405  -0.120992E-02  -0.143494E-02   0.119031E-01   0.361867E-02   0.200000E-03
 406  -0.162547E-02   0.879071E-03   0.125025E-01   0.338092E-02   0.400000E-03
 407  -0.110023E-02   0.648879E-03   0.131766E-01   0.320048E-02   0.300000E-03
 408  -0.270185E-03   0.437402E-03   0.141476E-01   0.346910E-02   0.400000E-03
 409   0.496315E-03   0.915790E-03   0.156419E-01   0.358799E-02   0.350000E-03
 410   0.696686E-04   0.248885E-03   0.160844E-01   0.405427E-02   0.300000E-03
 411   0.637264E-03   0.451463E-03   0.166300E-01   0.429926E-02   0.300000E-03
 412   0.786865E-03   0.432249E-03   0.181962E-01   0.359345E-02   0.400000E-03
 413   0.103643E-02   0.750324E-04   0.201424E-01   0.400890E-02   0.300000E-03
 414   0.125963E-02   0.682144E-03   0.207071E-01   0.374257E-02   0.250000E-03
 415   0.118925E-02   0.271349E-03   0.207265E-01   0.438911E-02   0.400000E-03
 416   0.699429E-03   0.105739E-02   0.222706E-01   0.407498E-02   0.400000E-03
 417   0.852772E-03   0.104042E-02   0.232115E-01   0.363351E-02   0.300000E-03
 418   0.337803E-03  -0.248030E-04   0.249713E-01   0.367741E-02   0.350000E-03
 419   0.112907E-02   0.112982E-03   0.276276E-01   0.308755E-02   0.350000E-03
 420   0.158466E-02   0.193632E-03   0.281922E-01   0.290252E-02   0.250000E-03
 421   0.220851E-02  -0.979865E-03   0.294579E-01   0.311598E-02   0.350000E-03
 422   0.168045E-02  -0.744797E-03   0.313197E-01   0.305468E-02   0.450000E-03
 423  -0.345782E-03  -0.347723E-03   0.338127E-01   0.336297E-02   0.350000E-03
 424  -0.397228E-03  -0.101934E-02   0.347372E-01   0.373193E-02   0.300000E-03
 425  -0.139561E-02   0.516969E-03   0.370054E-01   0.341327E-02   0.300000E-03
 426  -0.134829E-02   0.190636E-03   0.371921E-01   0.284424E-02   0.300000E-03
 427  -0.414360E-03   0.372591E-03   0.380435E-01   0.312876E-02   0.300000E-03
 428  -0.124846E-04   0.697437E-03   0.385938E-01   0.210861E-02   0.250000E-03
 429   0.817091E-03   0.247896E-03   0.402428E-01   0.192912E-02   0.300000E-03
 430  -0.133733E-02  -0.808953E-04   0.419197E-01   0.188861E-02   0.350000E-03
 431  -0.152222E-02  -0.228682E-03   0.426608E-01   0.179369E-02   0.400000E-03
 432  -0.159619E-02   0.757491E-04   0.432845E-01   0.148330E-02   0.300000E-03
 433   0.407657E-03   0.120423E-02   0.347284E-03   0.410790E-02   0.350000E-03
 434  -0.605515E-04   0.722011E-03   0.164569E-02   0.207323E-02   0.200000E-03
 435   0.621601E-03   0.172437E-02   0.318622E-02   0.300153E-02   0.350000E-03
 436   0.176915E-03   0.871068E-03   0.524873E-02   0.297965E-02   0.250000E-03
 437  -0.895549E-03   0.591742E-03   0.566730E-02   0.365925E-02   0.200000E-03
 438  -0.414704E-03   0.550101E-03   0.672846E-02   0.393843E-02   0.300000E-03
 439  -0.364342E-03  -0.723812E-04   0.788113E-02   0.366127E-02   0.350000E-03
 440  -0.151265E-02   0.230110E-03   0.108432E-01   0.380932E-02   0.200000E-03
 441  -0.150397E-02   0.125465E-02   0.108666E-01   0.331203E-02   0.300000E-03
 442  -0.140421E-02   0.986855E-03   0.130211E-01   0.384478E-02   0.300000E-03
 443  -0.978818E-03   0.742947E-03   0.135218E-01   0.362722E-02   0.250000E-03
 444  -0.362740E-03   0.156862E-02   0.151563E-01   0.401868E-02   0.300000E-03
 445  -0.651007E-03   0.940716E-03   0.155980E-01   0.455660E-02   0.400000E-03
 446  -0.149343E-03   0.835212E-03   0.161961E-01   0.453990E-02   0.200000E-03
 447   0.763254E-03   0.725921E-03   0.171089E-01   0.464523E-02   0.300000E-03
 448   0.815037E-03   0.983334E-03   0.181852E-01   0.449178E-02   0.500000E-03
 449   0.277968E-03   0.895194E-03   0.190764E-01   0.447348E-02   0.400000E-03
 450   0.604818E-03   0.888378E-03   0.197695E-01   0.447584E-02   0.300000E-03
 451   0.923668E-03   0.458821E-03   0.214173E-01   0.398642E-02   0.400000E-03
 452   0.107340E-02   0.709904E-03   0.217813E-01   0.464129E-02   0.350000E-03
 453   0.163250E-03  -0.191323E-03   0.238859E-01   0.398042E-02   0.350000E-03
 454   0.631451E-03  -0.331022E-03   0.255920E-01   0.335731E-02   0.350000E-03
 455   0.269127E-02   0.624246E-03   0.268459E-01   0.303700E-02   0.200000E-03
 456   0.256688E-02   0.435284E-03   0.287325E-01   0.315621E-02   0.350000E-03
 457   0.158704E-02  -0.199390E-02   0.303827E-01   0.322311E-02   0.300000E-03
 458   0.158603E-02  -0.186613E-02   0.306767E-01   0.379122E-02   0.350000E-03
 459   0.104812E-02  -0.138373E-02   0.317522E-01   0.372488E-02   0.350000E-03
 460  -0.628383E-03  -0.984798E-03   0.341979E-01   0.382099E-02   0.250000E-03
 461  -0.147861E-02  -0.273104E-04   0.364842E-01   0.358442E-02   0.250000E-03
 462  -0.804705E-03   0.156819E-02   0.376579E-01   0.429161E-02   0.300000E-03
 463  -0.529861E-03   0.554323E-03   0.383000E-01   0.259028E-02   0.300000E-03
 464  -0.840636E-03   0.267702E-03   0.390356E-01   0.264927E-02   0.450000E-03
 465   0.727996E-03   0.159222E-03   0.407228E-01   0.239199E-02   0.300000E-03
 466  -0.764712E-03  -0.535558E-03   0.411728E-01   0.260459E-02   0.200000E-03
 467  -0.145997E-02  -0.357754E-03   0.435607E-01   0.255979E-02   0.250000E-03
 468  -0.170297E-02  -0.305268E-03   0.435897E-01   0.383688E-02   0.350000E-03
 469   0.123851E-02   0.159214E-02   0.105240E-02   0.447147E-02   0.450000E-03
 470   0.103237E-02   0.149846E-02   0.215955E-02   0.292478E-02   0.300000E-03
 471   0.446075E-03   0.166623E-02   0.389685E-02   0.323822E-02   0.400000E-03
 472  -0.206438E-04   0.513288E-03   0.461051E-02   0.307732E-02   0.300000E-03
 473   0.148643E-03   0.966589E-03   0.507052E-02   0.360363E-02   0.400000E-03
 474  -0.473949E-03   0.112385E-03   0.743094E-02   0.405530E-02   0.250000E-03
 475  -0.340194E-03  -0.148775E-03   0.804449E-02   0.434104E-02   0.350000E-03
 476  -0.300171E-04   0.673801E-03   0.951266E-02   0.410809E-02   0.300000E-03
 477  -0.133340E-02   0.114722E-02   0.112761E-01   0.303000E-02   0.200000E-03
 478  -0.156417E-02   0.976603E-03   0.122170E-01   0.407042E-02   0.350000E-03
 479  -0.506515E-03   0.131666E-02   0.141548E-01   0.411554E-02   0.250000E-03
 480  -0.101256E-02   0.142690E-02   0.146151E-01   0.392171E-02   0.250000E-03
 481  -0.115358E-02   0.951459E-03   0.147541E-01   0.440109E-02   0.250000E-03
 482  -0.796084E-05   0.607941E-03   0.161851E-01   0.513706E-02   0.400000E-03
 483  -0.464432E-03   0.154991E-02   0.168823E-01   0.520078E-02   0.300000E-03
 484   0.303211E-03   0.951974E-03   0.184485E-01   0.524671E-02   0.300000E-03
 485   0.563413E-03   0.126114E-02   0.194420E-01   0.512731E-02   0.350000E-03
 486   0.370790E-03   0.656895E-03   0.200802E-01   0.498652E-02   0.300000E-03
 487   0.119541E-02   0.607672E-03   0.211750E-01   0.498584E-02   0.350000E-03
 488   0.721963E-03   0.308192E-03   0.216867E-01   0.518255E-02   0.200000E-03
 489   0.634241E-03  -0.176199E-04   0.244824E-01   0.401747E-02   0.250000E-03
 490   0.153537E-02   0.234375E-03   0.271340E-01   0.340525E-02   0.250000E-03
 491   0.202357E-02   0.757629E-03   0.281581E-01   0.345336E-02   0.300000E-03
 492   0.205189E-02  -0.260106E-03   0.291332E-01   0.378686E-02   0.400000E-03
 493   0.190617E-02  -0.132031E-02   0.299057E-01   0.358682E-02   0.300000E-03
 494   0.993584E-03  -0.163334E-02   0.312107E-01   0.369386E-02   0.200000E-03
 495   0.906218E-03  -0.914073E-03   0.328897E-01   0.397323E-02   0.200000E-03
 496  -0.137250E-02  -0.523861E-03   0.359395E-01   0.419214E-02   0.350000E-03
 497  -0.153008E-02  -0.281989E-03   0.361102E-01   0.372405E-02   0.150000E-03
 498  -0.145480E-02   0.482382E-03   0.373748E-01   0.382037E-02   0.250000E-03
 499  -0.143159E-02   0.661665E-03   0.375468E-01   0.335135E-02   0.250000E-03
 500  -0.743588E-03   0.153932E-02   0.394175E-01   0.311177E-02   0.150000E-03
 501   0.865791E-03   0.235228E-03   0.401832E-01   0.247420E-02   0.250000E-03
 502  -0.529023E-03  -0.597004E-03   0.413206E-01   0.213424E-02   0.300000E-03
 503  -0.174690E-02  -0.474589E-03   0.429676E-01   0.263953E-02   0.350000E-03
 504  -0.167544E-02  -0.503761E-03   0.432988E-01   0.208092E-02   0.300000E-03
 505   0.105838E-02   0.180963E-02   0.164475E-02   0.394204E-02   0.350000E-03
 506   0.113202E-02   0.137988E-02   0.186930E-02   0.339033E-02   0.250000E-03
 507   0.411681E-03   0.146390E-02   0.333503E-02   0.358194E-02   0.250000E-03
 508  -0.210585E-03   0.111663E-02   0.438418E-02   0.373937E-02   0.300000E-03
 509  -0.679440E-03   0.136896E-02   0.604809E-02   0.434416E-02   0.250000E-03
 510  -0.333471E-03   0.435619E-02   0.744097E-02   0.460140E-02   0.300000E-03
 511   0.412396E-03   0.783208E-03   0.869135E-02   0.424603E-02   0.300000E-03
 512  -0.164179E-02   0.214779E-03   0.102939E-01   0.380964E-02   0.350000E-03
 513  -0.107537E-02   0.145926E-02   0.114020E-01   0.356785E-02   0.300000E-03
 514  -0.150110E-02   0.108219E-02   0.128162E-01   0.451199E-02   0.400000E-03
 515  -0.571766E-03   0.306703E-02   0.135648E-01   0.422564E-02   0.350000E-03
 516  -0.461302E-03   0.116700E-02   0.142224E-01   0.470813E-02   0.350000E-03
 517  -0.952019E-03   0.106700E-02   0.150584E-01   0.466023E-02   0.150000E-03
 518  -0.712041E-03   0.128687E-02   0.154094E-01   0.532979E-02   0.400000E-03
 519   0.916489E-03   0.897902E-03   0.175804E-01   0.507876E-02   0.350000E-03
 520   0.478956E-03   0.106715E-02   0.189588E-01   0.556163E-02   0.300000E-03
 521   0.296773E-03   0.945363E-03   0.199538E-01   0.567444E-02   0.400000E-03
 522   0.559658E-03   0.701787E-03   0.205052E-01   0.533103E-02   0.250000E-03
 523   0.633562E-03   0.139034E-02   0.216620E-01   0.563017E-02   0.250000E-03
 524   0.991771E-03   0.564129E-03   0.229626E-01   0.417847E-02   0.300000E-03
 525   0.976557E-03   0.198231E-03   0.250369E-01   0.442366E-02   0.400000E-03
 526   0.988854E-03   0.196525E-03   0.254934E-01   0.396602E-02   0.250000E-03
 527   0.117798E-02  -0.337087E-03   0.276271E-01   0.373696E-02   0.300000E-03
 528   0.161627E-02  -0.362771E-04   0.290191E-01   0.452720E-02   0.350000E-03
 529   0.105288E-02  -0.543968E-03   0.303679E-01   0.435467E-02   0.300000E-03
 530   0.223085E-02  -0.327079E-03   0.321327E-01   0.404905E-02   0.150000E-03
 531  -0.874262E-03  -0.270389E-03   0.330325E-01   0.355626E-02   0.200000E-03
 532  -0.484692E-03  -0.698068E-03   0.351940E-01   0.426225E-02   0.400000E-03
 533  -0.142077E-02   0.166766E-03   0.368516E-01   0.399024E-02   0.300000E-03
 534  -0.132689E-02   0.967334E-03   0.382308E-01   0.446940E-02   0.300000E-03
 535  -0.129520E-02   0.830794E-03   0.379245E-01   0.375047E-02   0.300000E-03
 536  -0.126743E-02   0.906448E-03   0.387282E-01   0.315994E-02   0.150000E-03
 537   0.631106E-03  -0.317214E-04   0.404654E-01   0.275702E-02   0.150000E-03
 538  -0.953753E-03  -0.350145E-03   0.417693E-01   0.252289E-02   0.300000E-03
 539  -0.140575E-02  -0.335902E-03   0.423573E-01   0.242076E-02   0.300000E-03
 540  -0.161913E-02  -0.341865E-03   0.439701E-01   0.284184E-02   0.250000E-03
 541  -0.751141E-02   0.988887E-02   0.465376E-02   0.894128E-02   0.300000E-03
 542   0.845641E-03   0.152746E-02   0.258620E-02   0.359857E-02   0.500000E-03
 543   0.462454E-03   0.168307E-02   0.376583E-02   0.392239E-02   0.300000E-03
 544   0.761507E-03   0.195806E-02   0.420060E-02   0.425782E-02   0.250000E-03
 545   0.166688E-03   0.114210E-02   0.529599E-02   0.421198E-02   0.250000E-03
 546   0.395673E-03   0.824962E-03   0.852737E-02   0.497618E-02   0.450000E-03
 547  -0.304472E-03   0.120124E-02   0.917521E-02   0.460182E-02   0.300000E-03
 548  -0.129242E-02  -0.172646E-02   0.972623E-02   0.455575E-02   0.200000E-03
 549  -0.115961E-02   0.951055E-03   0.110481E-01   0.437204E-02   0.400000E-03
 550  -0.135717E-02   0.994993E-03   0.116203E-01   0.406680E-02   0.250000E-03
 551  -0.728437E-03   0.145103E-02   0.134869E-01   0.502224E-02   0.450000E-03
 552  -0.496967E-03   0.162337E-02   0.141821E-01   0.540370E-02   0.350000E-03
 553  -0.846981E-03   0.962912E-03   0.147747E-01   0.494216E-02   0.250000E-03
 554  -0.103236E-02   0.180868E-02   0.150630E-01   0.587598E-02   0.250000E-03
 555  -0.349155E-03   0.162997E-02   0.159651E-01   0.590455E-02   0.400000E-03
 556   0.676970E-03   0.669273E-03   0.179623E-01   0.559674E-02   0.300000E-03
 557   0.387857E-03   0.800809E-03   0.187066E-01   0.487880E-02   0.150000E-03
 558   0.104941E-02   0.121046E-02   0.210240E-01   0.571782E-02   0.400000E-03
 559   0.121041E-03  -0.268634E-03   0.224836E-01   0.468847E-02   0.250000E-03
 560  -0.305043E-03   0.732779E-03   0.235485E-01   0.446877E-02   0.250000E-03
 561   0.972320E-03   0.221938E-03   0.257821E-01   0.448969E-02   0.350000E-03
 562   0.967896E-03   0.203153E-03   0.260794E-01   0.385685E-02   0.350000E-03
 563   0.175734E-02   0.673332E-04   0.284021E-01   0.410427E-02   0.400000E-03
 564   0.160803E-02  -0.481970E-03   0.284251E-01   0.480343E-02   0.300000E-03
 565   0.148314E-02  -0.631282E-03   0.297352E-01   0.422883E-02   0.350000E-03
 566   0.130290E-02  -0.198231E-02   0.312506E-01   0.434644E-02   0.450000E-03
 567  -0.663181E-03  -0.335565E-03   0.332443E-01   0.327785E-02   0.150000E-03
 568  -0.150922E-03  -0.994619E-03   0.338553E-01   0.380889E-02   0.100000E-03
 569  -0.168670E-02  -0.272397E-03   0.369698E-01   0.452385E-02   0.250000E-03
 570  -0.119958E-02   0.757983E-03   0.378118E-01   0.489790E-02   0.300000E-03
 571  -0.661637E-03   0.160970E-03   0.384828E-01   0.353270E-02   0.300000E-03
 572  -0.631503E-03   0.138882E-02   0.390924E-01   0.342098E-02   0.300000E-03
 573   0.174428E-03   0.620431E-03   0.397608E-01   0.282209E-02   0.300000E-03
 574  -0.103763E-02  -0.449409E-03   0.414351E-01   0.324806E-02   0.500000E-03
 575  -0.158771E-02  -0.726812E-03   0.421426E-01   0.292453E-02   0.250000E-03
 576  -0.155360E-02  -0.203994E-03   0.444199E-01   0.385511E-02   0.300000E-03
 577   0.376157E-03   0.184267E-02   0.308366E-03   0.475379E-02   0.300000E-03
 578   0.977573E-03   0.168838E-02   0.261071E-02   0.444406E-02   0.350000E-03
 579  -0.320833E-03   0.155392E-02   0.476040E-02   0.446957E-02   0.350000E-03
 580  -0.109642E-03   0.125999E-02   0.540139E-02   0.469950E-02   0.250000E-03
 581  -0.426200E-03   0.543908E-03   0.707125E-02   0.422973E-02   0.150000E-03
 582  -0.447356E-03   0.766335E-03   0.788688E-02   0.486713E-02   0.200000E-03
 583   0.202597E-03   0.129625E-02   0.991932E-02   0.495814E-02   0.250000E-03
 584  -0.161159E-02   0.114100E-02   0.103128E-01   0.450749E-02   0.350000E-03
 585  -0.126869E-02   0.172387E-02   0.106544E-01   0.522898E-02   0.450000E-03
 586  -0.425197E-03   0.250674E-02   0.118030E-01   0.458297E-02   0.300000E-03
 587  -0.109895E-02   0.223402E-02   0.122702E-01   0.475927E-02   0.200000E-03
 588  -0.914351E-03   0.157524E-02   0.136334E-01   0.565506E-02   0.200000E-03
 589  -0.113809E-02   0.141075E-02   0.147760E-01   0.546724E-02   0.250000E-03
 590   0.258032E-03   0.282903E-02   0.154180E-01   0.615025E-02   0.200000E-03
 591   0.809504E-03   0.104813E-02   0.173059E-01   0.560595E-02   0.250000E-03
 592   0.321683E-03   0.221693E-02   0.180544E-01   0.618686E-02   0.300000E-03
 593   0.614783E-03   0.122626E-02   0.193452E-01   0.602007E-02   0.300000E-03
 594   0.389868E-03   0.218295E-02   0.204722E-01   0.621979E-02   0.350000E-03
 595   0.631134E-03   0.172620E-03   0.220772E-01   0.510400E-02   0.200000E-03
 596   0.859928E-03  -0.682001E-04   0.230689E-01   0.481868E-02   0.350000E-03
 597   0.443782E-03   0.527597E-03   0.242662E-01   0.462348E-02   0.400000E-03
 598   0.110275E-02   0.324959E-03   0.264768E-01   0.442750E-02   0.350000E-03
 599   0.129285E-02   0.691989E-04   0.270228E-01   0.399171E-02   0.350000E-03
 600   0.161667E-02   0.130479E-03   0.297839E-01   0.487529E-02   0.300000E-03
 601   0.936900E-03   0.123710E-03   0.304206E-01   0.499683E-02   0.350000E-03
 602   0.374933E-03   0.291566E-03   0.308884E-01   0.482392E-02   0.150000E-03
 603  -0.135468E-03  -0.594433E-03   0.330165E-01   0.450766E-02   0.350000E-03
 604   0.349768E-03  -0.100950E-02   0.334358E-01   0.395019E-02   0.350000E-03
 605  -0.125576E-02  -0.497006E-03   0.363842E-01   0.479482E-02   0.400000E-03
 606  -0.129034E-02   0.475308E-03   0.385089E-01   0.516515E-02   0.450000E-03
 607  -0.678278E-03   0.313966E-03   0.386008E-01   0.406527E-02   0.250000E-03
 608   0.157206E-02   0.324981E-03   0.396876E-01   0.349085E-02   0.300000E-03
 609   0.403850E-03   0.715722E-03   0.402760E-01   0.321599E-02   0.350000E-03
 610   0.260407E-03  -0.223839E-03   0.408893E-01   0.280926E-02   0.150000E-03
 611  -0.135921E-02  -0.365289E-03   0.428200E-01   0.363120E-02   0.450000E-03
 612  -0.145785E-02  -0.244914E-03   0.434497E-01   0.314555E-02   0.350000E-03
 613   0.410320E-01  -0.209157E+00   0.116194E-01   0.927605E-02   0.350000E-03
 614   0.691501E-03   0.173453E-02   0.312969E-02   0.461368E-02   0.200000E-03
 615   0.355443E-03   0.193037E-02   0.367338E-02   0.456286E-02   0.350000E-03
 616  -0.451508E-03   0.145827E-02   0.565288E-02   0.439266E-02   0.150000E-03
 617  -0.451801E-03   0.151858E-02   0.659806E-02   0.456830E-02   0.350000E-03
 618  -0.549346E-04   0.145522E-02   0.810283E-02   0.559174E-02   0.300000E-03
 619  -0.156900E-03   0.705579E-03   0.924343E-02   0.519774E-02   0.300000E-03
 620  -0.611528E-04   0.235518E-02   0.981752E-02   0.559753E-02   0.400000E-03
 621  -0.158177E-04   0.229611E-02   0.113331E-01   0.542059E-02   0.250000E-03
 622  -0.680609E-04   0.240751E-02   0.113756E-01   0.492762E-02   0.250000E-03
 623  -0.165713E-02   0.170238E-02   0.125966E-01   0.522349E-02   0.350000E-03
 624  -0.639737E-03   0.178261E-02   0.139489E-01   0.590040E-02   0.200000E-03
 625  -0.828611E-03   0.181954E-02   0.144838E-01   0.602714E-02   0.350000E-03
 626   0.736870E-03   0.129541E-02   0.165699E-01   0.552597E-02   0.150000E-03
 627   0.393541E-03   0.119545E-02   0.168699E-01   0.570135E-02   0.200000E-03
 628   0.112722E-02   0.231730E-02   0.174576E-01   0.612919E-02   0.300000E-03
 629   0.198063E-03   0.225290E-02   0.186411E-01   0.664415E-02   0.450000E-03
 630   0.503781E-03   0.155537E-02   0.216767E-01   0.617987E-02   0.300000E-03
 631   0.528185E-03   0.156606E-03   0.225822E-01   0.531586E-02   0.350000E-03
 632   0.100411E-02  -0.476379E-04   0.236874E-01   0.501193E-02   0.300000E-03
 633   0.678578E-03   0.635028E-03   0.244956E-01   0.522742E-02   0.250000E-03
 634   0.116969E-02   0.375336E-03   0.270099E-01   0.453909E-02   0.200000E-03
 635   0.108779E-02   0.369158E-03   0.276515E-01   0.448634E-02   0.450000E-03
 636   0.129785E-02   0.271900E-03   0.292451E-01   0.513507E-02   0.300000E-03
 637   0.903419E-03   0.141555E-03   0.302260E-01   0.561382E-02   0.300000E-03
 638   0.163658E-03  -0.708313E-04   0.321334E-01   0.473456E-02   0.350000E-03
 639  -0.320265E-03  -0.937729E-03   0.342735E-01   0.478010E-02   0.250000E-03
 640  -0.408926E-03  -0.700969E-03   0.344961E-01   0.428082E-02   0.300000E-03
 641  -0.537029E-03   0.332234E-03   0.368692E-01   0.529721E-02   0.300000E-03
 642  -0.969238E-03   0.818948E-03   0.372657E-01   0.491857E-02   0.250000E-03
 643  -0.883201E-03  -0.352598E-03   0.387888E-01   0.452598E-02   0.250000E-03
 644  -0.102372E-02  -0.202407E-03   0.392757E-01   0.409579E-02   0.400000E-03
 645  -0.127441E-02  -0.932940E-03   0.417366E-01   0.387930E-02   0.200000E-03
 646  -0.340380E-03  -0.501869E-03   0.407952E-01   0.337445E-02   0.150000E-03
 647  -0.150322E-02  -0.711534E-03   0.425800E-01   0.302780E-02   0.200000E-03
 648  -0.157793E-02  -0.206823E-03   0.448034E-01   0.353855E-02   0.200000E-03
 649   0.130592E-02   0.142789E-02   0.723839E-03   0.503146E-02   0.200000E-03
 650   0.943877E-03   0.200694E-02   0.264887E-02   0.513810E-02   0.350000E-03
 651   0.485474E-03   0.115217E-02   0.319746E-02   0.411433E-02   0.300000E-03
 652  -0.117476E-02   0.106172E-02   0.457087E-02   0.505675E-02   0.200000E-03
 653  -0.112388E-02   0.628658E-02   0.652887E-02   0.505970E-02   0.150000E-03
 654  -0.737040E-03   0.114154E-02   0.747066E-02   0.529814E-02   0.400000E-03
 655   0.705288E-03   0.172711E-02   0.873284E-02   0.574716E-02   0.350000E-03
 656   0.972876E-03   0.168566E-02   0.928903E-02   0.596943E-02   0.250000E-03
 657   0.665752E-03   0.287779E-02   0.103858E-01   0.600403E-02   0.300000E-03
 658  -0.512282E-03   0.181090E-02   0.118981E-01   0.522519E-02   0.350000E-03
 659  -0.676172E-03   0.238819E-02   0.130730E-01   0.558541E-02   0.250000E-03
 660  -0.103554E-02   0.212541E-02   0.135607E-01   0.635634E-02   0.400000E-03
 661  -0.107034E-02   0.164698E-02   0.149955E-01   0.642086E-02   0.300000E-03
 662  -0.152125E-03   0.172844E-02   0.163000E-01   0.651746E-02   0.300000E-03
 663  -0.453997E-03   0.222826E-02   0.165971E-01   0.605632E-02   0.250000E-03
 664   0.723958E-03   0.173818E-02   0.177100E-01   0.661404E-02   0.250000E-03
 665  -0.973341E-04   0.207069E-02   0.198441E-01   0.636497E-02   0.300000E-03
 666   0.980367E-03   0.164136E-02   0.210965E-01   0.641311E-02   0.300000E-03
 667  -0.157724E-03   0.114252E-02   0.221745E-01   0.581525E-02   0.300000E-03
 668   0.244892E-04   0.938331E-03   0.232682E-01   0.543767E-02   0.300000E-03
 669   0.718840E-03   0.248376E-03   0.247271E-01   0.481560E-02   0.100000E-03
 670   0.139151E-02  -0.142737E-03   0.262075E-01   0.490329E-02   0.200000E-03
 671   0.138880E-02   0.388923E-03   0.283679E-01   0.529979E-02   0.200000E-03
 672   0.107201E-02   0.286780E-03   0.279635E-01   0.511148E-02   0.250000E-03
 673   0.132094E-02   0.389749E-03   0.309415E-01   0.545865E-02   0.350000E-03
 674   0.157464E-02  -0.908871E-03   0.315324E-01   0.508959E-02   0.350000E-03
 675   0.485005E-03  -0.442880E-03   0.324785E-01   0.425072E-02   0.250000E-03
 676   0.312811E-04  -0.887968E-03   0.347723E-01   0.475622E-02   0.250000E-03
 677  -0.704805E-03  -0.104289E-02   0.369542E-01   0.599038E-02   0.400000E-03
 678  -0.987900E-03   0.227218E-03   0.374083E-01   0.539639E-02   0.250000E-03
 679  -0.176904E-02   0.322146E-03   0.391034E-01   0.542352E-02   0.200000E-03
 680  -0.485145E-04   0.191148E-03   0.392606E-01   0.489649E-02   0.350000E-03
 681  -0.121615E-02  -0.270696E-03   0.411078E-01   0.391724E-02   0.250000E-03
 682  -0.180003E-02  -0.584542E-03   0.421591E-01   0.342230E-02   0.250000E-03
 683  -0.165341E-02  -0.122968E-03   0.440366E-01   0.455394E-02   0.500000E-03
 684  -0.162399E-02  -0.245881E-03   0.440497E-01   0.338594E-02   0.300000E-03
 685   0.610851E-02   0.566344E-01   0.746070E-03   0.795666E-02   0.350000E-03
 686   0.622383E-03   0.237101E-02   0.331065E-02   0.573445E-02   0.350000E-03
 687   0.589930E-03   0.202282E-02   0.329373E-02   0.508557E-02   0.300000E-03
 688   0.135322E-03   0.982619E-03   0.501591E-02   0.501218E-02   0.250000E-03
 689   0.142045E-02   0.308525E-02   0.703458E-02   0.489034E-02   0.200000E-03
 690  -0.582948E-03   0.206934E-02   0.757918E-02   0.603589E-02   0.350000E-03
 691  -0.519585E-03   0.171577E-02   0.872408E-02   0.657088E-02   0.350000E-03
 692  -0.365618E-04   0.163388E-02   0.983439E-02   0.629627E-02   0.300000E-03
 693   0.165150E-03   0.173618E-02   0.103189E-01   0.655039E-02   0.250000E-03
 694  -0.604505E-03   0.304255E-02   0.110313E-01   0.593348E-02   0.350000E-03
 695  -0.616355E-03   0.225501E-02   0.128431E-01   0.613891E-02   0.350000E-03
 696  -0.135955E-02   0.227963E-02   0.145655E-01   0.733651E-02   0.250000E-03
 697  -0.881534E-03   0.211502E-02   0.142775E-01   0.674483E-02   0.400000E-03
 698  -0.102144E-02   0.183165E-02   0.156293E-01   0.670993E-02   0.400000E-03
 699   0.118732E-02   0.217278E-02   0.170160E-01   0.673252E-02   0.450000E-03
 700   0.796596E-03   0.187135E-02   0.180208E-01   0.706361E-02   0.300000E-03
 701  -0.482422E-04   0.216055E-02   0.193824E-01   0.674011E-02   0.300000E-03
 702   0.548859E-03   0.113669E-02   0.202539E-01   0.693286E-02   0.400000E-03
 703   0.763782E-03   0.387897E-03   0.228644E-01   0.600792E-02   0.400000E-03
 704   0.107851E-02   0.248735E-03   0.239978E-01   0.563641E-02   0.400000E-03
 705   0.971193E-03   0.504304E-03   0.249680E-01   0.506908E-02   0.250000E-03
 706   0.101048E-02   0.719845E-06   0.257982E-01   0.508789E-02   0.250000E-03
 707   0.120425E-02   0.399649E-03   0.268207E-01   0.510543E-02   0.400000E-03
 708   0.144383E-02   0.346737E-03   0.297136E-01   0.541964E-02   0.250000E-03
 709   0.370196E-03  -0.138015E-02   0.320481E-01   0.527637E-02   0.200000E-03
 710  -0.293784E-03  -0.304732E-03   0.326718E-01   0.499726E-02   0.250000E-03
 711   0.573325E-03  -0.610734E-03   0.337078E-01   0.459154E-02   0.350000E-03
 712   0.232146E-03  -0.291575E-03   0.350910E-01   0.520435E-02   0.300000E-03
 713  -0.818531E-03  -0.252586E-03   0.381475E-01   0.636585E-02   0.350000E-03
 714  -0.106170E-02   0.180277E-03   0.379209E-01   0.570433E-02   0.350000E-03
 715  -0.111166E-02   0.626581E-03   0.388336E-01   0.566344E-02   0.150000E-03
 716  -0.349869E-03   0.449453E-03   0.397434E-01   0.454590E-02   0.250000E-03
 717   0.149889E-02  -0.212676E-02   0.400947E-01   0.368169E-02   0.150000E-03
 718  -0.177850E-02  -0.172208E-03   0.421845E-01   0.392071E-02   0.250000E-03
 719  -0.882192E-03   0.428886E-03   0.448016E-01   0.548241E-02   0.200000E-03
 720  -0.486654E-03  -0.191037E-03   0.434036E-01   0.733516E-02   0.350000E-03
 721   0.964069E-03   0.170493E-02   0.215229E-02   0.414724E-02   0.200000E-03
 722   0.110499E-02   0.193683E-02   0.200988E-02   0.523923E-02   0.300000E-03
 723  -0.455824E-03   0.156316E-02   0.423835E-02   0.475645E-02   0.250000E-03
 724   0.624761E-05   0.134292E-02   0.598171E-02   0.499072E-02   0.400000E-03
 725  -0.272117E-02   0.448423E-02   0.690542E-02   0.521571E-02   0.150000E-03
 726  -0.100316E-02   0.194233E-02   0.651634E-02   0.560704E-02   0.400000E-03
 727   0.219802E-03   0.220225E-02   0.821077E-02   0.618067E-02   0.300000E-03
 728   0.954758E-03   0.141878E-02   0.931275E-02   0.646552E-02   0.250000E-03
 729   0.242775E-02   0.305744E-02   0.967614E-02   0.687718E-02   0.300000E-03
 730  -0.144475E-02   0.126161E-02   0.123169E-01   0.574932E-02   0.250000E-03
 731  -0.161245E-02   0.154949E-02   0.121454E-01   0.632035E-02   0.350000E-03
 732  -0.101877E-02   0.211337E-02   0.130350E-01   0.673747E-02   0.250000E-03
 733  -0.119808E-02   0.200650E-02   0.148908E-01   0.695913E-02   0.250000E-03
 734  -0.263125E-03   0.181438E-02   0.161567E-01   0.699627E-02   0.200000E-03
 735   0.913828E-03   0.180084E-02   0.174640E-01   0.739284E-02   0.350000E-03
 736  -0.361035E-04   0.153856E-02   0.189659E-01   0.742791E-02   0.400000E-03
 737  -0.304314E-03   0.160947E-02   0.196463E-01   0.727750E-02   0.300000E-03
 738   0.746583E-03   0.110142E-02   0.213182E-01   0.707666E-02   0.400000E-03
 739  -0.125850E-03   0.112241E-02   0.222670E-01   0.645662E-02   0.350000E-03
 740   0.924300E-03   0.472499E-03   0.235734E-01   0.625136E-02   0.350000E-03
 741   0.660095E-03   0.630336E-03   0.246780E-01   0.568786E-02   0.250000E-03
 742   0.140492E-02   0.304428E-03   0.262224E-01   0.535142E-02   0.250000E-03
 743   0.113224E-02   0.323195E-03   0.274668E-01   0.515956E-02   0.250000E-03
 744   0.231289E-02   0.114650E-03   0.287523E-01   0.520018E-02   0.200000E-03
 745   0.148842E-02  -0.116663E-02   0.315538E-01   0.568505E-02   0.250000E-03
 746  -0.363663E-03  -0.657206E-03   0.327880E-01   0.558467E-02   0.350000E-03
 747  -0.203426E-03  -0.819027E-03   0.332394E-01   0.511753E-02   0.300000E-03
 748   0.210543E-03  -0.254270E-03   0.356391E-01   0.485899E-02   0.350000E-03
 749  -0.120575E-02   0.533004E-03   0.363030E-01   0.548846E-02   0.300000E-03
 750  -0.603730E-03   0.307301E-03   0.384953E-01   0.587504E-02   0.250000E-03
 751  -0.155275E-02   0.256121E-03   0.391678E-01   0.595744E-02   0.300000E-03
 752  -0.745852E-03   0.753965E-03   0.401987E-01   0.424452E-02   0.300000E-03
 753  -0.263256E-03   0.625015E-04   0.407563E-01   0.307746E-02   0.150000E-03
 754  -0.713413E-03  -0.124001E-02   0.419013E-01   0.420121E-02   0.150000E-03
 755  -0.143292E-02  -0.121748E-03   0.425433E-01   0.416162E-02   0.150000E-03
 756  -0.190185E-02   0.351145E-03   0.431148E-01   0.675287E-02   0.300000E-03
 757   0.126863E-02   0.249615E-02   0.185261E-02   0.460920E-02   0.350000E-03
 758  -0.837361E-04   0.228591E-02   0.400499E-02   0.581530E-02   0.350000E-03
 759  -0.151792E-03   0.190848E-02   0.388498E-02   0.517717E-02   0.300000E-03
 760   0.336840E-03   0.266906E-02   0.471958E-02   0.570661E-02   0.300000E-03
 761   0.704515E-03   0.189860E-02   0.539837E-02   0.553507E-02   0.400000E-03
 762   0.539542E-03   0.168205E-02   0.592448E-02   0.606581E-02   0.350000E-03
 763  -0.937752E-03   0.218513E-02   0.688450E-02   0.631591E-02   0.400000E-03
 764   0.310362E-02   0.164208E-02   0.814506E-02   0.686859E-02   0.300000E-03
 765  -0.492345E-03   0.319928E-02   0.114592E-01   0.648373E-02   0.350000E-03
 766  -0.442439E-03   0.179283E-02   0.116884E-01   0.584006E-02   0.300000E-03
 767  -0.600470E-03   0.223024E-02   0.125985E-01   0.663052E-02   0.200000E-03
 768  -0.101342E-02   0.222466E-02   0.136383E-01   0.700012E-02   0.250000E-03
 769  -0.719928E-03   0.287808E-02   0.151896E-01   0.747752E-02   0.350000E-03
 770  -0.751091E-03   0.286691E-02   0.157721E-01   0.734170E-02   0.250000E-03
 771  -0.473064E-03   0.260437E-02   0.164844E-01   0.687185E-02   0.100000E-03
 772   0.521895E-03   0.151035E-02   0.183238E-01   0.751912E-02   0.250000E-03
 773   0.318757E-03   0.270020E-02   0.199896E-01   0.788538E-02   0.400000E-03
 774   0.605519E-03   0.121507E-02   0.207145E-01   0.752002E-02   0.350000E-03
 775   0.894547E-03   0.733697E-03   0.230982E-01   0.661335E-02   0.250000E-03
 776   0.679006E-03   0.762892E-03   0.246999E-01   0.613376E-02   0.200000E-03
 777   0.154441E-02   0.220638E-03   0.253871E-01   0.490901E-02   0.200000E-03
 778   0.917591E-03   0.471246E-03   0.258134E-01   0.553564E-02   0.200000E-03
 779   0.113422E-02   0.145650E-03   0.274955E-01   0.570643E-02   0.300000E-03
 780   0.125981E-02   0.457313E-03   0.292387E-01   0.578371E-02   0.350000E-03
 781   0.116506E-02   0.632604E-03   0.306280E-01   0.590845E-02   0.200000E-03
 782   0.332413E-03  -0.142789E-02   0.320954E-01   0.577259E-02   0.300000E-03
 783   0.599027E-03  -0.659714E-03   0.338703E-01   0.527108E-02   0.350000E-03
 784  -0.155056E-03  -0.549492E-03   0.344150E-01   0.520279E-02   0.200000E-03
 785   0.201114E-03   0.377719E-03   0.356581E-01   0.555702E-02   0.350000E-03
 786  -0.370430E-03  -0.784484E-03   0.375720E-01   0.619189E-02   0.250000E-03
 787  -0.594045E-03   0.601413E-03   0.397272E-01   0.616935E-02   0.300000E-03
 788  -0.162440E-02   0.351606E-03   0.396439E-01   0.551702E-02   0.350000E-03
 789  -0.896541E-04  -0.546422E-04   0.405783E-01   0.378272E-02   0.300000E-03
 790  -0.174706E-02  -0.923844E-03   0.414699E-01   0.431743E-02   0.300000E-03
 791  -0.164708E-02  -0.350444E-03   0.431342E-01   0.436677E-02   0.350000E-03
 792  -0.138938E-02  -0.471212E-03   0.438972E-01   0.518858E-02   0.150000E-03
 793   0.830577E-03   0.243376E-02   0.282952E-02   0.560297E-02   0.150000E-03
 794   0.140531E-02   0.277487E-02   0.239652E-02   0.556766E-02   0.150000E-03
 795  -0.117302E-02   0.139476E-02   0.434052E-02   0.538135E-02   0.200000E-03
 796   0.803742E-03   0.150362E-02   0.264061E-02   0.660668E-02   0.300000E-03
 797   0.473672E-03   0.294161E-02   0.449626E-02   0.638097E-02   0.400000E-03
 798   0.516570E-03   0.265367E-02   0.517060E-02   0.619610E-02   0.300000E-03
 799  -0.473101E-03   0.185771E-02   0.750900E-02   0.673028E-02   0.350000E-03
 800  -0.245529E-03   0.377827E-02   0.880113E-02   0.716496E-02   0.250000E-03
 801   0.317217E-03  -0.214248E-03   0.107244E-01   0.684217E-02   0.250000E-03
 802   0.332902E-02   0.942777E-03   0.111907E-01   0.702104E-02   0.250000E-03
 803  -0.177519E-02   0.211012E-02   0.119128E-01   0.687182E-02   0.250000E-03
 804  -0.101478E-02   0.223664E-02   0.131610E-01   0.727274E-02   0.300000E-03
 805  -0.915925E-03   0.227672E-02   0.140202E-01   0.739432E-02   0.300000E-03
 806  -0.442974E-03   0.140033E-02   0.156825E-01   0.778205E-02   0.200000E-03
 807   0.618747E-03   0.245034E-02   0.178670E-01   0.783574E-02   0.250000E-03
 808  -0.129988E-04   0.231632E-02   0.189817E-01   0.827623E-02   0.450000E-03
 809   0.219738E-03   0.102786E-02   0.213019E-01   0.779441E-02   0.300000E-03
 810  -0.109075E-03   0.112820E-02   0.220167E-01   0.705425E-02   0.300000E-03
 811   0.902494E-03   0.690659E-03   0.235816E-01   0.689790E-02   0.300000E-03
 812   0.120923E-02   0.591766E-03   0.242282E-01   0.629677E-02   0.300000E-03
 813   0.966185E-03   0.501387E-03   0.252680E-01   0.558832E-02   0.350000E-03
 814   0.112305E-02   0.142428E-03   0.269965E-01   0.567884E-02   0.200000E-03
 815   0.139998E-02   0.429406E-03   0.284965E-01   0.588351E-02   0.400000E-03
 816   0.805093E-03  -0.723856E-03   0.311899E-01   0.594873E-02   0.200000E-03
 817   0.898582E-03   0.228664E-03   0.301769E-01   0.621067E-02   0.300000E-03
 818   0.915987E-04  -0.165661E-02   0.325324E-01   0.618088E-02   0.300000E-03
 819   0.122997E-02  -0.131550E-02   0.334192E-01   0.573738E-02   0.300000E-03
 820   0.116731E-03  -0.188373E-03   0.346713E-01   0.562756E-02   0.300000E-03
 821  -0.100183E-02  -0.342069E-03   0.361633E-01   0.606972E-02   0.300000E-03
 822  -0.703761E-03  -0.438930E-03   0.378090E-01   0.692016E-02   0.300000E-03
 823  -0.917391E-03  -0.226961E-03   0.387445E-01   0.630722E-02   0.250000E-03
 824  -0.107673E-02   0.425102E-03   0.408230E-01   0.558395E-02   0.350000E-03
 825  -0.965935E-03  -0.201635E-03   0.402627E-01   0.501362E-02   0.450000E-03
 826  -0.108376E-02  -0.152895E-03   0.408187E-01   0.444113E-02   0.350000E-03
 827  -0.176120E-02   0.110389E-03   0.422382E-01   0.441732E-02   0.250000E-03
 828  -0.204240E-01  -0.222825E-01   0.403904E-01   0.723452E-02   0.350000E-03
 829   0.480164E-03   0.311298E-02   0.262486E-02   0.600331E-02   0.300000E-03
 830   0.366913E-03   0.305904E-02   0.296840E-03   0.535183E-02   0.300000E-03
 831   0.367295E-03   0.273368E-02   0.300058E-03   0.585014E-02   0.200000E-03
 832   0.319422E-03   0.314582E-02   0.309114E-02   0.629201E-02   0.250000E-03
 833  -0.751724E-03   0.472904E-02   0.330509E-02   0.679727E-02   0.300000E-03
 834   0.465699E-03   0.295229E-02   0.506650E-02   0.678660E-02   0.300000E-03
 835   0.667020E-03   0.148045E-02   0.575649E-02   0.695382E-02   0.300000E-03
 836  -0.294670E-02  -0.449503E-02   0.760397E-02   0.742284E-02   0.350000E-03
 837   0.245703E-03   0.172003E-02   0.107402E-01   0.639521E-02   0.200000E-03
 838  -0.179691E-02   0.210004E-02   0.116851E-01   0.742526E-02   0.350000E-03
 839  -0.552919E-03   0.280717E-02   0.124640E-01   0.721467E-02   0.400000E-03
 840  -0.100811E-02   0.139325E-02   0.140867E-01   0.798985E-02   0.300000E-03
 841  -0.120132E-02   0.306397E-02   0.146755E-01   0.787436E-02   0.300000E-03
 842  -0.476031E-03   0.268321E-02   0.169203E-01   0.774329E-02   0.300000E-03
 843   0.556633E-03   0.244723E-02   0.183321E-01   0.801695E-02   0.250000E-03
 844   0.439383E-03   0.244463E-02   0.196911E-01   0.851768E-02   0.300000E-03
 845   0.508960E-03   0.235063E-02   0.206619E-01   0.821660E-02   0.350000E-03
 846  -0.234424E-03   0.125335E-02   0.217966E-01   0.755707E-02   0.250000E-03
 847   0.927567E-03   0.570079E-03   0.230414E-01   0.715920E-02   0.300000E-03
 848   0.125818E-02   0.381752E-03   0.242747E-01   0.699438E-02   0.400000E-03
 849   0.962419E-03   0.405385E-03   0.252223E-01   0.630281E-02   0.350000E-03
 850   0.122658E-02   0.152165E-03   0.265627E-01   0.564323E-02   0.200000E-03
 851   0.104139E-02   0.435183E-03   0.264064E-01   0.611428E-02   0.300000E-03
 852   0.131805E-02  -0.112631E-03   0.298189E-01   0.580490E-02   0.150000E-03
 853   0.152244E-02  -0.764945E-03   0.316306E-01   0.627725E-02   0.350000E-03
 854   0.153656E-03  -0.113863E-02   0.327165E-01   0.680047E-02   0.350000E-03
 855  -0.131157E-02  -0.987918E-03   0.331269E-01   0.626091E-02   0.300000E-03
 856   0.616760E-03  -0.637695E-03   0.340790E-01   0.599035E-02   0.400000E-03
 857   0.452347E-03   0.132314E-03   0.351628E-01   0.604928E-02   0.350000E-03
 858  -0.112646E-02  -0.529511E-03   0.365289E-01   0.654408E-02   0.300000E-03
 859  -0.592938E-03  -0.274101E-02   0.392822E-01   0.649427E-02   0.250000E-03
 860  -0.128931E-02   0.518689E-03   0.402180E-01   0.581894E-02   0.300000E-03
 861  -0.175050E-02   0.392762E-03   0.415215E-01   0.559384E-02   0.350000E-03
 862  -0.977676E-03   0.536755E-04   0.410024E-01   0.501163E-02   0.250000E-03
 863  -0.150997E-02  -0.306481E-03   0.432986E-01   0.514932E-02   0.450000E-03
 864  -0.695915E-03   0.507584E-04   0.445520E-01   0.608150E-02   0.450000E-03
 865   0.132285E-02   0.179165E-02   0.136334E-02   0.520264E-02   0.350000E-03
 866   0.122930E-02   0.162896E-02   0.170352E-02   0.563248E-02   0.200000E-03
 867   0.519576E-02   0.145299E-02   0.201746E-02   0.642760E-02   0.350000E-03
 868  -0.514724E-03   0.331876E-02   0.377230E-02   0.642182E-02   0.300000E-03
 869  -0.892648E-03   0.396519E-02   0.340216E-02   0.733771E-02   0.250000E-03
 870   0.542821E-03   0.156030E-02   0.625689E-02   0.662315E-02   0.300000E-03
 871  -0.146126E-02   0.233864E-02   0.692456E-02   0.701367E-02   0.300000E-03
 872   0.384391E-03   0.331222E-02   0.917051E-02   0.689029E-02   0.200000E-03
 873  -0.120640E-02   0.164141E-02   0.102353E-01   0.709298E-02   0.300000E-03
 874   0.209897E-02   0.210821E-02   0.116207E-01   0.808058E-02   0.300000E-03
 875  -0.638895E-03   0.302780E-02   0.121748E-01   0.785140E-02   0.300000E-03
 876  -0.974622E-03   0.228870E-02   0.135342E-01   0.774136E-02   0.300000E-03
 877  -0.118337E-02   0.172625E-02   0.146653E-01   0.847349E-02   0.300000E-03
 878  -0.119194E-02   0.257812E-02   0.162771E-01   0.766133E-02   0.350000E-03
 879   0.459571E-03   0.251533E-02   0.173994E-01   0.801179E-02   0.250000E-03
 880   0.623628E-03   0.278108E-02   0.176797E-01   0.848443E-02   0.300000E-03
 881   0.712132E-03   0.151673E-02   0.217168E-01   0.822743E-02   0.300000E-03
 882  -0.506659E-03   0.933648E-03   0.225096E-01   0.729643E-02   0.250000E-03
 883  -0.257234E-03   0.977487E-03   0.227070E-01   0.669222E-02   0.150000E-03
 884   0.127343E-02   0.169714E-02   0.237429E-01   0.752521E-02   0.350000E-03
 885   0.817608E-03   0.611465E-03   0.256581E-01   0.740741E-02   0.400000E-03
 886   0.946001E-03   0.426620E-03   0.258126E-01   0.603326E-02   0.300000E-03
 887   0.135290E-02   0.504807E-03   0.281890E-01   0.656439E-02   0.350000E-03
 888   0.113220E-02   0.870643E-04   0.295014E-01   0.653609E-02   0.450000E-03
 889   0.701069E-03  -0.539804E-03   0.308658E-01   0.651174E-02   0.450000E-03
 890   0.133823E-03  -0.165811E-02   0.321503E-01   0.657577E-02   0.250000E-03
 891   0.679825E-03  -0.809518E-03   0.336713E-01   0.661631E-02   0.350000E-03
 892   0.163822E-02   0.450923E-03   0.346258E-01   0.657252E-02   0.400000E-03
 893  -0.564880E-03  -0.620305E-03   0.356861E-01   0.643126E-02   0.300000E-03
 894  -0.140695E-02  -0.813952E-03   0.385818E-01   0.677934E-02   0.250000E-03
 895  -0.135394E-02  -0.789971E-03   0.390827E-01   0.700616E-02   0.300000E-03
 896  -0.192467E-02  -0.972379E-03   0.419382E-01   0.697155E-02   0.300000E-03
 897   0.179725E-02   0.115730E-02   0.424811E-01   0.661470E-02   0.350000E-03
 898  -0.159256E-02  -0.119118E-03   0.426428E-01   0.461256E-02   0.200000E-03
 899  -0.114270E-02  -0.387164E-03   0.425035E-01   0.521197E-02   0.350000E-03
 900  -0.161376E-02  -0.412646E-03   0.438287E-01   0.574377E-02   0.350000E-03
 901   0.141077E-02   0.154583E-02   0.128770E-02   0.579486E-02   0.250000E-03
 902   0.605699E-02  -0.614269E-02   0.309921E-02   0.776162E-02   0.250000E-03
 903   0.910690E-03   0.324448E-02   0.210237E-02   0.583440E-02   0.250000E-03
 904  -0.142670E-02   0.425780E-02   0.281095E-02   0.723509E-02   0.350000E-03
 905  -0.788655E-03   0.508881E-02   0.406473E-02   0.711222E-02   0.450000E-03
 906  -0.289242E-02   0.196776E-02   0.588068E-02   0.748946E-02   0.250000E-03
 907   0.137034E-02   0.325369E-02   0.557447E-02   0.648907E-02   0.200000E-03
 908  -0.161912E-02   0.144225E-02   0.883218E-02   0.771370E-02   0.300000E-03
 909  -0.483765E-03   0.698081E-03   0.932092E-02   0.736450E-02   0.300000E-03
 910   0.326766E-02   0.352050E-02   0.100391E-01   0.814241E-02   0.300000E-03
 911   0.297132E-03   0.763321E-03   0.111827E-01   0.775010E-02   0.250000E-03
 912  -0.101442E-02   0.197987E-02   0.152478E-01   0.876717E-02   0.250000E-03
 913  -0.938839E-03   0.142974E-02   0.152918E-01   0.816919E-02   0.350000E-03
 914  -0.883192E-03   0.144608E-02   0.160487E-01   0.842770E-02   0.450000E-03
 915  -0.453679E-03   0.144389E-02   0.169089E-01   0.844279E-02   0.400000E-03
 916   0.456375E-03   0.245446E-02   0.202550E-01   0.872105E-02   0.300000E-03
 917   0.124053E-03   0.281847E-02   0.198511E-01   0.916435E-02   0.300000E-03
 918   0.632392E-03   0.161500E-02   0.222827E-01   0.790799E-02   0.350000E-03
 919   0.827339E-03   0.158930E-02   0.229744E-01   0.780493E-02   0.350000E-03
 920   0.678905E-03   0.136016E-02   0.246889E-01   0.648182E-02   0.150000E-03
 921   0.110347E-03   0.174684E-02   0.231366E-01   0.854541E-02   0.350000E-03
 922   0.917678E-03   0.238946E-03   0.258446E-01   0.668143E-02   0.350000E-03
 923   0.113237E-02   0.440756E-03   0.275227E-01   0.635400E-02   0.350000E-03
 924   0.100514E-02   0.197256E-03   0.287921E-01   0.708915E-02   0.450000E-03
 925   0.702517E-03  -0.445264E-03   0.310441E-01   0.729066E-02   0.350000E-03
 926   0.148576E-02  -0.995649E-03   0.315800E-01   0.692370E-02   0.300000E-03
 927   0.702506E-03  -0.791421E-03   0.335862E-01   0.715888E-02   0.200000E-03
 928   0.818956E-04  -0.181630E-02   0.341215E-01   0.648834E-02   0.100000E-03
 929  -0.716955E-03  -0.901979E-03   0.371979E-01   0.669911E-02   0.350000E-03
 930  -0.170609E-02   0.512183E-03   0.412223E-01   0.666316E-02   0.300000E-03
 931  -0.193061E-02   0.693898E-03   0.411898E-01   0.608997E-02   0.250000E-03
 932   0.130418E-02   0.486104E-03   0.398177E-01   0.671170E-02   0.250000E-03
 933  -0.165008E-02   0.537469E-03   0.418098E-01   0.628372E-02   0.400000E-03
 934  -0.192544E-02  -0.351342E-03   0.412795E-01   0.472397E-02   0.150000E-03
 935  -0.143773E-02  -0.431605E-03   0.418195E-01   0.491321E-02   0.400000E-03
 936  -0.186339E-02   0.250667E-03   0.433842E-01   0.621784E-02   0.300000E-03
 937   0.361913E-01  -0.155084E-01   0.102446E-02   0.731616E-02   0.350000E-03
 938   0.356487E-02  -0.110270E-02   0.295878E-03   0.635527E-02   0.300000E-03
 939   0.774728E-03   0.650031E-02   0.373025E-02   0.783933E-02   0.350000E-03
 940  -0.862552E-03   0.191620E-02   0.787965E-03   0.601990E-02   0.300000E-03
 941   0.405372E-01  -0.175370E-01   0.164633E-02   0.701689E-02   0.350000E-03
 942   0.124820E-02   0.296931E-02   0.459837E-02   0.790173E-02   0.500000E-03
 943   0.968901E-03   0.118313E-02   0.528379E-02   0.739922E-02   0.350000E-03
 944   0.398979E-03   0.674183E-03   0.635844E-02   0.721334E-02   0.300000E-03
 945   0.455796E-03   0.134060E-02   0.107710E-01   0.738733E-02   0.300000E-03
 946   0.289348E-02   0.280359E-02   0.978423E-02   0.765538E-02   0.250000E-03
 947  -0.165785E-02   0.268001E-02   0.128797E-01   0.810580E-02   0.450000E-03
 948  -0.132727E-02   0.217684E-02   0.124813E-01   0.868072E-02   0.250000E-03
 949  -0.112839E-02   0.189434E-02   0.156941E-01   0.908813E-02   0.300000E-03
 950  -0.118509E-02   0.212799E-02   0.139465E-01   0.867519E-02   0.400000E-03
 951  -0.653559E-03   0.173491E-02   0.165107E-01   0.901809E-02   0.300000E-03
 952  -0.361024E-03   0.274059E-02   0.182292E-01   0.850461E-02   0.250000E-03
 953   0.406704E-03   0.190536E-02   0.208136E-01   0.879662E-02   0.250000E-03
 954   0.782086E-03   0.157507E-02   0.223142E-01   0.875902E-02   0.500000E-03
 955   0.122742E-02   0.179497E-02   0.235094E-01   0.807607E-02   0.250000E-03
 956   0.680881E-03   0.105549E-02   0.250078E-01   0.730393E-02   0.250000E-03
 957   0.112038E-02   0.598260E-03   0.267763E-01   0.769513E-02   0.350000E-03
 958   0.111563E-02   0.396826E-03   0.264023E-01   0.710367E-02   0.350000E-03
 959   0.106152E-02   0.470854E-03   0.268597E-01   0.657506E-02   0.350000E-03
 960   0.910183E-03  -0.939382E-04   0.302115E-01   0.675883E-02   0.250000E-03
 961   0.383478E-03  -0.533580E-03   0.320435E-01   0.796073E-02   0.400000E-03
 962   0.813346E-03  -0.642915E-03   0.316144E-01   0.747237E-02   0.250000E-03
 963   0.800547E-03  -0.936574E-03   0.332426E-01   0.695473E-02   0.200000E-03
 964  -0.641907E-03  -0.540022E-03   0.352650E-01   0.685708E-02   0.300000E-03
 965  -0.946007E-03  -0.781028E-03   0.360614E-01   0.683236E-02   0.250000E-03
 966  -0.117941E-02  -0.976585E-03   0.366075E-01   0.723866E-02   0.400000E-03
 967  -0.151436E-02   0.479750E-03   0.406517E-01   0.635211E-02   0.350000E-03
 968  -0.127756E-02   0.482491E-03   0.401628E-01   0.626542E-02   0.150000E-03
 969  -0.499757E-03   0.138193E-02   0.447504E-01   0.720996E-02   0.250000E-03
 970  -0.101679E-02   0.970281E-03   0.442837E-01   0.683381E-02   0.350000E-03
 971  -0.771002E-03   0.920925E-03   0.427540E-01   0.591578E-02   0.400000E-03
 972  -0.104855E-02   0.394873E-03   0.436630E-01   0.679409E-02   0.250000E-03
 973  -0.725417E-03   0.281514E-02   0.831297E-03   0.547186E-02   0.250000E-03
 974  -0.370144E-03   0.428686E-02   0.401245E-02   0.836980E-02   0.250000E-03
 975   0.151107E-02   0.123210E-02   0.132059E-02   0.639222E-02   0.350000E-03
 976   0.386095E-02  -0.202756E-01   0.764771E-03   0.672410E-02   0.300000E-03
 977  -0.396645E-02  -0.371363E-02   0.737724E-02   0.797542E-02   0.250000E-03
 978  -0.155593E-02   0.103643E-02   0.696676E-02   0.761138E-02   0.300000E-03
 979   0.406586E-03   0.678411E-03   0.643389E-02   0.775714E-02   0.250000E-03
 980  -0.220484E-03   0.405824E-02   0.816380E-02   0.792132E-02   0.400000E-03
 981  -0.110824E-02   0.286773E-02   0.102833E-01   0.763960E-02   0.250000E-03
 982   0.523915E-03   0.410035E-02   0.930562E-02   0.829495E-02   0.450000E-03
 983  -0.438814E-03   0.198352E-02   0.120735E-01   0.839164E-02   0.250000E-03
 984  -0.479406E-02   0.421276E-02   0.106861E-01   0.808594E-02   0.350000E-03
 985  -0.977451E-03   0.239491E-02   0.135163E-01   0.824007E-02   0.200000E-03
 986  -0.150976E-03   0.315685E-02   0.188671E-01   0.956701E-02   0.300000E-03
 987  -0.321458E-03   0.279078E-02   0.185975E-01   0.897673E-02   0.350000E-03
 988   0.113295E-03   0.281008E-02   0.192869E-01   0.896042E-02   0.300000E-03
 989   0.472947E-04   0.289130E-02   0.194124E-01   0.949513E-02   0.250000E-03
 990   0.874030E-03   0.145075E-02   0.212144E-01   0.844907E-02   0.250000E-03
 991   0.681859E-03   0.126265E-02   0.240792E-01   0.826366E-02   0.350000E-03
 992   0.123946E-02   0.172803E-03   0.243750E-01   0.768578E-02   0.300000E-03
 993   0.637295E-03   0.871209E-03   0.249104E-01   0.681406E-02   0.250000E-03
 994   0.109712E-02   0.653490E-03   0.270266E-01   0.715033E-02   0.250000E-03
 995   0.117151E-02   0.649348E-03   0.276749E-01   0.710928E-02   0.400000E-03
 996   0.974694E-03  -0.443365E-03   0.303947E-01   0.729687E-02   0.300000E-03
 997   0.984950E-03  -0.190678E-03   0.298729E-01   0.712641E-02   0.250000E-03
 998   0.539136E-03  -0.147805E-02   0.321579E-01   0.722007E-02   0.350000E-03
 999  -0.392342E-02  -0.300690E-02   0.330309E-01   0.735038E-02   0.250000E-03
1000   0.171854E-02   0.362805E-03   0.341357E-01   0.713902E-02   0.350000E-03
