   1  -0.524629E-03   0.467413E-04   0.112789E-01   0.846728E-02   0.350000E-03
   2   0.873869E-03  -0.136362E-02   0.149291E-03   0.149825E-03   0.150000E-03
   3   0.185725E-02  -0.565984E-02   0.458705E-02   0.447834E-03   0.450000E-03
   4  -0.154509E-02   0.678545E-03   0.574741E-02   0.537033E-03   0.200000E-03
   5  -0.152559E-02  -0.223026E-04   0.575792E-02   0.999887E-04   0.100000E-03
   6  -0.107850E-03  -0.365337E-03   0.751010E-02   0.249101E-03   0.250000E-03
   7  -0.121941E-02   0.119278E-02   0.814159E-02   0.398528E-03   0.400000E-03
   8  -0.306888E-03  -0.115787E-02   0.888846E-02   0.348931E-03   0.350000E-03
   9  -0.490995E-03  -0.435309E-03   0.933622E-02   0.563429E-03   0.150000E-03
  10  -0.581673E-03   0.346909E-03   0.118135E-01   0.293186E-03   0.300000E-03
  11  -0.748268E-03  -0.127015E-02   0.130561E-01   0.348817E-03   0.350000E-03
  12  -0.698020E-03   0.199773E-03   0.147895E-01   0.194685E-03   0.200000E-03
  13  -0.314857E-03  -0.800148E-03   0.169357E-01   0.345571E-03   0.350000E-03
  14  -0.387528E-03  -0.732185E-03   0.176343E-01   0.348365E-03   0.350000E-03
  15  -0.107092E-02  -0.397204E-03   0.188513E-01   0.403772E-03   0.400000E-03
  16   0.793725E-03   0.432007E-03   0.195958E-01   0.345385E-03   0.350000E-03
  17   0.308000E-03  -0.791163E-03   0.205100E-01   0.338642E-03   0.350000E-03
  18  -0.902726E-03  -0.257994E-03   0.219650E-01   0.349018E-03   0.350000E-03
  19   0.762679E-03  -0.806225E-03   0.225546E-01   0.242943E-03   0.250000E-03
  20  -0.105793E-02  -0.107485E-02   0.230542E-01   0.247375E-03   0.250000E-03
  21   0.519347E-03   0.847187E-03   0.244881E-01   0.249701E-03   0.250000E-03
  22  -0.116424E-03  -0.808800E-04   0.257273E-01   0.199909E-03   0.200000E-03
  23   0.960050E-03   0.392902E-03   0.267561E-01   0.988512E-04   0.100000E-03
  24  -0.387080E-03  -0.618734E-03   0.282189E-01   0.397330E-03   0.400000E-03
  25   0.812744E-03  -0.426574E-03   0.297897E-01   0.408469E-03   0.400000E-03
  26  -0.131007E-02  -0.152647E-02   0.305310E-01   0.333307E-03   0.350000E-03
  27  -0.965421E-03   0.180137E-02   0.318697E-01   0.296704E-03   0.300000E-03
  28  -0.103869E-02  -0.238824E-03   0.333247E-01   0.348764E-03   0.300000E-03
  29   0.152907E-02  -0.208822E-03   0.355502E-01   0.445816E-03   0.450000E-03
  30   0.243813E-02   0.117773E-02   0.374073E-01   0.347659E-03   0.350000E-03
  31   0.101845E-02   0.161643E-02   0.379981E-01   0.248606E-03   0.250000E-03
  32  -0.453847E-03   0.302990E-02   0.401276E-01   0.198110E-03   0.200000E-03
  33   0.288258E-03   0.258500E-02   0.410174E-01   0.194396E-03   0.200000E-03
  34  -0.515756E-02   0.256084E-02   0.446060E-01   0.880269E-03   0.400000E-03
  35  -0.187347E-02   0.258284E-02   0.446524E-01   0.192420E-02   0.350000E-03
  36  -0.134933E-02  -0.467276E-03   0.864920E-02   0.832047E-02   0.300000E-03
  37  -0.597878E-04   0.221221E-02   0.247709E-03   0.177473E-02   0.250000E-03
  38  -0.752433E-03   0.869310E-03   0.779855E-03   0.719638E-03   0.300000E-03
  39   0.715892E-03   0.544680E-03   0.269062E-02   0.399181E-03   0.400000E-03
  40   0.616202E-03  -0.380296E-03   0.618397E-02   0.299143E-03   0.300000E-03
  41  -0.121465E-02  -0.221697E-02   0.687680E-02   0.390745E-03   0.400000E-03
  42  -0.186698E-02   0.105939E-02   0.729970E-02   0.100177E-02   0.350000E-03
  43  -0.746501E-04   0.353198E-03   0.860369E-02   0.932630E-03   0.300000E-03
  44  -0.635199E-03  -0.494990E-04   0.939226E-02   0.957610E-03   0.250000E-03
  45  -0.100277E-02  -0.103363E-02   0.997980E-02   0.495661E-03   0.500000E-03
  46  -0.335612E-03   0.944262E-03   0.107831E-01   0.300019E-03   0.300000E-03
  47   0.489720E-03  -0.155762E-03   0.152477E-01   0.149813E-03   0.150000E-03
  48  -0.226777E-03  -0.797101E-03   0.158397E-01   0.446891E-03   0.450000E-03
  49  -0.711118E-03  -0.114539E-02   0.165027E-01   0.886616E-03   0.350000E-03
  50  -0.100790E-02  -0.232436E-03   0.182241E-01   0.246009E-03   0.250000E-03
  51   0.266086E-03  -0.412694E-03   0.193206E-01   0.870500E-03   0.250000E-03
  52  -0.376491E-03  -0.193372E-04   0.200515E-01   0.147420E-03   0.150000E-03
  53  -0.892843E-03   0.231288E-05   0.205111E-01   0.101411E-02   0.200000E-03
  54  -0.899572E-03  -0.877119E-04   0.211586E-01   0.298277E-03   0.300000E-03
  55   0.301744E-03   0.324439E-03   0.233996E-01   0.999129E-04   0.100000E-03
  56  -0.513767E-03   0.935947E-03   0.238549E-01   0.395538E-03   0.400000E-03
  57   0.647650E-03   0.389726E-03   0.245209E-01   0.915714E-03   0.400000E-03
  58   0.178143E-03   0.775135E-03   0.251213E-01   0.395307E-03   0.400000E-03
  59  -0.603365E-03  -0.212742E-03   0.270372E-01   0.200712E-03   0.200000E-03
  60  -0.225714E-02  -0.616168E-03   0.275272E-01   0.296023E-03   0.300000E-03
  61   0.134682E-02  -0.704696E-03   0.291038E-01   0.294453E-03   0.300000E-03
  62   0.127629E-02  -0.921452E-04   0.312262E-01   0.346951E-03   0.350000E-03
  63  -0.105733E-02  -0.285791E-03   0.328574E-01   0.196517E-03   0.200000E-03
  64   0.866230E-03   0.112201E-02   0.347595E-01   0.345813E-03   0.350000E-03
  65   0.160833E-03   0.645786E-03   0.363281E-01   0.615746E-03   0.350000E-03
  66   0.139605E-04   0.105067E-02   0.364398E-01   0.139116E-03   0.150000E-03
  67   0.131400E-02   0.183716E-02   0.391432E-01   0.299662E-03   0.300000E-03
  68  -0.930412E-02   0.270153E-02   0.423062E-01   0.199727E-03   0.200000E-03
  69  -0.425890E-03   0.266463E-02   0.438638E-01   0.825813E-03   0.350000E-03
  70  -0.236686E-03   0.885709E-03   0.423976E-01   0.721267E-02   0.250000E-03
  71   0.423694E-03   0.929734E-03   0.447020E-01   0.496792E-02   0.300000E-03
  72  -0.495464E-02   0.480983E-02   0.447505E-01   0.247664E-03   0.250000E-03
  73  -0.566678E-04  -0.395737E-03   0.256874E-02   0.793473E-02   0.350000E-03
  74   0.145145E-02  -0.534719E-03   0.120322E-02   0.297998E-03   0.300000E-03
  75   0.945454E-03  -0.155465E-02   0.392143E-02   0.248066E-03   0.250000E-03
  76   0.605341E-03  -0.160182E-03   0.522499E-02   0.922965E-03   0.350000E-03
  77  -0.350976E-03  -0.153651E-02   0.647411E-02   0.820762E-03   0.200000E-03
  78   0.178008E-03   0.112290E-03   0.665597E-02   0.133801E-02   0.350000E-03
  79   0.507205E-03  -0.148816E-03   0.798452E-02   0.112995E-02   0.350000E-03
  80  -0.444634E-03  -0.692999E-03   0.905112E-02   0.131785E-02   0.250000E-03
  81   0.256547E-04  -0.198100E-03   0.106915E-01   0.949131E-03   0.350000E-03
  82  -0.223659E-03   0.133803E-03   0.132920E-01   0.952900E-03   0.300000E-03
  83  -0.888542E-03  -0.453835E-03   0.137544E-01   0.345778E-03   0.350000E-03
  84   0.186412E-03  -0.174915E-03   0.143442E-01   0.244257E-03   0.250000E-03
  85  -0.440112E-03  -0.857495E-03   0.154318E-01   0.101056E-02   0.250000E-03
  86  -0.132704E-03  -0.834639E-03   0.172817E-01   0.106470E-02   0.450000E-03
  87  -0.706322E-03  -0.388091E-03   0.188589E-01   0.105323E-02   0.250000E-03
  88   0.872056E-04  -0.210624E-03   0.200592E-01   0.800087E-03   0.300000E-03
  89  -0.393392E-03  -0.104006E-02   0.203064E-01   0.160152E-02   0.400000E-03
  90  -0.745379E-03  -0.424664E-03   0.214870E-01   0.856560E-03   0.350000E-03
  91   0.219620E-03  -0.609988E-03   0.225940E-01   0.734742E-03   0.250000E-03
  92  -0.117196E-02  -0.231643E-03   0.231844E-01   0.830341E-03   0.350000E-03
  93   0.422641E-04   0.846839E-03   0.238090E-01   0.113962E-02   0.350000E-03
  94  -0.142408E-03   0.640980E-03   0.252367E-01   0.113475E-02   0.350000E-03
  95  -0.268772E-02   0.763741E-03   0.273577E-01   0.919463E-03   0.350000E-03
  96  -0.414719E-03   0.157779E-02   0.280586E-01   0.117932E-02   0.400000E-03
  97  -0.543122E-03   0.103575E-02   0.294632E-01   0.968700E-03   0.250000E-03
  98  -0.565269E-03  -0.151617E-02   0.303056E-01   0.108384E-02   0.450000E-03
  99   0.350285E-04  -0.236613E-03   0.324132E-01   0.245797E-03   0.250000E-03
 100  -0.102762E-02  -0.795150E-03   0.327324E-01   0.624957E-03   0.250000E-03
 101  -0.614901E-04   0.634581E-03   0.349671E-01   0.106266E-02   0.400000E-03
 102   0.706898E-03   0.986247E-03   0.368159E-01   0.266124E-03   0.250000E-03
 103   0.113093E-02  -0.908410E-03   0.376456E-01   0.894736E-03   0.250000E-03
 104  -0.168656E-02   0.198622E-02   0.385455E-01   0.297333E-03   0.300000E-03
 105   0.678267E-03   0.311040E-02   0.405728E-01   0.244316E-03   0.250000E-03
 106   0.509474E-03   0.321517E-02   0.431927E-01   0.297672E-03   0.300000E-03
 107   0.291856E-03   0.977667E-03   0.440840E-01   0.747327E-02   0.350000E-03
 108   0.117861E-02   0.987777E-04   0.349349E-01   0.746818E-02   0.450000E-03
 109   0.697467E-03   0.260507E-03   0.242049E-03   0.632839E-03   0.250000E-03
 110   0.967164E-03  -0.863469E-03   0.538976E-03   0.236858E-03   0.250000E-03
 111   0.244727E-03   0.112860E-03   0.189432E-02   0.397859E-03   0.400000E-03
 112   0.354642E-03  -0.134425E-02   0.322703E-02   0.922965E-03   0.350000E-03
 113  -0.115475E-02   0.240225E-03   0.594788E-02   0.109873E-02   0.400000E-03
 114  -0.227892E-03   0.495718E-04   0.716669E-02   0.153271E-02   0.200000E-03
 115  -0.254757E-04  -0.359065E-04   0.851441E-02   0.157602E-02   0.350000E-03
 116  -0.783625E-03   0.800866E-04   0.985793E-02   0.133512E-02   0.350000E-03
 117  -0.102818E-03   0.525096E-03   0.113565E-01   0.740420E-03   0.350000E-03
 118  -0.785008E-03  -0.293439E-03   0.124106E-01   0.295541E-03   0.300000E-03
 119   0.571896E-04  -0.167342E-03   0.142712E-01   0.783646E-03   0.300000E-03
 120  -0.646803E-03  -0.569227E-03   0.151022E-01   0.576708E-03   0.300000E-03
 121  -0.635926E-03  -0.625982E-03   0.167214E-01   0.138707E-02   0.200000E-03
 122  -0.712602E-03  -0.522098E-03   0.181703E-01   0.940653E-03   0.450000E-03
 123  -0.382802E-03  -0.543110E-03   0.186043E-01   0.141934E-02   0.200000E-03
 124   0.236570E-03  -0.645938E-03   0.196929E-01   0.127212E-02   0.300000E-03
 125  -0.512236E-03  -0.119228E-02   0.208955E-01   0.780400E-03   0.250000E-03
 126  -0.298320E-03  -0.632856E-03   0.209444E-01   0.132298E-02   0.300000E-03
 127   0.585298E-04  -0.978409E-03   0.227246E-01   0.121317E-02   0.250000E-03
 128   0.959614E-03   0.660434E-03   0.230767E-01   0.163059E-02   0.300000E-03
 129  -0.209845E-04   0.543614E-03   0.236217E-01   0.169642E-02   0.250000E-03
 130   0.304454E-04   0.318828E-03   0.257362E-01   0.720199E-03   0.300000E-03
 131  -0.385520E-03   0.843203E-03   0.263539E-01   0.394872E-03   0.400000E-03
 132  -0.379414E-04  -0.381591E-03   0.275238E-01   0.144998E-02   0.200000E-03
 133   0.525442E-03   0.385040E-03   0.288151E-01   0.925915E-03   0.400000E-03
 134   0.836817E-03   0.485116E-04   0.311955E-01   0.109281E-02   0.400000E-03
 135  -0.104428E-02  -0.101798E-03   0.320411E-01   0.102337E-02   0.450000E-03
 136  -0.575922E-03   0.749613E-03   0.340152E-01   0.399587E-03   0.400000E-03
 137  -0.118144E-02  -0.194571E-03   0.372318E-01   0.762600E-03   0.100000E-03
 138   0.524629E-03   0.419007E-03   0.373988E-01   0.132487E-02   0.250000E-03
 139   0.592268E-03  -0.637857E-03   0.381785E-01   0.766674E-03   0.300000E-03
 140  -0.602053E-03   0.207289E-02   0.396882E-01   0.271563E-03   0.250000E-03
 141  -0.210006E-02   0.226677E-02   0.414626E-01   0.249099E-03   0.250000E-03
 142  -0.332358E-02   0.266373E-02   0.419073E-01   0.197348E-03   0.200000E-03
 143   0.712370E-04   0.826353E-03   0.438982E-01   0.630650E-02   0.250000E-03
 144  -0.908752E-03  -0.218752E-03   0.295635E-01   0.764305E-02   0.300000E-03
 145   0.511119E-03   0.171743E-02   0.294493E-03   0.331849E-02   0.300000E-03
 146   0.452055E-03   0.838543E-03   0.666860E-03   0.135433E-02   0.350000E-03
 147   0.420927E-03  -0.266170E-03   0.407556E-02   0.848773E-03   0.200000E-03
 148   0.810853E-03   0.541576E-03   0.531861E-02   0.288495E-03   0.300000E-03
 149  -0.821772E-03   0.220714E-02   0.611699E-02   0.192781E-02   0.450000E-03
 150   0.308861E-03  -0.143576E-03   0.756050E-02   0.147949E-02   0.200000E-03
 151   0.282006E-03  -0.249209E-03   0.938951E-02   0.161195E-02   0.200000E-03
 152  -0.174337E-03   0.441319E-03   0.103974E-01   0.140892E-02   0.200000E-03
 153   0.329051E-03  -0.331079E-03   0.111914E-01   0.136314E-02   0.300000E-03
 154  -0.394648E-03  -0.251358E-03   0.125945E-01   0.966558E-03   0.400000E-03
 155  -0.155471E-02   0.490658E-03   0.137835E-01   0.886032E-03   0.200000E-03
 156  -0.105177E-02  -0.121701E-02   0.148187E-01   0.121621E-02   0.400000E-03
 157  -0.102338E-02  -0.107224E-02   0.159525E-01   0.139206E-02   0.400000E-03
 158  -0.356369E-03  -0.876759E-03   0.174053E-01   0.185102E-02   0.350000E-03
 159  -0.891385E-03  -0.241452E-03   0.177964E-01   0.146882E-02   0.200000E-03
 160  -0.110411E-02  -0.403022E-03   0.182125E-01   0.163908E-02   0.250000E-03
 161  -0.233087E-03   0.371034E-03   0.196335E-01   0.181442E-02   0.250000E-03
 162  -0.574507E-03   0.141307E-03   0.209524E-01   0.181920E-02   0.200000E-03
 163  -0.266220E-03  -0.483851E-03   0.221337E-01   0.111464E-02   0.350000E-03
 164  -0.439867E-03  -0.659906E-03   0.227543E-01   0.218538E-02   0.300000E-03
 165   0.437217E-03   0.130455E-03   0.248340E-01   0.157842E-02   0.250000E-03
 166  -0.310941E-03   0.118353E-04   0.256546E-01   0.155840E-02   0.250000E-03
 167  -0.662166E-03   0.745674E-04   0.266414E-01   0.113196E-02   0.400000E-03
 168   0.624073E-03  -0.496890E-03   0.286056E-01   0.153727E-02   0.250000E-03
 169   0.806169E-03  -0.347425E-03   0.302124E-01   0.171293E-02   0.200000E-03
 170   0.122693E-02  -0.117988E-03   0.308051E-01   0.178671E-02   0.400000E-03
 171  -0.985986E-03   0.770895E-03   0.335352E-01   0.908446E-03   0.300000E-03
 172  -0.502484E-03   0.861424E-03   0.341780E-01   0.118221E-02   0.400000E-03
 173   0.114591E-02   0.950283E-03   0.356532E-01   0.118298E-02   0.300000E-03
 174   0.711071E-03   0.996587E-03   0.368769E-01   0.104045E-02   0.350000E-03
 175   0.528768E-03  -0.224416E-03   0.390185E-01   0.885797E-03   0.300000E-03
 176  -0.355383E-03  -0.319397E-03   0.400817E-01   0.988841E-03   0.200000E-03
 177   0.464252E-03   0.264002E-03   0.406121E-01   0.786641E-03   0.300000E-03
 178  -0.339904E-02  -0.437960E-03   0.444017E-01   0.144003E-02   0.200000E-03
 179  -0.184267E-02   0.272866E-02   0.427049E-01   0.195769E-03   0.200000E-03
 180   0.112337E-02   0.102518E-02   0.400363E-01   0.752766E-02   0.300000E-03
 181   0.388703E-03   0.131557E-03   0.197334E-03   0.107911E-02   0.200000E-03
 182  -0.124747E-03   0.361534E-03   0.140024E-02   0.214392E-02   0.200000E-03
 183   0.221480E-03  -0.937084E-03   0.337832E-02   0.295113E-03   0.300000E-03
 184   0.503808E-04   0.497977E-03   0.538985E-02   0.159609E-02   0.350000E-03
 185  -0.112117E-02   0.137742E-03   0.624999E-02   0.260899E-02   0.250000E-03
 186   0.287400E-03  -0.242944E-03   0.679871E-02   0.186771E-02   0.200000E-03
 187  -0.212219E-03  -0.297388E-03   0.791691E-02   0.182017E-02   0.300000E-03
 188  -0.297598E-03  -0.115838E-02   0.963360E-02   0.198999E-02   0.250000E-03
 189  -0.778591E-03  -0.280723E-03   0.117249E-01   0.125105E-02   0.250000E-03
 190  -0.843825E-03  -0.227310E-03   0.119640E-01   0.818710E-03   0.250000E-03
 191  -0.830103E-03   0.974264E-04   0.140075E-01   0.126493E-02   0.250000E-03
 192  -0.121738E-02  -0.895806E-03   0.143155E-01   0.183130E-02   0.400000E-03
 193  -0.421971E-03   0.110198E-02   0.153243E-01   0.170022E-02   0.300000E-03
 194  -0.611154E-03  -0.174189E-03   0.165211E-01   0.194704E-02   0.400000E-03
 195  -0.924700E-03  -0.719936E-03   0.179629E-01   0.207160E-02   0.250000E-03
 196  -0.910945E-03  -0.202421E-03   0.191495E-01   0.151964E-02   0.300000E-03
 197  -0.580731E-03   0.674494E-04   0.200023E-01   0.228650E-02   0.350000E-03
 198  -0.306830E-03  -0.527938E-04   0.206476E-01   0.221182E-02   0.300000E-03
 199  -0.110584E-02  -0.469924E-03   0.215120E-01   0.150364E-02   0.300000E-03
 200  -0.514332E-03   0.102076E-04   0.222565E-01   0.216102E-02   0.200000E-03
 201  -0.607111E-03   0.186616E-03   0.242868E-01   0.157810E-02   0.300000E-03
 202  -0.320246E-03  -0.131775E-03   0.259980E-01   0.120266E-02   0.250000E-03
 203  -0.395060E-03  -0.457062E-03   0.265914E-01   0.182490E-02   0.300000E-03
 204  -0.103121E-02  -0.836819E-04   0.270973E-01   0.159121E-02   0.250000E-03
 205  -0.880122E-03  -0.808540E-03   0.296293E-01   0.159587E-02   0.400000E-03
 206  -0.806679E-03   0.127270E-03   0.322607E-01   0.179023E-02   0.350000E-03
 207   0.200965E-04   0.124865E-03   0.328959E-01   0.129822E-02   0.450000E-03
 208   0.182215E-03   0.408676E-03   0.336054E-01   0.166441E-02   0.350000E-03
 209   0.270915E-03   0.806414E-03   0.362466E-01   0.125669E-02   0.300000E-03
 210   0.703139E-03   0.132918E-02   0.366491E-01   0.153920E-02   0.200000E-03
 211   0.109568E-03   0.963361E-03   0.370646E-01   0.169330E-02   0.250000E-03
 212  -0.263640E-03  -0.159545E-03   0.400589E-01   0.590643E-03   0.200000E-03
 213   0.496536E-03  -0.454493E-04   0.411339E-01   0.623744E-03   0.250000E-03
 214  -0.362557E-02   0.167692E-02   0.420862E-01   0.552098E-03   0.200000E-03
 215   0.384625E-02  -0.150628E-02   0.441676E-01   0.149698E-03   0.150000E-03
 216  -0.723050E-03  -0.107594E-03   0.217073E-01   0.887376E-02   0.400000E-03
 217   0.257095E-03  -0.723232E-03   0.143161E-01   0.923752E-02   0.350000E-03
 218   0.936195E-03   0.656179E-03   0.865924E-03   0.202144E-02   0.350000E-03
 219   0.391811E-03  -0.293472E-03   0.372657E-02   0.653588E-03   0.200000E-03
 220  -0.719096E-04  -0.461334E-03   0.457898E-02   0.129551E-02   0.400000E-03
 221  -0.130145E-03   0.383713E-03   0.532388E-02   0.218457E-02   0.250000E-03
 222   0.122212E-03  -0.343200E-03   0.731427E-02   0.205828E-02   0.350000E-03
 223   0.308573E-03  -0.103496E-02   0.903873E-02   0.202826E-02   0.350000E-03
 224   0.183703E-03  -0.641728E-03   0.102271E-01   0.192976E-02   0.350000E-03
 225  -0.145282E-03   0.170850E-04   0.107501E-01   0.158791E-02   0.200000E-03
 226  -0.417846E-03   0.146505E-03   0.121926E-01   0.153621E-02   0.300000E-03
 227  -0.448933E-03   0.217238E-04   0.130367E-01   0.143762E-02   0.250000E-03
 228  -0.646378E-03   0.132085E-02   0.148787E-01   0.176201E-02   0.150000E-03
 229  -0.135219E-02  -0.514353E-03   0.158793E-01   0.203516E-02   0.250000E-03
 230   0.394725E-04   0.189686E-03   0.175630E-01   0.247985E-02   0.300000E-03
 231  -0.972242E-03  -0.246371E-03   0.183801E-01   0.228703E-02   0.200000E-03
 232  -0.993147E-03  -0.170920E-03   0.186934E-01   0.190531E-02   0.300000E-03
 233  -0.351951E-03   0.243020E-03   0.192446E-01   0.233336E-02   0.400000E-03
 234  -0.111593E-03   0.477228E-03   0.213653E-01   0.209724E-02   0.300000E-03
 235   0.116412E-03  -0.466189E-03   0.224429E-01   0.168101E-02   0.300000E-03
 236   0.997406E-03  -0.603756E-03   0.233485E-01   0.216198E-02   0.300000E-03
 237  -0.604995E-03   0.672098E-07   0.239972E-01   0.215892E-02   0.350000E-03
 238  -0.610097E-04  -0.136828E-03   0.252491E-01   0.174735E-02   0.200000E-03
 239  -0.270721E-03  -0.266557E-03   0.267533E-01   0.234702E-02   0.250000E-03
 240   0.115990E-03  -0.554321E-03   0.290479E-01   0.147516E-02   0.200000E-03
 241   0.970897E-04   0.314453E-03   0.302169E-01   0.224825E-02   0.350000E-03
 242  -0.764220E-03  -0.235062E-03   0.315619E-01   0.174682E-02   0.350000E-03
 243  -0.949371E-04   0.197068E-03   0.329804E-01   0.224006E-02   0.500000E-03
 244   0.119020E-02   0.644289E-03   0.354512E-01   0.198240E-02   0.200000E-03
 245   0.674339E-03   0.665464E-03   0.349313E-01   0.180884E-02   0.350000E-03
 246   0.688263E-03   0.387963E-03   0.365895E-01   0.213135E-02   0.400000E-03
 247   0.393559E-03   0.414161E-03   0.379919E-01   0.138798E-02   0.350000E-03
 248  -0.130576E-03  -0.181921E-03   0.396133E-01   0.816066E-03   0.300000E-03
 249   0.342604E-03  -0.190292E-03   0.416518E-01   0.789867E-03   0.300000E-03
 250  -0.126974E-03   0.317625E-02   0.437388E-01   0.244257E-03   0.250000E-03
 251  -0.486343E-03   0.113831E-03   0.446054E-01   0.298614E-02   0.400000E-03
 252   0.230327E-03  -0.120522E-03   0.337805E-01   0.772906E-02   0.350000E-03
 253  -0.644780E-04  -0.390946E-03   0.212410E-02   0.739423E-02   0.350000E-03
 254   0.358158E-03  -0.459330E-03   0.138622E-02   0.941300E-03   0.350000E-03
 255   0.292951E-03  -0.153022E-03   0.229426E-02   0.972371E-03   0.300000E-03
 256   0.193267E-03   0.109360E-03   0.482832E-02   0.194676E-02   0.300000E-03
 257   0.235228E-03  -0.112215E-03   0.674052E-02   0.236329E-02   0.300000E-03
 258  -0.405929E-03  -0.828712E-03   0.838441E-02   0.226700E-02   0.350000E-03
 259  -0.240491E-04  -0.570735E-03   0.904472E-02   0.282502E-02   0.450000E-03
 260   0.256114E-03   0.294510E-03   0.987447E-02   0.259159E-02   0.400000E-03
 261  -0.523884E-03   0.191361E-03   0.116549E-01   0.179356E-02   0.300000E-03
 262  -0.101166E-02  -0.290116E-03   0.121701E-01   0.218579E-02   0.350000E-03
 263  -0.940909E-03  -0.282957E-03   0.135813E-01   0.168530E-02   0.350000E-03
 264  -0.409655E-03  -0.748902E-03   0.148969E-01   0.221082E-02   0.300000E-03
 265  -0.502778E-03   0.706444E-03   0.166439E-01   0.253420E-02   0.200000E-03
 266  -0.511998E-03  -0.359567E-03   0.170404E-01   0.232146E-02   0.250000E-03
 267  -0.859288E-03   0.393492E-03   0.171266E-01   0.280969E-02   0.250000E-03
 268  -0.526156E-03   0.242373E-03   0.186685E-01   0.263048E-02   0.250000E-03
 269  -0.499894E-03   0.177061E-03   0.191073E-01   0.296860E-02   0.250000E-03
 270  -0.721267E-03   0.120530E-03   0.197047E-01   0.291848E-02   0.350000E-03
 271  -0.440220E-03  -0.278206E-03   0.219259E-01   0.185703E-02   0.250000E-03
 272  -0.701255E-03   0.709954E-04   0.223572E-01   0.275230E-02   0.400000E-03
 273   0.772029E-03  -0.841550E-03   0.235456E-01   0.282136E-02   0.400000E-03
 274   0.129272E-04  -0.247574E-03   0.258261E-01   0.202132E-02   0.250000E-03
 275  -0.212466E-03  -0.400967E-03   0.262611E-01   0.226170E-02   0.250000E-03
 276  -0.599128E-03   0.323920E-03   0.275054E-01   0.195218E-02   0.300000E-03
 277  -0.876368E-03  -0.673485E-03   0.294692E-01   0.217062E-02   0.200000E-03
 278  -0.419942E-03  -0.582142E-03   0.318910E-01   0.238287E-02   0.350000E-03
 279   0.330037E-03  -0.237294E-03   0.323934E-01   0.270165E-02   0.250000E-03
 280  -0.449970E-03   0.699693E-03   0.342868E-01   0.187252E-02   0.300000E-03
 281   0.101000E-02   0.663361E-03   0.358820E-01   0.173053E-02   0.300000E-03
 282   0.320432E-03   0.687262E-03   0.375458E-01   0.179926E-02   0.250000E-03
 283   0.604178E-03   0.779770E-04   0.384918E-01   0.161730E-02   0.200000E-03
 284   0.752655E-03  -0.338621E-03   0.385494E-01   0.117113E-02   0.250000E-03
 285   0.601910E-03  -0.529272E-03   0.411008E-01   0.121893E-02   0.350000E-03
 286   0.399169E-03   0.282379E-02   0.432222E-01   0.894691E-03   0.300000E-03
 287  -0.104711E-02   0.437237E-02   0.428445E-01   0.121911E-02   0.200000E-03
 288   0.345621E-03   0.485275E-03   0.589192E-02   0.793523E-02   0.350000E-03
 289  -0.414953E-04  -0.109143E-02   0.245879E-03   0.227245E-02   0.250000E-03
 290   0.346437E-03  -0.419528E-03   0.185626E-02   0.138037E-02   0.300000E-03
 291   0.701748E-03  -0.970202E-04   0.249923E-02   0.164109E-02   0.400000E-03
 292   0.387360E-03  -0.469424E-03   0.312597E-02   0.151214E-02   0.250000E-03
 293  -0.283787E-03   0.164986E-03   0.570516E-02   0.257298E-02   0.300000E-03
 294  -0.163287E-03  -0.376910E-03   0.821218E-02   0.299024E-02   0.400000E-03
 295   0.263089E-03  -0.271964E-03   0.969292E-02   0.337036E-02   0.400000E-03
 296  -0.214090E-03  -0.240340E-03   0.111203E-01   0.190573E-02   0.250000E-03
 297  -0.156251E-03  -0.503485E-03   0.107240E-01   0.193261E-02   0.150000E-03
 298  -0.225230E-03   0.283112E-04   0.126647E-01   0.168822E-02   0.200000E-03
 299  -0.924962E-03  -0.455681E-03   0.139002E-01   0.232547E-02   0.250000E-03
 300  -0.253860E-03  -0.220925E-03   0.148854E-01   0.270766E-02   0.200000E-03
 301  -0.115357E-02  -0.493403E-03   0.154626E-01   0.238279E-02   0.300000E-03
 302  -0.351132E-03   0.123278E-03   0.170866E-01   0.335297E-02   0.300000E-03
 303  -0.956630E-03  -0.188587E-03   0.180557E-01   0.251140E-02   0.200000E-03
 304  -0.843413E-03   0.314008E-03   0.182553E-01   0.290936E-02   0.250000E-03
 305  -0.492478E-03   0.314093E-04   0.193907E-01   0.330479E-02   0.150000E-03
 306  -0.658259E-03   0.219477E-03   0.204494E-01   0.282439E-02   0.350000E-03
 307  -0.589609E-03   0.982555E-04   0.218495E-01   0.234925E-02   0.250000E-03
 308  -0.454405E-03   0.804112E-04   0.228118E-01   0.334523E-02   0.350000E-03
 309  -0.213867E-03  -0.236299E-04   0.245870E-01   0.261081E-02   0.400000E-03
 310  -0.455045E-04  -0.134812E-03   0.251791E-01   0.224038E-02   0.300000E-03
 311  -0.523244E-03  -0.473250E-03   0.273096E-01   0.256792E-02   0.350000E-03
 312  -0.611175E-03   0.220721E-03   0.281522E-01   0.192029E-02   0.350000E-03
 313   0.118364E-03   0.540752E-03   0.297058E-01   0.254759E-02   0.250000E-03
 314   0.720994E-03  -0.758812E-03   0.312486E-01   0.232531E-02   0.300000E-03
 315  -0.359254E-03   0.184834E-03   0.334669E-01   0.286509E-02   0.300000E-03
 316  -0.219670E-03   0.477126E-03   0.338253E-01   0.232843E-02   0.350000E-03
 317   0.906959E-03   0.387019E-03   0.350642E-01   0.254553E-02   0.400000E-03
 318   0.124507E-02   0.237273E-03   0.358504E-01   0.242608E-02   0.400000E-03
 319   0.584311E-03  -0.534779E-03   0.389720E-01   0.143347E-02   0.250000E-03
 320  -0.750410E-03   0.504573E-03   0.398329E-01   0.142227E-02   0.300000E-03
 321   0.259286E-03   0.347660E-03   0.404246E-01   0.134847E-02   0.300000E-03
 322  -0.183294E-02   0.216489E-02   0.425970E-01   0.732013E-03   0.350000E-03
 323  -0.580923E-03  -0.949445E-03   0.439719E-01   0.211791E-02   0.350000E-03
 324   0.139312E-02   0.134657E-02   0.396197E-01   0.716866E-02   0.250000E-03
 325  -0.872879E-03  -0.120159E-03   0.150970E-02   0.760571E-02   0.300000E-03
 326   0.616234E-05   0.481410E-03   0.124043E-02   0.152048E-02   0.250000E-03
 327  -0.436841E-04   0.231826E-03   0.197756E-02   0.217581E-02   0.350000E-03
 328   0.665305E-04  -0.372507E-03   0.380686E-02   0.162778E-02   0.450000E-03
 329  -0.148574E-03   0.658882E-03   0.661567E-02   0.313283E-02   0.400000E-03
 330   0.238100E-03  -0.252337E-04   0.726121E-02   0.275163E-02   0.350000E-03
 331  -0.152690E-03  -0.190968E-03   0.780135E-02   0.240821E-02   0.250000E-03
 332   0.781072E-04   0.185270E-03   0.107975E-01   0.252325E-02   0.450000E-03
 333  -0.449347E-03   0.733917E-04   0.115332E-01   0.238011E-02   0.300000E-03
 334  -0.501064E-03  -0.558258E-03   0.130369E-01   0.193509E-02   0.250000E-03
 335  -0.484337E-03  -0.467279E-03   0.134077E-01   0.226651E-02   0.250000E-03
 336  -0.110774E-02   0.342861E-03   0.144022E-01   0.254992E-02   0.300000E-03
 337  -0.553913E-03   0.673599E-03   0.161294E-01   0.252414E-02   0.300000E-03
 338  -0.456064E-03   0.100908E-03   0.167057E-01   0.374005E-02   0.250000E-03
 339   0.292042E-03   0.148649E-02   0.176922E-01   0.311665E-02   0.350000E-03
 340  -0.148393E-03  -0.612254E-04   0.190010E-01   0.352632E-02   0.300000E-03
 341  -0.482244E-03   0.178052E-03   0.201441E-01   0.339262E-02   0.300000E-03
 342  -0.669179E-03   0.315146E-04   0.206369E-01   0.333988E-02   0.200000E-03
 343  -0.475298E-03   0.128811E-04   0.216675E-01   0.286396E-02   0.300000E-03
 344   0.735251E-03  -0.967223E-03   0.239278E-01   0.333276E-02   0.250000E-03
 345  -0.362155E-03   0.382693E-04   0.251818E-01   0.297539E-02   0.300000E-03
 346  -0.446868E-04  -0.406701E-03   0.257133E-01   0.260849E-02   0.350000E-03
 347  -0.451328E-03  -0.303862E-03   0.264035E-01   0.289233E-02   0.400000E-03
 348   0.900956E-04  -0.180873E-03   0.290124E-01   0.197139E-02   0.300000E-03
 349   0.843613E-03  -0.949260E-03   0.301374E-01   0.283896E-02   0.250000E-03
 350   0.201928E-03  -0.198546E-03   0.320794E-01   0.315070E-02   0.300000E-03
 351   0.187018E-03  -0.320184E-03   0.328549E-01   0.307967E-02   0.350000E-03
 352   0.565430E-03   0.920432E-03   0.344968E-01   0.310167E-02   0.400000E-03
 353   0.863305E-03   0.290773E-03   0.358871E-01   0.302018E-02   0.200000E-03
 354   0.434600E-03   0.456290E-03   0.372361E-01   0.219131E-02   0.250000E-03
 355   0.787977E-04   0.595086E-03   0.380373E-01   0.203477E-02   0.300000E-03
 356   0.117090E-02  -0.316377E-03   0.393786E-01   0.162268E-02   0.200000E-03
 357   0.334442E-03   0.176291E-03   0.408140E-01   0.179789E-02   0.300000E-03
 358   0.903028E-04  -0.582072E-03   0.416855E-01   0.133588E-02   0.250000E-03
 359   0.174858E-02   0.270154E-03   0.442594E-01   0.529418E-02   0.250000E-03
 360  -0.507087E-03  -0.111735E-02   0.448001E-01   0.418124E-02   0.200000E-03
 361   0.108155E-02   0.258703E-03   0.683083E-03   0.274543E-02   0.400000E-03
 362   0.160163E-03   0.507486E-04   0.148006E-02   0.273359E-02   0.400000E-03
 363   0.644509E-03  -0.400421E-03   0.308838E-02   0.201067E-02   0.250000E-03
 364   0.104719E-03  -0.620524E-05   0.491167E-02   0.253977E-02   0.300000E-03
 365  -0.250142E-03   0.380201E-03   0.591601E-02   0.313395E-02   0.300000E-03
 366  -0.122990E-03   0.422385E-03   0.617802E-02   0.367421E-02   0.300000E-03
 367  -0.221697E-03  -0.456095E-03   0.868293E-02   0.336203E-02   0.200000E-03
 368   0.472125E-04  -0.930994E-05   0.103408E-01   0.311164E-02   0.300000E-03
 369  -0.329997E-03   0.149301E-03   0.118671E-01   0.293697E-02   0.350000E-03
 370  -0.714356E-03  -0.369615E-03   0.128233E-01   0.254563E-02   0.400000E-03
 371  -0.979623E-03   0.222433E-04   0.137401E-01   0.284775E-02   0.300000E-03
 372  -0.239746E-03   0.138907E-03   0.150633E-01   0.327769E-02   0.400000E-03
 373  -0.378648E-03   0.593491E-03   0.156901E-01   0.292972E-02   0.300000E-03
 374  -0.142975E-04   0.182942E-02   0.164120E-01   0.316224E-02   0.400000E-03
 375  -0.671724E-03   0.398426E-04   0.175489E-01   0.393488E-02   0.450000E-03
 376  -0.490464E-03   0.169371E-03   0.186717E-01   0.307945E-02   0.200000E-03
 377  -0.475352E-03  -0.135279E-03   0.196089E-01   0.375353E-02   0.350000E-03
 378   0.395904E-04   0.162441E-03   0.210817E-01   0.262569E-02   0.300000E-03
 379  -0.740250E-03   0.796437E-04   0.211799E-01   0.328942E-02   0.350000E-03
 380  -0.617382E-03  -0.180151E-03   0.220108E-01   0.341551E-02   0.350000E-03
 381  -0.266998E-03  -0.492218E-03   0.245190E-01   0.335494E-02   0.350000E-03
 382  -0.353485E-04  -0.377524E-03   0.267893E-01   0.346875E-02   0.300000E-03
 383  -0.422426E-03  -0.381211E-03   0.278974E-01   0.246003E-02   0.250000E-03
 384  -0.288656E-03   0.600828E-03   0.285905E-01   0.239222E-02   0.300000E-03
 385  -0.394442E-03   0.594268E-03   0.291601E-01   0.256861E-02   0.300000E-03
 386  -0.461102E-03  -0.270937E-03   0.307335E-01   0.262876E-02   0.300000E-03
 387   0.520577E-04   0.306354E-05   0.324753E-01   0.366199E-02   0.350000E-03
 388   0.548405E-03   0.688956E-03   0.354173E-01   0.345866E-02   0.450000E-03
 389   0.107319E-02   0.442339E-03   0.360610E-01   0.337697E-02   0.200000E-03
 390   0.918987E-03  -0.511095E-04   0.364759E-01   0.291905E-02   0.400000E-03
 391   0.348063E-03   0.363421E-03   0.376799E-01   0.251500E-02   0.300000E-03
 392   0.705487E-03   0.401267E-03   0.390497E-01   0.192659E-02   0.250000E-03
 393   0.242755E-03   0.421597E-03   0.396161E-01   0.211970E-02   0.350000E-03
 394   0.139512E-02  -0.783746E-03   0.422298E-01   0.126767E-02   0.300000E-03
 395  -0.636237E-03  -0.406551E-03   0.439068E-01   0.147274E-02   0.300000E-03
 396  -0.619609E-03  -0.875635E-03   0.444257E-01   0.242013E-02   0.200000E-03
 397   0.781599E-03   0.652825E-03   0.972590E-03   0.348868E-02   0.400000E-03
 398   0.333285E-04   0.258990E-03   0.263844E-02   0.232689E-02   0.300000E-03
 399   0.239919E-03  -0.124914E-03   0.353907E-02   0.232581E-02   0.300000E-03
 400   0.323346E-03   0.715911E-04   0.423811E-02   0.235936E-02   0.400000E-03
 401   0.248157E-04   0.407458E-03   0.574963E-02   0.392489E-02   0.200000E-03
 402  -0.406009E-04   0.446052E-03   0.729288E-02   0.344635E-02   0.350000E-03
 403  -0.347286E-03   0.272581E-03   0.853089E-02   0.378326E-02   0.250000E-03
 404  -0.506980E-03   0.217822E-03   0.906827E-02   0.368074E-02   0.300000E-03
 405  -0.729156E-03  -0.377383E-03   0.119696E-01   0.348492E-02   0.200000E-03
 406  -0.595205E-03  -0.161473E-03   0.125315E-01   0.328383E-02   0.400000E-03
 407  -0.491005E-03  -0.169436E-03   0.132118E-01   0.312586E-02   0.300000E-03
 408  -0.569585E-03   0.244572E-03   0.142656E-01   0.330806E-02   0.400000E-03
 409  -0.280294E-03   0.799233E-04   0.157510E-01   0.356853E-02   0.350000E-03
 410  -0.552689E-03   0.170282E-03   0.162284E-01   0.400266E-02   0.300000E-03
 411  -0.436799E-03   0.955193E-04   0.167566E-01   0.428376E-02   0.300000E-03
 412  -0.613751E-03   0.170190E-04   0.183043E-01   0.355236E-02   0.400000E-03
 413  -0.665637E-03  -0.466222E-05   0.202972E-01   0.396881E-02   0.300000E-03
 414  -0.687407E-03   0.291454E-05   0.208045E-01   0.375687E-02   0.250000E-03
 415  -0.722720E-03   0.108214E-03   0.208374E-01   0.440579E-02   0.400000E-03
 416  -0.279772E-03  -0.941087E-04   0.224676E-01   0.400833E-02   0.400000E-03
 417  -0.888624E-03   0.180995E-04   0.234258E-01   0.354521E-02   0.300000E-03
 418  -0.369934E-03  -0.661051E-03   0.251563E-01   0.362243E-02   0.350000E-03
 419  -0.514278E-03  -0.272611E-03   0.278132E-01   0.305165E-02   0.350000E-03
 420   0.803998E-04  -0.430262E-03   0.283896E-01   0.289708E-02   0.250000E-03
 421   0.353302E-03  -0.398149E-03   0.296180E-01   0.313307E-02   0.350000E-03
 422   0.196182E-04  -0.711407E-04   0.313352E-01   0.307127E-02   0.450000E-03
 423   0.294165E-03   0.769247E-03   0.338149E-01   0.340172E-02   0.350000E-03
 424   0.522072E-03   0.645672E-03   0.347335E-01   0.375865E-02   0.300000E-03
 425   0.119186E-02   0.856497E-04   0.369843E-01   0.339341E-02   0.300000E-03
 426   0.124499E-02  -0.132196E-03   0.371680E-01   0.282249E-02   0.300000E-03
 427  -0.280515E-04   0.671470E-03   0.380294E-01   0.312743E-02   0.300000E-03
 428   0.657364E-03   0.598504E-03   0.385806E-01   0.209255E-02   0.250000E-03
 429   0.151654E-03   0.339931E-03   0.402275E-01   0.190974E-02   0.300000E-03
 430   0.240687E-03  -0.462203E-03   0.419467E-01   0.187018E-02   0.350000E-03
 431   0.316104E-03  -0.500189E-03   0.426880E-01   0.179542E-02   0.400000E-03
 432  -0.226908E-03  -0.423013E-03   0.433106E-01   0.148201E-02   0.300000E-03
 433  -0.735872E-04   0.267984E-03   0.347853E-03   0.396336E-02   0.350000E-03
 434  -0.217258E-03   0.255648E-03   0.158818E-02   0.179632E-02   0.200000E-03
 435  -0.554327E-05   0.255605E-03   0.314020E-02   0.283609E-02   0.350000E-03
 436  -0.207718E-03  -0.167474E-03   0.529329E-02   0.293257E-02   0.250000E-03
 437  -0.758016E-04   0.408343E-04   0.563131E-02   0.354357E-02   0.200000E-03
 438  -0.280777E-04   0.447053E-03   0.676011E-02   0.381563E-02   0.300000E-03
 439  -0.399609E-03   0.469020E-03   0.794148E-02   0.368569E-02   0.350000E-03
 440  -0.970293E-04  -0.596845E-03   0.108803E-01   0.375553E-02   0.200000E-03
 441  -0.133185E-04  -0.222799E-03   0.109209E-01   0.325988E-02   0.300000E-03
 442  -0.517704E-03   0.980992E-05   0.130859E-01   0.371056E-02   0.300000E-03
 443   0.432258E-04   0.105193E-03   0.136374E-01   0.347366E-02   0.250000E-03
 444  -0.420139E-03   0.278958E-03   0.152322E-01   0.395488E-02   0.300000E-03
 445  -0.434557E-03   0.214255E-03   0.157056E-01   0.446622E-02   0.400000E-03
 446  -0.559018E-03   0.168807E-03   0.163041E-01   0.449088E-02   0.200000E-03
 447  -0.717535E-03  -0.937905E-04   0.172507E-01   0.461828E-02   0.300000E-03
 448  -0.621273E-03  -0.215659E-04   0.183451E-01   0.444936E-02   0.500000E-03
 449  -0.477386E-03   0.380010E-04   0.192381E-01   0.440020E-02   0.400000E-03
 450  -0.714258E-03   0.162173E-04   0.199334E-01   0.444282E-02   0.300000E-03
 451  -0.781460E-03   0.762061E-04   0.215020E-01   0.396333E-02   0.400000E-03
 452  -0.555880E-03   0.221118E-04   0.219583E-01   0.455371E-02   0.350000E-03
 453   0.383876E-03  -0.127499E-02   0.240641E-01   0.391314E-02   0.350000E-03
 454   0.195129E-04  -0.657872E-03   0.257779E-01   0.330493E-02   0.350000E-03
 455  -0.242555E-03  -0.527322E-03   0.269907E-01   0.301327E-02   0.200000E-03
 456   0.929887E-04  -0.443063E-03   0.289206E-01   0.317227E-02   0.350000E-03
 457  -0.689048E-04  -0.174842E-02   0.305506E-01   0.319664E-02   0.300000E-03
 458   0.470688E-03  -0.214025E-03   0.307059E-01   0.381859E-02   0.350000E-03
 459  -0.279544E-04  -0.157913E-04   0.317819E-01   0.373280E-02   0.350000E-03
 460   0.224313E-03   0.754974E-03   0.341961E-01   0.386167E-02   0.250000E-03
 461   0.819532E-03   0.418403E-03   0.364644E-01   0.356648E-02   0.250000E-03
 462   0.114668E-02  -0.122780E-03   0.376440E-01   0.426681E-02   0.300000E-03
 463   0.571641E-04   0.499091E-03   0.382735E-01   0.258254E-02   0.300000E-03
 464   0.424085E-03   0.575467E-03   0.390130E-01   0.263884E-02   0.450000E-03
 465   0.589607E-03  -0.519533E-03   0.407083E-01   0.238556E-02   0.300000E-03
 466  -0.271867E-03  -0.729753E-03   0.411774E-01   0.255378E-02   0.200000E-03
 467   0.133817E-03  -0.488465E-04   0.435694E-01   0.256149E-02   0.250000E-03
 468  -0.243670E-03   0.119559E-03   0.435706E-01   0.383314E-02   0.350000E-03
 469   0.241168E-03   0.540269E-03   0.105388E-02   0.433311E-02   0.450000E-03
 470  -0.176859E-04   0.408847E-03   0.217736E-02   0.279080E-02   0.300000E-03
 471   0.182497E-03   0.340584E-03   0.385563E-02   0.306061E-02   0.400000E-03
 472  -0.169700E-03   0.298558E-03   0.455310E-02   0.301402E-02   0.300000E-03
 473  -0.448561E-03   0.162118E-03   0.503207E-02   0.352394E-02   0.400000E-03
 474   0.678500E-04   0.175570E-03   0.744398E-02   0.401964E-02   0.250000E-03
 475  -0.166559E-03   0.700781E-03   0.811397E-02   0.436002E-02   0.350000E-03
 476   0.592354E-04   0.672014E-03   0.954024E-02   0.404959E-02   0.300000E-03
 477   0.761088E-04   0.174838E-03   0.113179E-01   0.291188E-02   0.200000E-03
 478  -0.643450E-03   0.575440E-04   0.122345E-01   0.396625E-02   0.350000E-03
 479  -0.590104E-03   0.208094E-03   0.142004E-01   0.395253E-02   0.250000E-03
 480  -0.629303E-03   0.100154E-03   0.146839E-01   0.380491E-02   0.250000E-03
 481  -0.507658E-03   0.309494E-03   0.147994E-01   0.429081E-02   0.250000E-03
 482  -0.505357E-03  -0.523168E-05   0.162793E-01   0.508385E-02   0.400000E-03
 483  -0.720279E-03  -0.707157E-04   0.169749E-01   0.514924E-02   0.300000E-03
 484  -0.669653E-03  -0.108959E-03   0.186356E-01   0.519247E-02   0.300000E-03
 485  -0.638361E-03  -0.240054E-03   0.196482E-01   0.502540E-02   0.350000E-03
 486  -0.710158E-03   0.857103E-04   0.203078E-01   0.490793E-02   0.300000E-03
 487  -0.635147E-03   0.199489E-04   0.213694E-01   0.492787E-02   0.350000E-03
 488  -0.489745E-03  -0.671032E-04   0.218917E-01   0.509808E-02   0.200000E-03
 489   0.545532E-03  -0.115503E-02   0.246618E-01   0.396045E-02   0.250000E-03
 490  -0.118493E-03  -0.367158E-03   0.273265E-01   0.338681E-02   0.250000E-03
 491  -0.521872E-04  -0.436150E-03   0.283306E-01   0.344208E-02   0.300000E-03
 492   0.112468E-03  -0.283575E-03   0.293162E-01   0.380821E-02   0.400000E-03
 493  -0.198904E-03  -0.109695E-02   0.300896E-01   0.358016E-02   0.300000E-03
 494  -0.234493E-03  -0.183622E-04   0.312390E-01   0.371235E-02   0.200000E-03
 495   0.770338E-03   0.486807E-03   0.328825E-01   0.402567E-02   0.200000E-03
 496   0.912933E-03   0.630498E-03   0.359447E-01   0.419712E-02   0.350000E-03
 497   0.108415E-02   0.297035E-03   0.360985E-01   0.372348E-02   0.150000E-03
 498   0.147955E-02   0.421139E-03   0.373511E-01   0.380222E-02   0.250000E-03
 499   0.147499E-02  -0.447624E-04   0.375263E-01   0.333535E-02   0.250000E-03
 500   0.409927E-03   0.574085E-03   0.393999E-01   0.309595E-02   0.150000E-03
 501   0.187882E-03  -0.569516E-03   0.401643E-01   0.245389E-02   0.250000E-03
 502  -0.327017E-03  -0.238707E-03   0.413362E-01   0.208439E-02   0.300000E-03
 503  -0.811490E-03   0.180273E-03   0.429751E-01   0.262810E-02   0.350000E-03
 504  -0.180701E-03  -0.103511E-02   0.433249E-01   0.207728E-02   0.300000E-03
 505   0.323783E-03   0.543575E-03   0.165083E-02   0.380344E-02   0.350000E-03
 506   0.418076E-03   0.437945E-03   0.187136E-02   0.324778E-02   0.250000E-03
 507   0.352654E-04   0.377716E-03   0.332642E-02   0.343245E-02   0.250000E-03
 508  -0.484669E-04   0.132604E-03   0.433573E-02   0.356888E-02   0.300000E-03
 509  -0.154648E-03   0.182295E-03   0.609468E-02   0.421750E-02   0.250000E-03
 510  -0.378924E-04   0.681601E-03   0.749846E-02   0.455946E-02   0.300000E-03
 511  -0.220758E-03   0.610278E-03   0.878712E-02   0.426855E-02   0.300000E-03
 512  -0.925117E-04  -0.544057E-03   0.103326E-01   0.375929E-02   0.350000E-03
 513  -0.583146E-03  -0.477257E-03   0.114729E-01   0.348463E-02   0.300000E-03
 514  -0.523573E-03   0.139064E-03   0.128629E-01   0.437322E-02   0.400000E-03
 515  -0.317648E-03   0.152338E-03   0.136158E-01   0.408644E-02   0.350000E-03
 516  -0.516524E-03   0.210742E-03   0.142615E-01   0.454735E-02   0.350000E-03
 517  -0.185590E-03   0.295998E-03   0.151562E-01   0.447016E-02   0.150000E-03
 518  -0.463528E-03   0.128369E-03   0.154938E-01   0.523343E-02   0.400000E-03
 519  -0.682109E-03   0.470831E-04   0.177370E-01   0.503986E-02   0.350000E-03
 520  -0.762965E-03  -0.112408E-03   0.191687E-01   0.546310E-02   0.300000E-03
 521  -0.585672E-03  -0.232129E-03   0.201414E-01   0.558684E-02   0.400000E-03
 522  -0.397675E-03   0.272374E-03   0.207461E-01   0.523861E-02   0.250000E-03
 523  -0.559972E-03  -0.148883E-04   0.218718E-01   0.554582E-02   0.250000E-03
 524  -0.717046E-03  -0.232454E-03   0.231632E-01   0.408103E-02   0.300000E-03
 525  -0.369467E-03  -0.538455E-03   0.251981E-01   0.436915E-02   0.400000E-03
 526  -0.370937E-03  -0.553836E-03   0.256669E-01   0.392168E-02   0.250000E-03
 527  -0.107165E-03  -0.541586E-03   0.277909E-01   0.370096E-02   0.300000E-03
 528   0.173023E-03  -0.284043E-03   0.291746E-01   0.454340E-02   0.350000E-03
 529   0.606318E-03  -0.764383E-04   0.305434E-01   0.443944E-02   0.300000E-03
 530   0.590893E-03   0.568821E-03   0.321630E-01   0.405425E-02   0.150000E-03
 531   0.439180E-03   0.562505E-03   0.330265E-01   0.360172E-02   0.200000E-03
 532   0.506703E-03   0.721431E-03   0.352009E-01   0.427946E-02   0.400000E-03
 533   0.911704E-03   0.597879E-03   0.368286E-01   0.397179E-02   0.300000E-03
 534   0.123490E-02  -0.108910E-03   0.382281E-01   0.440206E-02   0.300000E-03
 535  -0.630415E-03   0.135325E-02   0.379100E-01   0.372915E-02   0.300000E-03
 536   0.362995E-03   0.456733E-03   0.386440E-01   0.311006E-02   0.150000E-03
 537   0.646426E-03  -0.264960E-03   0.404394E-01   0.274091E-02   0.150000E-03
 538   0.280270E-04   0.244149E-03   0.417707E-01   0.249406E-02   0.300000E-03
 539  -0.191055E-03   0.405293E-03   0.423638E-01   0.241156E-02   0.300000E-03
 540   0.798540E-04  -0.752843E-06   0.439712E-01   0.285035E-02   0.250000E-03
 541   0.149935E-03   0.699957E-03   0.479366E-02   0.846080E-02   0.300000E-03
 542  -0.226326E-03   0.424748E-03   0.258234E-02   0.347674E-02   0.500000E-03
 543  -0.269876E-03   0.142326E-03   0.376764E-02   0.375690E-02   0.300000E-03
 544  -0.928444E-04   0.220292E-03   0.419917E-02   0.409730E-02   0.250000E-03
 545  -0.227179E-03   0.499407E-03   0.533487E-02   0.409534E-02   0.250000E-03
 546  -0.209055E-03   0.377781E-03   0.859179E-02   0.499222E-02   0.450000E-03
 547   0.774010E-04   0.772657E-03   0.929053E-02   0.459337E-02   0.300000E-03
 548   0.203380E-03   0.821662E-03   0.977850E-02   0.448584E-02   0.200000E-03
 549  -0.150886E-03  -0.233852E-03   0.110675E-01   0.432267E-02   0.400000E-03
 550  -0.582733E-03  -0.281940E-04   0.116364E-01   0.400878E-02   0.250000E-03
 551  -0.423769E-03   0.853361E-04   0.135380E-01   0.488250E-02   0.450000E-03
 552  -0.344493E-03  -0.298189E-04   0.142498E-01   0.524489E-02   0.350000E-03
 553  -0.605025E-03  -0.180645E-03   0.148792E-01   0.478416E-02   0.250000E-03
 554  -0.504651E-03   0.278406E-03   0.150821E-01   0.573240E-02   0.250000E-03
 555  -0.575894E-03   0.991598E-04   0.160159E-01   0.583629E-02   0.400000E-03
 556  -0.784340E-03  -0.488488E-04   0.181491E-01   0.553925E-02   0.300000E-03
 557  -0.627820E-03  -0.590769E-04   0.188807E-01   0.481693E-02   0.150000E-03
 558  -0.714358E-03   0.110274E-04   0.212372E-01   0.566163E-02   0.400000E-03
 559  -0.384316E-03  -0.253578E-03   0.226258E-01   0.463830E-02   0.250000E-03
 560  -0.743638E-03   0.182778E-03   0.237179E-01   0.439850E-02   0.250000E-03
 561  -0.362029E-03  -0.586096E-03   0.259498E-01   0.444751E-02   0.350000E-03
 562  -0.202921E-03  -0.494031E-03   0.262534E-01   0.381812E-02   0.350000E-03
 563   0.418573E-05  -0.250216E-03   0.285740E-01   0.409527E-02   0.400000E-03
 564   0.669521E-04  -0.199718E-03   0.285754E-01   0.479399E-02   0.300000E-03
 565   0.424225E-03  -0.319344E-03   0.299321E-01   0.423061E-02   0.350000E-03
 566   0.207593E-03  -0.417870E-03   0.312907E-01   0.436371E-02   0.450000E-03
 567   0.241028E-03   0.467873E-03   0.333099E-01   0.328648E-02   0.150000E-03
 568   0.284840E-03   0.638224E-03   0.338514E-01   0.384781E-02   0.100000E-03
 569   0.100011E-02   0.230664E-03   0.370074E-01   0.448866E-02   0.250000E-03
 570   0.118091E-02   0.193101E-03   0.378189E-01   0.483937E-02   0.300000E-03
 571   0.421397E-03   0.104998E-02   0.384734E-01   0.352411E-02   0.300000E-03
 572  -0.315555E-03   0.288286E-03   0.390575E-01   0.338750E-02   0.300000E-03
 573  -0.565943E-03   0.244255E-03   0.397410E-01   0.280237E-02   0.300000E-03
 574  -0.877740E-04   0.248007E-03   0.414189E-01   0.320804E-02   0.500000E-03
 575  -0.254047E-04   0.125709E-03   0.421323E-01   0.290738E-02   0.250000E-03
 576   0.450346E-03   0.553517E-03   0.444171E-01   0.386014E-02   0.300000E-03
 577  -0.177850E-03   0.193504E-02   0.298627E-03   0.461009E-02   0.300000E-03
 578  -0.277281E-03   0.389728E-03   0.261518E-02   0.432053E-02   0.350000E-03
 579   0.264823E-03   0.216037E-03   0.476733E-02   0.428574E-02   0.350000E-03
 580  -0.263377E-03   0.385336E-03   0.544686E-02   0.457942E-02   0.250000E-03
 581  -0.120949E-03   0.262729E-03   0.706480E-02   0.414666E-02   0.150000E-03
 582   0.344097E-03  -0.224146E-03   0.793113E-02   0.487846E-02   0.200000E-03
 583  -0.253156E-03  -0.136308E-03   0.993436E-02   0.490515E-02   0.250000E-03
 584  -0.126546E-03  -0.221996E-03   0.103316E-01   0.445762E-02   0.350000E-03
 585  -0.329198E-03  -0.342814E-03   0.107332E-01   0.514844E-02   0.450000E-03
 586  -0.617486E-03  -0.133740E-03   0.118744E-01   0.450401E-02   0.300000E-03
 587  -0.348752E-03   0.135758E-04   0.123438E-01   0.467101E-02   0.200000E-03
 588  -0.486920E-03   0.198655E-03   0.136373E-01   0.552449E-02   0.200000E-03
 589   0.498178E-03   0.502729E-04   0.148473E-01   0.528406E-02   0.250000E-03
 590  -0.351392E-04  -0.657381E-04   0.154408E-01   0.600194E-02   0.200000E-03
 591  -0.544470E-03   0.469551E-04   0.173813E-01   0.551787E-02   0.250000E-03
 592  -0.750348E-03   0.109327E-03   0.181561E-01   0.613655E-02   0.300000E-03
 593  -0.937359E-03  -0.403097E-03   0.195212E-01   0.594649E-02   0.300000E-03
 594  -0.480459E-03  -0.143214E-03   0.206544E-01   0.613140E-02   0.350000E-03
 595  -0.684102E-03  -0.757100E-04   0.222785E-01   0.499774E-02   0.200000E-03
 596  -0.676247E-03   0.245797E-03   0.232192E-01   0.472689E-02   0.350000E-03
 597   0.507116E-03  -0.716013E-03   0.244249E-01   0.456525E-02   0.400000E-03
 598  -0.316256E-03  -0.471674E-03   0.266453E-01   0.439478E-02   0.350000E-03
 599  -0.130967E-03  -0.646045E-03   0.271997E-01   0.396922E-02   0.350000E-03
 600   0.403441E-03  -0.182933E-03   0.299241E-01   0.487875E-02   0.300000E-03
 601   0.304736E-03   0.144556E-04   0.305397E-01   0.508113E-02   0.350000E-03
 602  -0.912220E-03  -0.757408E-03   0.310015E-01   0.488934E-02   0.150000E-03
 603   0.606558E-03   0.186782E-03   0.330293E-01   0.455392E-02   0.350000E-03
 604   0.579631E-03   0.619125E-03   0.334264E-01   0.397873E-02   0.350000E-03
 605   0.693883E-03   0.343689E-03   0.364232E-01   0.477001E-02   0.400000E-03
 606   0.867588E-03  -0.594527E-04   0.385034E-01   0.513930E-02   0.450000E-03
 607   0.430037E-03   0.549380E-03   0.386410E-01   0.404259E-02   0.250000E-03
 608   0.471214E-03   0.724758E-03   0.396611E-01   0.346052E-02   0.300000E-03
 609   0.210794E-03   0.846049E-03   0.402541E-01   0.319934E-02   0.350000E-03
 610   0.116596E-02  -0.476880E-04   0.409148E-01   0.278471E-02   0.150000E-03
 611  -0.235844E-03   0.194728E-03   0.428038E-01   0.361210E-02   0.450000E-03
 612  -0.348070E-04   0.373799E-04   0.434479E-01   0.314472E-02   0.350000E-03
 613  -0.234469E-03   0.148029E-03   0.104543E-01   0.861269E-02   0.350000E-03
 614   0.806152E-04   0.378912E-03   0.314220E-02   0.446742E-02   0.200000E-03
 615  -0.234765E-03   0.443158E-03   0.368632E-02   0.440588E-02   0.350000E-03
 616   0.528940E-04   0.124078E-03   0.569858E-02   0.426998E-02   0.150000E-03
 617   0.628439E-04   0.397336E-03   0.664742E-02   0.444976E-02   0.350000E-03
 618  -0.147843E-03   0.261778E-03   0.809335E-02   0.555030E-02   0.300000E-03
 619  -0.193065E-04   0.585660E-03   0.931247E-02   0.519075E-02   0.300000E-03
 620  -0.148176E-03   0.177334E-03   0.990497E-02   0.555220E-02   0.400000E-03
 621  -0.479428E-03   0.137426E-04   0.114176E-01   0.533263E-02   0.250000E-03
 622  -0.457906E-03  -0.505876E-03   0.114482E-01   0.484210E-02   0.250000E-03
 623  -0.279207E-03   0.908569E-04   0.126850E-01   0.510129E-02   0.350000E-03
 624  -0.559090E-03   0.166528E-03   0.139833E-01   0.572472E-02   0.200000E-03
 625  -0.274975E-03   0.159917E-03   0.145064E-01   0.589146E-02   0.350000E-03
 626  -0.687950E-03   0.271863E-05   0.166349E-01   0.550239E-02   0.150000E-03
 627  -0.672375E-03   0.566250E-04   0.169528E-01   0.564756E-02   0.200000E-03
 628  -0.503989E-03   0.804611E-04   0.175653E-01   0.603241E-02   0.300000E-03
 629  -0.752567E-03   0.477467E-04   0.188239E-01   0.647022E-02   0.450000E-03
 630  -0.571524E-03  -0.721737E-03   0.218617E-01   0.609552E-02   0.300000E-03
 631  -0.543849E-03  -0.402369E-04   0.227627E-01   0.525589E-02   0.350000E-03
 632  -0.777264E-03   0.106137E-03   0.238336E-01   0.493503E-02   0.300000E-03
 633   0.450997E-03  -0.759561E-03   0.246817E-01   0.515785E-02   0.250000E-03
 634  -0.236110E-03  -0.406486E-03   0.271777E-01   0.451563E-02   0.200000E-03
 635   0.284762E-03  -0.286078E-03   0.278202E-01   0.447019E-02   0.450000E-03
 636   0.293509E-03  -0.289543E-04   0.293925E-01   0.515343E-02   0.300000E-03
 637   0.354376E-03  -0.871917E-04   0.303456E-01   0.569715E-02   0.300000E-03
 638   0.874879E-03  -0.164097E-03   0.321331E-01   0.472736E-02   0.350000E-03
 639   0.576744E-03   0.770808E-03   0.342892E-01   0.481115E-02   0.250000E-03
 640   0.503519E-03   0.773974E-03   0.345045E-01   0.431077E-02   0.300000E-03
 641   0.574451E-03   0.298206E-03   0.368892E-01   0.529062E-02   0.300000E-03
 642   0.822670E-03   0.128060E-03   0.372759E-01   0.490313E-02   0.250000E-03
 643   0.487396E-03   0.814017E-03   0.388083E-01   0.451045E-02   0.250000E-03
 644   0.553062E-03   0.580062E-03   0.392898E-01   0.405210E-02   0.400000E-03
 645  -0.438272E-03   0.132994E-03   0.417245E-01   0.383690E-02   0.200000E-03
 646   0.299641E-03   0.342931E-03   0.407756E-01   0.329991E-02   0.150000E-03
 647  -0.238630E-03   0.342694E-04   0.425721E-01   0.300156E-02   0.200000E-03
 648   0.104608E-03   0.716055E-03   0.448040E-01   0.355057E-02   0.200000E-03
 649  -0.308744E-03   0.175033E-02   0.714073E-03   0.488543E-02   0.200000E-03
 650  -0.758101E-04   0.128547E-03   0.267001E-02   0.501202E-02   0.350000E-03
 651  -0.462112E-03   0.285138E-03   0.320793E-02   0.397143E-02   0.300000E-03
 652  -0.119267E-03   0.179154E-03   0.457664E-02   0.489675E-02   0.200000E-03
 653   0.128798E-04  -0.148157E-03   0.657131E-02   0.494301E-02   0.150000E-03
 654  -0.298404E-04   0.197787E-03   0.746142E-02   0.525174E-02   0.400000E-03
 655  -0.228474E-03   0.227815E-03   0.877171E-02   0.577010E-02   0.350000E-03
 656  -0.152896E-03   0.127788E-03   0.935691E-02   0.589737E-02   0.250000E-03
 657  -0.183582E-03   0.163942E-03   0.104807E-01   0.593652E-02   0.300000E-03
 658  -0.492856E-03   0.123045E-03   0.119865E-01   0.514377E-02   0.350000E-03
 659  -0.423441E-03  -0.313202E-04   0.131591E-01   0.546808E-02   0.250000E-03
 660  -0.512153E-03   0.263460E-03   0.136265E-01   0.620563E-02   0.400000E-03
 661  -0.376884E-03   0.135061E-03   0.150267E-01   0.627955E-02   0.300000E-03
 662  -0.617395E-03   0.421178E-05   0.163592E-01   0.643937E-02   0.300000E-03
 663  -0.866175E-03   0.275818E-03   0.166510E-01   0.597678E-02   0.250000E-03
 664  -0.649719E-03   0.504959E-04   0.177801E-01   0.653609E-02   0.250000E-03
 665  -0.551819E-03  -0.186257E-03   0.200218E-01   0.627576E-02   0.300000E-03
 666  -0.711114E-03  -0.246364E-03   0.212625E-01   0.635989E-02   0.300000E-03
 667  -0.560318E-03  -0.617149E-04   0.223689E-01   0.576775E-02   0.300000E-03
 668  -0.653331E-03  -0.154471E-03   0.234049E-01   0.535232E-02   0.300000E-03
 669  -0.565916E-04  -0.954569E-03   0.248856E-01   0.475898E-02   0.100000E-03
 670  -0.581435E-03  -0.161447E-03   0.263876E-01   0.487917E-02   0.200000E-03
 671   0.669906E-03  -0.888806E-04   0.285184E-01   0.530250E-02   0.200000E-03
 672   0.227777E-03  -0.254111E-03   0.281200E-01   0.510138E-02   0.250000E-03
 673   0.366897E-03   0.487025E-04   0.310273E-01   0.557307E-02   0.350000E-03
 674   0.375878E-03   0.118918E-03   0.315534E-01   0.511704E-02   0.350000E-03
 675   0.447143E-03   0.525438E-03   0.325033E-01   0.426034E-02   0.250000E-03
 676   0.496733E-03   0.777431E-03   0.347875E-01   0.477994E-02   0.250000E-03
 677   0.574208E-03   0.127596E-03   0.369715E-01   0.598411E-02   0.400000E-03
 678   0.891813E-03   0.364418E-03   0.374301E-01   0.537717E-02   0.250000E-03
 679  -0.317664E-04   0.357865E-03   0.390922E-01   0.541985E-02   0.200000E-03
 680  -0.882549E-04   0.239564E-03   0.392645E-01   0.489871E-02   0.350000E-03
 681  -0.798708E-04   0.325795E-03   0.410944E-01   0.388000E-02   0.250000E-03
 682  -0.411233E-04   0.219959E-03   0.421386E-01   0.340558E-02   0.250000E-03
 683   0.192643E-03   0.847015E-03   0.440227E-01   0.455019E-02   0.500000E-03
 684  -0.120282E-03  -0.856689E-04   0.440443E-01   0.339412E-02   0.300000E-03
 685   0.282352E-03   0.469868E-04   0.349617E-03   0.728752E-02   0.350000E-03
 686   0.735755E-05   0.888897E-04   0.333129E-02   0.558382E-02   0.350000E-03
 687   0.231490E-04   0.141657E-03   0.331431E-02   0.493601E-02   0.300000E-03
 688   0.194774E-03   0.199743E-03   0.501881E-02   0.482952E-02   0.250000E-03
 689   0.211803E-03   0.533920E-03   0.706468E-02   0.480252E-02   0.200000E-03
 690  -0.648239E-04   0.242825E-03   0.760374E-02   0.598098E-02   0.350000E-03
 691  -0.255039E-03   0.100909E-03   0.878060E-02   0.647565E-02   0.350000E-03
 692  -0.153316E-03   0.244009E-04   0.990247E-02   0.625109E-02   0.300000E-03
 693  -0.173023E-03  -0.114622E-03   0.104013E-01   0.647756E-02   0.250000E-03
 694  -0.359248E-03   0.136772E-03   0.111218E-01   0.584732E-02   0.350000E-03
 695  -0.554035E-03   0.272580E-03   0.129033E-01   0.600947E-02   0.350000E-03
 696  -0.317812E-03  -0.132905E-03   0.146291E-01   0.720238E-02   0.250000E-03
 697  -0.253131E-03  -0.521453E-04   0.143383E-01   0.661862E-02   0.400000E-03
 698  -0.704560E-03   0.282174E-04   0.156692E-01   0.655702E-02   0.400000E-03
 699  -0.512668E-03   0.505670E-04   0.170862E-01   0.660794E-02   0.450000E-03
 700  -0.690368E-03  -0.176754E-04   0.182014E-01   0.688700E-02   0.300000E-03
 701  -0.817209E-03   0.333376E-04   0.195510E-01   0.664284E-02   0.300000E-03
 702  -0.452115E-03  -0.169587E-03   0.204308E-01   0.684252E-02   0.400000E-03
 703  -0.665228E-03  -0.139082E-03   0.230437E-01   0.595062E-02   0.400000E-03
 704  -0.682806E-03   0.125731E-03   0.241699E-01   0.554729E-02   0.400000E-03
 705  -0.387717E-03  -0.426399E-03   0.251575E-01   0.501514E-02   0.250000E-03
 706  -0.364168E-03  -0.267316E-03   0.259702E-01   0.504615E-02   0.250000E-03
 707  -0.275046E-03  -0.373132E-03   0.269772E-01   0.507712E-02   0.400000E-03
 708   0.395817E-03  -0.776738E-04   0.298696E-01   0.542527E-02   0.250000E-03
 709   0.113452E-02  -0.346283E-03   0.320799E-01   0.527438E-02   0.200000E-03
 710   0.896995E-03  -0.159616E-03   0.326556E-01   0.502140E-02   0.250000E-03
 711   0.641846E-03   0.735753E-03   0.337272E-01   0.460630E-02   0.350000E-03
 712   0.305748E-03   0.431282E-03   0.351329E-01   0.520720E-02   0.300000E-03
 713   0.195414E-03   0.124749E-03   0.381588E-01   0.636513E-02   0.350000E-03
 714   0.567487E-03   0.232467E-03   0.379325E-01   0.569965E-02   0.350000E-03
 715   0.667864E-03  -0.214483E-03   0.388245E-01   0.564140E-02   0.150000E-03
 716   0.880002E-04   0.105883E-03   0.397294E-01   0.452878E-02   0.250000E-03
 717   0.191217E-03   0.912447E-03   0.400635E-01   0.366130E-02   0.150000E-03
 718  -0.869181E-04   0.168259E-03   0.421692E-01   0.390322E-02   0.250000E-03
 719   0.417886E-03   0.605939E-03   0.448016E-01   0.545636E-02   0.200000E-03
 720   0.235650E-03   0.728215E-03   0.434073E-01   0.728794E-02   0.350000E-03
 721   0.106330E-03   0.521238E-03   0.215224E-02   0.402692E-02   0.200000E-03
 722   0.299336E-03   0.106220E-03   0.202706E-02   0.510117E-02   0.300000E-03
 723   0.475668E-04   0.377025E-03   0.425243E-02   0.459199E-02   0.250000E-03
 724  -0.204299E-03   0.500381E-03   0.602708E-02   0.486384E-02   0.400000E-03
 725   0.313054E-03   0.309751E-03   0.692718E-02   0.512367E-02   0.150000E-03
 726  -0.504705E-04   0.643811E-03   0.652058E-02   0.549017E-02   0.400000E-03
 727  -0.191563E-03   0.223460E-03   0.823356E-02   0.613289E-02   0.300000E-03
 728  -0.152228E-03   0.758026E-04   0.937336E-02   0.639491E-02   0.250000E-03
 729  -0.272768E-04   0.296319E-03   0.971584E-02   0.682429E-02   0.300000E-03
 730  -0.435597E-03   0.333990E-03   0.123655E-01   0.560876E-02   0.250000E-03
 731  -0.178149E-03   0.163683E-03   0.122321E-01   0.620528E-02   0.350000E-03
 732  -0.241758E-03   0.322902E-04   0.131228E-01   0.661431E-02   0.250000E-03
 733  -0.288152E-03  -0.972191E-04   0.149541E-01   0.682322E-02   0.250000E-03
 734  -0.986891E-03   0.683309E-03   0.161672E-01   0.689459E-02   0.200000E-03
 735  -0.601927E-03  -0.100779E-03   0.176293E-01   0.719381E-02   0.350000E-03
 736  -0.797638E-03  -0.881520E-04   0.191255E-01   0.726376E-02   0.400000E-03
 737  -0.806642E-03  -0.305425E-04   0.198186E-01   0.717825E-02   0.300000E-03
 738  -0.594590E-03   0.120801E-03   0.215039E-01   0.701435E-02   0.400000E-03
 739  -0.488827E-03  -0.120033E-03   0.224504E-01   0.640837E-02   0.350000E-03
 740  -0.469279E-03  -0.159495E-03   0.237595E-01   0.617083E-02   0.350000E-03
 741   0.150075E-03  -0.344841E-03   0.248321E-01   0.563267E-02   0.250000E-03
 742  -0.595564E-03  -0.211373E-03   0.263826E-01   0.532875E-02   0.250000E-03
 743   0.206350E-03  -0.267523E-03   0.276227E-01   0.513924E-02   0.250000E-03
 744   0.207807E-03  -0.259010E-04   0.288951E-01   0.517813E-02   0.200000E-03
 745   0.786743E-03   0.136285E-03   0.316097E-01   0.571418E-02   0.250000E-03
 746   0.106853E-02   0.361629E-03   0.328109E-01   0.559986E-02   0.350000E-03
 747   0.856500E-03   0.557299E-03   0.332804E-01   0.515207E-02   0.300000E-03
 748   0.254568E-03   0.458907E-03   0.356788E-01   0.485516E-02   0.350000E-03
 749   0.640740E-03   0.319632E-03   0.363184E-01   0.546055E-02   0.300000E-03
 750   0.238821E-03   0.132625E-03   0.385045E-01   0.587618E-02   0.250000E-03
 751   0.662988E-03  -0.253732E-03   0.391591E-01   0.593486E-02   0.300000E-03
 752   0.440710E-03  -0.594871E-05   0.401808E-01   0.422515E-02   0.300000E-03
 753   0.394007E-03   0.782738E-03   0.407150E-01   0.300668E-02   0.150000E-03
 754  -0.599623E-04   0.165627E-03   0.418899E-01   0.418692E-02   0.150000E-03
 755  -0.256583E-03   0.359517E-03   0.425417E-01   0.415075E-02   0.150000E-03
 756   0.300441E-03   0.865922E-03   0.431056E-01   0.671232E-02   0.300000E-03
 757   0.289318E-03   0.277546E-03   0.183982E-02   0.447902E-02   0.350000E-03
 758  -0.658307E-04   0.117273E-03   0.402382E-02   0.565926E-02   0.350000E-03
 759   0.251026E-03   0.129244E-03   0.390778E-02   0.501970E-02   0.300000E-03
 760   0.208550E-03   0.168903E-03   0.473022E-02   0.556514E-02   0.300000E-03
 761   0.158905E-03   0.242618E-03   0.539801E-02   0.535614E-02   0.400000E-03
 762   0.297838E-03   0.423851E-03   0.590083E-02   0.590928E-02   0.350000E-03
 763  -0.275102E-03   0.316716E-03   0.688739E-02   0.619822E-02   0.400000E-03
 764  -0.230004E-03   0.650802E-03   0.816008E-02   0.672813E-02   0.300000E-03
 765  -0.540080E-03  -0.148777E-03   0.115569E-01   0.638961E-02   0.350000E-03
 766  -0.384165E-03  -0.436273E-04   0.117648E-01   0.575477E-02   0.300000E-03
 767  -0.453441E-03  -0.386396E-05   0.126857E-01   0.651330E-02   0.200000E-03
 768  -0.547179E-03   0.522845E-04   0.137311E-01   0.684622E-02   0.250000E-03
 769  -0.256131E-03   0.211041E-04   0.152570E-01   0.734030E-02   0.350000E-03
 770  -0.329420E-03   0.636291E-04   0.158394E-01   0.720153E-02   0.250000E-03
 771  -0.741304E-03   0.999748E-04   0.165649E-01   0.678189E-02   0.100000E-03
 772  -0.826446E-03  -0.103753E-03   0.184847E-01   0.735476E-02   0.250000E-03
 773  -0.712246E-03   0.130939E-03   0.202106E-01   0.775720E-02   0.400000E-03
 774  -0.325171E-03  -0.208370E-04   0.208860E-01   0.743430E-02   0.350000E-03
 775  -0.665347E-03  -0.194385E-03   0.232963E-01   0.654861E-02   0.250000E-03
 776   0.141414E-03  -0.298640E-03   0.249024E-01   0.607653E-02   0.200000E-03
 777  -0.548920E-03  -0.365447E-03   0.255704E-01   0.484080E-02   0.200000E-03
 778  -0.380234E-03  -0.294145E-03   0.259689E-01   0.549503E-02   0.200000E-03
 779   0.486130E-03   0.151431E-03   0.277674E-01   0.566763E-02   0.300000E-03
 780   0.284282E-03   0.635846E-05   0.294037E-01   0.580104E-02   0.350000E-03
 781   0.369117E-03  -0.112490E-03   0.307198E-01   0.602862E-02   0.200000E-03
 782   0.121981E-02   0.181143E-03   0.321564E-01   0.576811E-02   0.300000E-03
 783   0.623439E-03   0.593093E-03   0.339166E-01   0.527877E-02   0.350000E-03
 784   0.524829E-03   0.729630E-03   0.344651E-01   0.522340E-02   0.200000E-03
 785   0.252941E-03   0.386774E-03   0.356793E-01   0.555485E-02   0.350000E-03
 786   0.211783E-02   0.641185E-03   0.375833E-01   0.620092E-02   0.250000E-03
 787   0.158547E-02   0.104324E-04   0.397228E-01   0.613407E-02   0.300000E-03
 788  -0.671211E-04   0.352671E-03   0.396364E-01   0.549026E-02   0.350000E-03
 789   0.623485E-05   0.373691E-03   0.405602E-01   0.376419E-02   0.300000E-03
 790  -0.343801E-03   0.800650E-04   0.414554E-01   0.428900E-02   0.300000E-03
 791   0.654527E-05  -0.517678E-04   0.431058E-01   0.435407E-02   0.350000E-03
 792   0.223015E-03   0.576633E-03   0.438754E-01   0.518298E-02   0.150000E-03
 793  -0.726881E-04   0.125239E-03   0.284571E-02   0.547657E-02   0.150000E-03
 794  -0.512269E-04   0.109650E-03   0.244703E-02   0.545632E-02   0.150000E-03
 795  -0.239916E-04  -0.245792E-04   0.436090E-02   0.522905E-02   0.200000E-03
 796   0.246560E-04   0.217818E-04   0.266242E-02   0.646492E-02   0.300000E-03
 797   0.570716E-04   0.246459E-03   0.450260E-02   0.623479E-02   0.400000E-03
 798   0.163805E-03   0.190632E-03   0.516687E-02   0.601567E-02   0.300000E-03
 799  -0.165636E-03   0.465383E-03   0.751246E-02   0.667149E-02   0.350000E-03
 800  -0.312387E-03  -0.413691E-03   0.883337E-02   0.707242E-02   0.250000E-03
 801  -0.193301E-03  -0.210600E-03   0.108162E-01   0.675317E-02   0.250000E-03
 802  -0.477818E-03  -0.286030E-03   0.112854E-01   0.692375E-02   0.250000E-03
 803  -0.158378E-03   0.905969E-05   0.120194E-01   0.676570E-02   0.250000E-03
 804  -0.284461E-03  -0.132976E-03   0.132703E-01   0.714374E-02   0.300000E-03
 805  -0.200221E-03  -0.121440E-03   0.140837E-01   0.727023E-02   0.300000E-03
 806  -0.355689E-03   0.664739E-04   0.157213E-01   0.763450E-02   0.200000E-03
 807  -0.669165E-03  -0.180867E-03   0.180572E-01   0.761358E-02   0.250000E-03
 808  -0.757132E-03  -0.343502E-03   0.191459E-01   0.811255E-02   0.450000E-03
 809  -0.550259E-03  -0.628487E-04   0.214718E-01   0.771330E-02   0.300000E-03
 810  -0.649614E-03   0.155136E-03   0.222022E-01   0.700444E-02   0.300000E-03
 811  -0.472629E-03   0.145727E-05   0.237972E-01   0.681729E-02   0.300000E-03
 812  -0.625826E-03  -0.392744E-03   0.244183E-01   0.620107E-02   0.300000E-03
 813  -0.323931E-03  -0.273958E-03   0.254251E-01   0.554627E-02   0.350000E-03
 814  -0.118285E-03  -0.478696E-03   0.272723E-01   0.559910E-02   0.200000E-03
 815   0.686558E-03  -0.610943E-04   0.286594E-01   0.588342E-02   0.400000E-03
 816   0.332393E-03   0.246225E-03   0.312140E-01   0.608191E-02   0.200000E-03
 817   0.319406E-03  -0.179315E-04   0.302522E-01   0.628638E-02   0.300000E-03
 818   0.114438E-02   0.137878E-03   0.325712E-01   0.620108E-02   0.300000E-03
 819   0.865104E-03   0.318445E-03   0.334481E-01   0.572779E-02   0.300000E-03
 820   0.337856E-03   0.398361E-03   0.347270E-01   0.564783E-02   0.300000E-03
 821   0.643370E-03   0.554623E-03   0.362351E-01   0.605224E-02   0.300000E-03
 822   0.182297E-03   0.120406E-03   0.378329E-01   0.692722E-02   0.300000E-03
 823   0.219917E-03   0.156019E-03   0.387558E-01   0.630811E-02   0.250000E-03
 824  -0.273298E-06  -0.324508E-04   0.408180E-01   0.555719E-02   0.350000E-03
 825   0.891313E-04   0.101883E-03   0.402578E-01   0.498681E-02   0.450000E-03
 826   0.263530E-03  -0.756133E-04   0.408042E-01   0.440396E-02   0.350000E-03
 827  -0.661585E-04   0.234980E-03   0.422288E-01   0.439890E-02   0.250000E-03
 828   0.139879E-02   0.359793E-03   0.402853E-01   0.692733E-02   0.350000E-03
 829  -0.687995E-05   0.701358E-04   0.262779E-02   0.586763E-02   0.300000E-03
 830  -0.237079E-03  -0.718419E-03   0.299982E-03   0.520927E-02   0.300000E-03
 831  -0.184823E-03   0.134311E-02   0.313545E-03   0.570792E-02   0.200000E-03
 832   0.177299E-04   0.102114E-03   0.310509E-02   0.613850E-02   0.250000E-03
 833   0.840027E-04   0.273189E-03   0.328355E-02   0.665727E-02   0.300000E-03
 834   0.151157E-03   0.216031E-03   0.509187E-02   0.661035E-02   0.300000E-03
 835   0.239219E-03   0.509106E-04   0.574239E-02   0.679509E-02   0.300000E-03
 836  -0.201904E-03   0.188984E-03   0.756602E-02   0.736704E-02   0.350000E-03
 837  -0.195961E-03  -0.939195E-04   0.108172E-01   0.630427E-02   0.200000E-03
 838  -0.136815E-03   0.762451E-05   0.117506E-01   0.730151E-02   0.350000E-03
 839  -0.442785E-03  -0.113045E-03   0.125735E-01   0.710204E-02   0.400000E-03
 840   0.941626E-04  -0.294291E-04   0.141603E-01   0.787231E-02   0.300000E-03
 841  -0.282733E-03   0.418883E-04   0.147450E-01   0.773938E-02   0.300000E-03
 842   0.325573E-03  -0.590058E-03   0.170528E-01   0.749166E-02   0.300000E-03
 843  -0.835325E-03  -0.379281E-03   0.184966E-01   0.785196E-02   0.250000E-03
 844  -0.891851E-03   0.407678E-03   0.198544E-01   0.835884E-02   0.300000E-03
 845  -0.324500E-03  -0.130612E-03   0.208695E-01   0.813251E-02   0.350000E-03
 846  -0.580327E-03  -0.209442E-04   0.219798E-01   0.750610E-02   0.250000E-03
 847  -0.704450E-03   0.797517E-04   0.232679E-01   0.709633E-02   0.300000E-03
 848  -0.393857E-03  -0.189324E-04   0.244914E-01   0.689717E-02   0.400000E-03
 849  -0.315052E-03  -0.129936E-03   0.254267E-01   0.624206E-02   0.350000E-03
 850  -0.216740E-03  -0.620701E-03   0.267401E-01   0.562349E-02   0.200000E-03
 851  -0.324996E-03  -0.559301E-04   0.266128E-01   0.610302E-02   0.300000E-03
 852   0.415479E-03   0.129010E-04   0.299135E-01   0.582242E-02   0.150000E-03
 853   0.940282E-03   0.374995E-03   0.317037E-01   0.632568E-02   0.350000E-03
 854   0.989990E-03   0.302741E-03   0.327871E-01   0.681373E-02   0.350000E-03
 855   0.985337E-03   0.104257E-03   0.331682E-01   0.625806E-02   0.300000E-03
 856   0.521930E-03   0.259155E-03   0.341233E-01   0.599732E-02   0.400000E-03
 857   0.278781E-03   0.385152E-03   0.352156E-01   0.607547E-02   0.350000E-03
 858   0.454922E-03   0.332934E-03   0.365655E-01   0.655213E-02   0.300000E-03
 859   0.987673E-03   0.471585E-03   0.392865E-01   0.646858E-02   0.250000E-03
 860  -0.616812E-03   0.190098E-03   0.402125E-01   0.578731E-02   0.300000E-03
 861  -0.124198E-03  -0.345519E-04   0.415156E-01   0.557476E-02   0.350000E-03
 862   0.134041E-03  -0.489371E-03   0.409748E-01   0.497860E-02   0.250000E-03
 863   0.288771E-03   0.690601E-03   0.432776E-01   0.513511E-02   0.450000E-03
 864   0.406467E-03   0.695934E-03   0.445504E-01   0.605426E-02   0.450000E-03
 865   0.168840E-03   0.106903E-03   0.137935E-02   0.505521E-02   0.350000E-03
 866   0.255254E-03   0.256008E-03   0.171150E-02   0.548830E-02   0.200000E-03
 867   0.894319E-04   0.523943E-04   0.204306E-02   0.627032E-02   0.350000E-03
 868  -0.374878E-03   0.698717E-03   0.369020E-02   0.621667E-02   0.300000E-03
 869   0.657403E-04   0.351693E-03   0.335393E-02   0.720034E-02   0.250000E-03
 870   0.125944E-03   0.126657E-03   0.624092E-02   0.646187E-02   0.300000E-03
 871  -0.279606E-03   0.508593E-03   0.690360E-02   0.689705E-02   0.300000E-03
 872  -0.151765E-03   0.613940E-04   0.921239E-02   0.681393E-02   0.200000E-03
 873  -0.234558E-03   0.240247E-03   0.102854E-01   0.701240E-02   0.300000E-03
 874  -0.493109E-03  -0.264964E-03   0.117048E-01   0.797629E-02   0.300000E-03
 875  -0.380273E-03  -0.227565E-03   0.122469E-01   0.771931E-02   0.300000E-03
 876  -0.235884E-03  -0.897379E-04   0.136100E-01   0.763556E-02   0.300000E-03
 877  -0.205294E-03  -0.345350E-03   0.146692E-01   0.833362E-02   0.300000E-03
 878  -0.101186E-02   0.577795E-03   0.164134E-01   0.738261E-02   0.350000E-03
 879  -0.422949E-03  -0.106159E-02   0.175196E-01   0.778200E-02   0.250000E-03
 880  -0.105573E-03  -0.176948E-03   0.177039E-01   0.829960E-02   0.300000E-03
 881  -0.592188E-03  -0.146689E-03   0.219645E-01   0.805556E-02   0.300000E-03
 882  -0.920294E-03   0.633706E-04   0.227246E-01   0.717238E-02   0.250000E-03
 883  -0.846466E-03  -0.190520E-03   0.229036E-01   0.661681E-02   0.150000E-03
 884  -0.620095E-03  -0.452978E-03   0.239760E-01   0.744083E-02   0.350000E-03
 885   0.461252E-03   0.841054E-04   0.260022E-01   0.738954E-02   0.400000E-03
 886  -0.359813E-03  -0.737424E-04   0.260246E-01   0.599061E-02   0.300000E-03
 887   0.642988E-03   0.237380E-03   0.284461E-01   0.659922E-02   0.350000E-03
 888   0.260487E-03  -0.595889E-05   0.295639E-01   0.658311E-02   0.450000E-03
 889   0.353957E-03   0.176220E-03   0.309067E-01   0.665283E-02   0.450000E-03
 890   0.979387E-03   0.336211E-03   0.322217E-01   0.662302E-02   0.250000E-03
 891   0.470449E-03   0.405605E-03   0.337310E-01   0.663457E-02   0.350000E-03
 892   0.506806E-03   0.194449E-03   0.346654E-01   0.658362E-02   0.400000E-03
 893   0.560845E-03   0.566914E-03   0.357638E-01   0.642210E-02   0.300000E-03
 894   0.206818E-03   0.164030E-03   0.385913E-01   0.677988E-02   0.250000E-03
 895   0.992325E-03   0.485680E-03   0.391011E-01   0.698554E-02   0.300000E-03
 896   0.335325E-04   0.604727E-03   0.419106E-01   0.695596E-02   0.300000E-03
 897  -0.124665E-04   0.808095E-03   0.424652E-01   0.661635E-02   0.350000E-03
 898  -0.543202E-03   0.279459E-03   0.426227E-01   0.461498E-02   0.200000E-03
 899   0.145072E-03   0.638800E-03   0.424828E-01   0.519618E-02   0.350000E-03
 900   0.224004E-03   0.607940E-03   0.438282E-01   0.571140E-02   0.350000E-03
 901   0.156740E-03   0.281416E-03   0.129195E-02   0.564608E-02   0.250000E-03
 902   0.446314E-04   0.388648E-03   0.307715E-02   0.761606E-02   0.250000E-03
 903   0.385472E-04   0.107676E-03   0.211538E-02   0.567600E-02   0.250000E-03
 904   0.547618E-05   0.327101E-03   0.276168E-02   0.710601E-02   0.350000E-03
 905  -0.101869E-03   0.430865E-03   0.399204E-02   0.691323E-02   0.450000E-03
 906   0.329592E-03   0.269964E-03   0.585514E-02   0.733646E-02   0.250000E-03
 907   0.367195E-03   0.350202E-03   0.555194E-02   0.633327E-02   0.200000E-03
 908  -0.313819E-03   0.202751E-03   0.884089E-02   0.762166E-02   0.300000E-03
 909  -0.141632E-03   0.941004E-04   0.934414E-02   0.729542E-02   0.300000E-03
 910  -0.247633E-03  -0.421150E-04   0.101224E-01   0.805395E-02   0.300000E-03
 911  -0.134922E-03   0.142908E-04   0.112636E-01   0.764924E-02   0.250000E-03
 912  -0.312406E-03  -0.409692E-03   0.151487E-01   0.860171E-02   0.250000E-03
 913  -0.322975E-03  -0.311303E-03   0.153435E-01   0.803429E-02   0.350000E-03
 914  -0.673847E-03  -0.409246E-03   0.161378E-01   0.813234E-02   0.450000E-03
 915   0.296615E-03  -0.114289E-03   0.170127E-01   0.819001E-02   0.400000E-03
 916  -0.906752E-03   0.404884E-03   0.204085E-01   0.858845E-02   0.300000E-03
 917  -0.628075E-03  -0.464377E-03   0.200018E-01   0.902839E-02   0.300000E-03
 918  -0.898649E-03   0.745501E-05   0.225325E-01   0.773964E-02   0.350000E-03
 919  -0.718033E-03   0.182791E-03   0.232325E-01   0.774497E-02   0.350000E-03
 920   0.261566E-04   0.485794E-04   0.248145E-01   0.641464E-02   0.150000E-03
 921  -0.106900E-02   0.460968E-03   0.234028E-01   0.847517E-02   0.350000E-03
 922  -0.345596E-03  -0.136957E-03   0.260022E-01   0.663966E-02   0.350000E-03
 923   0.478337E-03   0.150995E-03   0.278077E-01   0.631548E-02   0.350000E-03
 924   0.382952E-03  -0.137775E-03   0.289378E-01   0.722951E-02   0.450000E-03
 925   0.394327E-03   0.317866E-03   0.310957E-01   0.742973E-02   0.350000E-03
 926   0.826749E-03   0.996115E-03   0.315890E-01   0.696437E-02   0.300000E-03
 927   0.235096E-03  -0.540000E-04   0.336464E-01   0.719586E-02   0.200000E-03
 928   0.544049E-03   0.235740E-03   0.341736E-01   0.649399E-02   0.100000E-03
 929   0.598198E-03   0.175611E-03   0.372285E-01   0.668824E-02   0.350000E-03
 930  -0.514026E-03   0.473522E-03   0.412153E-01   0.663810E-02   0.300000E-03
 931  -0.239210E-03   0.793115E-04   0.411860E-01   0.607244E-02   0.250000E-03
 932   0.160356E-02   0.598607E-03   0.397378E-01   0.668295E-02   0.250000E-03
 933  -0.337138E-04   0.155802E-03   0.418061E-01   0.626419E-02   0.400000E-03
 934  -0.563714E-03   0.277754E-03   0.412452E-01   0.468515E-02   0.150000E-03
 935  -0.281315E-03   0.403562E-03   0.418022E-01   0.488832E-02   0.400000E-03
 936   0.249522E-03   0.578833E-03   0.433620E-01   0.616389E-02   0.300000E-03
 937  -0.383611E-03   0.182622E-03   0.103729E-02   0.715954E-02   0.350000E-03
 938  -0.272584E-03   0.335149E-03   0.298639E-03   0.620709E-02   0.300000E-03
 939   0.382667E-04   0.320739E-03   0.370326E-02   0.768577E-02   0.350000E-03
 940  -0.676590E-03   0.621556E-03   0.788775E-03   0.586291E-02   0.300000E-03
 941   0.161732E-03  -0.499416E-04   0.167000E-02   0.686159E-02   0.350000E-03
 942   0.331950E-04   0.324707E-03   0.455283E-02   0.769809E-02   0.500000E-03
 943   0.146929E-03   0.235633E-03   0.526515E-02   0.723591E-02   0.350000E-03
 944   0.152748E-03   0.366716E-03   0.632537E-02   0.705434E-02   0.300000E-03
 945  -0.197017E-03  -0.594091E-04   0.108396E-01   0.730136E-02   0.300000E-03
 946  -0.656692E-03  -0.988580E-04   0.985949E-02   0.748484E-02   0.250000E-03
 947  -0.347970E-04  -0.215301E-03   0.129473E-01   0.798522E-02   0.450000E-03
 948  -0.140384E-03  -0.462902E-04   0.125668E-01   0.857204E-02   0.250000E-03
 949  -0.847051E-03  -0.206873E-03   0.156837E-01   0.872818E-02   0.300000E-03
 950   0.869284E-04   0.117305E-04   0.140058E-01   0.855478E-02   0.400000E-03
 951  -0.189170E-03   0.365504E-04   0.165785E-01   0.873887E-02   0.300000E-03
 952  -0.908729E-03  -0.284798E-03   0.182530E-01   0.828671E-02   0.250000E-03
 953  -0.246872E-03   0.734634E-04   0.210832E-01   0.869267E-02   0.250000E-03
 954  -0.904105E-03  -0.600240E-04   0.225608E-01   0.858867E-02   0.500000E-03
 955  -0.916895E-03   0.346572E-03   0.237735E-01   0.800453E-02   0.250000E-03
 956   0.611165E-03   0.137449E-03   0.253883E-01   0.717718E-02   0.250000E-03
 957   0.339844E-03   0.560124E-03   0.269251E-01   0.759582E-02   0.350000E-03
 958   0.299354E-03   0.201372E-03   0.266207E-01   0.696602E-02   0.350000E-03
 959   0.335178E-03   0.175153E-03   0.271316E-01   0.648952E-02   0.350000E-03
 960   0.267952E-03   0.207625E-03   0.302309E-01   0.683469E-02   0.250000E-03
 961   0.881687E-03   0.807164E-03   0.321476E-01   0.796801E-02   0.400000E-03
 962   0.706631E-03   0.355458E-03   0.316904E-01   0.750451E-02   0.250000E-03
 963   0.676975E-03   0.216451E-03   0.333089E-01   0.698246E-02   0.200000E-03
 964   0.815391E-03   0.325168E-03   0.353215E-01   0.682566E-02   0.300000E-03
 965   0.391764E-03   0.357138E-03   0.361055E-01   0.685248E-02   0.250000E-03
 966   0.448561E-03   0.337849E-03   0.367154E-01   0.723513E-02   0.400000E-03
 967   0.402523E-03  -0.217594E-03   0.406450E-01   0.632729E-02   0.350000E-03
 968   0.101632E-02  -0.123501E-03   0.401567E-01   0.623747E-02   0.150000E-03
 969   0.325729E-03   0.902032E-03   0.447507E-01   0.712010E-02   0.250000E-03
 970   0.329489E-03   0.901783E-03   0.442486E-01   0.679299E-02   0.350000E-03
 971   0.105082E-03   0.510570E-03   0.427104E-01   0.590872E-02   0.400000E-03
 972   0.176308E-03   0.860097E-03   0.436526E-01   0.674069E-02   0.250000E-03
 973  -0.672415E-03   0.508740E-03   0.839518E-03   0.531574E-02   0.250000E-03
 974  -0.259394E-04   0.384969E-03   0.400161E-02   0.820608E-02   0.250000E-03
 975   0.149752E-03   0.482879E-04   0.134392E-02   0.624217E-02   0.350000E-03
 976  -0.312613E-03   0.306327E-03   0.779314E-03   0.656330E-02   0.300000E-03
 977  -0.269316E-03   0.175578E-03   0.729826E-02   0.790308E-02   0.250000E-03
 978  -0.297358E-03   0.239146E-03   0.692918E-02   0.749577E-02   0.300000E-03
 979   0.125802E-03   0.159930E-03   0.638936E-02   0.759961E-02   0.250000E-03
 980  -0.174182E-03   0.184865E-03   0.816794E-02   0.781214E-02   0.400000E-03
 981  -0.260979E-03  -0.278785E-04   0.103535E-01   0.755613E-02   0.250000E-03
 982  -0.514895E-03  -0.122026E-04   0.937814E-02   0.814418E-02   0.450000E-03
 983  -0.383306E-03  -0.236850E-03   0.121734E-01   0.826394E-02   0.250000E-03
 984  -0.175640E-03   0.370013E-04   0.107690E-01   0.798769E-02   0.350000E-03
 985  -0.172647E-03  -0.253835E-03   0.135795E-01   0.813382E-02   0.200000E-03
 986  -0.782791E-03  -0.457669E-03   0.190007E-01   0.928242E-02   0.300000E-03
 987  -0.849405E-03  -0.235134E-03   0.186475E-01   0.873726E-02   0.350000E-03
 988  -0.577743E-03   0.703028E-04   0.194471E-01   0.879798E-02   0.300000E-03
 989  -0.668307E-03  -0.440075E-03   0.195477E-01   0.933792E-02   0.250000E-03
 990  -0.548324E-03  -0.170055E-03   0.214551E-01   0.826226E-02   0.250000E-03
 991   0.682627E-03   0.126875E-04   0.244739E-01   0.793202E-02   0.350000E-03
 992   0.528405E-03   0.183035E-03   0.249140E-01   0.745421E-02   0.300000E-03
 993  -0.412573E-03   0.479626E-04   0.251238E-01   0.675371E-02   0.250000E-03
 994   0.389128E-03   0.481890E-03   0.272313E-01   0.708037E-02   0.250000E-03
 995   0.323676E-03   0.489033E-03   0.278808E-01   0.708926E-02   0.400000E-03
 996   0.305392E-03   0.295904E-03   0.304530E-01   0.733609E-02   0.300000E-03
 997   0.336731E-03   0.135218E-03   0.298913E-01   0.720149E-02   0.250000E-03
 998   0.952548E-03   0.230841E-03   0.322189E-01   0.722196E-02   0.350000E-03
 999   0.844185E-03   0.204384E-05   0.330524E-01   0.735145E-02   0.250000E-03
1000   0.738482E-03  -0.909158E-04   0.341948E-01   0.716476E-02   0.350000E-03
