   1  -0.664375E-03   0.461210E-03   0.112736E-01   0.846871E-02   0.350000E-03
   2   0.135034E-02   0.665152E-03   0.149176E-03   0.149782E-03   0.150000E-03
   3   0.810785E-03  -0.481417E-02   0.458575E-02   0.448214E-03   0.450000E-03
   4   0.103689E-02   0.173564E-03   0.574555E-02   0.538010E-03   0.200000E-03
   5  -0.152559E-02  -0.533800E-05   0.569646E-02   0.999900E-04   0.100000E-03
   6  -0.986382E-03   0.905210E-03   0.750698E-02   0.248917E-03   0.250000E-03
   7  -0.217786E-02  -0.157049E-02   0.813828E-02   0.398617E-03   0.400000E-03
   8   0.116297E-02   0.396970E-03   0.888501E-02   0.349056E-03   0.350000E-03
   9   0.216162E-03   0.623414E-03   0.933302E-02   0.562872E-03   0.150000E-03
  10  -0.210192E-03   0.741474E-03   0.118086E-01   0.293269E-03   0.300000E-03
  11  -0.129844E-03  -0.525176E-03   0.130508E-01   0.348961E-03   0.350000E-03
  12  -0.545861E-03  -0.379470E-03   0.147836E-01   0.194771E-03   0.200000E-03
  13  -0.137388E-02   0.149102E-02   0.169277E-01   0.345812E-03   0.350000E-03
  14  -0.760276E-03   0.179639E-02   0.176262E-01   0.348480E-03   0.350000E-03
  15  -0.906184E-03   0.881559E-03   0.188424E-01   0.405253E-03   0.400000E-03
  16   0.134428E-02   0.149787E-02   0.195867E-01   0.345999E-03   0.350000E-03
  17  -0.773349E-03   0.205168E-03   0.204999E-01   0.338770E-03   0.350000E-03
  18   0.227768E-03  -0.275975E-02   0.219537E-01   0.349310E-03   0.350000E-03
  19  -0.121980E-02  -0.277515E-02   0.225434E-01   0.243650E-03   0.250000E-03
  20   0.940675E-03  -0.308855E-02   0.230428E-01   0.247811E-03   0.250000E-03
  21   0.482223E-03  -0.626046E-03   0.244755E-01   0.249639E-03   0.250000E-03
  22  -0.116424E-03   0.425233E-03   0.257273E-01   0.200012E-03   0.200000E-03
  23  -0.138217E-02  -0.405998E-05   0.267433E-01   0.994108E-04   0.100000E-03
  24  -0.122285E-02   0.654985E-03   0.282071E-01   0.397851E-03   0.400000E-03
  25  -0.193253E-03   0.291033E-04   0.297784E-01   0.409454E-03   0.400000E-03
  26   0.131161E-02  -0.421644E-03   0.305197E-01   0.333953E-03   0.350000E-03
  27   0.967838E-05   0.919921E-03   0.318575E-01   0.297955E-03   0.300000E-03
  28  -0.951050E-03  -0.472476E-03   0.333133E-01   0.348552E-03   0.300000E-03
  29  -0.448828E-03   0.334847E-03   0.355408E-01   0.443885E-03   0.450000E-03
  30   0.111449E-04   0.190009E-04   0.373990E-01   0.347413E-03   0.350000E-03
  31  -0.515541E-03   0.656091E-05   0.379901E-01   0.248712E-03   0.250000E-03
  32   0.626154E-03  -0.823153E-03   0.401199E-01   0.197499E-03   0.200000E-03
  33  -0.109466E-02  -0.818507E-04   0.410097E-01   0.194838E-03   0.200000E-03
  34   0.170930E-02   0.100850E-02   0.446048E-01   0.879247E-03   0.400000E-03
  35   0.209346E-02  -0.123187E-02   0.446514E-01   0.192323E-02   0.350000E-03
  36   0.123057E-03  -0.367335E-03   0.864484E-02   0.832214E-02   0.300000E-03
  37  -0.842245E-04   0.130984E-02   0.247720E-03   0.177553E-02   0.250000E-03
  38  -0.160476E-02   0.781584E-03   0.779382E-03   0.720177E-03   0.300000E-03
  39   0.332108E-04  -0.625203E-03   0.268994E-02   0.399330E-03   0.400000E-03
  40  -0.491250E-03   0.135340E-02   0.618116E-02   0.299054E-03   0.300000E-03
  41  -0.117761E-02   0.279795E-02   0.687402E-02   0.391170E-03   0.400000E-03
  42  -0.219457E-02   0.127190E-02   0.729650E-02   0.100281E-02   0.350000E-03
  43  -0.391172E-03   0.886488E-03   0.860107E-02   0.933508E-03   0.300000E-03
  44  -0.701788E-04  -0.180623E-03   0.938816E-02   0.957123E-03   0.250000E-03
  45  -0.848652E-03   0.907693E-03   0.997649E-02   0.496115E-03   0.500000E-03
  46  -0.335612E-03   0.327668E-03   0.107831E-01   0.299932E-03   0.300000E-03
  47   0.489720E-03   0.903331E-03   0.152886E-01   0.149858E-03   0.150000E-03
  48  -0.121158E-02   0.167492E-02   0.158326E-01   0.447074E-03   0.450000E-03
  49  -0.139298E-02   0.157609E-02   0.164951E-01   0.887325E-03   0.350000E-03
  50  -0.618352E-03   0.130571E-02   0.182159E-01   0.246106E-03   0.250000E-03
  51   0.217578E-03   0.157938E-02   0.193118E-01   0.871495E-03   0.250000E-03
  52   0.114153E-02   0.554701E-03   0.200417E-01   0.147236E-03   0.150000E-03
  53  -0.779267E-03  -0.289018E-03   0.205013E-01   0.101623E-02   0.200000E-03
  54  -0.736294E-03  -0.201042E-03   0.211484E-01   0.298652E-03   0.300000E-03
  55   0.301744E-03  -0.143195E-03   0.233996E-01   0.999404E-04   0.100000E-03
  56  -0.140733E-02  -0.319986E-03   0.238425E-01   0.396118E-03   0.400000E-03
  57  -0.166356E-02  -0.141010E-02   0.245086E-01   0.917305E-03   0.400000E-03
  58  -0.995893E-03  -0.147556E-02   0.251084E-01   0.396101E-03   0.400000E-03
  59  -0.605953E-03   0.282813E-03   0.270250E-01   0.201458E-03   0.200000E-03
  60  -0.740627E-03   0.317014E-03   0.275153E-01   0.296341E-03   0.300000E-03
  61  -0.133730E-02  -0.133302E-02   0.290924E-01   0.295011E-03   0.300000E-03
  62  -0.144643E-02  -0.215780E-03   0.312146E-01   0.347777E-03   0.350000E-03
  63  -0.101729E-02  -0.775066E-03   0.328446E-01   0.196476E-03   0.200000E-03
  64  -0.254389E-02  -0.275773E-04   0.347496E-01   0.345637E-03   0.350000E-03
  65  -0.161703E-02   0.251806E-04   0.363168E-01   0.614240E-03   0.350000E-03
  66  -0.121376E-02  -0.637552E-03   0.364305E-01   0.138367E-03   0.150000E-03
  67   0.498948E-03  -0.130358E-03   0.391357E-01   0.299080E-03   0.300000E-03
  68   0.225285E-02  -0.287629E-03   0.423006E-01   0.199976E-03   0.200000E-03
  69   0.314140E-04   0.253099E-03   0.438610E-01   0.824850E-03   0.350000E-03
  70   0.108178E-02   0.598528E-03   0.423949E-01   0.721154E-02   0.250000E-03
  71   0.663416E-03   0.929175E-04   0.447014E-01   0.496665E-02   0.300000E-03
  72   0.154189E-02   0.119000E-02   0.447503E-01   0.247997E-03   0.250000E-03
  73  -0.339269E-03   0.178293E-03   0.256618E-02   0.793863E-02   0.350000E-03
  74   0.143801E-02  -0.138011E-02   0.120246E-02   0.298034E-03   0.300000E-03
  75  -0.174611E-02  -0.832311E-03   0.392042E-02   0.247974E-03   0.250000E-03
  76   0.212630E-03  -0.434671E-03   0.522336E-02   0.923766E-03   0.350000E-03
  77  -0.258978E-03   0.873524E-03   0.647239E-02   0.822197E-03   0.200000E-03
  78   0.241456E-03   0.404313E-03   0.665388E-02   0.133958E-02   0.350000E-03
  79  -0.106111E-02   0.594378E-03   0.798158E-02   0.113009E-02   0.350000E-03
  80   0.319082E-03   0.486436E-04   0.904671E-02   0.131717E-02   0.250000E-03
  81  -0.133902E-02  -0.333957E-03   0.106872E-01   0.950778E-03   0.350000E-03
  82   0.100283E-03   0.128755E-02   0.132867E-01   0.953199E-03   0.300000E-03
  83  -0.104957E-02  -0.715004E-05   0.137488E-01   0.345995E-03   0.350000E-03
  84  -0.128008E-02  -0.791502E-04   0.143384E-01   0.244430E-03   0.250000E-03
  85  -0.259625E-03   0.731433E-03   0.154250E-01   0.101125E-02   0.250000E-03
  86  -0.782774E-03   0.186356E-02   0.172739E-01   0.106526E-02   0.450000E-03
  87  -0.882828E-03   0.189915E-02   0.188504E-01   0.105464E-02   0.250000E-03
  88  -0.458193E-03  -0.573536E-03   0.200500E-01   0.801172E-03   0.300000E-03
  89  -0.753380E-03   0.708301E-03   0.202971E-01   0.160310E-02   0.400000E-03
  90  -0.114487E-02  -0.109333E-02   0.214761E-01   0.857546E-03   0.350000E-03
  91  -0.775331E-03  -0.717041E-03   0.225825E-01   0.736052E-03   0.250000E-03
  92   0.743244E-03  -0.125545E-02   0.231728E-01   0.831168E-03   0.350000E-03
  93  -0.648086E-04  -0.160018E-02   0.237968E-01   0.114086E-02   0.350000E-03
  94  -0.100253E-02  -0.649603E-03   0.252243E-01   0.113615E-02   0.350000E-03
  95  -0.328408E-03  -0.471816E-03   0.273463E-01   0.920180E-03   0.350000E-03
  96  -0.107851E-02  -0.289319E-04   0.280469E-01   0.118033E-02   0.400000E-03
  97  -0.560251E-03  -0.102592E-03   0.294516E-01   0.970207E-03   0.250000E-03
  98   0.250479E-04   0.962392E-03   0.302947E-01   0.108471E-02   0.450000E-03
  99  -0.121044E-02  -0.615099E-03   0.324006E-01   0.247131E-03   0.250000E-03
 100  -0.756197E-03  -0.625732E-03   0.327218E-01   0.625169E-03   0.250000E-03
 101  -0.212207E-02   0.269240E-03   0.349588E-01   0.106192E-02   0.400000E-03
 102   0.177516E-02   0.197142E-03   0.368065E-01   0.267302E-03   0.250000E-03
 103  -0.113587E-03  -0.688618E-03   0.376388E-01   0.893784E-03   0.250000E-03
 104  -0.100679E-02   0.127649E-03   0.385375E-01   0.296239E-03   0.300000E-03
 105   0.187330E-03  -0.713898E-03   0.405648E-01   0.244154E-03   0.250000E-03
 106   0.180687E-02   0.185948E-03   0.431897E-01   0.296922E-03   0.300000E-03
 107   0.532496E-03  -0.191137E-02   0.440826E-01   0.747188E-02   0.350000E-03
 108   0.357661E-04  -0.791036E-03   0.349301E-01   0.746714E-02   0.450000E-03
 109   0.885090E-03   0.619394E-03   0.241934E-03   0.633230E-03   0.250000E-03
 110   0.452156E-03   0.858710E-03   0.538692E-03   0.237102E-03   0.250000E-03
 111   0.127789E-02  -0.625230E-03   0.189366E-02   0.398071E-03   0.400000E-03
 112  -0.157899E-03  -0.750531E-03   0.322604E-02   0.923682E-03   0.350000E-03
 113   0.579992E-03   0.126852E-02   0.594598E-02   0.109973E-02   0.400000E-03
 114  -0.793803E-04   0.134816E-03   0.716463E-02   0.153412E-02   0.200000E-03
 115  -0.490892E-03   0.452895E-03   0.851088E-02   0.157706E-02   0.350000E-03
 116  -0.699753E-03  -0.408721E-03   0.985294E-02   0.133562E-02   0.350000E-03
 117  -0.566068E-03  -0.157736E-03   0.113519E-01   0.741058E-03   0.350000E-03
 118  -0.447078E-03   0.263827E-03   0.124055E-01   0.295981E-03   0.300000E-03
 119  -0.130476E-02   0.642606E-03   0.142655E-01   0.784111E-03   0.300000E-03
 120   0.319828E-03   0.110103E-02   0.150953E-01   0.577432E-03   0.300000E-03
 121  -0.147774E-02   0.232539E-02   0.167139E-01   0.138776E-02   0.200000E-03
 122  -0.108001E-02   0.234351E-02   0.181623E-01   0.940842E-03   0.450000E-03
 123  -0.761390E-03   0.135844E-02   0.185955E-01   0.142057E-02   0.200000E-03
 124  -0.119968E-02   0.704606E-04   0.196838E-01   0.127337E-02   0.300000E-03
 125  -0.221515E-03  -0.418665E-03   0.208849E-01   0.781009E-03   0.250000E-03
 126  -0.391050E-03   0.394484E-03   0.209344E-01   0.132376E-02   0.300000E-03
 127  -0.702033E-03   0.856917E-04   0.227136E-01   0.121455E-02   0.250000E-03
 128  -0.711747E-03   0.111358E-03   0.230645E-01   0.163330E-02   0.300000E-03
 129  -0.218602E-03  -0.230223E-03   0.236095E-01   0.169842E-02   0.250000E-03
 130  -0.297572E-03  -0.794103E-03   0.257231E-01   0.720478E-03   0.300000E-03
 131  -0.221758E-03  -0.978366E-03   0.263407E-01   0.395394E-03   0.400000E-03
 132   0.255493E-03  -0.240343E-03   0.275103E-01   0.144816E-02   0.200000E-03
 133  -0.926281E-03   0.393107E-03   0.288034E-01   0.926911E-03   0.400000E-03
 134  -0.193054E-02   0.812815E-03   0.311865E-01   0.109465E-02   0.400000E-03
 135   0.221266E-03   0.607859E-03   0.320323E-01   0.102521E-02   0.450000E-03
 136  -0.792858E-03  -0.826067E-03   0.340052E-01   0.398948E-03   0.400000E-03
 137   0.207030E-03  -0.112022E-02   0.372258E-01   0.762092E-03   0.100000E-03
 138  -0.112300E-02   0.458422E-03   0.373918E-01   0.132396E-02   0.250000E-03
 139  -0.684235E-03  -0.328754E-03   0.381724E-01   0.766389E-03   0.300000E-03
 140  -0.182796E-02  -0.111336E-03   0.396806E-01   0.271129E-03   0.250000E-03
 141   0.256208E-02  -0.540233E-03   0.414555E-01   0.248779E-03   0.250000E-03
 142   0.448243E-03  -0.522583E-03   0.419011E-01   0.196956E-03   0.200000E-03
 143   0.593338E-03  -0.635094E-04   0.438977E-01   0.630485E-02   0.250000E-03
 144  -0.107648E-03   0.860352E-03   0.295575E-01   0.764834E-02   0.300000E-03
 145   0.493629E-03   0.226944E-03   0.293934E-03   0.332025E-02   0.300000E-03
 146  -0.402174E-03   0.125243E-02   0.666658E-03   0.135527E-02   0.350000E-03
 147  -0.550865E-03  -0.255356E-03   0.407469E-02   0.849740E-03   0.200000E-03
 148  -0.754369E-03  -0.118457E-02   0.531723E-02   0.288817E-03   0.300000E-03
 149   0.643071E-04  -0.162068E-03   0.611466E-02   0.192880E-02   0.450000E-03
 150  -0.161237E-02   0.111556E-02   0.755795E-02   0.148046E-02   0.200000E-03
 151  -0.274775E-03  -0.413310E-03   0.938418E-02   0.161232E-02   0.200000E-03
 152  -0.110477E-02  -0.827303E-03   0.103922E-01   0.140984E-02   0.200000E-03
 153  -0.169726E-03   0.519861E-03   0.111876E-01   0.136416E-02   0.300000E-03
 154  -0.186406E-03   0.138673E-02   0.125894E-01   0.967420E-03   0.400000E-03
 155  -0.317878E-03   0.903198E-03   0.137781E-01   0.886678E-03   0.200000E-03
 156  -0.278820E-03   0.131275E-02   0.148124E-01   0.121722E-02   0.400000E-03
 157  -0.319338E-04   0.176516E-03   0.159453E-01   0.139329E-02   0.400000E-03
 158  -0.133911E-02   0.128722E-02   0.173984E-01   0.185191E-02   0.350000E-03
 159   0.273102E-03  -0.976309E-04   0.177880E-01   0.146833E-02   0.200000E-03
 160   0.337636E-03   0.338008E-03   0.182037E-01   0.163933E-02   0.250000E-03
 161  -0.101666E-02   0.114032E-02   0.196260E-01   0.181586E-02   0.250000E-03
 162  -0.223859E-04   0.316387E-03   0.209437E-01   0.182024E-02   0.200000E-03
 163  -0.538278E-03  -0.538532E-03   0.221226E-01   0.111660E-02   0.350000E-03
 164  -0.591604E-03  -0.292596E-03   0.227437E-01   0.218731E-02   0.300000E-03
 165  -0.178190E-03  -0.119619E-02   0.248218E-01   0.158032E-02   0.250000E-03
 166  -0.440404E-03  -0.168270E-03   0.256431E-01   0.155966E-02   0.250000E-03
 167  -0.443290E-03  -0.167255E-03   0.266289E-01   0.113301E-02   0.400000E-03
 168  -0.102023E-02   0.414301E-03   0.285956E-01   0.153829E-02   0.250000E-03
 169  -0.200528E-03   0.240940E-03   0.302022E-01   0.171403E-02   0.200000E-03
 170  -0.120095E-02   0.187161E-03   0.307949E-01   0.178876E-02   0.400000E-03
 171  -0.863949E-03   0.439325E-03   0.335269E-01   0.907398E-03   0.300000E-03
 172  -0.920366E-03   0.199708E-03   0.341697E-01   0.118097E-02   0.400000E-03
 173  -0.868113E-03   0.745100E-03   0.356458E-01   0.118159E-02   0.300000E-03
 174  -0.149919E-02   0.150554E-03   0.368698E-01   0.103647E-02   0.350000E-03
 175   0.667894E-03  -0.336556E-03   0.390114E-01   0.885095E-03   0.300000E-03
 176   0.423719E-03   0.625679E-03   0.400755E-01   0.987855E-03   0.200000E-03
 177   0.421489E-03   0.122729E-02   0.406057E-01   0.785677E-03   0.300000E-03
 178   0.192879E-02  -0.267757E-04   0.444006E-01   0.143829E-02   0.200000E-03
 179  -0.856454E-03  -0.334131E-03   0.427004E-01   0.195975E-03   0.200000E-03
 180  -0.473071E-03   0.356698E-03   0.400338E-01   0.752652E-02   0.300000E-03
 181   0.400565E-03   0.126582E-02   0.197359E-03   0.107962E-02   0.200000E-03
 182  -0.791312E-03  -0.488456E-04   0.140038E-02   0.214508E-02   0.200000E-03
 183  -0.287012E-03  -0.108949E-02   0.337745E-02   0.295467E-03   0.300000E-03
 184  -0.524934E-03   0.644663E-05   0.538765E-02   0.159720E-02   0.350000E-03
 185   0.171551E-03   0.375143E-03   0.624820E-02   0.261141E-02   0.250000E-03
 186  -0.213846E-03   0.458598E-03   0.679556E-02   0.186981E-02   0.200000E-03
 187  -0.131766E-02   0.845331E-03   0.791354E-02   0.182217E-02   0.300000E-03
 188  -0.548246E-03  -0.461285E-03   0.962905E-02   0.199035E-02   0.250000E-03
 189  -0.145628E-03   0.310396E-03   0.117209E-01   0.125173E-02   0.250000E-03
 190  -0.486800E-03   0.130849E-02   0.119593E-01   0.818894E-03   0.250000E-03
 191  -0.834157E-03  -0.988294E-04   0.140024E-01   0.126583E-02   0.250000E-03
 192   0.264924E-03   0.814441E-03   0.143101E-01   0.183266E-02   0.400000E-03
 193  -0.822949E-03   0.639856E-03   0.153173E-01   0.170178E-02   0.300000E-03
 194  -0.807631E-03   0.135533E-03   0.165143E-01   0.194789E-02   0.400000E-03
 195  -0.414526E-03   0.167503E-02   0.179557E-01   0.207277E-02   0.250000E-03
 196  -0.148340E-02   0.248976E-03   0.191403E-01   0.152148E-02   0.300000E-03
 197  -0.100842E-02   0.103011E-02   0.199944E-01   0.228865E-02   0.350000E-03
 198  -0.793505E-03   0.793576E-03   0.206393E-01   0.221308E-02   0.300000E-03
 199  -0.825676E-03  -0.327384E-03   0.215011E-01   0.150530E-02   0.300000E-03
 200  -0.764398E-03  -0.304236E-03   0.222461E-01   0.216222E-02   0.200000E-03
 201  -0.548411E-03  -0.127145E-02   0.242745E-01   0.158027E-02   0.300000E-03
 202  -0.707433E-04  -0.232915E-03   0.259856E-01   0.120288E-02   0.250000E-03
 203  -0.362216E-03  -0.345542E-03   0.265824E-01   0.182645E-02   0.300000E-03
 204  -0.496903E-03  -0.105291E-04   0.270847E-01   0.159320E-02   0.250000E-03
 205  -0.327528E-03   0.483390E-03   0.296186E-01   0.159760E-02   0.400000E-03
 206   0.748009E-03   0.143796E-02   0.322530E-01   0.179236E-02   0.350000E-03
 207  -0.925205E-03   0.383048E-03   0.328886E-01   0.129768E-02   0.450000E-03
 208  -0.136642E-02   0.649589E-03   0.335987E-01   0.166413E-02   0.350000E-03
 209  -0.135002E-02   0.735705E-03   0.362394E-01   0.125501E-02   0.300000E-03
 210  -0.151884E-02   0.145331E-03   0.366431E-01   0.153639E-02   0.200000E-03
 211  -0.136048E-02   0.239923E-03   0.370582E-01   0.169237E-02   0.250000E-03
 212   0.503919E-03  -0.417364E-03   0.400522E-01   0.589891E-03   0.200000E-03
 213   0.584558E-03   0.116629E-02   0.411283E-01   0.623856E-03   0.250000E-03
 214   0.981107E-03   0.980875E-04   0.420803E-01   0.551286E-03   0.200000E-03
 215   0.384625E-02  -0.169313E-02   0.443315E-01   0.149747E-03   0.150000E-03
 216  -0.363567E-03   0.502929E-03   0.217026E-01   0.887454E-02   0.400000E-03
 217   0.192052E-02  -0.144114E-02   0.143492E-01   0.921808E-02   0.350000E-03
 218  -0.144625E-03   0.139808E-03   0.865961E-03   0.202270E-02   0.350000E-03
 219  -0.531648E-03  -0.339660E-03   0.372604E-02   0.653728E-03   0.200000E-03
 220  -0.113485E-04  -0.106254E-03   0.457757E-02   0.129659E-02   0.400000E-03
 221  -0.832885E-03  -0.289200E-03   0.532218E-02   0.218600E-02   0.250000E-03
 222  -0.143805E-03   0.307834E-03   0.731124E-02   0.206018E-02   0.350000E-03
 223  -0.711605E-03  -0.806410E-04   0.903450E-02   0.203010E-02   0.350000E-03
 224  -0.106888E-02  -0.220781E-04   0.102224E-01   0.193090E-02   0.350000E-03
 225  -0.107914E-03  -0.942693E-04   0.107456E-01   0.158735E-02   0.200000E-03
 226   0.121499E-03   0.296777E-03   0.121878E-01   0.153781E-02   0.300000E-03
 227  -0.640028E-04   0.128798E-02   0.130318E-01   0.143831E-02   0.250000E-03
 228  -0.457137E-03   0.583282E-03   0.148717E-01   0.176324E-02   0.150000E-03
 229  -0.326926E-03   0.153461E-03   0.158728E-01   0.203684E-02   0.250000E-03
 230  -0.136134E-02  -0.544568E-03   0.175548E-01   0.248124E-02   0.300000E-03
 231  -0.159334E-02  -0.109379E-03   0.183715E-01   0.228977E-02   0.200000E-03
 232  -0.102614E-02  -0.366727E-03   0.186840E-01   0.190717E-02   0.300000E-03
 233  -0.205236E-03   0.733026E-04   0.192365E-01   0.233415E-02   0.400000E-03
 234  -0.471527E-03   0.232143E-03   0.213557E-01   0.209947E-02   0.300000E-03
 235  -0.253965E-03  -0.359341E-03   0.224329E-01   0.168262E-02   0.300000E-03
 236  -0.272790E-03  -0.321438E-03   0.233372E-01   0.216476E-02   0.300000E-03
 237  -0.799889E-03  -0.160035E-03   0.239854E-01   0.216151E-02   0.350000E-03
 238   0.103266E-02  -0.752707E-03   0.252374E-01   0.174809E-02   0.200000E-03
 239  -0.590236E-03  -0.557598E-03   0.267461E-01   0.234862E-02   0.250000E-03
 240  -0.714665E-03   0.105622E-03   0.290378E-01   0.147592E-02   0.200000E-03
 241   0.201555E-03   0.692851E-03   0.302060E-01   0.224987E-02   0.350000E-03
 242  -0.146489E-02  -0.169306E-03   0.315545E-01   0.174800E-02   0.350000E-03
 243  -0.122719E-02   0.446119E-03   0.329740E-01   0.223964E-02   0.500000E-03
 244  -0.104954E-02   0.166833E-03   0.354447E-01   0.198001E-02   0.200000E-03
 245  -0.185598E-02  -0.855698E-04   0.349241E-01   0.180802E-02   0.350000E-03
 246  -0.156070E-02   0.181559E-06   0.365831E-01   0.213035E-02   0.400000E-03
 247  -0.692095E-03   0.371518E-03   0.379854E-01   0.138725E-02   0.350000E-03
 248  -0.174895E-02  -0.524774E-04   0.396066E-01   0.815488E-03   0.300000E-03
 249  -0.796859E-05   0.725293E-03   0.416474E-01   0.790765E-03   0.300000E-03
 250  -0.873296E-04   0.371390E-03   0.437368E-01   0.243919E-03   0.250000E-03
 251   0.942760E-04   0.947312E-04   0.446037E-01   0.298496E-02   0.400000E-03
 252  -0.178403E-02  -0.817901E-03   0.337753E-01   0.772937E-02   0.350000E-03
 253  -0.341822E-03   0.209200E-03   0.212142E-02   0.739815E-02   0.350000E-03
 254   0.892638E-04   0.693381E-03   0.138573E-02   0.941822E-03   0.350000E-03
 255  -0.546552E-04  -0.730473E-03   0.229466E-02   0.973453E-03   0.300000E-03
 256  -0.225272E-04   0.777765E-04   0.482673E-02   0.194811E-02   0.300000E-03
 257  -0.109858E-03   0.113399E-03   0.673815E-02   0.236565E-02   0.300000E-03
 258  -0.171260E-02   0.633121E-03   0.838040E-02   0.226938E-02   0.350000E-03
 259  -0.666480E-03   0.344786E-03   0.903820E-02   0.282701E-02   0.450000E-03
 260  -0.247504E-03   0.614865E-03   0.986869E-02   0.259225E-02   0.400000E-03
 261  -0.873558E-04   0.540627E-03   0.116498E-01   0.179424E-02   0.300000E-03
 262  -0.763246E-03   0.366967E-03   0.121636E-01   0.218857E-02   0.350000E-03
 263  -0.149957E-02   0.564397E-03   0.135762E-01   0.168609E-02   0.350000E-03
 264  -0.105720E-02   0.662103E-03   0.148912E-01   0.221214E-02   0.300000E-03
 265  -0.147345E-02  -0.986350E-03   0.166357E-01   0.253514E-02   0.200000E-03
 266  -0.849478E-03   0.134732E-03   0.170330E-01   0.232183E-02   0.250000E-03
 267  -0.150112E-02  -0.410389E-03   0.171181E-01   0.281045E-02   0.250000E-03
 268  -0.103964E-02   0.522329E-03   0.186618E-01   0.263262E-02   0.250000E-03
 269   0.766235E-03  -0.224015E-03   0.190990E-01   0.296947E-02   0.250000E-03
 270  -0.134504E-03  -0.342766E-03   0.196964E-01   0.292027E-02   0.350000E-03
 271  -0.544774E-03  -0.275675E-03   0.219158E-01   0.185795E-02   0.250000E-03
 272  -0.897599E-03   0.116441E-03   0.223473E-01   0.275443E-02   0.400000E-03
 273  -0.207197E-03   0.113066E-02   0.235270E-01   0.282724E-02   0.400000E-03
 274  -0.358111E-03  -0.427649E-03   0.258168E-01   0.202223E-02   0.250000E-03
 275  -0.437591E-03  -0.460956E-03   0.262521E-01   0.226312E-02   0.250000E-03
 276  -0.617605E-03  -0.190026E-03   0.274955E-01   0.195251E-02   0.300000E-03
 277  -0.245167E-03   0.547146E-03   0.294586E-01   0.217314E-02   0.200000E-03
 278   0.105073E-02   0.900012E-03   0.318819E-01   0.238458E-02   0.350000E-03
 279  -0.702649E-03  -0.725577E-04   0.323870E-01   0.270057E-02   0.250000E-03
 280  -0.792167E-03  -0.420315E-04   0.342791E-01   0.187114E-02   0.300000E-03
 281  -0.147143E-02   0.213621E-03   0.358769E-01   0.172965E-02   0.300000E-03
 282  -0.138465E-02  -0.260917E-03   0.375395E-01   0.179813E-02   0.250000E-03
 283  -0.105175E-03   0.381641E-03   0.384855E-01   0.161737E-02   0.200000E-03
 284   0.729193E-04   0.984970E-04   0.385429E-01   0.117136E-02   0.250000E-03
 285   0.710543E-03  -0.795718E-03   0.410959E-01   0.121845E-02   0.350000E-03
 286   0.175861E-02   0.246095E-03   0.432188E-01   0.892963E-03   0.300000E-03
 287   0.220492E-04   0.140136E-02   0.428415E-01   0.121777E-02   0.200000E-03
 288  -0.725231E-03   0.257083E-04   0.588711E-02   0.793803E-02   0.350000E-03
 289  -0.360548E-03  -0.384304E-03   0.245534E-03   0.227344E-02   0.250000E-03
 290  -0.625684E-03  -0.163537E-03   0.185597E-02   0.138069E-02   0.300000E-03
 291  -0.771758E-04   0.347468E-03   0.249828E-02   0.164277E-02   0.400000E-03
 292  -0.292774E-03   0.430121E-03   0.312466E-02   0.151306E-02   0.250000E-03
 293  -0.393715E-03   0.955053E-04   0.570256E-02   0.257531E-02   0.300000E-03
 294  -0.210710E-02   0.455045E-03   0.820563E-02   0.299217E-02   0.400000E-03
 295  -0.798979E-03   0.234560E-03   0.968724E-02   0.337118E-02   0.400000E-03
 296  -0.405905E-03   0.537200E-03   0.111153E-01   0.190670E-02   0.250000E-03
 297  -0.345649E-03   0.124523E-03   0.107191E-01   0.193222E-02   0.150000E-03
 298   0.622692E-03   0.313763E-03   0.126599E-01   0.168924E-02   0.200000E-03
 299   0.159278E-03   0.326973E-03   0.138946E-01   0.232669E-02   0.250000E-03
 300  -0.110444E-02  -0.622388E-03   0.148755E-01   0.270933E-02   0.200000E-03
 301  -0.653016E-03   0.701424E-03   0.154558E-01   0.238465E-02   0.300000E-03
 302  -0.938514E-03  -0.457867E-03   0.170799E-01   0.335447E-02   0.300000E-03
 303  -0.122643E-02  -0.507637E-03   0.180466E-01   0.251274E-02   0.200000E-03
 304  -0.904833E-03   0.368908E-03   0.182485E-01   0.291097E-02   0.250000E-03
 305  -0.556748E-03   0.751652E-04   0.193824E-01   0.330694E-02   0.150000E-03
 306  -0.237667E-03  -0.233265E-03   0.204424E-01   0.282677E-02   0.350000E-03
 307  -0.666411E-03  -0.109899E-04   0.218400E-01   0.235061E-02   0.250000E-03
 308  -0.816263E-03   0.565951E-03   0.228048E-01   0.334548E-02   0.350000E-03
 309   0.637635E-03   0.721765E-03   0.245776E-01   0.261165E-02   0.400000E-03
 310   0.105581E-02   0.356814E-03   0.251700E-01   0.224185E-02   0.300000E-03
 311  -0.439467E-03  -0.318763E-03   0.273023E-01   0.256934E-02   0.350000E-03
 312  -0.584610E-03  -0.195050E-03   0.281424E-01   0.192156E-02   0.350000E-03
 313   0.174333E-04   0.549064E-03   0.296969E-01   0.255009E-02   0.250000E-03
 314  -0.753627E-03   0.709456E-03   0.312400E-01   0.232638E-02   0.300000E-03
 315  -0.167414E-02   0.115969E-03   0.334605E-01   0.286478E-02   0.300000E-03
 316  -0.149614E-02   0.378192E-03   0.338189E-01   0.232828E-02   0.350000E-03
 317  -0.181283E-02  -0.410050E-04   0.350571E-01   0.254445E-02   0.400000E-03
 318  -0.895041E-03  -0.326026E-03   0.358433E-01   0.242454E-02   0.400000E-03
 319   0.701806E-03   0.380949E-03   0.389667E-01   0.143285E-02   0.250000E-03
 320   0.750222E-03   0.199559E-03   0.398267E-01   0.142105E-02   0.300000E-03
 321   0.639016E-03   0.292643E-03   0.404195E-01   0.134730E-02   0.300000E-03
 322  -0.716342E-03  -0.570175E-03   0.425921E-01   0.731410E-03   0.350000E-03
 323   0.388194E-03   0.894890E-03   0.439704E-01   0.211617E-02   0.350000E-03
 324  -0.541101E-03   0.458087E-03   0.396163E-01   0.716785E-02   0.250000E-03
 325  -0.501049E-03   0.269174E-03   0.150720E-02   0.760998E-02   0.300000E-03
 326  -0.477635E-04   0.106771E-02   0.124016E-02   0.152144E-02   0.250000E-03
 327  -0.310448E-03   0.444968E-03   0.197619E-02   0.217733E-02   0.350000E-03
 328  -0.419539E-05   0.103473E-03   0.380529E-02   0.162885E-02   0.450000E-03
 329  -0.488311E-03   0.168941E-03   0.661335E-02   0.313505E-02   0.400000E-03
 330   0.212122E-03  -0.184521E-04   0.725907E-02   0.275391E-02   0.350000E-03
 331  -0.596035E-03   0.358233E-03   0.779765E-02   0.241101E-02   0.250000E-03
 332  -0.657128E-03  -0.456107E-04   0.107905E-01   0.252324E-02   0.450000E-03
 333  -0.474580E-03   0.192013E-03   0.115261E-01   0.238039E-02   0.300000E-03
 334  -0.327124E-03  -0.150692E-03   0.130322E-01   0.193601E-02   0.250000E-03
 335  -0.161647E-03   0.111562E-03   0.134023E-01   0.226814E-02   0.250000E-03
 336  -0.471473E-03  -0.293096E-04   0.143964E-01   0.255130E-02   0.300000E-03
 337  -0.732629E-03  -0.191562E-03   0.161238E-01   0.252560E-02   0.300000E-03
 338  -0.773152E-03  -0.144292E-03   0.167000E-01   0.374152E-02   0.250000E-03
 339  -0.255061E-02   0.139295E-03   0.176852E-01   0.311790E-02   0.350000E-03
 340  -0.493738E-03   0.238665E-03   0.189935E-01   0.352952E-02   0.300000E-03
 341  -0.199706E-03  -0.257544E-03   0.201357E-01   0.339459E-02   0.300000E-03
 342  -0.192595E-03   0.445343E-07   0.206283E-01   0.334325E-02   0.200000E-03
 343  -0.634966E-03  -0.127920E-03   0.216576E-01   0.286531E-02   0.300000E-03
 344  -0.368637E-03  -0.142516E-03   0.239197E-01   0.333180E-02   0.250000E-03
 345  -0.921116E-03  -0.648085E-04   0.251732E-01   0.297545E-02   0.300000E-03
 346  -0.346717E-03  -0.436544E-03   0.257048E-01   0.260953E-02   0.350000E-03
 347  -0.414182E-03  -0.644009E-03   0.263966E-01   0.289384E-02   0.400000E-03
 348  -0.553128E-03   0.413934E-03   0.290025E-01   0.197255E-02   0.300000E-03
 349   0.265599E-05   0.508673E-03   0.301289E-01   0.284072E-02   0.250000E-03
 350  -0.123932E-02   0.635266E-03   0.320731E-01   0.314887E-02   0.300000E-03
 351  -0.113997E-02  -0.119375E-03   0.328494E-01   0.307939E-02   0.350000E-03
 352  -0.137368E-02  -0.152657E-03   0.344906E-01   0.310163E-02   0.400000E-03
 353  -0.115543E-02  -0.186318E-03   0.358798E-01   0.301862E-02   0.200000E-03
 354  -0.179156E-02  -0.147634E-03   0.372299E-01   0.219047E-02   0.250000E-03
 355  -0.925259E-03   0.341735E-03   0.380315E-01   0.203351E-02   0.300000E-03
 356   0.419549E-03   0.291524E-03   0.393729E-01   0.162275E-02   0.200000E-03
 357  -0.751857E-04   0.503264E-04   0.408090E-01   0.179692E-02   0.300000E-03
 358  -0.573746E-04  -0.101890E-02   0.416815E-01   0.133523E-02   0.250000E-03
 359   0.106708E-03   0.483880E-03   0.442581E-01   0.529128E-02   0.250000E-03
 360  -0.990517E-03   0.563768E-03   0.447997E-01   0.417970E-02   0.200000E-03
 361  -0.185313E-03   0.451305E-03   0.681816E-03   0.274666E-02   0.400000E-03
 362  -0.488176E-03   0.117585E-03   0.147857E-02   0.273526E-02   0.400000E-03
 363  -0.656490E-03  -0.170930E-03   0.308731E-02   0.201153E-02   0.250000E-03
 364  -0.428130E-04  -0.642059E-03   0.490993E-02   0.254141E-02   0.300000E-03
 365  -0.311380E-03   0.175067E-03   0.591378E-02   0.313625E-02   0.300000E-03
 366  -0.591845E-03   0.374720E-03   0.617513E-02   0.367625E-02   0.300000E-03
 367  -0.642453E-03   0.873791E-03   0.867611E-02   0.336422E-02   0.200000E-03
 368  -0.671497E-03   0.280625E-03   0.103348E-01   0.311232E-02   0.300000E-03
 369  -0.710587E-03   0.110392E-04   0.118611E-01   0.293638E-02   0.350000E-03
 370  -0.438755E-03   0.480719E-03   0.128175E-01   0.254633E-02   0.400000E-03
 371   0.465200E-03  -0.137873E-03   0.137330E-01   0.284874E-02   0.300000E-03
 372  -0.577354E-03  -0.487214E-03   0.150571E-01   0.327856E-02   0.400000E-03
 373  -0.117317E-02  -0.537711E-04   0.156850E-01   0.293146E-02   0.300000E-03
 374  -0.134378E-02  -0.145309E-02   0.164041E-01   0.316482E-02   0.400000E-03
 375  -0.770045E-03   0.141959E-03   0.175421E-01   0.393777E-02   0.450000E-03
 376  -0.965315E-03   0.257751E-03   0.186641E-01   0.308213E-02   0.200000E-03
 377  -0.600662E-03   0.821267E-04   0.196013E-01   0.375562E-02   0.350000E-03
 378  -0.610900E-03  -0.114806E-03   0.210723E-01   0.262814E-02   0.300000E-03
 379  -0.993055E-03   0.254405E-03   0.211710E-01   0.329164E-02   0.350000E-03
 380  -0.152891E-03  -0.779283E-03   0.220004E-01   0.341751E-02   0.350000E-03
 381   0.782984E-03   0.263869E-03   0.245106E-01   0.335594E-02   0.350000E-03
 382  -0.268703E-03  -0.451588E-03   0.267827E-01   0.347014E-02   0.300000E-03
 383  -0.635696E-03  -0.215843E-03   0.278901E-01   0.246243E-02   0.250000E-03
 384  -0.420282E-03   0.104239E-03   0.285816E-01   0.239389E-02   0.300000E-03
 385  -0.596067E-03   0.208243E-03   0.291512E-01   0.257051E-02   0.300000E-03
 386  -0.221726E-03   0.716420E-03   0.307245E-01   0.262938E-02   0.300000E-03
 387  -0.147953E-02   0.532532E-03   0.324683E-01   0.366094E-02   0.350000E-03
 388  -0.161929E-02  -0.401738E-04   0.354114E-01   0.345818E-02   0.450000E-03
 389  -0.105519E-02   0.847464E-04   0.360547E-01   0.337528E-02   0.200000E-03
 390  -0.150023E-02  -0.191757E-03   0.364700E-01   0.291796E-02   0.400000E-03
 391  -0.148519E-02   0.212565E-05   0.376740E-01   0.251335E-02   0.300000E-03
 392   0.779762E-03  -0.214147E-03   0.390445E-01   0.192623E-02   0.250000E-03
 393   0.613326E-03  -0.375430E-03   0.396107E-01   0.211944E-02   0.350000E-03
 394  -0.581226E-03  -0.795556E-03   0.422260E-01   0.126770E-02   0.300000E-03
 395   0.288437E-03   0.438804E-04   0.439048E-01   0.147143E-02   0.300000E-03
 396   0.523466E-03   0.781777E-03   0.444241E-01   0.241948E-02   0.200000E-03
 397  -0.211512E-03   0.573577E-04   0.971838E-03   0.349007E-02   0.400000E-03
 398   0.728252E-04  -0.451734E-03   0.263794E-02   0.232853E-02   0.300000E-03
 399   0.178937E-03  -0.485254E-03   0.353780E-02   0.232714E-02   0.300000E-03
 400  -0.151007E-03  -0.591235E-03   0.423671E-02   0.236029E-02   0.400000E-03
 401  -0.109573E-03   0.205394E-05   0.574700E-02   0.392668E-02   0.200000E-03
 402   0.414979E-04   0.176754E-03   0.728970E-02   0.344910E-02   0.350000E-03
 403  -0.117565E-03  -0.708065E-04   0.852626E-02   0.378644E-02   0.250000E-03
 404  -0.101213E-03  -0.143329E-03   0.906279E-02   0.368178E-02   0.300000E-03
 405   0.627751E-06   0.373900E-03   0.119629E-01   0.348484E-02   0.200000E-03
 406  -0.384651E-03   0.355200E-03   0.125250E-01   0.328425E-02   0.400000E-03
 407  -0.523745E-03   0.413138E-03   0.132052E-01   0.312715E-02   0.300000E-03
 408  -0.157461E-03  -0.511012E-03   0.142597E-01   0.330771E-02   0.400000E-03
 409  -0.111728E-02  -0.201081E-03   0.157441E-01   0.357126E-02   0.350000E-03
 410  -0.975761E-03  -0.211943E-03   0.162231E-01   0.400343E-02   0.300000E-03
 411  -0.937371E-03  -0.409318E-03   0.167504E-01   0.428571E-02   0.300000E-03
 412  -0.772741E-03   0.163236E-03   0.182972E-01   0.355576E-02   0.400000E-03
 413  -0.199956E-03  -0.181735E-03   0.202893E-01   0.397110E-02   0.300000E-03
 414  -0.508305E-03  -0.338386E-03   0.207969E-01   0.376005E-02   0.250000E-03
 415  -0.426632E-03  -0.216676E-03   0.208290E-01   0.440893E-02   0.400000E-03
 416  -0.599034E-04  -0.654887E-03   0.224609E-01   0.400843E-02   0.400000E-03
 417  -0.887935E-03   0.342503E-03   0.234187E-01   0.354474E-02   0.300000E-03
 418  -0.722471E-03  -0.621131E-03   0.251487E-01   0.362265E-02   0.350000E-03
 419  -0.702565E-03  -0.241921E-03   0.278063E-01   0.305418E-02   0.350000E-03
 420  -0.313893E-03  -0.121922E-03   0.283827E-01   0.289993E-02   0.250000E-03
 421  -0.553681E-04   0.276234E-03   0.296108E-01   0.313628E-02   0.350000E-03
 422  -0.129057E-02   0.614684E-03   0.313291E-01   0.307000E-02   0.450000E-03
 423  -0.164960E-02   0.384063E-04   0.338088E-01   0.340178E-02   0.350000E-03
 424  -0.149364E-02  -0.976352E-04   0.347278E-01   0.375847E-02   0.300000E-03
 425  -0.150645E-02  -0.245740E-03   0.369790E-01   0.339257E-02   0.300000E-03
 426  -0.159183E-02   0.258388E-04   0.371623E-01   0.282158E-02   0.300000E-03
 427  -0.104136E-02  -0.559562E-03   0.380237E-01   0.312607E-02   0.300000E-03
 428   0.359212E-04   0.185922E-03   0.385753E-01   0.209138E-02   0.250000E-03
 429   0.838276E-03  -0.268384E-03   0.402221E-01   0.190806E-02   0.300000E-03
 430   0.593074E-03   0.254538E-03   0.419434E-01   0.186888E-02   0.350000E-03
 431   0.401468E-03   0.501624E-03   0.426857E-01   0.179422E-02   0.400000E-03
 432   0.182000E-02  -0.445329E-04   0.433083E-01   0.148046E-02   0.300000E-03
 433   0.172592E-04  -0.764235E-04   0.347290E-03   0.396530E-02   0.350000E-03
 434  -0.850278E-03   0.984590E-04   0.158790E-02   0.179695E-02   0.200000E-03
 435  -0.277587E-03   0.102783E-04   0.313764E-02   0.283678E-02   0.350000E-03
 436   0.204012E-03  -0.359940E-03   0.529087E-02   0.293487E-02   0.250000E-03
 437  -0.146298E-03  -0.725389E-04   0.562789E-02   0.354533E-02   0.200000E-03
 438  -0.414434E-03   0.403289E-03   0.675681E-02   0.381810E-02   0.300000E-03
 439  -0.132860E-02  -0.230087E-03   0.793722E-02   0.368861E-02   0.350000E-03
 440  -0.168259E-03   0.210186E-03   0.108743E-01   0.375555E-02   0.200000E-03
 441  -0.271873E-03   0.349305E-03   0.109149E-01   0.325975E-02   0.300000E-03
 442  -0.471835E-03   0.323307E-03   0.130785E-01   0.371181E-02   0.300000E-03
 443  -0.118250E-02  -0.245136E-03   0.136317E-01   0.347382E-02   0.250000E-03
 444  -0.682828E-03  -0.401957E-03   0.152244E-01   0.395666E-02   0.300000E-03
 445  -0.676788E-03  -0.360633E-03   0.157005E-01   0.446656E-02   0.400000E-03
 446  -0.919873E-03  -0.371718E-03   0.162980E-01   0.449217E-02   0.200000E-03
 447  -0.567979E-03  -0.235630E-04   0.172438E-01   0.462067E-02   0.300000E-03
 448  -0.692949E-03   0.444859E-03   0.183387E-01   0.445257E-02   0.500000E-03
 449  -0.641507E-03   0.276256E-03   0.192313E-01   0.440276E-02   0.400000E-03
 450  -0.579893E-03   0.299028E-03   0.199261E-01   0.444521E-02   0.300000E-03
 451  -0.107600E-02   0.124834E-03   0.214929E-01   0.396581E-02   0.400000E-03
 452  -0.831583E-03   0.282996E-03   0.219521E-01   0.455421E-02   0.350000E-03
 453  -0.694145E-03  -0.102029E-03   0.240565E-01   0.391213E-02   0.350000E-03
 454  -0.663846E-03  -0.647175E-03   0.257707E-01   0.330619E-02   0.350000E-03
 455  -0.509899E-04  -0.621784E-03   0.269835E-01   0.301446E-02   0.200000E-03
 456  -0.318309E-03  -0.624940E-05   0.289137E-01   0.317524E-02   0.350000E-03
 457  -0.133790E-03   0.507963E-03   0.305436E-01   0.319682E-02   0.300000E-03
 458   0.498467E-04   0.483131E-03   0.306961E-01   0.381953E-02   0.350000E-03
 459  -0.149008E-02   0.505662E-03   0.317751E-01   0.373115E-02   0.350000E-03
 460  -0.150706E-02   0.134834E-03   0.341901E-01   0.386197E-02   0.250000E-03
 461  -0.160871E-02  -0.676667E-04   0.364589E-01   0.356534E-02   0.250000E-03
 462  -0.988872E-03   0.258765E-03   0.376396E-01   0.426532E-02   0.300000E-03
 463  -0.122027E-02   0.921014E-04   0.382678E-01   0.258142E-02   0.300000E-03
 464  -0.358993E-04   0.389270E-03   0.390078E-01   0.263831E-02   0.450000E-03
 465  -0.833918E-05  -0.176860E-03   0.407038E-01   0.238440E-02   0.300000E-03
 466   0.932234E-03   0.862844E-04   0.411735E-01   0.255185E-02   0.200000E-03
 467   0.129221E-02   0.101869E-03   0.435681E-01   0.255986E-02   0.250000E-03
 468   0.624199E-03  -0.459192E-04   0.435687E-01   0.383310E-02   0.350000E-03
 469  -0.205350E-03   0.336527E-04   0.105304E-02   0.433493E-02   0.450000E-03
 470  -0.480505E-03   0.538741E-04   0.217566E-02   0.279242E-02   0.300000E-03
 471  -0.456477E-03  -0.571801E-04   0.385306E-02   0.306113E-02   0.400000E-03
 472  -0.602348E-03  -0.977895E-04   0.455058E-02   0.301517E-02   0.300000E-03
 473   0.658358E-04  -0.139317E-03   0.502874E-02   0.352595E-02   0.400000E-03
 474  -0.249575E-03  -0.657243E-03   0.743994E-02   0.402262E-02   0.250000E-03
 475  -0.111814E-02  -0.766246E-04   0.811006E-02   0.436303E-02   0.350000E-03
 476  -0.435439E-03  -0.148732E-03   0.953453E-02   0.405071E-02   0.300000E-03
 477  -0.149493E-03   0.438823E-04   0.113118E-01   0.291036E-02   0.200000E-03
 478  -0.228943E-03   0.670238E-04   0.122275E-01   0.396650E-02   0.350000E-03
 479  -0.208517E-03  -0.181473E-03   0.141933E-01   0.395219E-02   0.250000E-03
 480  -0.631693E-03  -0.419838E-03   0.146771E-01   0.380550E-02   0.250000E-03
 481  -0.933342E-03  -0.131453E-03   0.147914E-01   0.429204E-02   0.250000E-03
 482  -0.983233E-03   0.103914E-03   0.162712E-01   0.508502E-02   0.400000E-03
 483  -0.823543E-03   0.168388E-03   0.169671E-01   0.515082E-02   0.300000E-03
 484  -0.701138E-03   0.176073E-03   0.186303E-01   0.519571E-02   0.300000E-03
 485  -0.700601E-03   0.263014E-03   0.196419E-01   0.502765E-02   0.350000E-03
 486  -0.932002E-03  -0.280055E-03   0.203026E-01   0.490844E-02   0.300000E-03
 487  -0.346001E-03  -0.171543E-03   0.213635E-01   0.492843E-02   0.350000E-03
 488  -0.822722E-03  -0.249400E-03   0.218854E-01   0.509887E-02   0.200000E-03
 489  -0.109980E-02  -0.155886E-03   0.246541E-01   0.395949E-02   0.250000E-03
 490  -0.211615E-03  -0.409720E-03   0.273195E-01   0.338831E-02   0.250000E-03
 491  -0.304122E-03  -0.345329E-04   0.283240E-01   0.344465E-02   0.300000E-03
 492  -0.113580E-04   0.274712E-04   0.293095E-01   0.381132E-02   0.400000E-03
 493   0.221754E-03   0.241577E-03   0.300837E-01   0.358182E-02   0.300000E-03
 494  -0.644763E-03   0.663078E-03   0.312302E-01   0.371178E-02   0.200000E-03
 495  -0.173865E-02   0.130991E-03   0.328757E-01   0.402500E-02   0.200000E-03
 496  -0.130040E-02   0.170000E-03   0.359395E-01   0.419576E-02   0.350000E-03
 497  -0.112839E-02  -0.216499E-03   0.360924E-01   0.372161E-02   0.150000E-03
 498  -0.138156E-02  -0.117909E-03   0.373464E-01   0.380093E-02   0.250000E-03
 499  -0.137679E-02  -0.422121E-03   0.375209E-01   0.333403E-02   0.250000E-03
 500   0.221253E-03   0.299767E-03   0.393952E-01   0.309530E-02   0.150000E-03
 501   0.765107E-03  -0.244210E-03   0.401589E-01   0.245270E-02   0.250000E-03
 502   0.886103E-03   0.258489E-03   0.413327E-01   0.208240E-02   0.300000E-03
 503   0.502956E-03   0.209780E-03   0.429727E-01   0.262555E-02   0.350000E-03
 504   0.174726E-02   0.107244E-02   0.433228E-01   0.207607E-02   0.300000E-03
 505  -0.265596E-03   0.593166E-04   0.164997E-02   0.380508E-02   0.350000E-03
 506  -0.396912E-03   0.530242E-03   0.186994E-02   0.324962E-02   0.250000E-03
 507  -0.539018E-03   0.184561E-03   0.332432E-02   0.343362E-02   0.250000E-03
 508  -0.561498E-03  -0.815360E-04   0.433271E-02   0.357014E-02   0.300000E-03
 509  -0.572789E-03   0.157365E-03   0.609179E-02   0.421965E-02   0.250000E-03
 510  -0.585182E-04  -0.356971E-03   0.749487E-02   0.456245E-02   0.300000E-03
 511  -0.574322E-03  -0.949894E-03   0.878304E-02   0.427150E-02   0.300000E-03
 512  -0.577216E-03   0.300316E-03   0.103267E-01   0.376013E-02   0.350000E-03
 513  -0.204056E-03   0.358295E-03   0.114664E-01   0.348482E-02   0.300000E-03
 514  -0.373420E-03   0.197106E-03   0.128550E-01   0.437427E-02   0.400000E-03
 515  -0.912608E-03   0.467316E-05   0.136089E-01   0.408688E-02   0.350000E-03
 516  -0.252466E-03  -0.288884E-03   0.142534E-01   0.454717E-02   0.350000E-03
 517  -0.713343E-04   0.387174E-04   0.151509E-01   0.446656E-02   0.150000E-03
 518  -0.714318E-03   0.124325E-03   0.154853E-01   0.523316E-02   0.400000E-03
 519  -0.409450E-03   0.123691E-03   0.177301E-01   0.504210E-02   0.350000E-03
 520  -0.618189E-03   0.231035E-03   0.191637E-01   0.546594E-02   0.300000E-03
 521  -0.952259E-03  -0.782892E-04   0.201366E-01   0.558732E-02   0.400000E-03
 522  -0.254581E-03   0.156681E-03   0.207393E-01   0.524074E-02   0.250000E-03
 523  -0.807546E-03   0.226091E-03   0.218655E-01   0.554660E-02   0.250000E-03
 524  -0.407478E-03  -0.681489E-03   0.231564E-01   0.408051E-02   0.300000E-03
 525  -0.689940E-03  -0.102230E-03   0.251908E-01   0.436941E-02   0.400000E-03
 526  -0.452160E-03  -0.385771E-03   0.256597E-01   0.392244E-02   0.250000E-03
 527   0.204514E-03  -0.356977E-03   0.277847E-01   0.370366E-02   0.300000E-03
 528  -0.253531E-03   0.150787E-03   0.291676E-01   0.454647E-02   0.350000E-03
 529  -0.420472E-05   0.134370E-03   0.305374E-01   0.444160E-02   0.300000E-03
 530  -0.163786E-02  -0.654565E-04   0.321517E-01   0.405868E-02   0.150000E-03
 531  -0.990098E-03   0.374903E-03   0.330181E-01   0.360260E-02   0.200000E-03
 532  -0.155350E-02   0.109075E-03   0.351956E-01   0.427899E-02   0.400000E-03
 533  -0.147420E-02  -0.646373E-04   0.368235E-01   0.397076E-02   0.300000E-03
 534  -0.112658E-02   0.216266E-03   0.382239E-01   0.440071E-02   0.300000E-03
 535  -0.932632E-03   0.156684E-03   0.379049E-01   0.372724E-02   0.300000E-03
 536  -0.806322E-03   0.117051E-02   0.386353E-01   0.310722E-02   0.150000E-03
 537   0.270795E-03  -0.663590E-03   0.404354E-01   0.273979E-02   0.150000E-03
 538   0.643469E-03   0.231524E-03   0.417672E-01   0.249274E-02   0.300000E-03
 539   0.535920E-03   0.336414E-03   0.423604E-01   0.240992E-02   0.300000E-03
 540   0.167611E-02   0.354869E-03   0.439701E-01   0.284920E-02   0.250000E-03
 541  -0.373662E-03   0.372210E-03   0.479626E-02   0.846061E-02   0.300000E-03
 542  -0.597078E-03   0.347152E-03   0.258069E-02   0.347825E-02   0.500000E-03
 543  -0.706621E-03   0.130636E-03   0.376506E-02   0.375876E-02   0.300000E-03
 544  -0.482415E-03   0.186951E-03   0.419671E-02   0.409888E-02   0.250000E-03
 545   0.377965E-04  -0.429290E-04   0.533235E-02   0.409715E-02   0.250000E-03
 546  -0.691783E-03   0.588049E-03   0.858726E-02   0.499547E-02   0.450000E-03
 547  -0.137428E-06  -0.539671E-03   0.928679E-02   0.459563E-02   0.300000E-03
 548  -0.631124E-03  -0.386507E-03   0.977416E-02   0.448627E-02   0.200000E-03
 549  -0.434657E-03   0.721324E-04   0.110608E-01   0.432297E-02   0.400000E-03
 550  -0.308331E-03   0.148719E-04   0.116294E-01   0.400908E-02   0.250000E-03
 551  -0.666532E-03  -0.933538E-04   0.135304E-01   0.488293E-02   0.450000E-03
 552  -0.313385E-03   0.121620E-03   0.142423E-01   0.524457E-02   0.350000E-03
 553  -0.478466E-03  -0.970792E-04   0.148755E-01   0.478505E-02   0.250000E-03
 554  -0.577246E-03  -0.137887E-03   0.150733E-01   0.573224E-02   0.250000E-03
 555  -0.902780E-03  -0.173784E-04   0.160077E-01   0.583727E-02   0.400000E-03
 556  -0.596376E-03   0.429798E-04   0.181433E-01   0.554105E-02   0.300000E-03
 557  -0.786152E-03   0.361196E-03   0.188745E-01   0.481996E-02   0.150000E-03
 558  -0.530716E-03   0.527760E-04   0.212310E-01   0.566219E-02   0.400000E-03
 559   0.119483E-03   0.144488E-05   0.226181E-01   0.463886E-02   0.250000E-03
 560  -0.647943E-03  -0.187641E-03   0.237105E-01   0.439796E-02   0.250000E-03
 561  -0.565941E-03  -0.208279E-03   0.259432E-01   0.444860E-02   0.350000E-03
 562  -0.281749E-03  -0.149139E-03   0.262465E-01   0.381915E-02   0.350000E-03
 563  -0.161676E-03   0.259213E-03   0.285672E-01   0.409808E-02   0.400000E-03
 564  -0.125373E-03   0.106004E-03   0.285685E-01   0.479675E-02   0.300000E-03
 565  -0.193717E-03   0.509857E-04   0.299265E-01   0.423164E-02   0.350000E-03
 566  -0.164862E-02   0.393678E-03   0.312840E-01   0.436174E-02   0.450000E-03
 567  -0.128986E-02  -0.228154E-03   0.333043E-01   0.328658E-02   0.150000E-03
 568  -0.146567E-02   0.112155E-03   0.338455E-01   0.384813E-02   0.100000E-03
 569  -0.145216E-02   0.108696E-04   0.370033E-01   0.448717E-02   0.250000E-03
 570  -0.919053E-03  -0.134278E-03   0.378146E-01   0.483789E-02   0.300000E-03
 571  -0.277610E-03   0.111700E-04   0.384688E-01   0.352296E-02   0.300000E-03
 572   0.478802E-04   0.440638E-03   0.390528E-01   0.338680E-02   0.300000E-03
 573   0.921675E-04   0.480445E-03   0.397364E-01   0.280212E-02   0.300000E-03
 574   0.899383E-03   0.123102E-03   0.414148E-01   0.320625E-02   0.500000E-03
 575   0.692964E-03   0.204314E-03   0.421289E-01   0.290602E-02   0.250000E-03
 576   0.145722E-02  -0.661070E-03   0.444162E-01   0.385919E-02   0.300000E-03
 577  -0.596656E-04   0.424405E-03   0.298182E-03   0.461228E-02   0.300000E-03
 578  -0.470637E-03   0.139530E-05   0.261356E-02   0.432245E-02   0.350000E-03
 579  -0.421093E-03   0.162197E-03   0.476478E-02   0.428703E-02   0.350000E-03
 580   0.870137E-04  -0.134393E-03   0.544424E-02   0.458134E-02   0.250000E-03
 581  -0.808041E-03  -0.171489E-03   0.706082E-02   0.414976E-02   0.150000E-03
 582  -0.127712E-02   0.799639E-03   0.792619E-02   0.488105E-02   0.200000E-03
 583  -0.450538E-03  -0.317307E-04   0.992808E-02   0.490624E-02   0.250000E-03
 584  -0.529908E-03   0.119504E-03   0.103252E-01   0.445849E-02   0.350000E-03
 585  -0.394009E-03   0.181656E-03   0.107295E-01   0.514817E-02   0.450000E-03
 586  -0.258970E-03   0.141732E-03   0.118675E-01   0.450449E-02   0.300000E-03
 587  -0.323839E-03   0.158718E-03   0.123364E-01   0.467301E-02   0.200000E-03
 588  -0.679330E-03  -0.422054E-03   0.136287E-01   0.552522E-02   0.200000E-03
 589  -0.244700E-03   0.979391E-04   0.148392E-01   0.528368E-02   0.250000E-03
 590  -0.645568E-03  -0.976892E-04   0.154326E-01   0.600143E-02   0.200000E-03
 591  -0.764432E-03   0.334504E-03   0.173737E-01   0.551950E-02   0.250000E-03
 592  -0.596633E-03  -0.583999E-04   0.181488E-01   0.613868E-02   0.300000E-03
 593  -0.560075E-03   0.334393E-03   0.195127E-01   0.595180E-02   0.300000E-03
 594  -0.601908E-03   0.866223E-04   0.206491E-01   0.613164E-02   0.350000E-03
 595  -0.111014E-02  -0.126176E-03   0.222720E-01   0.499926E-02   0.200000E-03
 596  -0.352141E-03  -0.199617E-03   0.232116E-01   0.472649E-02   0.350000E-03
 597  -0.697624E-03  -0.935154E-04   0.244174E-01   0.456419E-02   0.400000E-03
 598  -0.314779E-03  -0.341221E-03   0.266387E-01   0.439623E-02   0.350000E-03
 599  -0.932307E-04  -0.247667E-03   0.271932E-01   0.397079E-02   0.350000E-03
 600  -0.210268E-03   0.307644E-03   0.299167E-01   0.487971E-02   0.300000E-03
 601  -0.321179E-04   0.433974E-03   0.305318E-01   0.508309E-02   0.350000E-03
 602   0.114403E-02  -0.247072E-03   0.309906E-01   0.488483E-02   0.150000E-03
 603  -0.167551E-02   0.249095E-03   0.330227E-01   0.455312E-02   0.350000E-03
 604  -0.148216E-02   0.145289E-03   0.334199E-01   0.397833E-02   0.350000E-03
 605  -0.147961E-02   0.519367E-04   0.364191E-01   0.476811E-02   0.400000E-03
 606  -0.230759E-03  -0.116861E-04   0.384986E-01   0.513895E-02   0.450000E-03
 607  -0.372993E-03  -0.338762E-03   0.386370E-01   0.404136E-02   0.250000E-03
 608   0.420681E-04   0.722738E-04   0.396565E-01   0.345976E-02   0.300000E-03
 609  -0.640140E-04   0.242434E-03   0.402497E-01   0.319868E-02   0.350000E-03
 610   0.298005E-03   0.408006E-03   0.409116E-01   0.278332E-02   0.150000E-03
 611   0.390456E-03  -0.357105E-04   0.428013E-01   0.361079E-02   0.450000E-03
 612   0.139654E-02  -0.746073E-03   0.434457E-01   0.314313E-02   0.350000E-03
 613   0.313103E-04   0.302319E-03   0.104499E-01   0.861418E-02   0.350000E-03
 614  -0.482684E-03   0.779323E-04   0.314043E-02   0.446951E-02   0.200000E-03
 615  -0.575238E-03   0.609887E-04   0.368437E-02   0.440802E-02   0.350000E-03
 616  -0.621224E-04   0.617129E-04   0.569586E-02   0.427188E-02   0.150000E-03
 617  -0.461824E-03   0.301295E-03   0.664416E-02   0.445240E-02   0.350000E-03
 618  -0.539174E-03   0.439927E-03   0.808850E-02   0.555327E-02   0.300000E-03
 619   0.101391E-03   0.644495E-03   0.930778E-02   0.519325E-02   0.300000E-03
 620  -0.555183E-03   0.378155E-03   0.990034E-02   0.555355E-02   0.400000E-03
 621  -0.186013E-03   0.485541E-03   0.114114E-01   0.533357E-02   0.250000E-03
 622  -0.257106E-03   0.183268E-03   0.114413E-01   0.484245E-02   0.250000E-03
 623  -0.225173E-03  -0.195852E-03   0.126782E-01   0.510288E-02   0.350000E-03
 624  -0.171913E-03  -0.864609E-04   0.139755E-01   0.572428E-02   0.200000E-03
 625  -0.429492E-03  -0.205227E-03   0.144981E-01   0.589155E-02   0.350000E-03
 626  -0.107586E-02   0.896482E-05   0.166273E-01   0.550351E-02   0.150000E-03
 627  -0.822923E-03   0.315750E-03   0.169451E-01   0.564910E-02   0.200000E-03
 628  -0.787757E-03  -0.396308E-04   0.175584E-01   0.603379E-02   0.300000E-03
 629  -0.706740E-03  -0.122730E-03   0.188187E-01   0.646816E-02   0.450000E-03
 630  -0.961343E-03  -0.157567E-02   0.218547E-01   0.609646E-02   0.300000E-03
 631  -0.688515E-03   0.165534E-03   0.227566E-01   0.525658E-02   0.350000E-03
 632  -0.669764E-03  -0.169927E-03   0.238265E-01   0.493421E-02   0.300000E-03
 633  -0.804417E-03  -0.216107E-03   0.246744E-01   0.515704E-02   0.250000E-03
 634  -0.140795E-04  -0.118908E-03   0.271711E-01   0.451726E-02   0.200000E-03
 635   0.188757E-04  -0.937965E-04   0.278134E-01   0.447189E-02   0.450000E-03
 636  -0.230006E-03   0.313585E-03   0.293863E-01   0.515619E-02   0.300000E-03
 637  -0.182697E-03   0.915385E-03   0.303394E-01   0.569967E-02   0.300000E-03
 638  -0.153559E-02   0.129525E-03   0.321246E-01   0.472533E-02   0.350000E-03
 639  -0.138982E-02  -0.527419E-04   0.342836E-01   0.481065E-02   0.250000E-03
 640  -0.154734E-02   0.118793E-03   0.344991E-01   0.431032E-02   0.300000E-03
 641  -0.159589E-02  -0.358348E-04   0.368844E-01   0.528934E-02   0.300000E-03
 642  -0.151322E-02   0.217505E-05   0.372715E-01   0.490215E-02   0.250000E-03
 643  -0.243478E-03   0.647510E-04   0.388040E-01   0.450994E-02   0.250000E-03
 644   0.312053E-03  -0.338084E-03   0.392856E-01   0.405106E-02   0.400000E-03
 645   0.146509E-02   0.119047E-02   0.417213E-01   0.383523E-02   0.200000E-03
 646  -0.859852E-03  -0.278293E-03   0.407711E-01   0.329753E-02   0.150000E-03
 647   0.535531E-03   0.186925E-03   0.425692E-01   0.299841E-02   0.200000E-03
 648   0.252936E-03   0.361815E-03   0.448035E-01   0.354891E-02   0.200000E-03
 649  -0.262446E-03   0.356933E-03   0.713545E-03   0.488747E-02   0.200000E-03
 650  -0.467917E-03   0.155231E-03   0.266861E-02   0.501425E-02   0.350000E-03
 651  -0.632097E-03   0.129506E-03   0.320566E-02   0.397378E-02   0.300000E-03
 652  -0.461613E-03   0.964282E-04   0.457459E-02   0.489890E-02   0.200000E-03
 653  -0.251851E-03   0.841035E-05   0.656801E-02   0.494579E-02   0.150000E-03
 654  -0.345495E-03   0.574246E-03   0.745691E-02   0.525485E-02   0.400000E-03
 655  -0.729454E-03   0.163268E-03   0.876737E-02   0.577327E-02   0.350000E-03
 656  -0.270026E-03   0.222387E-03   0.935258E-02   0.589891E-02   0.250000E-03
 657  -0.382113E-03   0.425753E-03   0.104754E-01   0.593808E-02   0.300000E-03
 658  -0.426311E-03  -0.178247E-03   0.119798E-01   0.514438E-02   0.350000E-03
 659  -0.395979E-03  -0.315487E-03   0.131527E-01   0.546903E-02   0.250000E-03
 660  -0.386545E-03   0.215795E-03   0.136201E-01   0.620621E-02   0.400000E-03
 661  -0.478876E-03  -0.216606E-03   0.150185E-01   0.627922E-02   0.300000E-03
 662  -0.937408E-03   0.154117E-03   0.163513E-01   0.644031E-02   0.300000E-03
 663  -0.893075E-03   0.301560E-03   0.166424E-01   0.597725E-02   0.250000E-03
 664  -0.806425E-03   0.101294E-03   0.177721E-01   0.653796E-02   0.250000E-03
 665  -0.924155E-03   0.655610E-04   0.200167E-01   0.627625E-02   0.300000E-03
 666  -0.495698E-03   0.197707E-03   0.212567E-01   0.636026E-02   0.300000E-03
 667  -0.629801E-03   0.174056E-03   0.223630E-01   0.576852E-02   0.300000E-03
 668  -0.755868E-03   0.221179E-04   0.233986E-01   0.535236E-02   0.300000E-03
 669  -0.848342E-03   0.220267E-03   0.248777E-01   0.475872E-02   0.100000E-03
 670  -0.507018E-03   0.128501E-03   0.263798E-01   0.487989E-02   0.200000E-03
 671   0.317229E-03   0.204236E-03   0.285116E-01   0.530472E-02   0.200000E-03
 672  -0.453331E-04   0.400596E-07   0.281128E-01   0.510328E-02   0.250000E-03
 673  -0.391218E-03   0.157525E-04   0.310193E-01   0.557424E-02   0.350000E-03
 674  -0.168338E-02   0.269586E-03   0.315458E-01   0.511657E-02   0.350000E-03
 675  -0.147060E-02   0.120666E-04   0.324956E-01   0.425912E-02   0.250000E-03
 676  -0.148406E-02   0.586773E-05   0.347822E-01   0.477950E-02   0.250000E-03
 677  -0.159380E-02  -0.166035E-04   0.369669E-01   0.598274E-02   0.400000E-03
 678  -0.159519E-02  -0.165011E-03   0.374257E-01   0.537604E-02   0.250000E-03
 679  -0.281747E-03   0.201745E-03   0.390881E-01   0.541955E-02   0.200000E-03
 680  -0.200401E-03   0.665349E-04   0.392603E-01   0.489831E-02   0.350000E-03
 681   0.914201E-03   0.287024E-03   0.410900E-01   0.387813E-02   0.250000E-03
 682   0.662264E-03  -0.144790E-04   0.421353E-01   0.340445E-02   0.250000E-03
 683   0.892795E-03   0.259567E-03   0.440214E-01   0.454947E-02   0.500000E-03
 684   0.137043E-02  -0.773692E-03   0.440419E-01   0.339367E-02   0.300000E-03
 685   0.247117E-03   0.983397E-04   0.349347E-03   0.728891E-02   0.350000E-03
 686  -0.573646E-03   0.169516E-03   0.332942E-02   0.558612E-02   0.350000E-03
 687  -0.542024E-03   0.127497E-03   0.331260E-02   0.493813E-02   0.300000E-03
 688  -0.426193E-03   0.737540E-04   0.501626E-02   0.483102E-02   0.250000E-03
 689  -0.756579E-03   0.886419E-04   0.706109E-02   0.480512E-02   0.200000E-03
 690  -0.444084E-03   0.198849E-03   0.759966E-02   0.598420E-02   0.350000E-03
 691  -0.550531E-04   0.338377E-03   0.877651E-02   0.647705E-02   0.350000E-03
 692  -0.536483E-03   0.411213E-03   0.989760E-02   0.625261E-02   0.300000E-03
 693  -0.348746E-03   0.529658E-03   0.103963E-01   0.647907E-02   0.250000E-03
 694  -0.938938E-04   0.382973E-03   0.111160E-01   0.584833E-02   0.350000E-03
 695  -0.657617E-03   0.270417E-03   0.128968E-01   0.601037E-02   0.350000E-03
 696  -0.445641E-03  -0.115590E-03   0.146214E-01   0.720191E-02   0.250000E-03
 697  -0.443528E-03  -0.649401E-04   0.143312E-01   0.661904E-02   0.400000E-03
 698  -0.892081E-03  -0.898097E-04   0.156606E-01   0.655774E-02   0.400000E-03
 699  -0.915016E-03   0.165160E-03   0.170781E-01   0.660827E-02   0.450000E-03
 700  -0.817855E-03  -0.269400E-04   0.181968E-01   0.688470E-02   0.300000E-03
 701  -0.735240E-03  -0.945533E-04   0.195452E-01   0.664291E-02   0.300000E-03
 702  -0.639095E-03  -0.181832E-04   0.204262E-01   0.684320E-02   0.400000E-03
 703  -0.769363E-03   0.644044E-04   0.230378E-01   0.595119E-02   0.400000E-03
 704  -0.641052E-03  -0.190116E-03   0.241626E-01   0.554681E-02   0.400000E-03
 705  -0.667555E-03  -0.185993E-03   0.251504E-01   0.501537E-02   0.250000E-03
 706  -0.439201E-03   0.736961E-04   0.259627E-01   0.504740E-02   0.250000E-03
 707  -0.806405E-04  -0.504075E-05   0.269698E-01   0.507857E-02   0.400000E-03
 708  -0.229599E-03   0.388994E-03   0.298638E-01   0.542654E-02   0.250000E-03
 709  -0.157472E-02   0.300177E-03   0.320730E-01   0.527223E-02   0.200000E-03
 710  -0.147373E-02   0.133115E-03   0.326466E-01   0.501927E-02   0.250000E-03
 711  -0.165220E-02  -0.101314E-03   0.337209E-01   0.460585E-02   0.350000E-03
 712  -0.147669E-02   0.360223E-04   0.351283E-01   0.520606E-02   0.300000E-03
 713  -0.612858E-03   0.473780E-03   0.381544E-01   0.636537E-02   0.350000E-03
 714  -0.668296E-03   0.495645E-03   0.379279E-01   0.569927E-02   0.350000E-03
 715  -0.223307E-03   0.100193E-03   0.388198E-01   0.564101E-02   0.150000E-03
 716   0.353979E-03  -0.233969E-03   0.397252E-01   0.452742E-02   0.250000E-03
 717   0.363945E-03  -0.231828E-03   0.400588E-01   0.366044E-02   0.150000E-03
 718   0.666275E-03  -0.223753E-03   0.421665E-01   0.390214E-02   0.250000E-03
 719   0.596404E-03   0.756810E-04   0.448015E-01   0.545499E-02   0.200000E-03
 720   0.227637E-04  -0.101271E-02   0.434065E-01   0.728611E-02   0.350000E-03
 721  -0.563576E-03  -0.524979E-04   0.215080E-02   0.402851E-02   0.200000E-03
 722  -0.333595E-03   0.130314E-03   0.202583E-02   0.510340E-02   0.300000E-03
 723  -0.400071E-03   0.625655E-04   0.425037E-02   0.459380E-02   0.250000E-03
 724   0.852019E-04  -0.816794E-04   0.602381E-02   0.486635E-02   0.400000E-03
 725  -0.880340E-03   0.439190E-03   0.692288E-02   0.512608E-02   0.150000E-03
 726  -0.137333E-03  -0.255458E-03   0.651646E-02   0.549294E-02   0.400000E-03
 727  -0.570614E-03   0.786870E-04   0.822905E-02   0.613573E-02   0.300000E-03
 728  -0.281030E-03   0.357087E-03   0.936898E-02   0.639649E-02   0.250000E-03
 729  -0.301657E-03   0.387451E-03   0.971058E-02   0.682610E-02   0.300000E-03
 730  -0.372591E-03   0.657584E-04   0.123579E-01   0.560985E-02   0.250000E-03
 731  -0.481728E-03   0.281879E-03   0.122258E-01   0.620634E-02   0.350000E-03
 732  -0.544527E-03   0.273073E-03   0.131164E-01   0.661496E-02   0.250000E-03
 733  -0.458155E-03  -0.101371E-03   0.149471E-01   0.682326E-02   0.250000E-03
 734  -0.975861E-03   0.308468E-03   0.161592E-01   0.689531E-02   0.200000E-03
 735  -0.920881E-03   0.390562E-04   0.176246E-01   0.719107E-02   0.350000E-03
 736  -0.746260E-03  -0.113956E-03   0.191203E-01   0.726184E-02   0.400000E-03
 737  -0.699375E-03  -0.276429E-04   0.198135E-01   0.717815E-02   0.300000E-03
 738  -0.538316E-03   0.597030E-04   0.214990E-01   0.701426E-02   0.400000E-03
 739  -0.678473E-03  -0.107289E-03   0.224450E-01   0.640869E-02   0.350000E-03
 740  -0.710264E-03   0.117641E-03   0.237533E-01   0.617131E-02   0.350000E-03
 741  -0.674657E-03   0.138698E-03   0.248241E-01   0.563237E-02   0.250000E-03
 742  -0.426705E-03   0.215221E-03   0.263750E-01   0.532947E-02   0.250000E-03
 743   0.126707E-04   0.463553E-04   0.276152E-01   0.514074E-02   0.250000E-03
 744   0.643144E-04   0.294428E-03   0.288885E-01   0.518032E-02   0.200000E-03
 745  -0.175304E-02  -0.201518E-03   0.316034E-01   0.571330E-02   0.250000E-03
 746  -0.150324E-02   0.832995E-04   0.328034E-01   0.559657E-02   0.350000E-03
 747  -0.159750E-02   0.170282E-03   0.332744E-01   0.515039E-02   0.300000E-03
 748  -0.157417E-02   0.692560E-04   0.356746E-01   0.485428E-02   0.350000E-03
 749  -0.150359E-02  -0.114051E-03   0.363132E-01   0.545850E-02   0.300000E-03
 750  -0.632250E-03   0.467849E-03   0.384999E-01   0.587640E-02   0.250000E-03
 751  -0.108104E-03   0.267713E-03   0.391552E-01   0.593408E-02   0.300000E-03
 752   0.214869E-03  -0.245248E-03   0.401769E-01   0.422446E-02   0.300000E-03
 753  -0.675266E-03   0.605579E-03   0.407100E-01   0.300413E-02   0.150000E-03
 754   0.357176E-03   0.707272E-04   0.418869E-01   0.418598E-02   0.150000E-03
 755   0.221276E-03   0.327545E-03   0.425396E-01   0.415002E-02   0.150000E-03
 756  -0.797836E-03  -0.432195E-03   0.431042E-01   0.671045E-02   0.300000E-03
 757  -0.562430E-03  -0.341298E-04   0.183874E-02   0.448101E-02   0.350000E-03
 758  -0.392768E-03   0.111076E-03   0.402147E-02   0.566142E-02   0.350000E-03
 759  -0.524611E-03   0.175822E-03   0.390590E-02   0.502154E-02   0.300000E-03
 760  -0.444218E-03   0.316083E-03   0.472715E-02   0.556802E-02   0.300000E-03
 761  -0.327208E-03   0.225206E-03   0.539463E-02   0.535822E-02   0.400000E-03
 762  -0.581552E-03   0.451664E-04   0.589664E-02   0.591160E-02   0.350000E-03
 763   0.112349E-04   0.661531E-04   0.688343E-02   0.620086E-02   0.400000E-03
 764  -0.359922E-03  -0.201713E-04   0.815592E-02   0.673099E-02   0.300000E-03
 765  -0.228403E-03   0.142924E-03   0.115508E-01   0.639080E-02   0.350000E-03
 766  -0.538072E-03   0.194535E-03   0.117589E-01   0.575550E-02   0.300000E-03
 767  -0.542115E-03   0.248413E-03   0.126791E-01   0.651448E-02   0.200000E-03
 768  -0.458134E-03  -0.731842E-04   0.137242E-01   0.684688E-02   0.250000E-03
 769  -0.377967E-03   0.733663E-04   0.152498E-01   0.734063E-02   0.350000E-03
 770  -0.913753E-03   0.182520E-03   0.158322E-01   0.720293E-02   0.250000E-03
 771  -0.906963E-03   0.928744E-05   0.165568E-01   0.678298E-02   0.100000E-03
 772  -0.902438E-03  -0.120275E-03   0.184792E-01   0.735282E-02   0.250000E-03
 773  -0.583953E-03   0.156610E-03   0.202065E-01   0.775681E-02   0.400000E-03
 774  -0.623456E-03   0.123005E-03   0.208819E-01   0.743435E-02   0.350000E-03
 775  -0.767732E-03   0.984158E-04   0.232902E-01   0.654989E-02   0.250000E-03
 776  -0.605239E-03   0.327330E-03   0.248964E-01   0.607589E-02   0.200000E-03
 777  -0.705100E-03  -0.990867E-04   0.255633E-01   0.484143E-02   0.200000E-03
 778  -0.395530E-03   0.106358E-03   0.259615E-01   0.549626E-02   0.200000E-03
 779   0.255716E-03   0.788301E-03   0.277670E-01   0.566710E-02   0.300000E-03
 780  -0.206251E-03   0.859454E-03   0.293985E-01   0.580403E-02   0.350000E-03
 781  -0.726369E-03   0.516404E-03   0.307135E-01   0.603086E-02   0.200000E-03
 782  -0.160501E-02   0.204759E-03   0.321510E-01   0.576555E-02   0.300000E-03
 783  -0.152065E-02   0.189556E-03   0.339108E-01   0.527825E-02   0.350000E-03
 784  -0.170698E-02  -0.786262E-03   0.344600E-01   0.522256E-02   0.200000E-03
 785  -0.159554E-02  -0.113869E-03   0.356743E-01   0.555399E-02   0.350000E-03
 786   0.154061E-02   0.109185E-02   0.375783E-01   0.620145E-02   0.250000E-03
 787  -0.466934E-03   0.108724E-03   0.397193E-01   0.613316E-02   0.300000E-03
 788  -0.130148E-03   0.226302E-03   0.396325E-01   0.548955E-02   0.350000E-03
 789  -0.392486E-04   0.517820E-04   0.405558E-01   0.376307E-02   0.300000E-03
 790   0.537509E-03  -0.153347E-04   0.414516E-01   0.428710E-02   0.300000E-03
 791   0.542063E-03   0.873883E-04   0.431024E-01   0.435311E-02   0.350000E-03
 792   0.845921E-03   0.683579E-03   0.438734E-01   0.518211E-02   0.150000E-03
 793  -0.467922E-03   0.194261E-03   0.284384E-02   0.547903E-02   0.150000E-03
 794  -0.339554E-03   0.170884E-03   0.244603E-02   0.545865E-02   0.150000E-03
 795  -0.482706E-03   0.221611E-03   0.435862E-02   0.523108E-02   0.200000E-03
 796  -0.364283E-03   0.393556E-04   0.266138E-02   0.646769E-02   0.300000E-03
 797  -0.528908E-03  -0.157426E-04   0.449985E-02   0.623739E-02   0.400000E-03
 798  -0.225613E-03  -0.132876E-03   0.516370E-02   0.601766E-02   0.300000E-03
 799  -0.386737E-03  -0.830604E-04   0.750841E-02   0.667466E-02   0.350000E-03
 800  -0.522098E-04   0.551043E-03   0.882878E-02   0.707382E-02   0.250000E-03
 801  -0.375885E-03   0.530812E-03   0.108106E-01   0.675442E-02   0.250000E-03
 802  -0.454833E-03   0.522556E-03   0.112793E-01   0.692489E-02   0.250000E-03
 803  -0.365317E-03   0.827787E-04   0.120132E-01   0.676659E-02   0.250000E-03
 804  -0.618487E-03   0.988022E-04   0.132637E-01   0.714455E-02   0.300000E-03
 805  -0.371521E-03  -0.116920E-03   0.140762E-01   0.727051E-02   0.300000E-03
 806  -0.841198E-03   0.316909E-05   0.157135E-01   0.763561E-02   0.200000E-03
 807  -0.980060E-03   0.162898E-04   0.180519E-01   0.761165E-02   0.250000E-03
 808  -0.729825E-03   0.435764E-03   0.191410E-01   0.811034E-02   0.450000E-03
 809  -0.462820E-03   0.232003E-03   0.214673E-01   0.771328E-02   0.300000E-03
 810  -0.723417E-03   0.818203E-04   0.221973E-01   0.700474E-02   0.300000E-03
 811  -0.736883E-03   0.131997E-03   0.237915E-01   0.681790E-02   0.300000E-03
 812  -0.678407E-03   0.295998E-03   0.244122E-01   0.620028E-02   0.300000E-03
 813  -0.503587E-03   0.162398E-03   0.254174E-01   0.554703E-02   0.350000E-03
 814   0.555017E-03   0.103316E-02   0.272720E-01   0.559654E-02   0.200000E-03
 815   0.471918E-03   0.774483E-03   0.286539E-01   0.588500E-02   0.400000E-03
 816  -0.452239E-03   0.569718E-03   0.312045E-01   0.608578E-02   0.200000E-03
 817  -0.178570E-03   0.520108E-03   0.302438E-01   0.628878E-02   0.300000E-03
 818  -0.155308E-02   0.224703E-03   0.325663E-01   0.619820E-02   0.300000E-03
 819  -0.154406E-02   0.223629E-03   0.334414E-01   0.572623E-02   0.300000E-03
 820  -0.126911E-02  -0.178293E-03   0.347222E-01   0.564666E-02   0.300000E-03
 821  -0.151374E-02  -0.148668E-03   0.362316E-01   0.605076E-02   0.300000E-03
 822  -0.434551E-03   0.337414E-04   0.378286E-01   0.692768E-02   0.300000E-03
 823  -0.513998E-03   0.645089E-03   0.387517E-01   0.630774E-02   0.250000E-03
 824   0.714430E-03  -0.321841E-03   0.408148E-01   0.555595E-02   0.350000E-03
 825   0.665606E-03   0.328796E-04   0.402539E-01   0.498573E-02   0.450000E-03
 826   0.945876E-03  -0.608518E-04   0.408008E-01   0.440260E-02   0.350000E-03
 827   0.684093E-03   0.252564E-03   0.422261E-01   0.439770E-02   0.250000E-03
 828  -0.362809E-03   0.254239E-03   0.402829E-01   0.692625E-02   0.350000E-03
 829  -0.392090E-03   0.974361E-04   0.262618E-02   0.587030E-02   0.300000E-03
 830  -0.716466E-04   0.429467E-03   0.299666E-03   0.521150E-02   0.300000E-03
 831  -0.100076E-03   0.775848E-04   0.312972E-03   0.571023E-02   0.200000E-03
 832  -0.482636E-03   0.278493E-04   0.310351E-02   0.614081E-02   0.250000E-03
 833  -0.391211E-03   0.372487E-03   0.328120E-02   0.665984E-02   0.300000E-03
 834  -0.262516E-03   0.169705E-03   0.508927E-02   0.661247E-02   0.300000E-03
 835  -0.215539E-03   0.870259E-04   0.573879E-02   0.679748E-02   0.300000E-03
 836  -0.393557E-03   0.199262E-03   0.756079E-02   0.737057E-02   0.350000E-03
 837  -0.325861E-03   0.517527E-03   0.108118E-01   0.630549E-02   0.200000E-03
 838  -0.564659E-03   0.468718E-03   0.117443E-01   0.730245E-02   0.350000E-03
 839  -0.512700E-03   0.111429E-03   0.125671E-01   0.710308E-02   0.400000E-03
 840  -0.755977E-03   0.231812E-03   0.141533E-01   0.787231E-02   0.300000E-03
 841  -0.485773E-03   0.138757E-03   0.147376E-01   0.773914E-02   0.300000E-03
 842  -0.851149E-03  -0.787581E-04   0.170471E-01   0.748662E-02   0.300000E-03
 843  -0.908495E-03   0.326536E-03   0.184913E-01   0.785046E-02   0.250000E-03
 844  -0.776940E-03   0.459919E-03   0.198487E-01   0.835778E-02   0.300000E-03
 845  -0.636598E-03   0.424508E-03   0.208657E-01   0.813251E-02   0.350000E-03
 846  -0.881014E-03   0.422212E-03   0.219755E-01   0.750658E-02   0.250000E-03
 847  -0.767283E-03   0.189947E-03   0.232629E-01   0.709826E-02   0.300000E-03
 848  -0.134132E-03   0.244561E-03   0.244857E-01   0.689673E-02   0.400000E-03
 849  -0.405791E-03   0.373127E-03   0.254203E-01   0.624261E-02   0.350000E-03
 850  -0.182523E-03   0.213364E-03   0.267327E-01   0.562486E-02   0.200000E-03
 851  -0.208138E-03   0.378453E-03   0.266060E-01   0.610497E-02   0.300000E-03
 852  -0.216886E-03   0.685412E-03   0.299069E-01   0.582385E-02   0.150000E-03
 853  -0.122911E-02   0.217303E-03   0.316991E-01   0.632036E-02   0.350000E-03
 854  -0.158889E-02   0.853825E-04   0.327830E-01   0.681040E-02   0.350000E-03
 855  -0.155356E-02   0.236458E-03   0.331630E-01   0.625721E-02   0.300000E-03
 856  -0.153137E-02   0.144447E-04   0.341185E-01   0.599624E-02   0.400000E-03
 857  -0.141287E-02  -0.293036E-03   0.352104E-01   0.607454E-02   0.350000E-03
 858  -0.152106E-02  -0.151338E-03   0.365612E-01   0.655107E-02   0.300000E-03
 859  -0.639581E-04   0.457182E-03   0.392832E-01   0.646784E-02   0.250000E-03
 860  -0.381180E-03   0.909038E-04   0.402091E-01   0.578691E-02   0.300000E-03
 861   0.960161E-03  -0.282304E-03   0.415131E-01   0.557336E-02   0.350000E-03
 862   0.800917E-03  -0.511341E-03   0.409711E-01   0.497722E-02   0.250000E-03
 863   0.655158E-03   0.498095E-03   0.432756E-01   0.513399E-02   0.450000E-03
 864   0.636510E-03  -0.812945E-05   0.445502E-01   0.605292E-02   0.450000E-03
 865  -0.232195E-03   0.166455E-03   0.137847E-02   0.505747E-02   0.350000E-03
 866  -0.302444E-03   0.627212E-04   0.171040E-02   0.549065E-02   0.200000E-03
 867  -0.147273E-03   0.108667E-03   0.204243E-02   0.627237E-02   0.350000E-03
 868  -0.559762E-03   0.376752E-03   0.368616E-02   0.621758E-02   0.300000E-03
 869  -0.405407E-03   0.102394E-03   0.335049E-02   0.720305E-02   0.250000E-03
 870  -0.449714E-03   0.255257E-03   0.623703E-02   0.646400E-02   0.300000E-03
 871  -0.271291E-04  -0.191181E-03   0.689952E-02   0.689975E-02   0.300000E-03
 872  -0.220630E-03   0.215564E-03   0.920814E-02   0.681531E-02   0.200000E-03
 873  -0.308042E-03   0.405537E-03   0.102801E-01   0.701413E-02   0.300000E-03
 874  -0.535221E-03   0.348622E-03   0.116987E-01   0.797699E-02   0.300000E-03
 875  -0.651378E-03   0.426611E-03   0.122404E-01   0.772052E-02   0.300000E-03
 876  -0.610059E-03   0.918710E-04   0.136031E-01   0.763630E-02   0.300000E-03
 877  -0.395815E-03  -0.608548E-03   0.146618E-01   0.833321E-02   0.300000E-03
 878  -0.110903E-02  -0.896448E-04   0.164071E-01   0.738307E-02   0.350000E-03
 879  -0.886995E-03  -0.843678E-04   0.175121E-01   0.777909E-02   0.250000E-03
 880  -0.860113E-03   0.256819E-04   0.176948E-01   0.829732E-02   0.300000E-03
 881  -0.894452E-03   0.406385E-03   0.219601E-01   0.805592E-02   0.300000E-03
 882  -0.643494E-03   0.135623E-03   0.227195E-01   0.717280E-02   0.250000E-03
 883  -0.343404E-03   0.414265E-04   0.228974E-01   0.661786E-02   0.150000E-03
 884  -0.469575E-03   0.614528E-03   0.239716E-01   0.744129E-02   0.350000E-03
 885  -0.293254E-03   0.745524E-03   0.260041E-01   0.739027E-02   0.400000E-03
 886  -0.359519E-03   0.358601E-03   0.260183E-01   0.599153E-02   0.300000E-03
 887   0.457178E-03   0.975792E-03   0.284439E-01   0.660183E-02   0.350000E-03
 888  -0.330373E-03   0.590053E-03   0.295561E-01   0.658682E-02   0.450000E-03
 889  -0.545562E-03   0.712064E-03   0.308973E-01   0.665637E-02   0.450000E-03
 890  -0.149845E-02   0.122266E-03   0.322170E-01   0.661931E-02   0.250000E-03
 891  -0.179534E-02   0.511212E-03   0.337264E-01   0.663336E-02   0.350000E-03
 892  -0.166735E-02  -0.824882E-04   0.346602E-01   0.658292E-02   0.400000E-03
 893  -0.136736E-02  -0.270872E-03   0.357595E-01   0.642021E-02   0.300000E-03
 894  -0.633379E-03   0.401110E-03   0.385875E-01   0.677980E-02   0.250000E-03
 895  -0.122411E-03   0.605835E-03   0.390976E-01   0.698506E-02   0.300000E-03
 896   0.970516E-03  -0.159652E-04   0.419085E-01   0.695446E-02   0.300000E-03
 897   0.117046E-02  -0.112219E-03   0.424630E-01   0.661561E-02   0.350000E-03
 898   0.453956E-03   0.151970E-03   0.426195E-01   0.461434E-02   0.200000E-03
 899   0.124603E-02   0.394009E-03   0.424803E-01   0.519479E-02   0.350000E-03
 900   0.673763E-03   0.134048E-04   0.438281E-01   0.570935E-02   0.350000E-03
 901  -0.168984E-03  -0.193116E-04   0.129114E-02   0.564843E-02   0.250000E-03
 902  -0.345285E-03  -0.202838E-04   0.307390E-02   0.761900E-02   0.250000E-03
 903  -0.211119E-03   0.129450E-03   0.211430E-02   0.567781E-02   0.250000E-03
 904  -0.346893E-03   0.130966E-03   0.275837E-02   0.710889E-02   0.350000E-03
 905  -0.769935E-03   0.271862E-03   0.398819E-02   0.691484E-02   0.450000E-03
 906  -0.725303E-03   0.723201E-04   0.585147E-02   0.733917E-02   0.250000E-03
 907  -0.360075E-03  -0.229795E-03   0.554802E-02   0.633592E-02   0.200000E-03
 908  -0.787683E-04   0.148763E-03   0.883578E-02   0.762302E-02   0.300000E-03
 909  -0.240637E-03   0.274392E-03   0.933903E-02   0.729705E-02   0.300000E-03
 910  -0.120489E-03   0.396064E-04   0.101176E-01   0.805581E-02   0.300000E-03
 911  -0.460412E-03   0.372748E-03   0.112576E-01   0.765071E-02   0.250000E-03
 912  -0.350432E-03  -0.585019E-03   0.151407E-01   0.860202E-02   0.250000E-03
 913  -0.438652E-03  -0.399720E-03   0.153359E-01   0.803493E-02   0.350000E-03
 914  -0.105844E-02  -0.253493E-03   0.161309E-01   0.813257E-02   0.450000E-03
 915  -0.861151E-03   0.112801E-04   0.170042E-01   0.818488E-02   0.400000E-03
 916  -0.699346E-03   0.488267E-03   0.204033E-01   0.858698E-02   0.300000E-03
 917  -0.649491E-03   0.426367E-03   0.199950E-01   0.902484E-02   0.300000E-03
 918  -0.698872E-03   0.279951E-03   0.225281E-01   0.774004E-02   0.350000E-03
 919  -0.771353E-03   0.197139E-03   0.232280E-01   0.774692E-02   0.350000E-03
 920  -0.600188E-03   0.338183E-03   0.248080E-01   0.641395E-02   0.150000E-03
 921  -0.825556E-03   0.609969E-03   0.233976E-01   0.847501E-02   0.350000E-03
 922  -0.370103E-03   0.809398E-03   0.259958E-01   0.664047E-02   0.350000E-03
 923   0.268628E-03   0.859106E-03   0.278073E-01   0.631484E-02   0.350000E-03
 924  -0.404872E-03   0.673008E-03   0.289320E-01   0.723481E-02   0.450000E-03
 925  -0.652740E-03   0.297419E-03   0.310887E-01   0.743275E-02   0.350000E-03
 926  -0.131950E-02   0.341482E-03   0.315834E-01   0.695895E-02   0.300000E-03
 927  -0.157915E-02  -0.482977E-05   0.336408E-01   0.719628E-02   0.200000E-03
 928  -0.170614E-02  -0.138141E-02   0.341677E-01   0.649334E-02   0.100000E-03
 929  -0.133314E-02  -0.159774E-03   0.372250E-01   0.668668E-02   0.350000E-03
 930   0.162853E-03   0.291392E-03   0.412124E-01   0.663643E-02   0.300000E-03
 931   0.764148E-03  -0.668439E-04   0.411832E-01   0.607046E-02   0.250000E-03
 932  -0.476075E-03   0.201385E-03   0.397348E-01   0.668223E-02   0.250000E-03
 933   0.962836E-03  -0.218627E-03   0.418037E-01   0.626261E-02   0.400000E-03
 934   0.903557E-03  -0.642101E-03   0.412418E-01   0.468374E-02   0.150000E-03
 935   0.743797E-03   0.185124E-03   0.417993E-01   0.488668E-02   0.400000E-03
 936   0.765470E-03  -0.751478E-04   0.433606E-01   0.616046E-02   0.300000E-03
 937   0.116228E-03   0.122740E-03   0.103693E-02   0.716164E-02   0.350000E-03
 938  -0.687245E-04  -0.110933E-03   0.298216E-03   0.620949E-02   0.300000E-03
 939  -0.316703E-03   0.233602E-03   0.369968E-02   0.768832E-02   0.350000E-03
 940  -0.270012E-03   0.577461E-04   0.788180E-03   0.586522E-02   0.300000E-03
 941  -0.262646E-03   0.290865E-03   0.166956E-02   0.686380E-02   0.350000E-03
 942  -0.419817E-03   0.244860E-03   0.454920E-02   0.769996E-02   0.500000E-03
 943  -0.275233E-03   0.128036E-03   0.526173E-02   0.723839E-02   0.350000E-03
 944  -0.513431E-03  -0.654946E-04   0.632128E-02   0.705646E-02   0.300000E-03
 945  -0.368635E-03   0.421533E-03   0.108339E-01   0.730272E-02   0.300000E-03
 946   0.321852E-03   0.487967E-03   0.985436E-02   0.748566E-02   0.250000E-03
 947  -0.990766E-03   0.283128E-03   0.129409E-01   0.798519E-02   0.450000E-03
 948  -0.691538E-03  -0.160684E-03   0.125606E-01   0.857239E-02   0.250000E-03
 949  -0.951089E-03  -0.407511E-03   0.156757E-01   0.872755E-02   0.300000E-03
 950  -0.131532E-02  -0.304472E-03   0.139987E-01   0.855525E-02   0.400000E-03
 951  -0.876354E-03   0.306318E-04   0.165746E-01   0.873688E-02   0.300000E-03
 952  -0.766213E-03   0.116637E-04   0.182435E-01   0.828290E-02   0.250000E-03
 953  -0.593790E-03   0.470928E-03   0.210787E-01   0.869301E-02   0.250000E-03
 954  -0.693358E-03   0.589054E-03   0.225560E-01   0.858907E-02   0.500000E-03
 955  -0.139205E-03  -0.280364E-03   0.237694E-01   0.800523E-02   0.250000E-03
 956   0.211123E-05   0.693014E-03   0.253922E-01   0.717199E-02   0.250000E-03
 957  -0.148098E-04   0.334802E-03   0.269201E-01   0.759088E-02   0.350000E-03
 958   0.656031E-04   0.497480E-03   0.266180E-01   0.695999E-02   0.350000E-03
 959   0.389331E-04   0.526811E-03   0.271300E-01   0.648460E-02   0.350000E-03
 960  -0.231585E-03   0.617320E-03   0.302214E-01   0.683694E-02   0.250000E-03
 961  -0.159857E-02   0.646381E-03   0.321398E-01   0.796413E-02   0.400000E-03
 962  -0.139472E-02  -0.198623E-04   0.316847E-01   0.749885E-02   0.250000E-03
 963  -0.143782E-02   0.146206E-03   0.333045E-01   0.698101E-02   0.200000E-03
 964  -0.149078E-02  -0.158546E-03   0.353168E-01   0.682413E-02   0.300000E-03
 965  -0.176000E-02  -0.220894E-04   0.361011E-01   0.685094E-02   0.250000E-03
 966  -0.128815E-02   0.857303E-03   0.367120E-01   0.723379E-02   0.400000E-03
 967   0.651903E-04   0.232384E-03   0.406421E-01   0.632604E-02   0.350000E-03
 968  -0.211340E-03   0.144185E-03   0.401532E-01   0.623795E-02   0.150000E-03
 969   0.215943E-03  -0.678074E-03   0.447506E-01   0.711859E-02   0.250000E-03
 970   0.727495E-03  -0.344631E-03   0.442482E-01   0.679182E-02   0.350000E-03
 971   0.113604E-02   0.667649E-04   0.427082E-01   0.590732E-02   0.400000E-03
 972   0.756782E-03  -0.359497E-03   0.436519E-01   0.673899E-02   0.250000E-03
 973  -0.301035E-03   0.203789E-03   0.838965E-03   0.531805E-02   0.250000E-03
 974  -0.264696E-03   0.366400E-03   0.399829E-02   0.820841E-02   0.250000E-03
 975  -0.137448E-03   0.106687E-03   0.134343E-02   0.624423E-02   0.350000E-03
 976   0.677476E-04  -0.147466E-04   0.779033E-03   0.656552E-02   0.300000E-03
 977  -0.295181E-03   0.298698E-03   0.729247E-02   0.790629E-02   0.250000E-03
 978  -0.414880E-04   0.135370E-03   0.692387E-02   0.749873E-02   0.300000E-03
 979  -0.500656E-03   0.225106E-03   0.638412E-02   0.760195E-02   0.250000E-03
 980  -0.325995E-03   0.230066E-03   0.816365E-02   0.781379E-02   0.400000E-03
 981  -0.319274E-03   0.394155E-03   0.103481E-01   0.755797E-02   0.250000E-03
 982  -0.191753E-03   0.417393E-04   0.937357E-02   0.814471E-02   0.450000E-03
 983  -0.648106E-03   0.273714E-03   0.121668E-01   0.826489E-02   0.250000E-03
 984  -0.388397E-03   0.317949E-03   0.107640E-01   0.798883E-02   0.350000E-03
 985  -0.621986E-03   0.386028E-03   0.135731E-01   0.813372E-02   0.200000E-03
 986  -0.691532E-03   0.238766E-04   0.189963E-01   0.927467E-02   0.300000E-03
 987  -0.556768E-03   0.251399E-03   0.186393E-01   0.873205E-02   0.350000E-03
 988  -0.728531E-03   0.416515E-03   0.194401E-01   0.879646E-02   0.300000E-03
 989  -0.752436E-03   0.494063E-03   0.195425E-01   0.933625E-02   0.250000E-03
 990  -0.483717E-03   0.457311E-03   0.214508E-01   0.826210E-02   0.250000E-03
 991  -0.125598E-03   0.910312E-03   0.244768E-01   0.792477E-02   0.350000E-03
 992   0.150529E-03   0.605055E-03   0.249169E-01   0.744709E-02   0.300000E-03
 993  -0.422468E-03   0.396742E-03   0.251181E-01   0.675439E-02   0.250000E-03
 994  -0.819107E-06   0.314418E-03   0.272272E-01   0.707571E-02   0.250000E-03
 995   0.120013E-02   0.332255E-03   0.278765E-01   0.708934E-02   0.400000E-03
 996  -0.322525E-03   0.403973E-03   0.304459E-01   0.733765E-02   0.300000E-03
 997  -0.292860E-03   0.678737E-03   0.298836E-01   0.720521E-02   0.250000E-03
 998  -0.152313E-02   0.477540E-04   0.322145E-01   0.721830E-02   0.350000E-03
 999  -0.155013E-02   0.260564E-03   0.330470E-01   0.734890E-02   0.250000E-03
1000  -0.166544E-02  -0.870930E-04   0.341895E-01   0.716502E-02   0.350000E-03
