   1  -0.466826E-03  -0.140189E-03   0.112767E-01   0.846588E-02   0.350000E-03
   2   0.102793E-02  -0.944493E-03   0.149080E-03   0.149770E-03   0.150000E-03
   3   0.111397E-02  -0.378453E-02   0.458921E-02   0.447857E-03   0.450000E-03
   4   0.187417E-02   0.275575E-02   0.574908E-02   0.537880E-03   0.200000E-03
   5  -0.147991E-02   0.794534E-03   0.583460E-02   0.100045E-03   0.100000E-03
   6  -0.649535E-05   0.265607E-02   0.751087E-02   0.248978E-03   0.250000E-03
   7   0.161605E-02   0.117384E-02   0.814220E-02   0.398405E-03   0.400000E-03
   8  -0.173721E-03   0.336740E-02   0.888897E-02   0.348968E-03   0.350000E-03
   9   0.107826E-02   0.194852E-02   0.933808E-02   0.560264E-03   0.150000E-03
  10   0.133690E-02   0.417530E-03   0.118141E-01   0.292855E-03   0.300000E-03
  11  -0.893062E-03  -0.825972E-03   0.130566E-01   0.348701E-03   0.350000E-03
  12   0.546097E-03  -0.634426E-04   0.147897E-01   0.194659E-03   0.200000E-03
  13   0.902438E-04  -0.311702E-03   0.169366E-01   0.345711E-03   0.350000E-03
  14   0.560906E-03  -0.640740E-03   0.176350E-01   0.348391E-03   0.350000E-03
  15   0.712108E-05  -0.568211E-03   0.188515E-01   0.405550E-03   0.400000E-03
  16   0.106808E-02   0.176939E-03   0.195957E-01   0.345825E-03   0.350000E-03
  17   0.902790E-03  -0.210460E-02   0.205095E-01   0.339170E-03   0.350000E-03
  18  -0.135307E-02   0.605563E-04   0.219652E-01   0.349301E-03   0.350000E-03
  19   0.392767E-03  -0.234967E-03   0.225547E-01   0.243969E-03   0.250000E-03
  20  -0.745355E-03  -0.437398E-03   0.230541E-01   0.247755E-03   0.250000E-03
  21  -0.172915E-02  -0.372972E-03   0.244846E-01   0.249820E-03   0.250000E-03
  22  -0.116424E-03   0.214750E-03   0.257273E-01   0.200018E-03   0.200000E-03
  23  -0.107601E-02  -0.585922E-03   0.267530E-01   0.992865E-04   0.100000E-03
  24  -0.318519E-03  -0.903709E-03   0.282162E-01   0.397811E-03   0.400000E-03
  25  -0.114440E-02  -0.530993E-04   0.297856E-01   0.410193E-03   0.400000E-03
  26  -0.229699E-03  -0.180495E-03   0.305267E-01   0.333700E-03   0.350000E-03
  27  -0.509052E-03   0.923302E-03   0.318641E-01   0.297902E-03   0.300000E-03
  28  -0.179269E-02   0.119151E-02   0.333187E-01   0.348699E-03   0.300000E-03
  29  -0.100994E-02   0.300372E-04   0.355458E-01   0.444176E-03   0.450000E-03
  30  -0.135566E-02  -0.158770E-03   0.374040E-01   0.347242E-03   0.350000E-03
  31  -0.126098E-02   0.880204E-04   0.379946E-01   0.248686E-03   0.250000E-03
  32  -0.258995E-03  -0.113175E-02   0.401221E-01   0.197364E-03   0.200000E-03
  33   0.736681E-03  -0.358881E-03   0.410111E-01   0.195237E-03   0.200000E-03
  34   0.108716E-02  -0.583714E-02   0.446049E-01   0.879009E-03   0.400000E-03
  35   0.104696E-03   0.491774E-03   0.446511E-01   0.192384E-02   0.350000E-03
  36   0.462519E-03   0.557506E-03   0.864759E-02   0.831865E-02   0.300000E-03
  37  -0.961422E-03   0.144256E-02   0.247725E-03   0.177299E-02   0.250000E-03
  38  -0.245158E-02   0.832479E-03   0.780707E-03   0.719004E-03   0.300000E-03
  39  -0.733156E-03   0.135880E-02   0.269295E-02   0.399029E-03   0.400000E-03
  40   0.194066E-02   0.199793E-02   0.618515E-02   0.299178E-03   0.300000E-03
  41   0.247312E-02   0.241849E-02   0.687778E-02   0.390974E-03   0.400000E-03
  42  -0.707610E-04   0.172527E-02   0.730081E-02   0.100205E-02   0.350000E-03
  43   0.375370E-03   0.828852E-03   0.860523E-02   0.933405E-03   0.300000E-03
  44   0.379372E-03   0.445676E-03   0.939181E-02   0.954704E-03   0.250000E-03
  45  -0.998120E-03   0.162842E-02   0.998179E-02   0.495810E-03   0.500000E-03
  46  -0.335612E-03  -0.689418E-04   0.107831E-01   0.300062E-03   0.300000E-03
  47  -0.108878E-02  -0.133040E-03   0.152778E-01   0.149954E-03   0.150000E-03
  48   0.987353E-03   0.448558E-03   0.158408E-01   0.447054E-03   0.450000E-03
  49   0.275568E-03   0.243293E-03   0.165037E-01   0.886897E-03   0.350000E-03
  50   0.656527E-05  -0.344967E-03   0.182249E-01   0.246116E-03   0.250000E-03
  51  -0.126251E-03   0.110363E-03   0.193207E-01   0.871298E-03   0.250000E-03
  52   0.481334E-03  -0.979194E-03   0.200512E-01   0.147481E-03   0.150000E-03
  53  -0.568415E-03   0.564863E-03   0.205109E-01   0.101466E-02   0.200000E-03
  54  -0.396917E-03  -0.680324E-03   0.211580E-01   0.298435E-03   0.300000E-03
  55   0.301744E-03   0.387186E-04   0.233996E-01   0.998826E-04   0.100000E-03
  56  -0.138437E-02   0.352863E-04   0.238515E-01   0.396314E-03   0.400000E-03
  57  -0.134956E-03  -0.125439E-02   0.245183E-01   0.918510E-03   0.400000E-03
  58  -0.807088E-03  -0.698633E-03   0.251175E-01   0.396167E-03   0.400000E-03
  59  -0.247203E-02  -0.102781E-02   0.270343E-01   0.201774E-03   0.200000E-03
  60  -0.101475E-04  -0.586780E-03   0.275245E-01   0.296424E-03   0.300000E-03
  61  -0.196928E-02  -0.115931E-02   0.290999E-01   0.294965E-03   0.300000E-03
  62  -0.162952E-02   0.930502E-03   0.312215E-01   0.347977E-03   0.350000E-03
  63  -0.199237E-02  -0.159482E-03   0.328507E-01   0.196873E-03   0.200000E-03
  64  -0.179034E-02  -0.461046E-03   0.347546E-01   0.345667E-03   0.350000E-03
  65  -0.809220E-04  -0.347377E-03   0.363214E-01   0.613867E-03   0.350000E-03
  66  -0.539001E-03   0.487490E-03   0.364364E-01   0.138411E-03   0.150000E-03
  67  -0.128034E-02   0.167681E-03   0.391398E-01   0.298877E-03   0.300000E-03
  68  -0.217721E-02   0.191483E-02   0.423021E-01   0.200204E-03   0.200000E-03
  69   0.788081E-04  -0.673900E-02   0.438614E-01   0.824535E-03   0.350000E-03
  70  -0.144994E-02   0.163278E-02   0.423961E-01   0.720803E-02   0.250000E-03
  71  -0.260573E-03  -0.669504E-03   0.447020E-01   0.496324E-02   0.300000E-03
  72   0.123198E-02  -0.639440E-02   0.447499E-01   0.247588E-03   0.250000E-03
  73   0.118304E-03  -0.124279E-03   0.256627E-02   0.793673E-02   0.350000E-03
  74  -0.453528E-03  -0.222313E-03   0.120516E-02   0.298148E-03   0.300000E-03
  75   0.120307E-03  -0.724320E-03   0.392371E-02   0.247960E-03   0.250000E-03
  76   0.289767E-03   0.100432E-02   0.522696E-02   0.923190E-03   0.350000E-03
  77   0.930022E-03   0.286358E-02   0.647638E-02   0.822199E-03   0.200000E-03
  78   0.662519E-03   0.932594E-03   0.665752E-02   0.133963E-02   0.350000E-03
  79   0.742429E-03   0.143489E-02   0.798574E-02   0.112985E-02   0.350000E-03
  80   0.134660E-02   0.234415E-03   0.904923E-02   0.131362E-02   0.250000E-03
  81  -0.151058E-02   0.192525E-03   0.106923E-01   0.950952E-03   0.350000E-03
  82  -0.398423E-03   0.574444E-03   0.132932E-01   0.952500E-03   0.300000E-03
  83   0.111669E-02  -0.295797E-03   0.137548E-01   0.345835E-03   0.350000E-03
  84   0.661687E-03  -0.269385E-03   0.143444E-01   0.243951E-03   0.250000E-03
  85   0.373564E-03   0.871417E-03   0.154323E-01   0.101035E-02   0.250000E-03
  86   0.122714E-03  -0.317377E-03   0.172826E-01   0.106498E-02   0.450000E-03
  87  -0.503167E-04  -0.413256E-03   0.188595E-01   0.105501E-02   0.250000E-03
  88  -0.908836E-05  -0.877975E-03   0.200589E-01   0.800963E-03   0.300000E-03
  89  -0.483744E-03   0.441585E-03   0.203066E-01   0.160281E-02   0.400000E-03
  90  -0.829496E-03  -0.173269E-03   0.214868E-01   0.856429E-03   0.350000E-03
  91  -0.172092E-03  -0.350456E-03   0.225914E-01   0.736838E-03   0.250000E-03
  92  -0.620007E-03  -0.678678E-03   0.231819E-01   0.831594E-03   0.350000E-03
  93  -0.634162E-03  -0.684284E-03   0.238061E-01   0.114110E-02   0.350000E-03
  94  -0.888714E-03  -0.642238E-03   0.252345E-01   0.113580E-02   0.350000E-03
  95   0.408450E-03  -0.124429E-02   0.273552E-01   0.920403E-03   0.350000E-03
  96  -0.472683E-04  -0.184004E-02   0.280557E-01   0.118031E-02   0.400000E-03
  97  -0.153542E-02  -0.567227E-03   0.294602E-01   0.971279E-03   0.250000E-03
  98  -0.573039E-03   0.310723E-03   0.303028E-01   0.108462E-02   0.450000E-03
  99   0.262519E-04   0.177792E-03   0.324069E-01   0.247096E-03   0.250000E-03
 100  -0.159107E-02  -0.168214E-02   0.327270E-01   0.625996E-03   0.250000E-03
 101  -0.680669E-03   0.876288E-03   0.349640E-01   0.106193E-02   0.400000E-03
 102  -0.157411E-02  -0.738043E-04   0.368119E-01   0.268622E-03   0.250000E-03
 103  -0.129669E-02  -0.150838E-03   0.376430E-01   0.894275E-03   0.250000E-03
 104  -0.137272E-02   0.518583E-04   0.385419E-01   0.296418E-03   0.300000E-03
 105   0.884396E-03  -0.598274E-03   0.405665E-01   0.244246E-03   0.250000E-03
 106  -0.106068E-02  -0.251146E-02   0.431916E-01   0.296962E-03   0.300000E-03
 107  -0.126490E-02   0.574395E-03   0.440815E-01   0.746854E-02   0.350000E-03
 108   0.194560E-02  -0.960316E-04   0.349358E-01   0.746559E-02   0.450000E-03
 109  -0.176619E-03   0.349241E-03   0.242440E-03   0.633728E-03   0.250000E-03
 110   0.489633E-03  -0.600640E-03   0.538504E-03   0.236960E-03   0.250000E-03
 111  -0.146003E-02  -0.334655E-03   0.189643E-02   0.397924E-03   0.400000E-03
 112  -0.382003E-03  -0.133803E-03   0.322930E-02   0.923033E-03   0.350000E-03
 113   0.141506E-02   0.145987E-02   0.594966E-02   0.109930E-02   0.400000E-03
 114   0.367945E-03   0.132128E-02   0.716862E-02   0.153325E-02   0.200000E-03
 115   0.488579E-03   0.699301E-04   0.851471E-02   0.157675E-02   0.350000E-03
 116  -0.284035E-03   0.382904E-03   0.985538E-02   0.133473E-02   0.350000E-03
 117  -0.356049E-04  -0.180449E-03   0.113561E-01   0.738963E-03   0.350000E-03
 118   0.450537E-03  -0.624320E-03   0.124112E-01   0.295921E-03   0.300000E-03
 119   0.105962E-02   0.527913E-03   0.142721E-01   0.783348E-03   0.300000E-03
 120   0.596054E-03   0.471867E-03   0.151031E-01   0.576379E-03   0.300000E-03
 121  -0.287237E-03  -0.396264E-03   0.167224E-01   0.138725E-02   0.200000E-03
 122  -0.308595E-03   0.100650E-03   0.181712E-01   0.940756E-03   0.450000E-03
 123  -0.450274E-03   0.533134E-04   0.186041E-01   0.142035E-02   0.200000E-03
 124  -0.125788E-02  -0.117929E-03   0.196928E-01   0.127329E-02   0.300000E-03
 125   0.451096E-03  -0.293145E-03   0.208954E-01   0.780926E-03   0.250000E-03
 126   0.127371E-02  -0.446837E-04   0.209440E-01   0.132345E-02   0.300000E-03
 127  -0.181648E-03  -0.606410E-03   0.227231E-01   0.121549E-02   0.250000E-03
 128   0.287759E-03   0.404990E-03   0.230733E-01   0.163534E-02   0.300000E-03
 129  -0.185669E-02  -0.661063E-04   0.236186E-01   0.169897E-02   0.250000E-03
 130  -0.759304E-03  -0.117286E-02   0.257327E-01   0.719685E-03   0.300000E-03
 131  -0.154811E-02  -0.746718E-03   0.263506E-01   0.395504E-03   0.400000E-03
 132   0.268346E-03  -0.877444E-03   0.275192E-01   0.144740E-02   0.200000E-03
 133  -0.149849E-02  -0.156730E-02   0.288121E-01   0.927180E-03   0.400000E-03
 134  -0.196276E-02   0.255363E-03   0.311937E-01   0.109485E-02   0.400000E-03
 135  -0.499996E-03   0.450176E-03   0.320395E-01   0.102475E-02   0.450000E-03
 136  -0.131569E-02   0.300977E-03   0.340103E-01   0.398719E-03   0.400000E-03
 137  -0.628011E-03  -0.125675E-03   0.372255E-01   0.759299E-03   0.100000E-03
 138  -0.139720E-02   0.253774E-04   0.373953E-01   0.132417E-02   0.250000E-03
 139  -0.137237E-02  -0.638726E-05   0.381766E-01   0.766710E-03   0.300000E-03
 140  -0.215816E-02   0.313559E-04   0.396839E-01   0.271046E-03   0.250000E-03
 141   0.195560E-03  -0.921442E-03   0.414569E-01   0.248516E-03   0.250000E-03
 142   0.538797E-02  -0.178553E-02   0.419024E-01   0.196403E-03   0.200000E-03
 143  -0.102218E-02  -0.218960E-03   0.438982E-01   0.630169E-02   0.250000E-03
 144   0.433296E-03   0.111406E-03   0.295686E-01   0.765657E-02   0.300000E-03
 145   0.341627E-03  -0.444340E-03   0.294361E-03   0.331808E-02   0.300000E-03
 146  -0.605488E-03   0.892161E-04   0.667916E-03   0.135382E-02   0.350000E-03
 147  -0.285048E-03   0.558336E-03   0.407816E-02   0.849199E-03   0.200000E-03
 148  -0.361102E-04   0.105755E-02   0.532073E-02   0.288702E-03   0.300000E-03
 149   0.244033E-03   0.173027E-02   0.611798E-02   0.192893E-02   0.450000E-03
 150   0.696231E-03   0.169416E-02   0.756216E-02   0.147979E-02   0.200000E-03
 151   0.729518E-03  -0.808251E-04   0.938571E-02   0.160999E-02   0.200000E-03
 152  -0.120945E-02   0.262838E-03   0.103950E-01   0.140833E-02   0.200000E-03
 153   0.150592E-03   0.155407E-02   0.111941E-01   0.136253E-02   0.300000E-03
 154   0.236192E-03   0.795148E-03   0.125958E-01   0.967335E-03   0.400000E-03
 155   0.318937E-03   0.156475E-03   0.137848E-01   0.886490E-03   0.200000E-03
 156   0.904755E-03   0.567025E-03   0.148194E-01   0.121598E-02   0.400000E-03
 157   0.502425E-03   0.192074E-03   0.159530E-01   0.139174E-02   0.400000E-03
 158   0.149034E-03  -0.395532E-03   0.174064E-01   0.185150E-02   0.350000E-03
 159  -0.541027E-04  -0.255572E-03   0.177962E-01   0.146798E-02   0.200000E-03
 160  -0.179602E-03  -0.209234E-03   0.182119E-01   0.163920E-02   0.250000E-03
 161  -0.847411E-03   0.611103E-03   0.196360E-01   0.181597E-02   0.250000E-03
 162   0.500263E-03  -0.552694E-04   0.209532E-01   0.181970E-02   0.200000E-03
 163  -0.543238E-04  -0.323916E-03   0.221322E-01   0.111794E-02   0.350000E-03
 164   0.564230E-05  -0.569802E-03   0.227538E-01   0.218897E-02   0.300000E-03
 165  -0.689965E-03  -0.805816E-03   0.248315E-01   0.157918E-02   0.250000E-03
 166  -0.996623E-03  -0.757647E-03   0.256538E-01   0.155904E-02   0.250000E-03
 167  -0.160462E-02  -0.367937E-03   0.266392E-01   0.113274E-02   0.400000E-03
 168  -0.108940E-02   0.683366E-03   0.286054E-01   0.153859E-02   0.250000E-03
 169  -0.814901E-03   0.275620E-03   0.302110E-01   0.171399E-02   0.200000E-03
 170  -0.143646E-02   0.461735E-03   0.308030E-01   0.178950E-02   0.400000E-03
 171  -0.167651E-02   0.790303E-03   0.335323E-01   0.907038E-03   0.300000E-03
 172  -0.119078E-02   0.814827E-03   0.341751E-01   0.118033E-02   0.400000E-03
 173  -0.823367E-03   0.115844E-02   0.356509E-01   0.118227E-02   0.300000E-03
 174  -0.624346E-03  -0.209154E-03   0.368731E-01   0.103742E-02   0.350000E-03
 175  -0.112415E-02  -0.447066E-03   0.390133E-01   0.884447E-03   0.300000E-03
 176  -0.201608E-03   0.512858E-03   0.400783E-01   0.987245E-03   0.200000E-03
 177   0.636279E-03  -0.100257E-02   0.406077E-01   0.785397E-03   0.300000E-03
 178  -0.115988E-02   0.442933E-03   0.444012E-01   0.143842E-02   0.200000E-03
 179   0.131462E-02   0.985293E-03   0.427021E-01   0.196170E-03   0.200000E-03
 180  -0.861867E-04   0.201914E-03   0.400375E-01   0.752500E-02   0.300000E-03
 181  -0.454763E-03  -0.167928E-03   0.197455E-03   0.107990E-02   0.200000E-03
 182  -0.343626E-04  -0.629865E-03   0.140324E-02   0.214257E-02   0.200000E-03
 183  -0.273116E-03  -0.112249E-03   0.338066E-02   0.295201E-03   0.300000E-03
 184   0.137120E-03   0.192899E-02   0.539127E-02   0.159636E-02   0.350000E-03
 185  -0.187985E-03  -0.398929E-03   0.624999E-02   0.260966E-02   0.250000E-03
 186  -0.181733E-03   0.424339E-04   0.679845E-02   0.186968E-02   0.200000E-03
 187  -0.256617E-03   0.673606E-03   0.791733E-02   0.182177E-02   0.300000E-03
 188   0.666834E-03   0.616691E-03   0.963284E-02   0.198696E-02   0.250000E-03
 189   0.582964E-03   0.859582E-03   0.117276E-01   0.125043E-02   0.250000E-03
 190   0.111720E-02   0.546358E-03   0.119657E-01   0.817933E-03   0.250000E-03
 191   0.879196E-03   0.537155E-03   0.140097E-01   0.126532E-02   0.250000E-03
 192   0.193190E-03   0.240723E-03   0.143176E-01   0.183205E-02   0.400000E-03
 193   0.141641E-03   0.358975E-03   0.153248E-01   0.170008E-02   0.300000E-03
 194  -0.175805E-03   0.101542E-03   0.165214E-01   0.194680E-02   0.400000E-03
 195  -0.130002E-03  -0.349318E-03   0.179638E-01   0.207267E-02   0.250000E-03
 196  -0.100358E-03  -0.603044E-03   0.191495E-01   0.152193E-02   0.300000E-03
 197  -0.742415E-03   0.620463E-03   0.200042E-01   0.228858E-02   0.350000E-03
 198   0.546271E-04   0.680618E-03   0.206491E-01   0.221258E-02   0.300000E-03
 199  -0.590056E-03  -0.484773E-03   0.215120E-01   0.150332E-02   0.300000E-03
 200  -0.745697E-03  -0.584500E-03   0.222561E-01   0.216202E-02   0.200000E-03
 201  -0.154084E-02  -0.755325E-03   0.242842E-01   0.157963E-02   0.300000E-03
 202  -0.750375E-03  -0.649311E-03   0.259957E-01   0.120179E-02   0.250000E-03
 203  -0.169892E-02   0.192093E-03   0.265957E-01   0.182593E-02   0.300000E-03
 204  -0.825609E-03  -0.297894E-03   0.270940E-01   0.159382E-02   0.250000E-03
 205  -0.120003E-02   0.410823E-03   0.296277E-01   0.159825E-02   0.400000E-03
 206   0.906601E-04   0.177301E-02   0.322607E-01   0.179154E-02   0.350000E-03
 207  -0.159292E-02   0.441350E-03   0.328954E-01   0.129858E-02   0.450000E-03
 208  -0.138640E-02   0.105604E-02   0.336056E-01   0.166481E-02   0.350000E-03
 209  -0.150536E-02   0.114269E-02   0.362446E-01   0.125455E-02   0.300000E-03
 210  -0.126424E-02   0.112089E-02   0.366472E-01   0.153704E-02   0.200000E-03
 211  -0.220739E-02   0.381944E-03   0.370620E-01   0.169303E-02   0.250000E-03
 212  -0.430030E-03  -0.807217E-03   0.400540E-01   0.589770E-03   0.200000E-03
 213  -0.805346E-04  -0.801214E-03   0.411304E-01   0.624385E-03   0.250000E-03
 214   0.426672E-02  -0.470017E-02   0.420811E-01   0.550157E-03   0.200000E-03
 215   0.297073E-02  -0.250158E-03   0.441582E-01   0.149736E-03   0.150000E-03
 216  -0.384016E-03  -0.272413E-03   0.217125E-01   0.886925E-02   0.400000E-03
 217   0.932471E-04   0.617118E-03   0.146295E-01   0.897708E-02   0.350000E-03
 218   0.115296E-03  -0.433941E-03   0.868580E-03   0.202095E-02   0.350000E-03
 219  -0.120704E-03  -0.225381E-03   0.372928E-02   0.653586E-03   0.200000E-03
 220   0.568526E-03   0.585131E-03   0.458086E-02   0.129558E-02   0.400000E-03
 221   0.412300E-03  -0.533193E-03   0.532538E-02   0.218444E-02   0.250000E-03
 222  -0.173630E-03   0.356034E-03   0.731444E-02   0.205931E-02   0.350000E-03
 223   0.152774E-03   0.609081E-03   0.903835E-02   0.202966E-02   0.350000E-03
 224  -0.145543E-02   0.954148E-03   0.102266E-01   0.192955E-02   0.350000E-03
 225   0.274670E-03   0.986230E-03   0.107502E-01   0.158241E-02   0.200000E-03
 226   0.423280E-03   0.622994E-03   0.121941E-01   0.153774E-02   0.300000E-03
 227  -0.128831E-03  -0.517025E-03   0.130389E-01   0.143757E-02   0.250000E-03
 228   0.515033E-03   0.317160E-03   0.148793E-01   0.176191E-02   0.150000E-03
 229   0.383037E-03   0.282579E-03   0.158797E-01   0.203497E-02   0.250000E-03
 230   0.204907E-03  -0.287788E-04   0.175625E-01   0.248099E-02   0.300000E-03
 231  -0.287590E-03  -0.287070E-03   0.183805E-01   0.229022E-02   0.200000E-03
 232  -0.310360E-03  -0.254714E-03   0.186921E-01   0.190660E-02   0.300000E-03
 233  -0.320825E-03  -0.254993E-03   0.192447E-01   0.233278E-02   0.400000E-03
 234   0.159986E-03  -0.136644E-03   0.213650E-01   0.209928E-02   0.300000E-03
 235  -0.265942E-03  -0.400209E-03   0.224427E-01   0.168379E-02   0.300000E-03
 236  -0.268907E-03  -0.124993E-02   0.233473E-01   0.216627E-02   0.300000E-03
 237  -0.153301E-02  -0.777157E-03   0.239955E-01   0.216114E-02   0.350000E-03
 238  -0.105008E-02  -0.865821E-03   0.252475E-01   0.174603E-02   0.200000E-03
 239  -0.137345E-02   0.723345E-03   0.267579E-01   0.234835E-02   0.250000E-03
 240  -0.645419E-03   0.917461E-03   0.290473E-01   0.147572E-02   0.200000E-03
 241  -0.113549E-02   0.635307E-03   0.302132E-01   0.224908E-02   0.350000E-03
 242   0.381326E-04   0.121146E-02   0.315621E-01   0.174805E-02   0.350000E-03
 243  -0.127627E-02   0.999402E-03   0.329808E-01   0.224025E-02   0.500000E-03
 244  -0.112599E-02   0.671980E-03   0.354505E-01   0.197788E-02   0.200000E-03
 245  -0.978409E-03   0.549328E-03   0.349291E-01   0.180793E-02   0.350000E-03
 246  -0.143887E-02   0.109507E-03   0.365867E-01   0.213067E-02   0.400000E-03
 247  -0.155519E-02  -0.139206E-03   0.379885E-01   0.138737E-02   0.350000E-03
 248  -0.101382E-02  -0.404159E-03   0.396088E-01   0.815432E-03   0.300000E-03
 249  -0.217613E-02  -0.136393E-02   0.416501E-01   0.790846E-03   0.300000E-03
 250   0.116186E-02   0.193408E-02   0.437391E-01   0.243614E-03   0.250000E-03
 251  -0.112154E-02   0.634673E-03   0.446044E-01   0.298516E-02   0.400000E-03
 252  -0.171134E-02   0.564040E-03   0.337807E-01   0.772980E-02   0.350000E-03
 253   0.126261E-03  -0.688326E-04   0.212078E-02   0.739687E-02   0.350000E-03
 254  -0.963541E-03  -0.511207E-03   0.138719E-02   0.940102E-03   0.350000E-03
 255  -0.769820E-03   0.699947E-03   0.229756E-02   0.972304E-03   0.300000E-03
 256   0.791323E-04  -0.554128E-03   0.482979E-02   0.194681E-02   0.300000E-03
 257  -0.166353E-03  -0.110438E-03   0.674134E-02   0.236532E-02   0.300000E-03
 258   0.184066E-03   0.809953E-03   0.838429E-02   0.226918E-02   0.350000E-03
 259  -0.105857E-03  -0.637321E-03   0.903806E-02   0.282658E-02   0.450000E-03
 260   0.414879E-04  -0.593954E-03   0.987085E-02   0.258958E-02   0.400000E-03
 261   0.815864E-03   0.565491E-03   0.116547E-01   0.179240E-02   0.300000E-03
 262   0.241548E-03   0.141357E-03   0.121661E-01   0.218981E-02   0.350000E-03
 263   0.141026E-02   0.233158E-03   0.135836E-01   0.168524E-02   0.350000E-03
 264   0.242555E-03   0.717833E-03   0.148995E-01   0.221072E-02   0.300000E-03
 265   0.515847E-03   0.155480E-02   0.166441E-01   0.253401E-02   0.200000E-03
 266  -0.613334E-03   0.196822E-03   0.170405E-01   0.232080E-02   0.250000E-03
 267  -0.737719E-03   0.325432E-03   0.171247E-01   0.280929E-02   0.250000E-03
 268  -0.125572E-03  -0.141025E-03   0.186705E-01   0.263264E-02   0.250000E-03
 269   0.320343E-03  -0.208291E-03   0.191064E-01   0.296786E-02   0.250000E-03
 270  -0.142452E-03  -0.174551E-03   0.197038E-01   0.291885E-02   0.350000E-03
 271  -0.360276E-03  -0.396101E-03   0.219256E-01   0.185777E-02   0.250000E-03
 272  -0.207102E-03  -0.390029E-03   0.223555E-01   0.275474E-02   0.400000E-03
 273   0.396278E-03   0.153382E-02   0.235247E-01   0.283260E-02   0.400000E-03
 274  -0.351084E-03   0.235905E-03   0.258304E-01   0.202076E-02   0.250000E-03
 275  -0.146583E-02  -0.787570E-04   0.262653E-01   0.226205E-02   0.250000E-03
 276  -0.100579E-02  -0.248154E-03   0.275054E-01   0.195190E-02   0.300000E-03
 277  -0.883152E-03  -0.331728E-03   0.294683E-01   0.217395E-02   0.200000E-03
 278   0.286945E-03   0.150923E-02   0.318913E-01   0.238447E-02   0.350000E-03
 279  -0.114316E-02   0.719519E-03   0.323949E-01   0.270183E-02   0.250000E-03
 280  -0.104989E-02   0.551015E-03   0.342842E-01   0.187048E-02   0.300000E-03
 281  -0.872819E-03   0.716587E-03   0.358835E-01   0.172980E-02   0.300000E-03
 282  -0.110436E-02   0.573332E-03   0.375432E-01   0.179839E-02   0.250000E-03
 283  -0.182631E-02   0.158387E-02   0.384881E-01   0.161875E-02   0.200000E-03
 284  -0.153500E-02  -0.196898E-03   0.385462E-01   0.117270E-02   0.250000E-03
 285  -0.513342E-03   0.910318E-03   0.410974E-01   0.121909E-02   0.350000E-03
 286  -0.121722E-02  -0.614190E-02   0.432196E-01   0.892653E-03   0.300000E-03
 287   0.131767E-02  -0.700608E-02   0.428421E-01   0.121706E-02   0.200000E-03
 288   0.417001E-03  -0.251986E-03   0.588714E-02   0.793546E-02   0.350000E-03
 289  -0.842432E-03  -0.862514E-03   0.245763E-03   0.227072E-02   0.250000E-03
 290  -0.294106E-03   0.162322E-03   0.185799E-02   0.137842E-02   0.300000E-03
 291   0.193765E-03   0.716510E-03   0.250008E-02   0.164183E-02   0.400000E-03
 292  -0.503112E-03   0.533960E-03   0.312674E-02   0.151212E-02   0.250000E-03
 293   0.464059E-03  -0.422792E-03   0.570560E-02   0.257354E-02   0.300000E-03
 294   0.284943E-03  -0.911453E-03   0.820532E-02   0.299082E-02   0.400000E-03
 295   0.425728E-03  -0.444077E-03   0.968958E-02   0.336830E-02   0.400000E-03
 296  -0.706075E-04   0.123602E-02   0.111201E-01   0.190478E-02   0.250000E-03
 297   0.356760E-03   0.971070E-03   0.107235E-01   0.192741E-02   0.150000E-03
 298  -0.866975E-03   0.275445E-03   0.126668E-01   0.168836E-02   0.200000E-03
 299   0.427978E-03   0.603487E-03   0.139008E-01   0.232495E-02   0.250000E-03
 300   0.473032E-03   0.359310E-03   0.148755E-01   0.270747E-02   0.200000E-03
 301   0.327175E-03   0.406514E-03   0.154640E-01   0.238379E-02   0.300000E-03
 302  -0.408913E-03  -0.114231E-03   0.170869E-01   0.335293E-02   0.300000E-03
 303  -0.272726E-03  -0.391740E-03   0.180551E-01   0.251285E-02   0.200000E-03
 304   0.104743E-03  -0.185002E-03   0.182561E-01   0.291006E-02   0.250000E-03
 305  -0.179536E-03  -0.197980E-03   0.193880E-01   0.330377E-02   0.150000E-03
 306   0.472048E-04   0.103241E-02   0.204525E-01   0.282575E-02   0.350000E-03
 307  -0.450271E-03  -0.649804E-03   0.218495E-01   0.235001E-02   0.250000E-03
 308   0.215480E-04   0.254125E-03   0.228177E-01   0.334214E-02   0.350000E-03
 309  -0.533616E-03  -0.771182E-04   0.245899E-01   0.260883E-02   0.400000E-03
 310  -0.119502E-02   0.411755E-03   0.251828E-01   0.224008E-02   0.300000E-03
 311  -0.117018E-02   0.859678E-03   0.273146E-01   0.256933E-02   0.350000E-03
 312  -0.201713E-03  -0.413737E-03   0.281522E-01   0.192139E-02   0.350000E-03
 313  -0.444403E-03   0.690977E-04   0.297062E-01   0.255156E-02   0.250000E-03
 314  -0.165121E-02   0.132247E-02   0.312505E-01   0.232523E-02   0.300000E-03
 315  -0.172025E-02   0.986695E-03   0.334679E-01   0.286523E-02   0.300000E-03
 316  -0.154128E-02   0.948164E-03   0.338255E-01   0.232889E-02   0.350000E-03
 317  -0.136830E-02   0.715891E-04   0.350606E-01   0.254443E-02   0.400000E-03
 318  -0.650685E-03  -0.155166E-04   0.358469E-01   0.242434E-02   0.400000E-03
 319  -0.121442E-02   0.254507E-04   0.389710E-01   0.143224E-02   0.250000E-03
 320  -0.264365E-03   0.451398E-03   0.398286E-01   0.141959E-02   0.300000E-03
 321  -0.452879E-03   0.486582E-03   0.404219E-01   0.134708E-02   0.300000E-03
 322   0.257298E-02  -0.535305E-02   0.425931E-01   0.731034E-03   0.350000E-03
 323   0.959055E-04   0.582470E-03   0.439715E-01   0.211627E-02   0.350000E-03
 324  -0.120428E-02   0.318195E-05   0.396203E-01   0.716682E-02   0.250000E-03
 325   0.257962E-03  -0.264516E-03   0.150644E-02   0.760891E-02   0.300000E-03
 326  -0.841571E-03  -0.439002E-03   0.124155E-02   0.151934E-02   0.250000E-03
 327   0.219232E-03   0.474409E-03   0.197707E-02   0.217523E-02   0.350000E-03
 328   0.263710E-03   0.997793E-03   0.380789E-02   0.162688E-02   0.450000E-03
 329   0.373656E-03  -0.285801E-03   0.661650E-02   0.313286E-02   0.400000E-03
 330   0.109292E-03   0.354657E-04   0.726281E-02   0.275286E-02   0.350000E-03
 331   0.713796E-03   0.251762E-03   0.780115E-02   0.240981E-02   0.250000E-03
 332   0.221367E-03  -0.581234E-04   0.107912E-01   0.251901E-02   0.450000E-03
 333   0.616344E-03   0.150747E-03   0.115273E-01   0.237772E-02   0.300000E-03
 334   0.973498E-04   0.747547E-03   0.130395E-01   0.193498E-02   0.250000E-03
 335  -0.340277E-03   0.573447E-03   0.134083E-01   0.226862E-02   0.250000E-03
 336   0.331112E-03   0.339292E-03   0.144026E-01   0.254768E-02   0.300000E-03
 337  -0.669262E-04  -0.216769E-03   0.161298E-01   0.252391E-02   0.300000E-03
 338  -0.259370E-03  -0.237975E-03   0.167064E-01   0.374011E-02   0.250000E-03
 339   0.187666E-03  -0.109279E-03   0.176927E-01   0.311757E-02   0.350000E-03
 340  -0.728806E-03   0.197249E-03   0.189999E-01   0.352848E-02   0.300000E-03
 341   0.630093E-03   0.207003E-03   0.201441E-01   0.339219E-02   0.300000E-03
 342  -0.274275E-03   0.162852E-03   0.206366E-01   0.334235E-02   0.200000E-03
 343  -0.461669E-03  -0.159612E-03   0.216656E-01   0.286368E-02   0.300000E-03
 344  -0.658032E-03  -0.352199E-04   0.239319E-01   0.332608E-02   0.250000E-03
 345  -0.323044E-03   0.246239E-03   0.251856E-01   0.297307E-02   0.300000E-03
 346  -0.592030E-03   0.652332E-03   0.257174E-01   0.260760E-02   0.350000E-03
 347  -0.129849E-02   0.607914E-03   0.264077E-01   0.289288E-02   0.400000E-03
 348  -0.376796E-03  -0.121269E-03   0.290123E-01   0.197259E-02   0.300000E-03
 349  -0.109594E-02   0.121530E-02   0.301388E-01   0.284056E-02   0.250000E-03
 350  -0.107852E-02   0.734388E-03   0.320790E-01   0.314808E-02   0.300000E-03
 351  -0.133209E-02   0.777446E-03   0.328571E-01   0.308011E-02   0.350000E-03
 352  -0.136723E-02   0.245116E-03   0.344958E-01   0.310251E-02   0.400000E-03
 353  -0.816225E-03  -0.935111E-04   0.358835E-01   0.301837E-02   0.200000E-03
 354  -0.127300E-02   0.368358E-03   0.372334E-01   0.219038E-02   0.250000E-03
 355  -0.161220E-02   0.433470E-03   0.380350E-01   0.203371E-02   0.300000E-03
 356  -0.302693E-03   0.523406E-03   0.393765E-01   0.162332E-02   0.200000E-03
 357  -0.374349E-03   0.480405E-03   0.408101E-01   0.179715E-02   0.300000E-03
 358  -0.184353E-02   0.754565E-03   0.416833E-01   0.133474E-02   0.250000E-03
 359  -0.721446E-03  -0.341666E-03   0.442586E-01   0.528772E-02   0.250000E-03
 360  -0.263159E-03  -0.790623E-03   0.448000E-01   0.417895E-02   0.200000E-03
 361  -0.793855E-04   0.559436E-04   0.682070E-03   0.274442E-02   0.400000E-03
 362   0.167968E-03   0.164465E-03   0.147906E-02   0.273304E-02   0.400000E-03
 363  -0.424224E-03  -0.594220E-04   0.309008E-02   0.201064E-02   0.250000E-03
 364   0.346476E-03  -0.154406E-03   0.491308E-02   0.253999E-02   0.300000E-03
 365   0.314314E-03  -0.242731E-03   0.591686E-02   0.313427E-02   0.300000E-03
 366   0.378950E-03  -0.908788E-04   0.617817E-02   0.367400E-02   0.300000E-03
 367   0.322242E-03  -0.138028E-02   0.867539E-02   0.336346E-02   0.200000E-03
 368   0.126155E-03  -0.338532E-03   0.103372E-01   0.310937E-02   0.300000E-03
 369   0.427540E-03  -0.106723E-03   0.118645E-01   0.293250E-02   0.350000E-03
 370   0.304600E-03   0.150566E-03   0.128221E-01   0.254409E-02   0.400000E-03
 371   0.514290E-03  -0.185116E-04   0.137367E-01   0.284591E-02   0.300000E-03
 372   0.374635E-03  -0.871508E-04   0.150632E-01   0.327445E-02   0.400000E-03
 373   0.112935E-03  -0.282100E-03   0.156920E-01   0.293061E-02   0.300000E-03
 374  -0.112714E-03  -0.228359E-03   0.164140E-01   0.316138E-02   0.400000E-03
 375  -0.296806E-03   0.134068E-03   0.175476E-01   0.393612E-02   0.450000E-03
 376  -0.237218E-04  -0.682034E-04   0.186717E-01   0.308179E-02   0.200000E-03
 377   0.167414E-03   0.317989E-03   0.196090E-01   0.375131E-02   0.350000E-03
 378  -0.294996E-03   0.700351E-03   0.210819E-01   0.262795E-02   0.300000E-03
 379  -0.118498E-02   0.389662E-03   0.211787E-01   0.328954E-02   0.350000E-03
 380  -0.588008E-03  -0.428280E-03   0.220066E-01   0.341641E-02   0.350000E-03
 381  -0.650474E-03  -0.100687E-04   0.245229E-01   0.335264E-02   0.350000E-03
 382  -0.113738E-02   0.107597E-02   0.267940E-01   0.346929E-02   0.300000E-03
 383  -0.540883E-03   0.735517E-03   0.279025E-01   0.246339E-02   0.250000E-03
 384  -0.442461E-04  -0.194523E-03   0.285912E-01   0.239386E-02   0.300000E-03
 385   0.162512E-03   0.475226E-04   0.291605E-01   0.257119E-02   0.300000E-03
 386  -0.902508E-03   0.115129E-02   0.307328E-01   0.262631E-02   0.300000E-03
 387  -0.118800E-02   0.577268E-03   0.324746E-01   0.366006E-02   0.350000E-03
 388  -0.116556E-02   0.571591E-04   0.354159E-01   0.345874E-02   0.450000E-03
 389  -0.102197E-02  -0.845597E-04   0.360586E-01   0.337530E-02   0.200000E-03
 390  -0.135874E-02   0.435579E-04   0.364733E-01   0.291776E-02   0.400000E-03
 391  -0.149039E-02   0.318410E-03   0.376771E-01   0.251358E-02   0.300000E-03
 392  -0.105528E-02   0.105723E-02   0.390475E-01   0.192568E-02   0.250000E-03
 393  -0.172159E-02   0.653618E-03   0.396132E-01   0.212053E-02   0.350000E-03
 394  -0.315916E-03   0.610352E-03   0.422273E-01   0.126750E-02   0.300000E-03
 395  -0.612214E-05   0.330264E-03   0.439061E-01   0.147130E-02   0.300000E-03
 396  -0.100271E-02  -0.539859E-04   0.444245E-01   0.242037E-02   0.200000E-03
 397  -0.241276E-03  -0.559203E-03   0.972540E-03   0.348764E-02   0.400000E-03
 398   0.539290E-03  -0.101115E-02   0.264056E-02   0.232743E-02   0.300000E-03
 399   0.496174E-03  -0.452203E-03   0.354105E-02   0.232550E-02   0.300000E-03
 400  -0.266211E-03  -0.251391E-03   0.424010E-02   0.235766E-02   0.400000E-03
 401   0.494900E-04  -0.693904E-04   0.574920E-02   0.392302E-02   0.200000E-03
 402  -0.146551E-03   0.112444E-03   0.729259E-02   0.344789E-02   0.350000E-03
 403  -0.757935E-04   0.159005E-03   0.852897E-02   0.378687E-02   0.250000E-03
 404   0.172258E-03  -0.821789E-04   0.906484E-02   0.367820E-02   0.300000E-03
 405   0.514797E-03   0.339797E-04   0.119657E-01   0.348020E-02   0.200000E-03
 406   0.359273E-03  -0.899659E-04   0.125283E-01   0.328083E-02   0.400000E-03
 407   0.214726E-03   0.420662E-04   0.132091E-01   0.312525E-02   0.300000E-03
 408   0.492484E-03  -0.218733E-03   0.142655E-01   0.330229E-02   0.400000E-03
 409   0.114686E-03  -0.279176E-03   0.157489E-01   0.356984E-02   0.350000E-03
 410  -0.999985E-04  -0.229638E-03   0.162284E-01   0.400103E-02   0.300000E-03
 411  -0.233513E-03  -0.139467E-03   0.167554E-01   0.428437E-02   0.300000E-03
 412  -0.665651E-04   0.124687E-03   0.183028E-01   0.355364E-02   0.400000E-03
 413   0.470865E-03   0.186450E-03   0.202976E-01   0.396861E-02   0.300000E-03
 414  -0.588604E-03  -0.339189E-03   0.208059E-01   0.375900E-02   0.250000E-03
 415  -0.502379E-03  -0.294905E-03   0.208362E-01   0.440784E-02   0.400000E-03
 416   0.885032E-04   0.319327E-03   0.224716E-01   0.400376E-02   0.400000E-03
 417  -0.772911E-03  -0.100456E-03   0.234318E-01   0.354099E-02   0.300000E-03
 418  -0.224222E-03   0.137405E-03   0.251602E-01   0.362010E-02   0.350000E-03
 419  -0.539447E-03   0.641185E-03   0.278177E-01   0.305495E-02   0.350000E-03
 420  -0.350441E-03   0.584203E-03   0.283940E-01   0.290055E-02   0.250000E-03
 421  -0.625214E-03   0.680980E-03   0.296221E-01   0.313829E-02   0.350000E-03
 422  -0.172229E-02   0.724021E-03   0.313349E-01   0.306971E-02   0.450000E-03
 423  -0.152320E-02   0.343748E-03   0.338144E-01   0.340318E-02   0.350000E-03
 424  -0.120909E-02   0.308000E-03   0.347327E-01   0.375917E-02   0.300000E-03
 425  -0.131767E-02  -0.130980E-03   0.369820E-01   0.339244E-02   0.300000E-03
 426  -0.130364E-02   0.181616E-03   0.371648E-01   0.282007E-02   0.300000E-03
 427  -0.187965E-02   0.216295E-03   0.380258E-01   0.312668E-02   0.300000E-03
 428  -0.764458E-03   0.768314E-03   0.385785E-01   0.209084E-02   0.250000E-03
 429  -0.723758E-04   0.180969E-03   0.402233E-01   0.190722E-02   0.300000E-03
 430  -0.162413E-02   0.814705E-03   0.419456E-01   0.186793E-02   0.350000E-03
 431  -0.686842E-03   0.784199E-03   0.426875E-01   0.179402E-02   0.400000E-03
 432  -0.284059E-03   0.411927E-03   0.433095E-01   0.148022E-02   0.300000E-03
 433   0.470286E-03  -0.229578E-03   0.347673E-03   0.396282E-02   0.350000E-03
 434  -0.412085E-03   0.126782E-03   0.158987E-02   0.179400E-02   0.200000E-03
 435  -0.331701E-04  -0.167405E-03   0.313841E-02   0.283343E-02   0.350000E-03
 436   0.192639E-03  -0.275480E-03   0.529396E-02   0.293362E-02   0.250000E-03
 437   0.109023E-03   0.375275E-04   0.562868E-02   0.354206E-02   0.200000E-03
 438   0.469280E-03  -0.140958E-03   0.675935E-02   0.381608E-02   0.300000E-03
 439   0.291758E-03  -0.847621E-04   0.793988E-02   0.368847E-02   0.350000E-03
 440   0.320279E-03  -0.278887E-03   0.108772E-01   0.375088E-02   0.200000E-03
 441   0.225565E-03  -0.142194E-03   0.109179E-01   0.325518E-02   0.300000E-03
 442   0.226176E-03   0.192907E-03   0.130811E-01   0.370922E-02   0.300000E-03
 443  -0.270653E-03  -0.237293E-03   0.136377E-01   0.346935E-02   0.250000E-03
 444   0.299992E-03  -0.333006E-03   0.152278E-01   0.395311E-02   0.300000E-03
 445   0.238676E-03  -0.422682E-03   0.157040E-01   0.446246E-02   0.400000E-03
 446  -0.719510E-04  -0.362107E-03   0.163021E-01   0.448934E-02   0.200000E-03
 447  -0.266396E-03   0.218331E-05   0.172497E-01   0.461873E-02   0.300000E-03
 448  -0.806879E-04   0.189273E-03   0.183437E-01   0.445097E-02   0.500000E-03
 449   0.273316E-03   0.361088E-03   0.192383E-01   0.439998E-02   0.400000E-03
 450   0.479781E-03   0.274824E-03   0.199332E-01   0.444187E-02   0.300000E-03
 451  -0.120581E-02   0.213437E-03   0.214990E-01   0.396421E-02   0.400000E-03
 452  -0.566845E-03   0.860577E-03   0.219626E-01   0.454928E-02   0.350000E-03
 453  -0.288307E-03   0.571539E-03   0.240667E-01   0.390713E-02   0.350000E-03
 454  -0.945916E-03   0.477030E-03   0.257820E-01   0.330411E-02   0.350000E-03
 455  -0.890419E-03   0.696797E-03   0.269947E-01   0.301373E-02   0.200000E-03
 456  -0.453858E-04   0.648983E-03   0.289247E-01   0.317643E-02   0.350000E-03
 457  -0.743260E-03   0.133426E-02   0.305550E-01   0.319521E-02   0.300000E-03
 458  -0.983579E-03   0.115249E-02   0.307017E-01   0.382032E-02   0.350000E-03
 459  -0.190861E-02   0.698873E-03   0.317810E-01   0.373061E-02   0.350000E-03
 460  -0.138588E-02   0.240376E-03   0.341954E-01   0.386307E-02   0.250000E-03
 461  -0.123738E-02  -0.181561E-03   0.364624E-01   0.356518E-02   0.250000E-03
 462  -0.129768E-02  -0.477016E-03   0.376414E-01   0.426581E-02   0.300000E-03
 463  -0.174701E-02   0.432736E-03   0.382699E-01   0.258214E-02   0.300000E-03
 464  -0.113088E-02   0.246992E-03   0.390100E-01   0.263837E-02   0.450000E-03
 465  -0.616254E-03   0.690339E-03   0.407053E-01   0.238429E-02   0.300000E-03
 466  -0.611240E-03   0.603457E-03   0.411756E-01   0.254962E-02   0.200000E-03
 467  -0.185605E-03   0.884704E-03   0.435698E-01   0.255992E-02   0.250000E-03
 468  -0.776852E-03   0.582075E-05   0.435680E-01   0.383260E-02   0.350000E-03
 469  -0.194362E-03  -0.828339E-03   0.105370E-02   0.433230E-02   0.450000E-03
 470  -0.841247E-04  -0.350552E-03   0.217637E-02   0.279004E-02   0.300000E-03
 471  -0.340285E-03  -0.279384E-03   0.385412E-02   0.305717E-02   0.400000E-03
 472   0.129080E-03  -0.201088E-03   0.455172E-02   0.301213E-02   0.300000E-03
 473  -0.696397E-04   0.470007E-04   0.502943E-02   0.352351E-02   0.400000E-03
 474   0.634130E-04   0.463365E-04   0.744204E-02   0.402179E-02   0.250000E-03
 475   0.213961E-03  -0.120787E-03   0.811295E-02   0.436254E-02   0.350000E-03
 476   0.265329E-03  -0.284676E-04   0.953636E-02   0.404756E-02   0.300000E-03
 477   0.167352E-03  -0.111770E-03   0.113155E-01   0.290245E-02   0.200000E-03
 478   0.288865E-03  -0.879368E-04   0.122296E-01   0.396220E-02   0.350000E-03
 479   0.363419E-03  -0.164379E-04   0.141966E-01   0.394648E-02   0.250000E-03
 480   0.453726E-03  -0.326136E-03   0.146822E-01   0.380068E-02   0.250000E-03
 481   0.404655E-03  -0.512066E-03   0.147941E-01   0.428773E-02   0.250000E-03
 482  -0.149262E-03  -0.243392E-03   0.162747E-01   0.508163E-02   0.400000E-03
 483  -0.100940E-03  -0.267461E-03   0.169704E-01   0.514784E-02   0.300000E-03
 484  -0.753029E-04   0.244662E-03   0.186368E-01   0.519337E-02   0.300000E-03
 485   0.259187E-03   0.489430E-03   0.196487E-01   0.502458E-02   0.350000E-03
 486  -0.429239E-04  -0.424020E-03   0.203113E-01   0.490394E-02   0.300000E-03
 487   0.264129E-03   0.343397E-03   0.213740E-01   0.492378E-02   0.350000E-03
 488  -0.384774E-03   0.319591E-04   0.218962E-01   0.509380E-02   0.200000E-03
 489  -0.768019E-03   0.549810E-03   0.246642E-01   0.395501E-02   0.250000E-03
 490  -0.110231E-02   0.967309E-03   0.273305E-01   0.338839E-02   0.250000E-03
 491  -0.467548E-03   0.718566E-03   0.283350E-01   0.344528E-02   0.300000E-03
 492  -0.428397E-03  -0.173591E-03   0.293200E-01   0.381276E-02   0.400000E-03
 493  -0.205917E-03   0.787810E-03   0.300967E-01   0.358208E-02   0.300000E-03
 494   0.107495E-02   0.631011E-03   0.312362E-01   0.371169E-02   0.200000E-03
 495  -0.166773E-02   0.388190E-03   0.328811E-01   0.402512E-02   0.200000E-03
 496  -0.112996E-02   0.297791E-03   0.359437E-01   0.419610E-02   0.350000E-03
 497  -0.100407E-02  -0.210597E-03   0.360963E-01   0.372177E-02   0.150000E-03
 498  -0.131467E-02  -0.190003E-03   0.373494E-01   0.380069E-02   0.250000E-03
 499  -0.133801E-02  -0.107186E-03   0.375236E-01   0.333400E-02   0.250000E-03
 500  -0.570679E-03   0.985343E-03   0.393979E-01   0.309478E-02   0.150000E-03
 501  -0.554310E-04   0.573704E-03   0.401605E-01   0.245166E-02   0.250000E-03
 502  -0.554755E-03   0.460156E-03   0.413348E-01   0.208031E-02   0.300000E-03
 503   0.406204E-04   0.250342E-03   0.429741E-01   0.262339E-02   0.350000E-03
 504  -0.247389E-03   0.778071E-03   0.433243E-01   0.207603E-02   0.300000E-03
 505  -0.474786E-03  -0.573016E-03   0.165056E-02   0.380291E-02   0.350000E-03
 506  -0.422587E-03  -0.474124E-03   0.187067E-02   0.324711E-02   0.250000E-03
 507  -0.257881E-03  -0.255465E-03   0.332586E-02   0.343024E-02   0.250000E-03
 508  -0.970199E-04   0.126559E-04   0.433317E-02   0.356665E-02   0.300000E-03
 509   0.261571E-03  -0.315593E-03   0.609419E-02   0.421716E-02   0.250000E-03
 510   0.380008E-04  -0.757637E-04   0.749756E-02   0.456152E-02   0.300000E-03
 511   0.326422E-03   0.855423E-03   0.878596E-02   0.427175E-02   0.300000E-03
 512   0.359758E-03  -0.252157E-03   0.103294E-01   0.375693E-02   0.350000E-03
 513   0.675077E-03  -0.559492E-04   0.114693E-01   0.348084E-02   0.300000E-03
 514   0.252079E-03   0.595076E-04   0.128565E-01   0.437117E-02   0.400000E-03
 515   0.192264E-04   0.673646E-04   0.136126E-01   0.408286E-02   0.350000E-03
 516   0.272648E-03  -0.444598E-03   0.142551E-01   0.454158E-02   0.350000E-03
 517   0.281071E-03  -0.481837E-03   0.151545E-01   0.445996E-02   0.150000E-03
 518   0.915692E-04  -0.245736E-03   0.154887E-01   0.522892E-02   0.400000E-03
 519   0.787920E-05   0.180103E-03   0.177357E-01   0.504083E-02   0.350000E-03
 520   0.319043E-03   0.451999E-03   0.191706E-01   0.546317E-02   0.300000E-03
 521  -0.167352E-03  -0.148389E-05   0.201452E-01   0.558287E-02   0.400000E-03
 522   0.575631E-03   0.989190E-04   0.207494E-01   0.523452E-02   0.250000E-03
 523  -0.318711E-03   0.104969E-03   0.218755E-01   0.554131E-02   0.250000E-03
 524  -0.955072E-03   0.126636E-03   0.231673E-01   0.407532E-02   0.300000E-03
 525  -0.462415E-03   0.575323E-03   0.252017E-01   0.436669E-02   0.400000E-03
 526  -0.204447E-03   0.356110E-03   0.256709E-01   0.391998E-02   0.250000E-03
 527  -0.830388E-03   0.819790E-03   0.277958E-01   0.370442E-02   0.300000E-03
 528  -0.524598E-03   0.181379E-04   0.291773E-01   0.454779E-02   0.350000E-03
 529  -0.669062E-03  -0.143747E-03   0.305472E-01   0.444393E-02   0.300000E-03
 530  -0.208961E-02   0.378361E-03   0.321607E-01   0.405394E-02   0.150000E-03
 531  -0.156186E-02  -0.275069E-03   0.330233E-01   0.360424E-02   0.200000E-03
 532  -0.126328E-02   0.179660E-03   0.352003E-01   0.427968E-02   0.400000E-03
 533  -0.113964E-02  -0.248505E-03   0.368267E-01   0.397077E-02   0.300000E-03
 534  -0.173103E-02   0.463670E-03   0.382264E-01   0.439927E-02   0.300000E-03
 535   0.698215E-04   0.742114E-03   0.379086E-01   0.372640E-02   0.300000E-03
 536  -0.137820E-03  -0.941617E-03   0.386344E-01   0.310467E-02   0.150000E-03
 537  -0.266711E-03   0.391448E-03   0.404370E-01   0.273904E-02   0.150000E-03
 538  -0.113056E-02   0.401805E-05   0.417683E-01   0.249144E-02   0.300000E-03
 539  -0.549396E-03  -0.632579E-04   0.423610E-01   0.240920E-02   0.300000E-03
 540  -0.562795E-03   0.740947E-03   0.439714E-01   0.284841E-02   0.250000E-03
 541   0.293067E-03   0.189328E-05   0.480825E-02   0.845296E-02   0.300000E-03
 542   0.216381E-03  -0.523038E-03   0.258205E-02   0.347549E-02   0.500000E-03
 543  -0.242035E-04  -0.730210E-04   0.376603E-02   0.375618E-02   0.300000E-03
 544  -0.907316E-04  -0.318487E-03   0.419820E-02   0.409557E-02   0.250000E-03
 545  -0.822594E-04  -0.374574E-04   0.533457E-02   0.409370E-02   0.250000E-03
 546   0.147999E-03  -0.130618E-03   0.858956E-02   0.499531E-02   0.450000E-03
 547  -0.849437E-04   0.546303E-03   0.929117E-02   0.459377E-02   0.300000E-03
 548   0.453635E-03   0.170683E-03   0.977822E-02   0.448204E-02   0.200000E-03
 549   0.502043E-03   0.384928E-05   0.110627E-01   0.431867E-02   0.400000E-03
 550   0.616912E-03  -0.583133E-04   0.116316E-01   0.400523E-02   0.250000E-03
 551   0.263353E-04  -0.297531E-03   0.135328E-01   0.487869E-02   0.450000E-03
 552   0.392804E-03  -0.141921E-03   0.142453E-01   0.523905E-02   0.350000E-03
 553   0.440508E-03  -0.580902E-03   0.148917E-01   0.477787E-02   0.250000E-03
 554  -0.900748E-05  -0.157351E-03   0.150754E-01   0.572728E-02   0.250000E-03
 555  -0.207539E-03  -0.229517E-03   0.160096E-01   0.583312E-02   0.400000E-03
 556   0.624329E-04   0.106290E-03   0.181495E-01   0.553913E-02   0.300000E-03
 557  -0.832502E-03   0.130796E-02   0.188808E-01   0.481700E-02   0.150000E-03
 558   0.245182E-03  -0.133021E-03   0.212410E-01   0.565718E-02   0.400000E-03
 559   0.284342E-03   0.117711E-02   0.226273E-01   0.463436E-02   0.250000E-03
 560  -0.880429E-03   0.114955E-02   0.237194E-01   0.439219E-02   0.250000E-03
 561  -0.372723E-03   0.306298E-03   0.259535E-01   0.444657E-02   0.350000E-03
 562  -0.348523E-03   0.514310E-03   0.262576E-01   0.381747E-02   0.350000E-03
 563  -0.938489E-03  -0.327461E-03   0.285778E-01   0.409871E-02   0.400000E-03
 564  -0.956767E-03   0.164935E-03   0.285781E-01   0.479709E-02   0.300000E-03
 565  -0.538061E-03  -0.328404E-03   0.299383E-01   0.423077E-02   0.350000E-03
 566  -0.134151E-02  -0.155115E-03   0.312913E-01   0.436195E-02   0.450000E-03
 567  -0.133425E-02  -0.649716E-04   0.333121E-01   0.328713E-02   0.150000E-03
 568  -0.135643E-02   0.206566E-03   0.338509E-01   0.384982E-02   0.100000E-03
 569  -0.111758E-02   0.159991E-03   0.370074E-01   0.448683E-02   0.250000E-03
 570  -0.128450E-02  -0.163812E-03   0.378181E-01   0.483734E-02   0.300000E-03
 571  -0.102058E-02   0.111328E-02   0.384725E-01   0.352171E-02   0.300000E-03
 572  -0.663770E-03   0.106252E-02   0.390567E-01   0.338726E-02   0.300000E-03
 573   0.810626E-04   0.396812E-03   0.397387E-01   0.280160E-02   0.300000E-03
 574  -0.995517E-03  -0.300584E-03   0.414152E-01   0.320478E-02   0.500000E-03
 575  -0.866788E-03   0.236496E-03   0.421294E-01   0.290518E-02   0.250000E-03
 576  -0.106913E-02  -0.577198E-03   0.444165E-01   0.385833E-02   0.300000E-03
 577   0.525481E-03  -0.356820E-04   0.298558E-03   0.460942E-02   0.300000E-03
 578  -0.493125E-04  -0.355842E-03   0.261508E-02   0.431975E-02   0.350000E-03
 579   0.161102E-03  -0.248090E-03   0.476664E-02   0.428292E-02   0.350000E-03
 580  -0.186430E-03  -0.241515E-03   0.544625E-02   0.457770E-02   0.250000E-03
 581   0.235845E-03  -0.120558E-03   0.706276E-02   0.414836E-02   0.150000E-03
 582   0.248768E-03  -0.158570E-03   0.792671E-02   0.487988E-02   0.200000E-03
 583   0.357072E-03   0.635472E-04   0.993003E-02   0.490278E-02   0.250000E-03
 584   0.284030E-03  -0.997787E-05   0.103274E-01   0.445537E-02   0.350000E-03
 585   0.830103E-03   0.441936E-03   0.107372E-01   0.514160E-02   0.450000E-03
 586   0.488475E-03  -0.119135E-03   0.118702E-01   0.450033E-02   0.300000E-03
 587   0.546589E-03  -0.837838E-04   0.123384E-01   0.467129E-02   0.200000E-03
 588  -0.618287E-04  -0.266059E-03   0.136293E-01   0.552113E-02   0.200000E-03
 589  -0.135694E-02  -0.136728E-03   0.148423E-01   0.527854E-02   0.250000E-03
 590  -0.494011E-03  -0.252433E-03   0.154344E-01   0.599700E-02   0.200000E-03
 591   0.620731E-04   0.265897E-04   0.173767E-01   0.551620E-02   0.250000E-03
 592   0.100127E-03   0.194907E-03   0.181530E-01   0.613682E-02   0.300000E-03
 593   0.508418E-03   0.691717E-03   0.195215E-01   0.594778E-02   0.300000E-03
 594   0.953755E-06   0.142964E-03   0.206582E-01   0.612703E-02   0.350000E-03
 595  -0.994202E-03   0.232656E-03   0.222827E-01   0.499382E-02   0.200000E-03
 596  -0.750343E-03   0.100858E-02   0.232209E-01   0.472125E-02   0.350000E-03
 597  -0.529155E-03   0.555725E-03   0.244275E-01   0.455963E-02   0.400000E-03
 598  -0.469378E-03   0.388980E-03   0.266486E-01   0.439536E-02   0.350000E-03
 599  -0.115091E-02   0.885479E-03   0.272036E-01   0.397061E-02   0.350000E-03
 600  -0.610116E-03   0.608554E-03   0.299254E-01   0.487879E-02   0.300000E-03
 601  -0.657462E-03   0.514958E-03   0.305396E-01   0.508538E-02   0.350000E-03
 602  -0.128186E-02  -0.181360E-04   0.309973E-01   0.488474E-02   0.150000E-03
 603  -0.164805E-02   0.368798E-03   0.330278E-01   0.455353E-02   0.350000E-03
 604  -0.145463E-02   0.220285E-03   0.334253E-01   0.397942E-02   0.350000E-03
 605  -0.124073E-02   0.198065E-03   0.364240E-01   0.476746E-02   0.400000E-03
 606  -0.146584E-02  -0.213124E-03   0.385014E-01   0.513856E-02   0.450000E-03
 607  -0.134685E-02   0.204821E-03   0.386402E-01   0.404034E-02   0.250000E-03
 608  -0.932473E-03   0.470155E-03   0.396590E-01   0.345884E-02   0.300000E-03
 609  -0.246043E-03   0.196819E-03   0.402521E-01   0.319806E-02   0.350000E-03
 610  -0.488729E-03   0.656222E-03   0.409149E-01   0.278202E-02   0.150000E-03
 611  -0.719143E-04   0.156387E-03   0.428015E-01   0.360961E-02   0.450000E-03
 612  -0.373845E-04   0.195643E-03   0.434456E-01   0.314260E-02   0.350000E-03
 613   0.156924E-03  -0.356234E-03   0.104524E-01   0.861086E-02   0.350000E-03
 614   0.113773E-03  -0.364800E-03   0.314191E-02   0.446713E-02   0.200000E-03
 615   0.121647E-03  -0.290423E-03   0.368597E-02   0.440521E-02   0.350000E-03
 616   0.762517E-04  -0.305495E-03   0.569800E-02   0.426822E-02   0.150000E-03
 617   0.439779E-03  -0.310415E-04   0.664653E-02   0.445027E-02   0.350000E-03
 618   0.214892E-03  -0.180639E-03   0.808921E-02   0.555186E-02   0.300000E-03
 619  -0.243798E-03  -0.268081E-03   0.931078E-02   0.519103E-02   0.300000E-03
 620   0.341788E-03   0.347549E-04   0.990416E-02   0.554996E-02   0.400000E-03
 621   0.750404E-03  -0.906007E-04   0.114149E-01   0.532913E-02   0.250000E-03
 622   0.601213E-03  -0.271717E-04   0.114434E-01   0.483822E-02   0.250000E-03
 623   0.432637E-03  -0.166313E-03   0.126819E-01   0.509995E-02   0.350000E-03
 624   0.350637E-03  -0.215106E-03   0.139773E-01   0.571811E-02   0.200000E-03
 625   0.260568E-03  -0.214731E-03   0.144996E-01   0.588649E-02   0.350000E-03
 626   0.437438E-03   0.292858E-03   0.166318E-01   0.549885E-02   0.150000E-03
 627  -0.112079E-03   0.219208E-04   0.169487E-01   0.564636E-02   0.200000E-03
 628   0.167571E-03   0.187446E-03   0.175628E-01   0.603000E-02   0.300000E-03
 629   0.155449E-03   0.410866E-04   0.188272E-01   0.645721E-02   0.450000E-03
 630  -0.175468E-03   0.765986E-03   0.218618E-01   0.609100E-02   0.300000E-03
 631  -0.249578E-03   0.645492E-03   0.227668E-01   0.525214E-02   0.350000E-03
 632  -0.104384E-02   0.821426E-03   0.238358E-01   0.492857E-02   0.300000E-03
 633  -0.627185E-03   0.520816E-03   0.246841E-01   0.515285E-02   0.250000E-03
 634  -0.106218E-02   0.203100E-03   0.271811E-01   0.451702E-02   0.200000E-03
 635  -0.137474E-02   0.203522E-03   0.278239E-01   0.447212E-02   0.450000E-03
 636  -0.358596E-03   0.400800E-03   0.293960E-01   0.515688E-02   0.300000E-03
 637  -0.678653E-03   0.238582E-03   0.303479E-01   0.570178E-02   0.300000E-03
 638  -0.169450E-02  -0.529056E-05   0.321291E-01   0.472449E-02   0.350000E-03
 639  -0.124754E-02   0.158336E-03   0.342884E-01   0.481124E-02   0.250000E-03
 640  -0.127180E-02   0.298210E-03   0.345045E-01   0.431109E-02   0.300000E-03
 641  -0.147831E-02  -0.160260E-04   0.368890E-01   0.528931E-02   0.300000E-03
 642  -0.125373E-02  -0.117420E-03   0.372755E-01   0.490178E-02   0.250000E-03
 643  -0.148836E-02  -0.391234E-03   0.388064E-01   0.450934E-02   0.250000E-03
 644  -0.752319E-03   0.192322E-03   0.392889E-01   0.405012E-02   0.400000E-03
 645  -0.185133E-03   0.845488E-03   0.417224E-01   0.383331E-02   0.200000E-03
 646   0.886710E-04  -0.340544E-04   0.407713E-01   0.329278E-02   0.150000E-03
 647  -0.146164E-03   0.413967E-03   0.425699E-01   0.299576E-02   0.200000E-03
 648  -0.131931E-02  -0.396863E-03   0.448041E-01   0.354854E-02   0.200000E-03
 649   0.235140E-04  -0.894696E-03   0.714143E-03   0.488481E-02   0.200000E-03
 650   0.212224E-04  -0.281781E-03   0.266982E-02   0.501152E-02   0.350000E-03
 651   0.230028E-03  -0.256359E-03   0.320673E-02   0.397151E-02   0.300000E-03
 652   0.167989E-03  -0.346632E-03   0.457596E-02   0.489575E-02   0.200000E-03
 653   0.267658E-03   0.166928E-04   0.656965E-02   0.494353E-02   0.150000E-03
 654   0.111484E-03  -0.255155E-03   0.745762E-02   0.525387E-02   0.400000E-03
 655   0.307944E-03   0.428892E-04   0.877011E-02   0.577321E-02   0.350000E-03
 656   0.387337E-03   0.321935E-04   0.935624E-02   0.589524E-02   0.250000E-03
 657   0.219666E-03   0.420857E-04   0.104794E-01   0.593439E-02   0.300000E-03
 658   0.521059E-03  -0.151740E-03   0.119834E-01   0.513975E-02   0.350000E-03
 659   0.172260E-03  -0.379602E-03   0.131566E-01   0.546585E-02   0.250000E-03
 660   0.107198E-03   0.872283E-04   0.136240E-01   0.620152E-02   0.400000E-03
 661  -0.318019E-05  -0.444589E-03   0.150200E-01   0.627429E-02   0.300000E-03
 662   0.155733E-04   0.513384E-04   0.163528E-01   0.643580E-02   0.300000E-03
 663   0.174507E-03  -0.244730E-03   0.166442E-01   0.597288E-02   0.250000E-03
 664   0.131390E-03   0.161853E-03   0.177749E-01   0.653462E-02   0.250000E-03
 665  -0.164490E-03   0.242901E-03   0.200255E-01   0.627174E-02   0.300000E-03
 666   0.353384E-03   0.238290E-03   0.212665E-01   0.635535E-02   0.300000E-03
 667  -0.177966E-03   0.277844E-03   0.223729E-01   0.576397E-02   0.300000E-03
 668  -0.701956E-03   0.475749E-03   0.234090E-01   0.534803E-02   0.300000E-03
 669  -0.929099E-03   0.497266E-03   0.248875E-01   0.475522E-02   0.100000E-03
 670  -0.602833E-03   0.435637E-03   0.263914E-01   0.487994E-02   0.200000E-03
 671  -0.100176E-02   0.533831E-03   0.285216E-01   0.530428E-02   0.200000E-03
 672  -0.130575E-02   0.449861E-03   0.281223E-01   0.510389E-02   0.250000E-03
 673  -0.809493E-03   0.347890E-03   0.310265E-01   0.557752E-02   0.350000E-03
 674  -0.135291E-02  -0.104241E-03   0.315513E-01   0.511735E-02   0.350000E-03
 675  -0.195826E-02   0.407575E-03   0.325013E-01   0.425882E-02   0.250000E-03
 676  -0.129562E-02   0.196818E-03   0.347869E-01   0.478011E-02   0.250000E-03
 677  -0.145731E-02  -0.153341E-03   0.369717E-01   0.598280E-02   0.400000E-03
 678  -0.115310E-02  -0.599668E-04   0.374306E-01   0.537498E-02   0.250000E-03
 679  -0.136793E-02  -0.151860E-04   0.390905E-01   0.541880E-02   0.200000E-03
 680  -0.139820E-02  -0.320804E-03   0.392626E-01   0.489774E-02   0.350000E-03
 681  -0.964700E-03  -0.669213E-03   0.410911E-01   0.387692E-02   0.250000E-03
 682  -0.907928E-03  -0.153342E-03   0.421358E-01   0.340323E-02   0.250000E-03
 683  -0.123401E-02  -0.832970E-03   0.440213E-01   0.454830E-02   0.500000E-03
 684  -0.637898E-03  -0.107271E-03   0.440421E-01   0.339347E-02   0.300000E-03
 685  -0.549726E-04  -0.326172E-03   0.349578E-03   0.728111E-02   0.350000E-03
 686   0.956281E-04   0.215888E-04   0.333037E-02   0.558312E-02   0.350000E-03
 687   0.108001E-03  -0.266114E-03   0.331406E-02   0.493522E-02   0.300000E-03
 688   0.322052E-04  -0.265049E-03   0.501783E-02   0.482693E-02   0.250000E-03
 689   0.335944E-03  -0.140581E-03   0.706306E-02   0.480313E-02   0.200000E-03
 690   0.823545E-04   0.530206E-04   0.760101E-02   0.598294E-02   0.350000E-03
 691  -0.125572E-03  -0.217215E-03   0.877967E-02   0.647314E-02   0.350000E-03
 692   0.440632E-03  -0.276523E-03   0.990096E-02   0.624890E-02   0.300000E-03
 693   0.270680E-03  -0.306422E-03   0.104000E-01   0.647523E-02   0.250000E-03
 694   0.673157E-03  -0.561586E-04   0.111199E-01   0.584392E-02   0.350000E-03
 695  -0.300306E-04   0.768265E-04   0.129003E-01   0.600683E-02   0.350000E-03
 696   0.117482E-03  -0.399340E-03   0.146248E-01   0.719693E-02   0.250000E-03
 697   0.254066E-03  -0.163206E-03   0.143348E-01   0.661444E-02   0.400000E-03
 698  -0.103852E-03  -0.234413E-03   0.156619E-01   0.655339E-02   0.400000E-03
 699   0.320307E-03   0.821614E-04   0.170803E-01   0.660252E-02   0.450000E-03
 700   0.134265E-03   0.397429E-04   0.182051E-01   0.687435E-02   0.300000E-03
 701   0.507952E-04   0.388597E-04   0.195531E-01   0.663764E-02   0.300000E-03
 702  -0.474500E-04   0.549247E-03   0.204349E-01   0.683816E-02   0.400000E-03
 703  -0.506663E-03   0.105812E-03   0.230477E-01   0.594673E-02   0.400000E-03
 704  -0.112810E-02   0.750476E-03   0.241716E-01   0.554159E-02   0.400000E-03
 705  -0.563938E-03   0.615168E-03   0.251605E-01   0.501259E-02   0.250000E-03
 706  -0.531801E-03   0.409520E-03   0.259733E-01   0.504515E-02   0.250000E-03
 707  -0.123817E-02   0.443686E-03   0.269795E-01   0.507811E-02   0.400000E-03
 708  -0.636094E-03   0.227384E-03   0.298741E-01   0.542570E-02   0.250000E-03
 709  -0.164522E-02  -0.181538E-03   0.320788E-01   0.527161E-02   0.200000E-03
 710  -0.140029E-02   0.145262E-03   0.326510E-01   0.501901E-02   0.250000E-03
 711  -0.132344E-02   0.159633E-03   0.337257E-01   0.460707E-02   0.350000E-03
 712  -0.137947E-02  -0.850528E-04   0.351333E-01   0.520629E-02   0.300000E-03
 713  -0.127406E-02  -0.127500E-03   0.381587E-01   0.636492E-02   0.350000E-03
 714  -0.937541E-03   0.364261E-04   0.379302E-01   0.570238E-02   0.350000E-03
 715  -0.135131E-02  -0.445420E-04   0.388227E-01   0.564024E-02   0.150000E-03
 716  -0.124437E-02  -0.365026E-03   0.397270E-01   0.452752E-02   0.250000E-03
 717  -0.122659E-02   0.102015E-02   0.400615E-01   0.366015E-02   0.150000E-03
 718  -0.874695E-03   0.386360E-03   0.421673E-01   0.390119E-02   0.250000E-03
 719  -0.667058E-03  -0.110465E-02   0.448016E-01   0.545177E-02   0.200000E-03
 720  -0.155630E-02  -0.760095E-03   0.434066E-01   0.728256E-02   0.350000E-03
 721  -0.123058E-03  -0.417356E-03   0.215227E-02   0.402608E-02   0.200000E-03
 722   0.187837E-03  -0.300056E-03   0.202690E-02   0.510069E-02   0.300000E-03
 723   0.738367E-04  -0.394640E-03   0.425237E-02   0.459032E-02   0.250000E-03
 724   0.277046E-03   0.134861E-04   0.602560E-02   0.486335E-02   0.400000E-03
 725   0.363922E-03  -0.157800E-03   0.692387E-02   0.512366E-02   0.150000E-03
 726   0.205937E-03  -0.444283E-04   0.651758E-02   0.549054E-02   0.400000E-03
 727   0.303429E-03   0.159349E-04   0.823059E-02   0.613409E-02   0.300000E-03
 728   0.347778E-03  -0.259248E-03   0.937219E-02   0.639285E-02   0.250000E-03
 729   0.608815E-03   0.209807E-03   0.971350E-02   0.682298E-02   0.300000E-03
 730   0.473619E-03  -0.216576E-03   0.123603E-01   0.560614E-02   0.250000E-03
 731   0.513500E-03  -0.136627E-03   0.122294E-01   0.620260E-02   0.350000E-03
 732   0.474608E-03  -0.256073E-03   0.131205E-01   0.661095E-02   0.250000E-03
 733  -0.345922E-04  -0.240199E-03   0.149507E-01   0.681843E-02   0.250000E-03
 734   0.477434E-03  -0.102498E-02   0.161611E-01   0.689099E-02   0.200000E-03
 735   0.426473E-03  -0.130468E-03   0.176323E-01   0.718000E-02   0.350000E-03
 736   0.221609E-03   0.431400E-03   0.191280E-01   0.725100E-02   0.400000E-03
 737   0.251027E-03   0.429192E-03   0.198219E-01   0.717260E-02   0.300000E-03
 738   0.133942E-03  -0.446799E-03   0.215085E-01   0.700939E-02   0.400000E-03
 739  -0.149453E-03  -0.145636E-03   0.224549E-01   0.640440E-02   0.350000E-03
 740  -0.649570E-03   0.196999E-04   0.237631E-01   0.616642E-02   0.350000E-03
 741  -0.735522E-03   0.174184E-03   0.248323E-01   0.562884E-02   0.250000E-03
 742  -0.623101E-03   0.267860E-03   0.263844E-01   0.532925E-02   0.250000E-03
 743  -0.137588E-02   0.436286E-03   0.276249E-01   0.514071E-02   0.250000E-03
 744  -0.692421E-03   0.471872E-03   0.288984E-01   0.518012E-02   0.200000E-03
 745  -0.132913E-02   0.171369E-03   0.316112E-01   0.571386E-02   0.250000E-03
 746  -0.142262E-02  -0.163106E-03   0.328083E-01   0.559631E-02   0.350000E-03
 747  -0.167658E-02   0.127514E-03   0.332800E-01   0.515066E-02   0.300000E-03
 748  -0.137725E-02   0.133140E-03   0.356797E-01   0.485459E-02   0.350000E-03
 749  -0.118154E-02  -0.379530E-04   0.363178E-01   0.545761E-02   0.300000E-03
 750  -0.130468E-02  -0.942123E-04   0.385032E-01   0.587594E-02   0.250000E-03
 751  -0.109952E-02   0.219828E-03   0.391579E-01   0.593266E-02   0.300000E-03
 752  -0.970944E-03  -0.540375E-03   0.401787E-01   0.422542E-02   0.300000E-03
 753   0.892494E-04   0.405172E-04   0.407104E-01   0.299946E-02   0.150000E-03
 754  -0.183036E-03  -0.317450E-03   0.418882E-01   0.418498E-02   0.150000E-03
 755  -0.151590E-03   0.963892E-04   0.425411E-01   0.414922E-02   0.150000E-03
 756  -0.248148E-03  -0.230771E-03   0.431052E-01   0.670673E-02   0.300000E-03
 757   0.414445E-04  -0.647134E-03   0.183989E-02   0.447825E-02   0.350000E-03
 758  -0.633866E-04  -0.356370E-04   0.402271E-02   0.565818E-02   0.350000E-03
 759  -0.156440E-04  -0.282909E-03   0.390766E-02   0.501807E-02   0.300000E-03
 760   0.232598E-03  -0.525560E-04   0.472857E-02   0.556567E-02   0.300000E-03
 761   0.200124E-03   0.716836E-04   0.539574E-02   0.535455E-02   0.400000E-03
 762   0.174140E-03  -0.141941E-04   0.589695E-02   0.590841E-02   0.350000E-03
 763   0.235053E-03  -0.297725E-04   0.688436E-02   0.619841E-02   0.400000E-03
 764   0.288423E-03   0.162148E-03   0.815729E-02   0.672941E-02   0.300000E-03
 765   0.546628E-03  -0.154574E-03   0.115546E-01   0.638662E-02   0.350000E-03
 766   0.507950E-03  -0.193946E-03   0.117629E-01   0.575111E-02   0.300000E-03
 767   0.155924E-03  -0.334126E-03   0.126828E-01   0.651132E-02   0.200000E-03
 768   0.404437E-04  -0.132951E-03   0.137276E-01   0.684242E-02   0.250000E-03
 769  -0.598329E-04  -0.287837E-03   0.152523E-01   0.733633E-02   0.350000E-03
 770  -0.278966E-03  -0.310184E-03   0.158351E-01   0.719986E-02   0.250000E-03
 771  -0.374901E-03   0.237629E-03   0.165594E-01   0.677789E-02   0.100000E-03
 772   0.303932E-03   0.454426E-03   0.184869E-01   0.734254E-02   0.250000E-03
 773  -0.112224E-03  -0.199338E-03   0.202149E-01   0.775107E-02   0.400000E-03
 774  -0.529431E-03  -0.414078E-04   0.208906E-01   0.742892E-02   0.350000E-03
 775  -0.277907E-03  -0.166714E-03   0.233003E-01   0.654515E-02   0.250000E-03
 776   0.696572E-04  -0.169106E-03   0.249076E-01   0.607205E-02   0.200000E-03
 777  -0.779159E-03   0.738149E-03   0.255734E-01   0.483874E-02   0.200000E-03
 778  -0.566173E-03   0.239502E-03   0.259703E-01   0.549409E-02   0.200000E-03
 779   0.639149E-03   0.900069E-03   0.277910E-01   0.566277E-02   0.300000E-03
 780  -0.382898E-03   0.385287E-04   0.294109E-01   0.580494E-02   0.350000E-03
 781  -0.744260E-03   0.121186E-03   0.307210E-01   0.603446E-02   0.200000E-03
 782  -0.154470E-02   0.397124E-03   0.321589E-01   0.576470E-02   0.300000E-03
 783  -0.121246E-02   0.168880E-03   0.339161E-01   0.527924E-02   0.350000E-03
 784  -0.956746E-03   0.732728E-03   0.344635E-01   0.522398E-02   0.200000E-03
 785  -0.134488E-02  -0.403539E-04   0.356794E-01   0.555430E-02   0.350000E-03
 786  -0.169134E-02  -0.283376E-03   0.375828E-01   0.620180E-02   0.250000E-03
 787  -0.119507E-02   0.964203E-04   0.397216E-01   0.613191E-02   0.300000E-03
 788  -0.126154E-02  -0.527278E-04   0.396351E-01   0.548828E-02   0.350000E-03
 789  -0.748558E-03  -0.751002E-03   0.405570E-01   0.376351E-02   0.300000E-03
 790  -0.712967E-03  -0.195475E-03   0.414531E-01   0.428493E-02   0.300000E-03
 791  -0.134971E-02   0.341569E-03   0.431010E-01   0.435212E-02   0.350000E-03
 792  -0.159220E-02  -0.583650E-03   0.438733E-01   0.518099E-02   0.150000E-03
 793   0.985680E-04   0.356634E-04   0.284449E-02   0.547665E-02   0.150000E-03
 794   0.134895E-03  -0.299376E-03   0.244788E-02   0.545622E-02   0.150000E-03
 795   0.421873E-04  -0.253959E-03   0.436037E-02   0.522800E-02   0.200000E-03
 796   0.221668E-03  -0.276905E-03   0.266309E-02   0.646544E-02   0.300000E-03
 797  -0.865530E-04   0.119025E-04   0.450060E-02   0.623459E-02   0.400000E-03
 798   0.274161E-03  -0.131479E-03   0.516420E-02   0.601405E-02   0.300000E-03
 799   0.110963E-03   0.164163E-03   0.750976E-02   0.667358E-02   0.350000E-03
 800  -0.129233E-03  -0.263098E-03   0.883111E-02   0.706991E-02   0.250000E-03
 801   0.442287E-03  -0.211728E-03   0.108144E-01   0.675027E-02   0.250000E-03
 802   0.572934E-03  -0.177986E-03   0.112833E-01   0.692083E-02   0.250000E-03
 803   0.533421E-03  -0.237605E-03   0.120171E-01   0.676274E-02   0.250000E-03
 804   0.447032E-03  -0.326495E-03   0.132672E-01   0.714082E-02   0.300000E-03
 805   0.287743E-03  -0.396884E-03   0.140794E-01   0.726572E-02   0.300000E-03
 806  -0.174686E-03  -0.613392E-03   0.157156E-01   0.763219E-02   0.200000E-03
 807   0.761080E-03   0.194186E-03   0.180592E-01   0.760090E-02   0.250000E-03
 808   0.225371E-03  -0.211053E-03   0.191485E-01   0.809937E-02   0.450000E-03
 809  -0.231466E-03  -0.171178E-04   0.214760E-01   0.770838E-02   0.300000E-03
 810   0.575046E-05  -0.414455E-03   0.222068E-01   0.700028E-02   0.300000E-03
 811  -0.643058E-03  -0.275859E-03   0.238017E-01   0.681280E-02   0.300000E-03
 812  -0.105294E-02   0.603833E-03   0.244223E-01   0.619430E-02   0.300000E-03
 813  -0.711572E-03   0.293353E-03   0.254260E-01   0.554498E-02   0.350000E-03
 814  -0.116704E-02  -0.341271E-03   0.272969E-01   0.558666E-02   0.200000E-03
 815  -0.103469E-02   0.897825E-04   0.286662E-01   0.588432E-02   0.400000E-03
 816  -0.891928E-03   0.356660E-03   0.312088E-01   0.609021E-02   0.200000E-03
 817  -0.758168E-03   0.372461E-03   0.302485E-01   0.629163E-02   0.300000E-03
 818  -0.156940E-02   0.197825E-03   0.325729E-01   0.619855E-02   0.300000E-03
 819  -0.154245E-02   0.507807E-03   0.334460E-01   0.572673E-02   0.300000E-03
 820  -0.141307E-02  -0.403440E-04   0.347278E-01   0.564693E-02   0.300000E-03
 821  -0.118181E-02  -0.144013E-04   0.362378E-01   0.605016E-02   0.300000E-03
 822  -0.116410E-02  -0.267352E-03   0.378333E-01   0.692732E-02   0.300000E-03
 823  -0.109822E-02   0.205527E-03   0.387555E-01   0.630703E-02   0.250000E-03
 824  -0.627943E-03  -0.134545E-03   0.408167E-01   0.555470E-02   0.350000E-03
 825  -0.105563E-02  -0.254732E-03   0.402561E-01   0.498462E-02   0.450000E-03
 826  -0.886845E-03  -0.477919E-03   0.408031E-01   0.440213E-02   0.350000E-03
 827  -0.903129E-03   0.484001E-03   0.422277E-01   0.439651E-02   0.250000E-03
 828  -0.108126E-02   0.857858E-04   0.402852E-01   0.692409E-02   0.350000E-03
 829   0.183974E-03  -0.750176E-04   0.262716E-02   0.586807E-02   0.300000E-03
 830   0.397640E-03   0.311191E-03   0.300004E-03   0.520889E-02   0.300000E-03
 831   0.368131E-03  -0.310430E-03   0.313429E-03   0.570727E-02   0.200000E-03
 832   0.112607E-03  -0.130370E-03   0.310494E-02   0.613806E-02   0.250000E-03
 833   0.192748E-03   0.378737E-04   0.328179E-02   0.665725E-02   0.300000E-03
 834   0.246595E-03   0.201235E-03   0.509068E-02   0.660907E-02   0.300000E-03
 835   0.249392E-03  -0.139993E-03   0.573924E-02   0.679435E-02   0.300000E-03
 836   0.131852E-03   0.254106E-03   0.756084E-02   0.736936E-02   0.350000E-03
 837   0.429258E-03   0.770018E-04   0.108165E-01   0.630145E-02   0.200000E-03
 838   0.516885E-03  -0.292624E-03   0.117482E-01   0.729877E-02   0.350000E-03
 839   0.204277E-03  -0.375845E-03   0.125704E-01   0.710014E-02   0.400000E-03
 840   0.218444E-03  -0.488002E-03   0.141562E-01   0.787021E-02   0.300000E-03
 841   0.201680E-03  -0.525930E-03   0.147399E-01   0.773441E-02   0.300000E-03
 842   0.569296E-03  -0.192212E-03   0.170524E-01   0.747139E-02   0.300000E-03
 843   0.310698E-03  -0.133794E-03   0.184987E-01   0.784015E-02   0.250000E-03
 844  -0.492882E-04  -0.294633E-03   0.198547E-01   0.835049E-02   0.300000E-03
 845  -0.465028E-03  -0.346894E-03   0.208746E-01   0.812707E-02   0.350000E-03
 846  -0.193887E-03  -0.177351E-04   0.219841E-01   0.750181E-02   0.250000E-03
 847  -0.236937E-03  -0.449397E-03   0.232729E-01   0.709343E-02   0.300000E-03
 848  -0.881995E-03  -0.350091E-03   0.244960E-01   0.689068E-02   0.400000E-03
 849  -0.744469E-03  -0.211235E-03   0.254310E-01   0.624071E-02   0.350000E-03
 850  -0.110202E-02   0.217356E-03   0.267429E-01   0.562445E-02   0.200000E-03
 851  -0.959991E-03  -0.304855E-03   0.266164E-01   0.610389E-02   0.300000E-03
 852  -0.662835E-03   0.281122E-03   0.299147E-01   0.582331E-02   0.150000E-03
 853  -0.179728E-02  -0.155194E-03   0.317052E-01   0.632077E-02   0.350000E-03
 854  -0.160727E-02   0.121782E-03   0.327890E-01   0.680989E-02   0.350000E-03
 855  -0.133869E-02   0.175412E-03   0.331696E-01   0.625879E-02   0.300000E-03
 856  -0.129829E-02  -0.111977E-03   0.341239E-01   0.599709E-02   0.400000E-03
 857  -0.134193E-02   0.976318E-05   0.352155E-01   0.607500E-02   0.350000E-03
 858  -0.135935E-02  -0.261143E-03   0.365659E-01   0.655110E-02   0.300000E-03
 859  -0.116919E-02   0.476014E-04   0.392857E-01   0.646646E-02   0.250000E-03
 860  -0.104142E-02   0.365535E-04   0.402112E-01   0.578540E-02   0.300000E-03
 861  -0.491772E-03  -0.993966E-04   0.415144E-01   0.557146E-02   0.350000E-03
 862  -0.735035E-03   0.364723E-03   0.409752E-01   0.497643E-02   0.250000E-03
 863  -0.154897E-02  -0.548404E-03   0.432753E-01   0.513232E-02   0.450000E-03
 864  -0.104060E-02  -0.142774E-03   0.445507E-01   0.605005E-02   0.450000E-03
 865   0.116396E-04  -0.341513E-03   0.137921E-02   0.505476E-02   0.350000E-03
 866   0.116027E-03  -0.151450E-03   0.171112E-02   0.548795E-02   0.200000E-03
 867   0.206924E-04  -0.345619E-03   0.204420E-02   0.626928E-02   0.350000E-03
 868  -0.309077E-03   0.298042E-03   0.368338E-02   0.621193E-02   0.300000E-03
 869   0.162487E-03  -0.117897E-03   0.335007E-02   0.720058E-02   0.250000E-03
 870   0.141937E-03  -0.601759E-04   0.623749E-02   0.646077E-02   0.300000E-03
 871   0.217038E-03   0.134808E-03   0.690030E-02   0.689720E-02   0.300000E-03
 872   0.249706E-03   0.942423E-04   0.921113E-02   0.681180E-02   0.200000E-03
 873   0.231990E-03   0.827443E-04   0.102832E-01   0.701026E-02   0.300000E-03
 874   0.183103E-03  -0.463552E-03   0.117018E-01   0.797422E-02   0.300000E-03
 875   0.228896E-03  -0.486719E-03   0.122440E-01   0.771747E-02   0.300000E-03
 876   0.337317E-03  -0.429338E-03   0.136067E-01   0.763252E-02   0.300000E-03
 877   0.122516E-03   0.177665E-03   0.146641E-01   0.832820E-02   0.300000E-03
 878   0.992470E-03  -0.122404E-03   0.164107E-01   0.737821E-02   0.350000E-03
 879   0.438484E-03  -0.229540E-03   0.175159E-01   0.776704E-02   0.250000E-03
 880   0.394648E-03  -0.268231E-03   0.176956E-01   0.828645E-02   0.300000E-03
 881  -0.205174E-03  -0.298916E-03   0.219692E-01   0.805102E-02   0.300000E-03
 882  -0.715349E-04  -0.448584E-03   0.227293E-01   0.716722E-02   0.250000E-03
 883  -0.211300E-03  -0.185601E-03   0.229075E-01   0.661400E-02   0.150000E-03
 884  -0.417326E-03   0.569221E-04   0.239824E-01   0.743593E-02   0.350000E-03
 885   0.342373E-03  -0.951831E-04   0.260324E-01   0.738732E-02   0.400000E-03
 886  -0.646907E-03  -0.251481E-03   0.260289E-01   0.598923E-02   0.300000E-03
 887  -0.103221E-02   0.503112E-03   0.284639E-01   0.660317E-02   0.350000E-03
 888  -0.392536E-03   0.208121E-03   0.295605E-01   0.658925E-02   0.450000E-03
 889  -0.913061E-03   0.465010E-03   0.309008E-01   0.666038E-02   0.450000E-03
 890  -0.150027E-02   0.107389E-03   0.322230E-01   0.661944E-02   0.250000E-03
 891  -0.106716E-02  -0.411847E-03   0.337322E-01   0.663421E-02   0.350000E-03
 892  -0.127893E-02  -0.583410E-04   0.346657E-01   0.658347E-02   0.400000E-03
 893  -0.544945E-03  -0.515860E-03   0.357651E-01   0.641878E-02   0.300000E-03
 894  -0.105080E-02   0.643736E-04   0.385915E-01   0.677906E-02   0.250000E-03
 895  -0.115775E-02   0.216079E-04   0.391016E-01   0.698406E-02   0.300000E-03
 896  -0.544648E-03  -0.333836E-03   0.419091E-01   0.695194E-02   0.300000E-03
 897  -0.121989E-02  -0.380118E-03   0.424646E-01   0.661209E-02   0.350000E-03
 898   0.511862E-03   0.848570E-04   0.426193E-01   0.461651E-02   0.200000E-03
 899  -0.138317E-02  -0.566400E-03   0.424802E-01   0.519236E-02   0.350000E-03
 900  -0.981066E-03  -0.942567E-04   0.438292E-01   0.570609E-02   0.350000E-03
 901  -0.664455E-04  -0.834479E-04   0.129180E-02   0.564567E-02   0.250000E-03
 902   0.230701E-03  -0.199998E-03   0.307388E-02   0.761688E-02   0.250000E-03
 903   0.594045E-05  -0.229570E-03   0.211543E-02   0.567450E-02   0.250000E-03
 904   0.240358E-03  -0.108931E-03   0.275770E-02   0.710712E-02   0.350000E-03
 905  -0.419612E-04  -0.674591E-04   0.398730E-02   0.691102E-02   0.450000E-03
 906   0.429596E-03  -0.216644E-04   0.585229E-02   0.733650E-02   0.250000E-03
 907   0.265094E-03  -0.108249E-03   0.554827E-02   0.633270E-02   0.200000E-03
 908  -0.148180E-03   0.155498E-03   0.883754E-02   0.761913E-02   0.300000E-03
 909   0.211037E-03  -0.834414E-04   0.934125E-02   0.729379E-02   0.300000E-03
 910   0.218130E-03  -0.131118E-03   0.101205E-01   0.805223E-02   0.300000E-03
 911   0.448603E-03  -0.244575E-03   0.112612E-01   0.764712E-02   0.250000E-03
 912  -0.327287E-03  -0.822167E-04   0.151423E-01   0.859802E-02   0.250000E-03
 913  -0.113494E-03  -0.664630E-03   0.153374E-01   0.803076E-02   0.350000E-03
 914   0.794670E-03   0.431674E-03   0.161350E-01   0.812796E-02   0.450000E-03
 915  -0.704995E-03  -0.513778E-04   0.170057E-01   0.816946E-02   0.400000E-03
 916  -0.388149E-03  -0.429137E-03   0.204094E-01   0.857843E-02   0.300000E-03
 917  -0.662324E-03  -0.227912E-03   0.199995E-01   0.901528E-02   0.300000E-03
 918  -0.143277E-03  -0.346346E-03   0.225371E-01   0.773438E-02   0.350000E-03
 919  -0.256629E-03  -0.406579E-05   0.232379E-01   0.774214E-02   0.350000E-03
 920  -0.821423E-04   0.417241E-03   0.248175E-01   0.640947E-02   0.150000E-03
 921   0.306885E-04  -0.397016E-03   0.234075E-01   0.846905E-02   0.350000E-03
 922  -0.642956E-03  -0.167660E-03   0.260068E-01   0.663808E-02   0.350000E-03
 923   0.601140E-03   0.257752E-03   0.278299E-01   0.631069E-02   0.350000E-03
 924  -0.900998E-03   0.753924E-03   0.289429E-01   0.724323E-02   0.450000E-03
 925  -0.523980E-03   0.366394E-03   0.310944E-01   0.743622E-02   0.350000E-03
 926  -0.185581E-02   0.538764E-04   0.315884E-01   0.695887E-02   0.300000E-03
 927  -0.188760E-02   0.169432E-04   0.336460E-01   0.719669E-02   0.200000E-03
 928  -0.134682E-02  -0.185711E-03   0.341739E-01   0.649388E-02   0.100000E-03
 929  -0.158088E-02  -0.431106E-03   0.372297E-01   0.668656E-02   0.350000E-03
 930  -0.938802E-03   0.295311E-03   0.412140E-01   0.663393E-02   0.300000E-03
 931  -0.625040E-03  -0.469984E-04   0.411845E-01   0.606840E-02   0.250000E-03
 932  -0.120297E-02   0.293475E-04   0.397370E-01   0.668089E-02   0.250000E-03
 933  -0.471233E-03  -0.149827E-04   0.418050E-01   0.626012E-02   0.400000E-03
 934  -0.126110E-02   0.922202E-03   0.412446E-01   0.468204E-02   0.150000E-03
 935  -0.516201E-03  -0.179176E-03   0.417996E-01   0.488472E-02   0.400000E-03
 936  -0.992003E-03  -0.821488E-04   0.433629E-01   0.615836E-02   0.300000E-03
 937   0.173461E-03  -0.351974E-03   0.103814E-02   0.715824E-02   0.350000E-03
 938   0.360277E-03  -0.319922E-03   0.298529E-03   0.620648E-02   0.300000E-03
 939   0.461325E-03   0.270885E-03   0.369928E-02   0.768610E-02   0.350000E-03
 940   0.159729E-03  -0.209944E-03   0.788838E-03   0.586261E-02   0.300000E-03
 941  -0.314347E-04  -0.260878E-03   0.167101E-02   0.686056E-02   0.350000E-03
 942   0.240078E-03  -0.135016E-03   0.454905E-02   0.769638E-02   0.500000E-03
 943   0.176479E-03  -0.816126E-04   0.526210E-02   0.723526E-02   0.350000E-03
 944   0.170683E-03   0.130047E-03   0.632168E-02   0.705295E-02   0.300000E-03
 945   0.448239E-03  -0.269805E-03   0.108376E-01   0.729920E-02   0.300000E-03
 946   0.137539E-04  -0.159988E-03   0.985778E-02   0.748003E-02   0.250000E-03
 947   0.263172E-03  -0.475725E-03   0.129447E-01   0.798259E-02   0.450000E-03
 948   0.226297E-03  -0.422860E-03   0.125640E-01   0.856935E-02   0.250000E-03
 949   0.974336E-03   0.215156E-03   0.156776E-01   0.872149E-02   0.300000E-03
 950   0.582278E-03   0.234050E-04   0.140021E-01   0.855292E-02   0.400000E-03
 951   0.376056E-03  -0.131560E-03   0.165840E-01   0.872782E-02   0.300000E-03
 952   0.395858E-03  -0.289641E-03   0.182445E-01   0.826928E-02   0.250000E-03
 953  -0.416279E-03  -0.281000E-03   0.210888E-01   0.868706E-02   0.250000E-03
 954  -0.143802E-03  -0.352166E-03   0.225658E-01   0.858338E-02   0.500000E-03
 955  -0.448905E-03   0.186238E-03   0.237805E-01   0.800008E-02   0.250000E-03
 956   0.912546E-03  -0.744387E-03   0.254254E-01   0.715578E-02   0.250000E-03
 957   0.317205E-03  -0.272932E-03   0.269349E-01   0.757559E-02   0.350000E-03
 958   0.383005E-03  -0.127427E-03   0.266364E-01   0.694310E-02   0.350000E-03
 959   0.817082E-04   0.366239E-03   0.271500E-01   0.646959E-02   0.350000E-03
 960  -0.796191E-03   0.454028E-03   0.302245E-01   0.683960E-02   0.250000E-03
 961  -0.149073E-02  -0.373889E-03   0.321449E-01   0.796400E-02   0.400000E-03
 962  -0.186445E-02   0.228489E-03   0.316910E-01   0.749842E-02   0.250000E-03
 963  -0.171567E-02   0.129676E-03   0.333100E-01   0.698112E-02   0.200000E-03
 964  -0.107705E-02  -0.387196E-04   0.353226E-01   0.682288E-02   0.300000E-03
 965  -0.678240E-03  -0.686689E-03   0.361052E-01   0.685039E-02   0.250000E-03
 966  -0.130068E-02   0.249560E-04   0.367162E-01   0.723346E-02   0.400000E-03
 967  -0.113636E-02   0.228850E-03   0.406437E-01   0.632350E-02   0.350000E-03
 968  -0.457736E-03   0.317389E-03   0.401552E-01   0.623593E-02   0.150000E-03
 969  -0.145401E-02  -0.525633E-03   0.447507E-01   0.711493E-02   0.250000E-03
 970  -0.102537E-02  -0.260537E-03   0.442484E-01   0.678872E-02   0.350000E-03
 971  -0.127289E-02  -0.199628E-03   0.427109E-01   0.590424E-02   0.400000E-03
 972  -0.956985E-03  -0.258867E-03   0.436522E-01   0.673569E-02   0.250000E-03
 973   0.184298E-03  -0.429435E-03   0.839523E-03   0.531539E-02   0.250000E-03
 974   0.255493E-03  -0.925050E-04   0.399893E-02   0.820564E-02   0.250000E-03
 975  -0.972443E-04  -0.356471E-03   0.134499E-02   0.624146E-02   0.350000E-03
 976   0.122757E-03  -0.491060E-03   0.780040E-03   0.656205E-02   0.300000E-03
 977   0.164952E-03   0.180104E-03   0.729149E-02   0.790454E-02   0.250000E-03
 978   0.212975E-03   0.231482E-03   0.692362E-02   0.749616E-02   0.300000E-03
 979   0.186114E-03   0.236537E-03   0.638357E-02   0.759846E-02   0.250000E-03
 980  -0.198687E-04   0.127397E-03   0.816523E-02   0.781142E-02   0.400000E-03
 981   0.199457E-03  -0.131856E-03   0.103514E-01   0.755428E-02   0.250000E-03
 982  -0.362358E-03  -0.542751E-04   0.937609E-02   0.814028E-02   0.450000E-03
 983   0.206645E-03  -0.444737E-03   0.121701E-01   0.826216E-02   0.250000E-03
 984   0.100074E-03  -0.283588E-04   0.107672E-01   0.798579E-02   0.350000E-03
 985   0.354901E-03  -0.454713E-03   0.135770E-01   0.813068E-02   0.200000E-03
 986   0.671177E-03  -0.129358E-03   0.190015E-01   0.925832E-02   0.300000E-03
 987   0.235831E-03  -0.473404E-03   0.186422E-01   0.871718E-02   0.350000E-03
 988   0.970282E-04  -0.438655E-03   0.194443E-01   0.878711E-02   0.300000E-03
 989  -0.290309E-03  -0.488528E-03   0.195471E-01   0.932695E-02   0.250000E-03
 990  -0.199779E-03  -0.299388E-03   0.214597E-01   0.825737E-02   0.250000E-03
 991   0.476105E-03  -0.544307E-03   0.245045E-01   0.790107E-02   0.350000E-03
 992   0.392792E-03  -0.450279E-03   0.249466E-01   0.742526E-02   0.300000E-03
 993  -0.596696E-03  -0.409614E-03   0.251294E-01   0.675350E-02   0.250000E-03
 994   0.138189E-05  -0.635845E-04   0.272438E-01   0.706146E-02   0.250000E-03
 995  -0.347682E-03  -0.683771E-04   0.278925E-01   0.708622E-02   0.400000E-03
 996  -0.884646E-03   0.273627E-03   0.304520E-01   0.733896E-02   0.300000E-03
 997  -0.664274E-03   0.300017E-03   0.298871E-01   0.720823E-02   0.250000E-03
 998  -0.151514E-02   0.482521E-04   0.322208E-01   0.721834E-02   0.350000E-03
 999  -0.167716E-02  -0.331067E-04   0.330519E-01   0.734872E-02   0.250000E-03
1000  -0.131649E-02  -0.298452E-04   0.341945E-01   0.716486E-02   0.350000E-03
