   1  -0.754809E-04  -0.210587E-03   0.112754E-01   0.846568E-02   0.350000E-03
   2   0.674869E-03  -0.102874E-02   0.149129E-03   0.149804E-03   0.150000E-03
   3   0.215185E-02  -0.492071E-02   0.458956E-02   0.447989E-03   0.450000E-03
   4  -0.207133E-02   0.197419E-02   0.574929E-02   0.538248E-03   0.200000E-03
   5  -0.147991E-02  -0.941491E-05   0.574938E-02   0.999884E-04   0.100000E-03
   6  -0.912833E-03   0.116589E-02   0.751068E-02   0.248927E-03   0.250000E-03
   7   0.167494E-02  -0.172866E-03   0.814192E-02   0.398443E-03   0.400000E-03
   8   0.303877E-02  -0.225522E-02   0.888856E-02   0.349083E-03   0.350000E-03
   9   0.112043E-02   0.333535E-04   0.933816E-02   0.558809E-03   0.150000E-03
  10   0.404437E-03  -0.151968E-02   0.118132E-01   0.292887E-03   0.300000E-03
  11  -0.682204E-03   0.829789E-03   0.130559E-01   0.348663E-03   0.350000E-03
  12  -0.104926E-04   0.439834E-03   0.147893E-01   0.194661E-03   0.200000E-03
  13  -0.512076E-03   0.106807E-02   0.169361E-01   0.345565E-03   0.350000E-03
  14   0.660406E-03   0.666220E-03   0.176346E-01   0.348225E-03   0.350000E-03
  15   0.586380E-03   0.430030E-03   0.188509E-01   0.406170E-03   0.400000E-03
  16   0.216850E-02   0.399836E-03   0.195953E-01   0.345664E-03   0.350000E-03
  17   0.479914E-03   0.119458E-02   0.205089E-01   0.339012E-03   0.350000E-03
  18  -0.193356E-03   0.158734E-02   0.219659E-01   0.349042E-03   0.350000E-03
  19   0.102279E-02   0.127459E-02   0.225557E-01   0.243949E-03   0.250000E-03
  20   0.316541E-02   0.108815E-02   0.230552E-01   0.247445E-03   0.250000E-03
  21   0.823626E-03   0.616200E-04   0.244828E-01   0.249726E-03   0.250000E-03
  22  -0.116424E-03  -0.190609E-03   0.257273E-01   0.199910E-03   0.200000E-03
  23  -0.410617E-03  -0.710837E-03   0.267525E-01   0.990964E-04   0.100000E-03
  24   0.386912E-03   0.228037E-03   0.282151E-01   0.397792E-03   0.400000E-03
  25   0.119331E-02   0.199787E-03   0.297836E-01   0.410810E-03   0.400000E-03
  26   0.188222E-02  -0.570468E-03   0.305245E-01   0.333516E-03   0.350000E-03
  27  -0.618804E-04   0.210857E-02   0.318627E-01   0.297729E-03   0.300000E-03
  28   0.810967E-03  -0.155425E-02   0.333184E-01   0.347720E-03   0.300000E-03
  29   0.162023E-02   0.563667E-03   0.355455E-01   0.444316E-03   0.450000E-03
  30  -0.180868E-02   0.140579E-03   0.374039E-01   0.347319E-03   0.350000E-03
  31   0.541058E-03  -0.100258E-03   0.379946E-01   0.249013E-03   0.250000E-03
  32   0.852384E-03  -0.123938E-03   0.401218E-01   0.197738E-03   0.200000E-03
  33  -0.102055E-03   0.651454E-03   0.410122E-01   0.194996E-03   0.200000E-03
  34  -0.242324E-03  -0.255468E-03   0.446051E-01   0.880045E-03   0.400000E-03
  35  -0.333818E-03   0.665900E-03   0.446520E-01   0.192438E-02   0.350000E-03
  36   0.413862E-03   0.132916E-04   0.864728E-02   0.831812E-02   0.300000E-03
  37  -0.223838E-03   0.758225E-03   0.247719E-03   0.177271E-02   0.250000E-03
  38   0.151880E-02  -0.838770E-03   0.780917E-03   0.719060E-03   0.300000E-03
  39   0.848575E-03   0.782497E-03   0.269332E-02   0.399104E-03   0.400000E-03
  40   0.188423E-02   0.686801E-04   0.618516E-02   0.299187E-03   0.300000E-03
  41   0.524975E-03   0.248708E-02   0.687778E-02   0.391181E-03   0.400000E-03
  42   0.207500E-02  -0.221181E-03   0.730075E-02   0.100242E-02   0.350000E-03
  43   0.141123E-02   0.451345E-03   0.860561E-02   0.934092E-03   0.300000E-03
  44   0.193225E-02   0.477290E-03   0.939055E-02   0.953316E-03   0.250000E-03
  45   0.132555E-02   0.186298E-03   0.998189E-02   0.495932E-03   0.500000E-03
  46  -0.335612E-03   0.995927E-03   0.107831E-01   0.300014E-03   0.300000E-03
  47   0.151688E-02   0.520395E-03   0.153008E-01   0.150025E-03   0.150000E-03
  48   0.252029E-03   0.596281E-03   0.158402E-01   0.446870E-03   0.450000E-03
  49   0.417359E-03   0.880252E-03   0.165032E-01   0.886948E-03   0.350000E-03
  50   0.557539E-03   0.557340E-03   0.182244E-01   0.245748E-03   0.250000E-03
  51   0.172059E-02   0.386720E-03   0.193203E-01   0.870973E-03   0.250000E-03
  52   0.807820E-03   0.119260E-02   0.200507E-01   0.147333E-03   0.150000E-03
  53  -0.718508E-03   0.162175E-03   0.205103E-01   0.101442E-02   0.200000E-03
  54   0.114772E-02   0.282514E-03   0.211573E-01   0.298292E-03   0.300000E-03
  55   0.301744E-03   0.129196E-03   0.233996E-01   0.998850E-04   0.100000E-03
  56   0.238397E-02  -0.291386E-03   0.238498E-01   0.396462E-03   0.400000E-03
  57   0.602173E-03  -0.380455E-03   0.245174E-01   0.919065E-03   0.400000E-03
  58  -0.332587E-03   0.128333E-03   0.251158E-01   0.396057E-03   0.400000E-03
  59   0.231335E-02   0.171791E-03   0.270332E-01   0.202620E-03   0.200000E-03
  60   0.658733E-03  -0.108942E-03   0.275236E-01   0.296189E-03   0.300000E-03
  61   0.480868E-03   0.119618E-04   0.290981E-01   0.294561E-03   0.300000E-03
  62   0.504298E-03   0.520902E-03   0.312196E-01   0.347673E-03   0.350000E-03
  63   0.123844E-02   0.153113E-04   0.328501E-01   0.196802E-03   0.200000E-03
  64   0.623670E-03   0.205246E-03   0.347542E-01   0.345897E-03   0.350000E-03
  65  -0.258238E-03  -0.367207E-03   0.363218E-01   0.613870E-03   0.350000E-03
  66   0.148460E-03   0.741763E-03   0.364374E-01   0.138609E-03   0.150000E-03
  67   0.149282E-02   0.174767E-03   0.391390E-01   0.299387E-03   0.300000E-03
  68   0.703001E-05   0.558093E-03   0.423024E-01   0.200027E-03   0.200000E-03
  69  -0.834713E-03  -0.531376E-03   0.438618E-01   0.825383E-03   0.350000E-03
  70   0.171308E-02   0.227830E-03   0.423961E-01   0.720704E-02   0.250000E-03
  71   0.529266E-03   0.442677E-03   0.447020E-01   0.496168E-02   0.300000E-03
  72  -0.204673E-02   0.447476E-02   0.447504E-01   0.248232E-03   0.250000E-03
  73   0.394472E-03  -0.452759E-04   0.256535E-02   0.793767E-02   0.350000E-03
  74   0.225989E-03   0.154929E-03   0.120564E-02   0.298309E-03   0.300000E-03
  75   0.502278E-04   0.582396E-03   0.392415E-02   0.247998E-03   0.250000E-03
  76   0.156361E-03   0.109240E-02   0.522716E-02   0.923481E-03   0.350000E-03
  77   0.107392E-02   0.186241E-02   0.647688E-02   0.822939E-03   0.200000E-03
  78   0.392720E-03   0.897074E-03   0.665779E-02   0.134041E-02   0.350000E-03
  79   0.574090E-03  -0.219477E-03   0.798584E-02   0.112985E-02   0.350000E-03
  80   0.276412E-02  -0.708767E-03   0.904733E-02   0.131163E-02   0.250000E-03
  81   0.704774E-03  -0.208304E-03   0.106916E-01   0.952208E-03   0.350000E-03
  82  -0.521476E-03   0.362390E-03   0.132929E-01   0.952131E-03   0.300000E-03
  83   0.115053E-02   0.399770E-03   0.137543E-01   0.345987E-03   0.350000E-03
  84   0.253632E-03   0.689988E-03   0.143440E-01   0.243885E-03   0.250000E-03
  85  -0.304897E-03   0.878946E-03   0.154319E-01   0.101013E-02   0.250000E-03
  86   0.286589E-03   0.125654E-02   0.172823E-01   0.106469E-02   0.450000E-03
  87   0.604574E-03   0.112131E-02   0.188593E-01   0.105550E-02   0.250000E-03
  88   0.782550E-03   0.279866E-03   0.200582E-01   0.801048E-03   0.300000E-03
  89   0.111174E-02  -0.160283E-03   0.203051E-01   0.160308E-02   0.400000E-03
  90   0.996460E-03  -0.603769E-03   0.214867E-01   0.856077E-03   0.350000E-03
  91   0.726961E-03  -0.107717E-02   0.225905E-01   0.737089E-03   0.250000E-03
  92   0.217877E-02  -0.790321E-03   0.231812E-01   0.831486E-03   0.350000E-03
  93   0.175108E-02  -0.247083E-03   0.238052E-01   0.114150E-02   0.350000E-03
  94  -0.111038E-02  -0.917330E-03   0.252339E-01   0.113559E-02   0.350000E-03
  95   0.250031E-03   0.118307E-02   0.273543E-01   0.919865E-03   0.350000E-03
  96   0.141757E-04   0.686176E-03   0.280548E-01   0.118019E-02   0.400000E-03
  97   0.107422E-02   0.637691E-03   0.294592E-01   0.972486E-03   0.250000E-03
  98   0.204917E-02  -0.791481E-03   0.303014E-01   0.108463E-02   0.450000E-03
  99   0.343807E-03   0.926339E-03   0.324060E-01   0.246608E-03   0.250000E-03
 100   0.147573E-02   0.135909E-02   0.327253E-01   0.626099E-03   0.250000E-03
 101   0.228516E-03   0.417761E-03   0.349633E-01   0.106232E-02   0.400000E-03
 102  -0.660525E-03   0.268173E-03   0.368123E-01   0.269659E-03   0.250000E-03
 103  -0.811836E-03   0.205723E-02   0.376435E-01   0.893945E-03   0.250000E-03
 104   0.176592E-02   0.503430E-03   0.385416E-01   0.296386E-03   0.300000E-03
 105   0.150871E-02   0.395748E-03   0.405670E-01   0.243890E-03   0.250000E-03
 106   0.822473E-03   0.503671E-03   0.431903E-01   0.297132E-03   0.300000E-03
 107   0.352516E-03   0.910809E-03   0.440814E-01   0.746687E-02   0.350000E-03
 108  -0.106862E-03   0.650002E-03   0.349352E-01   0.746495E-02   0.450000E-03
 109  -0.454808E-03  -0.182284E-03   0.242522E-03   0.633969E-03   0.250000E-03
 110   0.103635E-02  -0.150165E-02   0.538589E-03   0.237034E-03   0.250000E-03
 111   0.124059E-02   0.106288E-02   0.189688E-02   0.398028E-03   0.400000E-03
 112  -0.227761E-03   0.785577E-03   0.322954E-02   0.923334E-03   0.350000E-03
 113   0.883335E-03   0.132034E-02   0.594995E-02   0.109970E-02   0.400000E-03
 114   0.975288E-03   0.762348E-03   0.716900E-02   0.153379E-02   0.200000E-03
 115   0.518740E-03  -0.357678E-03   0.851423E-02   0.157753E-02   0.350000E-03
 116   0.130130E-02  -0.306654E-04   0.985303E-02   0.133460E-02   0.350000E-03
 117   0.469275E-03  -0.639982E-03   0.113550E-01   0.738706E-03   0.350000E-03
 118   0.377703E-03   0.217455E-03   0.124104E-01   0.296114E-03   0.300000E-03
 119   0.119910E-04   0.465092E-03   0.142720E-01   0.783070E-03   0.300000E-03
 120  -0.123705E-03   0.506002E-03   0.151026E-01   0.576410E-03   0.300000E-03
 121   0.951962E-03   0.115674E-02   0.167224E-01   0.138720E-02   0.200000E-03
 122   0.881733E-03   0.595440E-03   0.181712E-01   0.940154E-03   0.450000E-03
 123   0.875675E-03   0.773914E-03   0.186033E-01   0.142060E-02   0.200000E-03
 124   0.157854E-02  -0.771664E-04   0.196917E-01   0.127326E-02   0.300000E-03
 125   0.942801E-03  -0.229673E-03   0.208949E-01   0.780658E-03   0.250000E-03
 126   0.664246E-04   0.324525E-03   0.209434E-01   0.132333E-02   0.300000E-03
 127   0.119963E-02   0.308989E-03   0.227228E-01   0.121600E-02   0.250000E-03
 128   0.768633E-03   0.185031E-03   0.230720E-01   0.163725E-02   0.300000E-03
 129   0.135165E-02   0.126112E-02   0.236175E-01   0.169981E-02   0.250000E-03
 130  -0.134406E-02  -0.596340E-03   0.257316E-01   0.718904E-03   0.300000E-03
 131  -0.511341E-03  -0.709941E-03   0.263502E-01   0.395266E-03   0.400000E-03
 132  -0.342603E-02   0.176840E-02   0.275182E-01   0.144746E-02   0.200000E-03
 133   0.134532E-02   0.914873E-03   0.288113E-01   0.926853E-03   0.400000E-03
 134   0.829876E-03   0.842411E-03   0.311935E-01   0.109447E-02   0.400000E-03
 135   0.171638E-03   0.873656E-03   0.320389E-01   0.102436E-02   0.450000E-03
 136   0.997112E-03  -0.351997E-03   0.340096E-01   0.398489E-03   0.400000E-03
 137  -0.777230E-03  -0.842024E-03   0.372303E-01   0.762311E-03   0.100000E-03
 138   0.860083E-03  -0.487287E-03   0.373948E-01   0.132326E-02   0.250000E-03
 139   0.924270E-03   0.149813E-02   0.381770E-01   0.767049E-03   0.300000E-03
 140   0.110407E-02   0.293354E-03   0.396834E-01   0.272611E-03   0.250000E-03
 141   0.327830E-03   0.912100E-03   0.414576E-01   0.249269E-03   0.250000E-03
 142   0.306751E-02   0.633303E-03   0.419026E-01   0.197252E-03   0.200000E-03
 143   0.732390E-03   0.185481E-03   0.438984E-01   0.629988E-02   0.250000E-03
 144   0.433042E-03   0.352626E-04   0.295724E-01   0.766492E-02   0.300000E-03
 145  -0.593288E-03   0.233817E-03   0.294321E-03   0.331810E-02   0.300000E-03
 146   0.101772E-02   0.345427E-03   0.668190E-03   0.135392E-02   0.350000E-03
 147   0.329261E-03  -0.955803E-03   0.407832E-02   0.849405E-03   0.200000E-03
 148  -0.341350E-03   0.169808E-02   0.532111E-02   0.288754E-03   0.300000E-03
 149   0.858750E-03  -0.466929E-03   0.611796E-02   0.192935E-02   0.450000E-03
 150   0.422834E-03   0.601313E-03   0.756253E-02   0.148002E-02   0.200000E-03
 151   0.252991E-02  -0.668631E-03   0.938279E-02   0.160913E-02   0.200000E-03
 152   0.788944E-03  -0.635712E-04   0.103927E-01   0.140849E-02   0.200000E-03
 153   0.894838E-03   0.564922E-04   0.111944E-01   0.136262E-02   0.300000E-03
 154   0.659426E-03   0.995994E-03   0.125954E-01   0.967461E-03   0.400000E-03
 155   0.341043E-03   0.114398E-03   0.137847E-01   0.886634E-03   0.200000E-03
 156   0.566982E-03   0.128030E-02   0.148190E-01   0.121603E-02   0.400000E-03
 157   0.434173E-03   0.606347E-03   0.159523E-01   0.139182E-02   0.400000E-03
 158   0.602060E-03   0.766190E-03   0.174065E-01   0.185113E-02   0.350000E-03
 159   0.294285E-03   0.120751E-02   0.177953E-01   0.146649E-02   0.200000E-03
 160   0.515147E-03   0.113181E-02   0.182104E-01   0.163876E-02   0.250000E-03
 161   0.115936E-02   0.475214E-04   0.196353E-01   0.181580E-02   0.250000E-03
 162   0.923947E-03   0.466753E-03   0.209520E-01   0.181949E-02   0.200000E-03
 163   0.285527E-03  -0.449518E-03   0.221317E-01   0.111886E-02   0.350000E-03
 164   0.100098E-02  -0.147657E-03   0.227527E-01   0.218961E-02   0.300000E-03
 165  -0.102346E-02  -0.114334E-02   0.248304E-01   0.157888E-02   0.250000E-03
 166   0.444442E-03   0.214852E-03   0.256530E-01   0.155868E-02   0.250000E-03
 167   0.414128E-03   0.128425E-02   0.266382E-01   0.113258E-02   0.400000E-03
 168   0.131615E-02  -0.156360E-02   0.286049E-01   0.153848E-02   0.250000E-03
 169   0.155670E-02  -0.131799E-02   0.302108E-01   0.171389E-02   0.200000E-03
 170   0.188566E-02  -0.113190E-02   0.308031E-01   0.178911E-02   0.400000E-03
 171   0.863037E-03   0.580574E-03   0.335310E-01   0.906604E-03   0.300000E-03
 172   0.100576E-02   0.345446E-03   0.341739E-01   0.118020E-02   0.400000E-03
 173   0.170894E-02   0.604943E-03   0.356500E-01   0.118256E-02   0.300000E-03
 174   0.120419E-02  -0.800603E-04   0.368732E-01   0.103658E-02   0.350000E-03
 175   0.146885E-02  -0.395080E-03   0.390135E-01   0.885109E-03   0.300000E-03
 176   0.128239E-02   0.277976E-03   0.400782E-01   0.987870E-03   0.200000E-03
 177   0.117557E-02   0.124414E-02   0.406077E-01   0.785275E-03   0.300000E-03
 178  -0.890514E-03   0.628960E-03   0.444019E-01   0.143957E-02   0.200000E-03
 179   0.201596E-03   0.500158E-03   0.427017E-01   0.196499E-03   0.200000E-03
 180   0.180126E-02   0.103440E-03   0.400375E-01   0.752497E-02   0.300000E-03
 181  -0.231610E-03   0.549948E-03   0.197516E-03   0.108009E-02   0.200000E-03
 182   0.762071E-03   0.398937E-03   0.140419E-02   0.214215E-02   0.200000E-03
 183  -0.421025E-03   0.669357E-03   0.338110E-02   0.295383E-03   0.300000E-03
 184  -0.275663E-03   0.873348E-03   0.539131E-02   0.159668E-02   0.350000E-03
 185   0.107098E-02   0.632946E-04   0.624999E-02   0.261063E-02   0.250000E-03
 186   0.654989E-04  -0.746799E-03   0.679773E-02   0.187080E-02   0.200000E-03
 187  -0.403698E-03  -0.556106E-04   0.791682E-02   0.182294E-02   0.300000E-03
 188   0.733295E-03   0.719853E-03   0.963197E-02   0.198584E-02   0.250000E-03
 189   0.948626E-03  -0.603941E-04   0.117278E-01   0.125022E-02   0.250000E-03
 190   0.746806E-03   0.787575E-03   0.119657E-01   0.817587E-03   0.250000E-03
 191   0.592685E-03   0.142576E-03   0.140100E-01   0.126536E-02   0.250000E-03
 192   0.481489E-03   0.633355E-03   0.143174E-01   0.183239E-02   0.400000E-03
 193   0.139161E-02   0.220703E-03   0.153242E-01   0.170038E-02   0.300000E-03
 194   0.843721E-03   0.347574E-03   0.165210E-01   0.194615E-02   0.400000E-03
 195   0.410860E-03   0.266909E-03   0.179636E-01   0.207313E-02   0.250000E-03
 196   0.561399E-03   0.246028E-03   0.191486E-01   0.152277E-02   0.300000E-03
 197   0.100820E-02   0.180685E-03   0.200030E-01   0.228895E-02   0.350000E-03
 198   0.127818E-02   0.277997E-03   0.206478E-01   0.221258E-02   0.300000E-03
 199   0.856241E-03   0.441585E-03   0.215109E-01   0.150341E-02   0.300000E-03
 200  -0.715814E-04   0.682174E-04   0.222550E-01   0.216137E-02   0.200000E-03
 201   0.156355E-02  -0.108313E-02   0.242832E-01   0.157987E-02   0.300000E-03
 202  -0.503269E-03   0.121591E-02   0.259947E-01   0.120085E-02   0.250000E-03
 203   0.386391E-03   0.145551E-03   0.265956E-01   0.182623E-02   0.300000E-03
 204   0.728952E-04   0.470368E-03   0.270931E-01   0.159343E-02   0.250000E-03
 205   0.849676E-03  -0.151802E-02   0.296270E-01   0.159942E-02   0.400000E-03
 206  -0.907450E-04  -0.431239E-03   0.322600E-01   0.179147E-02   0.350000E-03
 207   0.105957E-02   0.719003E-03   0.328938E-01   0.129917E-02   0.450000E-03
 208   0.785944E-03   0.534432E-03   0.336044E-01   0.166558E-02   0.350000E-03
 209   0.296006E-03   0.673465E-04   0.362437E-01   0.125473E-02   0.300000E-03
 210   0.901053E-03   0.242742E-03   0.366470E-01   0.153635E-02   0.200000E-03
 211   0.368871E-03   0.467486E-03   0.370616E-01   0.169250E-02   0.250000E-03
 212   0.121109E-02  -0.270538E-03   0.400533E-01   0.590119E-03   0.200000E-03
 213   0.889529E-03   0.129433E-02   0.411300E-01   0.624193E-03   0.250000E-03
 214   0.327048E-02   0.886415E-03   0.420827E-01   0.550915E-03   0.200000E-03
 215  -0.260037E-02  -0.663899E-03   0.443416E-01   0.150013E-03   0.150000E-03
 216  -0.502854E-03  -0.676429E-03   0.217126E-01   0.886620E-02   0.400000E-03
 217   0.187469E-03   0.127350E-03   0.146246E-01   0.897458E-02   0.350000E-03
 218   0.264344E-03   0.308714E-03   0.869454E-03   0.202076E-02   0.350000E-03
 219   0.380541E-03  -0.769871E-03   0.372956E-02   0.653700E-03   0.200000E-03
 220   0.393067E-03   0.457641E-03   0.458096E-02   0.129587E-02   0.400000E-03
 221  -0.177116E-03   0.349689E-04   0.532525E-02   0.218457E-02   0.250000E-03
 222   0.101490E-02  -0.403013E-03   0.731387E-02   0.206009E-02   0.350000E-03
 223   0.113360E-02   0.293007E-03   0.903773E-02   0.203093E-02   0.350000E-03
 224   0.559653E-03   0.111350E-02   0.102258E-01   0.193010E-02   0.350000E-03
 225   0.104822E-02   0.545667E-04   0.107492E-01   0.157998E-02   0.200000E-03
 226   0.114126E-02   0.608379E-03   0.121938E-01   0.153805E-02   0.300000E-03
 227   0.501914E-05   0.196479E-03   0.130387E-01   0.143726E-02   0.250000E-03
 228   0.365218E-03   0.282511E-03   0.148785E-01   0.176203E-02   0.150000E-03
 229   0.264132E-03   0.365304E-03   0.158795E-01   0.203512E-02   0.250000E-03
 230   0.201018E-03   0.612751E-03   0.175611E-01   0.248099E-02   0.300000E-03
 231   0.817620E-03   0.309244E-03   0.183796E-01   0.229096E-02   0.200000E-03
 232   0.924451E-03   0.265275E-03   0.186905E-01   0.190686E-02   0.300000E-03
 233   0.103026E-02   0.146879E-03   0.192434E-01   0.233233E-02   0.400000E-03
 234   0.931821E-03   0.503187E-03   0.213632E-01   0.209999E-02   0.300000E-03
 235   0.113909E-02   0.387733E-03   0.224422E-01   0.168451E-02   0.300000E-03
 236   0.755938E-03   0.196413E-03   0.233469E-01   0.216809E-02   0.300000E-03
 237   0.766346E-03   0.542156E-03   0.239953E-01   0.216163E-02   0.350000E-03
 238   0.126775E-02  -0.165291E-03   0.252464E-01   0.174500E-02   0.200000E-03
 239   0.341836E-03  -0.253398E-03   0.267602E-01   0.234792E-02   0.250000E-03
 240   0.411589E-03  -0.178382E-02   0.290467E-01   0.147515E-02   0.200000E-03
 241   0.114387E-02  -0.827482E-04   0.302131E-01   0.224912E-02   0.350000E-03
 242  -0.584805E-03  -0.697154E-03   0.315614E-01   0.174782E-02   0.350000E-03
 243   0.994558E-03   0.321962E-03   0.329797E-01   0.224114E-02   0.500000E-03
 244   0.308950E-03  -0.272281E-03   0.354492E-01   0.197779E-02   0.200000E-03
 245   0.588519E-03   0.433223E-04   0.349278E-01   0.180857E-02   0.350000E-03
 246   0.998167E-03   0.129393E-03   0.365852E-01   0.212976E-02   0.400000E-03
 247   0.175280E-02  -0.279359E-03   0.379879E-01   0.138713E-02   0.350000E-03
 248   0.144075E-02  -0.310157E-03   0.396088E-01   0.817246E-03   0.300000E-03
 249   0.192209E-02   0.161574E-02   0.416493E-01   0.789954E-03   0.300000E-03
 250  -0.599287E-03   0.743970E-03   0.437372E-01   0.244328E-03   0.250000E-03
 251  -0.742107E-03   0.876381E-03   0.446041E-01   0.298523E-02   0.400000E-03
 252   0.693919E-03  -0.233751E-03   0.337806E-01   0.773140E-02   0.350000E-03
 253   0.207917E-03   0.825716E-04   0.211948E-02   0.739806E-02   0.350000E-03
 254   0.134240E-02   0.374479E-03   0.138731E-02   0.940084E-03   0.350000E-03
 255   0.160994E-03   0.738001E-03   0.229844E-02   0.972511E-03   0.300000E-03
 256   0.201562E-04  -0.428046E-03   0.482954E-02   0.194725E-02   0.300000E-03
 257   0.332407E-04   0.659417E-04   0.674121E-02   0.236659E-02   0.300000E-03
 258   0.704445E-03   0.701788E-03   0.838362E-02   0.227049E-02   0.350000E-03
 259   0.931153E-03   0.899873E-03   0.903432E-02   0.282787E-02   0.450000E-03
 260   0.429017E-03   0.110616E-03   0.986815E-02   0.258908E-02   0.400000E-03
 261   0.111822E-02   0.297007E-03   0.116541E-01   0.179203E-02   0.300000E-03
 262   0.223537E-02   0.106693E-02   0.121630E-01   0.219255E-02   0.350000E-03
 263   0.445892E-03   0.319008E-03   0.135834E-01   0.168499E-02   0.350000E-03
 264   0.200908E-03   0.762295E-03   0.148996E-01   0.221080E-02   0.300000E-03
 265   0.510822E-03   0.749530E-03   0.166433E-01   0.253318E-02   0.200000E-03
 266   0.515310E-03   0.463575E-03   0.170397E-01   0.231994E-02   0.250000E-03
 267  -0.165737E-03   0.200567E-03   0.171229E-01   0.280842E-02   0.250000E-03
 268   0.770543E-03   0.228157E-03   0.186692E-01   0.263336E-02   0.250000E-03
 269   0.975841E-03   0.271821E-03   0.191043E-01   0.296713E-02   0.250000E-03
 270   0.879854E-03   0.311947E-03   0.197019E-01   0.291904E-02   0.350000E-03
 271   0.454680E-03   0.397035E-03   0.219242E-01   0.185757E-02   0.250000E-03
 272   0.574395E-03   0.118379E-03   0.223541E-01   0.275548E-02   0.400000E-03
 273   0.467361E-03  -0.774958E-03   0.235124E-01   0.283840E-02   0.400000E-03
 274   0.502120E-03   0.182541E-03   0.258317E-01   0.201950E-02   0.250000E-03
 275   0.226263E-03   0.132737E-03   0.262653E-01   0.226253E-02   0.250000E-03
 276  -0.365538E-03  -0.105121E-03   0.275048E-01   0.195068E-02   0.300000E-03
 277   0.465006E-03  -0.298623E-03   0.294673E-01   0.217502E-02   0.200000E-03
 278   0.369172E-03  -0.860248E-03   0.318912E-01   0.238520E-02   0.350000E-03
 279   0.129407E-02   0.441773E-04   0.323943E-01   0.270312E-02   0.250000E-03
 280   0.853239E-03  -0.142549E-03   0.342831E-01   0.187026E-02   0.300000E-03
 281   0.770776E-03  -0.748078E-03   0.358823E-01   0.172985E-02   0.300000E-03
 282   0.117756E-02   0.282061E-03   0.375425E-01   0.179798E-02   0.250000E-03
 283   0.130561E-02   0.101596E-03   0.384867E-01   0.161937E-02   0.200000E-03
 284   0.949723E-04   0.381278E-03   0.385465E-01   0.117345E-02   0.250000E-03
 285   0.116514E-02   0.837653E-03   0.410968E-01   0.121917E-02   0.350000E-03
 286   0.753896E-03  -0.374907E-03   0.432197E-01   0.893136E-03   0.300000E-03
 287   0.365173E-03   0.204811E-03   0.428429E-01   0.121814E-02   0.200000E-03
 288   0.327029E-03  -0.555067E-04   0.588437E-02   0.793598E-02   0.350000E-03
 289   0.912747E-03   0.426616E-03   0.245803E-03   0.227031E-02   0.250000E-03
 290   0.868318E-03   0.269720E-03   0.185831E-02   0.137794E-02   0.300000E-03
 291   0.322517E-03   0.285607E-03   0.249996E-02   0.164239E-02   0.400000E-03
 292  -0.295555E-03   0.192859E-03   0.312663E-02   0.151251E-02   0.250000E-03
 293   0.375164E-03   0.577031E-03   0.570499E-02   0.257399E-02   0.300000E-03
 294   0.431604E-03   0.947378E-03   0.820139E-02   0.299135E-02   0.400000E-03
 295   0.540739E-03   0.499631E-03   0.968714E-02   0.336793E-02   0.400000E-03
 296   0.827231E-03   0.715930E-03   0.111194E-01   0.190465E-02   0.250000E-03
 297   0.111989E-02   0.728043E-03   0.107225E-01   0.192500E-02   0.150000E-03
 298  -0.129621E-03   0.350634E-03   0.126665E-01   0.168818E-02   0.200000E-03
 299   0.909014E-03   0.479950E-03   0.138993E-01   0.232418E-02   0.250000E-03
 300   0.357215E-03  -0.195655E-04   0.148726E-01   0.270733E-02   0.200000E-03
 301   0.432624E-03   0.765143E-03   0.154643E-01   0.238450E-02   0.300000E-03
 302   0.255809E-03  -0.602483E-04   0.170855E-01   0.335188E-02   0.300000E-03
 303   0.575066E-03   0.308955E-03   0.180533E-01   0.251353E-02   0.200000E-03
 304   0.611172E-03   0.195349E-03   0.182546E-01   0.291044E-02   0.250000E-03
 305   0.649375E-03   0.544525E-03   0.193857E-01   0.330360E-02   0.150000E-03
 306   0.982391E-03   0.282825E-03   0.204515E-01   0.282598E-02   0.350000E-03
 307   0.467462E-03   0.260168E-04   0.218486E-01   0.234981E-02   0.250000E-03
 308   0.875964E-03   0.668178E-04   0.228187E-01   0.334058E-02   0.350000E-03
 309   0.629710E-03   0.142886E-03   0.245907E-01   0.260756E-02   0.400000E-03
 310   0.120042E-02   0.294624E-03   0.251843E-01   0.223939E-02   0.300000E-03
 311  -0.154326E-03  -0.505290E-03   0.273169E-01   0.256936E-02   0.350000E-03
 312   0.142407E-03  -0.329401E-03   0.281518E-01   0.192111E-02   0.350000E-03
 313   0.995335E-03   0.637617E-04   0.297049E-01   0.255235E-02   0.250000E-03
 314   0.219370E-02  -0.957576E-03   0.312498E-01   0.232513E-02   0.300000E-03
 315   0.887215E-03  -0.492965E-04   0.334670E-01   0.286633E-02   0.300000E-03
 316   0.777672E-03   0.276291E-03   0.338249E-01   0.232962E-02   0.350000E-03
 317   0.429702E-03  -0.339491E-03   0.350592E-01   0.254545E-02   0.400000E-03
 318   0.653250E-03  -0.104823E-03   0.358452E-01   0.242475E-02   0.400000E-03
 319   0.172793E-02   0.117446E-02   0.389710E-01   0.143332E-02   0.250000E-03
 320   0.823338E-03   0.947381E-03   0.398293E-01   0.142079E-02   0.300000E-03
 321   0.130127E-02   0.582814E-03   0.404221E-01   0.134775E-02   0.300000E-03
 322   0.458529E-03  -0.329757E-03   0.425930E-01   0.732284E-03   0.350000E-03
 323  -0.726065E-03   0.766303E-03   0.439726E-01   0.211629E-02   0.350000E-03
 324   0.172886E-02   0.437937E-04   0.396205E-01   0.716647E-02   0.250000E-03
 325   0.219256E-04   0.153522E-03   0.150521E-02   0.761002E-02   0.300000E-03
 326   0.132982E-02   0.612154E-03   0.124165E-02   0.151924E-02   0.250000E-03
 327   0.266308E-03   0.256753E-03   0.197652E-02   0.217526E-02   0.350000E-03
 328   0.516133E-03   0.838795E-03   0.380778E-02   0.162686E-02   0.450000E-03
 329   0.236139E-03  -0.114145E-03   0.661635E-02   0.313338E-02   0.400000E-03
 330   0.583498E-03   0.242779E-03   0.726296E-02   0.275377E-02   0.350000E-03
 331   0.485576E-03  -0.278461E-03   0.780038E-02   0.241083E-02   0.250000E-03
 332   0.620389E-03   0.266150E-05   0.107873E-01   0.251720E-02   0.450000E-03
 333   0.665241E-03   0.304067E-03   0.115236E-01   0.237677E-02   0.300000E-03
 334  -0.234122E-03   0.288834E-03   0.130392E-01   0.193454E-02   0.250000E-03
 335  -0.104362E-03   0.304672E-03   0.134070E-01   0.226838E-02   0.250000E-03
 336   0.415284E-03   0.715114E-04   0.144007E-01   0.254657E-02   0.300000E-03
 337   0.404718E-03   0.405384E-03   0.161302E-01   0.252378E-02   0.300000E-03
 338   0.379858E-03  -0.533230E-05   0.167060E-01   0.373970E-02   0.250000E-03
 339   0.112525E-03   0.161321E-03   0.176915E-01   0.311736E-02   0.350000E-03
 340   0.888213E-03   0.482263E-03   0.189980E-01   0.352843E-02   0.300000E-03
 341   0.757786E-03   0.254967E-04   0.201423E-01   0.339224E-02   0.300000E-03
 342   0.973589E-03  -0.451372E-04   0.206348E-01   0.334321E-02   0.200000E-03
 343   0.292819E-03   0.451600E-03   0.216640E-01   0.286358E-02   0.300000E-03
 344   0.113382E-02   0.231455E-03   0.239324E-01   0.332205E-02   0.250000E-03
 345   0.225809E-03   0.855174E-04   0.251859E-01   0.297173E-02   0.300000E-03
 346   0.366105E-03  -0.931522E-04   0.257192E-01   0.260677E-02   0.350000E-03
 347   0.411446E-03  -0.299563E-03   0.264090E-01   0.289257E-02   0.400000E-03
 348   0.175890E-03  -0.400413E-03   0.290120E-01   0.197172E-02   0.300000E-03
 349   0.799547E-03  -0.265349E-03   0.301410E-01   0.284141E-02   0.250000E-03
 350   0.114776E-02   0.132488E-03   0.320767E-01   0.314913E-02   0.300000E-03
 351   0.107224E-02  -0.115844E-03   0.328558E-01   0.308137E-02   0.350000E-03
 352   0.743627E-03  -0.224481E-03   0.344939E-01   0.310394E-02   0.400000E-03
 353   0.511874E-03   0.103243E-03   0.358817E-01   0.301909E-02   0.200000E-03
 354   0.147041E-02   0.142036E-03   0.372320E-01   0.218953E-02   0.250000E-03
 355   0.169768E-02   0.856784E-03   0.380342E-01   0.203354E-02   0.300000E-03
 356   0.108573E-02   0.971907E-03   0.393771E-01   0.162464E-02   0.200000E-03
 357   0.121139E-02   0.763112E-03   0.408098E-01   0.179817E-02   0.300000E-03
 358   0.205355E-02   0.899062E-03   0.416822E-01   0.133496E-02   0.250000E-03
 359   0.772737E-03   0.263738E-03   0.442582E-01   0.528549E-02   0.250000E-03
 360  -0.118861E-02   0.155273E-02   0.448003E-01   0.417765E-02   0.200000E-03
 361   0.301165E-03  -0.136917E-03   0.681738E-03   0.274416E-02   0.400000E-03
 362   0.383705E-03  -0.874787E-04   0.147862E-02   0.273306E-02   0.400000E-03
 363   0.437379E-03  -0.270524E-03   0.309043E-02   0.201107E-02   0.250000E-03
 364   0.190461E-03  -0.188841E-03   0.491319E-02   0.254041E-02   0.300000E-03
 365   0.294413E-03  -0.179637E-04   0.591666E-02   0.313463E-02   0.300000E-03
 366   0.263867E-03   0.920814E-04   0.617774E-02   0.367435E-02   0.300000E-03
 367   0.861287E-03   0.802956E-03   0.867105E-02   0.336438E-02   0.200000E-03
 368   0.615026E-03   0.290468E-03   0.103346E-01   0.310868E-02   0.300000E-03
 369   0.453640E-03  -0.724120E-05   0.118628E-01   0.293034E-02   0.350000E-03
 370  -0.880387E-04  -0.468866E-04   0.128208E-01   0.254329E-02   0.400000E-03
 371   0.844788E-03  -0.320887E-03   0.137345E-01   0.284486E-02   0.300000E-03
 372   0.125773E-03  -0.496283E-03   0.150630E-01   0.327316E-02   0.400000E-03
 373   0.258408E-03   0.312052E-03   0.156923E-01   0.293115E-02   0.300000E-03
 374   0.658142E-03   0.822835E-03   0.164119E-01   0.316229E-02   0.400000E-03
 375   0.560669E-03   0.290632E-03   0.175454E-01   0.393599E-02   0.450000E-03
 376   0.754740E-03   0.350198E-03   0.186700E-01   0.308249E-02   0.200000E-03
 377   0.563609E-03   0.292387E-03   0.196073E-01   0.375105E-02   0.350000E-03
 378  -0.429283E-03  -0.452884E-03   0.210799E-01   0.262871E-02   0.300000E-03
 379   0.578520E-03   0.405576E-04   0.211768E-01   0.328958E-02   0.350000E-03
 380   0.424295E-03   0.647287E-03   0.220041E-01   0.341687E-02   0.350000E-03
 381   0.411485E-03   0.109745E-03   0.245233E-01   0.335187E-02   0.350000E-03
 382   0.851323E-04  -0.512699E-03   0.267950E-01   0.346911E-02   0.300000E-03
 383   0.890295E-04  -0.461479E-03   0.279048E-01   0.246422E-02   0.250000E-03
 384  -0.261301E-03  -0.350374E-03   0.285907E-01   0.239340E-02   0.300000E-03
 385   0.591879E-03  -0.116940E-04   0.291594E-01   0.257144E-02   0.300000E-03
 386   0.108083E-02  -0.172016E-03   0.307326E-01   0.262549E-02   0.300000E-03
 387   0.110489E-02  -0.109950E-03   0.324723E-01   0.366113E-02   0.350000E-03
 388   0.442499E-03   0.147226E-03   0.354138E-01   0.345999E-02   0.450000E-03
 389   0.895567E-03   0.269417E-03   0.360567E-01   0.337562E-02   0.200000E-03
 390   0.902144E-03   0.185514E-03   0.364708E-01   0.291801E-02   0.400000E-03
 391   0.156351E-02   0.226787E-03   0.376756E-01   0.251328E-02   0.300000E-03
 392   0.158126E-02   0.481956E-03   0.390470E-01   0.192668E-02   0.250000E-03
 393   0.152002E-02   0.583540E-03   0.396128E-01   0.212143E-02   0.350000E-03
 394   0.182282E-04   0.107743E-02   0.422267E-01   0.126845E-02   0.300000E-03
 395  -0.856385E-03   0.534279E-03   0.439067E-01   0.147172E-02   0.300000E-03
 396  -0.937295E-03   0.461026E-03   0.444245E-01   0.242044E-02   0.200000E-03
 397   0.301957E-03   0.410714E-03   0.972539E-03   0.348738E-02   0.400000E-03
 398   0.786548E-04   0.102410E-03   0.264078E-02   0.232785E-02   0.300000E-03
 399   0.331326E-03  -0.525214E-04   0.354147E-02   0.232575E-02   0.300000E-03
 400   0.239871E-03  -0.120016E-03   0.424055E-02   0.235729E-02   0.400000E-03
 401   0.840784E-03  -0.377422E-03   0.574828E-02   0.392249E-02   0.200000E-03
 402   0.350122E-03   0.211531E-03   0.729202E-02   0.344889E-02   0.350000E-03
 403   0.111355E-02   0.368066E-03   0.852747E-02   0.378888E-02   0.250000E-03
 404   0.355451E-03   0.551612E-03   0.906245E-02   0.367749E-02   0.300000E-03
 405   0.405632E-03  -0.768997E-04   0.119633E-01   0.347803E-02   0.200000E-03
 406  -0.245645E-03  -0.759431E-04   0.125262E-01   0.327953E-02   0.400000E-03
 407   0.472728E-04   0.501485E-04   0.132073E-01   0.312488E-02   0.300000E-03
 408   0.426057E-03  -0.532168E-03   0.142652E-01   0.329918E-02   0.400000E-03
 409   0.297873E-03  -0.350634E-03   0.157470E-01   0.357054E-02   0.350000E-03
 410   0.377053E-03  -0.357067E-03   0.162281E-01   0.399978E-02   0.300000E-03
 411   0.218789E-03  -0.329879E-03   0.167543E-01   0.428420E-02   0.300000E-03
 412   0.406659E-03   0.440021E-03   0.183009E-01   0.355423E-02   0.400000E-03
 413   0.695054E-03   0.203238E-03   0.202958E-01   0.396849E-02   0.300000E-03
 414   0.968640E-03   0.108341E-03   0.208043E-01   0.375964E-02   0.250000E-03
 415   0.855593E-03   0.370833E-03   0.208329E-01   0.440894E-02   0.400000E-03
 416   0.474378E-03   0.635720E-03   0.224714E-01   0.400182E-02   0.400000E-03
 417   0.112829E-02   0.261750E-03   0.234331E-01   0.353910E-02   0.300000E-03
 418   0.268655E-03  -0.305960E-03   0.251605E-01   0.361900E-02   0.350000E-03
 419  -0.503973E-04  -0.391570E-03   0.278196E-01   0.305546E-02   0.350000E-03
 420  -0.862167E-04  -0.341078E-03   0.283962E-01   0.290128E-02   0.250000E-03
 421   0.628134E-03  -0.188051E-03   0.296237E-01   0.313935E-02   0.350000E-03
 422   0.158048E-02   0.263899E-03   0.313322E-01   0.307079E-02   0.450000E-03
 423   0.751090E-03  -0.164496E-03   0.338126E-01   0.340501E-02   0.350000E-03
 424   0.745053E-03   0.170449E-03   0.347306E-01   0.376088E-02   0.300000E-03
 425   0.110320E-02   0.233990E-03   0.369801E-01   0.339245E-02   0.300000E-03
 426   0.158824E-02   0.151014E-03   0.371626E-01   0.281946E-02   0.300000E-03
 427   0.171616E-02   0.298349E-03   0.380241E-01   0.312725E-02   0.300000E-03
 428   0.187077E-02   0.373613E-03   0.385779E-01   0.209135E-02   0.250000E-03
 429   0.114900E-02   0.626070E-03   0.402231E-01   0.190824E-02   0.300000E-03
 430   0.175292E-02   0.652688E-03   0.419459E-01   0.186814E-02   0.350000E-03
 431   0.383712E-03   0.896092E-03   0.426879E-01   0.179444E-02   0.400000E-03
 432   0.708579E-03   0.554604E-03   0.433103E-01   0.148026E-02   0.300000E-03
 433  -0.120715E-03  -0.632361E-04   0.347570E-03   0.396287E-02   0.350000E-03
 434   0.676030E-03   0.248060E-03   0.159010E-02   0.179328E-02   0.200000E-03
 435   0.135180E-03  -0.409190E-03   0.313712E-02   0.283235E-02   0.350000E-03
 436   0.636462E-03   0.267678E-03   0.529373E-02   0.293450E-02   0.250000E-03
 437   0.809108E-03  -0.530426E-03   0.562704E-02   0.354156E-02   0.200000E-03
 438   0.441455E-03   0.153347E-03   0.675861E-02   0.381678E-02   0.300000E-03
 439   0.601607E-03   0.123512E-03   0.793863E-02   0.368995E-02   0.350000E-03
 440   0.134893E-02   0.299651E-03   0.108748E-01   0.374917E-02   0.200000E-03
 441   0.121565E-02   0.364726E-03   0.109155E-01   0.325321E-02   0.300000E-03
 442   0.166755E-04   0.104211E-03   0.130786E-01   0.370867E-02   0.300000E-03
 443  -0.628389E-03  -0.415949E-03   0.136375E-01   0.346696E-02   0.250000E-03
 444   0.127728E-03  -0.313198E-03   0.152252E-01   0.395245E-02   0.300000E-03
 445   0.243826E-03  -0.312598E-03   0.157029E-01   0.446060E-02   0.400000E-03
 446   0.473762E-03  -0.389823E-03   0.163008E-01   0.448851E-02   0.200000E-03
 447   0.776408E-03  -0.966881E-05   0.172479E-01   0.461914E-02   0.300000E-03
 448   0.312528E-03   0.204497E-03   0.183417E-01   0.445124E-02   0.500000E-03
 449   0.605159E-03   0.283438E-03   0.192363E-01   0.439957E-02   0.400000E-03
 450   0.787827E-03   0.228000E-03   0.199310E-01   0.444163E-02   0.300000E-03
 451   0.765260E-03   0.375536E-03   0.214959E-01   0.396476E-02   0.400000E-03
 452   0.909654E-03   0.232601E-03   0.219622E-01   0.454737E-02   0.350000E-03
 453   0.859113E-03  -0.413528E-03   0.240659E-01   0.390382E-02   0.350000E-03
 454   0.260015E-03  -0.230488E-03   0.257826E-01   0.330342E-02   0.350000E-03
 455  -0.192673E-03  -0.427312E-03   0.269961E-01   0.301350E-02   0.200000E-03
 456   0.597519E-03  -0.104856E-03   0.289265E-01   0.317767E-02   0.350000E-03
 457   0.111656E-02  -0.643322E-07   0.305576E-01   0.319593E-02   0.300000E-03
 458   0.103410E-02  -0.243794E-03   0.307013E-01   0.382200E-02   0.350000E-03
 459   0.153209E-02   0.194725E-04   0.317792E-01   0.373090E-02   0.350000E-03
 460   0.704699E-03   0.196567E-03   0.341935E-01   0.386514E-02   0.250000E-03
 461   0.947962E-03   0.160710E-03   0.364603E-01   0.356547E-02   0.250000E-03
 462   0.170227E-02   0.838879E-03   0.376406E-01   0.426540E-02   0.300000E-03
 463   0.163595E-02   0.242694E-03   0.382690E-01   0.258235E-02   0.300000E-03
 464   0.179450E-02   0.322055E-03   0.390087E-01   0.263922E-02   0.450000E-03
 465   0.150908E-02   0.184461E-03   0.407046E-01   0.238538E-02   0.300000E-03
 466   0.139134E-02   0.112938E-03   0.411752E-01   0.254928E-02   0.200000E-03
 467   0.664416E-03   0.944773E-03   0.435699E-01   0.255936E-02   0.250000E-03
 468   0.152830E-03   0.314431E-03   0.435676E-01   0.383215E-02   0.350000E-03
 469   0.309433E-03  -0.697455E-04   0.105357E-02   0.433230E-02   0.450000E-03
 470  -0.371283E-04  -0.117978E-06   0.217583E-02   0.279002E-02   0.300000E-03
 471   0.299911E-03  -0.511774E-03   0.385294E-02   0.305583E-02   0.400000E-03
 472   0.181025E-03  -0.418591E-03   0.455050E-02   0.301160E-02   0.300000E-03
 473   0.821445E-03  -0.398640E-03   0.502766E-02   0.352358E-02   0.400000E-03
 474   0.269841E-03   0.264669E-03   0.744066E-02   0.402320E-02   0.250000E-03
 475   0.756715E-03  -0.208422E-03   0.811196E-02   0.436397E-02   0.350000E-03
 476   0.437049E-03   0.646269E-03   0.953354E-02   0.404716E-02   0.300000E-03
 477  -0.799961E-03  -0.148439E-03   0.113141E-01   0.289716E-02   0.200000E-03
 478   0.186231E-03  -0.334733E-03   0.122266E-01   0.396031E-02   0.350000E-03
 479   0.280070E-03   0.248348E-03   0.141946E-01   0.394333E-02   0.250000E-03
 480   0.169378E-03  -0.541960E-03   0.146809E-01   0.379870E-02   0.250000E-03
 481   0.556417E-03  -0.506744E-03   0.147911E-01   0.428652E-02   0.250000E-03
 482   0.302865E-03  -0.246316E-03   0.162715E-01   0.508074E-02   0.400000E-03
 483   0.619134E-03  -0.181486E-03   0.169673E-01   0.514731E-02   0.300000E-03
 484   0.509992E-03   0.245791E-03   0.186356E-01   0.519331E-02   0.300000E-03
 485   0.745262E-03   0.245667E-03   0.196465E-01   0.502459E-02   0.350000E-03
 486   0.766133E-03   0.778283E-04   0.203108E-01   0.490230E-02   0.300000E-03
 487   0.811133E-03   0.289701E-03   0.213736E-01   0.492190E-02   0.350000E-03
 488   0.760957E-03   0.215262E-03   0.218958E-01   0.509164E-02   0.200000E-03
 489   0.488710E-03  -0.430363E-03   0.246635E-01   0.395253E-02   0.250000E-03
 490   0.594690E-03  -0.492722E-03   0.273318E-01   0.338854E-02   0.250000E-03
 491   0.377714E-03  -0.700816E-04   0.283363E-01   0.344634E-02   0.300000E-03
 492   0.599474E-03  -0.991042E-04   0.293207E-01   0.381436E-02   0.400000E-03
 493  -0.581708E-03  -0.989178E-03   0.300974E-01   0.358327E-02   0.300000E-03
 494  -0.179319E-03  -0.165521E-03   0.312349E-01   0.371212E-02   0.200000E-03
 495   0.597563E-03  -0.178906E-03   0.328787E-01   0.402618E-02   0.200000E-03
 496   0.109592E-02  -0.230143E-03   0.359421E-01   0.419660E-02   0.350000E-03
 497   0.810780E-03   0.258103E-03   0.360940E-01   0.372220E-02   0.150000E-03
 498   0.135867E-02   0.379493E-03   0.373474E-01   0.380102E-02   0.250000E-03
 499   0.142859E-02   0.234014E-03   0.375217E-01   0.333436E-02   0.250000E-03
 500   0.168018E-02   0.156149E-03   0.393971E-01   0.309511E-02   0.150000E-03
 501   0.119770E-02  -0.292564E-03   0.401604E-01   0.245242E-02   0.250000E-03
 502   0.119512E-02   0.870258E-03   0.413350E-01   0.207998E-02   0.300000E-03
 503   0.662934E-03   0.999707E-03   0.429738E-01   0.262158E-02   0.350000E-03
 504   0.566781E-03   0.941205E-03   0.433252E-01   0.207536E-02   0.300000E-03
 505   0.832398E-04   0.272277E-03   0.165045E-02   0.380295E-02   0.350000E-03
 506   0.455115E-03  -0.374949E-03   0.187034E-02   0.324715E-02   0.250000E-03
 507   0.346831E-04  -0.362122E-03   0.332522E-02   0.342951E-02   0.250000E-03
 508   0.220744E-03  -0.303158E-03   0.433139E-02   0.356592E-02   0.300000E-03
 509   0.373246E-03  -0.319740E-04   0.609325E-02   0.421733E-02   0.250000E-03
 510   0.405725E-03   0.825860E-05   0.749673E-02   0.456306E-02   0.300000E-03
 511   0.675392E-03  -0.631025E-03   0.878459E-02   0.427356E-02   0.300000E-03
 512   0.813458E-03   0.386262E-03   0.103270E-01   0.375647E-02   0.350000E-03
 513   0.416877E-03  -0.120372E-05   0.114669E-01   0.347912E-02   0.300000E-03
 514   0.171448E-03  -0.288174E-03   0.128528E-01   0.437014E-02   0.400000E-03
 515   0.232823E-03   0.246199E-03   0.136108E-01   0.408119E-02   0.350000E-03
 516   0.151079E-03  -0.317320E-03   0.142515E-01   0.453880E-02   0.350000E-03
 517   0.839057E-03  -0.376446E-03   0.151536E-01   0.445382E-02   0.150000E-03
 518   0.192560E-03  -0.260384E-03   0.154855E-01   0.522658E-02   0.400000E-03
 519   0.496363E-03  -0.147122E-03   0.177336E-01   0.504116E-02   0.350000E-03
 520   0.697213E-03   0.322943E-03   0.191686E-01   0.546408E-02   0.300000E-03
 521   0.694320E-03   0.951988E-04   0.201448E-01   0.558145E-02   0.400000E-03
 522   0.851655E-03   0.466525E-04   0.207491E-01   0.523265E-02   0.250000E-03
 523   0.823947E-03   0.122475E-04   0.218750E-01   0.553931E-02   0.250000E-03
 524   0.807901E-03   0.673676E-03   0.231667E-01   0.407275E-02   0.300000E-03
 525  -0.642431E-04  -0.610024E-03   0.252016E-01   0.436579E-02   0.400000E-03
 526  -0.258380E-03  -0.213054E-03   0.256712E-01   0.391911E-02   0.250000E-03
 527   0.291749E-03  -0.355383E-04   0.277965E-01   0.370493E-02   0.300000E-03
 528   0.721364E-03   0.470058E-04   0.291777E-01   0.454922E-02   0.350000E-03
 529   0.722077E-03   0.152689E-03   0.305485E-01   0.444632E-02   0.300000E-03
 530   0.661960E-03  -0.621547E-03   0.321575E-01   0.405625E-02   0.150000E-03
 531   0.101105E-02   0.272846E-03   0.330210E-01   0.360562E-02   0.200000E-03
 532   0.620190E-03  -0.110226E-03   0.351984E-01   0.428135E-02   0.400000E-03
 533   0.105152E-02   0.436098E-03   0.368249E-01   0.397090E-02   0.300000E-03
 534   0.114026E-02   0.749579E-03   0.382249E-01   0.439921E-02   0.300000E-03
 535   0.179626E-02   0.741310E-03   0.379074E-01   0.372581E-02   0.300000E-03
 536   0.175630E-02   0.191101E-03   0.386333E-01   0.310503E-02   0.150000E-03
 537   0.158206E-02   0.457701E-04   0.404361E-01   0.273986E-02   0.150000E-03
 538   0.131095E-02   0.761409E-03   0.417679E-01   0.249128E-02   0.300000E-03
 539   0.434972E-03   0.962469E-03   0.423604E-01   0.240887E-02   0.300000E-03
 540   0.528023E-03   0.934282E-03   0.439707E-01   0.284881E-02   0.250000E-03
 541   0.187965E-03  -0.185193E-03   0.481490E-02   0.844918E-02   0.300000E-03
 542  -0.185939E-03  -0.279976E-03   0.258163E-02   0.347525E-02   0.500000E-03
 543  -0.325538E-04  -0.271940E-03   0.376468E-02   0.375616E-02   0.300000E-03
 544   0.187646E-03  -0.194658E-03   0.419716E-02   0.409521E-02   0.250000E-03
 545   0.911705E-03  -0.439681E-03   0.533382E-02   0.409336E-02   0.250000E-03
 546   0.705917E-03  -0.264302E-03   0.858794E-02   0.499695E-02   0.450000E-03
 547   0.934582E-03  -0.531345E-03   0.929046E-02   0.459435E-02   0.300000E-03
 548  -0.303443E-04  -0.305041E-03   0.977649E-02   0.448084E-02   0.200000E-03
 549   0.919049E-03  -0.395860E-03   0.110600E-01   0.431718E-02   0.400000E-03
 550   0.363577E-03  -0.296888E-03   0.116287E-01   0.400370E-02   0.250000E-03
 551   0.294940E-03  -0.372417E-03   0.135296E-01   0.487689E-02   0.450000E-03
 552   0.112009E-03  -0.366646E-03   0.142425E-01   0.523635E-02   0.350000E-03
 553   0.810625E-03   0.450074E-03   0.149002E-01   0.477425E-02   0.250000E-03
 554   0.261440E-03  -0.382048E-03   0.150719E-01   0.572503E-02   0.250000E-03
 555   0.350647E-03  -0.734258E-04   0.160057E-01   0.583203E-02   0.400000E-03
 556   0.614756E-03   0.947862E-04   0.181484E-01   0.553882E-02   0.300000E-03
 557   0.577723E-03   0.216631E-03   0.188790E-01   0.481659E-02   0.150000E-03
 558   0.760300E-03  -0.365230E-04   0.212404E-01   0.565535E-02   0.400000E-03
 559   0.268940E-03   0.769945E-04   0.226259E-01   0.463284E-02   0.250000E-03
 560   0.375344E-03   0.195037E-03   0.237180E-01   0.438927E-02   0.250000E-03
 561  -0.193645E-03  -0.170451E-03   0.259537E-01   0.444566E-02   0.350000E-03
 562  -0.353378E-04  -0.439735E-03   0.262579E-01   0.381654E-02   0.350000E-03
 563   0.550083E-03   0.179061E-03   0.285781E-01   0.410015E-02   0.400000E-03
 564   0.487490E-03   0.163994E-03   0.285781E-01   0.479852E-02   0.300000E-03
 565   0.888060E-03   0.606310E-04   0.299402E-01   0.423108E-02   0.350000E-03
 566   0.145186E-02   0.205303E-03   0.312908E-01   0.436233E-02   0.450000E-03
 567   0.123809E-02   0.181133E-03   0.333108E-01   0.328807E-02   0.150000E-03
 568   0.476536E-03   0.118523E-03   0.338487E-01   0.385162E-02   0.100000E-03
 569   0.120105E-02   0.578911E-03   0.370064E-01   0.448692E-02   0.250000E-03
 570   0.171695E-02   0.190047E-03   0.378165E-01   0.483745E-02   0.300000E-03
 571   0.171721E-02   0.418155E-03   0.384714E-01   0.352165E-02   0.300000E-03
 572   0.183630E-02   0.458047E-03   0.390559E-01   0.338764E-02   0.300000E-03
 573   0.742405E-03   0.158382E-03   0.397380E-01   0.280171E-02   0.300000E-03
 574   0.139880E-02   0.436662E-03   0.414145E-01   0.320405E-02   0.500000E-03
 575   0.808706E-03   0.163303E-03   0.421287E-01   0.290470E-02   0.250000E-03
 576   0.771304E-03   0.559957E-03   0.444155E-01   0.385829E-02   0.300000E-03
 577  -0.203850E-03   0.206913E-03   0.298564E-03   0.460985E-02   0.300000E-03
 578  -0.145783E-03  -0.306945E-04   0.261468E-02   0.431979E-02   0.350000E-03
 579   0.375145E-03  -0.173520E-03   0.476574E-02   0.428213E-02   0.350000E-03
 580   0.970387E-03  -0.509850E-04   0.544542E-02   0.457749E-02   0.250000E-03
 581   0.395695E-03   0.282648E-03   0.706129E-02   0.414972E-02   0.150000E-03
 582   0.787182E-03  -0.527771E-03   0.792376E-02   0.488055E-02   0.200000E-03
 583   0.756228E-04   0.321126E-03   0.992698E-02   0.490220E-02   0.250000E-03
 584   0.739785E-03  -0.395690E-03   0.103251E-01   0.445501E-02   0.350000E-03
 585   0.765609E-03  -0.388648E-03   0.107384E-01   0.513908E-02   0.450000E-03
 586   0.243594E-03  -0.496180E-03   0.118676E-01   0.449871E-02   0.300000E-03
 587   0.242624E-03  -0.392006E-03   0.123354E-01   0.467169E-02   0.200000E-03
 588   0.189504E-03  -0.677714E-04   0.136246E-01   0.551957E-02   0.200000E-03
 589   0.422762E-03  -0.311510E-03   0.148392E-01   0.527600E-02   0.250000E-03
 590   0.556898E-03  -0.668814E-04   0.154302E-01   0.599470E-02   0.200000E-03
 591   0.532958E-03  -0.368270E-03   0.173739E-01   0.551563E-02   0.250000E-03
 592   0.662839E-03   0.617281E-04   0.181509E-01   0.613663E-02   0.300000E-03
 593   0.695816E-03   0.320118E-03   0.195194E-01   0.594833E-02   0.300000E-03
 594   0.655569E-03   0.469823E-04   0.206577E-01   0.612539E-02   0.350000E-03
 595   0.641807E-03   0.192292E-03   0.222825E-01   0.499147E-02   0.200000E-03
 596   0.794840E-03   0.668676E-04   0.232195E-01   0.471889E-02   0.350000E-03
 597   0.666595E-03  -0.707352E-03   0.244267E-01   0.455706E-02   0.400000E-03
 598   0.205908E-03  -0.237395E-03   0.266487E-01   0.439497E-02   0.350000E-03
 599   0.377660E-03  -0.123441E-03   0.272041E-01   0.397072E-02   0.350000E-03
 600   0.838612E-03  -0.305697E-03   0.299257E-01   0.487916E-02   0.300000E-03
 601   0.710270E-03  -0.237056E-03   0.305393E-01   0.508779E-02   0.350000E-03
 602  -0.740895E-03   0.189399E-03   0.309966E-01   0.488505E-02   0.150000E-03
 603   0.455867E-03   0.922743E-04   0.330245E-01   0.455483E-02   0.350000E-03
 604   0.716814E-03  -0.201027E-03   0.334227E-01   0.398085E-02   0.350000E-03
 605   0.159239E-02   0.380976E-03   0.364228E-01   0.476801E-02   0.400000E-03
 606   0.147882E-02   0.506896E-04   0.385002E-01   0.513896E-02   0.450000E-03
 607   0.174669E-02   0.210458E-03   0.386388E-01   0.404087E-02   0.250000E-03
 608   0.181437E-02   0.380327E-03   0.396580E-01   0.345907E-02   0.300000E-03
 609   0.152624E-02   0.576568E-03   0.402511E-01   0.319840E-02   0.350000E-03
 610   0.164952E-02   0.258421E-04   0.409149E-01   0.278276E-02   0.150000E-03
 611   0.666422E-03   0.245653E-03   0.428009E-01   0.360910E-02   0.450000E-03
 612   0.715225E-03   0.260238E-03   0.434454E-01   0.314206E-02   0.350000E-03
 613   0.389015E-03  -0.401773E-03   0.104522E-01   0.861047E-02   0.350000E-03
 614  -0.136369E-03  -0.584842E-04   0.314130E-02   0.446750E-02   0.200000E-03
 615   0.503238E-04  -0.159573E-03   0.368526E-02   0.440535E-02   0.350000E-03
 616   0.866350E-03  -0.824843E-04   0.569707E-02   0.426782E-02   0.150000E-03
 617   0.361432E-03  -0.318851E-04   0.664541E-02   0.445076E-02   0.350000E-03
 618   0.441257E-03   0.623153E-05   0.808728E-02   0.555331E-02   0.300000E-03
 619   0.885465E-03  -0.116902E-04   0.930934E-02   0.519181E-02   0.300000E-03
 620   0.268126E-03  -0.555754E-03   0.990344E-02   0.554967E-02   0.400000E-03
 621   0.447500E-03  -0.456429E-03   0.114135E-01   0.532766E-02   0.250000E-03
 622   0.509002E-03  -0.890280E-03   0.114408E-01   0.483646E-02   0.250000E-03
 623   0.248688E-03  -0.290110E-03   0.126803E-01   0.509929E-02   0.350000E-03
 624   0.606458E-04  -0.346314E-03   0.139737E-01   0.571478E-02   0.200000E-03
 625   0.534474E-04  -0.311932E-03   0.144958E-01   0.588419E-02   0.350000E-03
 626   0.604691E-03  -0.347998E-03   0.166279E-01   0.549906E-02   0.150000E-03
 627   0.614533E-03  -0.382765E-03   0.169456E-01   0.564559E-02   0.200000E-03
 628   0.708996E-03   0.735047E-04   0.175609E-01   0.602875E-02   0.300000E-03
 629   0.345694E-03  -0.157590E-03   0.188278E-01   0.645214E-02   0.450000E-03
 630   0.835201E-03  -0.471493E-03   0.218598E-01   0.608893E-02   0.300000E-03
 631   0.524119E-03   0.204600E-03   0.227659E-01   0.525044E-02   0.350000E-03
 632  -0.259185E-04  -0.263823E-03   0.238345E-01   0.492578E-02   0.300000E-03
 633   0.587117E-03  -0.870656E-03   0.246836E-01   0.515048E-02   0.250000E-03
 634   0.339678E-03  -0.124239E-03   0.271812E-01   0.451714E-02   0.200000E-03
 635   0.444430E-03  -0.296649E-04   0.278237E-01   0.447282E-02   0.450000E-03
 636   0.709964E-03  -0.141930E-03   0.293966E-01   0.515866E-02   0.300000E-03
 637   0.628601E-03  -0.107165E-03   0.303483E-01   0.570458E-02   0.300000E-03
 638   0.328929E-03   0.251988E-03   0.321252E-01   0.472391E-02   0.350000E-03
 639   0.719102E-03  -0.200624E-03   0.342864E-01   0.481299E-02   0.250000E-03
 640   0.656637E-03  -0.717380E-04   0.345026E-01   0.431293E-02   0.300000E-03
 641   0.122515E-02  -0.160502E-03   0.368877E-01   0.529023E-02   0.300000E-03
 642   0.915869E-03   0.194166E-03   0.372737E-01   0.490221E-02   0.250000E-03
 643   0.157862E-02  -0.123612E-03   0.388051E-01   0.450970E-02   0.250000E-03
 644   0.182182E-02   0.317714E-03   0.392873E-01   0.405082E-02   0.400000E-03
 645   0.131590E-02   0.255845E-04   0.417220E-01   0.383251E-02   0.200000E-03
 646   0.167547E-02  -0.975196E-03   0.407701E-01   0.329330E-02   0.150000E-03
 647   0.146935E-02   0.290943E-03   0.425697E-01   0.299364E-02   0.200000E-03
 648  -0.492430E-03   0.145064E-02   0.448036E-01   0.354907E-02   0.200000E-03
 649  -0.143817E-03   0.254716E-03   0.714152E-03   0.488508E-02   0.200000E-03
 650  -0.186224E-03   0.142270E-03   0.266943E-02   0.501157E-02   0.350000E-03
 651  -0.144650E-03  -0.225872E-03   0.320565E-02   0.397187E-02   0.300000E-03
 652   0.357185E-03   0.243799E-03   0.457517E-02   0.489586E-02   0.200000E-03
 653   0.395114E-03  -0.363940E-03   0.656838E-02   0.494404E-02   0.150000E-03
 654   0.494232E-03  -0.229248E-04   0.745546E-02   0.525558E-02   0.400000E-03
 655   0.548994E-03  -0.330356E-03   0.876906E-02   0.577438E-02   0.350000E-03
 656   0.259531E-03  -0.424518E-03   0.935559E-02   0.589495E-02   0.250000E-03
 657   0.523441E-03  -0.265232E-03   0.104785E-01   0.593420E-02   0.300000E-03
 658   0.366516E-03  -0.301341E-03   0.119819E-01   0.513806E-02   0.350000E-03
 659   0.236684E-03  -0.289756E-03   0.131551E-01   0.546489E-02   0.250000E-03
 660   0.109379E-03  -0.448285E-03   0.136224E-01   0.619968E-02   0.400000E-03
 661   0.426914E-03  -0.357240E-04   0.150161E-01   0.627212E-02   0.300000E-03
 662   0.349698E-03  -0.131428E-03   0.163497E-01   0.643486E-02   0.300000E-03
 663   0.333979E-03  -0.474749E-04   0.166404E-01   0.597160E-02   0.250000E-03
 664   0.675717E-03   0.258946E-04   0.177719E-01   0.653376E-02   0.250000E-03
 665   0.703165E-03   0.208430E-03   0.200249E-01   0.627022E-02   0.300000E-03
 666   0.916338E-03   0.176653E-03   0.212656E-01   0.635376E-02   0.300000E-03
 667   0.586490E-03  -0.688460E-04   0.223720E-01   0.576230E-02   0.300000E-03
 668  -0.346248E-03   0.640066E-04   0.234082E-01   0.534590E-02   0.300000E-03
 669  -0.571081E-04  -0.560956E-03   0.248863E-01   0.475332E-02   0.100000E-03
 670   0.681562E-03  -0.114499E-02   0.263916E-01   0.488008E-02   0.200000E-03
 671  -0.112425E-03  -0.126529E-03   0.285216E-01   0.530512E-02   0.200000E-03
 672   0.555115E-03   0.158772E-03   0.281219E-01   0.510480E-02   0.250000E-03
 673   0.843114E-03  -0.385660E-04   0.310266E-01   0.558058E-02   0.350000E-03
 674   0.117072E-02  -0.309815E-03   0.315480E-01   0.511775E-02   0.350000E-03
 675   0.922885E-03  -0.405362E-03   0.324990E-01   0.425964E-02   0.250000E-03
 676   0.686571E-03  -0.200344E-03   0.347849E-01   0.478204E-02   0.250000E-03
 677   0.119402E-02  -0.162273E-03   0.369707E-01   0.598356E-02   0.400000E-03
 678   0.664431E-03  -0.228101E-03   0.374292E-01   0.537632E-02   0.250000E-03
 679   0.173358E-02  -0.248335E-03   0.390894E-01   0.541873E-02   0.200000E-03
 680   0.170516E-02  -0.104165E-04   0.392616E-01   0.489760E-02   0.350000E-03
 681   0.152324E-02   0.383504E-03   0.410906E-01   0.387646E-02   0.250000E-03
 682   0.778141E-03   0.249716E-03   0.421350E-01   0.340303E-02   0.250000E-03
 683   0.459269E-03   0.650708E-03   0.440207E-01   0.454794E-02   0.500000E-03
 684   0.357083E-03   0.984539E-04   0.440414E-01   0.339307E-02   0.300000E-03
 685  -0.633382E-04  -0.839498E-04   0.349485E-03   0.727930E-02   0.350000E-03
 686  -0.872870E-04   0.454489E-03   0.332960E-02   0.558316E-02   0.350000E-03
 687  -0.119821E-03   0.109236E-03   0.331364E-02   0.493548E-02   0.300000E-03
 688   0.514478E-03   0.265966E-03   0.501672E-02   0.482622E-02   0.250000E-03
 689   0.383169E-03  -0.437706E-04   0.706188E-02   0.480392E-02   0.200000E-03
 690   0.478176E-03  -0.213701E-03   0.759960E-02   0.598469E-02   0.350000E-03
 691   0.470611E-03  -0.146785E-03   0.877939E-02   0.647368E-02   0.350000E-03
 692   0.228207E-03  -0.145149E-03   0.990014E-02   0.624883E-02   0.300000E-03
 693   0.490076E-03  -0.559079E-04   0.103988E-01   0.647523E-02   0.250000E-03
 694   0.457861E-03  -0.289555E-03   0.111189E-01   0.584268E-02   0.350000E-03
 695   0.310411E-03  -0.383897E-03   0.128987E-01   0.600583E-02   0.350000E-03
 696   0.251184E-03   0.242571E-03   0.146221E-01   0.719455E-02   0.250000E-03
 697   0.306258E-04  -0.178233E-03   0.143326E-01   0.661270E-02   0.400000E-03
 698   0.793528E-04   0.397057E-03   0.156576E-01   0.655201E-02   0.400000E-03
 699   0.760615E-03  -0.121639E-04   0.170774E-01   0.660043E-02   0.450000E-03
 700   0.474421E-03  -0.232094E-03   0.182056E-01   0.686919E-02   0.300000E-03
 701   0.825408E-03   0.123134E-03   0.195524E-01   0.663661E-02   0.300000E-03
 702   0.852912E-03  -0.545048E-03   0.204348E-01   0.683671E-02   0.400000E-03
 703   0.216505E-03  -0.197385E-03   0.230471E-01   0.594487E-02   0.400000E-03
 704  -0.270297E-05  -0.337606E-03   0.241703E-01   0.553848E-02   0.400000E-03
 705  -0.258499E-04  -0.727954E-03   0.251605E-01   0.501179E-02   0.250000E-03
 706  -0.233843E-03  -0.978451E-03   0.259729E-01   0.504446E-02   0.250000E-03
 707   0.288976E-03   0.259660E-03   0.269793E-01   0.507823E-02   0.400000E-03
 708   0.779659E-03  -0.166894E-03   0.298760E-01   0.542607E-02   0.250000E-03
 709   0.113756E-02  -0.319183E-03   0.320759E-01   0.527127E-02   0.200000E-03
 710  -0.118899E-02   0.202697E-03   0.326471E-01   0.501956E-02   0.250000E-03
 711   0.617364E-03  -0.280278E-03   0.337235E-01   0.460861E-02   0.350000E-03
 712   0.958592E-03   0.699873E-04   0.351322E-01   0.520758E-02   0.300000E-03
 713   0.144566E-02  -0.120456E-03   0.381580E-01   0.636534E-02   0.350000E-03
 714   0.120688E-02   0.113125E-03   0.379295E-01   0.570308E-02   0.350000E-03
 715   0.135987E-02   0.144043E-04   0.388222E-01   0.564048E-02   0.150000E-03
 716   0.150601E-02   0.406635E-04   0.397265E-01   0.452764E-02   0.250000E-03
 717   0.148112E-02   0.169023E-03   0.400603E-01   0.366033E-02   0.150000E-03
 718   0.777356E-03   0.206455E-03   0.421667E-01   0.390092E-02   0.250000E-03
 719   0.323558E-03   0.768318E-03   0.448014E-01   0.545007E-02   0.200000E-03
 720   0.495246E-03   0.560285E-03   0.434065E-01   0.728071E-02   0.350000E-03
 721  -0.340439E-03   0.235428E-04   0.215203E-02   0.402594E-02   0.200000E-03
 722  -0.170761E-03   0.102793E-03   0.202657E-02   0.510061E-02   0.300000E-03
 723   0.146302E-03  -0.229907E-04   0.425176E-02   0.459008E-02   0.250000E-03
 724   0.436268E-03  -0.238839E-03   0.602437E-02   0.486347E-02   0.400000E-03
 725   0.359863E-03  -0.121098E-03   0.692201E-02   0.512418E-02   0.150000E-03
 726   0.416106E-03  -0.175077E-03   0.651564E-02   0.549120E-02   0.400000E-03
 727   0.402985E-03  -0.258292E-03   0.822951E-02   0.613537E-02   0.300000E-03
 728   0.263763E-03  -0.122700E-03   0.937153E-02   0.639293E-02   0.250000E-03
 729   0.457212E-03   0.182574E-03   0.971200E-02   0.682355E-02   0.300000E-03
 730   0.330150E-03  -0.352716E-03   0.123581E-01   0.560505E-02   0.250000E-03
 731   0.540407E-03  -0.469547E-03   0.122279E-01   0.620151E-02   0.350000E-03
 732   0.235539E-03  -0.552111E-03   0.131190E-01   0.660948E-02   0.250000E-03
 733   0.423861E-03  -0.409204E-05   0.149486E-01   0.681652E-02   0.250000E-03
 734   0.444805E-03  -0.346139E-03   0.161582E-01   0.688978E-02   0.200000E-03
 735   0.699536E-03  -0.357802E-03   0.176327E-01   0.717495E-02   0.350000E-03
 736   0.273263E-03  -0.272055E-03   0.191271E-01   0.724663E-02   0.400000E-03
 737   0.496442E-03  -0.281811E-03   0.198217E-01   0.717134E-02   0.300000E-03
 738   0.685811E-03  -0.432619E-03   0.215083E-01   0.700728E-02   0.400000E-03
 739   0.625730E-03  -0.339752E-03   0.224545E-01   0.640242E-02   0.350000E-03
 740  -0.137680E-03  -0.231622E-03   0.237627E-01   0.616418E-02   0.350000E-03
 741   0.848365E-03   0.859746E-04   0.248315E-01   0.562618E-02   0.250000E-03
 742   0.682912E-03   0.815826E-05   0.263843E-01   0.532966E-02   0.250000E-03
 743   0.332590E-03   0.211216E-03   0.276248E-01   0.514121E-02   0.250000E-03
 744   0.195293E-03  -0.190555E-03   0.288988E-01   0.518132E-02   0.200000E-03
 745   0.114805E-02   0.461552E-04   0.316108E-01   0.571417E-02   0.250000E-03
 746   0.465315E-03  -0.175967E-03   0.328066E-01   0.559700E-02   0.350000E-03
 747   0.357204E-03  -0.110843E-03   0.332783E-01   0.515171E-02   0.300000E-03
 748   0.581769E-03   0.498451E-03   0.356787E-01   0.485556E-02   0.350000E-03
 749   0.175458E-02  -0.270549E-03   0.363164E-01   0.545794E-02   0.300000E-03
 750   0.123857E-02   0.111533E-03   0.385029E-01   0.587600E-02   0.250000E-03
 751   0.117740E-02  -0.434064E-04   0.391573E-01   0.593268E-02   0.300000E-03
 752   0.163257E-02   0.650848E-04   0.401775E-01   0.422431E-02   0.300000E-03
 753   0.182981E-02  -0.163231E-03   0.407097E-01   0.299993E-02   0.150000E-03
 754   0.918315E-03   0.130163E-03   0.418879E-01   0.418551E-02   0.150000E-03
 755   0.377010E-03   0.959988E-03   0.425413E-01   0.414949E-02   0.150000E-03
 756   0.310135E-03   0.184782E-03   0.431052E-01   0.670494E-02   0.300000E-03
 757  -0.251267E-03  -0.106068E-03   0.183969E-02   0.447826E-02   0.350000E-03
 758   0.107392E-03   0.471076E-03   0.402218E-02   0.565812E-02   0.350000E-03
 759   0.838882E-04   0.124472E-03   0.390725E-02   0.501791E-02   0.300000E-03
 760   0.619468E-04  -0.361343E-04   0.472732E-02   0.556629E-02   0.300000E-03
 761   0.175310E-03  -0.608398E-04   0.539414E-02   0.535413E-02   0.400000E-03
 762   0.244707E-03  -0.303423E-04   0.589476E-02   0.590863E-02   0.350000E-03
 763   0.437908E-03  -0.191459E-03   0.688262E-02   0.619915E-02   0.400000E-03
 764   0.307209E-03   0.386926E-03   0.815598E-02   0.673062E-02   0.300000E-03
 765   0.588288E-03  -0.200114E-03   0.115527E-01   0.638577E-02   0.350000E-03
 766   0.590922E-03  -0.370261E-03   0.117618E-01   0.574953E-02   0.300000E-03
 767   0.410368E-03  -0.529662E-03   0.126812E-01   0.651016E-02   0.200000E-03
 768   0.140107E-03  -0.226286E-03   0.137252E-01   0.684023E-02   0.250000E-03
 769   0.329416E-03  -0.212175E-03   0.152498E-01   0.733451E-02   0.350000E-03
 770   0.165904E-03  -0.130282E-03   0.158329E-01   0.719935E-02   0.250000E-03
 771   0.573598E-03   0.166255E-04   0.165566E-01   0.677672E-02   0.100000E-03
 772   0.434567E-03  -0.205218E-03   0.184860E-01   0.733838E-02   0.250000E-03
 773   0.343368E-03  -0.424096E-03   0.202151E-01   0.774981E-02   0.400000E-03
 774   0.795161E-03  -0.591185E-03   0.208905E-01   0.742751E-02   0.350000E-03
 775   0.991820E-05  -0.366280E-03   0.232998E-01   0.654345E-02   0.250000E-03
 776   0.945634E-03   0.573969E-03   0.249092E-01   0.606873E-02   0.200000E-03
 777   0.348941E-03  -0.775433E-03   0.255735E-01   0.483780E-02   0.200000E-03
 778  -0.223107E-03   0.248132E-03   0.259695E-01   0.549360E-02   0.200000E-03
 779   0.173539E-03  -0.115526E-02   0.278081E-01   0.565736E-02   0.300000E-03
 780   0.968450E-03  -0.260896E-03   0.294134E-01   0.580637E-02   0.350000E-03
 781   0.736926E-03   0.370093E-04   0.307212E-01   0.603750E-02   0.200000E-03
 782   0.158146E-02   0.747861E-04   0.321577E-01   0.576436E-02   0.300000E-03
 783   0.722369E-03  -0.282979E-04   0.339139E-01   0.528077E-02   0.350000E-03
 784   0.843660E-03   0.132096E-03   0.344617E-01   0.522543E-02   0.200000E-03
 785   0.612810E-03  -0.821247E-04   0.356783E-01   0.555533E-02   0.350000E-03
 786   0.108095E-02  -0.216182E-03   0.375823E-01   0.620168E-02   0.250000E-03
 787   0.172005E-02   0.113889E-03   0.397209E-01   0.613153E-02   0.300000E-03
 788   0.169409E-02  -0.769225E-04   0.396342E-01   0.548828E-02   0.350000E-03
 789   0.146660E-02   0.280594E-03   0.405565E-01   0.376333E-02   0.300000E-03
 790   0.122344E-02   0.683643E-04   0.414525E-01   0.428418E-02   0.300000E-03
 791   0.666154E-03  -0.283546E-03   0.431005E-01   0.435144E-02   0.350000E-03
 792   0.346376E-03   0.161462E-03   0.438725E-01   0.518052E-02   0.150000E-03
 793  -0.214895E-03   0.402921E-03   0.284356E-02   0.547699E-02   0.150000E-03
 794  -0.634371E-04  -0.174097E-03   0.244785E-02   0.545638E-02   0.150000E-03
 795   0.345189E-03   0.225819E-03   0.435978E-02   0.522824E-02   0.200000E-03
 796   0.458537E-04   0.257165E-03   0.266316E-02   0.646606E-02   0.300000E-03
 797  -0.238303E-03   0.525011E-04   0.449926E-02   0.623539E-02   0.400000E-03
 798   0.237858E-03  -0.195134E-03   0.516250E-02   0.601346E-02   0.300000E-03
 799   0.428763E-03   0.203699E-03   0.750835E-02   0.667515E-02   0.350000E-03
 800   0.508441E-03   0.911393E-04   0.882987E-02   0.707038E-02   0.250000E-03
 801   0.403593E-03  -0.971860E-04   0.108138E-01   0.674994E-02   0.250000E-03
 802   0.519367E-03  -0.986248E-04   0.112819E-01   0.692022E-02   0.250000E-03
 803   0.486614E-03  -0.275667E-03   0.120151E-01   0.676162E-02   0.250000E-03
 804   0.289838E-03  -0.268525E-03   0.132654E-01   0.713935E-02   0.300000E-03
 805  -0.203093E-03   0.288311E-03   0.140769E-01   0.726401E-02   0.300000E-03
 806   0.231459E-03  -0.396475E-03   0.157122E-01   0.763149E-02   0.200000E-03
 807   0.710252E-03  -0.312245E-03   0.180587E-01   0.759704E-02   0.250000E-03
 808   0.285596E-03  -0.438423E-03   0.191478E-01   0.809505E-02   0.450000E-03
 809   0.847861E-03  -0.597303E-03   0.214762E-01   0.770690E-02   0.300000E-03
 810   0.631583E-03  -0.448873E-03   0.222064E-01   0.699826E-02   0.300000E-03
 811  -0.103512E-03  -0.199320E-03   0.238014E-01   0.681063E-02   0.300000E-03
 812   0.343706E-03   0.822173E-03   0.244240E-01   0.619041E-02   0.300000E-03
 813   0.415761E-03   0.128025E-03   0.254253E-01   0.554450E-02   0.350000E-03
 814   0.120484E-02  -0.102549E-02   0.273144E-01   0.557563E-02   0.200000E-03
 815  -0.104476E-03  -0.182448E-03   0.286689E-01   0.588441E-02   0.400000E-03
 816   0.623738E-03  -0.386293E-03   0.312049E-01   0.609395E-02   0.200000E-03
 817   0.513030E-03  -0.102933E-03   0.302453E-01   0.629388E-02   0.300000E-03
 818   0.708318E-03  -0.611155E-03   0.325705E-01   0.619928E-02   0.300000E-03
 819  -0.127102E-02  -0.659968E-03   0.334439E-01   0.572823E-02   0.300000E-03
 820   0.888922E-03   0.151115E-03   0.347260E-01   0.564812E-02   0.300000E-03
 821   0.164810E-02   0.174887E-03   0.362374E-01   0.605043E-02   0.300000E-03
 822   0.160983E-02  -0.410368E-03   0.378331E-01   0.692804E-02   0.300000E-03
 823   0.117171E-02  -0.926618E-04   0.387551E-01   0.630734E-02   0.250000E-03
 824   0.153022E-02   0.135405E-03   0.408162E-01   0.555420E-02   0.350000E-03
 825   0.159049E-02   0.132660E-03   0.402553E-01   0.498457E-02   0.450000E-03
 826   0.166337E-02   0.481055E-04   0.408022E-01   0.440174E-02   0.350000E-03
 827   0.123036E-02   0.276398E-03   0.422273E-01   0.439643E-02   0.250000E-03
 828   0.181597E-02   0.739857E-04   0.402842E-01   0.692370E-02   0.350000E-03
 829  -0.720910E-05   0.192495E-04   0.262669E-02   0.586864E-02   0.300000E-03
 830  -0.192759E-03   0.107600E-02   0.299994E-03   0.520820E-02   0.300000E-03
 831  -0.172856E-03   0.150268E-02   0.313609E-03   0.570693E-02   0.200000E-03
 832   0.129787E-03   0.591958E-04   0.310461E-02   0.613819E-02   0.250000E-03
 833   0.116505E-03   0.185793E-03   0.328080E-02   0.665759E-02   0.300000E-03
 834   0.209336E-03   0.323793E-03   0.509018E-02   0.660856E-02   0.300000E-03
 835   0.351120E-03  -0.976334E-04   0.573743E-02   0.679418E-02   0.300000E-03
 836   0.382080E-03  -0.191156E-04   0.755851E-02   0.737116E-02   0.350000E-03
 837   0.418224E-03  -0.270607E-03   0.108162E-01   0.630087E-02   0.200000E-03
 838   0.414761E-03  -0.190955E-03   0.117468E-01   0.729794E-02   0.350000E-03
 839   0.398832E-03  -0.301515E-03   0.125686E-01   0.709906E-02   0.400000E-03
 840   0.431137E-03  -0.133652E-03   0.141536E-01   0.787056E-02   0.300000E-03
 841   0.140513E-03  -0.907541E-04   0.147368E-01   0.773183E-02   0.300000E-03
 842   0.445875E-03  -0.249525E-03   0.170512E-01   0.746293E-02   0.300000E-03
 843   0.443692E-03  -0.364119E-03   0.184978E-01   0.783605E-02   0.250000E-03
 844   0.325120E-03  -0.431503E-03   0.198535E-01   0.834845E-02   0.300000E-03
 845   0.813048E-03  -0.550584E-03   0.208747E-01   0.812589E-02   0.350000E-03
 846   0.544773E-03  -0.454496E-03   0.219843E-01   0.749972E-02   0.250000E-03
 847  -0.924929E-05  -0.231284E-03   0.232733E-01   0.709211E-02   0.300000E-03
 848  -0.596397E-03  -0.273995E-03   0.244963E-01   0.688666E-02   0.400000E-03
 849   0.362702E-03   0.366133E-03   0.254317E-01   0.624008E-02   0.350000E-03
 850   0.550584E-03  -0.407062E-03   0.267419E-01   0.562449E-02   0.200000E-03
 851   0.295619E-03   0.697290E-03   0.266168E-01   0.610469E-02   0.300000E-03
 852   0.821174E-03   0.219588E-03   0.299145E-01   0.582378E-02   0.150000E-03
 853  -0.236357E-03  -0.792351E-03   0.317029E-01   0.632160E-02   0.350000E-03
 854   0.843858E-03  -0.260789E-03   0.327869E-01   0.681133E-02   0.350000E-03
 855  -0.124429E-02  -0.721935E-03   0.331672E-01   0.626014E-02   0.300000E-03
 856   0.737697E-03   0.242328E-03   0.341225E-01   0.599871E-02   0.400000E-03
 857   0.611613E-03  -0.993459E-04   0.352141E-01   0.607598E-02   0.350000E-03
 858   0.115014E-02  -0.116397E-03   0.365657E-01   0.655206E-02   0.300000E-03
 859   0.138101E-02  -0.866390E-04   0.392848E-01   0.646637E-02   0.250000E-03
 860   0.183993E-02   0.130490E-04   0.402108E-01   0.578537E-02   0.300000E-03
 861   0.136869E-02   0.817373E-04   0.415141E-01   0.557132E-02   0.350000E-03
 862   0.159671E-02  -0.161969E-03   0.409745E-01   0.497601E-02   0.250000E-03
 863   0.845518E-03   0.346766E-03   0.432748E-01   0.513184E-02   0.450000E-03
 864   0.544562E-03   0.171510E-03   0.445510E-01   0.604865E-02   0.450000E-03
 865   0.199614E-03   0.112695E-03   0.137904E-02   0.505464E-02   0.350000E-03
 866   0.143041E-03  -0.248747E-04   0.171102E-02   0.548795E-02   0.200000E-03
 867  -0.202726E-03   0.180243E-03   0.204463E-02   0.626940E-02   0.350000E-03
 868  -0.409259E-05   0.333100E-03   0.368010E-02   0.621039E-02   0.300000E-03
 869   0.974840E-04   0.185557E-03   0.334855E-02   0.720093E-02   0.250000E-03
 870   0.243698E-03  -0.877339E-04   0.623566E-02   0.646080E-02   0.300000E-03
 871   0.449625E-03   0.151214E-03   0.689846E-02   0.689808E-02   0.300000E-03
 872   0.318854E-03  -0.279898E-03   0.921062E-02   0.681211E-02   0.200000E-03
 873   0.417584E-03   0.181898E-03   0.102821E-01   0.700995E-02   0.300000E-03
 874   0.232446E-03  -0.184077E-03   0.117007E-01   0.797416E-02   0.300000E-03
 875   0.363745E-03  -0.219547E-03   0.122426E-01   0.771646E-02   0.300000E-03
 876   0.355955E-03  -0.146771E-03   0.136045E-01   0.763152E-02   0.300000E-03
 877   0.216311E-03  -0.511683E-03   0.146607E-01   0.832576E-02   0.300000E-03
 878   0.491353E-03  -0.237614E-03   0.164086E-01   0.737628E-02   0.350000E-03
 879   0.644475E-03  -0.143703E-03   0.175124E-01   0.776145E-02   0.250000E-03
 880   0.542431E-03  -0.417172E-03   0.176891E-01   0.828184E-02   0.300000E-03
 881   0.535436E-03  -0.425936E-03   0.219694E-01   0.804887E-02   0.300000E-03
 882   0.878161E-03  -0.372268E-03   0.227294E-01   0.716451E-02   0.250000E-03
 883   0.343374E-03  -0.438650E-03   0.229069E-01   0.661250E-02   0.150000E-03
 884  -0.270443E-03  -0.608030E-03   0.239841E-01   0.743294E-02   0.350000E-03
 885   0.142001E-02  -0.480271E-03   0.260577E-01   0.738526E-02   0.400000E-03
 886  -0.195547E-03   0.591057E-03   0.260296E-01   0.598839E-02   0.300000E-03
 887   0.103430E-02  -0.296113E-03   0.284764E-01   0.660572E-02   0.350000E-03
 888   0.712197E-03  -0.196788E-03   0.295574E-01   0.659193E-02   0.450000E-03
 889   0.414575E-03  -0.134282E-03   0.308967E-01   0.666422E-02   0.450000E-03
 890   0.505077E-03  -0.422754E-03   0.322207E-01   0.662062E-02   0.250000E-03
 891   0.813915E-03   0.128514E-03   0.337311E-01   0.663623E-02   0.350000E-03
 892   0.472092E-03   0.524890E-04   0.346646E-01   0.658475E-02   0.400000E-03
 893   0.134937E-02   0.362982E-03   0.357649E-01   0.641901E-02   0.300000E-03
 894   0.123827E-02  -0.292665E-03   0.385914E-01   0.677931E-02   0.250000E-03
 895   0.143415E-02  -0.212054E-03   0.391016E-01   0.698418E-02   0.300000E-03
 896   0.148330E-02   0.318366E-03   0.419089E-01   0.695190E-02   0.300000E-03
 897   0.160783E-02   0.366138E-03   0.424643E-01   0.661099E-02   0.350000E-03
 898   0.121088E-02   0.264901E-03   0.426190E-01   0.461568E-02   0.200000E-03
 899   0.144895E-02   0.364734E-03   0.424799E-01   0.519176E-02   0.350000E-03
 900   0.785025E-03   0.248943E-03   0.438294E-01   0.570460E-02   0.350000E-03
 901   0.203959E-03   0.657503E-05   0.129170E-02   0.564548E-02   0.250000E-03
 902   0.881328E-04   0.237460E-03   0.307267E-02   0.761742E-02   0.250000E-03
 903  -0.167590E-03  -0.128369E-03   0.211536E-02   0.567469E-02   0.250000E-03
 904   0.347570E-04   0.175095E-03   0.275616E-02   0.710794E-02   0.350000E-03
 905  -0.205037E-03   0.331480E-04   0.398591E-02   0.691180E-02   0.450000E-03
 906   0.337074E-03   0.193687E-03   0.585027E-02   0.733706E-02   0.250000E-03
 907   0.334651E-03  -0.138257E-03   0.554587E-02   0.633297E-02   0.200000E-03
 908   0.494248E-03   0.429072E-04   0.883579E-02   0.761948E-02   0.300000E-03
 909   0.412162E-03   0.888724E-04   0.933989E-02   0.729429E-02   0.300000E-03
 910   0.493244E-03  -0.111599E-03   0.101200E-01   0.805191E-02   0.300000E-03
 911   0.278639E-03  -0.101186E-03   0.112606E-01   0.764633E-02   0.250000E-03
 912   0.293750E-03  -0.473821E-03   0.151387E-01   0.859667E-02   0.250000E-03
 913   0.338901E-03  -0.616410E-03   0.153328E-01   0.802918E-02   0.350000E-03
 914   0.456698E-03  -0.146096E-03   0.161328E-01   0.812592E-02   0.450000E-03
 915   0.422847E-03  -0.436398E-03   0.169997E-01   0.816071E-02   0.400000E-03
 916   0.184412E-03   0.479563E-04   0.204092E-01   0.857693E-02   0.300000E-03
 917   0.680307E-03  -0.460286E-03   0.199966E-01   0.901102E-02   0.300000E-03
 918   0.895409E-03  -0.440298E-03   0.225374E-01   0.773178E-02   0.350000E-03
 919   0.127588E-03  -0.239055E-03   0.232381E-01   0.774120E-02   0.350000E-03
 920   0.723162E-03   0.103582E-02   0.248186E-01   0.640610E-02   0.150000E-03
 921  -0.154680E-03  -0.830012E-03   0.234078E-01   0.846492E-02   0.350000E-03
 922  -0.137805E-03  -0.272429E-03   0.260079E-01   0.663717E-02   0.350000E-03
 923   0.193902E-03  -0.713364E-03   0.278464E-01   0.630529E-02   0.350000E-03
 924   0.934394E-03  -0.437764E-03   0.289463E-01   0.725215E-02   0.450000E-03
 925   0.457610E-03   0.433099E-04   0.310922E-01   0.743953E-02   0.350000E-03
 926  -0.301100E-03  -0.439529E-03   0.315856E-01   0.695978E-02   0.300000E-03
 927   0.696766E-03  -0.225581E-03   0.336446E-01   0.719861E-02   0.200000E-03
 928   0.700855E-03   0.127264E-03   0.341722E-01   0.649541E-02   0.100000E-03
 929   0.134422E-02   0.112350E-03   0.372295E-01   0.668707E-02   0.350000E-03
 930   0.180893E-02   0.718927E-04   0.412138E-01   0.663399E-02   0.300000E-03
 931   0.132775E-02   0.229263E-03   0.411843E-01   0.606859E-02   0.250000E-03
 932   0.172112E-02   0.422190E-04   0.397363E-01   0.668032E-02   0.250000E-03
 933   0.146495E-02   0.291585E-03   0.418047E-01   0.625999E-02   0.400000E-03
 934   0.112034E-02   0.346221E-03   0.412432E-01   0.468106E-02   0.150000E-03
 935   0.131641E-02   0.246932E-03   0.417991E-01   0.488431E-02   0.400000E-03
 936   0.850325E-03   0.184372E-03   0.433631E-01   0.615675E-02   0.300000E-03
 937  -0.194579E-03  -0.524662E-04   0.103842E-02   0.715796E-02   0.350000E-03
 938  -0.138712E-03   0.151817E-03   0.298518E-03   0.620648E-02   0.300000E-03
 939   0.143214E-03   0.230030E-03   0.369756E-02   0.768607E-02   0.350000E-03
 940  -0.155790E-03   0.129162E-03   0.788698E-03   0.586254E-02   0.300000E-03
 941   0.162087E-04  -0.139858E-03   0.167130E-02   0.686047E-02   0.350000E-03
 942   0.127656E-03   0.175317E-03   0.454707E-02   0.769546E-02   0.500000E-03
 943   0.152617E-03   0.170448E-03   0.526051E-02   0.723519E-02   0.350000E-03
 944   0.276092E-03   0.189309E-03   0.631969E-02   0.705323E-02   0.300000E-03
 945   0.434515E-03   0.372734E-04   0.108366E-01   0.729853E-02   0.300000E-03
 946   0.491554E-03   0.983283E-04   0.985724E-02   0.747784E-02   0.250000E-03
 947   0.447585E-03  -0.216089E-03   0.129428E-01   0.798265E-02   0.450000E-03
 948   0.373253E-03  -0.105910E-03   0.125626E-01   0.856969E-02   0.250000E-03
 949   0.635715E-03  -0.396786E-03   0.156746E-01   0.871888E-02   0.300000E-03
 950   0.453040E-03  -0.212273E-03   0.139993E-01   0.855315E-02   0.400000E-03
 951   0.332232E-03  -0.312826E-03   0.165845E-01   0.872401E-02   0.300000E-03
 952  -0.401898E-03  -0.384229E-03   0.182378E-01   0.826157E-02   0.250000E-03
 953   0.920454E-03  -0.263895E-03   0.210882E-01   0.868625E-02   0.250000E-03
 954   0.895270E-03  -0.771350E-03   0.225661E-01   0.858083E-02   0.500000E-03
 955  -0.257890E-03  -0.684945E-03   0.237819E-01   0.799689E-02   0.250000E-03
 956   0.883627E-03  -0.718292E-03   0.254618E-01   0.712708E-02   0.250000E-03
 957   0.141387E-02  -0.174373E-02   0.269428E-01   0.755593E-02   0.350000E-03
 958   0.993943E-03  -0.264885E-02   0.266470E-01   0.692188E-02   0.350000E-03
 959   0.690367E-03  -0.236665E-02   0.271635E-01   0.645127E-02   0.350000E-03
 960   0.530991E-03  -0.161381E-03   0.302199E-01   0.684197E-02   0.250000E-03
 961   0.431421E-03   0.604451E-03   0.321418E-01   0.796507E-02   0.400000E-03
 962  -0.219851E-03  -0.237503E-04   0.316888E-01   0.749935E-02   0.250000E-03
 963   0.961615E-03  -0.470256E-04   0.333082E-01   0.698313E-02   0.200000E-03
 964   0.135345E-02   0.350182E-03   0.353222E-01   0.682267E-02   0.300000E-03
 965   0.104157E-02  -0.303005E-04   0.361048E-01   0.685085E-02   0.250000E-03
 966   0.118368E-02  -0.218403E-05   0.367163E-01   0.723464E-02   0.400000E-03
 967   0.175028E-02   0.441904E-04   0.406435E-01   0.632353E-02   0.350000E-03
 968   0.119174E-02  -0.467349E-04   0.401551E-01   0.623499E-02   0.150000E-03
 969   0.881720E-03   0.415728E-03   0.447507E-01   0.711354E-02   0.250000E-03
 970   0.539820E-03   0.181476E-03   0.442484E-01   0.678711E-02   0.350000E-03
 971   0.151880E-02   0.444614E-03   0.427109E-01   0.590352E-02   0.400000E-03
 972   0.641814E-03   0.195008E-03   0.436526E-01   0.673383E-02   0.250000E-03
 973  -0.149073E-03   0.282772E-03   0.839368E-03   0.531540E-02   0.250000E-03
 974   0.232931E-03   0.407029E-03   0.399759E-02   0.820545E-02   0.250000E-03
 975   0.209115E-03   0.203642E-03   0.134551E-02   0.624140E-02   0.350000E-03
 976   0.618814E-04   0.293939E-03   0.780392E-03   0.656155E-02   0.300000E-03
 977   0.314984E-03   0.773405E-04   0.728823E-02   0.790586E-02   0.250000E-03
 978   0.434578E-03  -0.325614E-04   0.692101E-02   0.749704E-02   0.300000E-03
 979   0.262155E-03  -0.185741E-05   0.638084E-02   0.759892E-02   0.250000E-03
 980   0.468045E-03   0.440280E-04   0.816374E-02   0.781208E-02   0.400000E-03
 981   0.415111E-03   0.814211E-04   0.103505E-01   0.755360E-02   0.250000E-03
 982   0.380826E-03  -0.930001E-04   0.937557E-02   0.813930E-02   0.450000E-03
 983   0.366258E-03  -0.108973E-03   0.121695E-01   0.826121E-02   0.250000E-03
 984   0.256174E-03  -0.848199E-04   0.107664E-01   0.798509E-02   0.350000E-03
 985   0.386566E-03  -0.282729E-03   0.135754E-01   0.812980E-02   0.200000E-03
 986  -0.211908E-03  -0.192334E-03   0.190005E-01   0.924632E-02   0.300000E-03
 987  -0.167918E-03  -0.134293E-03   0.186362E-01   0.870862E-02   0.350000E-03
 988   0.224620E-03  -0.329495E-03   0.194415E-01   0.878362E-02   0.300000E-03
 989   0.224418E-03  -0.128607E-03   0.195446E-01   0.932323E-02   0.250000E-03
 990   0.847495E-03  -0.551200E-03   0.214600E-01   0.825593E-02   0.250000E-03
 991   0.146228E-02  -0.176452E-02   0.245346E-01   0.786425E-02   0.350000E-03
 992   0.848280E-03  -0.702004E-03   0.249801E-01   0.739120E-02   0.300000E-03
 993   0.884120E-03  -0.550903E-03   0.251308E-01   0.675313E-02   0.250000E-03
 994   0.909559E-03  -0.907155E-03   0.272534E-01   0.704306E-02   0.250000E-03
 995   0.115052E-02  -0.838043E-03   0.279016E-01   0.708423E-02   0.400000E-03
 996   0.293439E-03  -0.675282E-03   0.304501E-01   0.734012E-02   0.300000E-03
 997   0.648614E-03  -0.291680E-03   0.298831E-01   0.721126E-02   0.250000E-03
 998   0.487599E-03   0.532787E-04   0.322185E-01   0.721935E-02   0.350000E-03
 999   0.925594E-03  -0.403307E-05   0.330495E-01   0.735034E-02   0.250000E-03
1000   0.673023E-03  -0.217309E-03   0.341931E-01   0.716590E-02   0.350000E-03
