   1  -0.237968E-03   0.677538E-03   0.112765E-01   0.846374E-02   0.350000E-03
   2   0.618814E-03   0.336185E-03   0.148923E-03   0.149739E-03   0.150000E-03
   3   0.368238E-02  -0.398954E-02   0.459023E-02   0.447844E-03   0.450000E-03
   4  -0.258943E-02   0.100405E-02   0.574972E-02   0.538355E-03   0.200000E-03
   5   0.239900E-02   0.614851E-03   0.568381E-02   0.999745E-04   0.100000E-03
   6  -0.291704E-03  -0.146929E-02   0.751099E-02   0.248829E-03   0.250000E-03
   7   0.662035E-04   0.105290E-03   0.814226E-02   0.398334E-03   0.400000E-03
   8  -0.165879E-02   0.192761E-02   0.888893E-02   0.349061E-03   0.350000E-03
   9  -0.175734E-02   0.330503E-03   0.933947E-02   0.557062E-03   0.150000E-03
  10  -0.591110E-03   0.922317E-03   0.118144E-01   0.292844E-03   0.300000E-03
  11  -0.121093E-03   0.206839E-02   0.130568E-01   0.348683E-03   0.350000E-03
  12  -0.417680E-03   0.374656E-03   0.147897E-01   0.195067E-03   0.200000E-03
  13   0.972764E-03   0.207802E-02   0.169380E-01   0.345821E-03   0.350000E-03
  14  -0.403152E-03   0.131661E-02   0.176366E-01   0.348366E-03   0.350000E-03
  15  -0.480154E-03   0.151858E-02   0.188524E-01   0.406920E-03   0.400000E-03
  16  -0.480030E-03   0.356055E-03   0.195964E-01   0.345849E-03   0.350000E-03
  17   0.280937E-03  -0.180286E-02   0.205098E-01   0.339391E-03   0.350000E-03
  18  -0.244544E-03  -0.141999E-02   0.219678E-01   0.349258E-03   0.350000E-03
  19  -0.379166E-03  -0.137497E-02   0.225577E-01   0.244475E-03   0.250000E-03
  20  -0.101387E-02  -0.148615E-02   0.230571E-01   0.247523E-03   0.250000E-03
  21   0.475635E-03  -0.404158E-03   0.244824E-01   0.249746E-03   0.250000E-03
  22  -0.116424E-03  -0.844771E-03   0.257273E-01   0.199945E-03   0.200000E-03
  23   0.164572E-03   0.102762E-03   0.267529E-01   0.992143E-04   0.100000E-03
  24   0.138821E-03  -0.101604E-03   0.282160E-01   0.397613E-03   0.400000E-03
  25  -0.967085E-03   0.147570E-02   0.297846E-01   0.410064E-03   0.400000E-03
  26  -0.879915E-03   0.115963E-02   0.305258E-01   0.333512E-03   0.350000E-03
  27  -0.213644E-02   0.205129E-02   0.318636E-01   0.297325E-03   0.300000E-03
  28  -0.194198E-02   0.227978E-03   0.333194E-01   0.348696E-03   0.300000E-03
  29  -0.181672E-02   0.466739E-03   0.355470E-01   0.444317E-03   0.450000E-03
  30  -0.990732E-03  -0.242068E-02   0.374057E-01   0.348003E-03   0.350000E-03
  31  -0.161335E-02  -0.179402E-02   0.379960E-01   0.248896E-03   0.250000E-03
  32  -0.709322E-03   0.143279E-03   0.401226E-01   0.197257E-03   0.200000E-03
  33  -0.141247E-02  -0.603095E-04   0.410111E-01   0.195082E-03   0.200000E-03
  34   0.184889E-02   0.124625E-02   0.446054E-01   0.879088E-03   0.400000E-03
  35   0.195519E-02  -0.155375E-02   0.446517E-01   0.192258E-02   0.350000E-03
  36   0.597385E-03   0.123905E-02   0.864819E-02   0.831575E-02   0.300000E-03
  37   0.138055E-02   0.142645E-02   0.247507E-03   0.177143E-02   0.250000E-03
  38  -0.969970E-03   0.130206E-02   0.781060E-03   0.718273E-03   0.300000E-03
  39  -0.392403E-03   0.677178E-03   0.269430E-02   0.398962E-03   0.400000E-03
  40  -0.211573E-02  -0.564705E-03   0.618538E-02   0.299123E-03   0.300000E-03
  41   0.236955E-02  -0.793059E-03   0.687801E-02   0.390918E-03   0.400000E-03
  42   0.145579E-02  -0.184503E-02   0.730199E-02   0.100163E-02   0.350000E-03
  43   0.860114E-03  -0.302443E-03   0.860680E-02   0.934572E-03   0.300000E-03
  44  -0.161081E-02   0.526817E-03   0.939101E-02   0.951765E-03   0.250000E-03
  45  -0.602970E-04  -0.449007E-03   0.998342E-02   0.495880E-03   0.500000E-03
  46  -0.335612E-03  -0.844199E-03   0.107831E-01   0.300027E-03   0.300000E-03
  47  -0.515929E-03  -0.119745E-03   0.152804E-01   0.149955E-03   0.150000E-03
  48  -0.463367E-03   0.809503E-03   0.158421E-01   0.447313E-03   0.450000E-03
  49   0.108708E-02   0.219868E-02   0.165055E-01   0.887149E-03   0.350000E-03
  50   0.123918E-04   0.150002E-02   0.182263E-01   0.246038E-03   0.250000E-03
  51  -0.427084E-03   0.326814E-03   0.193216E-01   0.871398E-03   0.250000E-03
  52   0.762686E-03  -0.168454E-03   0.200518E-01   0.147401E-03   0.150000E-03
  53  -0.690072E-03   0.223829E-03   0.205115E-01   0.101433E-02   0.200000E-03
  54  -0.723583E-03  -0.989442E-03   0.211583E-01   0.298180E-03   0.300000E-03
  55   0.301744E-03   0.263540E-03   0.233996E-01   0.999308E-04   0.100000E-03
  56  -0.121435E-02   0.260098E-04   0.238495E-01   0.396415E-03   0.400000E-03
  57  -0.686198E-03  -0.850742E-03   0.245177E-01   0.919496E-03   0.400000E-03
  58  -0.668377E-03  -0.266972E-03   0.251154E-01   0.395895E-03   0.400000E-03
  59   0.530227E-03   0.193765E-03   0.270336E-01   0.203581E-03   0.200000E-03
  60  -0.104232E-02  -0.205939E-03   0.275242E-01   0.296223E-03   0.300000E-03
  61  -0.153061E-02   0.948120E-03   0.290986E-01   0.294649E-03   0.300000E-03
  62  -0.346337E-03   0.199587E-02   0.312207E-01   0.348128E-03   0.350000E-03
  63  -0.143919E-03   0.122639E-02   0.328505E-01   0.196820E-03   0.200000E-03
  64  -0.907955E-03   0.319665E-03   0.347559E-01   0.346064E-03   0.350000E-03
  65  -0.113235E-02  -0.473124E-03   0.363233E-01   0.614016E-03   0.350000E-03
  66  -0.391624E-03  -0.120320E-02   0.364385E-01   0.138420E-03   0.150000E-03
  67  -0.139371E-02  -0.141406E-02   0.391405E-01   0.299115E-03   0.300000E-03
  68  -0.655312E-03  -0.656211E-03   0.423014E-01   0.199966E-03   0.200000E-03
  69  -0.847253E-03   0.204863E-02   0.438615E-01   0.824486E-03   0.350000E-03
  70  -0.725333E-03   0.270633E-03   0.423977E-01   0.720598E-02   0.250000E-03
  71   0.410737E-03  -0.382604E-03   0.447022E-01   0.496062E-02   0.300000E-03
  72   0.185130E-02   0.146825E-02   0.447508E-01   0.247848E-03   0.250000E-03
  73  -0.304851E-03   0.499074E-04   0.256468E-02   0.793616E-02   0.350000E-03
  74   0.327988E-03  -0.101907E-03   0.120661E-02   0.298339E-03   0.300000E-03
  75  -0.127198E-03  -0.868148E-03   0.392486E-02   0.248036E-03   0.250000E-03
  76  -0.855801E-03  -0.876177E-04   0.522783E-02   0.923130E-03   0.350000E-03
  77   0.143162E-03   0.188717E-02   0.647744E-02   0.822687E-03   0.200000E-03
  78  -0.874549E-03   0.131906E-02   0.665834E-02   0.134031E-02   0.350000E-03
  79   0.149856E-03   0.385182E-03   0.798695E-02   0.112998E-02   0.350000E-03
  80  -0.241250E-02   0.985232E-03   0.904678E-02   0.130928E-02   0.250000E-03
  81   0.422911E-03  -0.533538E-03   0.106927E-01   0.952835E-03   0.350000E-03
  82  -0.730387E-03   0.102411E-02   0.132948E-01   0.951805E-03   0.300000E-03
  83  -0.145037E-02   0.117321E-02   0.137549E-01   0.346151E-03   0.350000E-03
  84  -0.622808E-03   0.874917E-03   0.143443E-01   0.243964E-03   0.250000E-03
  85  -0.303715E-03   0.981190E-03   0.154331E-01   0.101011E-02   0.250000E-03
  86  -0.655144E-04   0.707720E-03   0.172846E-01   0.106495E-02   0.450000E-03
  87  -0.583925E-03   0.272797E-03   0.188609E-01   0.105638E-02   0.250000E-03
  88  -0.102460E-02   0.412471E-03   0.200592E-01   0.801486E-03   0.300000E-03
  89  -0.776013E-03  -0.265185E-03   0.203066E-01   0.160325E-02   0.400000E-03
  90  -0.580313E-03  -0.730269E-03   0.214879E-01   0.855286E-03   0.350000E-03
  91  -0.775427E-03  -0.118375E-02   0.225905E-01   0.738123E-03   0.250000E-03
  92  -0.964495E-03  -0.905724E-03   0.231810E-01   0.831956E-03   0.350000E-03
  93  -0.216459E-02  -0.474707E-03   0.238051E-01   0.114151E-02   0.350000E-03
  94  -0.494759E-03  -0.366193E-03   0.252345E-01   0.113515E-02   0.350000E-03
  95  -0.753547E-03  -0.523494E-04   0.273546E-01   0.919843E-03   0.350000E-03
  96   0.866212E-04   0.369507E-04   0.280552E-01   0.117977E-02   0.400000E-03
  97  -0.105092E-04   0.297230E-03   0.294598E-01   0.971995E-03   0.250000E-03
  98  -0.992615E-03   0.107400E-02   0.303020E-01   0.108425E-02   0.450000E-03
  99  -0.151749E-02   0.138909E-02   0.324066E-01   0.247090E-03   0.250000E-03
 100  -0.357165E-03   0.236871E-02   0.327273E-01   0.626221E-03   0.250000E-03
 101  -0.100083E-02   0.281070E-03   0.349653E-01   0.106285E-02   0.400000E-03
 102  -0.889798E-03  -0.150696E-02   0.368137E-01   0.269879E-03   0.250000E-03
 103  -0.592661E-03  -0.982495E-03   0.376445E-01   0.896005E-03   0.250000E-03
 104  -0.420240E-04  -0.124425E-02   0.385427E-01   0.296550E-03   0.300000E-03
 105  -0.296469E-02  -0.477974E-03   0.405668E-01   0.244178E-03   0.250000E-03
 106   0.535203E-03  -0.376448E-03   0.431904E-01   0.296762E-03   0.300000E-03
 107  -0.455221E-03   0.873252E-03   0.440817E-01   0.746572E-02   0.350000E-03
 108  -0.304486E-03   0.259867E-03   0.349367E-01   0.746409E-02   0.450000E-03
 109   0.345050E-03   0.407274E-03   0.242513E-03   0.634114E-03   0.250000E-03
 110  -0.184023E-03   0.950278E-03   0.538191E-03   0.236822E-03   0.250000E-03
 111  -0.638530E-03   0.314708E-04   0.189781E-02   0.398019E-03   0.400000E-03
 112  -0.657835E-04  -0.122666E-02   0.323027E-02   0.923315E-03   0.350000E-03
 113   0.430320E-03   0.116957E-02   0.595068E-02   0.109947E-02   0.400000E-03
 114  -0.606055E-03   0.168391E-02   0.716994E-02   0.153291E-02   0.200000E-03
 115  -0.585812E-03   0.208463E-04   0.851506E-02   0.157798E-02   0.350000E-03
 116  -0.479135E-03   0.125538E-02   0.985257E-02   0.133424E-02   0.350000E-03
 117   0.193357E-03  -0.313103E-03   0.113554E-01   0.737874E-03   0.350000E-03
 118  -0.991371E-03   0.145679E-02   0.124115E-01   0.296306E-03   0.300000E-03
 119  -0.646512E-03   0.560157E-03   0.142732E-01   0.783359E-03   0.300000E-03
 120  -0.292998E-03   0.903222E-03   0.151041E-01   0.576056E-03   0.300000E-03
 121   0.463785E-03   0.334376E-03   0.167248E-01   0.138757E-02   0.200000E-03
 122   0.415477E-03   0.160629E-03   0.181729E-01   0.940634E-03   0.450000E-03
 123   0.423557E-03   0.197822E-04   0.186044E-01   0.142100E-02   0.200000E-03
 124  -0.870876E-03  -0.220520E-03   0.196929E-01   0.127385E-02   0.300000E-03
 125   0.624311E-03  -0.160838E-02   0.208963E-01   0.780918E-03   0.250000E-03
 126   0.765171E-03  -0.968010E-03   0.209441E-01   0.132364E-02   0.300000E-03
 127  -0.609652E-03  -0.122494E-02   0.227233E-01   0.121709E-02   0.250000E-03
 128  -0.101851E-02  -0.125505E-02   0.230710E-01   0.163957E-02   0.300000E-03
 129  -0.136726E-02  -0.149797E-02   0.236167E-01   0.169983E-02   0.250000E-03
 130   0.134795E-03  -0.110683E-03   0.257316E-01   0.717757E-03   0.300000E-03
 131  -0.571668E-03   0.228960E-03   0.263506E-01   0.395369E-03   0.400000E-03
 132   0.821828E-03  -0.396046E-03   0.275195E-01   0.144857E-02   0.200000E-03
 133  -0.107506E-02  -0.392076E-03   0.288117E-01   0.927051E-03   0.400000E-03
 134  -0.496421E-03  -0.585448E-03   0.311944E-01   0.109528E-02   0.400000E-03
 135  -0.201065E-02  -0.501487E-03   0.320404E-01   0.102335E-02   0.450000E-03
 136  -0.225479E-02  -0.395509E-03   0.340114E-01   0.398963E-03   0.400000E-03
 137  -0.227934E-02   0.450582E-03   0.372208E-01   0.757067E-03   0.100000E-03
 138  -0.661049E-03  -0.561548E-03   0.373949E-01   0.132538E-02   0.250000E-03
 139  -0.115391E-02  -0.480158E-03   0.381779E-01   0.767317E-03   0.300000E-03
 140  -0.103020E-02  -0.943447E-03   0.396847E-01   0.272535E-03   0.250000E-03
 141   0.331423E-03  -0.778376E-03   0.414567E-01   0.248845E-03   0.250000E-03
 142  -0.139327E-02  -0.234670E-03   0.419018E-01   0.196436E-03   0.200000E-03
 143  -0.450475E-03   0.523270E-03   0.438987E-01   0.629866E-02   0.250000E-03
 144  -0.294551E-03   0.188636E-03   0.295864E-01   0.767397E-02   0.300000E-03
 145   0.637288E-03   0.304816E-03   0.294081E-03   0.331653E-02   0.300000E-03
 146   0.325076E-03   0.132171E-02   0.668170E-03   0.135318E-02   0.350000E-03
 147  -0.202537E-03   0.155728E-03   0.407923E-02   0.849418E-03   0.200000E-03
 148  -0.549899E-03  -0.163090E-03   0.532176E-02   0.288633E-03   0.300000E-03
 149   0.244611E-03  -0.167697E-03   0.611867E-02   0.192830E-02   0.450000E-03
 150   0.132836E-02   0.632346E-03   0.756331E-02   0.147962E-02   0.200000E-03
 151  -0.145952E-02   0.169645E-02   0.938163E-02   0.160753E-02   0.200000E-03
 152  -0.169229E-03   0.936152E-03   0.103922E-01   0.140803E-02   0.200000E-03
 153   0.525509E-03   0.588734E-03   0.111961E-01   0.136220E-02   0.300000E-03
 154  -0.175942E-02   0.103693E-02   0.125974E-01   0.967568E-03   0.400000E-03
 155  -0.193958E-02   0.148903E-02   0.137863E-01   0.887029E-03   0.200000E-03
 156  -0.392402E-03   0.931952E-03   0.148203E-01   0.121577E-02   0.400000E-03
 157   0.541134E-03   0.215430E-02   0.159541E-01   0.139096E-02   0.400000E-03
 158  -0.346261E-03   0.828457E-03   0.174074E-01   0.185137E-02   0.350000E-03
 159  -0.673855E-04   0.604859E-03   0.177968E-01   0.146725E-02   0.200000E-03
 160  -0.333661E-03   0.472762E-03   0.182120E-01   0.163914E-02   0.250000E-03
 161  -0.100611E-02   0.356031E-03   0.196371E-01   0.181634E-02   0.250000E-03
 162  -0.575105E-04   0.602726E-04   0.209540E-01   0.181971E-02   0.200000E-03
 163  -0.469951E-03  -0.126183E-02   0.221321E-01   0.112028E-02   0.350000E-03
 164  -0.744571E-04  -0.127560E-02   0.227539E-01   0.219107E-02   0.300000E-03
 165  -0.427394E-03  -0.305858E-03   0.248310E-01   0.157780E-02   0.250000E-03
 166  -0.522288E-03  -0.242396E-03   0.256544E-01   0.155776E-02   0.250000E-03
 167  -0.512168E-03  -0.272400E-03   0.266388E-01   0.113275E-02   0.400000E-03
 168  -0.729989E-03  -0.253203E-04   0.286059E-01   0.153864E-02   0.250000E-03
 169  -0.165258E-02  -0.104083E-03   0.302116E-01   0.171340E-02   0.200000E-03
 170  -0.717872E-03  -0.102852E-03   0.308038E-01   0.179044E-02   0.400000E-03
 171  -0.204561E-02   0.826342E-04   0.335333E-01   0.907164E-03   0.300000E-03
 172  -0.212070E-02   0.212124E-03   0.341762E-01   0.118071E-02   0.400000E-03
 173  -0.224824E-02  -0.630114E-04   0.356526E-01   0.118176E-02   0.300000E-03
 174  -0.131442E-02  -0.625353E-03   0.368725E-01   0.103988E-02   0.350000E-03
 175  -0.153325E-02  -0.583369E-04   0.390132E-01   0.884712E-03   0.300000E-03
 176  -0.131537E-02  -0.150711E-04   0.400785E-01   0.986975E-03   0.200000E-03
 177  -0.257299E-02   0.720635E-03   0.406074E-01   0.785341E-03   0.300000E-03
 178   0.265767E-02   0.433703E-03   0.444022E-01   0.143786E-02   0.200000E-03
 179  -0.110316E-02  -0.647115E-03   0.427012E-01   0.196242E-03   0.200000E-03
 180  -0.979722E-03   0.807161E-03   0.400387E-01   0.752474E-02   0.300000E-03
 181   0.472899E-04  -0.895646E-04   0.197259E-03   0.108031E-02   0.200000E-03
 182  -0.419361E-03  -0.174005E-02   0.140497E-02   0.214102E-02   0.200000E-03
 183  -0.135857E-03   0.426458E-04   0.338192E-02   0.295374E-03   0.300000E-03
 184  -0.679989E-03   0.337036E-03   0.539187E-02   0.159619E-02   0.350000E-03
 185   0.436893E-03   0.631146E-03   0.624995E-02   0.261054E-02   0.250000E-03
 186  -0.724050E-03   0.159024E-03   0.679792E-02   0.187099E-02   0.200000E-03
 187   0.464733E-03  -0.281101E-03   0.791745E-02   0.182293E-02   0.300000E-03
 188  -0.352745E-03   0.470182E-04   0.963301E-02   0.198377E-02   0.250000E-03
 189  -0.612473E-03   0.588214E-03   0.117294E-01   0.125004E-02   0.250000E-03
 190  -0.668372E-03   0.106690E-02   0.119678E-01   0.817298E-03   0.250000E-03
 191  -0.912364E-03   0.853693E-03   0.140117E-01   0.126590E-02   0.250000E-03
 192  -0.113185E-02   0.115097E-02   0.143197E-01   0.183291E-02   0.400000E-03
 193  -0.242906E-03   0.124401E-02   0.153260E-01   0.169961E-02   0.300000E-03
 194  -0.381739E-03   0.157210E-02   0.165218E-01   0.194633E-02   0.400000E-03
 195  -0.584353E-03   0.835812E-03   0.179645E-01   0.207299E-02   0.250000E-03
 196  -0.747010E-03   0.223177E-03   0.191499E-01   0.152375E-02   0.300000E-03
 197  -0.112523E-02   0.280458E-03   0.200048E-01   0.228922E-02   0.350000E-03
 198  -0.368729E-03   0.427013E-03   0.206499E-01   0.221272E-02   0.300000E-03
 199  -0.328037E-03  -0.115460E-02   0.215124E-01   0.150239E-02   0.300000E-03
 200  -0.563377E-03  -0.118880E-02   0.222564E-01   0.216142E-02   0.200000E-03
 201  -0.101917E-02  -0.310749E-03   0.242842E-01   0.157884E-02   0.300000E-03
 202  -0.302678E-03  -0.596076E-03   0.259952E-01   0.119951E-02   0.250000E-03
 203  -0.490360E-03  -0.314112E-03   0.265981E-01   0.182638E-02   0.300000E-03
 204  -0.505090E-03  -0.196621E-03   0.270943E-01   0.159313E-02   0.250000E-03
 205   0.541887E-04   0.147078E-03   0.296277E-01   0.159928E-02   0.400000E-03
 206  -0.199112E-02  -0.256910E-03   0.322636E-01   0.178912E-02   0.350000E-03
 207  -0.123437E-02  -0.405338E-03   0.328961E-01   0.129880E-02   0.450000E-03
 208  -0.116366E-02  -0.558279E-03   0.336062E-01   0.166514E-02   0.350000E-03
 209  -0.131085E-02  -0.391532E-04   0.362457E-01   0.125477E-02   0.300000E-03
 210  -0.150315E-02  -0.219031E-03   0.366472E-01   0.153950E-02   0.200000E-03
 211  -0.113171E-02   0.125726E-03   0.370619E-01   0.169534E-02   0.250000E-03
 212  -0.118885E-02   0.664503E-05   0.400535E-01   0.589419E-03   0.200000E-03
 213  -0.142289E-02   0.512541E-03   0.411300E-01   0.624169E-03   0.250000E-03
 214  -0.370940E-03   0.885604E-03   0.420811E-01   0.550147E-03   0.200000E-03
 215  -0.260037E-02   0.127933E-02   0.441292E-01   0.149900E-03   0.150000E-03
 216  -0.293507E-03   0.116821E-03   0.217158E-01   0.886128E-02   0.400000E-03
 217  -0.444635E-03   0.244395E-03   0.146238E-01   0.897294E-02   0.350000E-03
 218   0.296109E-03  -0.143450E-02   0.870260E-03   0.201992E-02   0.350000E-03
 219   0.891791E-04   0.269723E-03   0.373037E-02   0.653769E-03   0.200000E-03
 220   0.333028E-04  -0.283858E-03   0.458148E-02   0.129557E-02   0.400000E-03
 221  -0.100870E-02   0.582993E-03   0.532544E-02   0.218466E-02   0.250000E-03
 222  -0.741973E-03   0.177836E-03   0.731418E-02   0.205959E-02   0.350000E-03
 223  -0.618152E-03   0.668755E-05   0.903884E-02   0.203094E-02   0.350000E-03
 224   0.317319E-03   0.155558E-03   0.102271E-01   0.193010E-02   0.350000E-03
 225  -0.430360E-03   0.888239E-03   0.107499E-01   0.157721E-02   0.200000E-03
 226  -0.121412E-02   0.551370E-03   0.121955E-01   0.153780E-02   0.300000E-03
 227  -0.667732E-03   0.109053E-02   0.130412E-01   0.143705E-02   0.250000E-03
 228  -0.990112E-03   0.113096E-02   0.148806E-01   0.176171E-02   0.150000E-03
 229   0.567543E-03   0.932536E-03   0.158805E-01   0.203427E-02   0.250000E-03
 230  -0.467308E-03   0.977203E-03   0.175625E-01   0.248080E-02   0.300000E-03
 231  -0.264153E-03   0.712055E-03   0.183808E-01   0.229188E-02   0.200000E-03
 232   0.476001E-04   0.419812E-03   0.186914E-01   0.190730E-02   0.300000E-03
 233  -0.744983E-03   0.791909E-04   0.192448E-01   0.233229E-02   0.400000E-03
 234  -0.320008E-03  -0.452139E-04   0.213643E-01   0.210152E-02   0.300000E-03
 235  -0.580567E-03  -0.161766E-02   0.224435E-01   0.168572E-02   0.300000E-03
 236  -0.161104E-02  -0.147421E-02   0.233481E-01   0.216940E-02   0.300000E-03
 237  -0.729568E-03  -0.109495E-02   0.239963E-01   0.216036E-02   0.350000E-03
 238  -0.454712E-03  -0.324976E-03   0.252475E-01   0.174285E-02   0.200000E-03
 239  -0.333700E-03  -0.296546E-03   0.267625E-01   0.234810E-02   0.250000E-03
 240  -0.451628E-03   0.134300E-03   0.290478E-01   0.147517E-02   0.200000E-03
 241  -0.138000E-02  -0.173193E-03   0.302123E-01   0.224824E-02   0.350000E-03
 242  -0.175073E-02  -0.385955E-03   0.315647E-01   0.174727E-02   0.350000E-03
 243  -0.156884E-02  -0.149292E-04   0.329816E-01   0.224070E-02   0.500000E-03
 244  -0.137240E-02   0.126150E-03   0.354510E-01   0.197744E-02   0.200000E-03
 245  -0.894470E-03   0.428744E-03   0.349295E-01   0.180921E-02   0.350000E-03
 246  -0.133387E-02  -0.104404E-03   0.365857E-01   0.213221E-02   0.400000E-03
 247  -0.133440E-02  -0.379596E-03   0.379891E-01   0.138813E-02   0.350000E-03
 248  -0.115630E-02  -0.577963E-05   0.396088E-01   0.816654E-03   0.300000E-03
 249  -0.334151E-03   0.855170E-03   0.416496E-01   0.790298E-03   0.300000E-03
 250  -0.129325E-02  -0.323307E-04   0.437374E-01   0.243664E-03   0.250000E-03
 251  -0.797423E-03   0.782286E-04   0.446044E-01   0.298519E-02   0.400000E-03
 252  -0.147752E-02  -0.377197E-04   0.337814E-01   0.773074E-02   0.350000E-03
 253  -0.329872E-03  -0.324134E-05   0.211879E-02   0.739670E-02   0.350000E-03
 254  -0.708800E-03   0.431411E-03   0.138741E-02   0.939065E-03   0.350000E-03
 255   0.328087E-04  -0.136346E-02   0.229919E-02   0.971907E-03   0.300000E-03
 256   0.129171E-03   0.198468E-03   0.482991E-02   0.194713E-02   0.300000E-03
 257  -0.645760E-03   0.297069E-03   0.674161E-02   0.236692E-02   0.300000E-03
 258   0.499239E-03  -0.171541E-03   0.838456E-02   0.227017E-02   0.350000E-03
 259  -0.546456E-03   0.477182E-03   0.903249E-02   0.282788E-02   0.450000E-03
 260  -0.362334E-03   0.234788E-03   0.986744E-02   0.258786E-02   0.400000E-03
 261  -0.429267E-03   0.162083E-03   0.116556E-01   0.179165E-02   0.300000E-03
 262   0.641828E-03   0.102234E-02   0.121622E-01   0.219519E-02   0.350000E-03
 263  -0.115377E-02   0.876422E-03   0.135855E-01   0.168566E-02   0.350000E-03
 264  -0.140260E-02   0.126750E-02   0.149025E-01   0.221035E-02   0.300000E-03
 265  -0.383312E-03  -0.370883E-03   0.166448E-01   0.253333E-02   0.200000E-03
 266  -0.112693E-02   0.138410E-02   0.170408E-01   0.231976E-02   0.250000E-03
 267  -0.885814E-03   0.781028E-03   0.171241E-01   0.280817E-02   0.250000E-03
 268  -0.823703E-03   0.241682E-03   0.186716E-01   0.263391E-02   0.250000E-03
 269  -0.210363E-03  -0.432473E-04   0.191056E-01   0.296714E-02   0.250000E-03
 270  -0.655827E-03  -0.955502E-04   0.197028E-01   0.291887E-02   0.350000E-03
 271  -0.787501E-03  -0.133798E-02   0.219253E-01   0.185758E-02   0.250000E-03
 272  -0.904199E-03  -0.210531E-03   0.223549E-01   0.275656E-02   0.400000E-03
 273  -0.187151E-02  -0.221718E-03   0.235025E-01   0.284256E-02   0.400000E-03
 274  -0.401416E-03  -0.313650E-03   0.258342E-01   0.201827E-02   0.250000E-03
 275  -0.561192E-03  -0.221442E-03   0.262677E-01   0.226174E-02   0.250000E-03
 276  -0.320728E-03  -0.126040E-03   0.275058E-01   0.195082E-02   0.300000E-03
 277   0.187161E-04   0.579704E-03   0.294681E-01   0.217488E-02   0.200000E-03
 278  -0.199110E-02  -0.264511E-04   0.318952E-01   0.238239E-02   0.350000E-03
 279  -0.177664E-02   0.143570E-03   0.323968E-01   0.270332E-02   0.250000E-03
 280  -0.224741E-02   0.319314E-03   0.342849E-01   0.187079E-02   0.300000E-03
 281  -0.146357E-02   0.516615E-03   0.358845E-01   0.172995E-02   0.300000E-03
 282  -0.110038E-02   0.198877E-03   0.375431E-01   0.179916E-02   0.250000E-03
 283  -0.112816E-02   0.353356E-03   0.384883E-01   0.161993E-02   0.200000E-03
 284  -0.890926E-03  -0.442878E-03   0.385466E-01   0.117400E-02   0.250000E-03
 285  -0.136616E-02  -0.746142E-04   0.410967E-01   0.121860E-02   0.350000E-03
 286   0.547901E-03   0.125433E-02   0.432195E-01   0.892602E-03   0.300000E-03
 287  -0.114001E-02   0.156540E-02   0.428427E-01   0.121767E-02   0.200000E-03
 288  -0.183639E-03   0.304549E-03   0.588314E-02   0.793448E-02   0.350000E-03
 289   0.147525E-03   0.771849E-03   0.245561E-03   0.226905E-02   0.250000E-03
 290  -0.129648E-02  -0.511945E-03   0.185869E-02   0.137669E-02   0.300000E-03
 291   0.236993E-03   0.323067E-03   0.250017E-02   0.164173E-02   0.400000E-03
 292  -0.127357E-03   0.442639E-03   0.312680E-02   0.151224E-02   0.250000E-03
 293  -0.860338E-03   0.520107E-03   0.570505E-02   0.257386E-02   0.300000E-03
 294   0.105716E-04   0.245810E-03   0.819925E-02   0.299029E-02   0.400000E-03
 295  -0.536031E-03   0.674875E-03   0.968668E-02   0.336664E-02   0.400000E-03
 296  -0.705154E-04   0.212303E-03   0.111209E-01   0.190425E-02   0.250000E-03
 297  -0.504112E-03  -0.110959E-04   0.107239E-01   0.192238E-02   0.150000E-03
 298  -0.373049E-03   0.947257E-03   0.126686E-01   0.168727E-02   0.200000E-03
 299   0.228485E-03   0.302176E-03   0.139002E-01   0.232337E-02   0.250000E-03
 300  -0.131797E-02  -0.128703E-03   0.148727E-01   0.270653E-02   0.200000E-03
 301  -0.599968E-04   0.159665E-02   0.154664E-01   0.238461E-02   0.300000E-03
 302  -0.677662E-03   0.434387E-03   0.170862E-01   0.335171E-02   0.300000E-03
 303  -0.496562E-03   0.118488E-02   0.180549E-01   0.251328E-02   0.200000E-03
 304  -0.114731E-02   0.397300E-03   0.182564E-01   0.291017E-02   0.250000E-03
 305  -0.951821E-03   0.150358E-03   0.193847E-01   0.330207E-02   0.150000E-03
 306  -0.528780E-03   0.734930E-03   0.204536E-01   0.282584E-02   0.350000E-03
 307  -0.106557E-02  -0.440733E-03   0.218499E-01   0.235000E-02   0.250000E-03
 308  -0.516490E-03   0.374710E-03   0.228224E-01   0.333986E-02   0.350000E-03
 309   0.240937E-03  -0.588367E-03   0.245936E-01   0.260415E-02   0.400000E-03
 310  -0.469510E-03  -0.153657E-03   0.251872E-01   0.223729E-02   0.300000E-03
 311  -0.991038E-04  -0.116327E-03   0.273191E-01   0.256940E-02   0.350000E-03
 312   0.525098E-04  -0.165339E-04   0.281525E-01   0.192062E-02   0.350000E-03
 313  -0.102064E-02  -0.422393E-03   0.297062E-01   0.255219E-02   0.250000E-03
 314  -0.174547E-02  -0.140900E-03   0.312535E-01   0.232465E-02   0.300000E-03
 315  -0.101884E-02   0.192270E-03   0.334688E-01   0.286552E-02   0.300000E-03
 316  -0.100588E-02  -0.449379E-03   0.338261E-01   0.232924E-02   0.350000E-03
 317  -0.114183E-02  -0.420389E-03   0.350600E-01   0.254622E-02   0.400000E-03
 318  -0.196315E-02   0.405341E-04   0.358461E-01   0.242474E-02   0.400000E-03
 319  -0.145241E-02  -0.808355E-03   0.389722E-01   0.143259E-02   0.250000E-03
 320  -0.930996E-03  -0.473480E-03   0.398277E-01   0.141798E-02   0.300000E-03
 321  -0.191021E-02  -0.212314E-03   0.404219E-01   0.134673E-02   0.300000E-03
 322  -0.139465E-02   0.588482E-03   0.425926E-01   0.731818E-03   0.350000E-03
 323  -0.628776E-03   0.140183E-02   0.439724E-01   0.211550E-02   0.350000E-03
 324  -0.939001E-03   0.172428E-03   0.396206E-01   0.716725E-02   0.250000E-03
 325  -0.295024E-03   0.101897E-04   0.150445E-02   0.760824E-02   0.300000E-03
 326  -0.715039E-03   0.352763E-03   0.124155E-02   0.151827E-02   0.250000E-03
 327  -0.138707E-03   0.648325E-03   0.197606E-02   0.217401E-02   0.350000E-03
 328  -0.631787E-04   0.170447E-03   0.380809E-02   0.162591E-02   0.450000E-03
 329  -0.341339E-03   0.463811E-03   0.661677E-02   0.313235E-02   0.400000E-03
 330  -0.833326E-03   0.498497E-03   0.726371E-02   0.275331E-02   0.350000E-03
 331  -0.259820E-03   0.182233E-03   0.780115E-02   0.240968E-02   0.250000E-03
 332  -0.388816E-03   0.642796E-03   0.107855E-01   0.251498E-02   0.450000E-03
 333  -0.570399E-03   0.656957E-03   0.115219E-01   0.237563E-02   0.300000E-03
 334  -0.735642E-03   0.527038E-03   0.130411E-01   0.193402E-02   0.250000E-03
 335  -0.107669E-02   0.341532E-03   0.134084E-01   0.226840E-02   0.250000E-03
 336  -0.550251E-03   0.513654E-04   0.144010E-01   0.254524E-02   0.300000E-03
 337   0.325247E-03   0.526535E-03   0.161306E-01   0.252335E-02   0.300000E-03
 338  -0.304847E-03  -0.228371E-04   0.167076E-01   0.374004E-02   0.250000E-03
 339  -0.462043E-03   0.459897E-03   0.176919E-01   0.311716E-02   0.350000E-03
 340  -0.111029E-02   0.401796E-03   0.189976E-01   0.352795E-02   0.300000E-03
 341  -0.707780E-03   0.430806E-03   0.201435E-01   0.339136E-02   0.300000E-03
 342  -0.763349E-03   0.392834E-03   0.206356E-01   0.334312E-02   0.200000E-03
 343  -0.106789E-02   0.165760E-03   0.216644E-01   0.286287E-02   0.300000E-03
 344  -0.712493E-03   0.260493E-03   0.239345E-01   0.331753E-02   0.250000E-03
 345  -0.500873E-03  -0.522617E-03   0.251888E-01   0.296957E-02   0.300000E-03
 346  -0.595723E-03  -0.144157E-03   0.257214E-01   0.260513E-02   0.350000E-03
 347  -0.680941E-03   0.477858E-04   0.264110E-01   0.289190E-02   0.400000E-03
 348  -0.295970E-03   0.474879E-03   0.290127E-01   0.197184E-02   0.300000E-03
 349  -0.103093E-02   0.122780E-03   0.301428E-01   0.284064E-02   0.250000E-03
 350  -0.162787E-02  -0.327212E-03   0.320778E-01   0.314764E-02   0.300000E-03
 351  -0.144149E-02   0.586044E-03   0.328585E-01   0.308095E-02   0.350000E-03
 352  -0.166266E-02   0.116228E-03   0.344940E-01   0.310349E-02   0.400000E-03
 353  -0.185067E-02   0.108036E-03   0.358818E-01   0.301918E-02   0.200000E-03
 354  -0.100189E-02  -0.160654E-03   0.372324E-01   0.219024E-02   0.250000E-03
 355  -0.115473E-02  -0.184181E-03   0.380347E-01   0.203478E-02   0.300000E-03
 356  -0.776564E-03  -0.486207E-03   0.393771E-01   0.162467E-02   0.200000E-03
 357  -0.189329E-02   0.307286E-03   0.408097E-01   0.179690E-02   0.300000E-03
 358  -0.687939E-03   0.343847E-03   0.416826E-01   0.133404E-02   0.250000E-03
 359   0.548943E-03  -0.506660E-03   0.442585E-01   0.528434E-02   0.250000E-03
 360   0.149307E-02   0.103019E-02   0.448000E-01   0.417739E-02   0.200000E-03
 361   0.641392E-04   0.223395E-03   0.681353E-03   0.274280E-02   0.400000E-03
 362  -0.106801E-03   0.190428E-03   0.147813E-02   0.273191E-02   0.400000E-03
 363  -0.648834E-04   0.280205E-03   0.309131E-02   0.201092E-02   0.250000E-03
 364   0.943857E-04  -0.266261E-04   0.491397E-02   0.254022E-02   0.300000E-03
 365  -0.357271E-03   0.481118E-03   0.591685E-02   0.313414E-02   0.300000E-03
 366  -0.370744E-03   0.297431E-03   0.617814E-02   0.367353E-02   0.300000E-03
 367  -0.123965E-03  -0.154471E-03   0.866870E-02   0.336381E-02   0.200000E-03
 368  -0.380098E-04   0.447504E-03   0.103342E-01   0.310739E-02   0.300000E-03
 369  -0.564600E-03   0.622027E-03   0.118640E-01   0.292756E-02   0.350000E-03
 370  -0.498150E-03   0.323709E-03   0.128218E-01   0.254228E-02   0.400000E-03
 371   0.691740E-04   0.165404E-03   0.137348E-01   0.284394E-02   0.300000E-03
 372  -0.113172E-02   0.923731E-04   0.150649E-01   0.327182E-02   0.400000E-03
 373  -0.397173E-03   0.941239E-03   0.156948E-01   0.293161E-02   0.300000E-03
 374   0.640986E-05   0.338987E-03   0.164134E-01   0.316157E-02   0.400000E-03
 375  -0.706018E-03   0.211739E-03   0.175456E-01   0.393595E-02   0.450000E-03
 376  -0.821183E-03   0.152711E-03   0.186715E-01   0.308315E-02   0.200000E-03
 377  -0.102048E-02   0.415740E-03   0.196076E-01   0.374856E-02   0.350000E-03
 378  -0.679321E-03   0.621216E-03   0.210809E-01   0.263009E-02   0.300000E-03
 379  -0.121490E-02   0.229965E-03   0.211771E-01   0.328837E-02   0.350000E-03
 380  -0.931121E-03  -0.626416E-03   0.220038E-01   0.341711E-02   0.350000E-03
 381   0.611864E-04   0.311346E-03   0.245250E-01   0.334905E-02   0.350000E-03
 382  -0.551400E-03   0.574170E-03   0.267972E-01   0.346849E-02   0.300000E-03
 383   0.170167E-03  -0.117687E-03   0.279070E-01   0.246430E-02   0.250000E-03
 384   0.247778E-03  -0.388117E-04   0.285915E-01   0.239276E-02   0.300000E-03
 385  -0.761719E-03  -0.336223E-03   0.291607E-01   0.257069E-02   0.300000E-03
 386  -0.592136E-03   0.457910E-03   0.307340E-01   0.262274E-02   0.300000E-03
 387  -0.123968E-02   0.478512E-05   0.324738E-01   0.366000E-02   0.350000E-03
 388  -0.169523E-02   0.337207E-04   0.354143E-01   0.346006E-02   0.450000E-03
 389  -0.175137E-02  -0.227494E-03   0.360571E-01   0.337562E-02   0.200000E-03
 390  -0.129617E-02   0.406062E-04   0.364716E-01   0.291902E-02   0.400000E-03
 391  -0.917380E-03  -0.104383E-03   0.376755E-01   0.251415E-02   0.300000E-03
 392  -0.140181E-02  -0.235677E-03   0.390479E-01   0.192632E-02   0.250000E-03
 393  -0.157253E-02  -0.358720E-03   0.396132E-01   0.212266E-02   0.350000E-03
 394  -0.135850E-02   0.437066E-03   0.422272E-01   0.126850E-02   0.300000E-03
 395  -0.840932E-03   0.731509E-03   0.439066E-01   0.147074E-02   0.300000E-03
 396  -0.278045E-03   0.161566E-02   0.444252E-01   0.241981E-02   0.200000E-03
 397  -0.968237E-04   0.173110E-03   0.972288E-03   0.348586E-02   0.400000E-03
 398  -0.121009E-03   0.356777E-03   0.264137E-02   0.232712E-02   0.300000E-03
 399   0.130241E-04   0.780736E-04   0.354260E-02   0.232523E-02   0.300000E-03
 400   0.387234E-05  -0.687462E-04   0.424168E-02   0.235603E-02   0.400000E-03
 401  -0.402837E-03   0.281465E-03   0.574803E-02   0.392066E-02   0.200000E-03
 402  -0.690616E-03   0.536237E-03   0.729238E-02   0.344829E-02   0.350000E-03
 403  -0.318996E-03   0.365852E-03   0.852729E-02   0.378893E-02   0.250000E-03
 404  -0.299807E-03   0.446655E-03   0.906170E-02   0.367516E-02   0.300000E-03
 405  -0.308120E-03   0.459898E-03   0.119633E-01   0.347544E-02   0.200000E-03
 406  -0.701272E-03   0.512382E-03   0.125266E-01   0.327808E-02   0.400000E-03
 407  -0.500786E-03   0.356702E-03   0.132079E-01   0.312411E-02   0.300000E-03
 408  -0.174064E-03   0.606255E-04   0.142672E-01   0.329645E-02   0.400000E-03
 409  -0.230665E-03   0.254909E-03   0.157485E-01   0.357115E-02   0.350000E-03
 410  -0.455138E-03  -0.533420E-04   0.162299E-01   0.400003E-02   0.300000E-03
 411  -0.265515E-03   0.558181E-03   0.167557E-01   0.428467E-02   0.300000E-03
 412  -0.110012E-02   0.316247E-03   0.183014E-01   0.355385E-02   0.400000E-03
 413  -0.836306E-03   0.174889E-03   0.202969E-01   0.396731E-02   0.300000E-03
 414  -0.969308E-03   0.115930E-03   0.208058E-01   0.375943E-02   0.250000E-03
 415  -0.126727E-02  -0.191703E-03   0.208331E-01   0.440869E-02   0.400000E-03
 416  -0.254340E-03   0.242392E-04   0.224738E-01   0.400025E-02   0.400000E-03
 417  -0.826995E-03   0.267992E-03   0.234367E-01   0.353776E-02   0.300000E-03
 418  -0.492875E-03  -0.848567E-04   0.251624E-01   0.361664E-02   0.350000E-03
 419  -0.393412E-04   0.223861E-03   0.278214E-01   0.305554E-02   0.350000E-03
 420   0.670081E-04   0.475501E-03   0.283979E-01   0.290084E-02   0.250000E-03
 421  -0.110867E-02  -0.159827E-03   0.296257E-01   0.313883E-02   0.350000E-03
 422  -0.178380E-02  -0.352474E-03   0.313335E-01   0.306953E-02   0.450000E-03
 423  -0.153317E-02  -0.257066E-03   0.338128E-01   0.340519E-02   0.350000E-03
 424  -0.181985E-02   0.296173E-04   0.347311E-01   0.376066E-02   0.300000E-03
 425  -0.133656E-02   0.104836E-04   0.369808E-01   0.339305E-02   0.300000E-03
 426  -0.104671E-02   0.481621E-06   0.371635E-01   0.282162E-02   0.300000E-03
 427  -0.114105E-02   0.790409E-05   0.380247E-01   0.312800E-02   0.300000E-03
 428  -0.165694E-02  -0.251609E-04   0.385788E-01   0.209097E-02   0.250000E-03
 429  -0.156637E-02  -0.364195E-03   0.402228E-01   0.190714E-02   0.300000E-03
 430  -0.214074E-03   0.116097E-02   0.419460E-01   0.186713E-02   0.350000E-03
 431  -0.104054E-02   0.109726E-02   0.426883E-01   0.179429E-02   0.400000E-03
 432   0.284893E-03   0.648474E-03   0.433101E-01   0.147945E-02   0.300000E-03
 433   0.713377E-04   0.130222E-03   0.347331E-03   0.396126E-02   0.350000E-03
 434  -0.123454E-02  -0.305072E-03   0.159030E-02   0.179184E-02   0.200000E-03
 435  -0.357686E-03   0.570408E-03   0.313646E-02   0.283047E-02   0.350000E-03
 436  -0.176032E-04  -0.355290E-04   0.529445E-02   0.293421E-02   0.250000E-03
 437  -0.348355E-03   0.465221E-03   0.562604E-02   0.354005E-02   0.200000E-03
 438  -0.226303E-03   0.352381E-03   0.675889E-02   0.381590E-02   0.300000E-03
 439  -0.101932E-03   0.641309E-03   0.793863E-02   0.368973E-02   0.350000E-03
 440  -0.436600E-03   0.669549E-03   0.108746E-01   0.374651E-02   0.200000E-03
 441  -0.565412E-03   0.369597E-03   0.109154E-01   0.325069E-02   0.300000E-03
 442  -0.479138E-03   0.478043E-03   0.130786E-01   0.370761E-02   0.300000E-03
 443  -0.479627E-03   0.266648E-03   0.136396E-01   0.346426E-02   0.250000E-03
 444  -0.979337E-03   0.651839E-03   0.152250E-01   0.395151E-02   0.300000E-03
 445  -0.102406E-02   0.627558E-03   0.157039E-01   0.445942E-02   0.400000E-03
 446  -0.276578E-03   0.613869E-03   0.163015E-01   0.448825E-02   0.200000E-03
 447  -0.536271E-03   0.257798E-03   0.172493E-01   0.461956E-02   0.300000E-03
 448  -0.101645E-02   0.444097E-04   0.183419E-01   0.445074E-02   0.500000E-03
 449  -0.745073E-03   0.480296E-04   0.192369E-01   0.439762E-02   0.400000E-03
 450  -0.538682E-03  -0.886140E-04   0.199316E-01   0.443974E-02   0.300000E-03
 451  -0.127750E-02  -0.166666E-03   0.214946E-01   0.396371E-02   0.400000E-03
 452  -0.552939E-03   0.481016E-03   0.219636E-01   0.454405E-02   0.350000E-03
 453  -0.735576E-03   0.368392E-04   0.240671E-01   0.389976E-02   0.350000E-03
 454  -0.555425E-03   0.436108E-04   0.257845E-01   0.330184E-02   0.350000E-03
 455  -0.282910E-03   0.329491E-04   0.269980E-01   0.301295E-02   0.200000E-03
 456  -0.808677E-03  -0.826697E-04   0.289284E-01   0.317704E-02   0.350000E-03
 457  -0.501217E-03   0.398990E-03   0.305614E-01   0.319353E-02   0.300000E-03
 458  -0.376806E-03   0.430937E-03   0.307018E-01   0.382136E-02   0.350000E-03
 459  -0.139076E-02  -0.792256E-04   0.317809E-01   0.372883E-02   0.350000E-03
 460  -0.124939E-02  -0.133912E-03   0.341939E-01   0.386483E-02   0.250000E-03
 461  -0.140658E-02   0.657673E-04   0.364607E-01   0.356621E-02   0.250000E-03
 462  -0.134509E-02  -0.135276E-04   0.376413E-01   0.426586E-02   0.300000E-03
 463  -0.112155E-02   0.899471E-04   0.382689E-01   0.258335E-02   0.300000E-03
 464  -0.167049E-02   0.588862E-04   0.390090E-01   0.263957E-02   0.450000E-03
 465  -0.168665E-02  -0.891632E-04   0.407047E-01   0.238427E-02   0.300000E-03
 466   0.237173E-03   0.460256E-03   0.411755E-01   0.254813E-02   0.200000E-03
 467  -0.570030E-03   0.312792E-03   0.435701E-01   0.255850E-02   0.250000E-03
 468  -0.681165E-03  -0.221272E-03   0.435677E-01   0.383187E-02   0.350000E-03
 469   0.906640E-04   0.153956E-03   0.105323E-02   0.433052E-02   0.450000E-03
 470  -0.203599E-03   0.518160E-03   0.217539E-02   0.278869E-02   0.300000E-03
 471  -0.402082E-03   0.572484E-03   0.385234E-02   0.305359E-02   0.400000E-03
 472  -0.458221E-03   0.583403E-03   0.454994E-02   0.301009E-02   0.300000E-03
 473  -0.366797E-03   0.559886E-03   0.502667E-02   0.352240E-02   0.400000E-03
 474  -0.611208E-03   0.774688E-03   0.744055E-02   0.402275E-02   0.250000E-03
 475   0.623003E-04   0.275709E-03   0.811218E-02   0.436368E-02   0.350000E-03
 476  -0.408232E-03   0.280368E-03   0.953222E-02   0.404570E-02   0.300000E-03
 477  -0.353562E-03   0.626097E-03   0.113154E-01   0.289075E-02   0.200000E-03
 478  -0.653252E-03   0.540443E-04   0.122261E-01   0.395809E-02   0.350000E-03
 479  -0.294897E-03   0.378622E-03   0.141948E-01   0.394028E-02   0.250000E-03
 480  -0.624434E-03  -0.146817E-03   0.146819E-01   0.379648E-02   0.250000E-03
 481  -0.642514E-03   0.202814E-03   0.147903E-01   0.428444E-02   0.250000E-03
 482  -0.154802E-03   0.186867E-03   0.162714E-01   0.508021E-02   0.400000E-03
 483  -0.490358E-03   0.170314E-03   0.169671E-01   0.514692E-02   0.300000E-03
 484  -0.878870E-03   0.161777E-03   0.186370E-01   0.519212E-02   0.300000E-03
 485  -0.607907E-03   0.155761E-03   0.196474E-01   0.502238E-02   0.350000E-03
 486  -0.363858E-03   0.227375E-04   0.203123E-01   0.489911E-02   0.300000E-03
 487  -0.375553E-03   0.395494E-03   0.213759E-01   0.491934E-02   0.350000E-03
 488  -0.547293E-03   0.229834E-03   0.218986E-01   0.508876E-02   0.200000E-03
 489  -0.665772E-03   0.559395E-04   0.246646E-01   0.394846E-02   0.250000E-03
 490  -0.323848E-03   0.639991E-03   0.273339E-01   0.338843E-02   0.250000E-03
 491  -0.337126E-03  -0.845133E-04   0.283385E-01   0.344552E-02   0.300000E-03
 492  -0.887855E-03  -0.220186E-03   0.293228E-01   0.381332E-02   0.400000E-03
 493  -0.101584E-03   0.668058E-03   0.300976E-01   0.358428E-02   0.300000E-03
 494   0.580793E-03   0.203788E-03   0.312358E-01   0.371147E-02   0.200000E-03
 495  -0.148226E-02  -0.307947E-03   0.328793E-01   0.402588E-02   0.200000E-03
 496  -0.136404E-02  -0.545613E-03   0.359423E-01   0.419609E-02   0.350000E-03
 497  -0.163227E-02   0.160144E-03   0.360943E-01   0.372181E-02   0.150000E-03
 498  -0.126116E-02   0.144816E-03   0.373479E-01   0.380171E-02   0.250000E-03
 499  -0.112017E-02   0.124868E-03   0.375224E-01   0.333536E-02   0.250000E-03
 500  -0.170224E-02  -0.900070E-04   0.393978E-01   0.309532E-02   0.150000E-03
 501  -0.135040E-02  -0.261939E-03   0.401597E-01   0.245150E-02   0.250000E-03
 502   0.101813E-03   0.117828E-02   0.413350E-01   0.207864E-02   0.300000E-03
 503  -0.119911E-02   0.381928E-03   0.429743E-01   0.262172E-02   0.350000E-03
 504   0.245860E-03   0.157535E-02   0.433251E-01   0.207487E-02   0.300000E-03
 505  -0.571287E-04   0.255860E-03   0.165009E-02   0.380153E-02   0.350000E-03
 506  -0.372369E-04   0.499348E-03   0.187008E-02   0.324592E-02   0.250000E-03
 507  -0.215067E-03   0.571090E-03   0.332498E-02   0.342760E-02   0.250000E-03
 508  -0.465514E-03   0.486306E-03   0.433045E-02   0.356402E-02   0.300000E-03
 509  -0.307271E-03   0.198527E-03   0.609323E-02   0.421629E-02   0.250000E-03
 510  -0.473983E-03   0.536481E-03   0.749696E-02   0.456280E-02   0.300000E-03
 511  -0.298119E-03   0.450727E-03   0.878488E-02   0.427327E-02   0.300000E-03
 512  -0.293554E-03   0.712795E-03   0.103269E-01   0.375496E-02   0.350000E-03
 513  -0.372095E-03   0.488567E-03   0.114669E-01   0.347704E-02   0.300000E-03
 514  -0.476229E-03   0.356236E-03   0.128518E-01   0.436876E-02   0.400000E-03
 515  -0.294973E-03   0.433748E-03   0.136114E-01   0.407929E-02   0.350000E-03
 516  -0.258622E-03   0.140062E-03   0.142503E-01   0.453574E-02   0.350000E-03
 517   0.722220E-03   0.815785E-03   0.151541E-01   0.444971E-02   0.150000E-03
 518  -0.239860E-03   0.313469E-03   0.154845E-01   0.522490E-02   0.400000E-03
 519  -0.687234E-03  -0.744502E-04   0.177351E-01   0.504158E-02   0.350000E-03
 520  -0.671245E-03   0.267731E-03   0.191703E-01   0.546175E-02   0.300000E-03
 521  -0.542276E-03   0.139528E-03   0.201468E-01   0.557806E-02   0.400000E-03
 522  -0.121258E-02  -0.614091E-03   0.207526E-01   0.522686E-02   0.250000E-03
 523  -0.536104E-03   0.404203E-03   0.218770E-01   0.553646E-02   0.250000E-03
 524  -0.810907E-03  -0.684640E-04   0.231693E-01   0.406984E-02   0.300000E-03
 525  -0.483494E-03   0.600152E-05   0.252029E-01   0.436344E-02   0.400000E-03
 526  -0.490873E-03   0.874890E-04   0.256728E-01   0.391726E-02   0.250000E-03
 527  -0.839133E-03   0.234289E-03   0.277990E-01   0.370501E-02   0.300000E-03
 528  -0.826410E-03  -0.271385E-03   0.291797E-01   0.454817E-02   0.350000E-03
 529  -0.187526E-03   0.221272E-03   0.305500E-01   0.444586E-02   0.300000E-03
 530  -0.147059E-02  -0.175862E-04   0.321612E-01   0.405137E-02   0.150000E-03
 531  -0.148628E-02   0.345690E-03   0.330210E-01   0.360600E-02   0.200000E-03
 532  -0.154569E-02  -0.539558E-03   0.351988E-01   0.428121E-02   0.400000E-03
 533  -0.125170E-02   0.124576E-03   0.368253E-01   0.397123E-02   0.300000E-03
 534  -0.139538E-02   0.287430E-05   0.382256E-01   0.440004E-02   0.300000E-03
 535  -0.719292E-03  -0.153263E-04   0.379081E-01   0.372706E-02   0.300000E-03
 536  -0.955083E-03  -0.786914E-03   0.386330E-01   0.310524E-02   0.150000E-03
 537  -0.143896E-02  -0.327291E-03   0.404358E-01   0.273929E-02   0.150000E-03
 538  -0.178562E-03   0.565963E-03   0.417677E-01   0.249041E-02   0.300000E-03
 539  -0.614544E-03   0.515332E-03   0.423607E-01   0.240884E-02   0.300000E-03
 540  -0.368174E-03   0.246329E-03   0.439713E-01   0.284783E-02   0.250000E-03
 541   0.114000E-03   0.225492E-03   0.482092E-02   0.844454E-02   0.300000E-03
 542  -0.969452E-04   0.418347E-03   0.258151E-02   0.347370E-02   0.500000E-03
 543  -0.275539E-03   0.521354E-03   0.376400E-02   0.375476E-02   0.300000E-03
 544  -0.405990E-03   0.422309E-03   0.419675E-02   0.409336E-02   0.250000E-03
 545  -0.332185E-03   0.362752E-03   0.533371E-02   0.409172E-02   0.250000E-03
 546  -0.258638E-03   0.857621E-04   0.858764E-02   0.499659E-02   0.450000E-03
 547  -0.382615E-03   0.337073E-03   0.929091E-02   0.459352E-02   0.300000E-03
 548  -0.375601E-03   0.358650E-03   0.977669E-02   0.447841E-02   0.200000E-03
 549  -0.720503E-03   0.391522E-03   0.110592E-01   0.431470E-02   0.400000E-03
 550  -0.428811E-03   0.146494E-03   0.116283E-01   0.400179E-02   0.250000E-03
 551  -0.386801E-03   0.319108E-03   0.135291E-01   0.487474E-02   0.450000E-03
 552  -0.219249E-03   0.420899E-03   0.142423E-01   0.523328E-02   0.350000E-03
 553  -0.360786E-03   0.114513E-02   0.149117E-01   0.476916E-02   0.250000E-03
 554  -0.155935E-03   0.202017E-03   0.150705E-01   0.572281E-02   0.250000E-03
 555  -0.255628E-03   0.179601E-03   0.160046E-01   0.583081E-02   0.400000E-03
 556  -0.703921E-03   0.525449E-04   0.181502E-01   0.553869E-02   0.300000E-03
 557  -0.422458E-03  -0.405173E-03   0.188799E-01   0.481505E-02   0.150000E-03
 558  -0.175338E-03   0.505340E-03   0.212425E-01   0.565229E-02   0.400000E-03
 559  -0.359256E-03   0.125808E-03   0.226271E-01   0.463157E-02   0.250000E-03
 560  -0.890168E-03   0.150153E-03   0.237191E-01   0.438503E-02   0.250000E-03
 561  -0.423554E-03   0.393005E-04   0.259550E-01   0.444418E-02   0.350000E-03
 562  -0.225283E-03   0.116278E-03   0.262599E-01   0.381539E-02   0.350000E-03
 563  -0.529290E-03  -0.384381E-03   0.285801E-01   0.409874E-02   0.400000E-03
 564  -0.538753E-03  -0.330043E-03   0.285799E-01   0.479698E-02   0.300000E-03
 565  -0.507085E-03   0.215837E-03   0.299431E-01   0.422815E-02   0.350000E-03
 566  -0.154679E-02   0.373210E-03   0.312931E-01   0.436112E-02   0.450000E-03
 567  -0.183591E-02  -0.452341E-04   0.333138E-01   0.328759E-02   0.150000E-03
 568  -0.154704E-02  -0.228134E-03   0.338490E-01   0.385188E-02   0.100000E-03
 569  -0.140491E-02  -0.434693E-03   0.370069E-01   0.448693E-02   0.250000E-03
 570  -0.143154E-02  -0.305282E-04   0.378171E-01   0.483814E-02   0.300000E-03
 571  -0.133326E-02   0.355995E-04   0.384721E-01   0.352261E-02   0.300000E-03
 572  -0.467104E-03  -0.113446E-03   0.390564E-01   0.338796E-02   0.300000E-03
 573  -0.177016E-02   0.217402E-03   0.397383E-01   0.280166E-02   0.300000E-03
 574   0.610090E-04  -0.381484E-04   0.414145E-01   0.320350E-02   0.500000E-03
 575  -0.521262E-03   0.218355E-03   0.421286E-01   0.290446E-02   0.250000E-03
 576  -0.754051E-03  -0.862873E-03   0.444159E-01   0.385738E-02   0.300000E-03
 577   0.189039E-04   0.309653E-03   0.298355E-03   0.460805E-02   0.300000E-03
 578  -0.141148E-03   0.181883E-03   0.261456E-02   0.431808E-02   0.350000E-03
 579  -0.491046E-03   0.316210E-03   0.476555E-02   0.427974E-02   0.350000E-03
 580  -0.404657E-03  -0.129128E-04   0.544531E-02   0.457572E-02   0.250000E-03
 581  -0.552509E-04   0.591632E-03   0.706117E-02   0.414915E-02   0.150000E-03
 582  -0.446201E-03   0.142450E-02   0.792209E-02   0.487957E-02   0.200000E-03
 583  -0.333314E-03   0.349790E-03   0.992640E-02   0.490011E-02   0.250000E-03
 584  -0.250829E-03   0.410443E-03   0.103248E-01   0.445340E-02   0.350000E-03
 585  -0.418761E-03   0.179023E-03   0.107405E-01   0.513610E-02   0.450000E-03
 586  -0.554585E-03   0.157615E-03   0.118676E-01   0.449684E-02   0.300000E-03
 587  -0.463251E-04   0.334870E-03   0.123347E-01   0.467108E-02   0.200000E-03
 588  -0.343925E-03  -0.675510E-04   0.136229E-01   0.551754E-02   0.200000E-03
 589  -0.289510E-03   0.346033E-03   0.148385E-01   0.527346E-02   0.250000E-03
 590  -0.348851E-03   0.938439E-04   0.154290E-01   0.599323E-02   0.200000E-03
 591  -0.753607E-03  -0.101050E-03   0.173733E-01   0.551484E-02   0.250000E-03
 592  -0.719100E-03   0.232927E-03   0.181508E-01   0.613641E-02   0.300000E-03
 593  -0.546851E-03   0.418323E-03   0.195224E-01   0.594489E-02   0.300000E-03
 594  -0.332318E-03   0.308688E-03   0.206597E-01   0.612199E-02   0.350000E-03
 595  -0.689935E-03   0.205847E-03   0.222847E-01   0.498744E-02   0.200000E-03
 596  -0.696253E-03   0.105330E-03   0.232211E-01   0.471562E-02   0.350000E-03
 597  -0.757816E-03  -0.106021E-03   0.244281E-01   0.455301E-02   0.400000E-03
 598  -0.132860E-03   0.715054E-04   0.266500E-01   0.439392E-02   0.350000E-03
 599  -0.327997E-03   0.319701E-03   0.272062E-01   0.397031E-02   0.350000E-03
 600  -0.523736E-03  -0.928227E-04   0.299274E-01   0.487627E-02   0.300000E-03
 601  -0.294220E-03   0.109294E-03   0.305403E-01   0.508737E-02   0.350000E-03
 602   0.101960E-02  -0.629027E-03   0.309959E-01   0.488187E-02   0.150000E-03
 603  -0.150150E-02  -0.257327E-03   0.330240E-01   0.455456E-02   0.350000E-03
 604  -0.175052E-02  -0.192997E-03   0.334230E-01   0.398048E-02   0.350000E-03
 605  -0.137654E-02  -0.490242E-03   0.364230E-01   0.476754E-02   0.400000E-03
 606  -0.146204E-02  -0.168701E-03   0.385010E-01   0.513898E-02   0.450000E-03
 607  -0.132592E-02  -0.766864E-04   0.386393E-01   0.404161E-02   0.250000E-03
 608  -0.145917E-02   0.225030E-03   0.396580E-01   0.345995E-02   0.300000E-03
 609  -0.175688E-02   0.313574E-03   0.402510E-01   0.319906E-02   0.350000E-03
 610  -0.910409E-03   0.798003E-03   0.409156E-01   0.278161E-02   0.150000E-03
 611  -0.746711E-03  -0.182783E-03   0.428013E-01   0.360852E-02   0.450000E-03
 612  -0.490416E-03  -0.423811E-03   0.434451E-01   0.314101E-02   0.350000E-03
 613  -0.303531E-03   0.451156E-03   0.104532E-01   0.860810E-02   0.350000E-03
 614  -0.293243E-03   0.253005E-03   0.314107E-02   0.446606E-02   0.200000E-03
 615  -0.519619E-03   0.300454E-03   0.368503E-02   0.440370E-02   0.350000E-03
 616  -0.328377E-03   0.320122E-04   0.569682E-02   0.426598E-02   0.150000E-03
 617  -0.186479E-03   0.186929E-03   0.664535E-02   0.444998E-02   0.350000E-03
 618  -0.432852E-03   0.336030E-03   0.808679E-02   0.555259E-02   0.300000E-03
 619  -0.494374E-03   0.155631E-03   0.930917E-02   0.519093E-02   0.300000E-03
 620  -0.252853E-03   0.164329E-03   0.990409E-02   0.554754E-02   0.400000E-03
 621  -0.773043E-03   0.125879E-03   0.114141E-01   0.532547E-02   0.250000E-03
 622  -0.842111E-03   0.325753E-03   0.114403E-01   0.483402E-02   0.250000E-03
 623  -0.222249E-03   0.699515E-04   0.126807E-01   0.509811E-02   0.350000E-03
 624   0.364443E-05   0.166632E-03   0.139727E-01   0.571121E-02   0.200000E-03
 625  -0.217935E-03   0.216713E-03   0.144945E-01   0.588164E-02   0.350000E-03
 626  -0.736221E-03  -0.366764E-03   0.166280E-01   0.549846E-02   0.150000E-03
 627  -0.359691E-03  -0.183035E-03   0.169453E-01   0.564533E-02   0.200000E-03
 628  -0.562187E-03   0.210933E-03   0.175614E-01   0.602728E-02   0.300000E-03
 629  -0.654192E-03   0.130319E-03   0.188319E-01   0.644627E-02   0.450000E-03
 630  -0.694564E-03  -0.433202E-03   0.218583E-01   0.608587E-02   0.300000E-03
 631  -0.907664E-03   0.955510E-04   0.227680E-01   0.524729E-02   0.350000E-03
 632  -0.886321E-03   0.426149E-04   0.238364E-01   0.492180E-02   0.300000E-03
 633  -0.452515E-03   0.463762E-03   0.246847E-01   0.514668E-02   0.250000E-03
 634  -0.438894E-03   0.202417E-04   0.271831E-01   0.451650E-02   0.200000E-03
 635  -0.829566E-03  -0.394285E-04   0.278258E-01   0.447205E-02   0.450000E-03
 636  -0.722370E-03   0.121394E-03   0.293991E-01   0.515723E-02   0.300000E-03
 637  -0.442173E-03   0.279228E-03   0.303501E-01   0.570442E-02   0.300000E-03
 638  -0.174687E-02   0.246209E-03   0.321254E-01   0.472310E-02   0.350000E-03
 639  -0.178880E-02  -0.115646E-03   0.342868E-01   0.481275E-02   0.250000E-03
 640  -0.165815E-02  -0.546616E-03   0.345027E-01   0.431294E-02   0.300000E-03
 641  -0.116459E-02  -0.178818E-03   0.368878E-01   0.528987E-02   0.300000E-03
 642  -0.123208E-02  -0.739580E-04   0.372741E-01   0.490214E-02   0.250000E-03
 643  -0.142291E-02  -0.268689E-03   0.388056E-01   0.451015E-02   0.250000E-03
 644  -0.122802E-02  -0.575381E-04   0.392881E-01   0.405164E-02   0.400000E-03
 645  -0.630172E-03  -0.417581E-03   0.417221E-01   0.383156E-02   0.200000E-03
 646  -0.137594E-02   0.331769E-04   0.407704E-01   0.328921E-02   0.150000E-03
 647   0.499683E-03  -0.152621E-03   0.425696E-01   0.299337E-02   0.200000E-03
 648  -0.109675E-02  -0.470068E-03   0.448042E-01   0.354885E-02   0.200000E-03
 649  -0.850887E-04   0.285331E-03   0.713990E-03   0.488309E-02   0.200000E-03
 650  -0.944192E-04   0.962254E-04   0.266938E-02   0.500989E-02   0.350000E-03
 651  -0.281213E-03   0.466511E-03   0.320513E-02   0.397059E-02   0.300000E-03
 652  -0.551879E-03   0.183985E-03   0.457510E-02   0.489411E-02   0.200000E-03
 653  -0.283021E-03   0.580220E-03   0.656811E-02   0.494315E-02   0.150000E-03
 654  -0.420090E-03   0.310798E-03   0.745450E-02   0.525552E-02   0.400000E-03
 655  -0.159209E-03   0.334280E-03   0.876949E-02   0.577356E-02   0.350000E-03
 656  -0.452939E-03   0.248923E-03   0.935625E-02   0.589291E-02   0.250000E-03
 657  -0.462018E-03  -0.962035E-04   0.104792E-01   0.593244E-02   0.300000E-03
 658  -0.653565E-03   0.108640E-03   0.119824E-01   0.513605E-02   0.350000E-03
 659  -0.215895E-03   0.422283E-04   0.131557E-01   0.546339E-02   0.250000E-03
 660  -0.269897E-03   0.647017E-03   0.136231E-01   0.619718E-02   0.400000E-03
 661  -0.348744E-03   0.858809E-04   0.150144E-01   0.626987E-02   0.300000E-03
 662  -0.453006E-03  -0.107234E-03   0.163485E-01   0.643380E-02   0.300000E-03
 663  -0.491598E-03  -0.809520E-04   0.166390E-01   0.597017E-02   0.250000E-03
 664  -0.654517E-03   0.569856E-04   0.177714E-01   0.653296E-02   0.250000E-03
 665  -0.519352E-03   0.377027E-03   0.200274E-01   0.626699E-02   0.300000E-03
 666  -0.318946E-03   0.179717E-03   0.212678E-01   0.635038E-02   0.300000E-03
 667  -0.891270E-03   0.162111E-03   0.223745E-01   0.575897E-02   0.300000E-03
 668  -0.842513E-03   0.342404E-05   0.234103E-01   0.534239E-02   0.300000E-03
 669  -0.540233E-03  -0.777309E-04   0.248871E-01   0.475059E-02   0.100000E-03
 670  -0.228024E-03  -0.587662E-03   0.263943E-01   0.487946E-02   0.200000E-03
 671  -0.105088E-03   0.792288E-04   0.285240E-01   0.530395E-02   0.200000E-03
 672  -0.856509E-03  -0.116377E-03   0.281241E-01   0.510380E-02   0.250000E-03
 673  -0.450956E-03   0.385621E-05   0.310269E-01   0.558046E-02   0.350000E-03
 674  -0.158033E-02   0.266857E-03   0.315488E-01   0.511765E-02   0.350000E-03
 675  -0.147274E-02  -0.917656E-04   0.324998E-01   0.425944E-02   0.250000E-03
 676  -0.141113E-02  -0.173410E-03   0.347853E-01   0.478208E-02   0.250000E-03
 677  -0.117624E-02  -0.119514E-03   0.369708E-01   0.598300E-02   0.400000E-03
 678  -0.112159E-02  -0.760173E-04   0.374292E-01   0.537574E-02   0.250000E-03
 679  -0.139988E-02   0.304462E-03   0.390907E-01   0.541926E-02   0.200000E-03
 680  -0.126564E-02  -0.137276E-03   0.392622E-01   0.489787E-02   0.350000E-03
 681  -0.149706E-03   0.316085E-03   0.410905E-01   0.387616E-02   0.250000E-03
 682  -0.488904E-03  -0.183623E-03   0.421349E-01   0.340270E-02   0.250000E-03
 683  -0.874014E-03  -0.600018E-03   0.440209E-01   0.454722E-02   0.500000E-03
 684  -0.416569E-03  -0.373831E-03   0.440416E-01   0.339256E-02   0.300000E-03
 685  -0.818089E-04   0.219456E-03   0.349377E-03   0.727558E-02   0.350000E-03
 686  -0.383283E-03  -0.335042E-03   0.332925E-02   0.558134E-02   0.350000E-03
 687  -0.347962E-03   0.143411E-03   0.331355E-02   0.493395E-02   0.300000E-03
 688  -0.621562E-03   0.139637E-03   0.501661E-02   0.482379E-02   0.250000E-03
 689  -0.162801E-03   0.312774E-03   0.706182E-02   0.480315E-02   0.200000E-03
 690  -0.372460E-03   0.495247E-03   0.759933E-02   0.598475E-02   0.350000E-03
 691  -0.732241E-04   0.594222E-03   0.877997E-02   0.647257E-02   0.350000E-03
 692  -0.309184E-03   0.640060E-03   0.990104E-02   0.624668E-02   0.300000E-03
 693  -0.581040E-03   0.515744E-03   0.104000E-01   0.647329E-02   0.250000E-03
 694  -0.551430E-03  -0.146369E-03   0.111194E-01   0.584038E-02   0.350000E-03
 695  -0.456917E-03   0.639556E-03   0.128992E-01   0.600408E-02   0.350000E-03
 696  -0.408788E-03   0.265065E-03   0.146220E-01   0.719233E-02   0.250000E-03
 697  -0.171916E-03   0.381149E-03   0.143326E-01   0.661044E-02   0.400000E-03
 698  -0.189404E-03  -0.126928E-03   0.156554E-01   0.655042E-02   0.400000E-03
 699  -0.386489E-03  -0.790360E-04   0.170767E-01   0.659774E-02   0.450000E-03
 700  -0.396653E-03   0.224662E-03   0.182094E-01   0.686271E-02   0.300000E-03
 701  -0.563771E-03   0.373169E-03   0.195559E-01   0.663339E-02   0.300000E-03
 702  -0.333823E-03   0.423930E-03   0.204373E-01   0.683313E-02   0.400000E-03
 703  -0.883527E-03   0.856170E-04   0.230494E-01   0.594146E-02   0.400000E-03
 704  -0.654701E-03   0.509117E-03   0.241723E-01   0.553497E-02   0.400000E-03
 705  -0.524567E-03   0.435945E-03   0.251616E-01   0.500931E-02   0.250000E-03
 706  -0.489098E-03  -0.851174E-03   0.259752E-01   0.504254E-02   0.250000E-03
 707  -0.347458E-03  -0.632509E-05   0.269805E-01   0.507742E-02   0.400000E-03
 708  -0.551310E-03   0.226417E-03   0.298789E-01   0.542358E-02   0.250000E-03
 709  -0.166261E-02  -0.950564E-04   0.320769E-01   0.527012E-02   0.200000E-03
 710  -0.186326E-02   0.177563E-03   0.326461E-01   0.501935E-02   0.250000E-03
 711  -0.186064E-02  -0.162253E-03   0.337243E-01   0.460799E-02   0.350000E-03
 712  -0.145987E-02  -0.250909E-03   0.351330E-01   0.520740E-02   0.300000E-03
 713  -0.968077E-03   0.664234E-04   0.381583E-01   0.636422E-02   0.350000E-03
 714  -0.144342E-02  -0.233337E-03   0.379303E-01   0.570112E-02   0.350000E-03
 715  -0.133591E-02   0.155124E-03   0.388227E-01   0.564004E-02   0.150000E-03
 716  -0.129117E-02  -0.151937E-03   0.397270E-01   0.452879E-02   0.250000E-03
 717  -0.575001E-03  -0.236446E-03   0.400603E-01   0.366103E-02   0.150000E-03
 718  -0.449666E-03  -0.339870E-03   0.421667E-01   0.389999E-02   0.250000E-03
 719  -0.566172E-06  -0.539124E-03   0.448014E-01   0.544911E-02   0.200000E-03
 720  -0.554343E-03   0.759169E-03   0.434068E-01   0.727955E-02   0.350000E-03
 721   0.437762E-04   0.244720E-03   0.215188E-02   0.402424E-02   0.200000E-03
 722   0.124092E-03   0.542383E-04   0.202646E-02   0.509856E-02   0.300000E-03
 723  -0.390568E-03   0.376241E-03   0.425171E-02   0.458808E-02   0.250000E-03
 724  -0.267466E-03   0.185942E-03   0.602411E-02   0.486232E-02   0.400000E-03
 725  -0.212618E-03   0.353811E-03   0.692136E-02   0.512314E-02   0.150000E-03
 726  -0.202058E-03   0.326354E-03   0.651508E-02   0.549029E-02   0.400000E-03
 727  -0.327370E-03   0.460857E-03   0.822950E-02   0.613462E-02   0.300000E-03
 728  -0.454961E-03   0.657339E-03   0.937233E-02   0.639090E-02   0.250000E-03
 729  -0.475172E-03   0.677608E-03   0.971269E-02   0.682209E-02   0.300000E-03
 730  -0.409738E-03   0.414435E-03   0.123582E-01   0.560362E-02   0.250000E-03
 731  -0.323279E-03   0.581478E-03   0.122284E-01   0.619944E-02   0.350000E-03
 732  -0.146344E-03   0.585614E-03   0.131198E-01   0.660709E-02   0.250000E-03
 733  -0.417320E-03   0.300793E-03   0.149486E-01   0.681455E-02   0.250000E-03
 734  -0.740123E-03   0.388251E-03   0.161572E-01   0.688892E-02   0.200000E-03
 735  -0.747064E-04   0.105004E-03   0.176363E-01   0.716773E-02   0.350000E-03
 736  -0.624533E-03   0.426567E-03   0.191305E-01   0.724081E-02   0.400000E-03
 737  -0.510605E-03   0.461849E-03   0.198247E-01   0.716827E-02   0.300000E-03
 738  -0.303977E-03   0.168027E-03   0.215098E-01   0.700397E-02   0.400000E-03
 739  -0.919111E-03   0.323272E-04   0.224573E-01   0.639916E-02   0.350000E-03
 740  -0.331100E-03   0.199699E-03   0.237649E-01   0.616073E-02   0.350000E-03
 741  -0.616086E-03  -0.505271E-04   0.248322E-01   0.562275E-02   0.250000E-03
 742  -0.236295E-03  -0.705552E-04   0.263856E-01   0.532890E-02   0.250000E-03
 743  -0.837682E-03  -0.962432E-04   0.276263E-01   0.514023E-02   0.250000E-03
 744  -0.160131E-03   0.460380E-04   0.289012E-01   0.517944E-02   0.200000E-03
 745  -0.166150E-02   0.441423E-03   0.316121E-01   0.571394E-02   0.250000E-03
 746  -0.181674E-02   0.176480E-03   0.328067E-01   0.559603E-02   0.350000E-03
 747  -0.139775E-02   0.815812E-04   0.332785E-01   0.515064E-02   0.300000E-03
 748  -0.981139E-03  -0.502958E-03   0.356788E-01   0.485562E-02   0.350000E-03
 749  -0.141100E-02  -0.175058E-03   0.363168E-01   0.545715E-02   0.300000E-03
 750  -0.878768E-03  -0.866537E-04   0.385033E-01   0.587500E-02   0.250000E-03
 751  -0.105594E-02   0.250340E-03   0.391577E-01   0.593277E-02   0.300000E-03
 752  -0.180345E-02   0.159805E-03   0.401777E-01   0.422570E-02   0.300000E-03
 753  -0.130989E-02   0.172287E-03   0.407076E-01   0.299630E-02   0.150000E-03
 754  -0.485709E-03  -0.348530E-03   0.418880E-01   0.418411E-02   0.150000E-03
 755  -0.771477E-03  -0.108548E-03   0.425418E-01   0.414902E-02   0.150000E-03
 756  -0.724573E-03   0.420465E-03   0.431056E-01   0.670369E-02   0.300000E-03
 757   0.127324E-03   0.139830E-03   0.183930E-02   0.447624E-02   0.350000E-03
 758  -0.196323E-03  -0.309596E-03   0.402189E-02   0.565637E-02   0.350000E-03
 759  -0.283750E-03   0.141891E-03   0.390729E-02   0.501606E-02   0.300000E-03
 760  -0.282274E-03   0.285759E-03   0.472697E-02   0.556528E-02   0.300000E-03
 761  -0.438613E-03   0.340783E-03   0.539342E-02   0.535225E-02   0.400000E-03
 762  -0.387045E-03   0.458652E-03   0.589368E-02   0.590701E-02   0.350000E-03
 763  -0.173195E-03   0.391330E-03   0.688196E-02   0.619814E-02   0.400000E-03
 764  -0.291593E-03   0.174934E-03   0.815559E-02   0.672976E-02   0.300000E-03
 765   0.223461E-04   0.513866E-03   0.115534E-01   0.638355E-02   0.350000E-03
 766  -0.660474E-03   0.207696E-03   0.117624E-01   0.574737E-02   0.300000E-03
 767  -0.470767E-03   0.526455E-03   0.126820E-01   0.650837E-02   0.200000E-03
 768  -0.290959E-03   0.464568E-03   0.137254E-01   0.683783E-02   0.250000E-03
 769  -0.437956E-03   0.269961E-03   0.152492E-01   0.733309E-02   0.350000E-03
 770  -0.511052E-03   0.228169E-03   0.158326E-01   0.719926E-02   0.250000E-03
 771  -0.506898E-03   0.692153E-04   0.165564E-01   0.677496E-02   0.100000E-03
 772  -0.302497E-03   0.363897E-03   0.184896E-01   0.733242E-02   0.250000E-03
 773  -0.663461E-03   0.305088E-03   0.202173E-01   0.774709E-02   0.400000E-03
 774  -0.507910E-03   0.203489E-03   0.208925E-01   0.742438E-02   0.350000E-03
 775  -0.707739E-03   0.284091E-03   0.233022E-01   0.654041E-02   0.250000E-03
 776  -0.733049E-03  -0.760781E-03   0.249111E-01   0.606531E-02   0.200000E-03
 777  -0.720443E-03   0.391459E-03   0.255748E-01   0.483613E-02   0.200000E-03
 778  -0.515546E-03   0.100391E-03   0.259703E-01   0.549134E-02   0.200000E-03
 779  -0.655091E-03   0.204696E-03   0.278379E-01   0.564573E-02   0.300000E-03
 780  -0.686723E-03   0.291688E-03   0.294170E-01   0.580537E-02   0.350000E-03
 781  -0.476452E-03   0.231078E-03   0.307223E-01   0.603808E-02   0.200000E-03
 782  -0.162666E-02   0.578859E-04   0.321597E-01   0.576251E-02   0.300000E-03
 783  -0.182382E-02  -0.224880E-04   0.339143E-01   0.528040E-02   0.350000E-03
 784  -0.144642E-02   0.744812E-03   0.344623E-01   0.522517E-02   0.200000E-03
 785  -0.138777E-02  -0.152284E-03   0.356786E-01   0.555574E-02   0.350000E-03
 786   0.146371E-02   0.753377E-03   0.375842E-01   0.619517E-02   0.250000E-03
 787  -0.915866E-03   0.270374E-03   0.397214E-01   0.613220E-02   0.300000E-03
 788  -0.933755E-03   0.378144E-03   0.396348E-01   0.548897E-02   0.350000E-03
 789  -0.172648E-02   0.127226E-03   0.405562E-01   0.376445E-02   0.300000E-03
 790  -0.733433E-03  -0.219242E-03   0.414532E-01   0.428389E-02   0.300000E-03
 791  -0.127257E-02   0.368986E-03   0.431005E-01   0.435055E-02   0.350000E-03
 792  -0.933366E-03  -0.913330E-03   0.438726E-01   0.518000E-02   0.150000E-03
 793  -0.325211E-03  -0.368438E-03   0.284312E-02   0.547531E-02   0.150000E-03
 794  -0.221848E-03   0.338381E-03   0.244803E-02   0.545480E-02   0.150000E-03
 795  -0.471433E-03   0.849969E-04   0.435988E-02   0.522668E-02   0.200000E-03
 796  -0.449979E-03  -0.124952E-03   0.266333E-02   0.646437E-02   0.300000E-03
 797  -0.352887E-03  -0.457113E-03   0.449861E-02   0.623422E-02   0.400000E-03
 798  -0.861465E-04  -0.537167E-03   0.516147E-02   0.601132E-02   0.300000E-03
 799  -0.216298E-03   0.310779E-03   0.750782E-02   0.667529E-02   0.350000E-03
 800  -0.151492E-03  -0.255690E-03   0.883081E-02   0.706923E-02   0.250000E-03
 801  -0.586737E-03   0.488238E-03   0.108150E-01   0.674764E-02   0.250000E-03
 802  -0.113346E-03   0.727351E-03   0.112829E-01   0.691774E-02   0.250000E-03
 803  -0.251686E-03   0.396816E-03   0.120161E-01   0.675948E-02   0.250000E-03
 804  -0.207502E-03   0.367296E-03   0.132658E-01   0.713712E-02   0.300000E-03
 805  -0.124205E-03   0.201904E-03   0.140767E-01   0.726168E-02   0.300000E-03
 806  -0.644127E-03   0.526625E-03   0.157118E-01   0.763144E-02   0.200000E-03
 807   0.129196E-03   0.300117E-03   0.180615E-01   0.759042E-02   0.250000E-03
 808  -0.649560E-03   0.260494E-03   0.191510E-01   0.808914E-02   0.450000E-03
 809  -0.924212E-03   0.418320E-04   0.214779E-01   0.770340E-02   0.300000E-03
 810  -0.100026E-02   0.155347E-03   0.222083E-01   0.699454E-02   0.300000E-03
 811  -0.388918E-03   0.413003E-04   0.238034E-01   0.680707E-02   0.300000E-03
 812  -0.824691E-03   0.219292E-04   0.244260E-01   0.618679E-02   0.300000E-03
 813  -0.689809E-03   0.630328E-04   0.254262E-01   0.554236E-02   0.350000E-03
 814   0.534481E-03  -0.147871E-02   0.273470E-01   0.555168E-02   0.200000E-03
 815  -0.129792E-04   0.214217E-03   0.286718E-01   0.588258E-02   0.400000E-03
 816  -0.262075E-03   0.730044E-03   0.312046E-01   0.609481E-02   0.200000E-03
 817  -0.495397E-03   0.247074E-03   0.302458E-01   0.629343E-02   0.300000E-03
 818  -0.174010E-02  -0.890160E-04   0.325713E-01   0.619856E-02   0.300000E-03
 819  -0.185013E-02  -0.257665E-05   0.334436E-01   0.572717E-02   0.300000E-03
 820  -0.182981E-02   0.989840E-04   0.347265E-01   0.564779E-02   0.300000E-03
 821  -0.141879E-02   0.407812E-03   0.362382E-01   0.604933E-02   0.300000E-03
 822  -0.159659E-02   0.637900E-04   0.378335E-01   0.692709E-02   0.300000E-03
 823  -0.793398E-03   0.335323E-04   0.387550E-01   0.630666E-02   0.250000E-03
 824  -0.815958E-03   0.115743E-03   0.408169E-01   0.555448E-02   0.350000E-03
 825  -0.474173E-03   0.507526E-03   0.402562E-01   0.498523E-02   0.450000E-03
 826  -0.563096E-03   0.605357E-03   0.408028E-01   0.440178E-02   0.350000E-03
 827  -0.452448E-03  -0.370589E-03   0.422274E-01   0.439548E-02   0.250000E-03
 828  -0.710171E-03   0.154490E-03   0.402852E-01   0.692343E-02   0.350000E-03
 829  -0.413187E-03  -0.145581E-03   0.262648E-02   0.586708E-02   0.300000E-03
 830  -0.456454E-04   0.245711E-03   0.299799E-03   0.520714E-02   0.300000E-03
 831  -0.867357E-04  -0.172928E-04   0.313318E-03   0.570573E-02   0.200000E-03
 832  -0.471647E-03  -0.151025E-03   0.310451E-02   0.613646E-02   0.250000E-03
 833  -0.383289E-03   0.173310E-03   0.328018E-02   0.665598E-02   0.300000E-03
 834  -0.131360E-03  -0.307511E-03   0.509005E-02   0.660650E-02   0.300000E-03
 835   0.312538E-03  -0.334370E-04   0.573636E-02   0.679233E-02   0.300000E-03
 836  -0.198910E-03   0.518859E-03   0.755715E-02   0.737136E-02   0.350000E-03
 837  -0.620979E-03  -0.192204E-04   0.108175E-01   0.629875E-02   0.200000E-03
 838  -0.327733E-03   0.525224E-03   0.117478E-01   0.729555E-02   0.350000E-03
 839  -0.404533E-03   0.294286E-03   0.125693E-01   0.709722E-02   0.400000E-03
 840  -0.465229E-03   0.251129E-03   0.141528E-01   0.786963E-02   0.300000E-03
 841  -0.412208E-03   0.243096E-03   0.147355E-01   0.772984E-02   0.300000E-03
 842  -0.344734E-03   0.209577E-03   0.170534E-01   0.745233E-02   0.300000E-03
 843  -0.308311E-03   0.391709E-03   0.185011E-01   0.783000E-02   0.250000E-03
 844  -0.609824E-03   0.109738E-03   0.198557E-01   0.834566E-02   0.300000E-03
 845  -0.508920E-03   0.372823E-03   0.208769E-01   0.812242E-02   0.350000E-03
 846  -0.866943E-03   0.395187E-05   0.219858E-01   0.749596E-02   0.250000E-03
 847  -0.695947E-03   0.223906E-03   0.232756E-01   0.708922E-02   0.300000E-03
 848  -0.634814E-03  -0.124527E-04   0.244981E-01   0.688297E-02   0.400000E-03
 849  -0.685556E-03   0.173327E-03   0.254331E-01   0.623833E-02   0.350000E-03
 850  -0.342615E-03  -0.231569E-03   0.267432E-01   0.562435E-02   0.200000E-03
 851  -0.431655E-03   0.105324E-03   0.266171E-01   0.610457E-02   0.300000E-03
 852  -0.526039E-03   0.282224E-03   0.299162E-01   0.582165E-02   0.150000E-03
 853  -0.140725E-02   0.210657E-03   0.317042E-01   0.631976E-02   0.350000E-03
 854  -0.179700E-02  -0.904601E-04   0.327881E-01   0.681059E-02   0.350000E-03
 855  -0.299109E-03  -0.133647E-03   0.331679E-01   0.625967E-02   0.300000E-03
 856  -0.175349E-02   0.111080E-03   0.341227E-01   0.599815E-02   0.400000E-03
 857  -0.168113E-02   0.247796E-03   0.352144E-01   0.607585E-02   0.350000E-03
 858  -0.141424E-02   0.222022E-03   0.365660E-01   0.655153E-02   0.300000E-03
 859  -0.104647E-02   0.268423E-03   0.392850E-01   0.646658E-02   0.250000E-03
 860  -0.116891E-02   0.248271E-03   0.402114E-01   0.578604E-02   0.300000E-03
 861  -0.837003E-03   0.102105E-03   0.415145E-01   0.557050E-02   0.350000E-03
 862  -0.760161E-03  -0.400235E-04   0.409749E-01   0.497605E-02   0.250000E-03
 863  -0.127900E-02  -0.328471E-03   0.432749E-01   0.513067E-02   0.450000E-03
 864  -0.471178E-03   0.569983E-03   0.445513E-01   0.604766E-02   0.450000E-03
 865   0.112470E-04   0.277231E-04   0.137891E-02   0.505275E-02   0.350000E-03
 866   0.538883E-04   0.425670E-05   0.171092E-02   0.548599E-02   0.200000E-03
 867   0.119525E-03   0.401631E-04   0.204489E-02   0.626720E-02   0.350000E-03
 868  -0.790186E-03   0.639438E-03   0.367728E-02   0.620674E-02   0.300000E-03
 869  -0.399202E-03   0.738798E-04   0.334769E-02   0.719937E-02   0.250000E-03
 870  -0.347031E-03   0.433065E-03   0.623460E-02   0.645911E-02   0.300000E-03
 871  -0.177528E-03   0.315877E-03   0.689748E-02   0.689700E-02   0.300000E-03
 872  -0.407322E-03   0.319976E-03   0.921203E-02   0.681035E-02   0.200000E-03
 873  -0.613054E-03   0.640323E-03   0.102831E-01   0.700779E-02   0.300000E-03
 874  -0.431350E-03   0.482845E-03   0.117014E-01   0.797187E-02   0.300000E-03
 875  -0.451279E-03   0.436264E-03   0.122433E-01   0.771444E-02   0.300000E-03
 876  -0.250542E-03   0.316523E-03   0.136044E-01   0.762947E-02   0.300000E-03
 877  -0.475176E-03   0.484550E-03   0.146604E-01   0.832400E-02   0.300000E-03
 878  -0.727652E-03   0.353116E-03   0.164096E-01   0.737432E-02   0.350000E-03
 879  -0.236240E-03   0.679614E-03   0.175137E-01   0.775343E-02   0.250000E-03
 880  -0.455961E-03   0.218484E-05   0.176868E-01   0.827490E-02   0.300000E-03
 881  -0.864695E-03   0.238060E-03   0.219713E-01   0.804514E-02   0.300000E-03
 882  -0.861389E-03   0.216113E-03   0.227316E-01   0.715998E-02   0.250000E-03
 883  -0.445735E-03   0.231003E-03   0.229092E-01   0.661027E-02   0.150000E-03
 884  -0.487467E-03  -0.131495E-05   0.239853E-01   0.742997E-02   0.350000E-03
 885  -0.488965E-03   0.486097E-03   0.260973E-01   0.737910E-02   0.400000E-03
 886  -0.498584E-03   0.844653E-04   0.260307E-01   0.598610E-02   0.300000E-03
 887   0.113832E-03   0.759013E-03   0.284991E-01   0.660946E-02   0.350000E-03
 888  -0.688652E-03   0.326551E-03   0.295579E-01   0.659138E-02   0.450000E-03
 889  -0.714514E-04   0.488144E-03   0.308966E-01   0.666471E-02   0.450000E-03
 890  -0.178448E-02  -0.292570E-04   0.322216E-01   0.661989E-02   0.250000E-03
 891  -0.164161E-02  -0.553737E-04   0.337324E-01   0.663646E-02   0.350000E-03
 892  -0.168061E-02   0.244431E-03   0.346651E-01   0.658460E-02   0.400000E-03
 893  -0.141405E-02   0.383758E-03   0.357659E-01   0.641786E-02   0.300000E-03
 894  -0.822742E-03   0.139946E-03   0.385915E-01   0.677868E-02   0.250000E-03
 895  -0.104042E-02   0.230846E-03   0.391016E-01   0.698440E-02   0.300000E-03
 896  -0.510931E-03   0.112860E-02   0.419090E-01   0.695135E-02   0.300000E-03
 897  -0.728669E-03   0.396389E-03   0.424650E-01   0.660992E-02   0.350000E-03
 898  -0.340974E-03  -0.138355E-03   0.426193E-01   0.461503E-02   0.200000E-03
 899  -0.901914E-03  -0.370498E-03   0.424804E-01   0.519036E-02   0.350000E-03
 900  -0.479315E-03   0.488227E-03   0.438299E-01   0.570322E-02   0.350000E-03
 901  -0.342371E-04   0.442666E-04   0.129147E-02   0.564352E-02   0.250000E-03
 902  -0.416798E-03   0.100991E-03   0.307193E-02   0.761590E-02   0.250000E-03
 903   0.151123E-03   0.258305E-04   0.211535E-02   0.567244E-02   0.250000E-03
 904  -0.440147E-03   0.671402E-04   0.275532E-02   0.710649E-02   0.350000E-03
 905  -0.727254E-03   0.524258E-04   0.398515E-02   0.691032E-02   0.450000E-03
 906  -0.152153E-03   0.223291E-03   0.584945E-02   0.733550E-02   0.250000E-03
 907   0.222614E-03  -0.271083E-03   0.554475E-02   0.633111E-02   0.200000E-03
 908  -0.136178E-03   0.438929E-03   0.883650E-02   0.761812E-02   0.300000E-03
 909  -0.416708E-03   0.379620E-03   0.934066E-02   0.729279E-02   0.300000E-03
 910  -0.497793E-03   0.129723E-03   0.101211E-01   0.804958E-02   0.300000E-03
 911  -0.327441E-03   0.559563E-03   0.112612E-01   0.764392E-02   0.250000E-03
 912  -0.415990E-03   0.525735E-03   0.151379E-01   0.859555E-02   0.250000E-03
 913  -0.413142E-03   0.486910E-03   0.153314E-01   0.802778E-02   0.350000E-03
 914  -0.742591E-03   0.429630E-03   0.161344E-01   0.812395E-02   0.450000E-03
 915  -0.337528E-03  -0.754622E-04   0.169984E-01   0.814971E-02   0.400000E-03
 916  -0.357625E-03   0.207291E-03   0.204105E-01   0.857272E-02   0.300000E-03
 917  -0.832704E-03   0.218365E-03   0.199972E-01   0.900631E-02   0.300000E-03
 918  -0.805533E-03   0.293761E-04   0.225388E-01   0.772707E-02   0.350000E-03
 919  -0.722948E-03   0.545842E-03   0.232396E-01   0.773777E-02   0.350000E-03
 920  -0.923689E-03  -0.344680E-04   0.248204E-01   0.640279E-02   0.150000E-03
 921  -0.787418E-03   0.280420E-03   0.234110E-01   0.846329E-02   0.350000E-03
 922  -0.503689E-03   0.294108E-03   0.260102E-01   0.663458E-02   0.350000E-03
 923  -0.654087E-03   0.365513E-03   0.278761E-01   0.629375E-02   0.350000E-03
 924  -0.301196E-03   0.178743E-03   0.289591E-01   0.726295E-02   0.450000E-03
 925  -0.488861E-04   0.532471E-03   0.310926E-01   0.743982E-02   0.350000E-03
 926  -0.136633E-02  -0.204649E-04   0.315867E-01   0.695812E-02   0.300000E-03
 927  -0.144755E-02   0.102319E-03   0.336459E-01   0.719781E-02   0.200000E-03
 928  -0.175644E-02   0.320028E-03   0.341734E-01   0.649484E-02   0.100000E-03
 929  -0.962379E-03   0.155026E-03   0.372296E-01   0.668652E-02   0.350000E-03
 930  -0.400126E-03   0.367651E-03   0.412139E-01   0.663342E-02   0.300000E-03
 931  -0.963832E-03   0.362490E-03   0.411848E-01   0.606796E-02   0.250000E-03
 932  -0.927137E-03   0.152927E-03   0.397366E-01   0.668107E-02   0.250000E-03
 933  -0.606004E-03   0.460809E-03   0.418051E-01   0.625947E-02   0.400000E-03
 934  -0.841884E-03   0.388920E-04   0.412445E-01   0.468120E-02   0.150000E-03
 935  -0.750370E-03  -0.247330E-03   0.417996E-01   0.488377E-02   0.400000E-03
 936  -0.720125E-03   0.237254E-04   0.433633E-01   0.615539E-02   0.300000E-03
 937  -0.609629E-04   0.220986E-03   0.103842E-02   0.715552E-02   0.350000E-03
 938  -0.109629E-03   0.828023E-04   0.298415E-03   0.620478E-02   0.300000E-03
 939  -0.339790E-03   0.197040E-03   0.369659E-02   0.768497E-02   0.350000E-03
 940  -0.180183E-03   0.112767E-03   0.788514E-03   0.586063E-02   0.300000E-03
 941   0.218664E-04   0.170363E-03   0.167154E-02   0.685834E-02   0.350000E-03
 942   0.110169E-03   0.206758E-03   0.454589E-02   0.769346E-02   0.500000E-03
 943   0.311585E-04   0.255861E-03   0.525949E-02   0.723334E-02   0.350000E-03
 944  -0.378108E-03   0.362700E-03   0.631848E-02   0.705132E-02   0.300000E-03
 945  -0.609876E-03   0.314300E-03   0.108377E-01   0.729598E-02   0.300000E-03
 946  -0.300444E-03   0.391161E-03   0.985892E-02   0.747354E-02   0.250000E-03
 947  -0.489282E-03   0.419228E-03   0.129434E-01   0.798132E-02   0.450000E-03
 948  -0.492962E-03   0.435143E-03   0.125628E-01   0.856813E-02   0.250000E-03
 949  -0.758446E-03   0.451203E-03   0.156742E-01   0.871509E-02   0.300000E-03
 950  -0.514857E-03   0.496656E-03   0.139992E-01   0.855239E-02   0.400000E-03
 951  -0.718271E-03   0.460997E-03   0.165910E-01   0.871837E-02   0.300000E-03
 952  -0.797488E-03   0.187858E-04   0.182356E-01   0.825222E-02   0.250000E-03
 953  -0.610582E-03   0.385193E-04   0.210913E-01   0.868235E-02   0.250000E-03
 954  -0.803981E-03   0.284283E-03   0.225692E-01   0.857588E-02   0.500000E-03
 955  -0.416508E-03  -0.208225E-03   0.237833E-01   0.799406E-02   0.250000E-03
 956  -0.341055E-03   0.176756E-03   0.255537E-01   0.702276E-02   0.250000E-03
 957  -0.854818E-03   0.452064E-03   0.269603E-01   0.751187E-02   0.350000E-03
 958  -0.980415E-03   0.117917E-03   0.266659E-01   0.687693E-02   0.350000E-03
 959  -0.591532E-03  -0.233612E-03   0.271874E-01   0.641056E-02   0.350000E-03
 960  -0.505437E-03   0.170583E-03   0.302198E-01   0.684152E-02   0.250000E-03
 961  -0.182725E-02   0.185926E-03   0.321424E-01   0.796428E-02   0.400000E-03
 962  -0.158402E-02  -0.290884E-03   0.316895E-01   0.749805E-02   0.250000E-03
 963  -0.170124E-02  -0.499184E-04   0.333093E-01   0.698271E-02   0.200000E-03
 964  -0.135128E-02   0.332157E-03   0.353230E-01   0.682136E-02   0.300000E-03
 965  -0.149174E-02   0.286678E-03   0.361049E-01   0.685029E-02   0.250000E-03
 966  -0.133140E-02   0.511993E-03   0.367164E-01   0.723409E-02   0.400000E-03
 967  -0.809852E-03   0.313415E-03   0.406437E-01   0.632271E-02   0.350000E-03
 968  -0.183673E-02   0.855569E-04   0.401556E-01   0.623404E-02   0.150000E-03
 969  -0.511046E-03   0.383383E-03   0.447506E-01   0.711271E-02   0.250000E-03
 970  -0.419626E-03   0.458944E-03   0.442484E-01   0.678585E-02   0.350000E-03
 971  -0.678874E-03   0.338705E-03   0.427109E-01   0.590201E-02   0.400000E-03
 972  -0.411998E-03   0.451265E-03   0.436525E-01   0.673249E-02   0.250000E-03
 973  -0.164161E-03   0.140282E-03   0.839277E-03   0.531346E-02   0.250000E-03
 974  -0.177409E-03   0.477434E-03   0.399691E-02   0.820412E-02   0.250000E-03
 975  -0.384811E-04   0.290230E-04   0.134573E-02   0.623914E-02   0.350000E-03
 976  -0.114467E-03   0.647247E-04   0.780577E-03   0.655925E-02   0.300000E-03
 977  -0.154172E-03   0.472871E-03   0.728595E-02   0.790553E-02   0.250000E-03
 978  -0.214488E-03   0.246595E-03   0.691939E-02   0.749607E-02   0.300000E-03
 979  -0.380260E-03   0.278958E-03   0.637908E-02   0.759697E-02   0.250000E-03
 980  -0.233704E-03   0.471698E-03   0.816421E-02   0.781006E-02   0.400000E-03
 981  -0.644759E-03   0.337588E-03   0.103518E-01   0.755160E-02   0.250000E-03
 982  -0.461057E-03   0.125372E-03   0.937671E-02   0.813748E-02   0.450000E-03
 983  -0.467271E-03   0.451758E-03   0.121704E-01   0.825907E-02   0.250000E-03
 984  -0.392582E-03   0.606028E-03   0.107677E-01   0.798301E-02   0.350000E-03
 985  -0.260304E-03   0.467690E-03   0.135762E-01   0.812774E-02   0.200000E-03
 986  -0.622179E-03   0.228407E-03   0.190012E-01   0.923512E-02   0.300000E-03
 987  -0.713372E-03   0.107749E-03   0.186350E-01   0.869867E-02   0.350000E-03
 988  -0.782434E-03   0.291492E-03   0.194420E-01   0.877885E-02   0.300000E-03
 989  -0.803828E-03   0.200212E-03   0.195447E-01   0.931841E-02   0.250000E-03
 990  -0.937203E-03   0.271487E-03   0.214622E-01   0.825247E-02   0.250000E-03
 991  -0.150750E-04   0.266955E-03   0.246035E-01   0.775607E-02   0.350000E-03
 992  -0.706466E-03   0.953124E-03   0.250633E-01   0.729782E-02   0.300000E-03
 993  -0.604877E-03  -0.418675E-05   0.251336E-01   0.675276E-02   0.250000E-03
 994  -0.558602E-03  -0.210103E-04   0.272749E-01   0.700219E-02   0.250000E-03
 995   0.842751E-03   0.161677E-03   0.279194E-01   0.708221E-02   0.400000E-03
 996  -0.538322E-03   0.642810E-04   0.304507E-01   0.733930E-02   0.300000E-03
 997  -0.668119E-03   0.334705E-03   0.298831E-01   0.721098E-02   0.250000E-03
 998  -0.177735E-02  -0.180639E-03   0.322197E-01   0.721873E-02   0.350000E-03
 999  -0.175423E-02   0.161251E-04   0.330508E-01   0.734980E-02   0.250000E-03
1000  -0.159919E-02   0.117607E-03   0.341944E-01   0.716564E-02   0.350000E-03
