   1  -0.129366E-02  -0.759992E-03   0.112754E-01   0.846431E-02   0.350000E-03
   2   0.469659E-03   0.409508E-03   0.148972E-03   0.149720E-03   0.150000E-03
   3   0.255283E-02  -0.405586E-02   0.459000E-02   0.447992E-03   0.450000E-03
   4   0.162329E-02  -0.244767E-02   0.574937E-02   0.538442E-03   0.200000E-03
   5   0.239900E-02  -0.140801E-03   0.568847E-02   0.100002E-03   0.100000E-03
   6   0.251912E-04   0.266897E-02   0.751059E-02   0.248830E-03   0.250000E-03
   7  -0.102309E-02   0.166856E-02   0.814177E-02   0.398428E-03   0.400000E-03
   8  -0.132864E-02   0.277716E-02   0.888842E-02   0.349083E-03   0.350000E-03
   9  -0.170059E-03   0.108990E-02   0.933898E-02   0.557191E-03   0.150000E-03
  10  -0.509941E-03  -0.433063E-03   0.118135E-01   0.292970E-03   0.300000E-03
  11  -0.295016E-03   0.867322E-03   0.130559E-01   0.348757E-03   0.350000E-03
  12  -0.100388E-02   0.556664E-03   0.147890E-01   0.195048E-03   0.200000E-03
  13  -0.570392E-03  -0.461732E-03   0.169373E-01   0.345868E-03   0.350000E-03
  14  -0.281015E-03  -0.322104E-03   0.176359E-01   0.348349E-03   0.350000E-03
  15   0.175152E-03   0.882008E-03   0.188518E-01   0.406968E-03   0.400000E-03
  16  -0.126030E-02  -0.155507E-03   0.195959E-01   0.345845E-03   0.350000E-03
  17  -0.147106E-02   0.407956E-03   0.205092E-01   0.339350E-03   0.350000E-03
  18  -0.132934E-02   0.107956E-03   0.219672E-01   0.349236E-03   0.350000E-03
  19  -0.120182E-02   0.151818E-04   0.225571E-01   0.244535E-03   0.250000E-03
  20  -0.709561E-04   0.191201E-03   0.230565E-01   0.247546E-03   0.250000E-03
  21   0.319194E-03  -0.486670E-04   0.244817E-01   0.249705E-03   0.250000E-03
  22  -0.116424E-03  -0.618254E-03   0.257273E-01   0.200001E-03   0.200000E-03
  23  -0.126687E-03  -0.917851E-05   0.267519E-01   0.992338E-04   0.100000E-03
  24  -0.616536E-03   0.310395E-03   0.282150E-01   0.397593E-03   0.400000E-03
  25  -0.138343E-02   0.146978E-03   0.297834E-01   0.410032E-03   0.400000E-03
  26   0.220149E-02   0.200766E-02   0.305246E-01   0.333362E-03   0.350000E-03
  27  -0.102036E-02  -0.244434E-03   0.318625E-01   0.297289E-03   0.300000E-03
  28  -0.336441E-03  -0.614410E-03   0.333185E-01   0.348472E-03   0.300000E-03
  29  -0.498752E-03  -0.817867E-03   0.355461E-01   0.444045E-03   0.450000E-03
  30  -0.152879E-02  -0.396121E-03   0.374051E-01   0.347706E-03   0.350000E-03
  31  -0.112021E-02  -0.713682E-04   0.379956E-01   0.248896E-03   0.250000E-03
  32  -0.129800E-02   0.518868E-03   0.401221E-01   0.197256E-03   0.200000E-03
  33  -0.134024E-03   0.462700E-03   0.410106E-01   0.195119E-03   0.200000E-03
  34  -0.419344E-02  -0.953565E-03   0.446050E-01   0.878912E-03   0.400000E-03
  35  -0.766422E-03   0.544697E-02   0.446515E-01   0.192268E-02   0.350000E-03
  36  -0.221558E-03   0.378315E-03   0.864754E-02   0.831633E-02   0.300000E-03
  37   0.479607E-03   0.547447E-03   0.247523E-03   0.177196E-02   0.250000E-03
  38  -0.158089E-02   0.110161E-02   0.780925E-03   0.718466E-03   0.300000E-03
  39   0.807171E-03   0.101358E-02   0.269441E-02   0.399058E-03   0.400000E-03
  40  -0.145374E-02  -0.613280E-04   0.618508E-02   0.299156E-03   0.300000E-03
  41  -0.106233E-02   0.450967E-03   0.687768E-02   0.391120E-03   0.400000E-03
  42   0.724057E-03  -0.559786E-03   0.730158E-02   0.100186E-02   0.350000E-03
  43  -0.119991E-02   0.888544E-03   0.860646E-02   0.934641E-03   0.300000E-03
  44  -0.559115E-03   0.205279E-03   0.939039E-02   0.951947E-03   0.250000E-03
  45   0.206556E-05  -0.297570E-03   0.998279E-02   0.496108E-03   0.500000E-03
  46  -0.335612E-03  -0.113834E-02   0.107831E-01   0.299997E-03   0.300000E-03
  47  -0.515929E-03  -0.223303E-03   0.152786E-01   0.149875E-03   0.150000E-03
  48  -0.428131E-03   0.317465E-03   0.158413E-01   0.447259E-03   0.450000E-03
  49  -0.338808E-03   0.874694E-04   0.165049E-01   0.887271E-03   0.350000E-03
  50   0.220567E-03   0.244040E-03   0.182257E-01   0.245976E-03   0.250000E-03
  51  -0.535608E-03   0.482055E-03   0.193211E-01   0.871384E-03   0.250000E-03
  52  -0.114411E-02   0.419948E-03   0.200512E-01   0.147437E-03   0.150000E-03
  53  -0.851561E-03   0.830992E-03   0.205109E-01   0.101427E-02   0.200000E-03
  54  -0.117890E-02   0.596214E-03   0.211578E-01   0.298253E-03   0.300000E-03
  55   0.301744E-03  -0.320506E-03   0.233996E-01   0.999174E-04   0.100000E-03
  56  -0.175504E-02   0.233111E-03   0.238487E-01   0.396465E-03   0.400000E-03
  57  -0.647112E-03  -0.818557E-03   0.245169E-01   0.919478E-03   0.400000E-03
  58  -0.119960E-02  -0.130893E-04   0.251147E-01   0.395833E-03   0.400000E-03
  59   0.630122E-04   0.656162E-04   0.270324E-01   0.203538E-03   0.200000E-03
  60   0.366169E-03   0.203584E-03   0.275232E-01   0.296172E-03   0.300000E-03
  61  -0.143132E-02  -0.151820E-03   0.290977E-01   0.294551E-03   0.300000E-03
  62  -0.144224E-02   0.881760E-03   0.312195E-01   0.348065E-03   0.350000E-03
  63  -0.330436E-02  -0.367426E-03   0.328493E-01   0.196705E-03   0.200000E-03
  64   0.398348E-03   0.332798E-03   0.347550E-01   0.345972E-03   0.350000E-03
  65  -0.950325E-03   0.237571E-05   0.363223E-01   0.613857E-03   0.350000E-03
  66  -0.132897E-02   0.301286E-03   0.364378E-01   0.138375E-03   0.150000E-03
  67  -0.169549E-02  -0.439078E-03   0.391401E-01   0.299030E-03   0.300000E-03
  68   0.380980E-02   0.492739E-04   0.423010E-01   0.199912E-03   0.200000E-03
  69  -0.158490E-02  -0.114621E-02   0.438611E-01   0.824358E-03   0.350000E-03
  70  -0.151120E-02  -0.455983E-03   0.423977E-01   0.720596E-02   0.250000E-03
  71  -0.456807E-03  -0.360730E-03   0.447022E-01   0.496055E-02   0.300000E-03
  72  -0.435178E-02   0.460169E-02   0.447506E-01   0.247556E-03   0.250000E-03
  73  -0.365109E-03   0.420013E-03   0.256456E-02   0.793690E-02   0.350000E-03
  74  -0.342055E-04  -0.763236E-03   0.120655E-02   0.298369E-03   0.300000E-03
  75   0.306295E-03  -0.231852E-03   0.392471E-02   0.247976E-03   0.250000E-03
  76   0.357604E-03   0.104387E-02   0.522758E-02   0.923476E-03   0.350000E-03
  77  -0.416656E-03   0.385534E-03   0.647711E-02   0.822994E-03   0.200000E-03
  78  -0.189426E-03   0.927340E-04   0.665802E-02   0.134057E-02   0.350000E-03
  79  -0.434600E-03  -0.353563E-03   0.798649E-02   0.113014E-02   0.350000E-03
  80  -0.105763E-02   0.394830E-03   0.904626E-02   0.130945E-02   0.250000E-03
  81  -0.256440E-04   0.108897E-02   0.106918E-01   0.953137E-03   0.350000E-03
  82  -0.571899E-03  -0.628955E-03   0.132939E-01   0.951843E-03   0.300000E-03
  83  -0.916246E-03   0.600261E-03   0.137540E-01   0.346208E-03   0.350000E-03
  84  -0.149845E-02   0.863054E-03   0.143436E-01   0.243978E-03   0.250000E-03
  85  -0.621088E-03   0.108184E-03   0.154323E-01   0.101017E-02   0.250000E-03
  86   0.235451E-03   0.160041E-03   0.172840E-01   0.106496E-02   0.450000E-03
  87   0.367525E-03   0.426587E-03   0.188603E-01   0.105640E-02   0.250000E-03
  88  -0.112318E-02   0.294928E-03   0.200586E-01   0.801419E-03   0.300000E-03
  89  -0.653636E-03   0.552382E-03   0.203062E-01   0.160330E-02   0.400000E-03
  90  -0.144052E-02   0.970608E-03   0.214874E-01   0.855405E-03   0.350000E-03
  91  -0.967709E-03   0.619315E-03   0.225900E-01   0.738390E-03   0.250000E-03
  92   0.668885E-04   0.631945E-03   0.231803E-01   0.832066E-03   0.350000E-03
  93  -0.898984E-03   0.551273E-04   0.238043E-01   0.114157E-02   0.350000E-03
  94  -0.743605E-03  -0.449782E-03   0.252338E-01   0.113511E-02   0.350000E-03
  95   0.487984E-03  -0.489704E-03   0.273536E-01   0.919827E-03   0.350000E-03
  96  -0.206166E-03  -0.127896E-02   0.280543E-01   0.117983E-02   0.400000E-03
  97  -0.120867E-02  -0.523837E-03   0.294588E-01   0.972178E-03   0.250000E-03
  98   0.672014E-03   0.481417E-03   0.303008E-01   0.108411E-02   0.450000E-03
  99  -0.358738E-04  -0.365805E-03   0.324055E-01   0.247096E-03   0.250000E-03
 100  -0.236181E-02  -0.351225E-02   0.327263E-01   0.625979E-03   0.250000E-03
 101  -0.450017E-03  -0.124435E-02   0.349646E-01   0.106255E-02   0.400000E-03
 102  -0.171457E-02   0.181290E-04   0.368129E-01   0.269851E-03   0.250000E-03
 103  -0.162047E-02  -0.153314E-03   0.376441E-01   0.895614E-03   0.250000E-03
 104  -0.117189E-02  -0.398560E-03   0.385424E-01   0.296386E-03   0.300000E-03
 105  -0.170048E-02   0.934696E-04   0.405664E-01   0.244108E-03   0.250000E-03
 106  -0.489391E-04   0.107640E-03   0.431900E-01   0.296713E-03   0.300000E-03
 107  -0.127152E-02  -0.193926E-02   0.440817E-01   0.746561E-02   0.350000E-03
 108   0.724827E-03  -0.713400E-04   0.349361E-01   0.746420E-02   0.450000E-03
 109   0.465250E-03  -0.601087E-04   0.242539E-03   0.634268E-03   0.250000E-03
 110  -0.346720E-03   0.843920E-03   0.538281E-03   0.236895E-03   0.250000E-03
 111   0.153714E-03  -0.363959E-03   0.189802E-02   0.398120E-03   0.400000E-03
 112  -0.234744E-03   0.188652E-04   0.323021E-02   0.923675E-03   0.350000E-03
 113  -0.321991E-03  -0.214862E-03   0.595032E-02   0.109968E-02   0.400000E-03
 114  -0.199881E-03   0.524518E-03   0.716949E-02   0.153322E-02   0.200000E-03
 115   0.434937E-03  -0.845519E-03   0.851460E-02   0.157828E-02   0.350000E-03
 116  -0.245221E-03  -0.127212E-03   0.985184E-02   0.133448E-02   0.350000E-03
 117  -0.869902E-03   0.578515E-03   0.113546E-01   0.738106E-03   0.350000E-03
 118  -0.957850E-03   0.364167E-03   0.124105E-01   0.296410E-03   0.300000E-03
 119  -0.141856E-02  -0.634743E-03   0.142725E-01   0.783378E-03   0.300000E-03
 120  -0.833162E-03   0.650409E-03   0.151033E-01   0.576149E-03   0.300000E-03
 121   0.193329E-03   0.483741E-03   0.167242E-01   0.138758E-02   0.200000E-03
 122   0.835805E-03  -0.300235E-03   0.181723E-01   0.940580E-03   0.450000E-03
 123   0.563488E-03   0.291267E-03   0.186039E-01   0.142102E-02   0.200000E-03
 124  -0.487955E-03   0.234689E-03   0.196924E-01   0.127385E-02   0.300000E-03
 125  -0.203568E-04   0.111308E-02   0.208957E-01   0.780963E-03   0.250000E-03
 126  -0.804021E-03   0.211580E-04   0.209435E-01   0.132361E-02   0.300000E-03
 127  -0.844363E-03   0.855015E-03   0.227229E-01   0.121732E-02   0.250000E-03
 128  -0.162417E-02  -0.457366E-04   0.230703E-01   0.163974E-02   0.300000E-03
 129  -0.997454E-03   0.400449E-03   0.236158E-01   0.169992E-02   0.250000E-03
 130  -0.291605E-04   0.352983E-03   0.257307E-01   0.717632E-03   0.300000E-03
 131   0.148539E-03   0.298024E-03   0.263496E-01   0.395368E-03   0.400000E-03
 132   0.160669E-03  -0.357294E-03   0.275186E-01   0.144854E-02   0.200000E-03
 133  -0.322839E-03  -0.317245E-03   0.288107E-01   0.927097E-03   0.400000E-03
 134  -0.148574E-02   0.376162E-03   0.311932E-01   0.109546E-02   0.400000E-03
 135  -0.808137E-03   0.140200E-03   0.320393E-01   0.102353E-02   0.450000E-03
 136  -0.111483E-02  -0.416347E-03   0.340106E-01   0.398790E-03   0.400000E-03
 137  -0.193610E-02   0.956417E-03   0.372199E-01   0.755991E-03   0.100000E-03
 138  -0.170502E-02  -0.396553E-03   0.373948E-01   0.132512E-02   0.250000E-03
 139  -0.183585E-02  -0.376829E-03   0.381777E-01   0.767224E-03   0.300000E-03
 140  -0.161986E-02   0.172095E-03   0.396841E-01   0.272417E-03   0.250000E-03
 141   0.768060E-03   0.379837E-03   0.414563E-01   0.248875E-03   0.250000E-03
 142   0.205248E-02   0.392476E-03   0.419016E-01   0.196481E-03   0.200000E-03
 143  -0.686321E-03  -0.739071E-03   0.438987E-01   0.629856E-02   0.250000E-03
 144  -0.699353E-03   0.659700E-03   0.295859E-01   0.767444E-02   0.300000E-03
 145   0.362059E-03   0.433202E-03   0.294064E-03   0.331707E-02   0.300000E-03
 146  -0.824400E-03   0.645066E-03   0.668080E-03   0.135358E-02   0.350000E-03
 147  -0.102484E-02   0.691152E-03   0.407917E-02   0.849806E-03   0.200000E-03
 148   0.618145E-03  -0.170698E-02   0.532149E-02   0.288764E-03   0.300000E-03
 149   0.418936E-03  -0.307048E-04   0.611832E-02   0.192867E-02   0.450000E-03
 150  -0.330596E-03   0.198893E-04   0.756286E-02   0.147991E-02   0.200000E-03
 151  -0.794786E-03   0.513861E-03   0.938098E-02   0.160770E-02   0.200000E-03
 152   0.595438E-03   0.194888E-03   0.103914E-01   0.140830E-02   0.200000E-03
 153  -0.839112E-03   0.100877E-02   0.111954E-01   0.136246E-02   0.300000E-03
 154  -0.108241E-02  -0.894102E-03   0.125964E-01   0.967703E-03   0.400000E-03
 155  -0.325080E-03  -0.670479E-03   0.137854E-01   0.887091E-03   0.200000E-03
 156  -0.117228E-03   0.332836E-04   0.148196E-01   0.121588E-02   0.400000E-03
 157   0.425488E-03  -0.165519E-03   0.159533E-01   0.139120E-02   0.400000E-03
 158   0.108412E-04   0.883360E-03   0.174071E-01   0.185160E-02   0.350000E-03
 159   0.164477E-03   0.586810E-03   0.177963E-01   0.146728E-02   0.200000E-03
 160   0.141569E-03   0.587905E-03   0.182114E-01   0.163913E-02   0.250000E-03
 161  -0.102823E-02   0.645730E-03   0.196366E-01   0.181626E-02   0.250000E-03
 162  -0.516616E-03   0.145427E-04   0.209536E-01   0.181971E-02   0.200000E-03
 163  -0.751568E-03   0.762184E-03   0.221315E-01   0.112055E-02   0.350000E-03
 164  -0.689670E-03  -0.558323E-04   0.227532E-01   0.219125E-02   0.300000E-03
 165  -0.593792E-03  -0.625628E-03   0.248302E-01   0.157789E-02   0.250000E-03
 166  -0.374182E-03  -0.362161E-03   0.256537E-01   0.155777E-02   0.250000E-03
 167  -0.210604E-03  -0.328337E-03   0.266379E-01   0.113271E-02   0.400000E-03
 168  -0.520859E-03   0.571392E-03   0.286052E-01   0.153849E-02   0.250000E-03
 169   0.186960E-03   0.630493E-03   0.302106E-01   0.171344E-02   0.200000E-03
 170  -0.133591E-02   0.602344E-03   0.308027E-01   0.179069E-02   0.400000E-03
 171  -0.621426E-03  -0.376525E-03   0.335324E-01   0.906908E-03   0.300000E-03
 172  -0.114323E-02  -0.783732E-03   0.341755E-01   0.118035E-02   0.400000E-03
 173  -0.100356E-02  -0.111213E-02   0.356520E-01   0.118156E-02   0.300000E-03
 174  -0.936351E-03   0.148842E-04   0.368722E-01   0.103922E-02   0.350000E-03
 175  -0.175861E-02   0.261501E-03   0.390129E-01   0.884397E-03   0.300000E-03
 176  -0.137305E-02  -0.282441E-03   0.400783E-01   0.986821E-03   0.200000E-03
 177  -0.128743E-02   0.163124E-02   0.406071E-01   0.785254E-03   0.300000E-03
 178  -0.386628E-02   0.355164E-03   0.444018E-01   0.143784E-02   0.200000E-03
 179  -0.218121E-03   0.725258E-04   0.427008E-01   0.196314E-03   0.200000E-03
 180  -0.751699E-03   0.534645E-03   0.400387E-01   0.752452E-02   0.300000E-03
 181   0.119264E-03   0.668931E-03   0.197306E-03   0.108065E-02   0.200000E-03
 182  -0.294003E-03   0.104813E-02   0.140498E-02   0.214158E-02   0.200000E-03
 183  -0.130354E-03   0.387196E-04   0.338190E-02   0.295458E-03   0.300000E-03
 184  -0.654852E-05  -0.252375E-03   0.539155E-02   0.159665E-02   0.350000E-03
 185  -0.530796E-05   0.365014E-03   0.624973E-02   0.261127E-02   0.250000E-03
 186  -0.169928E-03   0.126303E-03   0.679748E-02   0.187138E-02   0.200000E-03
 187  -0.720103E-03   0.161724E-03   0.791696E-02   0.182332E-02   0.300000E-03
 188  -0.716667E-05  -0.309571E-03   0.963223E-02   0.198406E-02   0.250000E-03
 189  -0.607624E-03   0.770755E-03   0.117286E-01   0.125019E-02   0.250000E-03
 190  -0.805099E-04  -0.419292E-03   0.119668E-01   0.817498E-03   0.250000E-03
 191  -0.565573E-03  -0.527664E-03   0.140110E-01   0.126611E-02   0.250000E-03
 192  -0.450160E-03   0.384434E-03   0.143188E-01   0.183316E-02   0.400000E-03
 193   0.584383E-03   0.613756E-03   0.153253E-01   0.169981E-02   0.300000E-03
 194   0.238177E-03  -0.108010E-03   0.165212E-01   0.194649E-02   0.400000E-03
 195  -0.472621E-04   0.932402E-03   0.179643E-01   0.207325E-02   0.250000E-03
 196  -0.507963E-04   0.250774E-03   0.191495E-01   0.152381E-02   0.300000E-03
 197  -0.912251E-03   0.788712E-03   0.200043E-01   0.228924E-02   0.350000E-03
 198  -0.117429E-02   0.411295E-03   0.206494E-01   0.221274E-02   0.300000E-03
 199  -0.112012E-02  -0.140072E-03   0.215119E-01   0.150236E-02   0.300000E-03
 200  -0.518593E-03   0.107982E-03   0.222557E-01   0.216154E-02   0.200000E-03
 201  -0.120171E-02  -0.568188E-03   0.242834E-01   0.157892E-02   0.300000E-03
 202  -0.423486E-03  -0.380889E-03   0.259944E-01   0.119938E-02   0.250000E-03
 203   0.119500E-03  -0.102946E-03   0.265972E-01   0.182639E-02   0.300000E-03
 204   0.296803E-04   0.417875E-04   0.270933E-01   0.159318E-02   0.250000E-03
 205  -0.109854E-02   0.711650E-03   0.296268E-01   0.159930E-02   0.400000E-03
 206  -0.102581E-02   0.361490E-03   0.322624E-01   0.178940E-02   0.350000E-03
 207  -0.140971E-02   0.231774E-03   0.328953E-01   0.129878E-02   0.450000E-03
 208  -0.189033E-02  -0.507902E-04   0.336055E-01   0.166497E-02   0.350000E-03
 209  -0.916844E-03  -0.929244E-03   0.362453E-01   0.125459E-02   0.300000E-03
 210  -0.643663E-03  -0.417504E-03   0.366470E-01   0.153891E-02   0.200000E-03
 211  -0.108914E-02  -0.293672E-03   0.370618E-01   0.169504E-02   0.250000E-03
 212  -0.137370E-02   0.129155E-03   0.400533E-01   0.589286E-03   0.200000E-03
 213   0.322344E-03   0.127146E-02   0.411298E-01   0.624161E-03   0.250000E-03
 214   0.180529E-02  -0.347461E-03   0.420811E-01   0.550194E-03   0.200000E-03
 215   0.232006E-02   0.100929E-02   0.441293E-01   0.149727E-03   0.150000E-03
 216   0.388360E-03   0.441731E-03   0.217157E-01   0.886232E-02   0.400000E-03
 217  -0.541728E-03  -0.132568E-02   0.146228E-01   0.897321E-02   0.350000E-03
 218  -0.491858E-03   0.102923E-02   0.870172E-03   0.202045E-02   0.350000E-03
 219  -0.271547E-03  -0.341223E-03   0.373054E-02   0.653758E-03   0.200000E-03
 220  -0.457490E-03   0.614171E-03   0.458121E-02   0.129599E-02   0.400000E-03
 221   0.668706E-04   0.814034E-04   0.532516E-02   0.218517E-02   0.250000E-03
 222  -0.167081E-03  -0.221442E-04   0.731371E-02   0.206000E-02   0.350000E-03
 223   0.213956E-04  -0.711319E-04   0.903825E-02   0.203131E-02   0.350000E-03
 224   0.604111E-03  -0.706171E-04   0.102264E-01   0.193046E-02   0.350000E-03
 225   0.257184E-03   0.220347E-03   0.107491E-01   0.157741E-02   0.200000E-03
 226  -0.146264E-02   0.117171E-03   0.121946E-01   0.153806E-02   0.300000E-03
 227  -0.881880E-03   0.131070E-03   0.130402E-01   0.143717E-02   0.250000E-03
 228   0.618434E-04   0.820524E-03   0.148797E-01   0.176186E-02   0.150000E-03
 229   0.214660E-03   0.408607E-03   0.158798E-01   0.203449E-02   0.250000E-03
 230  -0.142669E-03   0.526995E-03   0.175620E-01   0.248112E-02   0.300000E-03
 231   0.390351E-03   0.625782E-03   0.183805E-01   0.229204E-02   0.200000E-03
 232   0.349401E-03   0.224140E-03   0.186909E-01   0.190742E-02   0.300000E-03
 233  -0.472384E-03  -0.256901E-04   0.192445E-01   0.233233E-02   0.400000E-03
 234  -0.146117E-02  -0.319233E-03   0.213637E-01   0.210177E-02   0.300000E-03
 235  -0.835672E-03   0.530274E-03   0.224431E-01   0.168588E-02   0.300000E-03
 236  -0.114936E-02   0.321577E-03   0.233475E-01   0.216960E-02   0.300000E-03
 237  -0.151124E-02   0.109009E-03   0.239957E-01   0.216046E-02   0.350000E-03
 238  -0.460276E-04  -0.414812E-03   0.252468E-01   0.174289E-02   0.200000E-03
 239  -0.133230E-04  -0.503812E-03   0.267619E-01   0.234814E-02   0.250000E-03
 240  -0.278855E-03   0.723795E-03   0.290470E-01   0.147509E-02   0.200000E-03
 241   0.120576E-03  -0.663525E-03   0.302112E-01   0.224848E-02   0.350000E-03
 242   0.104493E-02  -0.397852E-04   0.315637E-01   0.174752E-02   0.350000E-03
 243  -0.171117E-02  -0.192648E-04   0.329808E-01   0.224059E-02   0.500000E-03
 244  -0.171636E-02  -0.800090E-03   0.354505E-01   0.197706E-02   0.200000E-03
 245  -0.328088E-03  -0.436881E-03   0.349290E-01   0.180887E-02   0.350000E-03
 246  -0.842655E-03  -0.426856E-03   0.365856E-01   0.213201E-02   0.400000E-03
 247  -0.162074E-02  -0.125784E-03   0.379889E-01   0.138798E-02   0.350000E-03
 248  -0.179007E-02   0.290250E-03   0.396086E-01   0.816598E-03   0.300000E-03
 249  -0.818320E-03   0.994942E-03   0.416491E-01   0.790529E-03   0.300000E-03
 250  -0.149684E-02   0.265432E-03   0.437372E-01   0.243674E-03   0.250000E-03
 251  -0.163533E-03   0.223720E-03   0.446043E-01   0.298467E-02   0.400000E-03
 252  -0.912707E-03   0.690303E-04   0.337807E-01   0.773080E-02   0.350000E-03
 253  -0.375265E-03   0.387455E-03   0.211869E-02   0.739735E-02   0.350000E-03
 254  -0.694261E-05  -0.231059E-04   0.138745E-02   0.939428E-03   0.350000E-03
 255   0.547002E-03  -0.325245E-04   0.229929E-02   0.972329E-03   0.300000E-03
 256  -0.676061E-03  -0.247304E-03   0.482960E-02   0.194762E-02   0.300000E-03
 257  -0.144850E-03   0.216420E-03   0.674123E-02   0.236737E-02   0.300000E-03
 258  -0.372350E-03   0.304668E-04   0.838402E-02   0.227054E-02   0.350000E-03
 259  -0.245963E-03  -0.167596E-03   0.903179E-02   0.282844E-02   0.450000E-03
 260   0.171955E-03   0.444368E-03   0.986666E-02   0.258825E-02   0.400000E-03
 261  -0.944772E-03   0.270478E-03   0.116546E-01   0.179194E-02   0.300000E-03
 262  -0.107262E-02   0.476978E-03   0.121612E-01   0.219558E-02   0.350000E-03
 263  -0.124107E-02   0.482305E-04   0.135848E-01   0.168586E-02   0.350000E-03
 264   0.173286E-04   0.104168E-02   0.149018E-01   0.221068E-02   0.300000E-03
 265  -0.100937E-03  -0.331809E-03   0.166440E-01   0.253347E-02   0.200000E-03
 266   0.790502E-03   0.312562E-03   0.170402E-01   0.231998E-02   0.250000E-03
 267   0.360574E-03   0.168354E-03   0.171234E-01   0.280845E-02   0.250000E-03
 268  -0.371852E-03  -0.165396E-03   0.186711E-01   0.263420E-02   0.250000E-03
 269  -0.338704E-03  -0.280266E-03   0.191051E-01   0.296720E-02   0.250000E-03
 270  -0.484006E-03  -0.304829E-03   0.197025E-01   0.291901E-02   0.350000E-03
 271  -0.437892E-03   0.452687E-03   0.219248E-01   0.185768E-02   0.250000E-03
 272  -0.862497E-03  -0.220169E-03   0.223546E-01   0.275680E-02   0.400000E-03
 273  -0.193020E-02  -0.146059E-02   0.235017E-01   0.284290E-02   0.400000E-03
 274   0.256379E-03   0.727298E-03   0.258336E-01   0.201820E-02   0.250000E-03
 275  -0.394242E-03   0.590615E-03   0.262671E-01   0.226172E-02   0.250000E-03
 276  -0.119686E-03   0.258159E-04   0.275051E-01   0.195074E-02   0.300000E-03
 277  -0.745167E-03  -0.859640E-03   0.294672E-01   0.217504E-02   0.200000E-03
 278  -0.109582E-02   0.363173E-03   0.318940E-01   0.238267E-02   0.350000E-03
 279  -0.192594E-02   0.135160E-03   0.323957E-01   0.270316E-02   0.250000E-03
 280  -0.120884E-02  -0.428641E-03   0.342842E-01   0.187047E-02   0.300000E-03
 281  -0.122289E-02  -0.105293E-02   0.358842E-01   0.172990E-02   0.300000E-03
 282  -0.171953E-02  -0.321768E-03   0.375430E-01   0.179904E-02   0.250000E-03
 283  -0.134364E-02   0.126596E-02   0.384883E-01   0.162034E-02   0.200000E-03
 284  -0.137308E-02   0.135636E-04   0.385464E-01   0.117381E-02   0.250000E-03
 285  -0.101170E-03   0.281649E-03   0.410964E-01   0.121878E-02   0.350000E-03
 286  -0.173266E-03  -0.129541E-02   0.432192E-01   0.892410E-03   0.300000E-03
 287  -0.341400E-03  -0.128791E-02   0.428425E-01   0.121753E-02   0.200000E-03
 288   0.663303E-04   0.104859E-02   0.588260E-02   0.793508E-02   0.350000E-03
 289  -0.535275E-03  -0.542309E-04   0.245527E-03   0.226951E-02   0.250000E-03
 290   0.590600E-03   0.118418E-03   0.185877E-02   0.137710E-02   0.300000E-03
 291   0.347800E-03   0.204234E-03   0.250016E-02   0.164221E-02   0.400000E-03
 292  -0.252705E-03   0.304744E-03   0.312672E-02   0.151272E-02   0.250000E-03
 293   0.126490E-03   0.581402E-03   0.570463E-02   0.257445E-02   0.300000E-03
 294  -0.667296E-04  -0.384563E-04   0.819854E-02   0.299084E-02   0.400000E-03
 295   0.466790E-04  -0.208708E-03   0.968583E-02   0.336707E-02   0.400000E-03
 296  -0.401942E-03   0.182696E-03   0.111201E-01   0.190455E-02   0.250000E-03
 297   0.502524E-03  -0.157198E-04   0.107231E-01   0.192262E-02   0.150000E-03
 298  -0.588269E-03   0.263864E-03   0.126676E-01   0.168750E-02   0.200000E-03
 299  -0.561269E-03   0.350001E-03   0.138993E-01   0.232371E-02   0.250000E-03
 300   0.234961E-03   0.101810E-02   0.148719E-01   0.270702E-02   0.200000E-03
 301  -0.244549E-03   0.760861E-03   0.154656E-01   0.238504E-02   0.300000E-03
 302   0.291138E-04  -0.179192E-03   0.170856E-01   0.335199E-02   0.300000E-03
 303   0.393349E-04   0.921389E-03   0.180544E-01   0.251367E-02   0.200000E-03
 304  -0.565942E-03  -0.800179E-04   0.182559E-01   0.291048E-02   0.250000E-03
 305  -0.633393E-03  -0.355306E-03   0.193845E-01   0.330237E-02   0.150000E-03
 306  -0.106480E-02   0.100558E-02   0.204532E-01   0.282595E-02   0.350000E-03
 307  -0.558585E-03   0.635659E-04   0.218494E-01   0.235019E-02   0.250000E-03
 308  -0.441261E-03   0.368429E-03   0.228222E-01   0.334000E-02   0.350000E-03
 309  -0.777179E-03   0.843847E-03   0.245931E-01   0.260423E-02   0.400000E-03
 310   0.753529E-04   0.281126E-03   0.251867E-01   0.223739E-02   0.300000E-03
 311  -0.747220E-04  -0.514170E-03   0.273185E-01   0.256946E-02   0.350000E-03
 312   0.138424E-03   0.355967E-03   0.281518E-01   0.192066E-02   0.350000E-03
 313  -0.232994E-03  -0.421950E-03   0.297055E-01   0.255236E-02   0.250000E-03
 314  -0.191596E-02   0.277522E-03   0.312527E-01   0.232452E-02   0.300000E-03
 315  -0.134466E-02  -0.393413E-03   0.334684E-01   0.286543E-02   0.300000E-03
 316  -0.141887E-02   0.100355E-03   0.338256E-01   0.232904E-02   0.350000E-03
 317  -0.178896E-03  -0.420101E-03   0.350596E-01   0.254580E-02   0.400000E-03
 318  -0.186549E-02  -0.435477E-03   0.358458E-01   0.242453E-02   0.400000E-03
 319  -0.170915E-02  -0.316331E-03   0.389719E-01   0.143245E-02   0.250000E-03
 320  -0.153818E-02   0.906389E-04   0.398275E-01   0.141782E-02   0.300000E-03
 321  -0.981672E-03   0.305890E-03   0.404217E-01   0.134671E-02   0.300000E-03
 322  -0.807775E-04  -0.112574E-02   0.425921E-01   0.731802E-03   0.350000E-03
 323  -0.119492E-02   0.100275E-02   0.439723E-01   0.211543E-02   0.350000E-03
 324  -0.135250E-02   0.274613E-03   0.396206E-01   0.716712E-02   0.250000E-03
 325  -0.169885E-03   0.316613E-03   0.150437E-02   0.760892E-02   0.300000E-03
 326  -0.294898E-03   0.600046E-03   0.124158E-02   0.151877E-02   0.250000E-03
 327   0.215904E-03   0.410917E-03   0.197601E-02   0.217454E-02   0.350000E-03
 328  -0.112554E-03   0.704708E-03   0.380780E-02   0.162638E-02   0.450000E-03
 329   0.147453E-03   0.969204E-04   0.661646E-02   0.313305E-02   0.400000E-03
 330  -0.337826E-03   0.426668E-03   0.726329E-02   0.275383E-02   0.350000E-03
 331  -0.330656E-05   0.261901E-03   0.780066E-02   0.241019E-02   0.250000E-03
 332  -0.151153E-03  -0.379287E-03   0.107845E-01   0.251531E-02   0.450000E-03
 333  -0.111949E-02   0.591975E-04   0.115210E-01   0.237596E-02   0.300000E-03
 334  -0.126224E-02   0.457607E-04   0.130401E-01   0.193430E-02   0.250000E-03
 335  -0.946535E-03   0.344560E-03   0.134074E-01   0.226872E-02   0.250000E-03
 336   0.270739E-02   0.180114E-02   0.144005E-01   0.254575E-02   0.300000E-03
 337   0.227791E-03   0.429878E-03   0.161299E-01   0.252351E-02   0.300000E-03
 338   0.256349E-03   0.319794E-04   0.167070E-01   0.374025E-02   0.250000E-03
 339  -0.342533E-03  -0.969166E-04   0.176915E-01   0.311753E-02   0.350000E-03
 340  -0.985463E-03  -0.196055E-04   0.189973E-01   0.352824E-02   0.300000E-03
 341  -0.664377E-03   0.276318E-03   0.201431E-01   0.339158E-02   0.300000E-03
 342  -0.127017E-02   0.261276E-03   0.206353E-01   0.334340E-02   0.200000E-03
 343   0.439055E-04  -0.624516E-03   0.216639E-01   0.286298E-02   0.300000E-03
 344  -0.382716E-03   0.136261E-03   0.239342E-01   0.331763E-02   0.250000E-03
 345  -0.695101E-03   0.994914E-03   0.251884E-01   0.296957E-02   0.300000E-03
 346   0.389770E-03   0.478738E-03   0.257210E-01   0.260519E-02   0.350000E-03
 347  -0.568744E-03   0.215323E-03   0.264106E-01   0.289194E-02   0.400000E-03
 348  -0.309293E-04  -0.661161E-03   0.290121E-01   0.197185E-02   0.300000E-03
 349  -0.117561E-03  -0.256428E-03   0.301423E-01   0.284109E-02   0.250000E-03
 350  -0.155100E-02  -0.649740E-03   0.320774E-01   0.314759E-02   0.300000E-03
 351  -0.223385E-02  -0.237284E-03   0.328581E-01   0.308083E-02   0.350000E-03
 352  -0.130551E-02   0.528363E-03   0.344940E-01   0.310345E-02   0.400000E-03
 353  -0.166177E-02  -0.483181E-03   0.358816E-01   0.301877E-02   0.200000E-03
 354  -0.165677E-02  -0.433433E-03   0.372324E-01   0.219011E-02   0.250000E-03
 355  -0.117169E-02  -0.271390E-03   0.380346E-01   0.203461E-02   0.300000E-03
 356  -0.114209E-02  -0.147684E-03   0.393768E-01   0.162456E-02   0.200000E-03
 357  -0.507467E-03   0.522743E-03   0.408097E-01   0.179688E-02   0.300000E-03
 358  -0.699124E-03   0.177595E-03   0.416822E-01   0.133439E-02   0.250000E-03
 359  -0.105401E-02  -0.463953E-03   0.442584E-01   0.528410E-02   0.250000E-03
 360  -0.762901E-03   0.403157E-03   0.448001E-01   0.417672E-02   0.200000E-03
 361   0.201102E-03   0.531169E-03   0.681283E-03   0.274329E-02   0.400000E-03
 362  -0.720885E-04   0.372885E-03   0.147814E-02   0.273244E-02   0.400000E-03
 363  -0.238550E-03   0.439325E-03   0.309116E-02   0.201136E-02   0.250000E-03
 364  -0.389665E-03   0.661536E-03   0.491370E-02   0.254077E-02   0.300000E-03
 365   0.149025E-03   0.257983E-03   0.591658E-02   0.313478E-02   0.300000E-03
 366   0.512132E-04   0.103209E-03   0.617786E-02   0.367419E-02   0.300000E-03
 367  -0.977740E-04  -0.464814E-03   0.866786E-02   0.336445E-02   0.200000E-03
 368  -0.414926E-03  -0.216805E-03   0.103333E-01   0.310780E-02   0.300000E-03
 369  -0.108213E-02   0.119740E-03   0.118630E-01   0.292780E-02   0.350000E-03
 370  -0.104519E-02   0.253837E-03   0.128208E-01   0.254260E-02   0.400000E-03
 371  -0.585470E-03   0.278124E-03   0.137338E-01   0.284429E-02   0.300000E-03
 372  -0.296723E-04   0.245475E-03   0.150641E-01   0.327222E-02   0.400000E-03
 373  -0.728445E-04   0.920962E-03   0.156941E-01   0.293196E-02   0.300000E-03
 374  -0.652623E-04  -0.279894E-03   0.164126E-01   0.316198E-02   0.400000E-03
 375  -0.119730E-03  -0.317516E-03   0.175452E-01   0.393619E-02   0.450000E-03
 376  -0.421594E-03  -0.189692E-03   0.186711E-01   0.308340E-02   0.200000E-03
 377  -0.489415E-03   0.960186E-04   0.196073E-01   0.374886E-02   0.350000E-03
 378  -0.106763E-02  -0.827762E-03   0.210802E-01   0.263039E-02   0.300000E-03
 379  -0.842746E-03   0.264490E-03   0.211770E-01   0.328871E-02   0.350000E-03
 380  -0.595985E-03  -0.220564E-03   0.220034E-01   0.341747E-02   0.350000E-03
 381  -0.796897E-03   0.400715E-03   0.245246E-01   0.334929E-02   0.350000E-03
 382  -0.456365E-03   0.391769E-03   0.267970E-01   0.346855E-02   0.300000E-03
 383   0.284132E-03  -0.341145E-03   0.279066E-01   0.246450E-02   0.250000E-03
 384  -0.521623E-03  -0.343762E-03   0.285908E-01   0.239284E-02   0.300000E-03
 385  -0.943235E-03  -0.483274E-03   0.291600E-01   0.257077E-02   0.300000E-03
 386  -0.220663E-03  -0.740378E-03   0.307333E-01   0.262287E-02   0.300000E-03
 387  -0.167693E-02  -0.993959E-03   0.324735E-01   0.365980E-02   0.350000E-03
 388  -0.166633E-02  -0.404664E-03   0.354143E-01   0.345995E-02   0.450000E-03
 389  -0.904525E-03  -0.305841E-03   0.360568E-01   0.337537E-02   0.200000E-03
 390  -0.102903E-02   0.899870E-06   0.364715E-01   0.291884E-02   0.400000E-03
 391  -0.120235E-02  -0.188196E-03   0.376755E-01   0.251391E-02   0.300000E-03
 392  -0.165499E-02   0.549871E-03   0.390476E-01   0.192632E-02   0.250000E-03
 393  -0.143666E-02   0.711013E-03   0.396131E-01   0.212253E-02   0.350000E-03
 394  -0.884086E-03   0.174204E-03   0.422269E-01   0.126882E-02   0.300000E-03
 395  -0.145023E-02   0.299627E-03   0.439064E-01   0.147070E-02   0.300000E-03
 396   0.371600E-03   0.219832E-02   0.444252E-01   0.241955E-02   0.200000E-03
 397  -0.864053E-04   0.422612E-03   0.972285E-03   0.348644E-02   0.400000E-03
 398   0.648943E-04  -0.482398E-03   0.264140E-02   0.232767E-02   0.300000E-03
 399  -0.373904E-03   0.768432E-03   0.354239E-02   0.232575E-02   0.300000E-03
 400  -0.897449E-05   0.691421E-03   0.424146E-02   0.235655E-02   0.400000E-03
 401   0.205104E-03   0.275371E-03   0.574775E-02   0.392125E-02   0.200000E-03
 402  -0.206636E-03   0.263268E-03   0.729192E-02   0.344893E-02   0.350000E-03
 403  -0.393789E-03   0.233639E-03   0.852648E-02   0.378952E-02   0.250000E-03
 404   0.395928E-03  -0.219094E-04   0.906081E-02   0.367566E-02   0.300000E-03
 405  -0.570794E-03   0.338479E-04   0.119623E-01   0.347575E-02   0.200000E-03
 406  -0.100289E-02   0.207877E-03   0.125256E-01   0.327840E-02   0.400000E-03
 407  -0.101366E-02   0.456584E-03   0.132068E-01   0.312447E-02   0.300000E-03
 408  -0.416548E-03   0.145192E-03   0.142663E-01   0.329672E-02   0.400000E-03
 409  -0.249382E-03   0.341350E-03   0.157477E-01   0.357166E-02   0.350000E-03
 410  -0.682077E-03   0.150498E-03   0.162293E-01   0.400031E-02   0.300000E-03
 411  -0.353348E-04   0.135426E-03   0.167550E-01   0.428512E-02   0.300000E-03
 412  -0.434742E-03  -0.466631E-04   0.183010E-01   0.355417E-02   0.400000E-03
 413  -0.693529E-03  -0.528974E-04   0.202965E-01   0.396755E-02   0.300000E-03
 414  -0.743461E-03  -0.144698E-03   0.208057E-01   0.375976E-02   0.250000E-03
 415  -0.575285E-03   0.961264E-05   0.208328E-01   0.440904E-02   0.400000E-03
 416  -0.244943E-03   0.211564E-03   0.224736E-01   0.400040E-02   0.400000E-03
 417  -0.610551E-03   0.265626E-03   0.234365E-01   0.353800E-02   0.300000E-03
 418  -0.543727E-03   0.176201E-03   0.251621E-01   0.361672E-02   0.350000E-03
 419   0.176432E-04  -0.357943E-03   0.278209E-01   0.305583E-02   0.350000E-03
 420  -0.609001E-03  -0.146964E-03   0.283973E-01   0.290113E-02   0.250000E-03
 421  -0.650118E-05  -0.168404E-03   0.296252E-01   0.313918E-02   0.350000E-03
 422  -0.181439E-02  -0.722318E-03   0.313329E-01   0.306931E-02   0.450000E-03
 423  -0.117752E-02   0.197940E-03   0.338127E-01   0.340496E-02   0.350000E-03
 424  -0.159560E-02  -0.257071E-03   0.347310E-01   0.376055E-02   0.300000E-03
 425  -0.119197E-02  -0.169349E-03   0.369806E-01   0.339295E-02   0.300000E-03
 426  -0.177580E-02   0.945297E-04   0.371635E-01   0.282141E-02   0.300000E-03
 427  -0.136349E-02  -0.667079E-04   0.380247E-01   0.312782E-02   0.300000E-03
 428  -0.513786E-03  -0.330673E-04   0.385784E-01   0.209098E-02   0.250000E-03
 429  -0.112706E-02   0.757534E-03   0.402227E-01   0.190689E-02   0.300000E-03
 430  -0.511215E-03   0.727449E-03   0.419460E-01   0.186701E-02   0.350000E-03
 431  -0.928235E-03   0.987473E-03   0.426882E-01   0.179420E-02   0.400000E-03
 432   0.155329E-03   0.311608E-03   0.433099E-01   0.147937E-02   0.300000E-03
 433  -0.174322E-03   0.532060E-03   0.347327E-03   0.396188E-02   0.350000E-03
 434   0.631866E-04   0.673691E-03   0.159031E-02   0.179235E-02   0.200000E-03
 435  -0.281449E-04   0.332243E-03   0.313626E-02   0.283090E-02   0.350000E-03
 436  -0.305809E-03   0.837395E-03   0.529411E-02   0.293484E-02   0.250000E-03
 437   0.194767E-03   0.248962E-03   0.562569E-02   0.354069E-02   0.200000E-03
 438   0.132064E-03   0.209488E-03   0.675849E-02   0.381655E-02   0.300000E-03
 439  -0.108089E-03   0.341214E-03   0.793801E-02   0.369034E-02   0.350000E-03
 440   0.229289E-03  -0.216943E-03   0.108737E-01   0.374694E-02   0.200000E-03
 441   0.223913E-03   0.165925E-04   0.109145E-01   0.325108E-02   0.300000E-03
 442  -0.927959E-03   0.293500E-03   0.130775E-01   0.370806E-02   0.300000E-03
 443  -0.135316E-02   0.858933E-04   0.136386E-01   0.346461E-02   0.250000E-03
 444  -0.142667E-03   0.285247E-03   0.152241E-01   0.395197E-02   0.300000E-03
 445  -0.587798E-03   0.138029E-03   0.157034E-01   0.445977E-02   0.400000E-03
 446  -0.829379E-03   0.197147E-03   0.163009E-01   0.448869E-02   0.200000E-03
 447  -0.191859E-03  -0.404585E-04   0.172488E-01   0.461993E-02   0.300000E-03
 448  -0.382112E-03  -0.175224E-03   0.183416E-01   0.445104E-02   0.500000E-03
 449  -0.305487E-03  -0.374973E-04   0.192366E-01   0.439789E-02   0.400000E-03
 450  -0.474189E-03  -0.140822E-03   0.199313E-01   0.444006E-02   0.300000E-03
 451  -0.833212E-03   0.118648E-03   0.214945E-01   0.396412E-02   0.400000E-03
 452  -0.509235E-03   0.429076E-03   0.219636E-01   0.454430E-02   0.350000E-03
 453  -0.528089E-03  -0.384848E-04   0.240670E-01   0.389985E-02   0.350000E-03
 454  -0.132103E-04  -0.623969E-04   0.257842E-01   0.330198E-02   0.350000E-03
 455  -0.469299E-03   0.614023E-04   0.269977E-01   0.301303E-02   0.200000E-03
 456  -0.941600E-03  -0.243371E-03   0.289278E-01   0.317732E-02   0.350000E-03
 457  -0.354974E-03  -0.219300E-03   0.305609E-01   0.319380E-02   0.300000E-03
 458  -0.363201E-03  -0.719996E-03   0.307011E-01   0.382149E-02   0.350000E-03
 459  -0.189607E-02  -0.891677E-03   0.317805E-01   0.372859E-02   0.350000E-03
 460  -0.167627E-02  -0.231168E-03   0.341938E-01   0.386470E-02   0.250000E-03
 461  -0.957848E-03  -0.384368E-03   0.364607E-01   0.356596E-02   0.250000E-03
 462  -0.148434E-02  -0.591374E-03   0.376413E-01   0.426571E-02   0.300000E-03
 463  -0.111741E-02  -0.799450E-04   0.382688E-01   0.258321E-02   0.300000E-03
 464  -0.636470E-03  -0.192071E-03   0.390089E-01   0.263945E-02   0.450000E-03
 465  -0.624245E-03   0.403343E-03   0.407047E-01   0.238431E-02   0.300000E-03
 466  -0.248744E-03   0.524495E-03   0.411755E-01   0.254814E-02   0.200000E-03
 467  -0.335841E-03   0.188513E-03   0.435701E-01   0.255823E-02   0.250000E-03
 468  -0.390526E-03  -0.203561E-03   0.435677E-01   0.383162E-02   0.350000E-03
 469  -0.192260E-06   0.473206E-03   0.105324E-02   0.433116E-02   0.450000E-03
 470  -0.196161E-03   0.446776E-03   0.217533E-02   0.278925E-02   0.300000E-03
 471   0.181151E-03   0.144419E-03   0.385210E-02   0.305403E-02   0.400000E-03
 472  -0.236529E-03   0.324011E-03   0.454975E-02   0.301056E-02   0.300000E-03
 473  -0.114268E-03   0.356044E-03   0.502631E-02   0.352304E-02   0.400000E-03
 474  -0.372168E-04   0.675188E-04   0.744002E-02   0.402343E-02   0.250000E-03
 475  -0.171715E-03   0.921355E-04   0.811158E-02   0.436432E-02   0.350000E-03
 476   0.886969E-04  -0.323172E-03   0.953133E-02   0.404620E-02   0.300000E-03
 477  -0.285902E-03   0.108406E-03   0.113144E-01   0.289090E-02   0.200000E-03
 478  -0.790681E-03  -0.323833E-04   0.122250E-01   0.395851E-02   0.350000E-03
 479  -0.405248E-03   0.110312E-03   0.141938E-01   0.394062E-02   0.250000E-03
 480  -0.266471E-03   0.260537E-03   0.146808E-01   0.379694E-02   0.250000E-03
 481  -0.309808E-03   0.355617E-03   0.147892E-01   0.428505E-02   0.250000E-03
 482  -0.892512E-03   0.910527E-05   0.162707E-01   0.508073E-02   0.400000E-03
 483  -0.233864E-03   0.105107E-03   0.169664E-01   0.514740E-02   0.300000E-03
 484  -0.425964E-03  -0.191663E-03   0.186368E-01   0.519250E-02   0.300000E-03
 485  -0.395021E-03  -0.327195E-03   0.196472E-01   0.502278E-02   0.350000E-03
 486  -0.921612E-05   0.331331E-03   0.203122E-01   0.489943E-02   0.300000E-03
 487  -0.920126E-04   0.238819E-03   0.213758E-01   0.491953E-02   0.350000E-03
 488  -0.519040E-03  -0.526501E-04   0.218986E-01   0.508909E-02   0.200000E-03
 489  -0.538504E-03  -0.372735E-04   0.246644E-01   0.394854E-02   0.250000E-03
 490  -0.846008E-03   0.289364E-03   0.273336E-01   0.338847E-02   0.250000E-03
 491  -0.743669E-03  -0.270373E-03   0.283380E-01   0.344581E-02   0.300000E-03
 492  -0.441629E-03   0.250140E-03   0.293222E-01   0.381378E-02   0.400000E-03
 493  -0.302859E-03  -0.406560E-03   0.300968E-01   0.358477E-02   0.300000E-03
 494  -0.306270E-03  -0.810073E-03   0.312353E-01   0.371136E-02   0.200000E-03
 495  -0.104815E-02  -0.382346E-03   0.328792E-01   0.402560E-02   0.200000E-03
 496  -0.101880E-02  -0.551203E-05   0.359423E-01   0.419592E-02   0.350000E-03
 497  -0.100009E-02  -0.416466E-03   0.360941E-01   0.372154E-02   0.150000E-03
 498  -0.140111E-02  -0.422588E-03   0.373479E-01   0.380158E-02   0.250000E-03
 499  -0.151220E-02  -0.999389E-04   0.375223E-01   0.333523E-02   0.250000E-03
 500  -0.716433E-03  -0.133245E-03   0.393978E-01   0.309524E-02   0.150000E-03
 501  -0.117482E-02   0.316643E-03   0.401596E-01   0.245138E-02   0.250000E-03
 502  -0.296224E-03   0.518489E-03   0.413349E-01   0.207857E-02   0.300000E-03
 503   0.702874E-04   0.173274E-03   0.429742E-01   0.262138E-02   0.350000E-03
 504   0.260736E-03   0.120266E-02   0.433250E-01   0.207484E-02   0.300000E-03
 505  -0.132578E-03   0.553696E-03   0.165012E-02   0.380214E-02   0.350000E-03
 506  -0.699906E-05   0.416376E-03   0.187008E-02   0.324648E-02   0.250000E-03
 507   0.712150E-04   0.325538E-03   0.332471E-02   0.342811E-02   0.250000E-03
 508  -0.253013E-03   0.355042E-03   0.433026E-02   0.356462E-02   0.300000E-03
 509  -0.516707E-05   0.340687E-03   0.609290E-02   0.421700E-02   0.250000E-03
 510  -0.180797E-03   0.302281E-04   0.749644E-02   0.456345E-02   0.300000E-03
 511  -0.366275E-03   0.299150E-03   0.878412E-02   0.427380E-02   0.300000E-03
 512  -0.127641E-03  -0.197434E-03   0.103260E-01   0.375541E-02   0.350000E-03
 513  -0.156025E-03  -0.334028E-04   0.114658E-01   0.347736E-02   0.300000E-03
 514  -0.987025E-03  -0.638078E-05   0.128507E-01   0.436922E-02   0.400000E-03
 515  -0.100858E-02   0.235494E-03   0.136104E-01   0.407969E-02   0.350000E-03
 516  -0.465739E-03   0.360631E-03   0.142493E-01   0.453621E-02   0.350000E-03
 517  -0.190376E-02  -0.534207E-03   0.151537E-01   0.444953E-02   0.150000E-03
 518  -0.920252E-04   0.167817E-03   0.154837E-01   0.522541E-02   0.400000E-03
 519  -0.418700E-03  -0.181055E-03   0.177347E-01   0.504194E-02   0.350000E-03
 520  -0.434923E-03  -0.256581E-03   0.191701E-01   0.546226E-02   0.300000E-03
 521   0.208896E-04   0.117194E-03   0.201467E-01   0.557841E-02   0.400000E-03
 522  -0.430240E-03  -0.143612E-03   0.207523E-01   0.522756E-02   0.250000E-03
 523  -0.440394E-03   0.108121E-03   0.218770E-01   0.553684E-02   0.250000E-03
 524  -0.468774E-03   0.198089E-03   0.231692E-01   0.406996E-02   0.300000E-03
 525  -0.562926E-03   0.195708E-03   0.252027E-01   0.436356E-02   0.400000E-03
 526  -0.563937E-03   0.102998E-03   0.256726E-01   0.391737E-02   0.250000E-03
 527  -0.532322E-03  -0.341763E-03   0.277987E-01   0.370531E-02   0.300000E-03
 528  -0.726717E-03   0.299329E-03   0.291794E-01   0.454867E-02   0.350000E-03
 529  -0.554171E-03   0.227901E-03   0.305493E-01   0.444620E-02   0.300000E-03
 530  -0.138116E-02  -0.518908E-03   0.321603E-01   0.405141E-02   0.150000E-03
 531  -0.156795E-02  -0.664182E-03   0.330205E-01   0.360604E-02   0.200000E-03
 532  -0.156980E-02  -0.200817E-04   0.351988E-01   0.428105E-02   0.400000E-03
 533  -0.127531E-02  -0.469415E-03   0.368251E-01   0.397110E-02   0.300000E-03
 534  -0.770639E-03  -0.377332E-03   0.382256E-01   0.439990E-02   0.300000E-03
 535   0.140078E-03  -0.250673E-03   0.379082E-01   0.372670E-02   0.300000E-03
 536  -0.169343E-02   0.943976E-03   0.386328E-01   0.310486E-02   0.150000E-03
 537  -0.896281E-03   0.713093E-03   0.404358E-01   0.273911E-02   0.150000E-03
 538  -0.520608E-03   0.128213E-03   0.417677E-01   0.249034E-02   0.300000E-03
 539  -0.300026E-03   0.674857E-04   0.423607E-01   0.240875E-02   0.300000E-03
 540  -0.717608E-03   0.115009E-03   0.439712E-01   0.284738E-02   0.250000E-03
 541   0.120475E-03   0.128913E-02   0.482114E-02   0.844484E-02   0.300000E-03
 542  -0.133336E-03   0.196649E-03   0.258140E-02   0.347423E-02   0.500000E-03
 543  -0.118715E-03   0.225560E-03   0.376381E-02   0.375538E-02   0.300000E-03
 544  -0.150581E-03   0.119827E-03   0.419658E-02   0.409398E-02   0.250000E-03
 545  -0.153973E-03   0.376505E-03   0.533343E-02   0.409232E-02   0.250000E-03
 546  -0.280155E-03   0.186665E-03   0.858694E-02   0.499715E-02   0.450000E-03
 547  -0.196448E-03   0.386333E-03   0.929016E-02   0.459402E-02   0.300000E-03
 548   0.473231E-03   0.137834E-03   0.977577E-02   0.447888E-02   0.200000E-03
 549   0.164068E-03   0.135762E-04   0.110583E-01   0.431514E-02   0.400000E-03
 550  -0.179087E-03  -0.179607E-04   0.116272E-01   0.400225E-02   0.250000E-03
 551  -0.430181E-03   0.322645E-03   0.135280E-01   0.487523E-02   0.450000E-03
 552  -0.509210E-03   0.237167E-03   0.142413E-01   0.523378E-02   0.350000E-03
 553  -0.449580E-03  -0.837275E-03   0.149113E-01   0.476982E-02   0.250000E-03
 554   0.971091E-04   0.402412E-04   0.150696E-01   0.572333E-02   0.250000E-03
 555  -0.807630E-03  -0.367268E-03   0.160039E-01   0.583146E-02   0.400000E-03
 556  -0.413292E-03  -0.174098E-03   0.181501E-01   0.553908E-02   0.300000E-03
 557  -0.364822E-03  -0.281898E-03   0.188796E-01   0.481524E-02   0.150000E-03
 558  -0.190534E-03   0.186592E-03   0.212425E-01   0.565264E-02   0.400000E-03
 559  -0.644489E-03  -0.391042E-03   0.226269E-01   0.463181E-02   0.250000E-03
 560  -0.454809E-03  -0.113256E-03   0.237190E-01   0.438522E-02   0.250000E-03
 561  -0.471468E-03   0.221869E-03   0.259548E-01   0.444429E-02   0.350000E-03
 562  -0.574302E-03   0.280568E-03   0.262597E-01   0.381550E-02   0.350000E-03
 563  -0.528820E-03   0.491997E-03   0.285798E-01   0.409919E-02   0.400000E-03
 564  -0.654808E-03   0.287017E-03   0.285797E-01   0.479741E-02   0.300000E-03
 565  -0.529439E-03   0.357069E-03   0.299426E-01   0.422843E-02   0.350000E-03
 566  -0.202532E-02  -0.454900E-03   0.312927E-01   0.436126E-02   0.450000E-03
 567  -0.152656E-02  -0.488597E-03   0.333134E-01   0.328783E-02   0.150000E-03
 568  -0.141049E-02  -0.382008E-03   0.338490E-01   0.385171E-02   0.100000E-03
 569  -0.121757E-02  -0.136811E-03   0.370069E-01   0.448679E-02   0.250000E-03
 570  -0.122641E-02  -0.410990E-04   0.378171E-01   0.483798E-02   0.300000E-03
 571  -0.123165E-02   0.123671E-06   0.384721E-01   0.352225E-02   0.300000E-03
 572  -0.669921E-03  -0.150324E-03   0.390564E-01   0.338785E-02   0.300000E-03
 573  -0.639665E-03  -0.195599E-04   0.397381E-01   0.280161E-02   0.300000E-03
 574  -0.621760E-03  -0.211555E-03   0.414145E-01   0.320340E-02   0.500000E-03
 575  -0.355403E-03   0.221543E-03   0.421286E-01   0.290433E-02   0.250000E-03
 576  -0.981674E-03   0.193248E-03   0.444159E-01   0.385713E-02   0.300000E-03
 577  -0.154861E-03   0.462222E-03   0.298377E-03   0.460870E-02   0.300000E-03
 578  -0.781940E-04   0.450084E-03   0.261448E-02   0.431871E-02   0.350000E-03
 579   0.729914E-04   0.228359E-03   0.476527E-02   0.428035E-02   0.350000E-03
 580  -0.134927E-03   0.547057E-03   0.544506E-02   0.457644E-02   0.250000E-03
 581  -0.268305E-03   0.322473E-03   0.706065E-02   0.414990E-02   0.150000E-03
 582  -0.408885E-03   0.302660E-03   0.792140E-02   0.488017E-02   0.200000E-03
 583   0.202945E-03  -0.297764E-03   0.992542E-02   0.490058E-02   0.250000E-03
 584  -0.132014E-03   0.122391E-03   0.103239E-01   0.445385E-02   0.350000E-03
 585  -0.447768E-03  -0.263906E-03   0.107395E-01   0.513649E-02   0.450000E-03
 586  -0.742246E-03  -0.344654E-03   0.118665E-01   0.449724E-02   0.300000E-03
 587  -0.754871E-03  -0.141463E-03   0.123337E-01   0.467157E-02   0.200000E-03
 588  -0.461186E-03   0.575215E-03   0.136217E-01   0.551808E-02   0.200000E-03
 589  -0.897163E-03   0.273072E-03   0.148378E-01   0.527397E-02   0.250000E-03
 590  -0.403991E-03  -0.439025E-03   0.154281E-01   0.599374E-02   0.200000E-03
 591  -0.599894E-03  -0.250443E-04   0.173729E-01   0.551532E-02   0.250000E-03
 592  -0.416241E-03   0.192802E-03   0.181506E-01   0.613703E-02   0.300000E-03
 593  -0.230496E-03  -0.183473E-04   0.195220E-01   0.594581E-02   0.300000E-03
 594  -0.193857E-04  -0.670750E-04   0.206595E-01   0.612237E-02   0.350000E-03
 595  -0.660908E-03   0.248162E-04   0.222847E-01   0.498784E-02   0.200000E-03
 596  -0.398829E-03  -0.469413E-04   0.232210E-01   0.471573E-02   0.350000E-03
 597  -0.495511E-03   0.450372E-04   0.244279E-01   0.455308E-02   0.400000E-03
 598  -0.628751E-03   0.275537E-03   0.266499E-01   0.439409E-02   0.350000E-03
 599  -0.728468E-03  -0.608810E-04   0.272060E-01   0.397046E-02   0.350000E-03
 600  -0.578299E-03  -0.108771E-03   0.299268E-01   0.487663E-02   0.300000E-03
 601  -0.735135E-03  -0.637752E-04   0.305396E-01   0.508785E-02   0.350000E-03
 602  -0.139288E-02   0.166417E-04   0.309948E-01   0.488179E-02   0.150000E-03
 603  -0.923428E-03  -0.175326E-03   0.330240E-01   0.455435E-02   0.350000E-03
 604  -0.117215E-02  -0.461859E-03   0.334230E-01   0.398033E-02   0.350000E-03
 605  -0.109173E-02  -0.168810E-03   0.364230E-01   0.476734E-02   0.400000E-03
 606  -0.868247E-03   0.839532E-04   0.385010E-01   0.513895E-02   0.450000E-03
 607  -0.132075E-02   0.636602E-04   0.386393E-01   0.404140E-02   0.250000E-03
 608  -0.714041E-03  -0.130059E-03   0.396580E-01   0.345986E-02   0.300000E-03
 609  -0.561620E-03  -0.151531E-03   0.402510E-01   0.319883E-02   0.350000E-03
 610  -0.686539E-03   0.554803E-03   0.409156E-01   0.278167E-02   0.150000E-03
 611  -0.564678E-04   0.664951E-05   0.428013E-01   0.360835E-02   0.450000E-03
 612  -0.457133E-03   0.419841E-03   0.434450E-01   0.314071E-02   0.350000E-03
 613  -0.264764E-03  -0.137694E-03   0.104523E-01   0.860861E-02   0.350000E-03
 614  -0.238364E-03   0.340597E-03   0.314100E-02   0.446671E-02   0.200000E-03
 615  -0.450440E-03   0.405429E-03   0.368492E-02   0.440434E-02   0.350000E-03
 616   0.144956E-03   0.308098E-03   0.569655E-02   0.426657E-02   0.150000E-03
 617   0.114974E-03   0.445420E-03   0.664493E-02   0.445067E-02   0.350000E-03
 618  -0.172996E-03   0.176272E-03   0.808620E-02   0.555326E-02   0.300000E-03
 619  -0.177719E-03   0.131855E-03   0.930840E-02   0.519147E-02   0.300000E-03
 620  -0.371593E-04   0.387006E-03   0.990322E-02   0.554805E-02   0.400000E-03
 621  -0.285737E-03  -0.418634E-04   0.114131E-01   0.532587E-02   0.250000E-03
 622  -0.181966E-03  -0.741247E-03   0.114393E-01   0.483439E-02   0.250000E-03
 623  -0.792010E-03  -0.811528E-04   0.126797E-01   0.509858E-02   0.350000E-03
 624  -0.441452E-03   0.118148E-03   0.139717E-01   0.571171E-02   0.200000E-03
 625  -0.432772E-03   0.175464E-03   0.144935E-01   0.588217E-02   0.350000E-03
 626  -0.122420E-03   0.305286E-03   0.166271E-01   0.549900E-02   0.150000E-03
 627  -0.283725E-03  -0.120075E-03   0.169447E-01   0.564580E-02   0.200000E-03
 628  -0.471631E-03   0.197363E-03   0.175611E-01   0.602786E-02   0.300000E-03
 629  -0.870640E-03  -0.170351E-03   0.188318E-01   0.644665E-02   0.450000E-03
 630  -0.499164E-03   0.319417E-03   0.218583E-01   0.608653E-02   0.300000E-03
 631  -0.635501E-03   0.864866E-04   0.227680E-01   0.524752E-02   0.350000E-03
 632  -0.486832E-03  -0.426717E-07   0.238364E-01   0.492185E-02   0.300000E-03
 633  -0.390102E-03   0.418185E-03   0.246846E-01   0.514683E-02   0.250000E-03
 634  -0.798394E-03   0.334369E-03   0.271829E-01   0.451673E-02   0.200000E-03
 635  -0.630007E-03   0.400781E-03   0.278255E-01   0.447228E-02   0.450000E-03
 636  -0.843024E-03   0.194753E-03   0.293987E-01   0.515767E-02   0.300000E-03
 637  -0.904294E-03   0.309852E-03   0.303498E-01   0.570495E-02   0.300000E-03
 638  -0.124067E-02   0.283266E-03   0.321252E-01   0.472305E-02   0.350000E-03
 639  -0.161841E-02  -0.220618E-03   0.342868E-01   0.481259E-02   0.250000E-03
 640  -0.165353E-02  -0.679585E-04   0.345027E-01   0.431273E-02   0.300000E-03
 641  -0.109068E-02   0.126462E-04   0.368878E-01   0.528973E-02   0.300000E-03
 642  -0.108091E-02  -0.228723E-05   0.372741E-01   0.490203E-02   0.250000E-03
 643  -0.112200E-02   0.276433E-03   0.388056E-01   0.451008E-02   0.250000E-03
 644  -0.869749E-03   0.692887E-04   0.392881E-01   0.405147E-02   0.400000E-03
 645  -0.486082E-03   0.110563E-03   0.417221E-01   0.383137E-02   0.200000E-03
 646  -0.772175E-03  -0.176463E-03   0.407704E-01   0.328905E-02   0.150000E-03
 647  -0.100823E-02   0.255884E-03   0.425696E-01   0.299338E-02   0.200000E-03
 648  -0.375704E-03  -0.267205E-03   0.448042E-01   0.354837E-02   0.200000E-03
 649  -0.117353E-03   0.502386E-03   0.714031E-03   0.488375E-02   0.200000E-03
 650  -0.417244E-04   0.118580E-03   0.266930E-02   0.501063E-02   0.350000E-03
 651  -0.400296E-03   0.342065E-03   0.320501E-02   0.397121E-02   0.300000E-03
 652  -0.174427E-03   0.351753E-03   0.457500E-02   0.489478E-02   0.200000E-03
 653  -0.175907E-03   0.458423E-03   0.656767E-02   0.494387E-02   0.150000E-03
 654  -0.239045E-03   0.207644E-03   0.745393E-02   0.525624E-02   0.400000E-03
 655  -0.170742E-03   0.563564E-03   0.876866E-02   0.577413E-02   0.350000E-03
 656  -0.253836E-03   0.542507E-03   0.935546E-02   0.589344E-02   0.250000E-03
 657  -0.393510E-03   0.107161E-03   0.104782E-01   0.593293E-02   0.300000E-03
 658  -0.537909E-03  -0.963906E-04   0.119814E-01   0.513646E-02   0.350000E-03
 659  -0.379716E-03   0.251183E-03   0.131548E-01   0.546388E-02   0.250000E-03
 660  -0.444877E-03   0.178319E-03   0.136222E-01   0.619769E-02   0.400000E-03
 661  -0.752981E-03  -0.113478E-03   0.150134E-01   0.627042E-02   0.300000E-03
 662  -0.493126E-03   0.161457E-03   0.163480E-01   0.643434E-02   0.300000E-03
 663  -0.175313E-03  -0.263967E-03   0.166384E-01   0.597075E-02   0.250000E-03
 664  -0.470813E-03   0.159545E-03   0.177710E-01   0.653364E-02   0.250000E-03
 665   0.145846E-04   0.372923E-04   0.200273E-01   0.626751E-02   0.300000E-03
 666  -0.191947E-03  -0.156773E-03   0.212678E-01   0.635070E-02   0.300000E-03
 667  -0.552180E-03   0.750886E-04   0.223744E-01   0.575928E-02   0.300000E-03
 668  -0.483740E-03  -0.575078E-04   0.234103E-01   0.534251E-02   0.300000E-03
 669  -0.741434E-03   0.122924E-05   0.248870E-01   0.475068E-02   0.100000E-03
 670  -0.606407E-03   0.133194E-03   0.263942E-01   0.487973E-02   0.200000E-03
 671  -0.849509E-03   0.198239E-03   0.285237E-01   0.530418E-02   0.200000E-03
 672  -0.703439E-03   0.288644E-03   0.281238E-01   0.510406E-02   0.250000E-03
 673  -0.850466E-03  -0.106421E-03   0.310266E-01   0.558107E-02   0.350000E-03
 674  -0.166681E-02   0.574958E-03   0.315486E-01   0.511791E-02   0.350000E-03
 675  -0.615429E-03  -0.510727E-03   0.324991E-01   0.425923E-02   0.250000E-03
 676  -0.158260E-02   0.131171E-04   0.347853E-01   0.478196E-02   0.250000E-03
 677  -0.114717E-02  -0.549350E-03   0.369708E-01   0.598307E-02   0.400000E-03
 678  -0.100807E-02   0.892041E-04   0.374292E-01   0.537568E-02   0.250000E-03
 679  -0.997786E-03   0.121031E-03   0.390907E-01   0.541926E-02   0.200000E-03
 680  -0.112871E-02   0.271997E-03   0.392622E-01   0.489787E-02   0.350000E-03
 681  -0.533075E-03  -0.447938E-03   0.410905E-01   0.387603E-02   0.250000E-03
 682  -0.411602E-03  -0.208802E-03   0.421349E-01   0.340254E-02   0.250000E-03
 683  -0.662804E-03  -0.512343E-03   0.440209E-01   0.454710E-02   0.500000E-03
 684  -0.877863E-03   0.267093E-03   0.440416E-01   0.339221E-02   0.300000E-03
 685  -0.230495E-03   0.582312E-03   0.349431E-03   0.727621E-02   0.350000E-03
 686  -0.299819E-03   0.151019E-04   0.332916E-02   0.558211E-02   0.350000E-03
 687  -0.238583E-03   0.155866E-03   0.331348E-02   0.493468E-02   0.300000E-03
 688   0.610857E-04   0.345152E-03   0.501637E-02   0.482447E-02   0.250000E-03
 689  -0.296326E-03   0.168219E-03   0.706128E-02   0.480382E-02   0.200000E-03
 690  -0.259833E-03   0.452879E-03   0.759877E-02   0.598547E-02   0.350000E-03
 691  -0.185223E-03   0.508780E-03   0.877918E-02   0.647318E-02   0.350000E-03
 692   0.159081E-03   0.376094E-03   0.990016E-02   0.624726E-02   0.300000E-03
 693  -0.376716E-03   0.896799E-04   0.103990E-01   0.647383E-02   0.250000E-03
 694  -0.276595E-03  -0.134087E-04   0.111185E-01   0.584084E-02   0.350000E-03
 695  -0.405799E-03   0.178982E-03   0.128983E-01   0.600456E-02   0.350000E-03
 696  -0.627469E-03  -0.109944E-03   0.146211E-01   0.719282E-02   0.250000E-03
 697  -0.445471E-03   0.131132E-03   0.143318E-01   0.661092E-02   0.400000E-03
 698  -0.957747E-03   0.600843E-03   0.156546E-01   0.655095E-02   0.400000E-03
 699  -0.435687E-03   0.170913E-03   0.170762E-01   0.659827E-02   0.450000E-03
 700  -0.754955E-03  -0.144531E-03   0.182093E-01   0.686326E-02   0.300000E-03
 701  -0.138188E-03   0.135211E-03   0.195557E-01   0.663402E-02   0.300000E-03
 702   0.337974E-04   0.117048E-03   0.204372E-01   0.683371E-02   0.400000E-03
 703  -0.633986E-03   0.111231E-03   0.230494E-01   0.594156E-02   0.400000E-03
 704  -0.268561E-03   0.313212E-03   0.241721E-01   0.553512E-02   0.400000E-03
 705  -0.577578E-03   0.486877E-03   0.251615E-01   0.500954E-02   0.250000E-03
 706  -0.541358E-03   0.103870E-03   0.259750E-01   0.504272E-02   0.250000E-03
 707  -0.743352E-03   0.238446E-03   0.269804E-01   0.507765E-02   0.400000E-03
 708  -0.665560E-03   0.296961E-03   0.298786E-01   0.542399E-02   0.250000E-03
 709  -0.124099E-02   0.509153E-03   0.320768E-01   0.527011E-02   0.200000E-03
 710  -0.124069E-02   0.266530E-03   0.326460E-01   0.501940E-02   0.250000E-03
 711  -0.110983E-02   0.336411E-04   0.337242E-01   0.460778E-02   0.350000E-03
 712  -0.158095E-02  -0.183130E-05   0.351330E-01   0.520725E-02   0.300000E-03
 713  -0.639701E-03  -0.240082E-03   0.381583E-01   0.636451E-02   0.350000E-03
 714  -0.153529E-02  -0.292205E-03   0.379303E-01   0.570121E-02   0.350000E-03
 715  -0.995247E-03   0.437091E-04   0.388227E-01   0.564007E-02   0.150000E-03
 716  -0.815361E-03   0.132559E-03   0.397270E-01   0.452878E-02   0.250000E-03
 717  -0.448408E-03  -0.192193E-03   0.400603E-01   0.366091E-02   0.150000E-03
 718  -0.350326E-03   0.207005E-03   0.421667E-01   0.389973E-02   0.250000E-03
 719  -0.518796E-03  -0.684436E-03   0.448014E-01   0.544916E-02   0.200000E-03
 720  -0.668533E-03  -0.775445E-03   0.434068E-01   0.727938E-02   0.350000E-03
 721  -0.215264E-03   0.499939E-03   0.215180E-02   0.402487E-02   0.200000E-03
 722  -0.347003E-03   0.176419E-03   0.202643E-02   0.509927E-02   0.300000E-03
 723  -0.880915E-04   0.418757E-03   0.425159E-02   0.458872E-02   0.250000E-03
 724  -0.239256E-03   0.581821E-03   0.602370E-02   0.486302E-02   0.400000E-03
 725  -0.310447E-03   0.105414E-03   0.692082E-02   0.512386E-02   0.150000E-03
 726  -0.506773E-03   0.247534E-03   0.651456E-02   0.549093E-02   0.400000E-03
 727  -0.940197E-04   0.505579E-03   0.822893E-02   0.613524E-02   0.300000E-03
 728  -0.247543E-03   0.528187E-03   0.937152E-02   0.639148E-02   0.250000E-03
 729   0.751587E-05   0.862275E-03   0.971174E-02   0.682273E-02   0.300000E-03
 730  -0.683361E-03  -0.287952E-03   0.123570E-01   0.560403E-02   0.250000E-03
 731  -0.146217E-03   0.785875E-04   0.122274E-01   0.619992E-02   0.350000E-03
 732  -0.304457E-03   0.610350E-04   0.131190E-01   0.660755E-02   0.250000E-03
 733  -0.753824E-03   0.426799E-04   0.149477E-01   0.681506E-02   0.250000E-03
 734  -0.453266E-03  -0.839292E-05   0.161566E-01   0.688957E-02   0.200000E-03
 735  -0.671703E-03  -0.180700E-03   0.176362E-01   0.716818E-02   0.350000E-03
 736  -0.892992E-03   0.175688E-03   0.191304E-01   0.724141E-02   0.400000E-03
 737  -0.658331E-04   0.188777E-03   0.198246E-01   0.716893E-02   0.300000E-03
 738  -0.268610E-03  -0.301820E-03   0.215098E-01   0.700417E-02   0.400000E-03
 739  -0.562532E-03  -0.664107E-05   0.224572E-01   0.639936E-02   0.350000E-03
 740  -0.120426E-03   0.216946E-03   0.237647E-01   0.616085E-02   0.350000E-03
 741  -0.512259E-03   0.682615E-04   0.248321E-01   0.562292E-02   0.250000E-03
 742  -0.645717E-03   0.137234E-03   0.263854E-01   0.532910E-02   0.250000E-03
 743  -0.626801E-03   0.261273E-03   0.276258E-01   0.514048E-02   0.250000E-03
 744  -0.732216E-03   0.176086E-03   0.289008E-01   0.517979E-02   0.200000E-03
 745  -0.168826E-02   0.197669E-03   0.316120E-01   0.571392E-02   0.250000E-03
 746  -0.133872E-02  -0.183674E-03   0.328066E-01   0.559611E-02   0.350000E-03
 747  -0.100466E-02  -0.447191E-03   0.332784E-01   0.515066E-02   0.300000E-03
 748  -0.113446E-02  -0.156254E-03   0.356788E-01   0.485544E-02   0.350000E-03
 749  -0.113427E-02   0.106330E-03   0.363168E-01   0.545700E-02   0.300000E-03
 750  -0.793117E-03  -0.607883E-04   0.385033E-01   0.587525E-02   0.250000E-03
 751  -0.109255E-02  -0.114502E-03   0.391577E-01   0.593286E-02   0.300000E-03
 752  -0.987341E-03   0.247273E-03   0.401777E-01   0.422548E-02   0.300000E-03
 753  -0.775811E-03  -0.252936E-03   0.407076E-01   0.299615E-02   0.150000E-03
 754  -0.234347E-03   0.132504E-03   0.418880E-01   0.418388E-02   0.150000E-03
 755  -0.152698E-03   0.570858E-04   0.425418E-01   0.414898E-02   0.150000E-03
 756  -0.601272E-03  -0.590913E-03   0.431056E-01   0.670357E-02   0.300000E-03
 757  -0.233182E-03   0.506256E-03   0.183925E-02   0.447693E-02   0.350000E-03
 758   0.107944E-03   0.324285E-04   0.402169E-02   0.565711E-02   0.350000E-03
 759   0.222422E-03   0.245656E-03   0.390714E-02   0.501681E-02   0.300000E-03
 760   0.790000E-04   0.307451E-03   0.472672E-02   0.556593E-02   0.300000E-03
 761  -0.384684E-04   0.324031E-03   0.539312E-02   0.535290E-02   0.400000E-03
 762  -0.246307E-03   0.880773E-04   0.589326E-02   0.590759E-02   0.350000E-03
 763  -0.372123E-03   0.470057E-03   0.688148E-02   0.619878E-02   0.400000E-03
 764  -0.135750E-03   0.717669E-03   0.815499E-02   0.673040E-02   0.300000E-03
 765  -0.207974E-03   0.107578E-03   0.115524E-01   0.638402E-02   0.350000E-03
 766  -0.357130E-03  -0.195369E-03   0.117614E-01   0.574781E-02   0.300000E-03
 767  -0.350014E-03   0.459513E-04   0.126809E-01   0.650886E-02   0.200000E-03
 768  -0.438379E-03   0.123213E-03   0.137245E-01   0.683830E-02   0.250000E-03
 769  -0.517714E-03   0.397023E-03   0.152483E-01   0.733359E-02   0.350000E-03
 770  -0.859738E-03   0.436610E-03   0.158318E-01   0.719985E-02   0.250000E-03
 771  -0.496687E-03   0.589295E-04   0.165559E-01   0.677558E-02   0.100000E-03
 772  -0.650807E-03   0.147962E-03   0.184895E-01   0.733305E-02   0.250000E-03
 773  -0.401116E-03  -0.295426E-03   0.202173E-01   0.774756E-02   0.400000E-03
 774  -0.293084E-03  -0.312097E-03   0.208925E-01   0.742475E-02   0.350000E-03
 775  -0.478885E-03   0.345006E-03   0.233021E-01   0.654055E-02   0.250000E-03
 776  -0.428598E-03   0.429259E-03   0.249111E-01   0.606541E-02   0.200000E-03
 777  -0.664655E-03   0.554667E-03   0.255747E-01   0.483642E-02   0.200000E-03
 778  -0.530431E-03   0.753285E-04   0.259700E-01   0.549159E-02   0.200000E-03
 779  -0.386010E-03   0.849898E-03   0.278379E-01   0.564566E-02   0.300000E-03
 780  -0.818460E-03   0.426621E-03   0.294167E-01   0.580581E-02   0.350000E-03
 781  -0.568656E-03  -0.759034E-03   0.307221E-01   0.603864E-02   0.200000E-03
 782  -0.128529E-02   0.228396E-03   0.321597E-01   0.576253E-02   0.300000E-03
 783  -0.131287E-02  -0.565984E-03   0.339143E-01   0.528032E-02   0.350000E-03
 784  -0.187626E-02  -0.125296E-02   0.344617E-01   0.522535E-02   0.200000E-03
 785  -0.149434E-02   0.598537E-04   0.356784E-01   0.555559E-02   0.350000E-03
 786   0.618373E-03   0.878395E-04   0.375840E-01   0.619622E-02   0.250000E-03
 787  -0.111807E-02  -0.574950E-04   0.397214E-01   0.613231E-02   0.300000E-03
 788  -0.108804E-02   0.965776E-04   0.396348E-01   0.548900E-02   0.350000E-03
 789  -0.532231E-03  -0.374412E-03   0.405561E-01   0.376430E-02   0.300000E-03
 790  -0.190412E-03  -0.766604E-04   0.414532E-01   0.428364E-02   0.300000E-03
 791  -0.435990E-03  -0.212884E-03   0.431005E-01   0.435029E-02   0.350000E-03
 792  -0.722532E-03  -0.374010E-03   0.438726E-01   0.517958E-02   0.150000E-03
 793  -0.188493E-03   0.158925E-06   0.284305E-02   0.547607E-02   0.150000E-03
 794  -0.207797E-03   0.419283E-03   0.244797E-02   0.545548E-02   0.150000E-03
 795  -0.732365E-04   0.176596E-03   0.435978E-02   0.522741E-02   0.200000E-03
 796  -0.303403E-03   0.293588E-03   0.266328E-02   0.646510E-02   0.300000E-03
 797   0.385248E-05  -0.447444E-04   0.449833E-02   0.623491E-02   0.400000E-03
 798   0.141495E-03  -0.728893E-04   0.516110E-02   0.601202E-02   0.300000E-03
 799  -0.258525E-03   0.374681E-03   0.750726E-02   0.667598E-02   0.350000E-03
 800  -0.242070E-03  -0.163929E-03   0.883000E-02   0.706988E-02   0.250000E-03
 801  -0.364088E-03   0.989720E-04   0.108139E-01   0.674818E-02   0.250000E-03
 802  -0.240715E-03   0.156092E-03   0.112819E-01   0.691833E-02   0.250000E-03
 803  -0.199074E-03   0.126900E-03   0.120151E-01   0.676004E-02   0.250000E-03
 804  -0.274795E-03   0.107644E-04   0.132650E-01   0.713763E-02   0.300000E-03
 805  -0.346807E-03  -0.136185E-03   0.140758E-01   0.726215E-02   0.300000E-03
 806  -0.761106E-03   0.933475E-04   0.157109E-01   0.763209E-02   0.200000E-03
 807  -0.467446E-03  -0.602698E-04   0.180615E-01   0.759101E-02   0.250000E-03
 808  -0.854227E-03   0.483683E-03   0.191509E-01   0.808999E-02   0.450000E-03
 809  -0.282186E-03  -0.343309E-03   0.214779E-01   0.770375E-02   0.300000E-03
 810  -0.457481E-03  -0.277838E-03   0.222083E-01   0.699476E-02   0.300000E-03
 811  -0.112637E-03   0.132831E-03   0.238032E-01   0.680715E-02   0.300000E-03
 812  -0.360024E-03   0.137227E-03   0.244259E-01   0.618675E-02   0.300000E-03
 813  -0.841889E-03   0.783145E-04   0.254261E-01   0.554262E-02   0.350000E-03
 814   0.672789E-03   0.403073E-03   0.273469E-01   0.555263E-02   0.200000E-03
 815  -0.789339E-03   0.419415E-03   0.286717E-01   0.588290E-02   0.400000E-03
 816  -0.743676E-03   0.454837E-04   0.312042E-01   0.609553E-02   0.200000E-03
 817  -0.966643E-03   0.279667E-03   0.302452E-01   0.629403E-02   0.300000E-03
 818  -0.137759E-02  -0.122250E-03   0.325713E-01   0.619857E-02   0.300000E-03
 819  -0.142574E-02  -0.202901E-03   0.334436E-01   0.572704E-02   0.300000E-03
 820  -0.126497E-02  -0.378332E-03   0.347265E-01   0.564768E-02   0.300000E-03
 821  -0.111307E-02  -0.254962E-03   0.362382E-01   0.604949E-02   0.300000E-03
 822  -0.116854E-02   0.104574E-03   0.378335E-01   0.692735E-02   0.300000E-03
 823  -0.908967E-03  -0.272742E-03   0.387550E-01   0.630690E-02   0.250000E-03
 824  -0.702051E-03   0.182474E-03   0.408169E-01   0.555435E-02   0.350000E-03
 825  -0.841399E-03   0.627683E-04   0.402562E-01   0.498512E-02   0.450000E-03
 826  -0.919006E-03   0.258250E-03   0.408028E-01   0.440154E-02   0.350000E-03
 827  -0.340107E-03   0.211451E-03   0.422274E-01   0.439522E-02   0.250000E-03
 828  -0.678990E-03   0.400654E-03   0.402852E-01   0.692316E-02   0.350000E-03
 829  -0.304109E-03   0.201187E-03   0.262644E-02   0.586778E-02   0.300000E-03
 830  -0.160301E-03   0.260267E-03   0.299833E-03   0.520783E-02   0.300000E-03
 831  -0.147304E-03   0.617327E-03   0.313325E-03   0.570635E-02   0.200000E-03
 832  -0.296132E-03   0.116714E-03   0.310442E-02   0.613720E-02   0.250000E-03
 833  -0.146090E-03   0.583769E-03   0.328006E-02   0.665667E-02   0.300000E-03
 834   0.934582E-04   0.148514E-04   0.508981E-02   0.660718E-02   0.300000E-03
 835   0.151859E-03   0.229557E-03   0.573589E-02   0.679294E-02   0.300000E-03
 836  -0.264009E-03   0.320205E-03   0.755655E-02   0.737208E-02   0.350000E-03
 837  -0.357975E-03  -0.118281E-04   0.108164E-01   0.629924E-02   0.200000E-03
 838  -0.188037E-03   0.175469E-03   0.117467E-01   0.729616E-02   0.350000E-03
 839  -0.378399E-03   0.617382E-04   0.125683E-01   0.709774E-02   0.400000E-03
 840   0.413866E-03   0.224893E-03   0.141517E-01   0.787000E-02   0.300000E-03
 841  -0.519585E-03   0.415769E-03   0.147345E-01   0.773031E-02   0.300000E-03
 842  -0.582882E-03  -0.224086E-03   0.170530E-01   0.745282E-02   0.300000E-03
 843  -0.655754E-03   0.626460E-03   0.185010E-01   0.783088E-02   0.250000E-03
 844  -0.803682E-03   0.381156E-03   0.198557E-01   0.834616E-02   0.300000E-03
 845  -0.299631E-03   0.131932E-03   0.208769E-01   0.812297E-02   0.350000E-03
 846  -0.487787E-03  -0.254569E-03   0.219858E-01   0.749630E-02   0.250000E-03
 847  -0.339498E-03   0.222211E-03   0.232754E-01   0.708936E-02   0.300000E-03
 848  -0.452279E-03   0.182668E-04   0.244978E-01   0.688299E-02   0.400000E-03
 849  -0.745524E-03   0.197217E-04   0.254331E-01   0.623848E-02   0.350000E-03
 850  -0.938595E-03   0.684586E-03   0.267431E-01   0.562409E-02   0.200000E-03
 851  -0.694590E-03  -0.106907E-03   0.266171E-01   0.610473E-02   0.300000E-03
 852  -0.690704E-03   0.231017E-03   0.299159E-01   0.582206E-02   0.150000E-03
 853  -0.191574E-02  -0.552726E-03   0.317042E-01   0.631996E-02   0.350000E-03
 854  -0.139468E-02  -0.246570E-03   0.327879E-01   0.681058E-02   0.350000E-03
 855  -0.122701E-02  -0.234649E-03   0.331679E-01   0.625966E-02   0.300000E-03
 856  -0.123354E-02  -0.371115E-03   0.341227E-01   0.599814E-02   0.400000E-03
 857  -0.118718E-02  -0.317765E-03   0.352144E-01   0.607585E-02   0.350000E-03
 858  -0.131469E-02  -0.329153E-03   0.365660E-01   0.655183E-02   0.300000E-03
 859  -0.109438E-02  -0.397428E-04   0.392850E-01   0.646665E-02   0.250000E-03
 860  -0.829569E-03   0.238173E-03   0.402114E-01   0.578613E-02   0.300000E-03
 861  -0.227818E-03   0.213344E-03   0.415145E-01   0.557037E-02   0.350000E-03
 862  -0.815699E-03   0.614516E-03   0.409749E-01   0.497585E-02   0.250000E-03
 863  -0.486959E-03  -0.540948E-03   0.432749E-01   0.513055E-02   0.450000E-03
 864  -0.526224E-03  -0.742765E-03   0.445513E-01   0.604765E-02   0.450000E-03
 865  -0.975557E-04   0.185121E-03   0.137891E-02   0.505346E-02   0.350000E-03
 866  -0.722589E-04   0.283860E-03   0.171089E-02   0.548671E-02   0.200000E-03
 867  -0.787144E-05   0.394774E-03   0.204485E-02   0.626788E-02   0.350000E-03
 868  -0.243032E-03   0.636658E-03   0.367700E-02   0.620744E-02   0.300000E-03
 869  -0.208534E-03   0.366429E-03   0.334755E-02   0.720005E-02   0.250000E-03
 870  -0.977572E-04   0.358448E-03   0.623415E-02   0.645973E-02   0.300000E-03
 871  -0.338093E-03   0.410424E-03   0.689700E-02   0.689761E-02   0.300000E-03
 872  -0.257540E-03   0.364956E-03   0.921119E-02   0.681093E-02   0.200000E-03
 873  -0.463301E-03   0.712064E-03   0.102822E-01   0.700850E-02   0.300000E-03
 874  -0.419377E-03   0.109134E-03   0.117002E-01   0.797219E-02   0.300000E-03
 875  -0.366245E-03   0.256615E-04   0.122421E-01   0.771513E-02   0.300000E-03
 876  -0.355170E-03  -0.132010E-03   0.136036E-01   0.763007E-02   0.300000E-03
 877  -0.502081E-03   0.211186E-03   0.146594E-01   0.832427E-02   0.300000E-03
 878  -0.370459E-03  -0.854428E-04   0.164089E-01   0.737503E-02   0.350000E-03
 879  -0.836150E-03   0.575476E-03   0.175134E-01   0.775402E-02   0.250000E-03
 880  -0.910073E-03   0.370838E-03   0.176862E-01   0.827570E-02   0.300000E-03
 881  -0.502019E-03   0.257813E-03   0.219712E-01   0.804549E-02   0.300000E-03
 882   0.633275E-03   0.628697E-04   0.227314E-01   0.716008E-02   0.250000E-03
 883  -0.843356E-05   0.255972E-03   0.229091E-01   0.661043E-02   0.150000E-03
 884  -0.274498E-03  -0.206281E-03   0.239851E-01   0.743000E-02   0.350000E-03
 885  -0.504898E-03   0.841709E-03   0.260973E-01   0.737938E-02   0.400000E-03
 886  -0.554368E-03  -0.659766E-04   0.260305E-01   0.598612E-02   0.300000E-03
 887  -0.131354E-03   0.545905E-03   0.284991E-01   0.660971E-02   0.350000E-03
 888  -0.957950E-03   0.268124E-03   0.295574E-01   0.659203E-02   0.450000E-03
 889  -0.871488E-03   0.330405E-03   0.308963E-01   0.666554E-02   0.450000E-03
 890  -0.131545E-02  -0.228475E-03   0.322216E-01   0.661982E-02   0.250000E-03
 891  -0.116585E-02  -0.400924E-03   0.337324E-01   0.663650E-02   0.350000E-03
 892  -0.120315E-02  -0.337437E-03   0.346651E-01   0.658472E-02   0.400000E-03
 893  -0.114432E-02  -0.290436E-03   0.357659E-01   0.641813E-02   0.300000E-03
 894  -0.851692E-03  -0.434209E-03   0.385915E-01   0.677900E-02   0.250000E-03
 895  -0.952178E-03  -0.460847E-03   0.391016E-01   0.698441E-02   0.300000E-03
 896  -0.446477E-03  -0.243829E-03   0.419090E-01   0.695116E-02   0.300000E-03
 897  -0.148237E-02  -0.719793E-03   0.424650E-01   0.660982E-02   0.350000E-03
 898  -0.823282E-03  -0.139790E-04   0.426193E-01   0.461471E-02   0.200000E-03
 899  -0.156397E-02  -0.456930E-03   0.424804E-01   0.519024E-02   0.350000E-03
 900  -0.708203E-03  -0.844956E-03   0.438299E-01   0.570314E-02   0.350000E-03
 901  -0.176675E-03   0.322812E-03   0.129149E-02   0.564422E-02   0.250000E-03
 902  -0.193724E-03   0.314856E-03   0.307182E-02   0.761662E-02   0.250000E-03
 903  -0.367826E-04   0.341528E-03   0.211529E-02   0.567314E-02   0.250000E-03
 904  -0.311539E-03   0.347672E-03   0.275522E-02   0.710717E-02   0.350000E-03
 905  -0.394339E-03   0.495764E-03   0.398491E-02   0.691101E-02   0.450000E-03
 906   0.248481E-04   0.278932E-03   0.584900E-02   0.733613E-02   0.250000E-03
 907  -0.147466E-04  -0.177289E-03   0.554430E-02   0.633171E-02   0.200000E-03
 908  -0.213345E-03   0.153107E-03   0.883564E-02   0.761877E-02   0.300000E-03
 909  -0.310570E-03   0.245032E-03   0.933969E-02   0.729339E-02   0.300000E-03
 910  -0.509612E-03   0.347569E-03   0.101202E-01   0.804995E-02   0.300000E-03
 911  -0.258392E-03   0.231070E-03   0.112600E-01   0.764455E-02   0.250000E-03
 912  -0.603593E-03   0.151452E-03   0.151370E-01   0.859595E-02   0.250000E-03
 913  -0.548577E-03  -0.676280E-04   0.153303E-01   0.802830E-02   0.350000E-03
 914  -0.535739E-03   0.358207E-03   0.161339E-01   0.812471E-02   0.450000E-03
 915  -0.966444E-03  -0.250772E-03   0.169979E-01   0.815029E-02   0.400000E-03
 916  -0.659759E-03   0.437557E-03   0.204105E-01   0.857343E-02   0.300000E-03
 917  -0.771689E-03   0.541275E-03   0.199972E-01   0.900697E-02   0.300000E-03
 918   0.585645E-03   0.188734E-03   0.225387E-01   0.772750E-02   0.350000E-03
 919  -0.334802E-03   0.164926E-03   0.232394E-01   0.773792E-02   0.350000E-03
 920  -0.364875E-03   0.138018E-03   0.248204E-01   0.640274E-02   0.150000E-03
 921  -0.704210E-03   0.412202E-03   0.234107E-01   0.846322E-02   0.350000E-03
 922  -0.577036E-03   0.200326E-03   0.260101E-01   0.663474E-02   0.350000E-03
 923  -0.750649E-03   0.204288E-03   0.278761E-01   0.629389E-02   0.350000E-03
 924  -0.781871E-03   0.250445E-03   0.289588E-01   0.726353E-02   0.450000E-03
 925  -0.732019E-03   0.744666E-03   0.310923E-01   0.744070E-02   0.350000E-03
 926  -0.195016E-02  -0.300868E-03   0.315867E-01   0.695842E-02   0.300000E-03
 927  -0.908002E-03   0.771972E-04   0.336455E-01   0.719781E-02   0.200000E-03
 928  -0.123198E-02  -0.529122E-03   0.341734E-01   0.649497E-02   0.100000E-03
 929  -0.123384E-02  -0.803893E-03   0.372296E-01   0.668660E-02   0.350000E-03
 930  -0.677233E-03  -0.657408E-05   0.412139E-01   0.663344E-02   0.300000E-03
 931  -0.340149E-04  -0.427742E-04   0.411848E-01   0.606782E-02   0.250000E-03
 932  -0.112920E-02   0.195463E-03   0.397366E-01   0.668101E-02   0.250000E-03
 933  -0.442724E-03  -0.193606E-03   0.418051E-01   0.625936E-02   0.400000E-03
 934  -0.407657E-03   0.184475E-03   0.412445E-01   0.468109E-02   0.150000E-03
 935  -0.191273E-03   0.902774E-04   0.417996E-01   0.488350E-02   0.400000E-03
 936  -0.117514E-02  -0.448492E-03   0.433633E-01   0.615528E-02   0.300000E-03
 937   0.626812E-04   0.549568E-03   0.103846E-02   0.715611E-02   0.350000E-03
 938  -0.976506E-04   0.279331E-03   0.298448E-03   0.620540E-02   0.300000E-03
 939  -0.130806E-03   0.498855E-03   0.369631E-02   0.768541E-02   0.350000E-03
 940  -0.218870E-03   0.358333E-03   0.788553E-03   0.586126E-02   0.300000E-03
 941  -0.152081E-03   0.649452E-03   0.167152E-02   0.685899E-02   0.350000E-03
 942  -0.172210E-03   0.492643E-03   0.454563E-02   0.769389E-02   0.500000E-03
 943   0.159606E-03   0.276197E-03   0.525915E-02   0.723401E-02   0.350000E-03
 944  -0.114581E-03   0.347146E-03   0.631803E-02   0.705194E-02   0.300000E-03
 945  -0.340983E-03   0.139681E-03   0.108366E-01   0.729660E-02   0.300000E-03
 946  -0.320195E-03   0.246420E-03   0.985797E-02   0.747411E-02   0.250000E-03
 947  -0.409523E-03  -0.168087E-04   0.129423E-01   0.798165E-02   0.450000E-03
 948  -0.623872E-03   0.319558E-03   0.125616E-01   0.856862E-02   0.250000E-03
 949  -0.205078E-03  -0.126842E-03   0.156735E-01   0.871599E-02   0.300000E-03
 950  -0.221491E-03   0.116877E-03   0.139981E-01   0.855281E-02   0.400000E-03
 951  -0.967632E-03  -0.248558E-03   0.165904E-01   0.871922E-02   0.300000E-03
 952  -0.772510E-03   0.364553E-03   0.182348E-01   0.825301E-02   0.250000E-03
 953  -0.244954E-03   0.269310E-03   0.210913E-01   0.868286E-02   0.250000E-03
 954  -0.101950E-03   0.588706E-03   0.225690E-01   0.857659E-02   0.500000E-03
 955  -0.315814E-03  -0.697863E-04   0.237833E-01   0.799416E-02   0.250000E-03
 956  -0.409133E-03   0.280893E-03   0.255535E-01   0.702301E-02   0.250000E-03
 957   0.761356E-04   0.509695E-03   0.269601E-01   0.751207E-02   0.350000E-03
 958   0.298120E-05   0.320307E-03   0.266659E-01   0.687700E-02   0.350000E-03
 959   0.328256E-03   0.260598E-04   0.271874E-01   0.641045E-02   0.350000E-03
 960  -0.982715E-03   0.368112E-03   0.302192E-01   0.684213E-02   0.250000E-03
 961  -0.134087E-02  -0.223957E-03   0.321424E-01   0.796428E-02   0.400000E-03
 962  -0.189891E-02  -0.130140E-04   0.316895E-01   0.749812E-02   0.250000E-03
 963  -0.140781E-02  -0.220254E-03   0.333089E-01   0.698267E-02   0.200000E-03
 964  -0.112426E-02  -0.311419E-03   0.353230E-01   0.682159E-02   0.300000E-03
 965  -0.123055E-02  -0.390146E-03   0.361049E-01   0.685064E-02   0.250000E-03
 966  -0.135839E-02  -0.532991E-03   0.367164E-01   0.723463E-02   0.400000E-03
 967  -0.491535E-03   0.192165E-03   0.406437E-01   0.632277E-02   0.350000E-03
 968   0.876811E-03   0.418302E-03   0.401555E-01   0.623439E-02   0.150000E-03
 969  -0.673620E-03  -0.689835E-03   0.447506E-01   0.711268E-02   0.250000E-03
 970  -0.577538E-03  -0.609204E-03   0.442484E-01   0.678577E-02   0.350000E-03
 971  -0.153878E-02  -0.577494E-03   0.427109E-01   0.590195E-02   0.400000E-03
 972  -0.738930E-03  -0.617832E-03   0.436525E-01   0.673236E-02   0.250000E-03
 973  -0.195904E-03   0.236359E-03   0.839310E-03   0.531414E-02   0.250000E-03
 974  -0.140216E-03   0.495871E-03   0.399674E-02   0.820447E-02   0.250000E-03
 975  -0.177122E-03   0.391414E-03   0.134577E-02   0.623983E-02   0.350000E-03
 976  -0.447224E-04   0.319668E-03   0.780626E-03   0.655992E-02   0.300000E-03
 977  -0.291250E-03   0.386883E-03   0.728530E-02   0.790632E-02   0.250000E-03
 978  -0.339085E-03   0.334863E-03   0.691888E-02   0.749664E-02   0.300000E-03
 979  -0.157398E-03   0.300620E-03   0.637861E-02   0.759748E-02   0.250000E-03
 980  -0.385940E-03   0.204811E-03   0.816356E-02   0.781067E-02   0.400000E-03
 981  -0.504333E-03   0.227425E-03   0.103509E-01   0.755221E-02   0.250000E-03
 982  -0.683771E-04   0.301190E-03   0.937595E-02   0.813785E-02   0.450000E-03
 983  -0.460752E-03   0.444270E-03   0.121691E-01   0.825968E-02   0.250000E-03
 984  -0.406131E-03   0.338212E-03   0.107666E-01   0.798340E-02   0.350000E-03
 985  -0.386234E-03  -0.551655E-04   0.135754E-01   0.812805E-02   0.200000E-03
 986  -0.917528E-03  -0.106455E-02   0.190011E-01   0.923575E-02   0.300000E-03
 987  -0.783997E-03   0.352635E-03   0.186344E-01   0.869956E-02   0.350000E-03
 988  -0.878394E-03   0.486912E-03   0.194420E-01   0.877960E-02   0.300000E-03
 989  -0.879618E-03   0.484889E-03   0.195447E-01   0.931913E-02   0.250000E-03
 990  -0.297945E-03   0.127977E-03   0.214622E-01   0.825297E-02   0.250000E-03
 991  -0.608255E-03  -0.377459E-03   0.246035E-01   0.775609E-02   0.350000E-03
 992  -0.686835E-03  -0.305770E-03   0.250633E-01   0.729794E-02   0.300000E-03
 993  -0.768843E-03   0.792499E-04   0.251333E-01   0.675278E-02   0.250000E-03
 994   0.330992E-03   0.102583E-03   0.272749E-01   0.700205E-02   0.250000E-03
 995   0.381067E-03   0.110338E-03   0.279193E-01   0.708209E-02   0.400000E-03
 996  -0.955553E-03   0.427827E-03   0.304504E-01   0.733992E-02   0.300000E-03
 997  -0.937521E-03   0.313574E-03   0.298827E-01   0.721165E-02   0.250000E-03
 998  -0.132858E-02  -0.304765E-03   0.322197E-01   0.721871E-02   0.350000E-03
 999  -0.139767E-02  -0.237386E-03   0.330504E-01   0.734969E-02   0.250000E-03
1000  -0.158240E-02   0.130328E-03   0.341940E-01   0.716568E-02   0.350000E-03
