   1  -0.724814E-03   0.454027E-03   0.112789E-01   0.846150E-02   0.350000E-03
   2  -0.159539E-02   0.174289E-02   0.148963E-03   0.149758E-03   0.150000E-03
   3   0.266947E-02  -0.404204E-02   0.459239E-02   0.447699E-03   0.450000E-03
   4   0.130972E-02  -0.206088E-02   0.575227E-02   0.538295E-03   0.200000E-03
   5   0.239900E-02   0.228538E-04   0.582351E-02   0.999887E-04   0.100000E-03
   6  -0.117177E-02   0.235753E-03   0.751389E-02   0.248913E-03   0.250000E-03
   7  -0.628436E-03  -0.998574E-04   0.814523E-02   0.398356E-03   0.400000E-03
   8  -0.157248E-02   0.313721E-03   0.889191E-02   0.349158E-03   0.350000E-03
   9  -0.996014E-03   0.144856E-03   0.934345E-02   0.555092E-03   0.150000E-03
  10   0.298001E-02  -0.809431E-03   0.118177E-01   0.292740E-03   0.300000E-03
  11  -0.212026E-02  -0.143999E-02   0.130612E-01   0.348814E-03   0.350000E-03
  12  -0.167135E-02  -0.482103E-03   0.147947E-01   0.194895E-03   0.200000E-03
  13  -0.700677E-03  -0.477251E-03   0.169447E-01   0.345690E-03   0.350000E-03
  14  -0.114411E-02  -0.131185E-02   0.176433E-01   0.348214E-03   0.350000E-03
  15  -0.285033E-03  -0.353378E-03   0.188590E-01   0.407333E-03   0.400000E-03
  16  -0.691688E-03  -0.673045E-03   0.196031E-01   0.345810E-03   0.350000E-03
  17  -0.903683E-03  -0.628994E-04   0.205166E-01   0.339580E-03   0.350000E-03
  18   0.164424E-02  -0.891878E-03   0.219750E-01   0.349254E-03   0.350000E-03
  19   0.416100E-03  -0.312574E-03   0.225648E-01   0.244686E-03   0.250000E-03
  20   0.119818E-02  -0.701448E-03   0.230642E-01   0.247295E-03   0.250000E-03
  21  -0.857924E-04   0.269820E-03   0.244866E-01   0.249776E-03   0.250000E-03
  22  -0.116424E-03  -0.464571E-03   0.257273E-01   0.199917E-03   0.200000E-03
  23  -0.921066E-03   0.336694E-03   0.267578E-01   0.990859E-04   0.100000E-03
  24   0.367872E-03   0.108272E-02   0.282203E-01   0.397740E-03   0.400000E-03
  25  -0.348694E-03   0.855699E-03   0.297873E-01   0.410966E-03   0.400000E-03
  26  -0.387012E-03   0.305048E-02   0.305281E-01   0.333554E-03   0.350000E-03
  27   0.129348E-02  -0.623059E-03   0.318661E-01   0.297700E-03   0.300000E-03
  28  -0.719689E-03  -0.189962E-02   0.333214E-01   0.348581E-03   0.300000E-03
  29  -0.146966E-02  -0.184715E-02   0.355483E-01   0.445191E-03   0.450000E-03
  30  -0.166430E-02   0.255303E-03   0.374071E-01   0.347875E-03   0.350000E-03
  31  -0.170530E-02   0.787690E-03   0.379976E-01   0.248932E-03   0.250000E-03
  32  -0.102624E-02   0.210092E-02   0.401238E-01   0.197220E-03   0.200000E-03
  33   0.145670E-02   0.330349E-03   0.410123E-01   0.194752E-03   0.200000E-03
  34  -0.258090E-02  -0.173944E-02   0.446054E-01   0.879031E-03   0.400000E-03
  35  -0.673347E-03   0.425430E-03   0.446516E-01   0.192232E-02   0.350000E-03
  36  -0.452097E-03   0.227464E-04   0.865038E-02   0.831432E-02   0.300000E-03
  37   0.514988E-03  -0.113541E-02   0.247532E-03   0.177008E-02   0.250000E-03
  38   0.153793E-02  -0.694100E-03   0.781970E-03   0.717728E-03   0.300000E-03
  39   0.803762E-03   0.170307E-02   0.269599E-02   0.398939E-03   0.400000E-03
  40  -0.542775E-03  -0.101690E-02   0.618829E-02   0.299165E-03   0.300000E-03
  41  -0.104953E-03  -0.113946E-02   0.688089E-02   0.391121E-03   0.400000E-03
  42  -0.116605E-02   0.789155E-03   0.730566E-02   0.100127E-02   0.350000E-03
  43   0.149170E-02  -0.112391E-02   0.861061E-02   0.935015E-03   0.300000E-03
  44  -0.859026E-03   0.193781E-03   0.939374E-02   0.950068E-03   0.250000E-03
  45  -0.859685E-03  -0.651654E-03   0.998761E-02   0.496040E-03   0.500000E-03
  46  -0.335612E-03  -0.110795E-03   0.107831E-01   0.300065E-03   0.300000E-03
  47   0.122633E-02  -0.408317E-03   0.152762E-01   0.149860E-03   0.150000E-03
  48  -0.156124E-02  -0.487969E-03   0.158483E-01   0.447043E-03   0.450000E-03
  49  -0.154354E-02  -0.488265E-03   0.165120E-01   0.886632E-03   0.350000E-03
  50  -0.136191E-04  -0.108272E-02   0.182330E-01   0.245729E-03   0.250000E-03
  51  -0.149712E-02  -0.139319E-03   0.193280E-01   0.871436E-03   0.250000E-03
  52  -0.115624E-02  -0.605033E-03   0.200584E-01   0.147425E-03   0.150000E-03
  53   0.216916E-02   0.708481E-03   0.205179E-01   0.101453E-02   0.200000E-03
  54   0.577376E-03  -0.322539E-03   0.211649E-01   0.298144E-03   0.300000E-03
  55   0.301744E-03  -0.258853E-03   0.233996E-01   0.999314E-04   0.100000E-03
  56  -0.634472E-04   0.117454E-03   0.238536E-01   0.396560E-03   0.400000E-03
  57  -0.323545E-04  -0.295101E-03   0.245228E-01   0.919777E-03   0.400000E-03
  58  -0.644731E-03   0.976511E-03   0.251198E-01   0.395783E-03   0.400000E-03
  59   0.124067E-02   0.109760E-02   0.270379E-01   0.204014E-03   0.200000E-03
  60  -0.621325E-03   0.800024E-03   0.275285E-01   0.296346E-03   0.300000E-03
  61   0.247861E-03   0.569773E-03   0.291020E-01   0.294543E-03   0.300000E-03
  62  -0.123175E-02   0.198260E-02   0.312231E-01   0.347853E-03   0.350000E-03
  63   0.665847E-03   0.307531E-03   0.328530E-01   0.197146E-03   0.200000E-03
  64  -0.934304E-03  -0.461770E-03   0.347573E-01   0.346341E-03   0.350000E-03
  65  -0.565430E-03  -0.355782E-03   0.363246E-01   0.614186E-03   0.350000E-03
  66  -0.106974E-02   0.995757E-03   0.364407E-01   0.138666E-03   0.150000E-03
  67  -0.123603E-02   0.724401E-03   0.391419E-01   0.299021E-03   0.300000E-03
  68   0.610510E-03  -0.705116E-03   0.423021E-01   0.199790E-03   0.200000E-03
  69  -0.356771E-03  -0.743724E-03   0.438619E-01   0.824595E-03   0.350000E-03
  70  -0.167976E-02  -0.875955E-03   0.423995E-01   0.720683E-02   0.250000E-03
  71  -0.137564E-02  -0.214398E-04   0.447022E-01   0.496121E-02   0.300000E-03
  72  -0.884060E-03  -0.342537E-02   0.447506E-01   0.247536E-03   0.250000E-03
  73  -0.249269E-03  -0.286023E-03   0.256529E-02   0.793500E-02   0.350000E-03
  74  -0.126389E-03   0.552324E-03   0.120823E-02   0.298372E-03   0.300000E-03
  75  -0.523401E-03  -0.778402E-03   0.392683E-02   0.248025E-03   0.250000E-03
  76   0.649383E-03   0.594011E-03   0.523019E-02   0.922980E-03   0.350000E-03
  77  -0.432127E-03   0.253267E-03   0.648012E-02   0.822863E-03   0.200000E-03
  78  -0.948088E-03   0.176383E-03   0.666096E-02   0.134045E-02   0.350000E-03
  79  -0.605667E-03  -0.183863E-03   0.799055E-02   0.113011E-02   0.350000E-03
  80  -0.563484E-03  -0.576852E-04   0.904851E-02   0.130660E-02   0.250000E-03
  81  -0.140728E-03   0.824559E-04   0.106962E-01   0.954108E-03   0.350000E-03
  82  -0.136960E-02  -0.833943E-03   0.132999E-01   0.951532E-03   0.300000E-03
  83   0.106615E-02  -0.128152E-02   0.137595E-01   0.346038E-03   0.350000E-03
  84  -0.708114E-03  -0.441835E-03   0.143492E-01   0.243651E-03   0.250000E-03
  85  -0.173939E-02   0.216950E-03   0.154388E-01   0.100922E-02   0.250000E-03
  86  -0.140727E-02  -0.737260E-03   0.172913E-01   0.106467E-02   0.450000E-03
  87  -0.441983E-03  -0.905079E-03   0.188675E-01   0.105675E-02   0.250000E-03
  88  -0.101668E-02  -0.253955E-03   0.200656E-01   0.801585E-03   0.300000E-03
  89  -0.102462E-02   0.712696E-03   0.203136E-01   0.160409E-02   0.400000E-03
  90   0.887573E-03   0.334260E-04   0.214948E-01   0.855200E-03   0.350000E-03
  91   0.538829E-03   0.382270E-03   0.225958E-01   0.738826E-03   0.250000E-03
  92   0.129418E-02   0.336750E-03   0.231863E-01   0.832008E-03   0.350000E-03
  93  -0.550509E-03  -0.105699E-02   0.238101E-01   0.114180E-02   0.350000E-03
  94  -0.500815E-03  -0.607929E-03   0.252397E-01   0.113493E-02   0.350000E-03
  95  -0.584573E-03   0.146819E-02   0.273588E-01   0.920006E-03   0.350000E-03
  96  -0.282780E-03   0.147961E-02   0.280595E-01   0.117996E-02   0.400000E-03
  97  -0.261400E-04   0.109520E-02   0.294638E-01   0.973639E-03   0.250000E-03
  98  -0.690240E-03   0.230553E-03   0.303051E-01   0.108478E-02   0.450000E-03
  99  -0.743036E-03   0.121696E-03   0.324092E-01   0.246926E-03   0.250000E-03
 100  -0.209415E-03   0.183056E-02   0.327290E-01   0.626486E-03   0.250000E-03
 101  -0.117212E-02  -0.216227E-03   0.349668E-01   0.106330E-02   0.400000E-03
 102  -0.151394E-02   0.559639E-03   0.368155E-01   0.270747E-03   0.250000E-03
 103  -0.205011E-02   0.505886E-03   0.376455E-01   0.895869E-03   0.250000E-03
 104  -0.178518E-02   0.458519E-03   0.385443E-01   0.296844E-03   0.300000E-03
 105  -0.164061E-02   0.118858E-02   0.405682E-01   0.244258E-03   0.250000E-03
 106  -0.483541E-03  -0.129119E-02   0.431909E-01   0.296851E-03   0.300000E-03
 107  -0.192503E-02   0.329492E-02   0.440813E-01   0.746683E-02   0.350000E-03
 108  -0.132252E-02  -0.160205E-03   0.349371E-01   0.746441E-02   0.450000E-03
 109   0.593564E-05  -0.609880E-03   0.242988E-03   0.634616E-03   0.250000E-03
 110  -0.827363E-03   0.964150E-03   0.538296E-03   0.236907E-03   0.250000E-03
 111   0.821205E-03   0.104606E-02   0.189956E-02   0.397800E-03   0.400000E-03
 112  -0.103895E-02  -0.116004E-03   0.323221E-02   0.922951E-03   0.350000E-03
 113  -0.889465E-03  -0.857369E-03   0.595316E-02   0.109969E-02   0.400000E-03
 114  -0.142944E-02   0.231110E-03   0.717275E-02   0.153242E-02   0.200000E-03
 115  -0.203938E-03  -0.446051E-03   0.851831E-02   0.157846E-02   0.350000E-03
 116  -0.107509E-02  -0.229525E-03   0.985414E-02   0.133395E-02   0.350000E-03
 117  -0.335992E-03   0.621230E-03   0.113586E-01   0.737761E-03   0.350000E-03
 118   0.223493E-03  -0.823668E-03   0.124152E-01   0.295849E-03   0.300000E-03
 119  -0.103916E-02  -0.847364E-03   0.142786E-01   0.782973E-03   0.300000E-03
 120  -0.172728E-02  -0.296405E-03   0.151100E-01   0.575334E-03   0.300000E-03
 121  -0.201398E-02  -0.517475E-03   0.167314E-01   0.138676E-02   0.200000E-03
 122  -0.629080E-03  -0.453770E-03   0.181797E-01   0.940100E-03   0.450000E-03
 123  -0.929510E-03  -0.172801E-03   0.186107E-01   0.142121E-02   0.200000E-03
 124  -0.818100E-03   0.370937E-03   0.196992E-01   0.127409E-02   0.300000E-03
 125   0.255807E-03   0.209602E-03   0.209030E-01   0.781107E-03   0.250000E-03
 126  -0.533752E-04  -0.175653E-03   0.209510E-01   0.132386E-02   0.300000E-03
 127   0.725812E-03   0.825553E-04   0.227295E-01   0.121789E-02   0.250000E-03
 128   0.971097E-04  -0.229005E-03   0.230761E-01   0.164148E-02   0.300000E-03
 129  -0.371702E-03  -0.330124E-03   0.236222E-01   0.170042E-02   0.250000E-03
 130  -0.135938E-02   0.308995E-03   0.257362E-01   0.716766E-03   0.300000E-03
 131  -0.302479E-04  -0.250589E-03   0.263556E-01   0.395377E-03   0.400000E-03
 132   0.366510E-02  -0.549198E-03   0.275244E-01   0.144934E-02   0.200000E-03
 133   0.122279E-02   0.143560E-02   0.288160E-01   0.927430E-03   0.400000E-03
 134  -0.151416E-02   0.219003E-03   0.311970E-01   0.109493E-02   0.400000E-03
 135   0.710681E-03   0.152127E-03   0.320427E-01   0.102422E-02   0.450000E-03
 136  -0.143285E-02  -0.449155E-03   0.340129E-01   0.398697E-03   0.400000E-03
 137  -0.196350E-02   0.920584E-03   0.372241E-01   0.758053E-03   0.100000E-03
 138  -0.149183E-02   0.200944E-03   0.373964E-01   0.132529E-02   0.250000E-03
 139  -0.180126E-02   0.411597E-03   0.381789E-01   0.767518E-03   0.300000E-03
 140  -0.263328E-03   0.890999E-03   0.396861E-01   0.273465E-03   0.250000E-03
 141  -0.205372E-02  -0.945462E-04   0.414579E-01   0.249300E-03   0.250000E-03
 142  -0.264376E-02   0.403315E-04   0.419026E-01   0.196620E-03   0.200000E-03
 143  -0.126025E-02   0.390897E-03   0.438987E-01   0.629961E-02   0.250000E-03
 144  -0.256638E-03  -0.208385E-03   0.295962E-01   0.768101E-02   0.300000E-03
 145  -0.202875E-03   0.101299E-03   0.294421E-03   0.331524E-02   0.300000E-03
 146   0.632776E-03   0.108196E-03   0.668953E-03   0.135252E-02   0.350000E-03
 147  -0.196966E-02   0.100747E-02   0.408117E-02   0.848981E-03   0.200000E-03
 148   0.291198E-03   0.260730E-03   0.532397E-02   0.288600E-03   0.300000E-03
 149  -0.423865E-03  -0.941812E-03   0.612081E-02   0.192934E-02   0.450000E-03
 150  -0.132392E-02  -0.141971E-03   0.756648E-02   0.147945E-02   0.200000E-03
 151  -0.577001E-03   0.106325E-04   0.938245E-02   0.160587E-02   0.200000E-03
 152   0.210759E-03   0.318549E-03   0.103939E-01   0.140812E-02   0.200000E-03
 153  -0.511901E-03   0.143541E-03   0.112006E-01   0.136239E-02   0.300000E-03
 154  -0.163634E-04  -0.133875E-02   0.126015E-01   0.966793E-03   0.400000E-03
 155   0.106148E-02  -0.110479E-02   0.137914E-01   0.887130E-03   0.200000E-03
 156  -0.559591E-03  -0.871934E-04   0.148262E-01   0.121511E-02   0.400000E-03
 157  -0.192352E-02   0.282804E-03   0.159599E-01   0.138989E-02   0.400000E-03
 158  -0.963849E-03  -0.245481E-03   0.174146E-01   0.185124E-02   0.350000E-03
 159  -0.741311E-03  -0.328790E-03   0.178022E-01   0.146675E-02   0.200000E-03
 160  -0.434216E-03  -0.213039E-03   0.182178E-01   0.163876E-02   0.250000E-03
 161  -0.109536E-02   0.124364E-03   0.196453E-01   0.181690E-02   0.250000E-03
 162   0.160352E-03  -0.922244E-03   0.209611E-01   0.182026E-02   0.200000E-03
 163   0.105490E-02   0.418636E-03   0.221382E-01   0.112196E-02   0.350000E-03
 164   0.906753E-03  -0.398514E-03   0.227604E-01   0.219258E-02   0.300000E-03
 165  -0.653690E-03  -0.322397E-03   0.248360E-01   0.157763E-02   0.250000E-03
 166   0.103858E-03  -0.465023E-04   0.256598E-01   0.155736E-02   0.250000E-03
 167   0.526320E-03   0.832174E-03   0.266429E-01   0.113315E-02   0.400000E-03
 168   0.177731E-02  -0.448963E-03   0.286104E-01   0.153954E-02   0.250000E-03
 169  -0.122082E-02  -0.203644E-03   0.302148E-01   0.171409E-02   0.200000E-03
 170  -0.103160E-02  -0.119820E-03   0.308065E-01   0.178994E-02   0.400000E-03
 171  -0.136655E-02   0.597835E-04   0.335346E-01   0.907357E-03   0.300000E-03
 172  -0.121726E-02   0.220695E-03   0.341777E-01   0.118024E-02   0.400000E-03
 173  -0.125861E-02   0.114490E-03   0.356538E-01   0.118312E-02   0.300000E-03
 174  -0.143961E-02   0.177709E-03   0.368742E-01   0.103963E-02   0.350000E-03
 175  -0.123041E-02   0.483549E-03   0.390138E-01   0.884278E-03   0.300000E-03
 176  -0.124851E-02   0.723694E-03   0.400794E-01   0.986346E-03   0.200000E-03
 177  -0.128514E-02  -0.674894E-03   0.406077E-01   0.785578E-03   0.300000E-03
 178  -0.157603E-02  -0.742353E-04   0.444023E-01   0.143785E-02   0.200000E-03
 179  -0.104229E-02  -0.734709E-03   0.427016E-01   0.196244E-03   0.200000E-03
 180  -0.689379E-03  -0.124872E-02   0.400392E-01   0.752449E-02   0.300000E-03
 181   0.701872E-04   0.567504E-03   0.197396E-03   0.108072E-02   0.200000E-03
 182  -0.277637E-03   0.149797E-02   0.140686E-02   0.213956E-02   0.200000E-03
 183  -0.750338E-03   0.869513E-04   0.338371E-02   0.295151E-03   0.300000E-03
 184   0.409990E-03  -0.834321E-03   0.539431E-02   0.159592E-02   0.350000E-03
 185  -0.547501E-03  -0.522454E-05   0.625072E-02   0.260871E-02   0.250000E-03
 186  -0.208261E-03   0.637293E-04   0.679997E-02   0.187139E-02   0.200000E-03
 187  -0.112797E-02   0.192486E-03   0.792039E-02   0.182294E-02   0.300000E-03
 188   0.369086E-03   0.319393E-04   0.963630E-02   0.198232E-02   0.250000E-03
 189  -0.189399E-03  -0.375238E-04   0.117337E-01   0.124999E-02   0.250000E-03
 190   0.866311E-03  -0.142710E-02   0.119721E-01   0.816640E-03   0.250000E-03
 191   0.830643E-03  -0.186391E-02   0.140177E-01   0.126587E-02   0.250000E-03
 192   0.674701E-03  -0.210267E-02   0.143254E-01   0.183287E-02   0.400000E-03
 193   0.589834E-04  -0.401665E-03   0.153321E-01   0.169888E-02   0.300000E-03
 194  -0.165560E-02  -0.101756E-02   0.165279E-01   0.194532E-02   0.400000E-03
 195  -0.496078E-03  -0.144350E-03   0.179715E-01   0.207317E-02   0.250000E-03
 196  -0.254505E-03   0.538043E-04   0.191563E-01   0.152437E-02   0.300000E-03
 197  -0.971948E-03   0.454521E-03   0.200122E-01   0.229029E-02   0.350000E-03
 198  -0.960329E-03   0.254549E-03   0.206570E-01   0.221345E-02   0.300000E-03
 199   0.755789E-03   0.313337E-03   0.215193E-01   0.150247E-02   0.300000E-03
 200   0.962869E-03  -0.429046E-03   0.222629E-01   0.216151E-02   0.200000E-03
 201  -0.492281E-04  -0.437580E-03   0.242891E-01   0.157896E-02   0.300000E-03
 202  -0.807052E-03   0.119716E-02   0.259994E-01   0.119866E-02   0.250000E-03
 203   0.354669E-03   0.963928E-03   0.266026E-01   0.182711E-02   0.300000E-03
 204   0.172396E-03   0.641827E-03   0.270990E-01   0.159269E-02   0.250000E-03
 205  -0.449260E-03   0.110400E-03   0.296315E-01   0.160072E-02   0.400000E-03
 206   0.741247E-03   0.661600E-03   0.322653E-01   0.179087E-02   0.350000E-03
 207  -0.509749E-03  -0.418121E-03   0.328977E-01   0.129987E-02   0.450000E-03
 208  -0.123399E-02   0.244574E-03   0.336084E-01   0.166561E-02   0.350000E-03
 209  -0.104619E-02   0.420497E-03   0.362474E-01   0.125510E-02   0.300000E-03
 210  -0.152262E-02   0.120534E-03   0.366485E-01   0.153928E-02   0.200000E-03
 211  -0.151051E-02   0.407099E-04   0.370633E-01   0.169518E-02   0.250000E-03
 212  -0.116716E-02   0.891630E-03   0.400533E-01   0.588979E-03   0.200000E-03
 213  -0.449334E-03  -0.911059E-03   0.411298E-01   0.624039E-03   0.250000E-03
 214  -0.302855E-02  -0.107256E-02   0.420817E-01   0.550606E-03   0.200000E-03
 215   0.232006E-02   0.711379E-03   0.443454E-01   0.149596E-03   0.150000E-03
 216  -0.858587E-03   0.463775E-03   0.217227E-01   0.885993E-02   0.400000E-03
 217  -0.425840E-03  -0.468518E-03   0.146245E-01   0.897044E-02   0.350000E-03
 218   0.557577E-04   0.149222E-02   0.872147E-03   0.201877E-02   0.350000E-03
 219  -0.578176E-03   0.221293E-03   0.373223E-02   0.653578E-03   0.200000E-03
 220   0.538008E-04   0.109383E-02   0.458369E-02   0.129512E-02   0.400000E-03
 221   0.202988E-03   0.642748E-05   0.532775E-02   0.218349E-02   0.250000E-03
 222  -0.880643E-03   0.121405E-03   0.731670E-02   0.205907E-02   0.350000E-03
 223   0.214712E-03   0.257009E-05   0.904217E-02   0.203142E-02   0.350000E-03
 224   0.456439E-04   0.268166E-03   0.102309E-01   0.193074E-02   0.350000E-03
 225  -0.223881E-03   0.339811E-04   0.107529E-01   0.157482E-02   0.200000E-03
 226  -0.622410E-03  -0.140268E-03   0.122000E-01   0.153753E-02   0.300000E-03
 227  -0.118523E-02  -0.236807E-02   0.130475E-01   0.143700E-02   0.250000E-03
 228  -0.938064E-04  -0.407994E-03   0.148866E-01   0.176106E-02   0.150000E-03
 229  -0.146522E-02  -0.125680E-02   0.158862E-01   0.203290E-02   0.250000E-03
 230  -0.716696E-03  -0.338439E-03   0.175688E-01   0.248054E-02   0.300000E-03
 231  -0.292523E-03  -0.315669E-03   0.183874E-01   0.229269E-02   0.200000E-03
 232  -0.661335E-03  -0.543324E-04   0.186973E-01   0.190767E-02   0.300000E-03
 233  -0.100654E-02  -0.123257E-03   0.192513E-01   0.233197E-02   0.400000E-03
 234   0.136018E-02   0.268307E-04   0.213711E-01   0.210233E-02   0.300000E-03
 235   0.836042E-03  -0.571870E-04   0.224502E-01   0.168706E-02   0.300000E-03
 236  -0.487873E-04  -0.753949E-03   0.233545E-01   0.217056E-02   0.300000E-03
 237  -0.108621E-03  -0.427979E-03   0.240024E-01   0.216078E-02   0.350000E-03
 238   0.411878E-03   0.198538E-04   0.252528E-01   0.174124E-02   0.200000E-03
 239  -0.414161E-04  -0.100654E-03   0.267690E-01   0.234846E-02   0.250000E-03
 240  -0.389111E-03   0.800650E-04   0.290518E-01   0.147567E-02   0.200000E-03
 241  -0.988557E-03   0.439909E-03   0.302154E-01   0.224938E-02   0.350000E-03
 242   0.138186E-02   0.821037E-03   0.315666E-01   0.174743E-02   0.350000E-03
 243  -0.695349E-03  -0.835667E-04   0.329841E-01   0.224180E-02   0.500000E-03
 244  -0.170954E-02   0.122651E-03   0.354531E-01   0.197774E-02   0.200000E-03
 245  -0.118557E-02   0.200674E-03   0.349316E-01   0.180974E-02   0.350000E-03
 246  -0.157159E-02   0.405199E-03   0.365867E-01   0.213208E-02   0.400000E-03
 247  -0.165830E-02   0.629704E-03   0.379901E-01   0.138821E-02   0.350000E-03
 248  -0.209764E-03   0.508514E-03   0.396092E-01   0.817289E-03   0.300000E-03
 249  -0.236484E-02  -0.129956E-02   0.416491E-01   0.790184E-03   0.300000E-03
 250  -0.367911E-03  -0.130420E-02   0.437377E-01   0.243705E-03   0.250000E-03
 251  -0.179780E-02   0.134517E-03   0.446042E-01   0.298555E-02   0.400000E-03
 252  -0.911267E-03  -0.393138E-03   0.337816E-01   0.773109E-02   0.350000E-03
 253  -0.145567E-03  -0.312530E-03   0.211880E-02   0.739584E-02   0.350000E-03
 254   0.111570E-02   0.296757E-03   0.138860E-02   0.938044E-03   0.350000E-03
 255   0.246576E-03   0.504490E-03   0.230016E-02   0.971613E-03   0.300000E-03
 256  -0.469460E-03  -0.222772E-03   0.483169E-02   0.194666E-02   0.300000E-03
 257  -0.139700E-03  -0.407398E-03   0.674362E-02   0.236741E-02   0.300000E-03
 258  -0.727709E-03   0.613655E-03   0.838761E-02   0.227026E-02   0.350000E-03
 259  -0.107976E-04  -0.620383E-03   0.903261E-02   0.282854E-02   0.450000E-03
 260   0.588763E-04  -0.219132E-03   0.986889E-02   0.258724E-02   0.400000E-03
 261  -0.235011E-03   0.725383E-05   0.116595E-01   0.179126E-02   0.300000E-03
 262  -0.593759E-03   0.119587E-03   0.121637E-01   0.219799E-02   0.350000E-03
 263   0.806240E-03  -0.155752E-02   0.135914E-01   0.168583E-02   0.350000E-03
 264  -0.229486E-03  -0.207351E-02   0.149089E-01   0.220970E-02   0.300000E-03
 265   0.380260E-04   0.201138E-03   0.166512E-01   0.253246E-02   0.200000E-03
 266  -0.729670E-03  -0.781829E-04   0.170473E-01   0.231877E-02   0.250000E-03
 267  -0.109472E-02   0.555053E-04   0.171300E-01   0.280740E-02   0.250000E-03
 268  -0.437735E-03  -0.394499E-03   0.186784E-01   0.263442E-02   0.250000E-03
 269  -0.426283E-03  -0.231996E-03   0.191114E-01   0.296657E-02   0.250000E-03
 270  -0.599232E-03  -0.942352E-04   0.197089E-01   0.291942E-02   0.350000E-03
 271   0.707160E-03   0.813403E-05   0.219316E-01   0.185823E-02   0.250000E-03
 272   0.829142E-03  -0.615325E-03   0.223613E-01   0.275842E-02   0.400000E-03
 273   0.111228E-03  -0.636187E-03   0.235012E-01   0.284530E-02   0.400000E-03
 274   0.203040E-03  -0.362365E-03   0.258405E-01   0.201718E-02   0.250000E-03
 275   0.772939E-03   0.237667E-03   0.262722E-01   0.226267E-02   0.250000E-03
 276  -0.311993E-03   0.351356E-03   0.275101E-01   0.195060E-02   0.300000E-03
 277  -0.459964E-03   0.399416E-03   0.294708E-01   0.217685E-02   0.200000E-03
 278   0.587412E-03   0.992052E-03   0.318975E-01   0.238510E-02   0.350000E-03
 279  -0.920716E-03   0.225695E-03   0.323990E-01   0.270501E-02   0.250000E-03
 280  -0.129796E-02   0.721028E-04   0.342869E-01   0.187011E-02   0.300000E-03
 281  -0.144574E-02   0.252706E-03   0.358868E-01   0.173076E-02   0.300000E-03
 282  -0.156071E-02   0.218451E-03   0.375444E-01   0.179927E-02   0.250000E-03
 283  -0.148049E-02   0.481509E-04   0.384894E-01   0.162012E-02   0.200000E-03
 284  -0.164961E-02   0.641158E-03   0.385478E-01   0.117419E-02   0.250000E-03
 285  -0.688864E-04  -0.541678E-03   0.410961E-01   0.121875E-02   0.350000E-03
 286  -0.117885E-03  -0.788037E-03   0.432200E-01   0.892681E-03   0.300000E-03
 287  -0.116794E-02   0.326486E-03   0.428433E-01   0.121802E-02   0.200000E-03
 288  -0.540867E-03   0.395445E-05   0.588268E-02   0.793261E-02   0.350000E-03
 289   0.642713E-03   0.707177E-03   0.245869E-03   0.226770E-02   0.250000E-03
 290   0.562179E-03   0.144381E-03   0.186039E-02   0.137510E-02   0.300000E-03
 291   0.173004E-03   0.384448E-03   0.250167E-02   0.164120E-02   0.400000E-03
 292  -0.985953E-03   0.576469E-03   0.312837E-02   0.151164E-02   0.250000E-03
 293   0.293565E-03   0.102469E-03   0.570773E-02   0.257246E-02   0.300000E-03
 294  -0.288506E-03  -0.516080E-03   0.819894E-02   0.298961E-02   0.400000E-03
 295   0.393148E-05  -0.555393E-03   0.968816E-02   0.336589E-02   0.400000E-03
 296  -0.906102E-03   0.252861E-04   0.111250E-01   0.190445E-02   0.250000E-03
 297  -0.218146E-03   0.239261E-03   0.107277E-01   0.192021E-02   0.150000E-03
 298  -0.186242E-02  -0.396732E-03   0.126738E-01   0.168652E-02   0.200000E-03
 299  -0.457584E-03  -0.111136E-03   0.139045E-01   0.232282E-02   0.250000E-03
 300  -0.301125E-04  -0.652821E-04   0.148767E-01   0.270626E-02   0.200000E-03
 301  -0.440827E-03  -0.180972E-02   0.154726E-01   0.238447E-02   0.300000E-03
 302  -0.940659E-03  -0.369804E-04   0.170922E-01   0.335100E-02   0.300000E-03
 303  -0.290396E-03  -0.338030E-03   0.180610E-01   0.251360E-02   0.200000E-03
 304  -0.264921E-03  -0.355753E-03   0.182629E-01   0.291028E-02   0.250000E-03
 305  -0.565575E-03  -0.592867E-04   0.193901E-01   0.330186E-02   0.150000E-03
 306  -0.844857E-03   0.448805E-03   0.204610E-01   0.282704E-02   0.350000E-03
 307   0.655509E-03  -0.398237E-03   0.218570E-01   0.235086E-02   0.250000E-03
 308   0.774475E-03  -0.337279E-03   0.228317E-01   0.333950E-02   0.350000E-03
 309   0.225538E-03  -0.675080E-04   0.246003E-01   0.260205E-02   0.400000E-03
 310   0.564456E-03  -0.522255E-03   0.251955E-01   0.223569E-02   0.300000E-03
 311  -0.580861E-04  -0.435076E-04   0.273255E-01   0.256995E-02   0.350000E-03
 312  -0.655396E-04   0.759977E-03   0.281567E-01   0.192089E-02   0.350000E-03
 313  -0.568631E-03   0.201238E-03   0.297088E-01   0.255345E-02   0.250000E-03
 314  -0.720495E-04   0.820809E-03   0.312566E-01   0.232369E-02   0.300000E-03
 315  -0.709217E-03  -0.303594E-04   0.334719E-01   0.286594E-02   0.300000E-03
 316  -0.125186E-02   0.273984E-03   0.338292E-01   0.232949E-02   0.350000E-03
 317  -0.146368E-02   0.184857E-03   0.350616E-01   0.254661E-02   0.400000E-03
 318  -0.162377E-02   0.203202E-03   0.358473E-01   0.242558E-02   0.400000E-03
 319  -0.121513E-02   0.959427E-03   0.389739E-01   0.143223E-02   0.250000E-03
 320  -0.648514E-03   0.506133E-03   0.398287E-01   0.141795E-02   0.300000E-03
 321  -0.178464E-02   0.673647E-03   0.404220E-01   0.134653E-02   0.300000E-03
 322  -0.124545E-02  -0.532868E-03   0.425928E-01   0.732202E-03   0.350000E-03
 323  -0.423122E-03   0.330990E-03   0.439736E-01   0.211606E-02   0.350000E-03
 324  -0.167830E-02  -0.622760E-04   0.396209E-01   0.716746E-02   0.250000E-03
 325  -0.738478E-03  -0.134631E-03   0.150425E-02   0.760728E-02   0.300000E-03
 326   0.935291E-03   0.812891E-03   0.124256E-02   0.151705E-02   0.250000E-03
 327   0.379423E-03   0.802788E-04   0.197688E-02   0.217280E-02   0.350000E-03
 328  -0.737871E-04   0.688624E-03   0.380990E-02   0.162498E-02   0.450000E-03
 329  -0.401619E-03   0.161371E-03   0.661877E-02   0.313129E-02   0.400000E-03
 330  -0.973978E-03  -0.354018E-03   0.726618E-02   0.275281E-02   0.350000E-03
 331   0.551123E-04  -0.208206E-03   0.780398E-02   0.240873E-02   0.250000E-03
 332  -0.375052E-03  -0.144707E-03   0.107860E-01   0.251321E-02   0.450000E-03
 333  -0.522063E-03  -0.163018E-03   0.115225E-01   0.237455E-02   0.300000E-03
 334  -0.932105E-03  -0.665372E-04   0.130463E-01   0.193369E-02   0.250000E-03
 335  -0.949292E-03  -0.199744E-03   0.134126E-01   0.226831E-02   0.250000E-03
 336  -0.807249E-04   0.812198E-05   0.144055E-01   0.254452E-02   0.300000E-03
 337  -0.130803E-02  -0.120306E-02   0.161372E-01   0.252188E-02   0.300000E-03
 338  -0.681068E-03  -0.659485E-04   0.167135E-01   0.373999E-02   0.250000E-03
 339  -0.690072E-03   0.378218E-04   0.176980E-01   0.311686E-02   0.350000E-03
 340  -0.923792E-04   0.230460E-03   0.190031E-01   0.352814E-02   0.300000E-03
 341  -0.816776E-03  -0.129188E-03   0.201495E-01   0.339241E-02   0.300000E-03
 342  -0.976445E-03  -0.238257E-03   0.206415E-01   0.334459E-02   0.200000E-03
 343   0.891807E-03  -0.411971E-03   0.216705E-01   0.286386E-02   0.300000E-03
 344   0.298022E-04  -0.740905E-03   0.239411E-01   0.331400E-02   0.250000E-03
 345  -0.402644E-03  -0.648664E-03   0.251954E-01   0.296878E-02   0.300000E-03
 346   0.375821E-03  -0.983688E-03   0.257286E-01   0.260464E-02   0.350000E-03
 347   0.404330E-03  -0.946048E-03   0.264174E-01   0.289207E-02   0.400000E-03
 348  -0.422349E-03   0.323402E-03   0.290163E-01   0.197243E-02   0.300000E-03
 349  -0.111865E-02   0.706244E-03   0.301482E-01   0.284223E-02   0.250000E-03
 350  -0.109790E-02   0.537743E-03   0.320787E-01   0.314859E-02   0.300000E-03
 351  -0.738139E-03   0.245647E-03   0.328616E-01   0.308195E-02   0.350000E-03
 352  -0.114563E-02  -0.323497E-04   0.344959E-01   0.310435E-02   0.400000E-03
 353  -0.119763E-02   0.542050E-03   0.358834E-01   0.301991E-02   0.200000E-03
 354  -0.171763E-02   0.371266E-03   0.372335E-01   0.219032E-02   0.250000E-03
 355  -0.134870E-02   0.225971E-03   0.380360E-01   0.203483E-02   0.300000E-03
 356  -0.147794E-02   0.885331E-03   0.393784E-01   0.162542E-02   0.200000E-03
 357  -0.943681E-03   0.758954E-03   0.408096E-01   0.179721E-02   0.300000E-03
 358  -0.243118E-02  -0.901384E-03   0.416819E-01   0.133461E-02   0.250000E-03
 359  -0.155393E-02   0.865567E-04   0.442585E-01   0.528477E-02   0.250000E-03
 360  -0.534323E-03   0.852593E-04   0.448002E-01   0.417700E-02   0.200000E-03
 361   0.261139E-03   0.183373E-03   0.681893E-03   0.274139E-02   0.400000E-03
 362  -0.343178E-03   0.207890E-03   0.147890E-02   0.273065E-02   0.400000E-03
 363  -0.726203E-03  -0.111974E-03   0.309381E-02   0.201034E-02   0.250000E-03
 364  -0.152761E-03   0.657980E-03   0.491650E-02   0.253955E-02   0.300000E-03
 365  -0.791569E-04  -0.317425E-03   0.591901E-02   0.313288E-02   0.300000E-03
 366  -0.736028E-04  -0.298704E-03   0.618005E-02   0.367232E-02   0.300000E-03
 367  -0.254313E-03  -0.468756E-03   0.866758E-02   0.336383E-02   0.200000E-03
 368  -0.330005E-03  -0.339052E-03   0.103358E-01   0.310666E-02   0.300000E-03
 369  -0.474158E-03  -0.811470E-04   0.118677E-01   0.292472E-02   0.350000E-03
 370  -0.104801E-02  -0.210451E-03   0.128256E-01   0.254138E-02   0.400000E-03
 371  -0.822746E-03  -0.220325E-04   0.137381E-01   0.284315E-02   0.300000E-03
 372   0.160223E-04   0.404084E-03   0.150704E-01   0.327112E-02   0.400000E-03
 373  -0.707961E-03  -0.192584E-02   0.157001E-01   0.293043E-02   0.300000E-03
 374  -0.559110E-03   0.254054E-03   0.164189E-01   0.316131E-02   0.400000E-03
 375  -0.657354E-03   0.347612E-03   0.175499E-01   0.393634E-02   0.450000E-03
 376  -0.488178E-03  -0.212192E-03   0.186777E-01   0.308385E-02   0.200000E-03
 377  -0.577746E-03  -0.165730E-04   0.196129E-01   0.374852E-02   0.350000E-03
 378  -0.946105E-03  -0.615592E-03   0.210875E-01   0.263112E-02   0.300000E-03
 379   0.760800E-03  -0.402318E-03   0.211827E-01   0.328898E-02   0.350000E-03
 380   0.856207E-03  -0.810628E-04   0.220090E-01   0.341849E-02   0.350000E-03
 381   0.326715E-03  -0.525950E-03   0.245315E-01   0.334711E-02   0.350000E-03
 382   0.422491E-03  -0.827393E-03   0.268030E-01   0.346878E-02   0.300000E-03
 383   0.222359E-03   0.121907E-03   0.279135E-01   0.246557E-02   0.250000E-03
 384  -0.667101E-03   0.332337E-03   0.285949E-01   0.239326E-02   0.300000E-03
 385  -0.576799E-03   0.279268E-03   0.291638E-01   0.257122E-02   0.300000E-03
 386  -0.433201E-03   0.100711E-02   0.307374E-01   0.262154E-02   0.300000E-03
 387  -0.912087E-03   0.635839E-03   0.324761E-01   0.365991E-02   0.350000E-03
 388  -0.152307E-02   0.498157E-03   0.354159E-01   0.346096E-02   0.450000E-03
 389  -0.161596E-02   0.320691E-03   0.360587E-01   0.337621E-02   0.200000E-03
 390  -0.155025E-02   0.441573E-03   0.364731E-01   0.291940E-02   0.400000E-03
 391  -0.149008E-02   0.504152E-03   0.376769E-01   0.251404E-02   0.300000E-03
 392  -0.118323E-02   0.503115E-03   0.390484E-01   0.192610E-02   0.250000E-03
 393  -0.146595E-02   0.417117E-03   0.396134E-01   0.212304E-02   0.350000E-03
 394  -0.196721E-02  -0.465302E-03   0.422273E-01   0.126918E-02   0.300000E-03
 395  -0.369632E-03  -0.526025E-04   0.439070E-01   0.147112E-02   0.300000E-03
 396  -0.168720E-02  -0.415391E-03   0.444270E-01   0.241984E-02   0.200000E-03
 397   0.486200E-03   0.267243E-03   0.973014E-03   0.348441E-02   0.400000E-03
 398  -0.157984E-03  -0.516637E-03   0.264380E-02   0.232636E-02   0.300000E-03
 399  -0.637079E-03   0.733912E-03   0.354514E-02   0.232468E-02   0.300000E-03
 400  -0.164290E-03   0.608316E-03   0.424427E-02   0.235461E-02   0.400000E-03
 401  -0.222156E-03  -0.213829E-03   0.574946E-02   0.391833E-02   0.200000E-03
 402  -0.781966E-03   0.232425E-03   0.729443E-02   0.344774E-02   0.350000E-03
 403  -0.528600E-03   0.338818E-03   0.852899E-02   0.378970E-02   0.250000E-03
 404  -0.707686E-03   0.634406E-04   0.906265E-02   0.367336E-02   0.300000E-03
 405  -0.102353E-02  -0.111635E-03   0.119657E-01   0.347359E-02   0.200000E-03
 406  -0.121405E-02  -0.108000E-03   0.125296E-01   0.327686E-02   0.400000E-03
 407  -0.758633E-03  -0.347715E-04   0.132110E-01   0.312364E-02   0.300000E-03
 408  -0.430433E-03   0.411799E-03   0.142723E-01   0.329350E-02   0.400000E-03
 409  -0.364040E-03   0.366993E-03   0.157527E-01   0.357335E-02   0.350000E-03
 410  -0.831201E-03   0.994560E-04   0.162351E-01   0.400007E-02   0.300000E-03
 411  -0.629438E-03  -0.728942E-04   0.167607E-01   0.428505E-02   0.300000E-03
 412  -0.393948E-03   0.284291E-03   0.183069E-01   0.355420E-02   0.400000E-03
 413  -0.536236E-03   0.368993E-03   0.203017E-01   0.396624E-02   0.300000E-03
 414  -0.453905E-03   0.135499E-02   0.208120E-01   0.376059E-02   0.250000E-03
 415  -0.389141E-03   0.805638E-03   0.208370E-01   0.440988E-02   0.400000E-03
 416   0.815684E-03  -0.272145E-03   0.224815E-01   0.399933E-02   0.400000E-03
 417   0.944721E-04  -0.561182E-03   0.234457E-01   0.354009E-02   0.300000E-03
 418  -0.264810E-03  -0.742095E-03   0.251683E-01   0.361587E-02   0.350000E-03
 419   0.753246E-04  -0.327988E-03   0.278271E-01   0.305669E-02   0.350000E-03
 420  -0.425780E-03  -0.157977E-03   0.284036E-01   0.290207E-02   0.250000E-03
 421  -0.623851E-03   0.385603E-03   0.296310E-01   0.314027E-02   0.350000E-03
 422  -0.148185E-02   0.385870E-03   0.313344E-01   0.307042E-02   0.450000E-03
 423  -0.703355E-03  -0.168960E-03   0.338145E-01   0.340612E-02   0.350000E-03
 424  -0.999349E-03   0.188322E-03   0.347326E-01   0.376147E-02   0.300000E-03
 425  -0.154724E-02   0.454718E-03   0.369820E-01   0.339352E-02   0.300000E-03
 426  -0.118986E-02   0.438663E-03   0.371650E-01   0.282217E-02   0.300000E-03
 427  -0.132944E-02   0.635791E-03   0.380267E-01   0.312884E-02   0.300000E-03
 428  -0.135576E-02   0.445113E-03   0.385796E-01   0.209185E-02   0.250000E-03
 429  -0.136593E-02   0.329409E-03   0.402226E-01   0.190650E-02   0.300000E-03
 430  -0.169005E-02   0.406658E-03   0.419475E-01   0.186668E-02   0.350000E-03
 431  -0.113135E-02   0.970448E-04   0.426893E-01   0.179463E-02   0.400000E-03
 432  -0.378594E-03  -0.651680E-04   0.433106E-01   0.147946E-02   0.300000E-03
 433   0.695722E-04  -0.881724E-03   0.347578E-03   0.395994E-02   0.350000E-03
 434   0.434067E-03   0.270198E-03   0.159157E-02   0.179015E-02   0.200000E-03
 435  -0.266945E-03   0.261246E-03   0.313728E-02   0.282854E-02   0.350000E-03
 436  -0.307083E-03   0.610585E-03   0.529676E-02   0.293339E-02   0.250000E-03
 437  -0.209741E-03  -0.157111E-03   0.562683E-02   0.353787E-02   0.200000E-03
 438  -0.500422E-03  -0.238930E-03   0.676076E-02   0.381493E-02   0.300000E-03
 439  -0.604256E-03   0.177694E-03   0.794040E-02   0.368985E-02   0.350000E-03
 440  -0.506750E-03  -0.601247E-03   0.108765E-01   0.374452E-02   0.200000E-03
 441  -0.333959E-03  -0.408373E-03   0.109175E-01   0.324863E-02   0.300000E-03
 442  -0.631344E-03   0.384464E-04   0.130809E-01   0.370711E-02   0.300000E-03
 443  -0.278702E-03   0.328457E-03   0.136447E-01   0.346133E-02   0.250000E-03
 444  -0.208463E-04   0.464532E-03   0.152284E-01   0.395134E-02   0.300000E-03
 445  -0.562170E-03  -0.271826E-04   0.157082E-01   0.445829E-02   0.400000E-03
 446  -0.824437E-03   0.249928E-05   0.163059E-01   0.448789E-02   0.200000E-03
 447  -0.404821E-03  -0.130103E-03   0.172543E-01   0.462016E-02   0.300000E-03
 448  -0.409156E-03   0.589000E-03   0.183466E-01   0.445111E-02   0.500000E-03
 449  -0.788525E-03   0.516688E-03   0.192414E-01   0.439690E-02   0.400000E-03
 450  -0.522633E-03   0.460224E-03   0.199370E-01   0.443750E-02   0.300000E-03
 451   0.902863E-03  -0.953910E-04   0.214992E-01   0.396473E-02   0.400000E-03
 452   0.823692E-03  -0.229687E-03   0.219708E-01   0.454228E-02   0.350000E-03
 453  -0.777707E-04  -0.320356E-03   0.240723E-01   0.389700E-02   0.350000E-03
 454   0.331492E-03  -0.967447E-03   0.257905E-01   0.330151E-02   0.350000E-03
 455   0.468980E-03  -0.777473E-03   0.270043E-01   0.301328E-02   0.200000E-03
 456  -0.221410E-03  -0.687917E-04   0.289339E-01   0.317842E-02   0.350000E-03
 457  -0.278844E-03   0.953848E-03   0.305679E-01   0.319388E-02   0.300000E-03
 458  -0.335898E-03   0.108011E-02   0.307047E-01   0.382271E-02   0.350000E-03
 459  -0.132016E-02   0.503216E-03   0.317831E-01   0.372845E-02   0.350000E-03
 460  -0.591931E-03  -0.761895E-04   0.341955E-01   0.386576E-02   0.250000E-03
 461  -0.153957E-02   0.423064E-03   0.364622E-01   0.356679E-02   0.250000E-03
 462  -0.174081E-02   0.103217E-03   0.376421E-01   0.426660E-02   0.300000E-03
 463  -0.119574E-02   0.377036E-03   0.382701E-01   0.258378E-02   0.300000E-03
 464  -0.153492E-02   0.350885E-03   0.390100E-01   0.264044E-02   0.450000E-03
 465  -0.110142E-02   0.490870E-04   0.407051E-01   0.238462E-02   0.300000E-03
 466  -0.130060E-02   0.384219E-04   0.411764E-01   0.254733E-02   0.200000E-03
 467  -0.723371E-03   0.187319E-03   0.435706E-01   0.255873E-02   0.250000E-03
 468  -0.125376E-02  -0.193516E-03   0.435675E-01   0.383213E-02   0.350000E-03
 469   0.549639E-03  -0.799109E-03   0.105386E-02   0.432908E-02   0.450000E-03
 470   0.260685E-04  -0.526644E-04   0.217627E-02   0.278735E-02   0.300000E-03
 471  -0.494709E-04   0.304580E-03   0.385332E-02   0.305108E-02   0.400000E-03
 472  -0.257113E-03   0.350016E-03   0.455111E-02   0.300828E-02   0.300000E-03
 473   0.480977E-04  -0.221753E-03   0.502735E-02   0.352109E-02   0.400000E-03
 474  -0.708070E-03  -0.161800E-03   0.744206E-02   0.402260E-02   0.250000E-03
 475  -0.861443E-03  -0.710690E-05   0.811413E-02   0.436366E-02   0.350000E-03
 476  -0.268586E-03   0.483933E-03   0.953225E-02   0.404494E-02   0.300000E-03
 477  -0.501639E-03  -0.849732E-04   0.113194E-01   0.288410E-02   0.200000E-03
 478  -0.106211E-02  -0.295747E-03   0.122279E-01   0.395642E-02   0.350000E-03
 479  -0.381587E-03   0.301290E-03   0.141981E-01   0.393718E-02   0.250000E-03
 480  -0.303880E-03   0.105340E-03   0.146858E-01   0.379479E-02   0.250000E-03
 481  -0.398297E-04   0.455607E-03   0.147927E-01   0.428307E-02   0.250000E-03
 482  -0.931407E-03   0.112700E-03   0.162744E-01   0.507955E-02   0.400000E-03
 483  -0.831241E-03   0.965665E-04   0.169699E-01   0.514633E-02   0.300000E-03
 484  -0.554852E-03   0.192833E-03   0.186425E-01   0.519188E-02   0.300000E-03
 485  -0.699481E-03   0.609846E-03   0.196517E-01   0.502072E-02   0.350000E-03
 486  -0.487446E-03   0.559167E-03   0.203208E-01   0.489560E-02   0.300000E-03
 487  -0.631612E-03   0.560373E-03   0.213834E-01   0.491716E-02   0.350000E-03
 488   0.586106E-03   0.869240E-03   0.219058E-01   0.508704E-02   0.200000E-03
 489  -0.328136E-03  -0.383701E-03   0.246697E-01   0.394649E-02   0.250000E-03
 490   0.613179E-03  -0.898537E-03   0.273398E-01   0.338899E-02   0.250000E-03
 491  -0.107278E-03  -0.158719E-03   0.283440E-01   0.344678E-02   0.300000E-03
 492  -0.249263E-03  -0.111815E-03   0.293275E-01   0.381517E-02   0.400000E-03
 493  -0.131839E-03   0.109911E-02   0.301005E-01   0.358720E-02   0.300000E-03
 494   0.101937E-02   0.656359E-03   0.312380E-01   0.371195E-02   0.200000E-03
 495  -0.143808E-02   0.237485E-03   0.328810E-01   0.402642E-02   0.200000E-03
 496  -0.148295E-02  -0.173669E-03   0.359435E-01   0.419675E-02   0.350000E-03
 497  -0.162041E-02   0.530893E-03   0.360957E-01   0.372243E-02   0.150000E-03
 498  -0.155492E-02   0.416663E-03   0.373492E-01   0.380217E-02   0.250000E-03
 499  -0.153383E-02   0.484606E-03   0.375238E-01   0.333583E-02   0.250000E-03
 500  -0.167073E-02   0.165862E-03   0.393993E-01   0.309591E-02   0.150000E-03
 501  -0.130035E-02  -0.475269E-04   0.401602E-01   0.245094E-02   0.250000E-03
 502  -0.152056E-02   0.392384E-03   0.413360E-01   0.207765E-02   0.300000E-03
 503  -0.744525E-03   0.172988E-03   0.429749E-01   0.262183E-02   0.350000E-03
 504  -0.376158E-03   0.292528E-03   0.433263E-01   0.207526E-02   0.300000E-03
 505  -0.250791E-03  -0.133787E-03   0.165099E-02   0.380027E-02   0.350000E-03
 506  -0.444155E-03   0.227806E-03   0.187102E-02   0.324456E-02   0.250000E-03
 507   0.235296E-03   0.191659E-03   0.332615E-02   0.342560E-02   0.250000E-03
 508  -0.324259E-04  -0.238762E-03   0.433099E-02   0.356196E-02   0.300000E-03
 509  -0.172553E-03  -0.162997E-05   0.609485E-02   0.421512E-02   0.250000E-03
 510  -0.706340E-03  -0.620971E-04   0.749893E-02   0.456298E-02   0.300000E-03
 511  -0.695647E-03  -0.361489E-05   0.878657E-02   0.427400E-02   0.300000E-03
 512  -0.432506E-03  -0.612170E-03   0.103285E-01   0.375411E-02   0.350000E-03
 513  -0.169593E-04  -0.208378E-03   0.114689E-01   0.347566E-02   0.300000E-03
 514  -0.701264E-03  -0.854741E-04   0.128530E-01   0.436787E-02   0.400000E-03
 515  -0.253830E-03   0.280736E-03   0.136149E-01   0.407725E-02   0.350000E-03
 516  -0.334448E-03   0.480119E-03   0.142521E-01   0.453282E-02   0.350000E-03
 517   0.558164E-03  -0.193130E-03   0.151587E-01   0.444381E-02   0.150000E-03
 518  -0.494635E-03   0.683894E-04   0.154875E-01   0.522379E-02   0.400000E-03
 519  -0.244788E-04   0.345172E-03   0.177398E-01   0.504230E-02   0.350000E-03
 520  -0.354679E-03   0.290400E-03   0.191753E-01   0.546192E-02   0.300000E-03
 521  -0.547304E-03   0.784081E-03   0.201539E-01   0.557531E-02   0.400000E-03
 522  -0.241262E-03   0.728763E-03   0.207617E-01   0.522266E-02   0.250000E-03
 523   0.629294E-03   0.135003E-03   0.218841E-01   0.553457E-02   0.250000E-03
 524   0.668192E-04  -0.322134E-03   0.231767E-01   0.406987E-02   0.300000E-03
 525  -0.179455E-03  -0.257066E-03   0.252085E-01   0.436277E-02   0.400000E-03
 526  -0.440093E-04  -0.702055E-03   0.256785E-01   0.391655E-02   0.250000E-03
 527  -0.901782E-03   0.205715E-03   0.278047E-01   0.370655E-02   0.300000E-03
 528  -0.464294E-03  -0.372771E-03   0.291837E-01   0.454999E-02   0.350000E-03
 529  -0.132083E-03  -0.432829E-03   0.305543E-01   0.444786E-02   0.300000E-03
 530  -0.169987E-02   0.191644E-03   0.321615E-01   0.405301E-02   0.150000E-03
 531  -0.519814E-03   0.337632E-03   0.330229E-01   0.360737E-02   0.200000E-03
 532  -0.131552E-02  -0.145067E-03   0.352002E-01   0.428213E-02   0.400000E-03
 533  -0.146055E-02   0.348494E-03   0.368266E-01   0.397181E-02   0.300000E-03
 534  -0.145433E-02   0.853723E-06   0.382263E-01   0.440105E-02   0.300000E-03
 535  -0.160878E-02   0.428340E-03   0.379098E-01   0.372712E-02   0.300000E-03
 536  -0.981595E-03  -0.873899E-03   0.386326E-01   0.310510E-02   0.150000E-03
 537  -0.127361E-02   0.570238E-04   0.404361E-01   0.273940E-02   0.150000E-03
 538  -0.167636E-02   0.179292E-03   0.417686E-01   0.248967E-02   0.300000E-03
 539  -0.102299E-02   0.270231E-04   0.423613E-01   0.240905E-02   0.300000E-03
 540  -0.634288E-03   0.388498E-03   0.439709E-01   0.284842E-02   0.250000E-03
 541   0.235323E-05   0.134577E-03   0.482880E-02   0.843950E-02   0.300000E-03
 542   0.192744E-04   0.206131E-03   0.258264E-02   0.347214E-02   0.500000E-03
 543  -0.209145E-03  -0.182600E-03   0.376477E-02   0.375344E-02   0.300000E-03
 544  -0.836149E-04  -0.224614E-03   0.419797E-02   0.409157E-02   0.250000E-03
 545  -0.558933E-04  -0.394873E-03   0.533526E-02   0.408975E-02   0.250000E-03
 546  -0.571483E-03   0.128090E-03   0.858893E-02   0.499719E-02   0.450000E-03
 547  -0.583938E-04   0.308529E-03   0.929297E-02   0.459360E-02   0.300000E-03
 548  -0.334116E-03   0.118625E-03   0.977834E-02   0.447679E-02   0.200000E-03
 549  -0.276787E-03   0.143682E-04   0.110608E-01   0.431304E-02   0.400000E-03
 550  -0.156235E-04  -0.125308E-03   0.116301E-01   0.400049E-02   0.250000E-03
 551  -0.216682E-03   0.229543E-03   0.135312E-01   0.487266E-02   0.450000E-03
 552  -0.522657E-03   0.755209E-04   0.142450E-01   0.523038E-02   0.350000E-03
 553   0.108642E-03   0.103103E-02   0.149215E-01   0.476601E-02   0.250000E-03
 554  -0.544001E-03   0.632897E-04   0.150721E-01   0.572052E-02   0.250000E-03
 555  -0.796147E-03   0.794395E-04   0.160069E-01   0.582999E-02   0.400000E-03
 556  -0.393037E-03   0.415106E-04   0.181561E-01   0.553877E-02   0.300000E-03
 557  -0.553475E-03   0.256878E-03   0.188851E-01   0.481469E-02   0.150000E-03
 558  -0.758282E-03   0.235909E-03   0.212501E-01   0.565032E-02   0.400000E-03
 559   0.528999E-03   0.243454E-03   0.226333E-01   0.463102E-02   0.250000E-03
 560  -0.187097E-03  -0.170235E-03   0.237253E-01   0.438358E-02   0.250000E-03
 561  -0.523384E-04  -0.645280E-03   0.259596E-01   0.444339E-02   0.350000E-03
 562   0.541810E-03  -0.584386E-03   0.262654E-01   0.381514E-02   0.350000E-03
 563  -0.254763E-03  -0.411928E-03   0.285848E-01   0.410036E-02   0.400000E-03
 564  -0.153641E-03   0.450092E-04   0.285838E-01   0.479852E-02   0.300000E-03
 565  -0.267454E-03  -0.451742E-03   0.299486E-01   0.422842E-02   0.350000E-03
 566  -0.489353E-03  -0.396564E-03   0.312965E-01   0.436184E-02   0.450000E-03
 567  -0.605091E-03  -0.345676E-03   0.333170E-01   0.328817E-02   0.150000E-03
 568  -0.628322E-03  -0.793014E-04   0.338507E-01   0.385291E-02   0.100000E-03
 569  -0.164561E-02   0.193819E-03   0.370084E-01   0.448743E-02   0.250000E-03
 570  -0.161725E-02   0.206367E-03   0.378177E-01   0.483894E-02   0.300000E-03
 571  -0.143567E-02   0.398403E-03   0.384739E-01   0.352340E-02   0.300000E-03
 572  -0.180789E-02   0.363438E-03   0.390581E-01   0.338883E-02   0.300000E-03
 573  -0.176621E-02   0.309322E-03   0.397394E-01   0.280181E-02   0.300000E-03
 574  -0.137315E-02  -0.204644E-03   0.414151E-01   0.320303E-02   0.500000E-03
 575  -0.139190E-02   0.509847E-03   0.421285E-01   0.290437E-02   0.250000E-03
 576  -0.663691E-03  -0.489895E-03   0.444154E-01   0.385784E-02   0.300000E-03
 577  -0.715853E-04   0.511527E-03   0.298481E-03   0.460678E-02   0.300000E-03
 578  -0.126340E-03  -0.289986E-04   0.261565E-02   0.431644E-02   0.350000E-03
 579  -0.371855E-03  -0.301208E-03   0.476679E-02   0.427741E-02   0.350000E-03
 580  -0.787417E-04  -0.210230E-03   0.544706E-02   0.457376E-02   0.250000E-03
 581  -0.335633E-03  -0.221493E-03   0.706255E-02   0.414862E-02   0.150000E-03
 582  -0.482738E-03  -0.196538E-04   0.792215E-02   0.487890E-02   0.200000E-03
 583  -0.363614E-03   0.387832E-05   0.992711E-02   0.489866E-02   0.250000E-03
 584  -0.366627E-03   0.106091E-03   0.103265E-01   0.445269E-02   0.350000E-03
 585  -0.459134E-03   0.237287E-04   0.107433E-01   0.513467E-02   0.450000E-03
 586  -0.936058E-03  -0.201054E-03   0.118698E-01   0.449535E-02   0.300000E-03
 587  -0.762710E-03  -0.671217E-04   0.123366E-01   0.467151E-02   0.200000E-03
 588  -0.396263E-03   0.106028E-03   0.136237E-01   0.551563E-02   0.200000E-03
 589  -0.621485E-03   0.115429E-03   0.148414E-01   0.527145E-02   0.250000E-03
 590  -0.576737E-03   0.164991E-04   0.154306E-01   0.599112E-02   0.200000E-03
 591  -0.400595E-03   0.543863E-03   0.173762E-01   0.551413E-02   0.250000E-03
 592  -0.405456E-03  -0.172166E-03   0.181551E-01   0.613662E-02   0.300000E-03
 593  -0.883947E-04   0.621437E-03   0.195273E-01   0.594495E-02   0.300000E-03
 594  -0.982911E-03   0.373936E-03   0.206669E-01   0.611924E-02   0.350000E-03
 595   0.143054E-02   0.727281E-03   0.222922E-01   0.498566E-02   0.200000E-03
 596  -0.464557E-04  -0.609553E-04   0.232274E-01   0.471513E-02   0.350000E-03
 597  -0.451640E-04  -0.299527E-03   0.244334E-01   0.455105E-02   0.400000E-03
 598   0.696080E-03  -0.697016E-03   0.266547E-01   0.439406E-02   0.350000E-03
 599   0.707002E-03  -0.502776E-03   0.272118E-01   0.397093E-02   0.350000E-03
 600  -0.315040E-03   0.543371E-04   0.299314E-01   0.487660E-02   0.300000E-03
 601  -0.119119E-03   0.200065E-04   0.305435E-01   0.508914E-02   0.350000E-03
 602  -0.771367E-03   0.246734E-03   0.309984E-01   0.488219E-02   0.150000E-03
 603  -0.122906E-02   0.563858E-03   0.330254E-01   0.455506E-02   0.350000E-03
 604  -0.957766E-03  -0.751250E-04   0.334249E-01   0.398167E-02   0.350000E-03
 605  -0.136504E-02   0.250403E-04   0.364247E-01   0.476770E-02   0.400000E-03
 606  -0.186228E-02   0.234798E-03   0.385011E-01   0.513956E-02   0.450000E-03
 607  -0.154480E-02   0.499960E-05   0.386404E-01   0.404237E-02   0.250000E-03
 608  -0.157358E-02   0.347105E-03   0.396591E-01   0.346113E-02   0.300000E-03
 609  -0.137268E-02   0.356648E-03   0.402520E-01   0.319928E-02   0.350000E-03
 610  -0.134058E-02   0.338754E-04   0.409170E-01   0.278138E-02   0.150000E-03
 611  -0.120715E-02  -0.221802E-03   0.428010E-01   0.360826E-02   0.450000E-03
 612  -0.688070E-03  -0.594792E-03   0.434453E-01   0.314170E-02   0.350000E-03
 613  -0.486696E-03  -0.736832E-04   0.104556E-01   0.860654E-02   0.350000E-03
 614  -0.149299E-03  -0.983322E-04   0.314221E-02   0.446503E-02   0.200000E-03
 615  -0.242763E-03   0.153205E-04   0.368639E-02   0.440216E-02   0.350000E-03
 616  -0.302334E-03  -0.435600E-05   0.569840E-02   0.426377E-02   0.150000E-03
 617  -0.526110E-03   0.755181E-05   0.664704E-02   0.444883E-02   0.350000E-03
 618  -0.503958E-03   0.585728E-04   0.808755E-02   0.555284E-02   0.300000E-03
 619   0.914610E-05   0.233078E-03   0.931072E-02   0.519093E-02   0.300000E-03
 620  -0.357046E-03   0.411034E-05   0.990656E-02   0.554617E-02   0.400000E-03
 621  -0.860218E-03  -0.735334E-04   0.114170E-01   0.532397E-02   0.250000E-03
 622  -0.858425E-03  -0.450874E-03   0.114421E-01   0.483241E-02   0.250000E-03
 623  -0.729624E-03   0.597400E-04   0.126838E-01   0.509757E-02   0.350000E-03
 624  -0.441829E-03   0.602239E-04   0.139744E-01   0.570781E-02   0.200000E-03
 625  -0.403693E-03   0.769537E-04   0.144960E-01   0.587919E-02   0.350000E-03
 626  -0.214008E-04   0.107094E-02   0.166316E-01   0.549683E-02   0.150000E-03
 627  -0.940547E-03   0.661252E-03   0.169483E-01   0.564453E-02   0.200000E-03
 628  -0.643996E-03  -0.278146E-03   0.175658E-01   0.602642E-02   0.300000E-03
 629  -0.650536E-03  -0.317202E-03   0.188395E-01   0.643935E-02   0.450000E-03
 630   0.383418E-03   0.109587E-02   0.218630E-01   0.608395E-02   0.300000E-03
 631   0.618077E-04   0.388276E-04   0.227745E-01   0.524686E-02   0.350000E-03
 632  -0.126952E-03  -0.163043E-03   0.238424E-01   0.492040E-02   0.300000E-03
 633   0.678636E-04   0.494214E-05   0.246897E-01   0.514524E-02   0.250000E-03
 634   0.631773E-03  -0.756570E-03   0.271886E-01   0.451745E-02   0.200000E-03
 635   0.264693E-03  -0.664938E-03   0.278307E-01   0.447333E-02   0.450000E-03
 636  -0.342804E-03   0.155665E-03   0.294037E-01   0.515838E-02   0.300000E-03
 637  -0.274186E-03   0.182117E-03   0.303541E-01   0.570611E-02   0.300000E-03
 638  -0.128582E-02  -0.874982E-05   0.321260E-01   0.472244E-02   0.350000E-03
 639  -0.902356E-03   0.809905E-04   0.342881E-01   0.481386E-02   0.250000E-03
 640  -0.778669E-03  -0.214403E-03   0.345041E-01   0.431375E-02   0.300000E-03
 641  -0.155257E-02  -0.142528E-03   0.368885E-01   0.529057E-02   0.300000E-03
 642  -0.177116E-02   0.107814E-03   0.372750E-01   0.490308E-02   0.250000E-03
 643  -0.168677E-02  -0.222203E-03   0.388061E-01   0.451070E-02   0.250000E-03
 644  -0.142219E-02   0.258783E-04   0.392892E-01   0.405293E-02   0.400000E-03
 645  -0.129984E-02  -0.207838E-03   0.417221E-01   0.383174E-02   0.200000E-03
 646  -0.104017E-02  -0.612194E-03   0.407705E-01   0.328756E-02   0.150000E-03
 647  -0.240563E-04  -0.525164E-03   0.425697E-01   0.299284E-02   0.200000E-03
 648  -0.147470E-02   0.113706E-03   0.448038E-01   0.354935E-02   0.200000E-03
 649  -0.183300E-03   0.413803E-03   0.714333E-03   0.488164E-02   0.200000E-03
 650  -0.237535E-03  -0.228425E-03   0.267057E-02   0.500831E-02   0.350000E-03
 651  -0.380775E-03  -0.607040E-04   0.320601E-02   0.396952E-02   0.300000E-03
 652  -0.150124E-03  -0.145683E-03   0.457644E-02   0.489268E-02   0.200000E-03
 653  -0.411783E-03  -0.382511E-04   0.656951E-02   0.494230E-02   0.150000E-03
 654  -0.591763E-03   0.222699E-05   0.745532E-02   0.525560E-02   0.400000E-03
 655  -0.560264E-03   0.796995E-04   0.877130E-02   0.577397E-02   0.350000E-03
 656  -0.397504E-03   0.535300E-04   0.935854E-02   0.589188E-02   0.250000E-03
 657  -0.540342E-03  -0.959007E-04   0.104817E-01   0.593157E-02   0.300000E-03
 658  -0.906790E-03   0.261939E-04   0.119853E-01   0.513441E-02   0.350000E-03
 659  -0.240911E-03   0.412490E-03   0.131594E-01   0.546223E-02   0.250000E-03
 660  -0.286998E-03  -0.101891E-03   0.136267E-01   0.619528E-02   0.400000E-03
 661  -0.528872E-03  -0.293325E-04   0.150158E-01   0.626777E-02   0.300000E-03
 662  -0.714970E-03   0.168172E-03   0.163515E-01   0.643223E-02   0.300000E-03
 663  -0.834498E-03   0.381760E-03   0.166419E-01   0.596900E-02   0.250000E-03
 664  -0.603132E-03   0.262334E-04   0.177748E-01   0.653246E-02   0.250000E-03
 665  -0.449462E-03   0.331822E-03   0.200342E-01   0.626428E-02   0.300000E-03
 666  -0.751988E-03   0.566006E-03   0.212745E-01   0.634856E-02   0.300000E-03
 667   0.134241E-03  -0.709710E-04   0.223808E-01   0.575845E-02   0.300000E-03
 668  -0.926422E-04  -0.144975E-03   0.234170E-01   0.534200E-02   0.300000E-03
 669  -0.472611E-03   0.663559E-04   0.248921E-01   0.474933E-02   0.100000E-03
 670   0.190180E-03   0.285465E-03   0.263993E-01   0.487962E-02   0.200000E-03
 671   0.901968E-03  -0.169341E-03   0.285282E-01   0.530400E-02   0.200000E-03
 672   0.443182E-03  -0.355012E-03   0.281282E-01   0.510532E-02   0.250000E-03
 673  -0.539444E-03  -0.268184E-03   0.310289E-01   0.558251E-02   0.350000E-03
 674  -0.719371E-03  -0.284041E-03   0.315504E-01   0.511871E-02   0.350000E-03
 675  -0.145982E-02   0.203688E-03   0.325012E-01   0.425939E-02   0.250000E-03
 676  -0.649129E-03   0.816023E-04   0.347863E-01   0.478302E-02   0.250000E-03
 677  -0.154746E-02  -0.842116E-04   0.369711E-01   0.598397E-02   0.400000E-03
 678  -0.184034E-02  -0.999713E-04   0.374297E-01   0.537741E-02   0.250000E-03
 679  -0.127671E-02  -0.497068E-03   0.390915E-01   0.541986E-02   0.200000E-03
 680  -0.142675E-02  -0.491099E-04   0.392624E-01   0.489855E-02   0.350000E-03
 681  -0.156040E-02   0.594584E-04   0.410911E-01   0.387578E-02   0.250000E-03
 682  -0.146238E-02  -0.247871E-03   0.421350E-01   0.340243E-02   0.250000E-03
 683  -0.127287E-02  -0.120916E-03   0.440205E-01   0.454786E-02   0.500000E-03
 684  -0.758256E-03  -0.655560E-03   0.440412E-01   0.339292E-02   0.300000E-03
 685  -0.543875E-04  -0.263827E-03   0.349279E-03   0.726600E-02   0.350000E-03
 686  -0.112092E-03  -0.480762E-03   0.333039E-02   0.557987E-02   0.350000E-03
 687  -0.735617E-04  -0.191901E-03   0.331502E-02   0.493252E-02   0.300000E-03
 688  -0.457870E-03  -0.960918E-04   0.501774E-02   0.482151E-02   0.250000E-03
 689  -0.542554E-03  -0.663965E-04   0.706316E-02   0.480248E-02   0.200000E-03
 690  -0.438375E-03   0.209050E-03   0.760069E-02   0.598486E-02   0.350000E-03
 691  -0.494662E-03   0.100841E-03   0.878185E-02   0.647285E-02   0.350000E-03
 692  -0.370783E-03   0.443620E-04   0.990322E-02   0.624527E-02   0.300000E-03
 693  -0.607882E-03  -0.205358E-04   0.104020E-01   0.647239E-02   0.250000E-03
 694  -0.676007E-03  -0.153685E-03   0.111223E-01   0.583888E-02   0.350000E-03
 695  -0.109833E-03  -0.354812E-04   0.129026E-01   0.600282E-02   0.350000E-03
 696  -0.454066E-03  -0.192202E-03   0.146247E-01   0.719051E-02   0.250000E-03
 697  -0.314272E-03  -0.123017E-03   0.143358E-01   0.660841E-02   0.400000E-03
 698  -0.720682E-03  -0.148761E-03   0.156568E-01   0.654900E-02   0.400000E-03
 699  -0.968035E-03   0.836787E-04   0.170796E-01   0.659575E-02   0.450000E-03
 700  -0.845669E-03  -0.187442E-03   0.182173E-01   0.685638E-02   0.300000E-03
 701   0.606074E-04  -0.112923E-03   0.195624E-01   0.663135E-02   0.300000E-03
 702  -0.802212E-03  -0.456476E-04   0.204440E-01   0.683017E-02   0.400000E-03
 703  -0.362634E-04  -0.160521E-03   0.230558E-01   0.594092E-02   0.400000E-03
 704   0.247789E-04   0.856378E-04   0.241775E-01   0.553379E-02   0.400000E-03
 705  -0.153846E-03   0.114662E-03   0.251669E-01   0.500886E-02   0.250000E-03
 706  -0.309556E-03   0.474423E-03   0.259801E-01   0.504192E-02   0.250000E-03
 707   0.510572E-03  -0.243974E-03   0.269855E-01   0.507826E-02   0.400000E-03
 708  -0.275271E-03   0.195612E-03   0.298837E-01   0.542400E-02   0.250000E-03
 709  -0.121085E-02  -0.428986E-03   0.320788E-01   0.526955E-02   0.200000E-03
 710  -0.916210E-03   0.198253E-03   0.326468E-01   0.501909E-02   0.250000E-03
 711  -0.952768E-03   0.553319E-04   0.337257E-01   0.460924E-02   0.350000E-03
 712  -0.721292E-03  -0.877192E-04   0.351343E-01   0.520789E-02   0.300000E-03
 713  -0.181310E-02  -0.913134E-04   0.381591E-01   0.636542E-02   0.350000E-03
 714  -0.170515E-02  -0.476990E-04   0.379317E-01   0.570157E-02   0.350000E-03
 715  -0.195168E-02  -0.173387E-05   0.388233E-01   0.564052E-02   0.150000E-03
 716  -0.150905E-02  -0.623394E-04   0.397280E-01   0.452967E-02   0.250000E-03
 717  -0.144454E-02  -0.312384E-03   0.400619E-01   0.366151E-02   0.150000E-03
 718  -0.148559E-02  -0.971762E-04   0.421668E-01   0.390004E-02   0.250000E-03
 719  -0.124495E-02   0.622558E-03   0.448014E-01   0.544991E-02   0.200000E-03
 720   0.691275E-04  -0.204901E-03   0.434061E-01   0.728003E-02   0.350000E-03
 721  -0.114454E-03  -0.491616E-04   0.215282E-02   0.402275E-02   0.200000E-03
 722   0.315225E-03  -0.478509E-03   0.202731E-02   0.509699E-02   0.300000E-03
 723  -0.101425E-03  -0.107679E-03   0.425332E-02   0.458610E-02   0.250000E-03
 724  -0.219136E-03  -0.207900E-03   0.602551E-02   0.486117E-02   0.400000E-03
 725  -0.603322E-03  -0.221909E-04   0.692227E-02   0.512222E-02   0.150000E-03
 726  -0.308176E-03  -0.302634E-03   0.651603E-02   0.548936E-02   0.400000E-03
 727  -0.503228E-03   0.134321E-03   0.823121E-02   0.613469E-02   0.300000E-03
 728  -0.406941E-03   0.366450E-04   0.937448E-02   0.639011E-02   0.250000E-03
 729  -0.246090E-03   0.130256E-03   0.971411E-02   0.682163E-02   0.300000E-03
 730  -0.821807E-03  -0.164539E-05   0.123603E-01   0.560248E-02   0.250000E-03
 731  -0.490416E-03   0.105032E-03   0.122315E-01   0.619790E-02   0.350000E-03
 732  -0.550401E-03   0.113370E-03   0.131235E-01   0.660536E-02   0.250000E-03
 733  -0.444906E-03  -0.175660E-03   0.149516E-01   0.681274E-02   0.250000E-03
 734  -0.367165E-03  -0.505483E-03   0.161598E-01   0.688700E-02   0.200000E-03
 735  -0.870816E-03  -0.193923E-03   0.176440E-01   0.716121E-02   0.350000E-03
 736  -0.733006E-03  -0.406272E-03   0.191374E-01   0.723443E-02   0.400000E-03
 737  -0.857031E-04  -0.459691E-03   0.198321E-01   0.716600E-02   0.300000E-03
 738  -0.824156E-03   0.362447E-03   0.215161E-01   0.700279E-02   0.400000E-03
 739   0.168136E-03  -0.208156E-03   0.224640E-01   0.639846E-02   0.350000E-03
 740   0.774116E-04  -0.690435E-04   0.237711E-01   0.616018E-02   0.350000E-03
 741   0.128755E-03   0.191519E-03   0.248366E-01   0.562124E-02   0.250000E-03
 742   0.165214E-03  -0.213274E-04   0.263902E-01   0.532908E-02   0.250000E-03
 743   0.107426E-03  -0.303360E-03   0.276307E-01   0.514134E-02   0.250000E-03
 744  -0.556950E-04   0.194409E-03   0.289058E-01   0.518020E-02   0.200000E-03
 745  -0.608535E-03   0.762409E-03   0.316144E-01   0.571451E-02   0.250000E-03
 746  -0.928853E-03  -0.100536E-03   0.328069E-01   0.559583E-02   0.350000E-03
 747  -0.128076E-02   0.225457E-03   0.332796E-01   0.515144E-02   0.300000E-03
 748  -0.919344E-03   0.332402E-04   0.356805E-01   0.485619E-02   0.350000E-03
 749  -0.133988E-02  -0.175022E-03   0.363175E-01   0.545756E-02   0.300000E-03
 750  -0.184789E-02  -0.786414E-04   0.385044E-01   0.587636E-02   0.250000E-03
 751  -0.180379E-02  -0.116016E-04   0.391582E-01   0.593341E-02   0.300000E-03
 752  -0.131523E-02  -0.225910E-03   0.401790E-01   0.422606E-02   0.300000E-03
 753  -0.989658E-03  -0.348983E-03   0.407078E-01   0.299464E-02   0.150000E-03
 754  -0.181771E-02   0.336794E-03   0.418883E-01   0.418459E-02   0.150000E-03
 755  -0.101375E-02  -0.625686E-03   0.425425E-01   0.414925E-02   0.150000E-03
 756   0.318578E-03   0.321578E-03   0.431055E-01   0.670416E-02   0.300000E-03
 757   0.246643E-03  -0.698800E-03   0.183997E-02   0.447472E-02   0.350000E-03
 758   0.980312E-04  -0.412848E-03   0.402312E-02   0.565493E-02   0.350000E-03
 759  -0.684696E-04  -0.182422E-03   0.390891E-02   0.501394E-02   0.300000E-03
 760  -0.127356E-03  -0.430891E-04   0.472806E-02   0.556444E-02   0.300000E-03
 761  -0.433523E-03  -0.145002E-04   0.539401E-02   0.535013E-02   0.400000E-03
 762  -0.598861E-03  -0.103389E-03   0.589447E-02   0.590506E-02   0.350000E-03
 763  -0.160062E-03   0.783428E-04   0.688300E-02   0.619735E-02   0.400000E-03
 764  -0.458352E-03  -0.197427E-03   0.815685E-02   0.672984E-02   0.300000E-03
 765  -0.725744E-03  -0.687767E-04   0.115565E-01   0.638196E-02   0.350000E-03
 766  -0.867744E-03  -0.170841E-03   0.117654E-01   0.574591E-02   0.300000E-03
 767  -0.320855E-03   0.184273E-03   0.126851E-01   0.650714E-02   0.200000E-03
 768  -0.319911E-03  -0.175034E-03   0.137286E-01   0.683597E-02   0.250000E-03
 769  -0.421963E-03  -0.860793E-04   0.152520E-01   0.733141E-02   0.350000E-03
 770  -0.980702E-03   0.810015E-04   0.158355E-01   0.719776E-02   0.250000E-03
 771  -0.919202E-03   0.590176E-04   0.165595E-01   0.677330E-02   0.100000E-03
 772  -0.920726E-03  -0.401672E-03   0.184965E-01   0.732662E-02   0.250000E-03
 773   0.113530E-03  -0.174962E-03   0.202235E-01   0.774528E-02   0.400000E-03
 774  -0.675918E-03   0.233434E-03   0.208984E-01   0.742223E-02   0.350000E-03
 775  -0.322740E-03   0.119196E-03   0.233083E-01   0.653976E-02   0.250000E-03
 776   0.159990E-03   0.312146E-03   0.249173E-01   0.606327E-02   0.200000E-03
 777  -0.847494E-03   0.291569E-03   0.255804E-01   0.483641E-02   0.200000E-03
 778  -0.352660E-03   0.182448E-03   0.259745E-01   0.549039E-02   0.200000E-03
 779   0.207686E-04  -0.560287E-03   0.278602E-01   0.563880E-02   0.300000E-03
 780  -0.330355E-03   0.174146E-03   0.294218E-01   0.580586E-02   0.350000E-03
 781  -0.616159E-03  -0.113146E-03   0.307254E-01   0.604052E-02   0.200000E-03
 782  -0.114981E-02  -0.242004E-04   0.321622E-01   0.576182E-02   0.300000E-03
 783  -0.932071E-03   0.270663E-03   0.339155E-01   0.528142E-02   0.350000E-03
 784  -0.819988E-03   0.189236E-03   0.344626E-01   0.522660E-02   0.200000E-03
 785  -0.923603E-03  -0.257176E-03   0.356797E-01   0.555602E-02   0.350000E-03
 786   0.415017E-03   0.577541E-03   0.375844E-01   0.619690E-02   0.250000E-03
 787  -0.169842E-02   0.119617E-03   0.397221E-01   0.613249E-02   0.300000E-03
 788  -0.177240E-02  -0.594129E-03   0.396365E-01   0.548870E-02   0.350000E-03
 789  -0.152317E-02   0.152564E-04   0.405571E-01   0.376436E-02   0.300000E-03
 790  -0.132207E-02   0.134889E-03   0.414532E-01   0.428367E-02   0.300000E-03
 791  -0.162370E-02  -0.939708E-04   0.430997E-01   0.435112E-02   0.350000E-03
 792  -0.136458E-02   0.856480E-04   0.438725E-01   0.518057E-02   0.150000E-03
 793  -0.360968E-03  -0.516259E-03   0.284408E-02   0.547390E-02   0.150000E-03
 794  -0.200604E-03  -0.193683E-03   0.244946E-02   0.545342E-02   0.150000E-03
 795  -0.150137E-03  -0.137762E-03   0.436138E-02   0.522544E-02   0.200000E-03
 796  -0.314880E-03  -0.278948E-03   0.266478E-02   0.646316E-02   0.300000E-03
 797   0.259554E-03  -0.220544E-03   0.449910E-02   0.623321E-02   0.400000E-03
 798  -0.443986E-03   0.130281E-04   0.516179E-02   0.600924E-02   0.300000E-03
 799  -0.430325E-03   0.200357E-03   0.750895E-02   0.667566E-02   0.350000E-03
 800  -0.467664E-03  -0.111507E-03   0.883213E-02   0.706955E-02   0.250000E-03
 801  -0.616810E-03  -0.485532E-04   0.108174E-01   0.674638E-02   0.250000E-03
 802  -0.684747E-03  -0.102494E-03   0.112857E-01   0.691622E-02   0.250000E-03
 803  -0.513863E-03   0.478901E-04   0.120191E-01   0.675811E-02   0.250000E-03
 804  -0.576671E-03   0.574014E-04   0.132694E-01   0.713545E-02   0.300000E-03
 805  -0.303654E-03  -0.167807E-03   0.140794E-01   0.725945E-02   0.300000E-03
 806  -0.875411E-03  -0.359878E-03   0.157138E-01   0.762970E-02   0.200000E-03
 807  -0.895523E-03  -0.213982E-03   0.180687E-01   0.758445E-02   0.250000E-03
 808  -0.743514E-03   0.161178E-03   0.191575E-01   0.808305E-02   0.450000E-03
 809  -0.644562E-03   0.216851E-03   0.214836E-01   0.770225E-02   0.300000E-03
 810  -0.120406E-03   0.429733E-03   0.222143E-01   0.699306E-02   0.300000E-03
 811   0.161129E-03   0.186867E-03   0.238096E-01   0.680651E-02   0.300000E-03
 812   0.381927E-03   0.890550E-03   0.244323E-01   0.618523E-02   0.300000E-03
 813  -0.212701E-03   0.179826E-03   0.254306E-01   0.554198E-02   0.350000E-03
 814   0.120756E-02   0.449540E-03   0.273712E-01   0.553707E-02   0.200000E-03
 815   0.963384E-03   0.276523E-04   0.286768E-01   0.588281E-02   0.400000E-03
 816  -0.474845E-03   0.393862E-04   0.312045E-01   0.609701E-02   0.200000E-03
 817  -0.383571E-03   0.236097E-03   0.302466E-01   0.629451E-02   0.300000E-03
 818  -0.973820E-03   0.442867E-04   0.325727E-01   0.619863E-02   0.300000E-03
 819  -0.118712E-02   0.512747E-03   0.334442E-01   0.572758E-02   0.300000E-03
 820  -0.885563E-03   0.132980E-03   0.347279E-01   0.564850E-02   0.300000E-03
 821  -0.129748E-02  -0.532475E-03   0.362401E-01   0.605025E-02   0.300000E-03
 822  -0.177075E-02  -0.207529E-03   0.378345E-01   0.692820E-02   0.300000E-03
 823  -0.182216E-02  -0.806994E-05   0.387560E-01   0.630791E-02   0.250000E-03
 824  -0.141077E-02   0.196484E-03   0.408178E-01   0.555472E-02   0.350000E-03
 825  -0.187719E-02  -0.367814E-03   0.402576E-01   0.498529E-02   0.450000E-03
 826  -0.175175E-02  -0.131080E-03   0.408044E-01   0.440178E-02   0.350000E-03
 827  -0.148828E-02   0.412500E-04   0.422281E-01   0.439553E-02   0.250000E-03
 828  -0.144908E-02  -0.212623E-03   0.402860E-01   0.692328E-02   0.350000E-03
 829  -0.399844E-03  -0.483602E-03   0.262757E-02   0.586584E-02   0.300000E-03
 830  -0.302912E-04  -0.800537E-03   0.299840E-03   0.520573E-02   0.300000E-03
 831   0.302177E-04   0.114346E-02   0.313451E-03   0.570439E-02   0.200000E-03
 832  -0.117786E-03  -0.386531E-03   0.310586E-02   0.613490E-02   0.250000E-03
 833   0.366290E-04   0.147658E-03   0.328076E-02   0.665472E-02   0.300000E-03
 834  -0.388231E-03  -0.612013E-03   0.509110E-02   0.660441E-02   0.300000E-03
 835  -0.266503E-03   0.136094E-03   0.573660E-02   0.679032E-02   0.300000E-03
 836  -0.452434E-03  -0.446938E-04   0.755744E-02   0.737204E-02   0.350000E-03
 837  -0.619142E-03  -0.218556E-03   0.108201E-01   0.629742E-02   0.200000E-03
 838  -0.518741E-03  -0.784213E-05   0.117506E-01   0.729417E-02   0.350000E-03
 839  -0.376958E-03   0.123074E-03   0.125724E-01   0.709587E-02   0.400000E-03
 840  -0.586995E-03   0.365372E-04   0.141558E-01   0.786807E-02   0.300000E-03
 841  -0.462491E-03  -0.179292E-04   0.147384E-01   0.772799E-02   0.300000E-03
 842  -0.652079E-03  -0.318650E-03   0.170585E-01   0.744105E-02   0.300000E-03
 843  -0.938047E-03   0.666570E-04   0.185076E-01   0.782415E-02   0.250000E-03
 844  -0.222673E-03   0.359557E-03   0.198606E-01   0.834278E-02   0.300000E-03
 845  -0.695095E-03   0.464877E-03   0.208832E-01   0.812058E-02   0.350000E-03
 846   0.624467E-05  -0.380707E-04   0.219912E-01   0.749441E-02   0.250000E-03
 847  -0.331689E-03   0.412911E-03   0.232816E-01   0.708817E-02   0.300000E-03
 848  -0.257753E-03   0.119192E-03   0.245044E-01   0.688233E-02   0.400000E-03
 849  -0.166009E-03   0.170339E-03   0.254389E-01   0.623770E-02   0.350000E-03
 850   0.330629E-03   0.367058E-03   0.267476E-01   0.562458E-02   0.200000E-03
 851   0.347305E-03   0.365211E-03   0.266220E-01   0.610511E-02   0.300000E-03
 852  -0.352622E-03   0.181030E-03   0.299205E-01   0.582220E-02   0.150000E-03
 853  -0.145941E-02  -0.455960E-03   0.317050E-01   0.632052E-02   0.350000E-03
 854  -0.103240E-02  -0.133051E-03   0.327890E-01   0.681004E-02   0.350000E-03
 855  -0.950266E-03   0.490353E-04   0.331693E-01   0.626045E-02   0.300000E-03
 856  -0.938869E-03   0.184894E-03   0.341244E-01   0.599930E-02   0.400000E-03
 857  -0.110885E-02  -0.303029E-04   0.352159E-01   0.607626E-02   0.350000E-03
 858  -0.125074E-02  -0.485401E-03   0.365660E-01   0.655297E-02   0.300000E-03
 859  -0.181174E-02  -0.562326E-04   0.392856E-01   0.646701E-02   0.250000E-03
 860  -0.734962E-03  -0.677983E-04   0.402124E-01   0.578717E-02   0.300000E-03
 861  -0.160209E-02   0.199027E-03   0.415158E-01   0.557044E-02   0.350000E-03
 862  -0.158944E-02   0.408941E-03   0.409762E-01   0.497622E-02   0.250000E-03
 863  -0.153827E-02   0.841121E-04   0.432748E-01   0.513154E-02   0.450000E-03
 864  -0.118109E-02   0.382648E-03   0.445512E-01   0.604861E-02   0.450000E-03
 865   0.642851E-03  -0.711462E-03   0.137962E-02   0.505125E-02   0.350000E-03
 866   0.140371E-02   0.253520E-03   0.171165E-02   0.548450E-02   0.200000E-03
 867   0.306990E-04  -0.342201E-03   0.204622E-02   0.626530E-02   0.350000E-03
 868  -0.956365E-03   0.125068E-02   0.367538E-02   0.620352E-02   0.300000E-03
 869   0.201192E-04  -0.157649E-03   0.334802E-02   0.719799E-02   0.250000E-03
 870  -0.411833E-03   0.209796E-03   0.623506E-02   0.645724E-02   0.300000E-03
 871  -0.202975E-03   0.123540E-03   0.689823E-02   0.689625E-02   0.300000E-03
 872  -0.464668E-03   0.174540E-03   0.921440E-02   0.680963E-02   0.200000E-03
 873  -0.533349E-03  -0.517346E-04   0.102847E-01   0.700669E-02   0.300000E-03
 874  -0.399324E-03   0.165573E-03   0.117044E-01   0.797008E-02   0.300000E-03
 875  -0.387140E-03   0.147399E-03   0.122463E-01   0.771298E-02   0.300000E-03
 876  -0.571002E-03   0.396783E-04   0.136076E-01   0.762814E-02   0.300000E-03
 877  -0.477937E-03   0.131793E-03   0.146626E-01   0.832180E-02   0.300000E-03
 878  -0.202858E-03  -0.261562E-03   0.164139E-01   0.737136E-02   0.350000E-03
 879  -0.820356E-03  -0.448506E-03   0.175156E-01   0.774579E-02   0.250000E-03
 880  -0.798435E-03  -0.395891E-03   0.176851E-01   0.826779E-02   0.300000E-03
 881  -0.246917E-04   0.222904E-03   0.219773E-01   0.804375E-02   0.300000E-03
 882  -0.176307E-03   0.379040E-03   0.227375E-01   0.715810E-02   0.250000E-03
 883   0.580692E-03   0.265809E-05   0.229157E-01   0.660984E-02   0.150000E-03
 884  -0.143065E-04  -0.255249E-03   0.239923E-01   0.742922E-02   0.350000E-03
 885  -0.289257E-03   0.232345E-03   0.261052E-01   0.737740E-02   0.400000E-03
 886  -0.377713E-03   0.247824E-03   0.260359E-01   0.598448E-02   0.300000E-03
 887   0.930901E-03   0.392875E-03   0.285160E-01   0.661217E-02   0.350000E-03
 888  -0.431477E-03  -0.766545E-04   0.295586E-01   0.659227E-02   0.450000E-03
 889  -0.555104E-03   0.142599E-03   0.308970E-01   0.666706E-02   0.450000E-03
 890  -0.955405E-03  -0.128815E-03   0.322227E-01   0.661986E-02   0.250000E-03
 891  -0.735993E-03  -0.179411E-03   0.337340E-01   0.663779E-02   0.350000E-03
 892  -0.108950E-02  -0.529638E-05   0.346663E-01   0.658508E-02   0.400000E-03
 893  -0.157664E-02  -0.322913E-03   0.357671E-01   0.641831E-02   0.300000E-03
 894  -0.179508E-02  -0.119111E-03   0.385919E-01   0.677987E-02   0.250000E-03
 895  -0.179351E-02  -0.155038E-03   0.391021E-01   0.698497E-02   0.300000E-03
 896  -0.166225E-02   0.438733E-03   0.419108E-01   0.695109E-02   0.300000E-03
 897  -0.125771E-02   0.714818E-04   0.424652E-01   0.661045E-02   0.350000E-03
 898  -0.168873E-02  -0.701368E-04   0.426190E-01   0.461712E-02   0.200000E-03
 899  -0.129812E-02   0.143016E-03   0.424799E-01   0.519103E-02   0.350000E-03
 900  -0.128278E-02   0.339604E-03   0.438299E-01   0.570400E-02   0.350000E-03
 901   0.374657E-03   0.694673E-03   0.129191E-02   0.564177E-02   0.250000E-03
 902  -0.154865E-03   0.832384E-04   0.307253E-02   0.761467E-02   0.250000E-03
 903   0.413285E-04  -0.348892E-03   0.211637E-02   0.567048E-02   0.250000E-03
 904  -0.334350E-03  -0.212909E-03   0.275540E-02   0.710555E-02   0.350000E-03
 905   0.533279E-06   0.133113E-03   0.398559E-02   0.690941E-02   0.450000E-03
 906  -0.343655E-03   0.121045E-03   0.584967E-02   0.733361E-02   0.250000E-03
 907  -0.549498E-03  -0.691813E-04   0.554522E-02   0.632890E-02   0.200000E-03
 908  -0.483527E-03  -0.304963E-03   0.883692E-02   0.761851E-02   0.300000E-03
 909  -0.572869E-03  -0.261641E-03   0.934084E-02   0.729257E-02   0.300000E-03
 910  -0.483749E-03   0.485496E-06   0.101233E-01   0.804806E-02   0.300000E-03
 911  -0.578405E-03   0.447201E-04   0.112638E-01   0.764252E-02   0.250000E-03
 912  -0.454135E-03   0.144473E-03   0.151398E-01   0.859410E-02   0.250000E-03
 913  -0.486504E-03  -0.112759E-03   0.153333E-01   0.802631E-02   0.350000E-03
 914  -0.371167E-03   0.234299E-03   0.161381E-01   0.812076E-02   0.450000E-03
 915  -0.899013E-03  -0.415714E-03   0.169974E-01   0.813796E-02   0.400000E-03
 916  -0.477890E-03   0.242572E-03   0.204153E-01   0.856950E-02   0.300000E-03
 917  -0.766703E-03   0.426196E-03   0.200008E-01   0.900189E-02   0.300000E-03
 918  -0.331343E-04  -0.677375E-04   0.225447E-01   0.772517E-02   0.350000E-03
 919  -0.358129E-03   0.525850E-03   0.232453E-01   0.773675E-02   0.350000E-03
 920   0.327919E-04   0.701703E-03   0.248272E-01   0.640061E-02   0.150000E-03
 921  -0.523709E-03   0.211798E-03   0.234179E-01   0.846288E-02   0.350000E-03
 922  -0.341601E-03  -0.113785E-03   0.260158E-01   0.663307E-02   0.350000E-03
 923   0.256544E-04  -0.936616E-04   0.278981E-01   0.628667E-02   0.350000E-03
 924   0.153565E-03  -0.744135E-03   0.289681E-01   0.727128E-02   0.450000E-03
 925  -0.625341E-03  -0.132582E-03   0.310935E-01   0.744208E-02   0.350000E-03
 926  -0.608362E-03  -0.131676E-03   0.315877E-01   0.695871E-02   0.300000E-03
 927  -0.823957E-03  -0.199661E-04   0.336464E-01   0.719809E-02   0.200000E-03
 928  -0.879980E-03   0.625529E-03   0.341744E-01   0.649601E-02   0.100000E-03
 929  -0.153094E-02  -0.149527E-03   0.372310E-01   0.668709E-02   0.350000E-03
 930  -0.166445E-02  -0.190242E-03   0.412150E-01   0.663343E-02   0.300000E-03
 931  -0.138577E-02   0.647504E-05   0.411857E-01   0.606769E-02   0.250000E-03
 932  -0.167316E-02  -0.108086E-03   0.397371E-01   0.668135E-02   0.250000E-03
 933  -0.175102E-02  -0.162447E-03   0.418060E-01   0.625938E-02   0.400000E-03
 934  -0.166744E-02   0.512112E-03   0.412452E-01   0.468113E-02   0.150000E-03
 935  -0.145149E-02   0.675556E-05   0.417994E-01   0.488332E-02   0.400000E-03
 936  -0.111237E-02   0.177741E-03   0.433631E-01   0.615578E-02   0.300000E-03
 937  -0.818436E-03  -0.122119E-03   0.103954E-02   0.715297E-02   0.350000E-03
 938   0.226663E-04   0.724340E-03   0.298547E-03   0.620332E-02   0.300000E-03
 939   0.113018E-03   0.368950E-05   0.369650E-02   0.768394E-02   0.350000E-03
 940  -0.478126E-03   0.107991E-02   0.788701E-03   0.585914E-02   0.300000E-03
 941   0.176878E-03  -0.559247E-03   0.167284E-02   0.685635E-02   0.350000E-03
 942  -0.470149E-04   0.294626E-05   0.454596E-02   0.769129E-02   0.500000E-03
 943  -0.253140E-03   0.121173E-03   0.525976E-02   0.723135E-02   0.350000E-03
 944  -0.434324E-03   0.176623E-03   0.631885E-02   0.704953E-02   0.300000E-03
 945  -0.580661E-03   0.552623E-04   0.108398E-01   0.729481E-02   0.300000E-03
 946  -0.725348E-03  -0.369303E-03   0.986083E-02   0.746922E-02   0.250000E-03
 947  -0.587811E-03   0.480124E-04   0.129463E-01   0.797945E-02   0.450000E-03
 948  -0.682605E-03   0.157450E-03   0.125662E-01   0.856643E-02   0.250000E-03
 949  -0.891830E-03   0.864688E-03   0.156769E-01   0.871111E-02   0.300000E-03
 950  -0.480728E-03   0.140428E-03   0.140018E-01   0.855090E-02   0.400000E-03
 951  -0.833539E-03  -0.513293E-03   0.165980E-01   0.871265E-02   0.300000E-03
 952  -0.524534E-03  -0.617806E-03   0.182340E-01   0.824171E-02   0.250000E-03
 953  -0.679411E-03   0.516164E-03   0.210985E-01   0.868013E-02   0.250000E-03
 954  -0.268597E-04   0.194058E-03   0.225759E-01   0.857400E-02   0.500000E-03
 955   0.110317E-03  -0.643770E-03   0.237905E-01   0.799340E-02   0.250000E-03
 956  -0.431894E-03  -0.268002E-04   0.255601E-01   0.702220E-02   0.250000E-03
 957   0.271034E-03  -0.581534E-03   0.269734E-01   0.748179E-02   0.350000E-03
 958   0.362855E-03  -0.394507E-03   0.266815E-01   0.684591E-02   0.350000E-03
 959   0.463666E-03  -0.463322E-03   0.272064E-01   0.638320E-02   0.350000E-03
 960  -0.380995E-03   0.397971E-05   0.302198E-01   0.684253E-02   0.250000E-03
 961  -0.970226E-03  -0.534553E-04   0.321442E-01   0.796407E-02   0.400000E-03
 962  -0.602925E-03  -0.130609E-03   0.316904E-01   0.749821E-02   0.250000E-03
 963  -0.863004E-03  -0.621760E-04   0.333096E-01   0.698310E-02   0.200000E-03
 964  -0.165363E-02  -0.235937E-03   0.353242E-01   0.682156E-02   0.300000E-03
 965  -0.156547E-02  -0.260031E-03   0.361050E-01   0.685172E-02   0.250000E-03
 966  -0.104318E-02   0.383663E-03   0.367170E-01   0.723531E-02   0.400000E-03
 967  -0.161744E-02   0.903572E-04   0.406448E-01   0.632274E-02   0.350000E-03
 968  -0.188236E-02   0.653736E-04   0.401559E-01   0.623642E-02   0.150000E-03
 969   0.125697E-02   0.104592E-02   0.447502E-01   0.711494E-02   0.250000E-03
 970  -0.109323E-02   0.231874E-03   0.442484E-01   0.678699E-02   0.350000E-03
 971  -0.126557E-02   0.110873E-03   0.427108E-01   0.590254E-02   0.400000E-03
 972  -0.109273E-02   0.228747E-03   0.436523E-01   0.673329E-02   0.250000E-03
 973  -0.362396E-03  -0.237586E-03   0.839630E-03   0.531197E-02   0.250000E-03
 974   0.543827E-04  -0.952218E-04   0.399770E-02   0.820265E-02   0.250000E-03
 975   0.283361E-03  -0.325137E-03   0.134698E-02   0.623723E-02   0.350000E-03
 976  -0.674981E-03   0.221707E-03   0.781514E-03   0.655680E-02   0.300000E-03
 977  -0.286189E-03  -0.107422E-03   0.728476E-02   0.790565E-02   0.250000E-03
 978  -0.225546E-03  -0.892709E-04   0.691930E-02   0.749518E-02   0.300000E-03
 979  -0.470197E-03  -0.438577E-04   0.637879E-02   0.759527E-02   0.250000E-03
 980  -0.711716E-03  -0.241207E-03   0.816453E-02   0.781043E-02   0.400000E-03
 981  -0.517093E-03   0.375689E-04   0.103538E-01   0.754992E-02   0.250000E-03
 982  -0.192521E-03  -0.393273E-04   0.937886E-02   0.813611E-02   0.450000E-03
 983  -0.363058E-03  -0.247494E-03   0.121732E-01   0.825761E-02   0.250000E-03
 984  -0.527724E-03   0.137313E-04   0.107697E-01   0.798121E-02   0.350000E-03
 985  -0.574237E-03   0.544625E-04   0.135792E-01   0.812593E-02   0.200000E-03
 986   0.142110E-04  -0.252397E-03   0.190068E-01   0.921915E-02   0.300000E-03
 987  -0.287855E-03  -0.346309E-03   0.186346E-01   0.868688E-02   0.350000E-03
 988  -0.519483E-03   0.655427E-03   0.194453E-01   0.877437E-02   0.300000E-03
 989  -0.583870E-03   0.295339E-03   0.195484E-01   0.931373E-02   0.250000E-03
 990  -0.649685E-03   0.473512E-03   0.214683E-01   0.825116E-02   0.250000E-03
 991  -0.624933E-06  -0.245908E-03   0.246113E-01   0.775406E-02   0.350000E-03
 992  -0.153099E-03  -0.941001E-04   0.250728E-01   0.729764E-02   0.300000E-03
 993  -0.188404E-03   0.126663E-03   0.251399E-01   0.675213E-02   0.250000E-03
 994   0.410045E-03  -0.792369E-03   0.272930E-01   0.697483E-02   0.250000E-03
 995  -0.427071E-03  -0.188255E-03   0.279337E-01   0.708229E-02   0.400000E-03
 996  -0.461410E-03  -0.189558E-03   0.304519E-01   0.733969E-02   0.300000E-03
 997  -0.387009E-03   0.413290E-05   0.298832E-01   0.721209E-02   0.250000E-03
 998  -0.951777E-03  -0.110439E-03   0.322208E-01   0.721859E-02   0.350000E-03
 999  -0.935284E-03   0.821209E-04   0.330500E-01   0.734979E-02   0.250000E-03
1000  -0.110530E-02  -0.319851E-05   0.341950E-01   0.716609E-02   0.350000E-03
