   1  -0.701418E-03   0.231639E-03   0.112762E-01   0.846197E-02   0.350000E-03
   2   0.170470E-03  -0.138123E-02   0.148911E-03   0.149763E-03   0.150000E-03
   3   0.356651E-02  -0.356406E-02   0.459164E-02   0.447925E-03   0.450000E-03
   4   0.134255E-02   0.869880E-03   0.575093E-02   0.538656E-03   0.200000E-03
   5  -0.381677E-02  -0.110711E-03   0.582592E-02   0.100337E-03   0.100000E-03
   6  -0.457820E-03  -0.168272E-02   0.751194E-02   0.248821E-03   0.250000E-03
   7  -0.114829E-02  -0.263337E-02   0.814309E-02   0.398372E-03   0.400000E-03
   8  -0.155266E-02  -0.142857E-02   0.888976E-02   0.349067E-03   0.350000E-03
   9  -0.594432E-03  -0.874545E-03   0.934122E-02   0.554910E-03   0.150000E-03
  10  -0.221044E-02  -0.140742E-02   0.118150E-01   0.292861E-03   0.300000E-03
  11   0.690247E-03   0.259608E-03   0.130579E-01   0.348573E-03   0.350000E-03
  12   0.751869E-03  -0.254734E-03   0.147915E-01   0.195159E-03   0.200000E-03
  13   0.171255E-03   0.366542E-04   0.169417E-01   0.345810E-03   0.350000E-03
  14   0.168730E-02  -0.140471E-03   0.176402E-01   0.348308E-03   0.350000E-03
  15  -0.113982E-03   0.531939E-03   0.188559E-01   0.407834E-03   0.400000E-03
  16   0.199180E-02   0.122720E-02   0.196000E-01   0.346097E-03   0.350000E-03
  17   0.807911E-03  -0.154474E-02   0.205133E-01   0.339302E-03   0.350000E-03
  18   0.765153E-03   0.548687E-04   0.219726E-01   0.349174E-03   0.350000E-03
  19   0.107116E-02   0.424106E-03   0.225626E-01   0.244731E-03   0.250000E-03
  20  -0.606073E-03   0.238149E-03   0.230621E-01   0.247188E-03   0.250000E-03
  21   0.161949E-02   0.107285E-02   0.244852E-01   0.249819E-03   0.250000E-03
  22  -0.116424E-03  -0.841641E-04   0.257273E-01   0.200020E-03   0.200000E-03
  23   0.359743E-03   0.269683E-03   0.267575E-01   0.991597E-04   0.100000E-03
  24  -0.599015E-03  -0.702429E-03   0.282204E-01   0.397444E-03   0.400000E-03
  25   0.102560E-02  -0.232243E-02   0.297881E-01   0.410759E-03   0.400000E-03
  26   0.224546E-03  -0.656870E-03   0.305293E-01   0.333312E-03   0.350000E-03
  27  -0.716268E-03  -0.250541E-02   0.318676E-01   0.297491E-03   0.300000E-03
  28  -0.633413E-03  -0.204849E-02   0.333231E-01   0.348485E-03   0.300000E-03
  29   0.182774E-02  -0.176031E-02   0.355500E-01   0.444429E-03   0.450000E-03
  30   0.169747E-02  -0.527836E-03   0.374086E-01   0.347736E-03   0.350000E-03
  31   0.144644E-02  -0.751253E-03   0.379989E-01   0.248935E-03   0.250000E-03
  32   0.153607E-02  -0.518220E-03   0.401262E-01   0.197250E-03   0.200000E-03
  33  -0.103471E-02   0.507924E-04   0.410161E-01   0.194465E-03   0.200000E-03
  34   0.534714E-03  -0.161189E-02   0.446056E-01   0.879650E-03   0.400000E-03
  35   0.490052E-03   0.221381E-02   0.446528E-01   0.192449E-02   0.350000E-03
  36   0.408070E-03  -0.687158E-04   0.864793E-02   0.831465E-02   0.300000E-03
  37   0.189584E-03   0.133129E-02   0.247707E-03   0.177075E-02   0.250000E-03
  38  -0.886789E-03   0.119835E-02   0.781734E-03   0.717963E-03   0.300000E-03
  39   0.132914E-02  -0.156972E-02   0.269561E-02   0.399069E-03   0.400000E-03
  40  -0.432879E-03  -0.303172E-03   0.618652E-02   0.299115E-03   0.300000E-03
  41   0.105932E-02  -0.624841E-03   0.687910E-02   0.391168E-03   0.400000E-03
  42  -0.158126E-02   0.278204E-04   0.730371E-02   0.100155E-02   0.350000E-03
  43   0.242864E-02  -0.122202E-02   0.860922E-02   0.935265E-03   0.300000E-03
  44   0.314267E-03   0.368354E-03   0.939121E-02   0.949814E-03   0.250000E-03
  45   0.722423E-03  -0.305722E-04   0.998532E-02   0.495974E-03   0.500000E-03
  46  -0.335612E-03   0.752715E-03   0.107831E-01   0.300036E-03   0.300000E-03
  47   0.122633E-02   0.812869E-04   0.152864E-01   0.149978E-03   0.150000E-03
  48  -0.154993E-03   0.178886E-02   0.158450E-01   0.447209E-03   0.450000E-03
  49  -0.147917E-02   0.116316E-02   0.165090E-01   0.887084E-03   0.350000E-03
  50   0.191442E-04   0.490842E-03   0.182299E-01   0.245814E-03   0.250000E-03
  51   0.154004E-02   0.162186E-02   0.193253E-01   0.871856E-03   0.250000E-03
  52   0.186930E-02   0.600907E-03   0.200552E-01   0.147368E-03   0.150000E-03
  53   0.242891E-02  -0.233179E-02   0.205157E-01   0.101467E-02   0.200000E-03
  54   0.750802E-03  -0.105662E-02   0.211618E-01   0.298152E-03   0.300000E-03
  55   0.301744E-03   0.321326E-03   0.233996E-01   0.999088E-04   0.100000E-03
  56   0.621617E-03   0.128228E-02   0.238522E-01   0.396386E-03   0.400000E-03
  57   0.448495E-03   0.507748E-03   0.245213E-01   0.919484E-03   0.400000E-03
  58   0.528963E-03   0.729500E-03   0.251185E-01   0.395518E-03   0.400000E-03
  59  -0.142995E-02  -0.368495E-03   0.270376E-01   0.204189E-03   0.200000E-03
  60  -0.427198E-03  -0.294677E-03   0.275285E-01   0.295979E-03   0.300000E-03
  61  -0.324619E-03  -0.166163E-02   0.291023E-01   0.294197E-03   0.300000E-03
  62   0.170404E-02  -0.180939E-02   0.312243E-01   0.347906E-03   0.350000E-03
  63  -0.521987E-03  -0.955397E-03   0.328552E-01   0.196905E-03   0.200000E-03
  64   0.391948E-03  -0.457414E-03   0.347588E-01   0.346178E-03   0.350000E-03
  65   0.551958E-03  -0.970489E-03   0.363266E-01   0.613444E-03   0.350000E-03
  66  -0.134006E-04  -0.863614E-03   0.364428E-01   0.138307E-03   0.150000E-03
  67   0.149458E-02  -0.323028E-03   0.391434E-01   0.299257E-03   0.300000E-03
  68   0.742440E-03  -0.180704E-02   0.423046E-01   0.200187E-03   0.200000E-03
  69  -0.404339E-04  -0.170613E-02   0.438628E-01   0.825822E-03   0.350000E-03
  70  -0.285086E-04  -0.116880E-02   0.423995E-01   0.720676E-02   0.250000E-03
  71   0.149205E-04  -0.854741E-03   0.447024E-01   0.496140E-02   0.300000E-03
  72   0.748268E-03  -0.307955E-02   0.447504E-01   0.248145E-03   0.250000E-03
  73   0.859647E-03   0.940534E-04   0.256448E-02   0.793651E-02   0.350000E-03
  74   0.113892E-02  -0.562892E-03   0.120779E-02   0.298381E-03   0.300000E-03
  75   0.149131E-03  -0.948869E-03   0.392625E-02   0.247987E-03   0.250000E-03
  76   0.711981E-03  -0.121415E-02   0.522923E-02   0.923408E-03   0.350000E-03
  77   0.454140E-03  -0.204922E-03   0.647862E-02   0.823216E-03   0.200000E-03
  78   0.577290E-03  -0.620486E-03   0.665944E-02   0.134084E-02   0.350000E-03
  79   0.208525E-03  -0.286351E-03   0.798853E-02   0.113020E-02   0.350000E-03
  80  -0.468626E-03  -0.172829E-03   0.904597E-02   0.130638E-02   0.250000E-03
  81   0.426350E-03  -0.595657E-03   0.106935E-01   0.954429E-03   0.350000E-03
  82   0.293960E-03  -0.217454E-03   0.132967E-01   0.951165E-03   0.300000E-03
  83  -0.537107E-03  -0.401484E-03   0.137562E-01   0.346229E-03   0.350000E-03
  84   0.406535E-03  -0.227254E-03   0.143461E-01   0.243907E-03   0.250000E-03
  85   0.209426E-02  -0.563994E-03   0.154358E-01   0.100979E-02   0.250000E-03
  86   0.146792E-02   0.174146E-02   0.172882E-01   0.106491E-02   0.450000E-03
  87   0.365215E-03   0.223156E-02   0.188647E-01   0.105721E-02   0.250000E-03
  88  -0.267701E-03  -0.801030E-03   0.200628E-01   0.801850E-03   0.300000E-03
  89  -0.266980E-03  -0.161519E-03   0.203106E-01   0.160412E-02   0.400000E-03
  90   0.820904E-03  -0.278220E-03   0.214921E-01   0.855306E-03   0.350000E-03
  91   0.491143E-03   0.863472E-05   0.225934E-01   0.738978E-03   0.250000E-03
  92  -0.105453E-02   0.161083E-03   0.231842E-01   0.831915E-03   0.350000E-03
  93   0.478433E-03   0.856870E-03   0.238085E-01   0.114155E-02   0.350000E-03
  94   0.682224E-03   0.419258E-03   0.252385E-01   0.113447E-02   0.350000E-03
  95  -0.618069E-03   0.558688E-03   0.273586E-01   0.919281E-03   0.350000E-03
  96  -0.609037E-03   0.321755E-03   0.280595E-01   0.117932E-02   0.400000E-03
  97  -0.222699E-05   0.401161E-04   0.294644E-01   0.972916E-03   0.250000E-03
  98   0.121624E-02  -0.135724E-02   0.303062E-01   0.108437E-02   0.450000E-03
  99   0.124308E-02  -0.202180E-02   0.324113E-01   0.246539E-03   0.250000E-03
 100  -0.129011E-03  -0.305391E-02   0.327300E-01   0.626199E-03   0.250000E-03
 101   0.106028E-02   0.797089E-03   0.349682E-01   0.106276E-02   0.400000E-03
 102   0.175391E-03  -0.410937E-03   0.368176E-01   0.269590E-03   0.250000E-03
 103   0.225094E-02   0.744983E-03   0.376464E-01   0.895659E-03   0.250000E-03
 104   0.252656E-02  -0.279701E-04   0.385459E-01   0.296997E-03   0.300000E-03
 105   0.759368E-03   0.165655E-04   0.405711E-01   0.243779E-03   0.250000E-03
 106   0.733954E-03  -0.234058E-02   0.431921E-01   0.297302E-03   0.300000E-03
 107  -0.511540E-03  -0.902974E-03   0.440816E-01   0.746664E-02   0.350000E-03
 108   0.999997E-03  -0.102127E-02   0.349374E-01   0.746436E-02   0.450000E-03
 109   0.516650E-03  -0.379577E-03   0.242813E-03   0.634331E-03   0.250000E-03
 110   0.133380E-03  -0.646200E-03   0.538073E-03   0.236877E-03   0.250000E-03
 111   0.157854E-03  -0.122396E-02   0.189924E-02   0.397999E-03   0.400000E-03
 112   0.105990E-02  -0.499601E-03   0.323167E-02   0.923432E-03   0.350000E-03
 113   0.804880E-03  -0.535305E-03   0.595185E-02   0.109995E-02   0.400000E-03
 114  -0.824874E-04  -0.377953E-03   0.717126E-02   0.153276E-02   0.200000E-03
 115  -0.596516E-03  -0.109108E-03   0.851610E-02   0.157898E-02   0.350000E-03
 116   0.550552E-03   0.475172E-03   0.985141E-02   0.133392E-02   0.350000E-03
 117   0.747988E-03  -0.122374E-02   0.113558E-01   0.737799E-03   0.350000E-03
 118  -0.430598E-03  -0.528273E-03   0.124123E-01   0.296209E-03   0.300000E-03
 119   0.532255E-03  -0.260966E-03   0.142757E-01   0.783335E-03   0.300000E-03
 120   0.144775E-02  -0.239680E-03   0.151067E-01   0.575803E-03   0.300000E-03
 121   0.116062E-03   0.307007E-02   0.167283E-01   0.138729E-02   0.200000E-03
 122  -0.620429E-03   0.219444E-02   0.181768E-01   0.940262E-03   0.450000E-03
 123   0.232278E-04   0.235590E-02   0.186079E-01   0.142159E-02   0.200000E-03
 124  -0.142349E-03  -0.305255E-03   0.196966E-01   0.127437E-02   0.300000E-03
 125  -0.431829E-03  -0.115016E-02   0.209001E-01   0.780830E-03   0.250000E-03
 126   0.505378E-03  -0.379235E-04   0.209478E-01   0.132355E-02   0.300000E-03
 127   0.159391E-03  -0.582037E-03   0.227273E-01   0.121795E-02   0.250000E-03
 128   0.673665E-03   0.102364E-03   0.230741E-01   0.164139E-02   0.300000E-03
 129   0.313485E-03  -0.213485E-04   0.236201E-01   0.170011E-02   0.250000E-03
 130   0.620509E-03   0.559684E-03   0.257351E-01   0.716080E-03   0.300000E-03
 131  -0.380053E-03   0.100757E-02   0.263549E-01   0.395059E-03   0.400000E-03
 132   0.729177E-03  -0.862051E-03   0.275242E-01   0.144861E-02   0.200000E-03
 133  -0.462088E-03  -0.665838E-03   0.288163E-01   0.926746E-03   0.400000E-03
 134   0.174281E-02  -0.138073E-02   0.311979E-01   0.109476E-02   0.400000E-03
 135  -0.389627E-03  -0.118291E-02   0.320434E-01   0.102380E-02   0.450000E-03
 136  -0.164090E-03  -0.955412E-03   0.340143E-01   0.398546E-03   0.400000E-03
 137   0.847870E-03   0.465081E-04   0.372269E-01   0.759347E-03   0.100000E-03
 138   0.178627E-02   0.719416E-03   0.373967E-01   0.132514E-02   0.250000E-03
 139   0.201883E-02   0.111984E-02   0.381796E-01   0.767596E-03   0.300000E-03
 140   0.231844E-02  -0.843182E-03   0.396877E-01   0.273750E-03   0.250000E-03
 141   0.170669E-02  -0.106070E-02   0.414615E-01   0.249351E-03   0.250000E-03
 142   0.231118E-02  -0.137429E-02   0.419066E-01   0.197094E-03   0.200000E-03
 143  -0.429277E-03  -0.149623E-03   0.438987E-01   0.629961E-02   0.250000E-03
 144   0.138608E-02   0.733199E-03   0.295974E-01   0.768240E-02   0.300000E-03
 145   0.458572E-03   0.951156E-03   0.294337E-03   0.331606E-02   0.300000E-03
 146  -0.522624E-04   0.769241E-03   0.668692E-03   0.135283E-02   0.350000E-03
 147  -0.464603E-03   0.766708E-03   0.408064E-02   0.849622E-03   0.200000E-03
 148   0.806800E-03  -0.603361E-03   0.532318E-02   0.288727E-03   0.300000E-03
 149  -0.315835E-04  -0.504409E-03   0.611964E-02   0.192972E-02   0.450000E-03
 150   0.333223E-03  -0.808683E-04   0.756463E-02   0.147970E-02   0.200000E-03
 151   0.719827E-04   0.616385E-03   0.937965E-02   0.160588E-02   0.200000E-03
 152  -0.305918E-03   0.248009E-03   0.103910E-01   0.140831E-02   0.200000E-03
 153   0.101614E-02   0.233169E-03   0.111980E-01   0.136269E-02   0.300000E-03
 154  -0.554022E-03   0.557543E-03   0.125991E-01   0.967472E-03   0.400000E-03
 155  -0.335699E-03   0.111732E-03   0.137886E-01   0.887270E-03   0.200000E-03
 156   0.601575E-03  -0.674242E-03   0.148229E-01   0.121559E-02   0.400000E-03
 157   0.140395E-02  -0.153124E-02   0.159569E-01   0.139067E-02   0.400000E-03
 158   0.894160E-03   0.387812E-03   0.174120E-01   0.185156E-02   0.350000E-03
 159   0.474966E-04   0.993856E-03   0.177999E-01   0.146623E-02   0.200000E-03
 160   0.636755E-03   0.134595E-02   0.182148E-01   0.163897E-02   0.250000E-03
 161  -0.423934E-05   0.335072E-04   0.196430E-01   0.181699E-02   0.250000E-03
 162   0.140776E-03  -0.248933E-03   0.209590E-01   0.181968E-02   0.200000E-03
 163   0.620268E-03  -0.273576E-03   0.221357E-01   0.112225E-02   0.350000E-03
 164   0.149324E-02  -0.344655E-03   0.227584E-01   0.219243E-02   0.300000E-03
 165   0.591140E-03   0.536798E-03   0.248346E-01   0.157719E-02   0.250000E-03
 166   0.399779E-03   0.275325E-03   0.256589E-01   0.155673E-02   0.250000E-03
 167  -0.514520E-03   0.613793E-03   0.266423E-01   0.113229E-02   0.400000E-03
 168  -0.189435E-03  -0.782034E-03   0.286105E-01   0.153846E-02   0.250000E-03
 169   0.576993E-03  -0.874509E-03   0.302161E-01   0.171335E-02   0.200000E-03
 170   0.110955E-02  -0.743253E-03   0.308078E-01   0.178972E-02   0.400000E-03
 171  -0.729709E-03   0.251521E-03   0.335357E-01   0.907275E-03   0.300000E-03
 172   0.227991E-03   0.623065E-03   0.341788E-01   0.118010E-02   0.400000E-03
 173   0.135455E-02   0.807661E-03   0.356550E-01   0.118251E-02   0.300000E-03
 174   0.168789E-02   0.405175E-03   0.368747E-01   0.103959E-02   0.350000E-03
 175   0.125929E-02   0.846737E-03   0.390152E-01   0.884446E-03   0.300000E-03
 176   0.139718E-02   0.856542E-03   0.400806E-01   0.986495E-03   0.200000E-03
 177   0.685711E-03  -0.125497E-03   0.406102E-01   0.785484E-03   0.300000E-03
 178  -0.348716E-03   0.335487E-03   0.444030E-01   0.143945E-02   0.200000E-03
 179   0.122208E-02  -0.214572E-02   0.427036E-01   0.196952E-03   0.200000E-03
 180  -0.470603E-04  -0.914734E-03   0.400395E-01   0.752483E-02   0.300000E-03
 181   0.277194E-03   0.205070E-03   0.197377E-03   0.108045E-02   0.200000E-03
 182   0.756110E-03   0.324649E-03   0.140669E-02   0.214025E-02   0.200000E-03
 183   0.706855E-03  -0.440681E-03   0.338323E-02   0.295448E-03   0.300000E-03
 184   0.739361E-03  -0.760734E-03   0.539315E-02   0.159652E-02   0.350000E-03
 185   0.504756E-03  -0.451455E-03   0.625000E-02   0.260987E-02   0.250000E-03
 186   0.344255E-03  -0.791646E-03   0.679830E-02   0.187141E-02   0.200000E-03
 187  -0.258025E-03  -0.564947E-03   0.791826E-02   0.182352E-02   0.300000E-03
 188   0.494634E-03  -0.440992E-03   0.963395E-02   0.198243E-02   0.250000E-03
 189  -0.379842E-03   0.148611E-03   0.117312E-01   0.125002E-02   0.250000E-03
 190  -0.662799E-03   0.603037E-03   0.119694E-01   0.816978E-03   0.250000E-03
 191  -0.125565E-03   0.346472E-03   0.140146E-01   0.126619E-02   0.250000E-03
 192  -0.390632E-03   0.804621E-03   0.143224E-01   0.183330E-02   0.400000E-03
 193   0.151654E-03   0.808872E-03   0.153288E-01   0.169925E-02   0.300000E-03
 194   0.151465E-02  -0.179995E-03   0.165248E-01   0.194594E-02   0.400000E-03
 195   0.880972E-03   0.903821E-03   0.179690E-01   0.207383E-02   0.250000E-03
 196  -0.296350E-03   0.912929E-04   0.191536E-01   0.152473E-02   0.300000E-03
 197  -0.145260E-03  -0.784007E-04   0.200100E-01   0.229052E-02   0.350000E-03
 198  -0.127872E-03  -0.237751E-04   0.206549E-01   0.221302E-02   0.300000E-03
 199   0.963512E-03   0.186946E-03   0.215164E-01   0.150253E-02   0.300000E-03
 200  -0.961494E-04  -0.238138E-03   0.222609E-01   0.216121E-02   0.200000E-03
 201   0.310193E-03   0.520212E-03   0.242877E-01   0.157837E-02   0.300000E-03
 202   0.357940E-03   0.619298E-03   0.259984E-01   0.119756E-02   0.250000E-03
 203  -0.203824E-03  -0.746231E-03   0.266019E-01   0.182586E-02   0.300000E-03
 204  -0.118176E-02  -0.429891E-03   0.270983E-01   0.159176E-02   0.250000E-03
 205   0.312048E-04  -0.721054E-03   0.296321E-01   0.159982E-02   0.400000E-03
 206  -0.433315E-03  -0.739020E-03   0.322658E-01   0.179030E-02   0.350000E-03
 207   0.751214E-03  -0.592465E-03   0.328982E-01   0.129950E-02   0.450000E-03
 208   0.110004E-02  -0.288714E-03   0.336088E-01   0.166530E-02   0.350000E-03
 209   0.576894E-04   0.571292E-03   0.362490E-01   0.125439E-02   0.300000E-03
 210   0.138314E-02   0.123691E-02   0.366489E-01   0.153930E-02   0.200000E-03
 211   0.150238E-02   0.918661E-03   0.370637E-01   0.169514E-02   0.250000E-03
 212   0.126023E-02   0.989188E-03   0.400543E-01   0.588960E-03   0.200000E-03
 213   0.670787E-03  -0.107574E-03   0.411323E-01   0.624029E-03   0.250000E-03
 214   0.210666E-02  -0.898408E-03   0.420852E-01   0.551450E-03   0.200000E-03
 215  -0.228254E-02   0.260371E-03   0.443404E-01   0.149699E-03   0.150000E-03
 216  -0.171036E-03  -0.326817E-03   0.217222E-01   0.886012E-02   0.400000E-03
 217   0.296269E-03   0.514007E-03   0.146214E-01   0.897024E-02   0.350000E-03
 218   0.482878E-03   0.320983E-03   0.871836E-03   0.201936E-02   0.350000E-03
 219   0.128825E-03  -0.940646E-04   0.373186E-02   0.653739E-03   0.200000E-03
 220   0.249066E-03  -0.305448E-03   0.458289E-02   0.129570E-02   0.400000E-03
 221   0.693489E-03   0.339624E-03   0.532668E-02   0.218420E-02   0.250000E-03
 222   0.395624E-05  -0.680991E-03   0.731483E-02   0.205962E-02   0.350000E-03
 223   0.468746E-03   0.145740E-03   0.903998E-02   0.203214E-02   0.350000E-03
 224  -0.111808E-03  -0.326194E-03   0.102283E-01   0.193119E-02   0.350000E-03
 225   0.258653E-03   0.568444E-03   0.107501E-01   0.157461E-02   0.200000E-03
 226  -0.451194E-03   0.797846E-04   0.121974E-01   0.153785E-02   0.300000E-03
 227   0.905536E-04   0.517961E-03   0.130439E-01   0.143671E-02   0.250000E-03
 228   0.518595E-03   0.756119E-03   0.148832E-01   0.176157E-02   0.150000E-03
 229   0.646388E-03  -0.205946E-03   0.158834E-01   0.203409E-02   0.250000E-03
 230   0.709151E-03  -0.255635E-03   0.175659E-01   0.248120E-02   0.300000E-03
 231   0.247558E-04  -0.391489E-03   0.183848E-01   0.229357E-02   0.200000E-03
 232  -0.493973E-03  -0.543629E-04   0.186944E-01   0.190799E-02   0.300000E-03
 233  -0.345279E-03   0.250289E-03   0.192490E-01   0.233175E-02   0.400000E-03
 234   0.415097E-04  -0.335725E-03   0.213690E-01   0.210206E-02   0.300000E-03
 235   0.615307E-03  -0.783497E-03   0.224481E-01   0.168704E-02   0.300000E-03
 236   0.229817E-03  -0.310627E-03   0.233528E-01   0.217035E-02   0.300000E-03
 237   0.511599E-03  -0.166580E-03   0.240010E-01   0.216019E-02   0.350000E-03
 238   0.211675E-03   0.387264E-03   0.252511E-01   0.174059E-02   0.200000E-03
 239  -0.109561E-03  -0.110489E-03   0.267687E-01   0.234691E-02   0.250000E-03
 240  -0.794380E-03  -0.655652E-03   0.290521E-01   0.147456E-02   0.200000E-03
 241   0.629520E-03  -0.277319E-03   0.302165E-01   0.224827E-02   0.350000E-03
 242   0.176070E-02  -0.481184E-03   0.315669E-01   0.174748E-02   0.350000E-03
 243   0.124203E-02  -0.987115E-04   0.329845E-01   0.224148E-02   0.500000E-03
 244  -0.140795E-04  -0.223120E-03   0.354542E-01   0.197682E-02   0.200000E-03
 245   0.104759E-02   0.323476E-03   0.349323E-01   0.180915E-02   0.350000E-03
 246   0.157521E-02   0.726511E-03   0.365868E-01   0.213154E-02   0.400000E-03
 247   0.155470E-02   0.669138E-03   0.379904E-01   0.138821E-02   0.350000E-03
 248   0.124374E-02   0.878469E-03   0.396106E-01   0.817951E-03   0.300000E-03
 249   0.869631E-03  -0.142159E-03   0.416507E-01   0.789998E-03   0.300000E-03
 250  -0.141186E-03  -0.234258E-02   0.437388E-01   0.244563E-03   0.250000E-03
 251   0.678213E-03  -0.887126E-03   0.446043E-01   0.298675E-02   0.400000E-03
 252   0.191509E-03  -0.496345E-03   0.337816E-01   0.773076E-02   0.350000E-03
 253   0.519637E-03  -0.142969E-05   0.211815E-02   0.739735E-02   0.350000E-03
 254   0.421355E-03  -0.116759E-02   0.138840E-02   0.938553E-03   0.350000E-03
 255   0.478461E-03   0.129162E-03   0.230013E-02   0.972063E-03   0.300000E-03
 256   0.489731E-03   0.509338E-03   0.483078E-02   0.194732E-02   0.300000E-03
 257   0.251233E-03  -0.108733E-03   0.674227E-02   0.236704E-02   0.300000E-03
 258   0.477921E-03   0.182593E-03   0.838544E-02   0.227079E-02   0.350000E-03
 259   0.591690E-03   0.631501E-04   0.902981E-02   0.282906E-02   0.450000E-03
 260   0.400298E-03  -0.483694E-04   0.986594E-02   0.258738E-02   0.400000E-03
 261  -0.337832E-03   0.765092E-04   0.116570E-01   0.179141E-02   0.300000E-03
 262   0.365492E-03   0.676618E-03   0.121603E-01   0.219861E-02   0.350000E-03
 263  -0.159569E-03   0.667353E-03   0.135882E-01   0.168608E-02   0.350000E-03
 264   0.383944E-03   0.112422E-02   0.149058E-01   0.221033E-02   0.300000E-03
 265   0.788928E-03   0.358000E-03   0.166481E-01   0.253295E-02   0.200000E-03
 266   0.103620E-02   0.546335E-04   0.170441E-01   0.231916E-02   0.250000E-03
 267   0.552468E-03  -0.330142E-03   0.171268E-01   0.280761E-02   0.250000E-03
 268  -0.306299E-03   0.186232E-03   0.186764E-01   0.263511E-02   0.250000E-03
 269  -0.361007E-04   0.116369E-03   0.191091E-01   0.296639E-02   0.250000E-03
 270  -0.175054E-03   0.778342E-04   0.197067E-01   0.291935E-02   0.350000E-03
 271   0.425191E-04  -0.735709E-03   0.219293E-01   0.185810E-02   0.250000E-03
 272   0.613076E-03   0.338575E-03   0.223595E-01   0.275839E-02   0.400000E-03
 273   0.510399E-03   0.292461E-03   0.234984E-01   0.284518E-02   0.400000E-03
 274   0.198260E-03  -0.644503E-03   0.258397E-01   0.201616E-02   0.250000E-03
 275  -0.467564E-03  -0.820415E-03   0.262718E-01   0.226185E-02   0.250000E-03
 276  -0.267689E-03   0.362440E-03   0.275096E-01   0.194931E-02   0.300000E-03
 277  -0.541374E-03   0.960495E-03   0.294711E-01   0.217583E-02   0.200000E-03
 278   0.213820E-03  -0.157388E-02   0.318985E-01   0.238493E-02   0.350000E-03
 279   0.167255E-02  -0.467203E-03   0.323998E-01   0.270522E-02   0.250000E-03
 280   0.181124E-03   0.616472E-03   0.342878E-01   0.186984E-02   0.300000E-03
 281   0.100775E-02  -0.572502E-03   0.358873E-01   0.172999E-02   0.300000E-03
 282   0.180980E-02   0.952463E-03   0.375449E-01   0.179943E-02   0.250000E-03
 283   0.183926E-02   0.387526E-03   0.384890E-01   0.162011E-02   0.200000E-03
 284   0.153867E-02   0.702678E-03   0.385488E-01   0.117429E-02   0.250000E-03
 285   0.604577E-03   0.874468E-03   0.410980E-01   0.121920E-02   0.350000E-03
 286   0.724674E-03  -0.149015E-02   0.432209E-01   0.893574E-03   0.300000E-03
 287   0.138517E-02  -0.206012E-02   0.428440E-01   0.121891E-02   0.200000E-03
 288   0.369672E-03  -0.717143E-04   0.588064E-02   0.793351E-02   0.350000E-03
 289  -0.169768E-03  -0.655243E-03   0.245697E-03   0.226840E-02   0.250000E-03
 290   0.101268E-02  -0.403847E-03   0.186029E-02   0.137552E-02   0.300000E-03
 291   0.124912E-02  -0.114972E-03   0.250114E-02   0.164185E-02   0.400000E-03
 292   0.702875E-03  -0.307125E-03   0.312775E-02   0.151229E-02   0.250000E-03
 293   0.518704E-03  -0.225970E-03   0.570636E-02   0.257336E-02   0.300000E-03
 294   0.608685E-03   0.240342E-03   0.819616E-02   0.298997E-02   0.400000E-03
 295   0.499097E-03  -0.742492E-04   0.968535E-02   0.336613E-02   0.400000E-03
 296   0.872737E-03  -0.443829E-04   0.111222E-01   0.190471E-02   0.250000E-03
 297   0.211717E-03  -0.101906E-03   0.107251E-01   0.192003E-02   0.150000E-03
 298   0.143653E-03   0.211952E-03   0.126708E-01   0.168649E-02   0.200000E-03
 299  -0.931797E-05   0.256749E-03   0.139015E-01   0.232283E-02   0.250000E-03
 300   0.419752E-03   0.280569E-03   0.148737E-01   0.270645E-02   0.200000E-03
 301  -0.183474E-03   0.591512E-03   0.154699E-01   0.238556E-02   0.300000E-03
 302   0.468981E-03   0.281589E-03   0.170894E-01   0.335094E-02   0.300000E-03
 303  -0.396365E-03  -0.208723E-03   0.180582E-01   0.251450E-02   0.200000E-03
 304  -0.639681E-04   0.171492E-03   0.182605E-01   0.291077E-02   0.250000E-03
 305  -0.440608E-04   0.926213E-04   0.193879E-01   0.330182E-02   0.150000E-03
 306  -0.157344E-03  -0.573355E-03   0.204593E-01   0.282705E-02   0.350000E-03
 307   0.866147E-04  -0.272787E-03   0.218550E-01   0.235079E-02   0.250000E-03
 308   0.618948E-03  -0.157775E-03   0.228309E-01   0.333865E-02   0.350000E-03
 309   0.561261E-03   0.505201E-04   0.245998E-01   0.260164E-02   0.400000E-03
 310   0.292537E-03   0.239706E-03   0.251943E-01   0.223522E-02   0.300000E-03
 311  -0.111890E-03  -0.838496E-04   0.273251E-01   0.256867E-02   0.350000E-03
 312  -0.633444E-03   0.259564E-03   0.281565E-01   0.191969E-02   0.350000E-03
 313  -0.520523E-03   0.825397E-03   0.297093E-01   0.255258E-02   0.250000E-03
 314   0.370664E-03  -0.133336E-02   0.312573E-01   0.232304E-02   0.300000E-03
 315   0.118147E-02  -0.494170E-03   0.334726E-01   0.286555E-02   0.300000E-03
 316   0.108466E-02   0.248995E-04   0.338299E-01   0.232911E-02   0.350000E-03
 317   0.965883E-03   0.697836E-03   0.350618E-01   0.254639E-02   0.400000E-03
 318   0.122297E-02   0.836823E-03   0.358477E-01   0.242521E-02   0.400000E-03
 319   0.160949E-02   0.754334E-03   0.389747E-01   0.143250E-02   0.250000E-03
 320   0.148125E-02   0.753267E-03   0.398303E-01   0.141862E-02   0.300000E-03
 321   0.649874E-03   0.597408E-03   0.404226E-01   0.134726E-02   0.300000E-03
 322   0.102583E-02  -0.117990E-02   0.425946E-01   0.733314E-03   0.350000E-03
 323   0.156501E-03   0.451951E-03   0.439747E-01   0.211688E-02   0.350000E-03
 324   0.105449E-02  -0.531020E-03   0.396209E-01   0.716781E-02   0.250000E-03
 325   0.685677E-04   0.154537E-03   0.150367E-02   0.760859E-02   0.300000E-03
 326  -0.137024E-04   0.154668E-03   0.124238E-02   0.151761E-02   0.250000E-03
 327   0.773826E-03   0.492571E-03   0.197634E-02   0.217337E-02   0.350000E-03
 328  -0.759092E-04  -0.163012E-03   0.380911E-02   0.162562E-02   0.450000E-03
 329   0.309226E-03  -0.114711E-03   0.661755E-02   0.313203E-02   0.400000E-03
 330  -0.101740E-03  -0.489411E-04   0.726469E-02   0.275335E-02   0.350000E-03
 331   0.109829E-02   0.677415E-04   0.780187E-02   0.240955E-02   0.250000E-03
 332   0.518661E-03   0.527945E-03   0.107827E-01   0.251305E-02   0.450000E-03
 333  -0.220176E-03  -0.191605E-03   0.115193E-01   0.237443E-02   0.300000E-03
 334  -0.199204E-04   0.362201E-03   0.130430E-01   0.193354E-02   0.250000E-03
 335   0.225980E-04   0.317500E-03   0.134095E-01   0.226839E-02   0.250000E-03
 336  -0.395237E-03   0.487788E-04   0.144026E-01   0.254457E-02   0.300000E-03
 337   0.875150E-03   0.534252E-03   0.161337E-01   0.252324E-02   0.300000E-03
 338   0.457807E-03   0.123300E-03   0.167110E-01   0.373964E-02   0.250000E-03
 339   0.572450E-03   0.277667E-03   0.176955E-01   0.311738E-02   0.350000E-03
 340   0.462453E-03  -0.307348E-03   0.190010E-01   0.352823E-02   0.300000E-03
 341  -0.185514E-03  -0.503908E-04   0.201474E-01   0.339238E-02   0.300000E-03
 342   0.235221E-05   0.297407E-04   0.206397E-01   0.334483E-02   0.200000E-03
 343  -0.115848E-03   0.341008E-03   0.216687E-01   0.286356E-02   0.300000E-03
 344   0.401772E-03   0.347034E-03   0.239402E-01   0.331268E-02   0.250000E-03
 345   0.168006E-03  -0.209170E-03   0.251947E-01   0.296777E-02   0.300000E-03
 346   0.872654E-04   0.167334E-03   0.257278E-01   0.260348E-02   0.350000E-03
 347  -0.244465E-03  -0.176524E-03   0.264170E-01   0.289107E-02   0.400000E-03
 348  -0.755841E-03   0.994094E-03   0.290165E-01   0.197081E-02   0.300000E-03
 349   0.525878E-03  -0.436403E-03   0.301498E-01   0.284140E-02   0.250000E-03
 350   0.126406E-02   0.297052E-03   0.320787E-01   0.314907E-02   0.300000E-03
 351   0.158817E-02  -0.569722E-03   0.328619E-01   0.308158E-02   0.350000E-03
 352   0.144537E-02  -0.176189E-05   0.344958E-01   0.310448E-02   0.400000E-03
 353   0.111019E-02   0.549396E-03   0.358837E-01   0.301933E-02   0.200000E-03
 354   0.169750E-02   0.744146E-03   0.372336E-01   0.219010E-02   0.250000E-03
 355   0.170939E-02   0.300699E-03   0.380365E-01   0.203493E-02   0.300000E-03
 356   0.138861E-02   0.697335E-03   0.393798E-01   0.162537E-02   0.200000E-03
 357   0.984156E-03   0.343603E-03   0.408100E-01   0.179787E-02   0.300000E-03
 358   0.665986E-03   0.800463E-03   0.416832E-01   0.133521E-02   0.250000E-03
 359  -0.121038E-02   0.104096E-03   0.442584E-01   0.528493E-02   0.250000E-03
 360  -0.184300E-03  -0.453276E-03   0.448002E-01   0.417801E-02   0.200000E-03
 361   0.100437E-02   0.309277E-04   0.681556E-03   0.274204E-02   0.400000E-03
 362   0.751862E-03  -0.101254E-03   0.147848E-02   0.273144E-02   0.400000E-03
 363   0.513684E-03   0.798385E-03   0.309289E-02   0.201115E-02   0.250000E-03
 364   0.670317E-03   0.597087E-03   0.491543E-02   0.254029E-02   0.300000E-03
 365   0.944398E-04   0.335747E-04   0.591782E-02   0.313376E-02   0.300000E-03
 366   0.190196E-03   0.329247E-03   0.617882E-02   0.367317E-02   0.300000E-03
 367   0.589594E-03   0.126419E-03   0.866487E-02   0.336433E-02   0.200000E-03
 368   0.509949E-03   0.187331E-03   0.103330E-01   0.310675E-02   0.300000E-03
 369   0.275643E-03   0.520868E-03   0.118648E-01   0.292416E-02   0.350000E-03
 370   0.233299E-03   0.261744E-03   0.128224E-01   0.254129E-02   0.400000E-03
 371   0.270499E-03   0.213966E-03   0.137351E-01   0.284304E-02   0.300000E-03
 372   0.418562E-03   0.121419E-03   0.150678E-01   0.327092E-02   0.400000E-03
 373   0.187398E-03   0.123196E-02   0.156983E-01   0.293261E-02   0.300000E-03
 374   0.730520E-03   0.363891E-03   0.164158E-01   0.316182E-02   0.400000E-03
 375   0.114548E-03  -0.368068E-03   0.175483E-01   0.393608E-02   0.450000E-03
 376  -0.310426E-03   0.134723E-03   0.186755E-01   0.308435E-02   0.200000E-03
 377  -0.356843E-03  -0.480697E-03   0.196108E-01   0.374845E-02   0.350000E-03
 378  -0.103922E-03  -0.164414E-03   0.210855E-01   0.263060E-02   0.300000E-03
 379   0.636477E-03  -0.371455E-04   0.211809E-01   0.328885E-02   0.350000E-03
 380   0.520456E-03   0.922003E-03   0.220067E-01   0.341821E-02   0.350000E-03
 381   0.625661E-03   0.226217E-03   0.245309E-01   0.334649E-02   0.350000E-03
 382  -0.284701E-03  -0.447594E-03   0.268027E-01   0.346792E-02   0.300000E-03
 383  -0.573397E-03  -0.177950E-03   0.279135E-01   0.246440E-02   0.250000E-03
 384  -0.210462E-03   0.541977E-03   0.285949E-01   0.239212E-02   0.300000E-03
 385  -0.183933E-03   0.666035E-03   0.291639E-01   0.257016E-02   0.300000E-03
 386  -0.542525E-03  -0.123863E-02   0.307386E-01   0.262036E-02   0.300000E-03
 387   0.121974E-02  -0.503567E-04   0.324763E-01   0.365971E-02   0.350000E-03
 388   0.141228E-02   0.146897E-03   0.354160E-01   0.346089E-02   0.450000E-03
 389   0.111718E-02   0.320601E-03   0.360588E-01   0.337578E-02   0.200000E-03
 390   0.144454E-02   0.532743E-03   0.364730E-01   0.291919E-02   0.400000E-03
 391   0.187006E-02   0.124346E-04   0.376770E-01   0.251402E-02   0.300000E-03
 392   0.158040E-02   0.474542E-03   0.390492E-01   0.192636E-02   0.250000E-03
 393   0.890344E-03   0.518377E-03   0.396142E-01   0.212361E-02   0.350000E-03
 394   0.129500E-02   0.708461E-03   0.422281E-01   0.126984E-02   0.300000E-03
 395   0.127177E-03   0.281352E-03   0.439079E-01   0.147243E-02   0.300000E-03
 396   0.132923E-02   0.135228E-02   0.444276E-01   0.242076E-02   0.200000E-03
 397   0.540732E-03   0.322275E-03   0.972656E-03   0.348515E-02   0.400000E-03
 398   0.425182E-03  -0.517840E-04   0.264292E-02   0.232712E-02   0.300000E-03
 399  -0.131129E-03   0.315328E-03   0.354439E-02   0.232530E-02   0.300000E-03
 400   0.193390E-03   0.465647E-03   0.424355E-02   0.235510E-02   0.400000E-03
 401   0.316335E-03   0.104690E-03   0.574816E-02   0.391909E-02   0.200000E-03
 402   0.339747E-03  -0.144966E-03   0.729270E-02   0.344844E-02   0.350000E-03
 403   0.564192E-03   0.199875E-03   0.852644E-02   0.379039E-02   0.250000E-03
 404  -0.167536E-03   0.336853E-03   0.905990E-02   0.367343E-02   0.300000E-03
 405   0.227911E-03   0.240695E-03   0.119626E-01   0.347320E-02   0.200000E-03
 406   0.140580E-03   0.364101E-03   0.125264E-01   0.327665E-02   0.400000E-03
 407   0.338077E-03   0.381042E-03   0.132079E-01   0.312351E-02   0.300000E-03
 408   0.325383E-03   0.149844E-03   0.142697E-01   0.329289E-02   0.400000E-03
 409   0.119230E-03  -0.554058E-04   0.157499E-01   0.357261E-02   0.350000E-03
 410   0.480862E-03   0.163155E-03   0.162330E-01   0.399919E-02   0.300000E-03
 411   0.353435E-03   0.198270E-03   0.167585E-01   0.428463E-02   0.300000E-03
 412  -0.214883E-03  -0.149288E-03   0.183046E-01   0.355444E-02   0.400000E-03
 413  -0.905164E-04   0.209236E-03   0.203000E-01   0.396637E-02   0.300000E-03
 414   0.141757E-03  -0.404323E-04   0.208106E-01   0.376081E-02   0.250000E-03
 415   0.435322E-03   0.769331E-03   0.208353E-01   0.441025E-02   0.400000E-03
 416   0.229040E-03   0.464234E-03   0.224803E-01   0.399846E-02   0.400000E-03
 417   0.706819E-03   0.436709E-05   0.234443E-01   0.353955E-02   0.300000E-03
 418   0.389852E-04   0.795563E-04   0.251678E-01   0.361488E-02   0.350000E-03
 419  -0.785598E-03   0.332073E-03   0.278270E-01   0.305532E-02   0.350000E-03
 420  -0.199165E-03   0.217343E-03   0.284036E-01   0.290083E-02   0.250000E-03
 421  -0.470768E-03   0.390799E-03   0.296314E-01   0.313943E-02   0.350000E-03
 422   0.150579E-02   0.123640E-03   0.313345E-01   0.307015E-02   0.450000E-03
 423   0.132202E-02   0.162938E-03   0.338145E-01   0.340590E-02   0.350000E-03
 424   0.146407E-02   0.158104E-03   0.347326E-01   0.376160E-02   0.300000E-03
 425   0.118313E-02   0.446855E-03   0.369822E-01   0.339329E-02   0.300000E-03
 426   0.115562E-02   0.500405E-03   0.371650E-01   0.282202E-02   0.300000E-03
 427   0.105941E-02   0.422817E-03   0.380266E-01   0.312890E-02   0.300000E-03
 428   0.190982E-02   0.414621E-03   0.385804E-01   0.209208E-02   0.250000E-03
 429   0.113958E-02   0.163363E-03   0.402231E-01   0.190702E-02   0.300000E-03
 430   0.469426E-03   0.596952E-03   0.419476E-01   0.186752E-02   0.350000E-03
 431   0.631669E-03   0.260958E-03   0.426894E-01   0.179562E-02   0.400000E-03
 432   0.111127E-02   0.193696E-03   0.433115E-01   0.148071E-02   0.300000E-03
 433   0.157484E-03  -0.404925E-03   0.347465E-03   0.396087E-02   0.350000E-03
 434   0.504378E-03   0.484752E-03   0.159138E-02   0.179052E-02   0.200000E-03
 435   0.382539E-03  -0.364187E-03   0.313623E-02   0.282897E-02   0.350000E-03
 436   0.252114E-03   0.104892E-03   0.529573E-02   0.293436E-02   0.250000E-03
 437   0.230724E-03  -0.166354E-03   0.562537E-02   0.353869E-02   0.200000E-03
 438   0.214269E-03   0.189749E-03   0.675918E-02   0.381567E-02   0.300000E-03
 439   0.648921E-03   0.318239E-04   0.793815E-02   0.369047E-02   0.350000E-03
 440   0.228830E-03   0.242062E-03   0.108736E-01   0.374444E-02   0.200000E-03
 441   0.357931E-03   0.488447E-04   0.109146E-01   0.324848E-02   0.300000E-03
 442   0.358057E-03   0.176763E-03   0.130778E-01   0.370696E-02   0.300000E-03
 443   0.459676E-03   0.349007E-03   0.136419E-01   0.346067E-02   0.250000E-03
 444   0.346268E-03   0.271258E-04   0.152255E-01   0.395123E-02   0.300000E-03
 445   0.344213E-03   0.931255E-04   0.157061E-01   0.445768E-02   0.400000E-03
 446   0.595373E-03   0.122682E-03   0.163036E-01   0.448738E-02   0.200000E-03
 447   0.333801E-04  -0.256899E-03   0.172519E-01   0.461997E-02   0.300000E-03
 448  -0.219451E-03  -0.445213E-03   0.183446E-01   0.445133E-02   0.500000E-03
 449  -0.417235E-03  -0.320655E-03   0.192396E-01   0.439702E-02   0.400000E-03
 450   0.193588E-03  -0.241319E-03   0.199355E-01   0.443796E-02   0.300000E-03
 451   0.886997E-03   0.416094E-03   0.214971E-01   0.396468E-02   0.400000E-03
 452   0.684848E-03   0.653159E-04   0.219699E-01   0.454197E-02   0.350000E-03
 453   0.312701E-03  -0.226766E-03   0.240719E-01   0.389570E-02   0.350000E-03
 454   0.108247E-03  -0.163808E-03   0.257902E-01   0.330041E-02   0.350000E-03
 455  -0.925633E-04  -0.302481E-03   0.270040E-01   0.301244E-02   0.200000E-03
 456  -0.968832E-04   0.378267E-03   0.289340E-01   0.317733E-02   0.350000E-03
 457  -0.346172E-03  -0.140915E-02   0.305693E-01   0.319319E-02   0.300000E-03
 458  -0.235072E-03   0.363604E-03   0.307054E-01   0.382273E-02   0.350000E-03
 459   0.151911E-02  -0.493745E-04   0.317832E-01   0.372807E-02   0.350000E-03
 460   0.143737E-02   0.111197E-03   0.341955E-01   0.386572E-02   0.250000E-03
 461   0.134410E-02   0.492928E-03   0.364622E-01   0.356636E-02   0.250000E-03
 462   0.986961E-03   0.609243E-04   0.376420E-01   0.426640E-02   0.300000E-03
 463   0.143085E-02  -0.347435E-03   0.382704E-01   0.258391E-02   0.300000E-03
 464   0.159753E-02  -0.201753E-03   0.390099E-01   0.264068E-02   0.450000E-03
 465   0.101992E-02  -0.212773E-03   0.407050E-01   0.238543E-02   0.300000E-03
 466   0.716572E-03  -0.315588E-03   0.411764E-01   0.254806E-02   0.200000E-03
 467   0.671901E-03  -0.677668E-03   0.435709E-01   0.255975E-02   0.250000E-03
 468   0.703760E-04  -0.335856E-03   0.435677E-01   0.383269E-02   0.350000E-03
 469   0.613163E-03  -0.335785E-03   0.105348E-02   0.432997E-02   0.450000E-03
 470   0.514331E-03   0.329411E-04   0.217566E-02   0.278802E-02   0.300000E-03
 471   0.510782E-03  -0.340827E-03   0.385226E-02   0.305162E-02   0.400000E-03
 472   0.894963E-03  -0.337028E-03   0.454986E-02   0.300896E-02   0.300000E-03
 473   0.325864E-03  -0.154032E-03   0.502597E-02   0.352189E-02   0.400000E-03
 474   0.247631E-03   0.375592E-03   0.744009E-02   0.402342E-02   0.250000E-03
 475   0.575683E-03   0.355593E-03   0.811189E-02   0.436441E-02   0.350000E-03
 476   0.292564E-03   0.739561E-03   0.952939E-02   0.404503E-02   0.300000E-03
 477   0.371947E-03   0.501442E-03   0.113165E-01   0.288307E-02   0.200000E-03
 478   0.183304E-03   0.213993E-03   0.122246E-01   0.395615E-02   0.350000E-03
 479   0.463515E-03   0.158071E-04   0.141952E-01   0.393643E-02   0.250000E-03
 480   0.387573E-03   0.757401E-03   0.146828E-01   0.379431E-02   0.250000E-03
 481   0.465869E-03  -0.185794E-04   0.147897E-01   0.428269E-02   0.250000E-03
 482   0.418734E-03   0.117306E-04   0.162716E-01   0.507937E-02   0.400000E-03
 483  -0.163872E-03  -0.702243E-04   0.169674E-01   0.514614E-02   0.300000E-03
 484  -0.184704E-03  -0.393058E-03   0.186411E-01   0.519225E-02   0.300000E-03
 485  -0.643611E-04   0.211464E-03   0.196505E-01   0.502097E-02   0.350000E-03
 486   0.574891E-03   0.279349E-03   0.203193E-01   0.489586E-02   0.300000E-03
 487   0.272912E-03   0.431786E-03   0.213823E-01   0.491713E-02   0.350000E-03
 488   0.524560E-03   0.484389E-03   0.219048E-01   0.508688E-02   0.200000E-03
 489   0.473244E-04  -0.190184E-03   0.246693E-01   0.394533E-02   0.250000E-03
 490   0.271699E-03  -0.358486E-03   0.273397E-01   0.338833E-02   0.250000E-03
 491  -0.443631E-03   0.548641E-03   0.283440E-01   0.344561E-02   0.300000E-03
 492  -0.250412E-03   0.200149E-03   0.293278E-01   0.381444E-02   0.400000E-03
 493  -0.120368E-02  -0.987206E-04   0.301010E-01   0.358700E-02   0.300000E-03
 494   0.139336E-02   0.126873E-04   0.312388E-01   0.371166E-02   0.200000E-03
 495   0.132896E-02   0.307263E-03   0.328811E-01   0.402599E-02   0.200000E-03
 496   0.145680E-02   0.151698E-04   0.359435E-01   0.419681E-02   0.350000E-03
 497   0.125798E-02   0.578768E-03   0.360957E-01   0.372234E-02   0.150000E-03
 498   0.104595E-02   0.220785E-03   0.373493E-01   0.380190E-02   0.250000E-03
 499   0.962998E-03   0.397546E-03   0.375239E-01   0.333561E-02   0.250000E-03
 500   0.163576E-02  -0.972069E-04   0.393991E-01   0.309593E-02   0.150000E-03
 501   0.121973E-02  -0.255879E-03   0.401607E-01   0.245166E-02   0.250000E-03
 502   0.524724E-03   0.395924E-03   0.413361E-01   0.207850E-02   0.300000E-03
 503   0.117082E-02  -0.648253E-03   0.429753E-01   0.262214E-02   0.350000E-03
 504   0.134885E-02   0.343910E-03   0.433273E-01   0.207569E-02   0.300000E-03
 505   0.966416E-06   0.547766E-04   0.165052E-02   0.380111E-02   0.350000E-03
 506   0.312683E-03  -0.400487E-03   0.187053E-02   0.324538E-02   0.250000E-03
 507   0.372166E-03  -0.246083E-03   0.332532E-02   0.342625E-02   0.250000E-03
 508   0.779781E-03  -0.203264E-03   0.432972E-02   0.356267E-02   0.300000E-03
 509   0.156134E-03  -0.168619E-03   0.609353E-02   0.421600E-02   0.250000E-03
 510   0.127644E-03   0.395484E-03   0.749701E-02   0.456377E-02   0.300000E-03
 511   0.786079E-03   0.891310E-03   0.878422E-02   0.427441E-02   0.300000E-03
 512   0.499112E-03   0.202571E-03   0.103257E-01   0.375427E-02   0.350000E-03
 513   0.771625E-03   0.151451E-03   0.114657E-01   0.347548E-02   0.300000E-03
 514   0.344395E-03   0.201398E-03   0.128496E-01   0.436765E-02   0.400000E-03
 515   0.230207E-03   0.693674E-04   0.136120E-01   0.407667E-02   0.350000E-03
 516   0.488295E-03  -0.507876E-04   0.142489E-01   0.453205E-02   0.350000E-03
 517   0.815453E-03  -0.340511E-04   0.151566E-01   0.444101E-02   0.150000E-03
 518   0.325915E-03   0.812460E-04   0.154846E-01   0.522310E-02   0.400000E-03
 519  -0.180953E-03  -0.298815E-03   0.177374E-01   0.504223E-02   0.350000E-03
 520   0.545831E-03   0.705419E-05   0.191742E-01   0.546246E-02   0.300000E-03
 521   0.430856E-03   0.655336E-03   0.201532E-01   0.557533E-02   0.400000E-03
 522   0.149500E-02   0.977217E-03   0.207600E-01   0.522325E-02   0.250000E-03
 523   0.568584E-03   0.325065E-03   0.218832E-01   0.553459E-02   0.250000E-03
 524   0.392670E-03   0.522545E-03   0.231758E-01   0.406947E-02   0.300000E-03
 525   0.657225E-04  -0.425278E-03   0.252082E-01   0.436182E-02   0.400000E-03
 526  -0.237700E-03  -0.287543E-03   0.256780E-01   0.391561E-02   0.250000E-03
 527  -0.114410E-03   0.291008E-03   0.278044E-01   0.370504E-02   0.300000E-03
 528  -0.312813E-03   0.278595E-03   0.291839E-01   0.454916E-02   0.350000E-03
 529  -0.239152E-03   0.203341E-03   0.305549E-01   0.444794E-02   0.300000E-03
 530   0.152610E-03  -0.120199E-02   0.321622E-01   0.405210E-02   0.150000E-03
 531   0.151945E-02  -0.107936E-03   0.330232E-01   0.360704E-02   0.200000E-03
 532   0.153220E-02   0.111185E-03   0.352001E-01   0.428228E-02   0.400000E-03
 533   0.998757E-03   0.278838E-03   0.368267E-01   0.397150E-02   0.300000E-03
 534   0.978360E-03  -0.135480E-04   0.382264E-01   0.440076E-02   0.300000E-03
 535   0.142713E-02   0.780062E-03   0.379099E-01   0.372688E-02   0.300000E-03
 536   0.121870E-02   0.206503E-03   0.386325E-01   0.310494E-02   0.150000E-03
 537   0.116404E-02  -0.411839E-03   0.404358E-01   0.274009E-02   0.150000E-03
 538   0.437716E-03   0.167150E-03   0.417686E-01   0.249046E-02   0.300000E-03
 539   0.911129E-03  -0.334782E-04   0.423620E-01   0.240986E-02   0.300000E-03
 540   0.962052E-05  -0.106056E-02   0.439714E-01   0.284943E-02   0.250000E-03
 541   0.484745E-03  -0.485735E-03   0.482822E-02   0.843981E-02   0.300000E-03
 542   0.512035E-03  -0.459240E-03   0.258197E-02   0.347285E-02   0.500000E-03
 543   0.476118E-03  -0.780357E-04   0.376372E-02   0.375425E-02   0.300000E-03
 544   0.739281E-03  -0.229490E-04   0.419685E-02   0.409230E-02   0.250000E-03
 545   0.394860E-03  -0.319238E-04   0.533404E-02   0.409051E-02   0.250000E-03
 546   0.498631E-03   0.510899E-03   0.858669E-02   0.499756E-02   0.450000E-03
 547   0.359738E-03   0.641386E-03   0.929066E-02   0.459399E-02   0.300000E-03
 548   0.210278E-03   0.593946E-03   0.977562E-02   0.447675E-02   0.200000E-03
 549   0.344450E-03   0.549057E-03   0.110577E-01   0.431293E-02   0.400000E-03
 550   0.773734E-03   0.295098E-03   0.116270E-01   0.400035E-02   0.250000E-03
 551   0.310364E-03  -0.226240E-05   0.135281E-01   0.487214E-02   0.450000E-03
 552   0.349285E-03   0.145241E-03   0.142420E-01   0.522969E-02   0.350000E-03
 553   0.582565E-03  -0.503961E-03   0.149212E-01   0.476491E-02   0.250000E-03
 554   0.234122E-03   0.132374E-03   0.150691E-01   0.572010E-02   0.250000E-03
 555   0.525371E-03   0.176894E-03   0.160040E-01   0.582988E-02   0.400000E-03
 556  -0.199064E-03  -0.361553E-03   0.181540E-01   0.553869E-02   0.300000E-03
 557  -0.201284E-03  -0.470533E-03   0.188832E-01   0.481478E-02   0.150000E-03
 558   0.300664E-03   0.293573E-03   0.212489E-01   0.565033E-02   0.400000E-03
 559   0.480303E-03   0.530877E-03   0.226327E-01   0.462999E-02   0.250000E-03
 560   0.133052E-03   0.548499E-04   0.237248E-01   0.438291E-02   0.250000E-03
 561  -0.225326E-03  -0.436292E-04   0.259593E-01   0.444235E-02   0.350000E-03
 562  -0.882207E-04  -0.523488E-03   0.262651E-01   0.381429E-02   0.350000E-03
 563  -0.530324E-03   0.249168E-03   0.285848E-01   0.409955E-02   0.400000E-03
 564  -0.624531E-03   0.370829E-03   0.285838E-01   0.479792E-02   0.300000E-03
 565  -0.602047E-03  -0.256388E-04   0.299491E-01   0.422802E-02   0.350000E-03
 566   0.150339E-02   0.313287E-04   0.312968E-01   0.436124E-02   0.450000E-03
 567   0.163908E-02  -0.163938E-04   0.333172E-01   0.328765E-02   0.150000E-03
 568   0.141126E-02   0.105029E-03   0.338507E-01   0.385270E-02   0.100000E-03
 569   0.100215E-02  -0.832641E-04   0.370084E-01   0.448722E-02   0.250000E-03
 570   0.102669E-02  -0.292529E-04   0.378175E-01   0.483859E-02   0.300000E-03
 571   0.119337E-02   0.509664E-03   0.384739E-01   0.352295E-02   0.300000E-03
 572   0.909940E-03   0.546925E-03   0.390583E-01   0.338909E-02   0.300000E-03
 573   0.132523E-02  -0.427504E-03   0.397392E-01   0.280213E-02   0.300000E-03
 574   0.810894E-03  -0.357247E-03   0.414151E-01   0.320365E-02   0.500000E-03
 575   0.634518E-03   0.516620E-03   0.421285E-01   0.290498E-02   0.250000E-03
 576  -0.458773E-04  -0.309899E-03   0.444155E-01   0.385887E-02   0.300000E-03
 577   0.123699E-03  -0.288245E-03   0.298487E-03   0.460768E-02   0.300000E-03
 578   0.429867E-03   0.345629E-04   0.261505E-02   0.431732E-02   0.350000E-03
 579   0.431514E-03  -0.221199E-04   0.476575E-02   0.427804E-02   0.350000E-03
 580   0.377248E-03  -0.261568E-03   0.544576E-02   0.457455E-02   0.250000E-03
 581   0.185632E-03   0.446715E-03   0.706072E-02   0.414959E-02   0.150000E-03
 582   0.588674E-03  -0.906685E-04   0.791991E-02   0.487959E-02   0.200000E-03
 583   0.317187E-03   0.802770E-03   0.992437E-02   0.489879E-02   0.250000E-03
 584   0.556364E-03   0.571945E-03   0.103237E-01   0.445277E-02   0.350000E-03
 585   0.277746E-03   0.157427E-03   0.107405E-01   0.513474E-02   0.450000E-03
 586   0.246793E-03   0.179109E-03   0.118668E-01   0.449526E-02   0.300000E-03
 587   0.482776E-03   0.237658E-03   0.123334E-01   0.467179E-02   0.200000E-03
 588   0.599985E-04  -0.190545E-03   0.136205E-01   0.551510E-02   0.200000E-03
 589  -0.426613E-03   0.134036E-03   0.148384E-01   0.527079E-02   0.250000E-03
 590   0.226779E-03   0.172235E-03   0.154276E-01   0.599030E-02   0.200000E-03
 591  -0.271929E-03  -0.217307E-03   0.173742E-01   0.551409E-02   0.250000E-03
 592  -0.203419E-03  -0.621249E-03   0.181529E-01   0.613680E-02   0.300000E-03
 593   0.776988E-03   0.379477E-03   0.195251E-01   0.594673E-02   0.300000E-03
 594   0.239611E-03   0.290674E-03   0.206655E-01   0.611931E-02   0.350000E-03
 595   0.100320E-02   0.327554E-03   0.222911E-01   0.498604E-02   0.200000E-03
 596   0.355742E-03  -0.153191E-03   0.232267E-01   0.471454E-02   0.350000E-03
 597   0.157231E-03  -0.500696E-03   0.244331E-01   0.454981E-02   0.400000E-03
 598   0.259431E-03   0.777240E-05   0.266546E-01   0.439312E-02   0.350000E-03
 599   0.163791E-03   0.124581E-03   0.272116E-01   0.397003E-02   0.350000E-03
 600  -0.539705E-03   0.415875E-03   0.299316E-01   0.487608E-02   0.300000E-03
 601  -0.599046E-04   0.406433E-03   0.305440E-01   0.508903E-02   0.350000E-03
 602  -0.555264E-03   0.523911E-03   0.309994E-01   0.488213E-02   0.150000E-03
 603   0.128549E-02   0.163582E-03   0.330254E-01   0.455489E-02   0.350000E-03
 604   0.146803E-02   0.293930E-03   0.334249E-01   0.398153E-02   0.350000E-03
 605   0.123574E-02  -0.156519E-03   0.364247E-01   0.476754E-02   0.400000E-03
 606   0.121198E-02  -0.619451E-04   0.385011E-01   0.513966E-02   0.450000E-03
 607   0.957251E-03  -0.157735E-05   0.386404E-01   0.404212E-02   0.250000E-03
 608   0.136251E-02  -0.504644E-03   0.396588E-01   0.346123E-02   0.300000E-03
 609   0.121725E-02  -0.407116E-03   0.402517E-01   0.319973E-02   0.350000E-03
 610   0.809520E-03  -0.385338E-03   0.409170E-01   0.278200E-02   0.150000E-03
 611   0.549250E-03  -0.303806E-03   0.428012E-01   0.360892E-02   0.450000E-03
 612   0.365761E-03  -0.177585E-03   0.434457E-01   0.314251E-02   0.350000E-03
 613   0.114462E-03   0.122277E-03   0.104532E-01   0.860697E-02   0.350000E-03
 614   0.539742E-03   0.106041E-03   0.314140E-02   0.446595E-02   0.200000E-03
 615   0.686126E-03  -0.352038E-04   0.368540E-02   0.440307E-02   0.350000E-03
 616   0.313954E-03  -0.192670E-03   0.569707E-02   0.426453E-02   0.150000E-03
 617   0.368538E-03   0.818762E-04   0.664544E-02   0.444973E-02   0.350000E-03
 618   0.828770E-03   0.205831E-03   0.808540E-02   0.555352E-02   0.300000E-03
 619   0.415307E-03   0.458612E-03   0.930835E-02   0.519137E-02   0.300000E-03
 620   0.190677E-03   0.422534E-03   0.990415E-02   0.554634E-02   0.400000E-03
 621   0.172019E-03  -0.328740E-06   0.114143E-01   0.532387E-02   0.250000E-03
 622  -0.547963E-04   0.333559E-03   0.114391E-01   0.483221E-02   0.250000E-03
 623   0.373285E-03   0.107938E-04   0.126809E-01   0.509761E-02   0.350000E-03
 624   0.415126E-03   0.127401E-03   0.139713E-01   0.570719E-02   0.200000E-03
 625   0.312721E-03   0.175180E-03   0.144928E-01   0.587875E-02   0.350000E-03
 626   0.299785E-05  -0.389510E-03   0.166289E-01   0.549680E-02   0.150000E-03
 627  -0.115697E-04  -0.302202E-03   0.169459E-01   0.564441E-02   0.200000E-03
 628  -0.324585E-03  -0.697825E-03   0.175638E-01   0.602641E-02   0.300000E-03
 629   0.685524E-03  -0.315153E-03   0.188379E-01   0.643869E-02   0.450000E-03
 630   0.628437E-03   0.264018E-03   0.218623E-01   0.608396E-02   0.300000E-03
 631   0.307530E-03  -0.790261E-04   0.227741E-01   0.524648E-02   0.350000E-03
 632  -0.135596E-03  -0.363926E-03   0.238420E-01   0.491974E-02   0.300000E-03
 633   0.313120E-03  -0.214878E-03   0.246892E-01   0.514397E-02   0.250000E-03
 634   0.738740E-04  -0.142943E-03   0.271884E-01   0.451677E-02   0.200000E-03
 635   0.121947E-03  -0.722253E-04   0.278307E-01   0.447275E-02   0.450000E-03
 636  -0.293164E-03   0.267839E-03   0.294038E-01   0.515806E-02   0.300000E-03
 637  -0.132313E-03   0.241542E-03   0.303543E-01   0.570615E-02   0.300000E-03
 638   0.143325E-02   0.188743E-03   0.321260E-01   0.472184E-02   0.350000E-03
 639   0.126218E-02   0.208302E-03   0.342881E-01   0.481385E-02   0.250000E-03
 640   0.138102E-02   0.374708E-04   0.345041E-01   0.431376E-02   0.300000E-03
 641   0.120768E-02  -0.128100E-03   0.368885E-01   0.529058E-02   0.300000E-03
 642   0.102644E-02  -0.783120E-04   0.372749E-01   0.490302E-02   0.250000E-03
 643   0.107267E-02  -0.118740E-03   0.388061E-01   0.451065E-02   0.250000E-03
 644   0.103802E-02   0.498728E-04   0.392889E-01   0.405281E-02   0.400000E-03
 645   0.390713E-03  -0.390903E-03   0.417224E-01   0.383158E-02   0.200000E-03
 646   0.635300E-03  -0.444432E-03   0.407701E-01   0.328756E-02   0.150000E-03
 647   0.638395E-04   0.371530E-03   0.425696E-01   0.299268E-02   0.200000E-03
 648   0.874422E-03  -0.940942E-03   0.448037E-01   0.355070E-02   0.200000E-03
 649   0.427438E-03  -0.706369E-04   0.714281E-03   0.488257E-02   0.200000E-03
 650   0.404430E-03   0.142284E-04   0.266994E-02   0.500931E-02   0.350000E-03
 651   0.592470E-03  -0.144255E-03   0.320499E-02   0.397050E-02   0.300000E-03
 652   0.543176E-03  -0.230640E-03   0.457512E-02   0.489351E-02   0.200000E-03
 653   0.400181E-03   0.251766E-03   0.656810E-02   0.494296E-02   0.150000E-03
 654   0.409169E-03   0.450262E-04   0.745327E-02   0.525655E-02   0.400000E-03
 655   0.354249E-03   0.333084E-03   0.876909E-02   0.577430E-02   0.350000E-03
 656   0.204414E-03   0.333477E-03   0.935621E-02   0.589221E-02   0.250000E-03
 657  -0.788144E-04   0.401451E-04   0.104793E-01   0.593174E-02   0.300000E-03
 658   0.171647E-03  -0.563995E-05   0.119825E-01   0.513429E-02   0.350000E-03
 659   0.326633E-03  -0.364324E-04   0.131566E-01   0.546196E-02   0.250000E-03
 660   0.621989E-03  -0.569832E-04   0.136239E-01   0.619499E-02   0.400000E-03
 661   0.253765E-03   0.118268E-03   0.150128E-01   0.626719E-02   0.300000E-03
 662   0.402621E-04  -0.559635E-03   0.163491E-01   0.643198E-02   0.300000E-03
 663  -0.131054E-03  -0.206183E-03   0.166390E-01   0.596850E-02   0.250000E-03
 664  -0.293109E-03  -0.556015E-03   0.177724E-01   0.653277E-02   0.250000E-03
 665   0.518202E-03   0.167829E-03   0.200331E-01   0.626442E-02   0.300000E-03
 666   0.374080E-03   0.375982E-03   0.212734E-01   0.634840E-02   0.300000E-03
 667   0.687841E-04   0.897978E-04   0.223804E-01   0.575820E-02   0.300000E-03
 668   0.142425E-03  -0.127534E-03   0.234165E-01   0.534127E-02   0.300000E-03
 669  -0.870048E-04  -0.244929E-03   0.248918E-01   0.474835E-02   0.100000E-03
 670   0.228684E-03   0.174193E-05   0.263990E-01   0.487836E-02   0.200000E-03
 671   0.559995E-03  -0.134509E-03   0.285283E-01   0.530379E-02   0.200000E-03
 672   0.950543E-04  -0.231741E-03   0.281282E-01   0.510501E-02   0.250000E-03
 673  -0.293223E-03   0.268829E-03   0.310299E-01   0.558331E-02   0.350000E-03
 674   0.150355E-02   0.102095E-03   0.315504E-01   0.511839E-02   0.350000E-03
 675   0.181385E-02  -0.124999E-03   0.325013E-01   0.425890E-02   0.250000E-03
 676   0.146903E-02   0.215233E-03   0.347863E-01   0.478301E-02   0.250000E-03
 677   0.118722E-02  -0.230990E-03   0.369711E-01   0.598435E-02   0.400000E-03
 678   0.113380E-02  -0.671646E-04   0.374295E-01   0.537740E-02   0.250000E-03
 679   0.147671E-02  -0.501852E-03   0.390916E-01   0.542010E-02   0.200000E-03
 680   0.123456E-02  -0.959466E-05   0.392624E-01   0.489871E-02   0.350000E-03
 681   0.545489E-03  -0.284036E-03   0.410911E-01   0.387632E-02   0.250000E-03
 682   0.662724E-03  -0.389868E-03   0.421350E-01   0.340311E-02   0.250000E-03
 683  -0.298756E-04  -0.618544E-03   0.440205E-01   0.454838E-02   0.500000E-03
 684   0.239552E-04  -0.320269E-03   0.440413E-01   0.339374E-02   0.300000E-03
 685  -0.605955E-04   0.202770E-03   0.349418E-03   0.726685E-02   0.350000E-03
 686   0.586087E-03  -0.170239E-03   0.332952E-02   0.558080E-02   0.350000E-03
 687   0.580075E-03  -0.206250E-05   0.331419E-02   0.493344E-02   0.300000E-03
 688   0.312204E-03  -0.147661E-03   0.501646E-02   0.482217E-02   0.250000E-03
 689   0.609881E-03   0.288068E-03   0.706148E-02   0.480336E-02   0.200000E-03
 690   0.390987E-03  -0.103781E-03   0.759883E-02   0.598595E-02   0.350000E-03
 691   0.256804E-03  -0.241715E-03   0.877966E-02   0.647330E-02   0.350000E-03
 692   0.122359E-03  -0.244416E-03   0.990071E-02   0.624553E-02   0.300000E-03
 693   0.513932E-05  -0.263345E-03   0.103994E-01   0.647255E-02   0.250000E-03
 694   0.188677E-03   0.133748E-03   0.111198E-01   0.583896E-02   0.350000E-03
 695   0.359932E-03  -0.817354E-04   0.128998E-01   0.600263E-02   0.350000E-03
 696   0.503824E-03  -0.532352E-03   0.146219E-01   0.719002E-02   0.250000E-03
 697   0.470743E-03  -0.321415E-03   0.143330E-01   0.660806E-02   0.400000E-03
 698   0.172676E-03   0.579258E-04   0.156535E-01   0.654875E-02   0.400000E-03
 699  -0.404364E-03  -0.635389E-03   0.170773E-01   0.659541E-02   0.450000E-03
 700   0.773496E-03  -0.374101E-03   0.182157E-01   0.685579E-02   0.300000E-03
 701   0.983937E-03  -0.206146E-03   0.195610E-01   0.663110E-02   0.300000E-03
 702   0.340406E-03  -0.182461E-03   0.204432E-01   0.683044E-02   0.400000E-03
 703   0.260355E-03   0.410245E-04   0.230554E-01   0.594047E-02   0.400000E-03
 704   0.332624E-04   0.701948E-04   0.241771E-01   0.553313E-02   0.400000E-03
 705  -0.837383E-04  -0.802446E-04   0.251667E-01   0.500776E-02   0.250000E-03
 706  -0.104315E-03   0.566856E-04   0.259799E-01   0.504094E-02   0.250000E-03
 707   0.230728E-03  -0.195289E-03   0.269854E-01   0.507751E-02   0.400000E-03
 708  -0.395042E-03   0.894361E-04   0.298839E-01   0.542365E-02   0.250000E-03
 709   0.145617E-02   0.106528E-03   0.320788E-01   0.526905E-02   0.200000E-03
 710   0.139013E-02   0.143719E-03   0.326468E-01   0.501881E-02   0.250000E-03
 711   0.153385E-02   0.335024E-03   0.337257E-01   0.460918E-02   0.350000E-03
 712   0.108015E-02  -0.213159E-03   0.351343E-01   0.520784E-02   0.300000E-03
 713   0.107837E-02  -0.303508E-03   0.381590E-01   0.636557E-02   0.350000E-03
 714   0.116734E-02  -0.869799E-04   0.379316E-01   0.570142E-02   0.350000E-03
 715   0.110158E-02  -0.177982E-03   0.388233E-01   0.564070E-02   0.150000E-03
 716   0.101444E-02   0.167990E-04   0.397280E-01   0.452957E-02   0.250000E-03
 717   0.108148E-02  -0.131481E-03   0.400614E-01   0.366187E-02   0.150000E-03
 718   0.661894E-03  -0.435349E-03   0.421668E-01   0.390034E-02   0.250000E-03
 719  -0.358354E-03  -0.987931E-03   0.448014E-01   0.545003E-02   0.200000E-03
 720   0.377926E-03  -0.331569E-03   0.434063E-01   0.728012E-02   0.350000E-03
 721   0.218709E-03   0.228604E-04   0.215241E-02   0.402353E-02   0.200000E-03
 722   0.539884E-03  -0.683733E-04   0.202690E-02   0.509791E-02   0.300000E-03
 723   0.717975E-03  -0.759748E-05   0.425230E-02   0.458702E-02   0.250000E-03
 724   0.508891E-03  -0.746167E-04   0.602416E-02   0.486202E-02   0.400000E-03
 725   0.637271E-03   0.800382E-04   0.692046E-02   0.512306E-02   0.150000E-03
 726   0.616708E-03   0.112845E-03   0.651443E-02   0.549010E-02   0.400000E-03
 727   0.782225E-03   0.219788E-05   0.822913E-02   0.613538E-02   0.300000E-03
 728   0.191190E-03  -0.257160E-03   0.937194E-02   0.639037E-02   0.250000E-03
 729   0.115560E-03  -0.364557E-03   0.971142E-02   0.682179E-02   0.300000E-03
 730   0.282271E-03   0.127488E-03   0.123573E-01   0.560248E-02   0.250000E-03
 731   0.589238E-04  -0.143310E-04   0.122288E-01   0.619779E-02   0.350000E-03
 732   0.409473E-03   0.106950E-03   0.131207E-01   0.660521E-02   0.250000E-03
 733   0.310532E-03  -0.343312E-03   0.149490E-01   0.681232E-02   0.250000E-03
 734  -0.202529E-04  -0.260173E-03   0.161574E-01   0.688735E-02   0.200000E-03
 735   0.497237E-03  -0.208551E-03   0.176421E-01   0.716004E-02   0.350000E-03
 736   0.652037E-03  -0.436239E-03   0.191357E-01   0.723379E-02   0.400000E-03
 737   0.847843E-03  -0.479988E-03   0.198306E-01   0.716592E-02   0.300000E-03
 738   0.306852E-03   0.147725E-03   0.215152E-01   0.700238E-02   0.400000E-03
 739   0.162142E-03   0.128195E-03   0.224636E-01   0.639820E-02   0.350000E-03
 740   0.688343E-04  -0.265888E-04   0.237708E-01   0.615974E-02   0.350000E-03
 741   0.280531E-03  -0.337496E-03   0.248362E-01   0.562030E-02   0.250000E-03
 742   0.195903E-03  -0.270237E-03   0.263899E-01   0.532793E-02   0.250000E-03
 743   0.161156E-03  -0.185789E-03   0.276308E-01   0.514077E-02   0.250000E-03
 744  -0.758070E-03   0.221835E-03   0.289059E-01   0.517979E-02   0.200000E-03
 745   0.161279E-02   0.364133E-03   0.316147E-01   0.571478E-02   0.250000E-03
 746   0.134854E-02  -0.123696E-03   0.328069E-01   0.559578E-02   0.350000E-03
 747   0.131161E-02  -0.705973E-04   0.332797E-01   0.515144E-02   0.300000E-03
 748   0.141825E-02  -0.203051E-03   0.356805E-01   0.485628E-02   0.350000E-03
 749   0.117088E-02  -0.147341E-04   0.363175E-01   0.545744E-02   0.300000E-03
 750   0.100027E-02  -0.107360E-03   0.385042E-01   0.587648E-02   0.250000E-03
 751   0.977329E-03  -0.343712E-03   0.391582E-01   0.593376E-02   0.300000E-03
 752   0.110974E-02   0.579036E-04   0.401789E-01   0.422625E-02   0.300000E-03
 753   0.666279E-03  -0.256845E-03   0.407074E-01   0.299480E-02   0.150000E-03
 754   0.370826E-03  -0.155399E-03   0.418889E-01   0.418512E-02   0.150000E-03
 755   0.713676E-03   0.378812E-04   0.425431E-01   0.415002E-02   0.150000E-03
 756   0.194249E-03  -0.691279E-03   0.431057E-01   0.670401E-02   0.300000E-03
 757   0.461060E-03  -0.284914E-03   0.183969E-02   0.447557E-02   0.350000E-03
 758   0.478030E-03  -0.153750E-03   0.402190E-02   0.565577E-02   0.350000E-03
 759   0.699536E-03   0.108113E-04   0.390792E-02   0.501479E-02   0.300000E-03
 760   0.495275E-03  -0.224413E-04   0.472665E-02   0.556537E-02   0.300000E-03
 761   0.437218E-03  -0.468120E-04   0.539265E-02   0.535086E-02   0.400000E-03
 762   0.588070E-03   0.103780E-03   0.589274E-02   0.590571E-02   0.350000E-03
 763   0.429956E-03  -0.169099E-03   0.688127E-02   0.619832E-02   0.400000E-03
 764   0.784652E-03  -0.175489E-03   0.815473E-02   0.673056E-02   0.300000E-03
 765  -0.142511E-03  -0.391555E-03   0.115539E-01   0.638218E-02   0.350000E-03
 766   0.164787E-03   0.305598E-04   0.117627E-01   0.574585E-02   0.300000E-03
 767   0.206389E-03   0.729141E-04   0.126824E-01   0.650701E-02   0.200000E-03
 768   0.568145E-03  -0.358260E-03   0.137258E-01   0.683564E-02   0.250000E-03
 769   0.198862E-03  -0.580806E-03   0.152493E-01   0.733106E-02   0.350000E-03
 770   0.345029E-03  -0.587302E-03   0.158327E-01   0.719775E-02   0.250000E-03
 771  -0.194064E-03  -0.556201E-03   0.165571E-01   0.677318E-02   0.100000E-03
 772   0.773096E-03  -0.438720E-03   0.184946E-01   0.732598E-02   0.250000E-03
 773   0.972373E-03  -0.244801E-03   0.202226E-01   0.774480E-02   0.400000E-03
 774   0.499544E-03  -0.109572E-04   0.208978E-01   0.742217E-02   0.350000E-03
 775  -0.116231E-03   0.154636E-03   0.233079E-01   0.653913E-02   0.250000E-03
 776   0.470539E-03  -0.424498E-03   0.249172E-01   0.606239E-02   0.200000E-03
 777  -0.197884E-03  -0.543772E-04   0.255801E-01   0.483501E-02   0.200000E-03
 778  -0.115812E-03  -0.177065E-03   0.259742E-01   0.548968E-02   0.200000E-03
 779   0.695407E-03  -0.783998E-03   0.278634E-01   0.563672E-02   0.300000E-03
 780  -0.315232E-03  -0.417293E-04   0.294219E-01   0.580571E-02   0.350000E-03
 781  -0.664825E-04  -0.239834E-03   0.307256E-01   0.604086E-02   0.200000E-03
 782   0.151918E-02   0.355859E-03   0.321622E-01   0.576158E-02   0.300000E-03
 783   0.148767E-02  -0.438325E-04   0.339155E-01   0.528154E-02   0.350000E-03
 784   0.113657E-02  -0.529038E-04   0.344624E-01   0.522665E-02   0.200000E-03
 785   0.126924E-02  -0.106579E-03   0.356797E-01   0.555612E-02   0.350000E-03
 786   0.991380E-03  -0.327698E-03   0.375850E-01   0.619550E-02   0.250000E-03
 787   0.988096E-03  -0.325094E-03   0.397220E-01   0.613261E-02   0.300000E-03
 788   0.926457E-03  -0.568316E-03   0.396364E-01   0.548893E-02   0.350000E-03
 789   0.135228E-02  -0.215784E-03   0.405572E-01   0.376478E-02   0.300000E-03
 790   0.608208E-03  -0.383065E-03   0.414537E-01   0.428372E-02   0.300000E-03
 791  -0.493387E-03   0.307982E-03   0.430998E-01   0.435138E-02   0.350000E-03
 792  -0.123514E-03   0.389591E-03   0.438725E-01   0.518098E-02   0.150000E-03
 793   0.329175E-03  -0.212127E-03   0.284330E-02   0.547494E-02   0.150000E-03
 794   0.446429E-03  -0.709060E-04   0.244909E-02   0.545445E-02   0.150000E-03
 795   0.469875E-03  -0.771973E-04   0.436007E-02   0.522624E-02   0.200000E-03
 796   0.437338E-03  -0.792162E-04   0.266416E-02   0.646434E-02   0.300000E-03
 797   0.527547E-03  -0.925025E-04   0.449785E-02   0.623399E-02   0.400000E-03
 798   0.478305E-03  -0.878745E-04   0.516038E-02   0.600989E-02   0.300000E-03
 799   0.448184E-03  -0.217602E-03   0.750702E-02   0.667668E-02   0.350000E-03
 800   0.228019E-03  -0.518677E-03   0.882996E-02   0.707002E-02   0.250000E-03
 801   0.185583E-03  -0.836831E-04   0.108148E-01   0.674641E-02   0.250000E-03
 802  -0.222495E-03  -0.243026E-03   0.112828E-01   0.691640E-02   0.250000E-03
 803   0.129679E-03  -0.171616E-03   0.120165E-01   0.675810E-02   0.250000E-03
 804   0.349262E-03  -0.132058E-03   0.132665E-01   0.713537E-02   0.300000E-03
 805   0.551511E-03  -0.521860E-03   0.140766E-01   0.725915E-02   0.300000E-03
 806   0.149037E-04  -0.190313E-03   0.157108E-01   0.762982E-02   0.200000E-03
 807   0.692217E-03  -0.377787E-04   0.180664E-01   0.758371E-02   0.250000E-03
 808   0.645648E-03  -0.167141E-03   0.191558E-01   0.808228E-02   0.450000E-03
 809   0.527974E-03  -0.110859E-03   0.214827E-01   0.770217E-02   0.300000E-03
 810   0.193132E-03   0.166613E-03   0.222137E-01   0.699287E-02   0.300000E-03
 811   0.310766E-04  -0.148099E-03   0.238093E-01   0.680627E-02   0.300000E-03
 812  -0.232402E-03  -0.572853E-03   0.244321E-01   0.618440E-02   0.300000E-03
 813  -0.110852E-03  -0.170919E-03   0.254304E-01   0.554135E-02   0.350000E-03
 814  -0.150457E-02  -0.263963E-02   0.273740E-01   0.553400E-02   0.200000E-03
 815   0.546264E-03  -0.129004E-03   0.286769E-01   0.588278E-02   0.400000E-03
 816  -0.361577E-03   0.260714E-03   0.312049E-01   0.609747E-02   0.200000E-03
 817  -0.825808E-04  -0.230885E-03   0.302466E-01   0.629469E-02   0.300000E-03
 818   0.128998E-02   0.813715E-04   0.325727E-01   0.619868E-02   0.300000E-03
 819   0.128423E-02   0.505884E-04   0.334442E-01   0.572782E-02   0.300000E-03
 820   0.105897E-02  -0.220189E-03   0.347279E-01   0.564842E-02   0.300000E-03
 821   0.122295E-02  -0.951806E-04   0.362401E-01   0.605055E-02   0.300000E-03
 822   0.113355E-02  -0.401555E-03   0.378346E-01   0.692853E-02   0.300000E-03
 823   0.930847E-03  -0.280234E-03   0.387559E-01   0.630819E-02   0.250000E-03
 824   0.437218E-03  -0.408902E-03   0.408178E-01   0.555486E-02   0.350000E-03
 825   0.494117E-03  -0.367826E-03   0.402575E-01   0.498532E-02   0.450000E-03
 826   0.320684E-03  -0.126126E-03   0.408040E-01   0.440208E-02   0.350000E-03
 827   0.818919E-03   0.122412E-03   0.422281E-01   0.439595E-02   0.250000E-03
 828  -0.767984E-04  -0.635172E-03   0.402862E-01   0.692353E-02   0.350000E-03
 829   0.352285E-03  -0.211598E-03   0.262679E-02   0.586705E-02   0.300000E-03
 830   0.710513E-04  -0.768838E-03   0.299956E-03   0.520681E-02   0.300000E-03
 831   0.950487E-04  -0.223286E-03   0.313444E-03   0.570536E-02   0.200000E-03
 832   0.539920E-03  -0.102131E-03   0.310498E-02   0.613594E-02   0.250000E-03
 833   0.503295E-03  -0.167030E-03   0.327966E-02   0.665578E-02   0.300000E-03
 834   0.452821E-03  -0.147442E-03   0.508976E-02   0.660524E-02   0.300000E-03
 835   0.537170E-03  -0.159390E-03   0.573511E-02   0.679095E-02   0.300000E-03
 836   0.428992E-03  -0.170158E-03   0.755524E-02   0.737292E-02   0.350000E-03
 837   0.165311E-03   0.229780E-03   0.108177E-01   0.629746E-02   0.200000E-03
 838   0.373796E-04   0.156802E-04   0.117478E-01   0.729419E-02   0.350000E-03
 839   0.170610E-03  -0.160518E-03   0.125698E-01   0.709585E-02   0.400000E-03
 840  -0.489111E-03  -0.544407E-03   0.141530E-01   0.786791E-02   0.300000E-03
 841   0.432144E-03  -0.799378E-03   0.147355E-01   0.772738E-02   0.300000E-03
 842   0.673908E-03  -0.308273E-03   0.170565E-01   0.743943E-02   0.300000E-03
 843   0.749790E-03  -0.136500E-03   0.185058E-01   0.782358E-02   0.250000E-03
 844   0.560416E-03  -0.220400E-03   0.198588E-01   0.834206E-02   0.300000E-03
 845   0.529238E-03  -0.401562E-03   0.208826E-01   0.812038E-02   0.350000E-03
 846   0.243917E-03   0.138159E-04   0.219906E-01   0.749439E-02   0.250000E-03
 847  -0.112448E-03  -0.449386E-04   0.232812E-01   0.708798E-02   0.300000E-03
 848  -0.529820E-03  -0.320828E-03   0.245042E-01   0.688188E-02   0.400000E-03
 849  -0.131307E-03  -0.484793E-03   0.254388E-01   0.623718E-02   0.350000E-03
 850  -0.166733E-03   0.521490E-03   0.267474E-01   0.562423E-02   0.200000E-03
 851   0.919032E-04  -0.400340E-03   0.266218E-01   0.610479E-02   0.300000E-03
 852   0.782747E-04  -0.218380E-04   0.299206E-01   0.582198E-02   0.150000E-03
 853   0.877698E-03   0.561976E-04   0.317049E-01   0.632110E-02   0.350000E-03
 854   0.135683E-02   0.303920E-03   0.327890E-01   0.681024E-02   0.350000E-03
 855   0.125792E-02   0.791938E-04   0.331693E-01   0.626074E-02   0.300000E-03
 856   0.134579E-02  -0.444785E-03   0.341244E-01   0.599935E-02   0.400000E-03
 857   0.121021E-02  -0.266159E-04   0.352159E-01   0.607647E-02   0.350000E-03
 858   0.115501E-02  -0.174953E-03   0.365660E-01   0.655313E-02   0.300000E-03
 859   0.998338E-03  -0.245771E-03   0.392856E-01   0.646740E-02   0.250000E-03
 860   0.757215E-03  -0.528091E-03   0.402127E-01   0.578756E-02   0.300000E-03
 861   0.951076E-03  -0.400776E-03   0.415155E-01   0.557064E-02   0.350000E-03
 862   0.339817E-03  -0.329497E-04   0.409762E-01   0.497643E-02   0.250000E-03
 863  -0.574063E-03  -0.117132E-03   0.432748E-01   0.513192E-02   0.450000E-03
 864  -0.759857E-03  -0.909404E-04   0.445512E-01   0.604861E-02   0.450000E-03
 865   0.623632E-03  -0.119576E-03   0.137932E-02   0.505224E-02   0.350000E-03
 866   0.622525E-03  -0.162522E-03   0.171125E-02   0.548551E-02   0.200000E-03
 867   0.570993E-03  -0.365995E-04   0.204604E-02   0.626630E-02   0.350000E-03
 868   0.413497E-03  -0.920736E-04   0.367375E-02   0.620411E-02   0.300000E-03
 869   0.506273E-03   0.427442E-04   0.334690E-02   0.719904E-02   0.250000E-03
 870   0.476405E-03  -0.131963E-03   0.623333E-02   0.645787E-02   0.300000E-03
 871   0.451839E-03  -0.224218E-03   0.689640E-02   0.689716E-02   0.300000E-03
 872   0.160641E-03  -0.376586E-03   0.921181E-02   0.681019E-02   0.200000E-03
 873   0.255022E-04  -0.379490E-03   0.102819E-01   0.700693E-02   0.300000E-03
 874   0.386081E-03  -0.348629E-04   0.117015E-01   0.797021E-02   0.300000E-03
 875   0.100813E-03   0.490482E-04   0.122434E-01   0.771292E-02   0.300000E-03
 876   0.226857E-03  -0.262950E-03   0.136047E-01   0.762799E-02   0.300000E-03
 877   0.373380E-03  -0.333531E-03   0.146596E-01   0.832142E-02   0.300000E-03
 878  -0.231314E-04  -0.286981E-03   0.164116E-01   0.737174E-02   0.350000E-03
 879   0.548955E-03  -0.441820E-03   0.175136E-01   0.774473E-02   0.250000E-03
 880   0.698375E-03   0.399842E-04   0.176822E-01   0.826726E-02   0.300000E-03
 881   0.249865E-03  -0.405417E-03   0.219768E-01   0.804377E-02   0.300000E-03
 882  -0.146514E-03  -0.352923E-04   0.227370E-01   0.715787E-02   0.250000E-03
 883   0.106991E-03   0.117718E-03   0.229153E-01   0.660929E-02   0.150000E-03
 884  -0.176510E-03  -0.670535E-03   0.239921E-01   0.742874E-02   0.350000E-03
 885  -0.148510E-03  -0.980961E-03   0.261051E-01   0.737673E-02   0.400000E-03
 886  -0.179993E-03  -0.453183E-03   0.260358E-01   0.598376E-02   0.300000E-03
 887   0.655545E-03  -0.122881E-03   0.285179E-01   0.661310E-02   0.350000E-03
 888  -0.327713E-03  -0.131566E-03   0.295586E-01   0.659246E-02   0.450000E-03
 889  -0.119236E-03  -0.388218E-03   0.308971E-01   0.666765E-02   0.450000E-03
 890   0.113277E-02   0.262967E-03   0.322227E-01   0.661994E-02   0.250000E-03
 891   0.183781E-02  -0.118932E-02   0.337347E-01   0.663842E-02   0.350000E-03
 892   0.150241E-02  -0.326755E-03   0.346663E-01   0.658526E-02   0.400000E-03
 893   0.117885E-02  -0.683066E-04   0.357671E-01   0.641855E-02   0.300000E-03
 894   0.982775E-03  -0.395740E-03   0.385919E-01   0.678021E-02   0.250000E-03
 895   0.103449E-02  -0.371047E-03   0.391022E-01   0.698522E-02   0.300000E-03
 896   0.101788E-02  -0.220444E-04   0.419106E-01   0.695160E-02   0.300000E-03
 897   0.127592E-03  -0.697648E-03   0.424653E-01   0.661039E-02   0.350000E-03
 898   0.241073E-03  -0.987595E-04   0.426193E-01   0.461671E-02   0.200000E-03
 899  -0.572768E-04  -0.201218E-03   0.424801E-01   0.519122E-02   0.350000E-03
 900  -0.412570E-03   0.168509E-04   0.438299E-01   0.570429E-02   0.350000E-03
 901   0.629096E-03  -0.125002E-03   0.129170E-02   0.564278E-02   0.250000E-03
 902   0.458448E-03   0.552511E-04   0.307159E-02   0.761586E-02   0.250000E-03
 903   0.560646E-03  -0.149559E-03   0.211596E-02   0.567153E-02   0.250000E-03
 904   0.449054E-03   0.244906E-04   0.275445E-02   0.710672E-02   0.350000E-03
 905   0.567059E-03  -0.126092E-03   0.398450E-02   0.691031E-02   0.450000E-03
 906   0.361628E-03  -0.148810E-03   0.584798E-02   0.733451E-02   0.250000E-03
 907   0.636840E-03   0.514935E-04   0.554349E-02   0.632963E-02   0.200000E-03
 908   0.239589E-03  -0.214696E-04   0.883466E-02   0.761911E-02   0.300000E-03
 909   0.283278E-03   0.638667E-04   0.933818E-02   0.729316E-02   0.300000E-03
 910   0.410509E-04  -0.776552E-05   0.101207E-01   0.804869E-02   0.300000E-03
 911   0.271807E-03  -0.101183E-03   0.112610E-01   0.764293E-02   0.250000E-03
 912   0.236609E-03  -0.409293E-03   0.151368E-01   0.859365E-02   0.250000E-03
 913   0.233811E-03  -0.419083E-03   0.153303E-01   0.802600E-02   0.350000E-03
 914  -0.694263E-04  -0.173307E-03   0.161352E-01   0.812087E-02   0.450000E-03
 915   0.474803E-03  -0.725853E-05   0.169948E-01   0.813626E-02   0.400000E-03
 916   0.412543E-03  -0.291052E-03   0.204138E-01   0.856875E-02   0.300000E-03
 917   0.504191E-03  -0.384558E-03   0.199989E-01   0.900097E-02   0.300000E-03
 918  -0.102280E-03  -0.163621E-03   0.225442E-01   0.772494E-02   0.350000E-03
 919  -0.719283E-04  -0.711760E-03   0.232448E-01   0.773640E-02   0.350000E-03
 920   0.424707E-03  -0.251609E-03   0.248271E-01   0.639994E-02   0.150000E-03
 921  -0.309307E-03  -0.456121E-03   0.234177E-01   0.846243E-02   0.350000E-03
 922  -0.148090E-03  -0.760890E-03   0.260158E-01   0.663245E-02   0.350000E-03
 923   0.740943E-03  -0.985764E-04   0.279013E-01   0.628483E-02   0.350000E-03
 924   0.113488E-02   0.565263E-03   0.289693E-01   0.727280E-02   0.450000E-03
 925  -0.363621E-04  -0.598607E-04   0.310936E-01   0.744283E-02   0.350000E-03
 926   0.947071E-03  -0.245978E-03   0.315877E-01   0.695919E-02   0.300000E-03
 927   0.209440E-03  -0.149293E-03   0.336465E-01   0.719772E-02   0.200000E-03
 928   0.134909E-02  -0.317037E-03   0.341744E-01   0.649609E-02   0.100000E-03
 929   0.115797E-02  -0.391481E-03   0.372310E-01   0.668758E-02   0.350000E-03
 930   0.101725E-02  -0.254949E-03   0.412149E-01   0.663362E-02   0.300000E-03
 931   0.869237E-03  -0.265219E-03   0.411856E-01   0.606777E-02   0.250000E-03
 932   0.997058E-03  -0.241094E-03   0.397371E-01   0.668161E-02   0.250000E-03
 933   0.986624E-03  -0.234177E-03   0.418058E-01   0.625977E-02   0.400000E-03
 934   0.173306E-03   0.167338E-03   0.412447E-01   0.468068E-02   0.150000E-03
 935   0.732955E-03   0.144448E-03   0.417996E-01   0.488356E-02   0.400000E-03
 936  -0.200439E-03  -0.186637E-03   0.433631E-01   0.615609E-02   0.300000E-03
 937   0.104095E-03   0.193482E-03   0.103957E-02   0.715389E-02   0.350000E-03
 938   0.807635E-04   0.211970E-03   0.298571E-03   0.620441E-02   0.300000E-03
 939   0.564100E-03   0.148996E-03   0.369511E-02   0.768505E-02   0.350000E-03
 940   0.404688E-03  -0.141230E-04   0.788708E-03   0.586005E-02   0.300000E-03
 941   0.533214E-03  -0.307990E-05   0.167288E-02   0.685745E-02   0.350000E-03
 942   0.949877E-04   0.131134E-03   0.454463E-02   0.769191E-02   0.500000E-03
 943   0.472587E-03  -0.104218E-03   0.525849E-02   0.723216E-02   0.350000E-03
 944   0.474680E-03  -0.230058E-03   0.631708E-02   0.705046E-02   0.300000E-03
 945   0.187563E-03  -0.189504E-03   0.108371E-01   0.729498E-02   0.300000E-03
 946   0.234563E-03  -0.107832E-03   0.985863E-02   0.746829E-02   0.250000E-03
 947  -0.160856E-03  -0.786402E-04   0.129434E-01   0.797943E-02   0.450000E-03
 948  -0.325613E-03   0.654567E-04   0.125631E-01   0.856645E-02   0.250000E-03
 949   0.111050E-03  -0.435782E-03   0.156739E-01   0.871130E-02   0.300000E-03
 950   0.181520E-03  -0.265231E-03   0.139988E-01   0.855080E-02   0.400000E-03
 951   0.279970E-03   0.273309E-03   0.165965E-01   0.871152E-02   0.300000E-03
 952   0.566114E-03   0.348579E-04   0.182311E-01   0.824056E-02   0.250000E-03
 953   0.722419E-03  -0.119697E-04   0.210979E-01   0.868000E-02   0.250000E-03
 954   0.122390E-03  -0.512242E-03   0.225754E-01   0.857390E-02   0.500000E-03
 955  -0.272149E-03  -0.435508E-03   0.237902E-01   0.799290E-02   0.250000E-03
 956   0.683807E-03  -0.554216E-03   0.255598E-01   0.702210E-02   0.250000E-03
 957   0.123117E-03  -0.174059E-02   0.269751E-01   0.747410E-02   0.350000E-03
 958   0.806337E-04  -0.183224E-02   0.266838E-01   0.683792E-02   0.350000E-03
 959   0.797484E-03  -0.246304E-02   0.272089E-01   0.637603E-02   0.350000E-03
 960  -0.996025E-04  -0.405838E-03   0.302198E-01   0.684281E-02   0.250000E-03
 961   0.131696E-02  -0.132622E-02   0.321442E-01   0.796448E-02   0.400000E-03
 962   0.102251E-02   0.402048E-04   0.316906E-01   0.749871E-02   0.250000E-03
 963   0.398810E-03   0.119874E-05   0.333097E-01   0.698327E-02   0.200000E-03
 964   0.151587E-02  -0.323820E-03   0.353240E-01   0.682174E-02   0.300000E-03
 965   0.111168E-02  -0.138253E-03   0.361050E-01   0.685200E-02   0.250000E-03
 966   0.121752E-02   0.122143E-03   0.367170E-01   0.723557E-02   0.400000E-03
 967   0.934689E-03  -0.291665E-03   0.406446E-01   0.632278E-02   0.350000E-03
 968   0.117010E-02  -0.285761E-03   0.401559E-01   0.623640E-02   0.150000E-03
 969   0.591164E-03   0.262585E-04   0.447506E-01   0.711372E-02   0.250000E-03
 970  -0.517351E-03  -0.689439E-03   0.442484E-01   0.678682E-02   0.350000E-03
 971  -0.567087E-04  -0.143441E-03   0.427109E-01   0.590278E-02   0.400000E-03
 972  -0.682841E-05  -0.700915E-03   0.436524E-01   0.673319E-02   0.250000E-03
 973   0.419013E-03  -0.960785E-04   0.839646E-03   0.531293E-02   0.250000E-03
 974   0.448731E-03  -0.284040E-04   0.399665E-02   0.820348E-02   0.250000E-03
 975   0.645671E-03  -0.321125E-04   0.134693E-02   0.623828E-02   0.350000E-03
 976   0.130708E-03   0.246386E-03   0.781568E-03   0.655769E-02   0.300000E-03
 977   0.462681E-03  -0.183893E-03   0.728254E-02   0.790652E-02   0.250000E-03
 978   0.450249E-03  -0.195355E-03   0.691730E-02   0.749612E-02   0.300000E-03
 979   0.473103E-03  -0.201793E-03   0.637688E-02   0.759629E-02   0.250000E-03
 980   0.572625E-03  -0.100878E-03   0.816240E-02   0.781059E-02   0.400000E-03
 981   0.836009E-04  -0.125760E-03   0.103511E-01   0.755014E-02   0.250000E-03
 982   0.259492E-03  -0.293069E-04   0.937636E-02   0.813661E-02   0.450000E-03
 983   0.391213E-03  -0.381335E-04   0.121701E-01   0.825759E-02   0.250000E-03
 984   0.188848E-03  -0.300561E-04   0.107670E-01   0.798150E-02   0.350000E-03
 985   0.231488E-03  -0.207037E-03   0.135763E-01   0.812599E-02   0.200000E-03
 986   0.715352E-03  -0.238430E-03   0.190054E-01   0.921694E-02   0.300000E-03
 987   0.275212E-03  -0.294038E-03   0.186319E-01   0.868552E-02   0.350000E-03
 988   0.403687E-03  -0.268445E-03   0.194436E-01   0.877384E-02   0.300000E-03
 989   0.398702E-03  -0.298134E-03   0.195467E-01   0.931333E-02   0.250000E-03
 990   0.544961E-03  -0.520256E-03   0.214677E-01   0.825120E-02   0.250000E-03
 991  -0.693026E-04  -0.609269E-03   0.246113E-01   0.775366E-02   0.350000E-03
 992  -0.141347E-03  -0.541611E-03   0.250728E-01   0.729729E-02   0.300000E-03
 993  -0.174154E-03  -0.388715E-03   0.251397E-01   0.675179E-02   0.250000E-03
 994   0.946224E-03  -0.144432E-02   0.272953E-01   0.696779E-02   0.250000E-03
 995  -0.123429E-02  -0.194027E-04   0.279348E-01   0.708295E-02   0.400000E-03
 996   0.684997E-04  -0.413726E-04   0.304520E-01   0.733988E-02   0.300000E-03
 997  -0.258551E-03  -0.248315E-03   0.298832E-01   0.721237E-02   0.250000E-03
 998   0.117809E-02  -0.223257E-04   0.322208E-01   0.721880E-02   0.350000E-03
 999   0.887911E-03  -0.736699E-03   0.330500E-01   0.734999E-02   0.250000E-03
1000   0.142777E-02  -0.224213E-03   0.341950E-01   0.716587E-02   0.350000E-03
