   1  -0.903565E-03   0.112671E-02   0.112797E-01   0.845974E-02   0.350000E-03
   2  -0.231000E-02  -0.356370E-04   0.148869E-03   0.149770E-03   0.150000E-03
   3   0.249520E-02  -0.461901E-02   0.459368E-02   0.447910E-03   0.450000E-03
   4   0.204565E-02   0.183709E-02   0.575351E-02   0.537959E-03   0.200000E-03
   5   0.343913E-02   0.250038E-04   0.584042E-02   0.999894E-04   0.100000E-03
   6  -0.108220E-02   0.467460E-05   0.751511E-02   0.248870E-03   0.250000E-03
   7  -0.699243E-03  -0.129650E-02   0.814623E-02   0.398576E-03   0.400000E-03
   8  -0.255390E-02  -0.577383E-03   0.889291E-02   0.349139E-03   0.350000E-03
   9  -0.275329E-03   0.133110E-02   0.934582E-02   0.551988E-03   0.150000E-03
  10  -0.116662E-02  -0.141827E-02   0.118187E-01   0.292744E-03   0.300000E-03
  11  -0.136787E-02  -0.531249E-03   0.130615E-01   0.348987E-03   0.350000E-03
  12  -0.608670E-03  -0.107937E-02   0.147950E-01   0.195486E-03   0.200000E-03
  13   0.780943E-04   0.444536E-03   0.169483E-01   0.345383E-03   0.350000E-03
  14  -0.786967E-04   0.798676E-03   0.176468E-01   0.348139E-03   0.350000E-03
  15  -0.165243E-02  -0.306815E-03   0.188620E-01   0.408594E-03   0.400000E-03
  16   0.373679E-03   0.213437E-03   0.196059E-01   0.346020E-03   0.350000E-03
  17  -0.207338E-02   0.108796E-02   0.205192E-01   0.339906E-03   0.350000E-03
  18  -0.217474E-02   0.341577E-03   0.219782E-01   0.349296E-03   0.350000E-03
  19  -0.160122E-02   0.419418E-04   0.225681E-01   0.245098E-03   0.250000E-03
  20  -0.905721E-03  -0.415309E-04   0.230673E-01   0.247445E-03   0.250000E-03
  21  -0.314839E-03   0.162068E-03   0.244864E-01   0.249732E-03   0.250000E-03
  22  -0.116424E-03   0.825316E-03   0.257273E-01   0.199943E-03   0.200000E-03
  23  -0.458376E-03  -0.446585E-04   0.267596E-01   0.994167E-04   0.100000E-03
  24   0.492457E-04   0.365770E-03   0.282229E-01   0.397489E-03   0.400000E-03
  25  -0.151805E-02   0.509429E-03   0.297886E-01   0.410406E-03   0.400000E-03
  26  -0.773523E-03   0.580276E-03   0.305293E-01   0.333529E-03   0.350000E-03
  27  -0.214673E-02   0.178898E-02   0.318674E-01   0.297199E-03   0.300000E-03
  28   0.411432E-03   0.813240E-03   0.333230E-01   0.348056E-03   0.300000E-03
  29  -0.157960E-02   0.609623E-03   0.355500E-01   0.445682E-03   0.450000E-03
  30  -0.215109E-03   0.139442E-03   0.374098E-01   0.347602E-03   0.350000E-03
  31   0.777848E-03   0.134081E-03   0.379999E-01   0.248513E-03   0.250000E-03
  32   0.400030E-03   0.808687E-03   0.401268E-01   0.197297E-03   0.200000E-03
  33  -0.538651E-03   0.739965E-03   0.410160E-01   0.194647E-03   0.200000E-03
  34  -0.171723E-02   0.216022E-02   0.446056E-01   0.879267E-03   0.400000E-03
  35   0.407025E-03   0.334569E-02   0.446518E-01   0.192444E-02   0.350000E-03
  36  -0.645338E-03   0.440969E-03   0.865087E-02   0.831080E-02   0.300000E-03
  37  -0.178232E-02   0.103305E-02   0.247400E-03   0.176935E-02   0.250000E-03
  38   0.157677E-02  -0.152094E-02   0.782306E-03   0.717223E-03   0.300000E-03
  39   0.115954E-02  -0.145935E-02   0.269768E-02   0.398996E-03   0.400000E-03
  40   0.628602E-03   0.211330E-02   0.618972E-02   0.299224E-03   0.300000E-03
  41  -0.241693E-02  -0.736945E-03   0.688225E-02   0.391333E-03   0.400000E-03
  42   0.911155E-03  -0.137436E-02   0.730815E-02   0.100078E-02   0.350000E-03
  43  -0.149731E-02   0.169443E-03   0.861268E-02   0.935730E-03   0.300000E-03
  44  -0.227141E-03   0.403843E-03   0.939410E-02   0.947247E-03   0.250000E-03
  45  -0.486998E-03   0.654623E-03   0.999027E-02   0.496113E-03   0.500000E-03
  46  -0.335612E-03   0.516473E-03   0.107831E-01   0.300048E-03   0.300000E-03
  47  -0.649001E-03  -0.341725E-03   0.152941E-01   0.149925E-03   0.150000E-03
  48   0.349603E-03   0.112844E-03   0.158512E-01   0.447289E-03   0.450000E-03
  49   0.685682E-04   0.641812E-03   0.165155E-01   0.886161E-03   0.350000E-03
  50  -0.370532E-03  -0.568187E-04   0.182365E-01   0.245825E-03   0.250000E-03
  51  -0.951349E-03   0.414093E-03   0.193308E-01   0.871577E-03   0.250000E-03
  52  -0.776092E-03  -0.373156E-03   0.200613E-01   0.147498E-03   0.150000E-03
  53  -0.116711E-02  -0.332931E-03   0.205211E-01   0.101457E-02   0.200000E-03
  54  -0.126051E-02   0.916808E-03   0.211672E-01   0.298248E-03   0.300000E-03
  55   0.301744E-03   0.320695E-03   0.233996E-01   0.999092E-04   0.100000E-03
  56  -0.941350E-03   0.446338E-03   0.238534E-01   0.396457E-03   0.400000E-03
  57  -0.141660E-02   0.733470E-04   0.245236E-01   0.919982E-03   0.400000E-03
  58  -0.101026E-02   0.312025E-04   0.251196E-01   0.395424E-03   0.400000E-03
  59   0.112158E-02   0.454549E-03   0.270397E-01   0.205189E-03   0.200000E-03
  60   0.722501E-03   0.321663E-03   0.275310E-01   0.296216E-03   0.300000E-03
  61   0.415887E-03   0.111477E-02   0.291030E-01   0.294530E-03   0.300000E-03
  62  -0.509830E-03   0.423080E-03   0.312245E-01   0.348021E-03   0.350000E-03
  63  -0.940538E-03  -0.141485E-03   0.328548E-01   0.196625E-03   0.200000E-03
  64  -0.137599E-02   0.735262E-03   0.347590E-01   0.346019E-03   0.350000E-03
  65  -0.997010E-03   0.635266E-03   0.363282E-01   0.612466E-03   0.350000E-03
  66  -0.777570E-03  -0.969203E-04   0.364420E-01   0.137721E-03   0.150000E-03
  67   0.200744E-02   0.302099E-03   0.391443E-01   0.298626E-03   0.300000E-03
  68   0.186996E-02   0.108111E-02   0.423061E-01   0.199715E-03   0.200000E-03
  69  -0.836565E-04   0.116933E-02   0.438625E-01   0.825517E-03   0.350000E-03
  70   0.849902E-03  -0.970671E-03   0.423977E-01   0.720477E-02   0.250000E-03
  71   0.104962E-02   0.131268E-02   0.447014E-01   0.495896E-02   0.300000E-03
  72  -0.635948E-03  -0.306344E-02   0.447503E-01   0.248026E-03   0.250000E-03
  73   0.135198E-04   0.284334E-03   0.256502E-02   0.793440E-02   0.350000E-03
  74  -0.240274E-03   0.256741E-03   0.120962E-02   0.298607E-03   0.300000E-03
  75  -0.136197E-03  -0.549700E-03   0.392833E-02   0.248046E-03   0.250000E-03
  76  -0.772939E-03  -0.627466E-03   0.523125E-02   0.923434E-03   0.350000E-03
  77  -0.116989E-02  -0.125520E-02   0.648074E-02   0.822541E-03   0.200000E-03
  78  -0.607391E-03  -0.270243E-03   0.666191E-02   0.133991E-02   0.350000E-03
  79  -0.161167E-03  -0.375056E-03   0.799271E-02   0.113082E-02   0.350000E-03
  80  -0.201704E-03  -0.939462E-04   0.904698E-02   0.130193E-02   0.250000E-03
  81  -0.542626E-03   0.143380E-03   0.106978E-01   0.955818E-03   0.350000E-03
  82  -0.996673E-03   0.430263E-03   0.133013E-01   0.950289E-03   0.300000E-03
  83  -0.135221E-02  -0.113914E-02   0.137598E-01   0.346391E-03   0.350000E-03
  84  -0.673148E-03  -0.806768E-03   0.143494E-01   0.243633E-03   0.250000E-03
  85   0.297930E-03  -0.671075E-03   0.154409E-01   0.100906E-02   0.250000E-03
  86  -0.429483E-03   0.499471E-03   0.172946E-01   0.106421E-02   0.450000E-03
  87  -0.140915E-02   0.114457E-02   0.188707E-01   0.105802E-02   0.250000E-03
  88  -0.486496E-03  -0.475455E-03   0.200683E-01   0.801698E-03   0.300000E-03
  89  -0.105347E-02   0.102000E-02   0.203162E-01   0.160514E-02   0.400000E-03
  90  -0.176344E-02  -0.428898E-03   0.214977E-01   0.854606E-03   0.350000E-03
  91  -0.108243E-02   0.659858E-03   0.225964E-01   0.739846E-03   0.250000E-03
  92  -0.863191E-03   0.162262E-03   0.231871E-01   0.832741E-03   0.350000E-03
  93  -0.317020E-03  -0.478731E-04   0.238109E-01   0.114173E-02   0.350000E-03
  94  -0.120828E-02   0.516501E-03   0.252409E-01   0.113406E-02   0.350000E-03
  95   0.680480E-03   0.215744E-03   0.273603E-01   0.919453E-03   0.350000E-03
  96   0.511092E-03   0.165606E-03   0.280611E-01   0.117918E-02   0.400000E-03
  97  -0.112149E-02   0.177370E-03   0.294659E-01   0.973397E-03   0.250000E-03
  98   0.288713E-03  -0.134191E-03   0.303059E-01   0.108486E-02   0.450000E-03
  99  -0.741152E-03   0.116152E-04   0.324109E-01   0.246851E-03   0.250000E-03
 100  -0.109971E-02  -0.507030E-03   0.327320E-01   0.625690E-03   0.250000E-03
 101  -0.140060E-02   0.369655E-03   0.349678E-01   0.106313E-02   0.400000E-03
 102  -0.682238E-03   0.528260E-05   0.368180E-01   0.267029E-03   0.250000E-03
 103  -0.236250E-03  -0.259958E-03   0.376461E-01   0.896201E-03   0.250000E-03
 104   0.243707E-03   0.162639E-03   0.385465E-01   0.297206E-03   0.300000E-03
 105   0.859152E-03   0.466383E-03   0.405714E-01   0.243748E-03   0.250000E-03
 106   0.284467E-03   0.102335E-02   0.431950E-01   0.296620E-03   0.300000E-03
 107   0.981635E-03  -0.143360E-03   0.440798E-01   0.746409E-02   0.350000E-03
 108   0.178993E-02   0.131330E-02   0.349341E-01   0.746302E-02   0.450000E-03
 109   0.122200E-02  -0.106047E-02   0.243030E-03   0.634850E-03   0.250000E-03
 110   0.625044E-03   0.254479E-03   0.538074E-03   0.236839E-03   0.250000E-03
 111   0.751771E-03   0.319154E-03   0.190115E-02   0.398019E-03   0.400000E-03
 112  -0.365789E-03   0.592928E-03   0.323373E-02   0.923465E-03   0.350000E-03
 113  -0.110512E-02  -0.130757E-02   0.595405E-02   0.109956E-02   0.400000E-03
 114  -0.313423E-03  -0.129804E-03   0.717401E-02   0.153171E-02   0.200000E-03
 115  -0.248163E-03   0.570616E-03   0.851999E-02   0.158004E-02   0.350000E-03
 116  -0.414905E-03   0.620070E-03   0.985255E-02   0.133346E-02   0.350000E-03
 117  -0.168646E-02  -0.200701E-03   0.113595E-01   0.737619E-03   0.350000E-03
 118  -0.169964E-02  -0.773825E-03   0.124159E-01   0.296325E-03   0.300000E-03
 119  -0.302379E-03  -0.559223E-04   0.142800E-01   0.782967E-03   0.300000E-03
 120   0.212178E-03  -0.634914E-03   0.151126E-01   0.574481E-03   0.300000E-03
 121   0.142094E-03   0.249240E-03   0.167350E-01   0.138606E-02   0.200000E-03
 122  -0.362933E-03   0.892360E-03   0.181832E-01   0.940146E-03   0.450000E-03
 123  -0.119192E-02   0.529869E-03   0.186133E-01   0.142195E-02   0.200000E-03
 124  -0.117955E-02   0.666911E-03   0.197012E-01   0.127476E-02   0.300000E-03
 125  -0.745737E-03  -0.189155E-04   0.209059E-01   0.781658E-03   0.250000E-03
 126  -0.101065E-02   0.443471E-03   0.209535E-01   0.132470E-02   0.300000E-03
 127  -0.906189E-03   0.254420E-03   0.227307E-01   0.121881E-02   0.250000E-03
 128  -0.114620E-02  -0.715991E-04   0.230774E-01   0.164162E-02   0.300000E-03
 129   0.195902E-03   0.345917E-03   0.236230E-01   0.170027E-02   0.250000E-03
 130  -0.764820E-03   0.689202E-03   0.257364E-01   0.714574E-03   0.300000E-03
 131  -0.756443E-03   0.540702E-03   0.263569E-01   0.395137E-03   0.400000E-03
 132   0.470329E-03  -0.478884E-03   0.275275E-01   0.145075E-02   0.200000E-03
 133   0.194915E-03   0.590945E-03   0.288181E-01   0.927858E-03   0.400000E-03
 134  -0.891996E-03   0.201595E-03   0.311961E-01   0.109518E-02   0.400000E-03
 135  -0.161036E-02   0.340649E-03   0.320425E-01   0.102368E-02   0.450000E-03
 136   0.993310E-03   0.516788E-03   0.340144E-01   0.398366E-03   0.400000E-03
 137  -0.529919E-03   0.826938E-03   0.372170E-01   0.753452E-03   0.100000E-03
 138  -0.528499E-03   0.519493E-03   0.373965E-01   0.132491E-02   0.250000E-03
 139   0.632135E-03  -0.638378E-03   0.381796E-01   0.767421E-03   0.300000E-03
 140   0.129191E-03   0.490412E-03   0.396887E-01   0.274369E-03   0.250000E-03
 141  -0.264106E-03   0.104171E-02   0.414614E-01   0.249134E-03   0.250000E-03
 142   0.101516E-03   0.780778E-03   0.419066E-01   0.196240E-03   0.200000E-03
 143   0.107552E-02   0.725807E-03   0.438976E-01   0.629713E-02   0.250000E-03
 144   0.137474E-02   0.130841E-02   0.296186E-01   0.770316E-02   0.300000E-03
 145  -0.241602E-04   0.240917E-03   0.294459E-03   0.331388E-02   0.300000E-03
 146   0.345765E-03   0.492540E-03   0.668982E-03   0.135212E-02   0.350000E-03
 147   0.123442E-02   0.238670E-03   0.408260E-02   0.849301E-03   0.200000E-03
 148  -0.525727E-03   0.729642E-03   0.532514E-02   0.288740E-03   0.300000E-03
 149  -0.104675E-03   0.804017E-04   0.612200E-02   0.192891E-02   0.450000E-03
 150  -0.114640E-02  -0.199024E-03   0.756786E-02   0.147958E-02   0.200000E-03
 151  -0.920115E-04   0.275273E-03   0.937940E-02   0.160282E-02   0.200000E-03
 152  -0.622711E-03   0.390592E-04   0.103922E-01   0.140754E-02   0.200000E-03
 153  -0.134459E-02   0.230904E-03   0.112030E-01   0.136279E-02   0.300000E-03
 154  -0.155407E-02   0.109578E-02   0.126040E-01   0.967018E-03   0.400000E-03
 155  -0.441260E-03   0.427791E-03   0.137932E-01   0.887697E-03   0.200000E-03
 156  -0.602626E-03  -0.516797E-03   0.148280E-01   0.121413E-02   0.400000E-03
 157   0.480940E-03  -0.553808E-03   0.159627E-01   0.138870E-02   0.400000E-03
 158  -0.286121E-03   0.109649E-02   0.174164E-01   0.185061E-02   0.350000E-03
 159  -0.163185E-03   0.986116E-03   0.178047E-01   0.146635E-02   0.200000E-03
 160  -0.124717E-02   0.467591E-03   0.182199E-01   0.163884E-02   0.250000E-03
 161  -0.114026E-02   0.229993E-03   0.196496E-01   0.181787E-02   0.250000E-03
 162  -0.815431E-03   0.221576E-03   0.209646E-01   0.182109E-02   0.200000E-03
 163  -0.415698E-03   0.272997E-03   0.221396E-01   0.112412E-02   0.350000E-03
 164  -0.106677E-02   0.393719E-03   0.227626E-01   0.219513E-02   0.300000E-03
 165  -0.723734E-03   0.843699E-04   0.248363E-01   0.157582E-02   0.250000E-03
 166  -0.541778E-03   0.101780E-02   0.256617E-01   0.155496E-02   0.250000E-03
 167  -0.220710E-03   0.863326E-03   0.266445E-01   0.113216E-02   0.400000E-03
 168  -0.385769E-03   0.164621E-02   0.286118E-01   0.154018E-02   0.250000E-03
 169  -0.616965E-03   0.135696E-02   0.302153E-01   0.171407E-02   0.200000E-03
 170  -0.138544E-02   0.145079E-02   0.308068E-01   0.179118E-02   0.400000E-03
 171   0.262105E-03   0.129878E-03   0.335354E-01   0.906730E-03   0.300000E-03
 172   0.887598E-03   0.278274E-03   0.341782E-01   0.117985E-02   0.400000E-03
 173  -0.135965E-02   0.337262E-03   0.356551E-01   0.118367E-02   0.300000E-03
 174  -0.454114E-03   0.678673E-03   0.368732E-01   0.104266E-02   0.350000E-03
 175   0.197364E-02   0.221116E-03   0.390126E-01   0.882770E-03   0.300000E-03
 176   0.986712E-03   0.175590E-02   0.400789E-01   0.985505E-03   0.200000E-03
 177   0.834556E-03   0.458149E-03   0.406101E-01   0.784837E-03   0.300000E-03
 178  -0.136951E-02   0.538699E-03   0.444031E-01   0.143884E-02   0.200000E-03
 179   0.998101E-03   0.112460E-02   0.427058E-01   0.196391E-03   0.200000E-03
 180   0.133088E-03   0.127458E-02   0.400372E-01   0.752341E-02   0.300000E-03
 181   0.102411E-02   0.131452E-02   0.197137E-03   0.108096E-02   0.200000E-03
 182  -0.134876E-04  -0.199521E-03   0.140885E-02   0.213844E-02   0.200000E-03
 183  -0.273934E-03  -0.866939E-03   0.338540E-02   0.295391E-03   0.300000E-03
 184  -0.796135E-03  -0.390782E-04   0.539551E-02   0.159610E-02   0.350000E-03
 185  -0.185112E-03   0.516664E-03   0.625233E-02   0.260797E-02   0.250000E-03
 186  -0.283136E-03   0.294153E-03   0.680099E-02   0.187095E-02   0.200000E-03
 187  -0.672234E-03   0.350399E-03   0.792158E-02   0.182344E-02   0.300000E-03
 188  -0.657833E-03   0.231965E-03   0.963799E-02   0.197934E-02   0.250000E-03
 189  -0.698824E-03  -0.696505E-04   0.117362E-01   0.125000E-02   0.250000E-03
 190  -0.111034E-02   0.105112E-02   0.119749E-01   0.816141E-03   0.250000E-03
 191  -0.780115E-03   0.669855E-05   0.140199E-01   0.126618E-02   0.250000E-03
 192  -0.453271E-03   0.364052E-03   0.143284E-01   0.183293E-02   0.400000E-03
 193  -0.437386E-03   0.116806E-02   0.153346E-01   0.169706E-02   0.300000E-03
 194   0.419607E-03  -0.545259E-03   0.165307E-01   0.194392E-02   0.400000E-03
 195  -0.137550E-02   0.668451E-03   0.179732E-01   0.207310E-02   0.250000E-03
 196  -0.162117E-02   0.622604E-03   0.191585E-01   0.152631E-02   0.300000E-03
 197  -0.860089E-03   0.553667E-03   0.200158E-01   0.229185E-02   0.350000E-03
 198  -0.133306E-02   0.526009E-03   0.206603E-01   0.221396E-02   0.300000E-03
 199  -0.180188E-02  -0.279800E-04   0.215220E-01   0.150193E-02   0.300000E-03
 200  -0.197417E-02   0.100314E-03   0.222656E-01   0.216096E-02   0.200000E-03
 201  -0.143292E-02   0.110982E-03   0.242897E-01   0.157887E-02   0.300000E-03
 202  -0.301875E-03   0.105719E-02   0.260009E-01   0.119578E-02   0.250000E-03
 203  -0.275661E-03  -0.817986E-03   0.266053E-01   0.182593E-02   0.300000E-03
 204  -0.106542E-02  -0.125969E-04   0.271011E-01   0.159077E-02   0.250000E-03
 205  -0.134480E-02   0.988813E-03   0.296322E-01   0.160085E-02   0.400000E-03
 206  -0.133964E-02   0.613810E-03   0.322666E-01   0.178930E-02   0.350000E-03
 207  -0.678050E-03   0.688809E-03   0.328983E-01   0.129939E-02   0.450000E-03
 208  -0.201793E-04   0.100321E-02   0.336085E-01   0.166495E-02   0.350000E-03
 209  -0.996033E-03   0.405184E-03   0.362487E-01   0.125307E-02   0.300000E-03
 210  -0.428336E-03   0.559836E-03   0.366469E-01   0.154148E-02   0.200000E-03
 211  -0.109716E-02   0.553226E-03   0.370629E-01   0.169526E-02   0.250000E-03
 212   0.809963E-03   0.739268E-04   0.400514E-01   0.588051E-03   0.200000E-03
 213  -0.460769E-03   0.758291E-03   0.411328E-01   0.623972E-03   0.250000E-03
 214   0.212743E-03   0.174679E-02   0.420848E-01   0.550198E-03   0.200000E-03
 215   0.189837E-02   0.114051E-02   0.442569E-01   0.149729E-03   0.150000E-03
 216  -0.153728E-02   0.112510E-02   0.217271E-01   0.885780E-02   0.400000E-03
 217  -0.588091E-03   0.179358E-02   0.146221E-01   0.896584E-02   0.350000E-03
 218  -0.258044E-03  -0.313997E-03   0.874059E-03   0.201787E-02   0.350000E-03
 219  -0.118297E-03  -0.534610E-03   0.373381E-02   0.653765E-03   0.200000E-03
 220  -0.841050E-03  -0.236135E-03   0.458486E-02   0.129574E-02   0.400000E-03
 221  -0.880029E-03   0.699136E-03   0.532905E-02   0.218382E-02   0.250000E-03
 222  -0.599675E-03   0.222772E-03   0.731768E-02   0.205868E-02   0.350000E-03
 223  -0.364191E-03   0.907110E-03   0.904433E-02   0.203275E-02   0.350000E-03
 224  -0.333874E-03  -0.327521E-04   0.102325E-01   0.193098E-02   0.350000E-03
 225  -0.525854E-03   0.196770E-03   0.107530E-01   0.157035E-02   0.200000E-03
 226  -0.140825E-02   0.326754E-03   0.122024E-01   0.153761E-02   0.300000E-03
 227  -0.109838E-02   0.922269E-03   0.130513E-01   0.143532E-02   0.250000E-03
 228  -0.807229E-03   0.168225E-02   0.148892E-01   0.175978E-02   0.150000E-03
 229  -0.177824E-03   0.747592E-05   0.158892E-01   0.203195E-02   0.250000E-03
 230  -0.365293E-03   0.324601E-03   0.175703E-01   0.247995E-02   0.300000E-03
 231  -0.190424E-02   0.465270E-03   0.183910E-01   0.229504E-02   0.200000E-03
 232  -0.150699E-02   0.293445E-03   0.186985E-01   0.190862E-02   0.300000E-03
 233  -0.123688E-02   0.229665E-03   0.192537E-01   0.233147E-02   0.400000E-03
 234  -0.878854E-03   0.138070E-03   0.213747E-01   0.210323E-02   0.300000E-03
 235  -0.841447E-03   0.406147E-04   0.224528E-01   0.168880E-02   0.300000E-03
 236  -0.485896E-03   0.656822E-03   0.233558E-01   0.217039E-02   0.300000E-03
 237  -0.112268E-02  -0.318774E-03   0.240032E-01   0.216068E-02   0.350000E-03
 238   0.279008E-04   0.453993E-03   0.252537E-01   0.173681E-02   0.200000E-03
 239  -0.248221E-03  -0.126039E-02   0.267704E-01   0.234722E-02   0.250000E-03
 240   0.418546E-03   0.157299E-02   0.290529E-01   0.147624E-02   0.200000E-03
 241  -0.219642E-03   0.666787E-03   0.302142E-01   0.224916E-02   0.350000E-03
 242   0.981047E-04  -0.120854E-03   0.315680E-01   0.174629E-02   0.350000E-03
 243  -0.579753E-03   0.611653E-03   0.329844E-01   0.224174E-02   0.500000E-03
 244  -0.113096E-02  -0.946727E-05   0.354554E-01   0.197532E-02   0.200000E-03
 245  -0.124526E-02  -0.242663E-03   0.349330E-01   0.180953E-02   0.350000E-03
 246  -0.157173E-03  -0.260421E-03   0.365868E-01   0.213360E-02   0.400000E-03
 247   0.176626E-03   0.893728E-03   0.379901E-01   0.138803E-02   0.350000E-03
 248   0.249965E-03   0.455080E-03   0.396082E-01   0.817879E-03   0.300000E-03
 249   0.712225E-03   0.124642E-02   0.416523E-01   0.788374E-03   0.300000E-03
 250   0.128241E-03   0.101130E-02   0.437418E-01   0.243678E-03   0.250000E-03
 251   0.194499E-02   0.115822E-02   0.446037E-01   0.298727E-02   0.400000E-03
 252  -0.592263E-03   0.318122E-02   0.337765E-01   0.773131E-02   0.350000E-03
 253  -0.313400E-04   0.134711E-03   0.211821E-02   0.739570E-02   0.350000E-03
 254   0.255064E-03   0.605297E-03   0.138888E-02   0.937660E-03   0.350000E-03
 255   0.195340E-04   0.132691E-03   0.230212E-02   0.971627E-03   0.300000E-03
 256  -0.383807E-03   0.641573E-03   0.483298E-02   0.194726E-02   0.300000E-03
 257  -0.285676E-03   0.498763E-03   0.674515E-02   0.236714E-02   0.300000E-03
 258  -0.555786E-03   0.512275E-03   0.838931E-02   0.227026E-02   0.350000E-03
 259  -0.409807E-03   0.657683E-03   0.902918E-02   0.282974E-02   0.450000E-03
 260  -0.658086E-03   0.342622E-03   0.986719E-02   0.258565E-02   0.400000E-03
 261  -0.524392E-03  -0.523142E-03   0.116618E-01   0.179112E-02   0.300000E-03
 262  -0.159553E-03  -0.106711E-03   0.121611E-01   0.220328E-02   0.350000E-03
 263  -0.136994E-02   0.491960E-03   0.135942E-01   0.168656E-02   0.350000E-03
 264  -0.681517E-03   0.363029E-03   0.149125E-01   0.220838E-02   0.300000E-03
 265  -0.376587E-03  -0.117394E-02   0.166525E-01   0.253124E-02   0.200000E-03
 266   0.272636E-03   0.889810E-04   0.170489E-01   0.231802E-02   0.250000E-03
 267   0.513601E-03   0.531434E-04   0.171314E-01   0.280664E-02   0.250000E-03
 268  -0.181224E-02   0.516118E-03   0.186821E-01   0.263612E-02   0.250000E-03
 269  -0.210425E-02   0.764524E-03   0.191125E-01   0.296595E-02   0.250000E-03
 270  -0.671847E-03   0.579078E-03   0.197098E-01   0.291972E-02   0.350000E-03
 271  -0.125814E-02   0.179948E-03   0.219336E-01   0.185849E-02   0.250000E-03
 272  -0.844559E-03   0.565270E-03   0.223634E-01   0.276107E-02   0.400000E-03
 273  -0.634479E-03  -0.489405E-03   0.234920E-01   0.284676E-02   0.400000E-03
 274  -0.670058E-03   0.813211E-03   0.258430E-01   0.201483E-02   0.250000E-03
 275  -0.118356E-02   0.440821E-03   0.262744E-01   0.226123E-02   0.250000E-03
 276   0.131281E-03   0.102605E-02   0.275102E-01   0.195040E-02   0.300000E-03
 277  -0.728939E-03  -0.455812E-03   0.294705E-01   0.217684E-02   0.200000E-03
 278  -0.154992E-02   0.655341E-03   0.319004E-01   0.238416E-02   0.350000E-03
 279  -0.112513E-02   0.863491E-03   0.323998E-01   0.270700E-02   0.250000E-03
 280   0.976885E-03  -0.365834E-03   0.342878E-01   0.186932E-02   0.300000E-03
 281  -0.113461E-02   0.303702E-03   0.358903E-01   0.173079E-02   0.300000E-03
 282  -0.678243E-03   0.506993E-03   0.375451E-01   0.179741E-02   0.250000E-03
 283  -0.141614E-02  -0.358811E-03   0.384894E-01   0.162064E-02   0.200000E-03
 284   0.174231E-02   0.348888E-03   0.385478E-01   0.117441E-02   0.250000E-03
 285  -0.189509E-03   0.763561E-03   0.410984E-01   0.121861E-02   0.350000E-03
 286   0.236548E-03   0.161958E-02   0.432209E-01   0.892746E-03   0.300000E-03
 287   0.686959E-03   0.109079E-02   0.428445E-01   0.121848E-02   0.200000E-03
 288  -0.693823E-03   0.106488E-02   0.588001E-02   0.793033E-02   0.350000E-03
 289  -0.104307E-02  -0.711837E-03   0.245541E-03   0.226689E-02   0.250000E-03
 290   0.183741E-03   0.119769E-03   0.186161E-02   0.137387E-02   0.300000E-03
 291   0.259056E-03   0.440750E-03   0.250240E-02   0.164149E-02   0.400000E-03
 292  -0.382302E-03   0.849280E-03   0.312929E-02   0.151238E-02   0.250000E-03
 293  -0.683084E-03   0.410149E-03   0.570943E-02   0.257204E-02   0.300000E-03
 294  -0.453196E-03   0.852237E-03   0.819493E-02   0.298817E-02   0.400000E-03
 295  -0.708217E-03   0.722330E-04   0.968686E-02   0.336446E-02   0.400000E-03
 296  -0.623688E-03  -0.689231E-04   0.111272E-01   0.190493E-02   0.250000E-03
 297  -0.304802E-03   0.931345E-04   0.107295E-01   0.191612E-02   0.150000E-03
 298  -0.536999E-03   0.441678E-03   0.126769E-01   0.168378E-02   0.200000E-03
 299  -0.829049E-03   0.829310E-04   0.139056E-01   0.232103E-02   0.250000E-03
 300  -0.666425E-03   0.174041E-03   0.148774E-01   0.270443E-02   0.200000E-03
 301  -0.117028E-02   0.351587E-03   0.154762E-01   0.238372E-02   0.300000E-03
 302   0.881371E-04  -0.233761E-03   0.170935E-01   0.335022E-02   0.300000E-03
 303  -0.170970E-02   0.170505E-03   0.180625E-01   0.251364E-02   0.200000E-03
 304  -0.180891E-02   0.437725E-03   0.182655E-01   0.290999E-02   0.250000E-03
 305  -0.939992E-03   0.852106E-03   0.193885E-01   0.330001E-02   0.150000E-03
 306  -0.101204E-02   0.129152E-03   0.204647E-01   0.282783E-02   0.350000E-03
 307  -0.148005E-02  -0.285007E-04   0.218606E-01   0.235141E-02   0.250000E-03
 308  -0.103477E-02   0.365426E-03   0.228380E-01   0.333914E-02   0.350000E-03
 309   0.223669E-03   0.675903E-03   0.246043E-01   0.259749E-02   0.400000E-03
 310   0.288453E-04   0.871097E-03   0.251997E-01   0.223152E-02   0.300000E-03
 311   0.443195E-03  -0.855167E-03   0.273265E-01   0.256949E-02   0.350000E-03
 312   0.366464E-03   0.571016E-03   0.281567E-01   0.192007E-02   0.350000E-03
 313   0.210790E-03   0.650731E-03   0.297083E-01   0.255348E-02   0.250000E-03
 314  -0.200102E-02   0.819309E-03   0.312589E-01   0.232334E-02   0.300000E-03
 315  -0.402403E-03   0.115032E-02   0.334736E-01   0.286518E-02   0.300000E-03
 316  -0.213230E-03   0.443770E-03   0.338296E-01   0.232846E-02   0.350000E-03
 317  -0.110211E-02   0.201147E-03   0.350599E-01   0.254716E-02   0.400000E-03
 318  -0.124459E-02   0.263797E-03   0.358464E-01   0.242571E-02   0.400000E-03
 319   0.186237E-02   0.437080E-03   0.389744E-01   0.143047E-02   0.250000E-03
 320   0.179328E-02   0.914366E-03   0.398297E-01   0.141821E-02   0.300000E-03
 321   0.700146E-03   0.100197E-02   0.404221E-01   0.134539E-02   0.300000E-03
 322   0.101631E-02   0.184668E-02   0.425948E-01   0.731922E-03   0.350000E-03
 323   0.293907E-03  -0.719087E-03   0.439744E-01   0.211686E-02   0.350000E-03
 324   0.541094E-03   0.565804E-03   0.396177E-01   0.716758E-02   0.250000E-03
 325  -0.878952E-04   0.157413E-03   0.150347E-02   0.760611E-02   0.300000E-03
 326   0.101436E-03   0.861583E-03   0.124241E-02   0.151653E-02   0.250000E-03
 327  -0.318758E-03   0.100074E-02   0.197638E-02   0.217181E-02   0.350000E-03
 328  -0.118612E-02   0.380260E-03   0.381080E-02   0.162459E-02   0.450000E-03
 329  -0.264840E-03  -0.169217E-03   0.661983E-02   0.313063E-02   0.400000E-03
 330  -0.709502E-03   0.312825E-03   0.726755E-02   0.275268E-02   0.350000E-03
 331  -0.649132E-03   0.306279E-03   0.780553E-02   0.240772E-02   0.250000E-03
 332  -0.603774E-04  -0.772592E-04   0.107822E-01   0.251030E-02   0.450000E-03
 333  -0.712526E-03   0.133814E-03   0.115189E-01   0.237294E-02   0.300000E-03
 334  -0.108979E-02   0.375893E-03   0.130483E-01   0.193204E-02   0.250000E-03
 335  -0.117427E-02   0.288524E-04   0.134139E-01   0.226751E-02   0.250000E-03
 336  -0.280638E-02  -0.632599E-03   0.144064E-01   0.254261E-02   0.300000E-03
 337  -0.308206E-03   0.730518E-03   0.161401E-01   0.252102E-02   0.300000E-03
 338  -0.103845E-02   0.474461E-03   0.167155E-01   0.373896E-02   0.250000E-03
 339  -0.906486E-03   0.305003E-03   0.176991E-01   0.311610E-02   0.350000E-03
 340  -0.230140E-03   0.828374E-03   0.190027E-01   0.352755E-02   0.300000E-03
 341  -0.127608E-02   0.237843E-03   0.201512E-01   0.339197E-02   0.300000E-03
 342  -0.852844E-03   0.369219E-03   0.206433E-01   0.334582E-02   0.200000E-03
 343  -0.151622E-02   0.720029E-03   0.216725E-01   0.286366E-02   0.300000E-03
 344  -0.145423E-03   0.349106E-03   0.239425E-01   0.330579E-02   0.250000E-03
 345  -0.411969E-03   0.152994E-03   0.251974E-01   0.296538E-02   0.300000E-03
 346  -0.650736E-03   0.198422E-03   0.257315E-01   0.260223E-02   0.350000E-03
 347  -0.121162E-02   0.199518E-03   0.264188E-01   0.289100E-02   0.400000E-03
 348   0.637953E-03   0.164946E-03   0.290159E-01   0.197261E-02   0.300000E-03
 349  -0.132761E-03  -0.478162E-03   0.301506E-01   0.284320E-02   0.250000E-03
 350  -0.837634E-03   0.332012E-03   0.320767E-01   0.314851E-02   0.300000E-03
 351  -0.820861E-03   0.115148E-02   0.328634E-01   0.308246E-02   0.350000E-03
 352  -0.674885E-03  -0.204248E-03   0.344936E-01   0.310516E-02   0.400000E-03
 353  -0.751105E-03   0.658901E-03   0.358815E-01   0.302019E-02   0.200000E-03
 354  -0.578760E-04  -0.333954E-03   0.372335E-01   0.218772E-02   0.250000E-03
 355   0.103468E-03   0.104224E-02   0.380357E-01   0.203470E-02   0.300000E-03
 356   0.226498E-02   0.646582E-03   0.393786E-01   0.162360E-02   0.200000E-03
 357  -0.145271E-03   0.766602E-03   0.408086E-01   0.179609E-02   0.300000E-03
 358   0.366568E-03   0.100608E-02   0.416849E-01   0.133252E-02   0.250000E-03
 359   0.672290E-03   0.157783E-02   0.442571E-01   0.528194E-02   0.250000E-03
 360  -0.339555E-03   0.174069E-03   0.448003E-01   0.417598E-02   0.200000E-03
 361  -0.157434E-03   0.308575E-03   0.681812E-03   0.274007E-02   0.400000E-03
 362   0.294096E-03   0.355130E-03   0.147873E-02   0.272987E-02   0.400000E-03
 363  -0.213477E-03   0.109840E-02   0.309604E-02   0.201114E-02   0.250000E-03
 364  -0.487796E-03   0.320844E-03   0.491828E-02   0.254007E-02   0.300000E-03
 365  -0.737457E-03   0.223660E-03   0.592005E-02   0.313252E-02   0.300000E-03
 366  -0.571586E-03   0.394199E-03   0.618100E-02   0.367178E-02   0.300000E-03
 367  -0.642452E-03   0.916806E-03   0.866233E-02   0.336361E-02   0.200000E-03
 368  -0.747334E-03   0.305990E-03   0.103344E-01   0.310524E-02   0.300000E-03
 369  -0.887694E-03  -0.134518E-03   0.118684E-01   0.291997E-02   0.350000E-03
 370  -0.691556E-03  -0.255590E-03   0.128262E-01   0.253922E-02   0.400000E-03
 371  -0.615911E-03   0.325260E-04   0.137372E-01   0.284092E-02   0.300000E-03
 372  -0.805655E-03  -0.313314E-04   0.150723E-01   0.326882E-02   0.400000E-03
 373  -0.909663E-03   0.121972E-02   0.157032E-01   0.293025E-02   0.300000E-03
 374  -0.901113E-03  -0.406496E-03   0.164201E-01   0.316104E-02   0.400000E-03
 375   0.635678E-03   0.994751E-04   0.175500E-01   0.393655E-02   0.450000E-03
 376  -0.175064E-02   0.669253E-03   0.186795E-01   0.308533E-02   0.200000E-03
 377  -0.137465E-02   0.346810E-03   0.196128E-01   0.374603E-02   0.350000E-03
 378  -0.892514E-03   0.190740E-03   0.210911E-01   0.263164E-02   0.300000E-03
 379  -0.123960E-02   0.449669E-03   0.211840E-01   0.328787E-02   0.350000E-03
 380  -0.131613E-02   0.102997E-02   0.220080E-01   0.341970E-02   0.350000E-03
 381   0.337225E-03   0.199140E-03   0.245327E-01   0.334076E-02   0.350000E-03
 382  -0.719859E-03   0.470309E-03   0.268032E-01   0.346804E-02   0.300000E-03
 383   0.103160E-02  -0.926414E-03   0.279150E-01   0.246538E-02   0.250000E-03
 384   0.242207E-03   0.612741E-03   0.285943E-01   0.239291E-02   0.300000E-03
 385  -0.106671E-02   0.305566E-03   0.291633E-01   0.257061E-02   0.300000E-03
 386  -0.728621E-03   0.511982E-04   0.307380E-01   0.261806E-02   0.300000E-03
 387  -0.605065E-03   0.459094E-03   0.324750E-01   0.365907E-02   0.350000E-03
 388  -0.373133E-03  -0.207942E-04   0.354144E-01   0.346243E-02   0.450000E-03
 389  -0.111780E-02   0.118630E-03   0.360575E-01   0.337635E-02   0.200000E-03
 390  -0.380113E-03   0.523948E-03   0.364716E-01   0.292056E-02   0.400000E-03
 391   0.925643E-03   0.445344E-03   0.376748E-01   0.251343E-02   0.300000E-03
 392   0.198877E-02   0.861024E-03   0.390482E-01   0.192414E-02   0.250000E-03
 393   0.732201E-03   0.167504E-03   0.396122E-01   0.212285E-02   0.350000E-03
 394   0.174136E-02   0.659477E-03   0.422298E-01   0.126879E-02   0.300000E-03
 395   0.377497E-03   0.406376E-03   0.439076E-01   0.147200E-02   0.300000E-03
 396   0.169839E-02  -0.250334E-04   0.444268E-01   0.242166E-02   0.200000E-03
 397   0.135042E-04   0.541658E-03   0.972987E-03   0.348302E-02   0.400000E-03
 398   0.114877E-03   0.148213E-02   0.264547E-02   0.232649E-02   0.300000E-03
 399  -0.859437E-03   0.249251E-03   0.354750E-02   0.232493E-02   0.300000E-03
 400  -0.988064E-03   0.259628E-03   0.424670E-02   0.235337E-02   0.400000E-03
 401  -0.610588E-03   0.327595E-03   0.574933E-02   0.391587E-02   0.200000E-03
 402  -0.553503E-03   0.269733E-03   0.729492E-02   0.344756E-02   0.350000E-03
 403  -0.434095E-03   0.327568E-03   0.852815E-02   0.379081E-02   0.250000E-03
 404  -0.445227E-03   0.222034E-03   0.906056E-02   0.366981E-02   0.300000E-03
 405  -0.636604E-03   0.118922E-03   0.119644E-01   0.346896E-02   0.200000E-03
 406  -0.861578E-03   0.806807E-04   0.125289E-01   0.327411E-02   0.400000E-03
 407  -0.660983E-03   0.123749E-04   0.132106E-01   0.312210E-02   0.300000E-03
 408  -0.558522E-03   0.129718E-04   0.142745E-01   0.328752E-02   0.400000E-03
 409  -0.996949E-03   0.661977E-04   0.157525E-01   0.357390E-02   0.350000E-03
 410  -0.779903E-03   0.409929E-03   0.162372E-01   0.399804E-02   0.300000E-03
 411  -0.956040E-03   0.338264E-03   0.167623E-01   0.428406E-02   0.300000E-03
 412  -0.188279E-02   0.923487E-03   0.183071E-01   0.355432E-02   0.400000E-03
 413  -0.122490E-02   0.838038E-03   0.203028E-01   0.396525E-02   0.300000E-03
 414  -0.100307E-02   0.306685E-03   0.208152E-01   0.376115E-02   0.250000E-03
 415  -0.109965E-02   0.809869E-03   0.208359E-01   0.441058E-02   0.400000E-03
 416  -0.144677E-02   0.124189E-02   0.224848E-01   0.399731E-02   0.400000E-03
 417  -0.819556E-03   0.603302E-03   0.234517E-01   0.354188E-02   0.300000E-03
 418  -0.303785E-03  -0.160214E-03   0.251681E-01   0.361243E-02   0.350000E-03
 419   0.869064E-03  -0.399138E-03   0.278271E-01   0.305624E-02   0.350000E-03
 420   0.378645E-03   0.753220E-04   0.284035E-01   0.290154E-02   0.250000E-03
 421  -0.196532E-03  -0.455631E-03   0.296314E-01   0.314007E-02   0.350000E-03
 422  -0.562550E-03   0.155285E-03   0.313319E-01   0.307077E-02   0.450000E-03
 423  -0.996889E-03  -0.133146E-03   0.338123E-01   0.340714E-02   0.350000E-03
 424  -0.600234E-03   0.845473E-04   0.347306E-01   0.376243E-02   0.300000E-03
 425  -0.182286E-03   0.347735E-03   0.369804E-01   0.339450E-02   0.300000E-03
 426   0.113645E-02   0.389095E-03   0.371637E-01   0.282330E-02   0.300000E-03
 427  -0.283773E-03   0.268354E-03   0.380254E-01   0.312879E-02   0.300000E-03
 428   0.827339E-03   0.108246E-02   0.385797E-01   0.209055E-02   0.250000E-03
 429   0.824854E-03   0.212194E-03   0.402212E-01   0.190499E-02   0.300000E-03
 430   0.106275E-03  -0.231390E-03   0.419470E-01   0.186598E-02   0.350000E-03
 431   0.899011E-03  -0.162439E-03   0.426895E-01   0.179515E-02   0.400000E-03
 432   0.262151E-04   0.381601E-03   0.433107E-01   0.147934E-02   0.300000E-03
 433  -0.279155E-03  -0.898846E-04   0.347478E-03   0.395883E-02   0.350000E-03
 434  -0.521499E-03   0.646328E-03   0.159219E-02   0.178832E-02   0.200000E-03
 435  -0.703911E-03  -0.487652E-04   0.313649E-02   0.282626E-02   0.350000E-03
 436  -0.567406E-03   0.426319E-03   0.529893E-02   0.293342E-02   0.250000E-03
 437  -0.687808E-03   0.228570E-03   0.562543E-02   0.353578E-02   0.200000E-03
 438  -0.715642E-03   0.299662E-03   0.676123E-02   0.381449E-02   0.300000E-03
 439  -0.444237E-03   0.164003E-03   0.794002E-02   0.368992E-02   0.350000E-03
 440  -0.256487E-03   0.381742E-03   0.108750E-01   0.374109E-02   0.200000E-03
 441  -0.148128E-03   0.353202E-03   0.109165E-01   0.324516E-02   0.300000E-03
 442  -0.528451E-03   0.440083E-04   0.130794E-01   0.370538E-02   0.300000E-03
 443  -0.643973E-03  -0.148488E-04   0.136471E-01   0.345605E-02   0.250000E-03
 444  -0.789016E-03  -0.134663E-04   0.152269E-01   0.394979E-02   0.300000E-03
 445  -0.550808E-03   0.282814E-03   0.157082E-01   0.445452E-02   0.400000E-03
 446  -0.570516E-03   0.282822E-03   0.163069E-01   0.448600E-02   0.200000E-03
 447   0.883222E-04   0.106679E-02   0.172550E-01   0.462052E-02   0.300000E-03
 448  -0.184022E-02   0.683127E-03   0.183471E-01   0.445144E-02   0.500000E-03
 449  -0.156590E-02   0.728594E-03   0.192417E-01   0.439522E-02   0.400000E-03
 450  -0.104306E-02   0.701469E-03   0.199376E-01   0.443580E-02   0.300000E-03
 451  -0.100514E-02   0.759965E-03   0.214976E-01   0.396493E-02   0.400000E-03
 452  -0.983754E-03   0.568266E-03   0.219728E-01   0.453903E-02   0.350000E-03
 453  -0.400811E-03  -0.787389E-03   0.240699E-01   0.389056E-02   0.350000E-03
 454  -0.691445E-04  -0.445128E-03   0.257910E-01   0.329921E-02   0.350000E-03
 455  -0.557954E-03   0.407055E-03   0.270055E-01   0.301303E-02   0.200000E-03
 456  -0.534789E-03  -0.490500E-03   0.289337E-01   0.317789E-02   0.350000E-03
 457  -0.583411E-03  -0.993007E-03   0.305733E-01   0.319223E-02   0.300000E-03
 458  -0.311615E-03   0.386948E-03   0.307025E-01   0.382351E-02   0.350000E-03
 459  -0.732038E-03   0.483233E-03   0.317818E-01   0.372749E-02   0.350000E-03
 460  -0.849927E-03   0.853772E-04   0.341935E-01   0.386663E-02   0.250000E-03
 461  -0.346181E-03   0.409544E-03   0.364606E-01   0.356786E-02   0.250000E-03
 462   0.340011E-03   0.811617E-03   0.376410E-01   0.426619E-02   0.300000E-03
 463  -0.169299E-03   0.488476E-03   0.382680E-01   0.258373E-02   0.300000E-03
 464   0.402468E-03   0.708901E-03   0.390080E-01   0.264034E-02   0.450000E-03
 465  -0.140699E-03   0.690325E-03   0.407044E-01   0.238368E-02   0.300000E-03
 466  -0.600769E-03   0.440289E-03   0.411764E-01   0.254477E-02   0.200000E-03
 467   0.534541E-03   0.764419E-03   0.435695E-01   0.255931E-02   0.250000E-03
 468   0.763842E-03   0.160315E-02   0.435651E-01   0.383145E-02   0.350000E-03
 469  -0.728537E-04   0.925214E-04   0.105365E-02   0.432771E-02   0.450000E-03
 470  -0.605005E-03   0.368361E-03   0.217602E-02   0.278619E-02   0.300000E-03
 471  -0.836293E-03  -0.467187E-04   0.385269E-02   0.304818E-02   0.400000E-03
 472  -0.119741E-03  -0.890904E-04   0.455039E-02   0.300650E-02   0.300000E-03
 473  -0.538369E-03   0.344508E-03   0.502606E-02   0.351971E-02   0.400000E-03
 474  -0.623978E-03   0.928489E-04   0.744178E-02   0.402280E-02   0.250000E-03
 475  -0.476580E-03   0.540350E-03   0.811412E-02   0.436353E-02   0.350000E-03
 476  -0.640235E-03   0.782790E-04   0.952871E-02   0.404297E-02   0.300000E-03
 477  -0.505010E-03  -0.158810E-03   0.113206E-01   0.287318E-02   0.200000E-03
 478  -0.719937E-03   0.215302E-03   0.122252E-01   0.395264E-02   0.350000E-03
 479  -0.683277E-03   0.271028E-05   0.141974E-01   0.393080E-02   0.250000E-03
 480  -0.852385E-03  -0.290358E-03   0.146855E-01   0.379093E-02   0.250000E-03
 481  -0.175200E-02   0.751442E-03   0.147899E-01   0.427987E-02   0.250000E-03
 482  -0.530352E-03   0.739341E-03   0.162721E-01   0.507740E-02   0.400000E-03
 483  -0.109799E-03   0.807593E-03   0.169673E-01   0.514467E-02   0.300000E-03
 484  -0.189966E-02   0.700179E-03   0.186428E-01   0.519192E-02   0.300000E-03
 485  -0.113146E-02   0.130470E-02   0.196523E-01   0.501911E-02   0.350000E-03
 486  -0.110255E-02   0.633585E-03   0.203227E-01   0.489279E-02   0.300000E-03
 487  -0.121921E-02   0.716518E-03   0.213857E-01   0.491394E-02   0.350000E-03
 488  -0.105371E-02   0.792391E-03   0.219084E-01   0.508354E-02   0.200000E-03
 489   0.398468E-03  -0.687382E-03   0.246673E-01   0.393938E-02   0.250000E-03
 490  -0.554714E-03   0.702230E-03   0.273398E-01   0.338858E-02   0.250000E-03
 491   0.354590E-03  -0.771696E-03   0.283435E-01   0.344611E-02   0.300000E-03
 492  -0.324627E-03  -0.742699E-04   0.293267E-01   0.381498E-02   0.400000E-03
 493   0.734084E-04   0.506828E-03   0.300979E-01   0.359019E-02   0.300000E-03
 494  -0.171952E-04   0.449385E-03   0.312362E-01   0.371248E-02   0.200000E-03
 495  -0.852822E-03   0.182692E-03   0.328792E-01   0.402661E-02   0.200000E-03
 496  -0.782367E-03   0.146268E-03   0.359408E-01   0.419752E-02   0.350000E-03
 497  -0.104015E-02   0.816322E-03   0.360938E-01   0.372315E-02   0.150000E-03
 498   0.507474E-04   0.473136E-03   0.373477E-01   0.380238E-02   0.250000E-03
 499   0.645867E-04   0.280908E-03   0.375222E-01   0.333578E-02   0.250000E-03
 500   0.438558E-03   0.406050E-03   0.393984E-01   0.309451E-02   0.150000E-03
 501   0.884340E-03   0.402473E-03   0.401595E-01   0.244947E-02   0.250000E-03
 502  -0.601031E-03   0.179111E-03   0.413352E-01   0.207543E-02   0.300000E-03
 503   0.468162E-03   0.644170E-03   0.429740E-01   0.262092E-02   0.350000E-03
 504   0.123078E-03  -0.772105E-03   0.433273E-01   0.207462E-02   0.300000E-03
 505  -0.571807E-03   0.352395E-03   0.165090E-02   0.379912E-02   0.350000E-03
 506  -0.272348E-03  -0.101690E-03   0.187115E-02   0.324359E-02   0.250000E-03
 507  -0.514685E-03  -0.103259E-03   0.332610E-02   0.342341E-02   0.250000E-03
 508  -0.207952E-03   0.379797E-03   0.432973E-02   0.355974E-02   0.300000E-03
 509  -0.665201E-03   0.653627E-03   0.609493E-02   0.421434E-02   0.250000E-03
 510  -0.450623E-03   0.668514E-03   0.749909E-02   0.456319E-02   0.300000E-03
 511  -0.670981E-03  -0.500155E-04   0.878554E-02   0.427487E-02   0.300000E-03
 512  -0.702327E-03   0.392821E-03   0.103271E-01   0.375270E-02   0.350000E-03
 513  -0.951350E-03   0.999007E-04   0.114676E-01   0.347244E-02   0.300000E-03
 514  -0.736313E-03   0.355055E-03   0.128492E-01   0.436542E-02   0.400000E-03
 515  -0.548823E-03   0.323067E-05   0.136148E-01   0.407316E-02   0.350000E-03
 516  -0.762134E-03   0.216500E-03   0.142483E-01   0.452668E-02   0.350000E-03
 517  -0.212447E-02   0.367266E-03   0.151596E-01   0.443079E-02   0.150000E-03
 518  -0.552340E-03   0.484485E-03   0.154857E-01   0.521953E-02   0.400000E-03
 519  -0.114137E-02   0.116657E-03   0.177408E-01   0.504318E-02   0.350000E-03
 520  -0.987651E-03   0.115355E-02   0.191764E-01   0.545990E-02   0.300000E-03
 521  -0.129537E-02   0.120666E-02   0.201570E-01   0.557182E-02   0.400000E-03
 522  -0.185669E-02   0.719690E-04   0.207659E-01   0.521690E-02   0.250000E-03
 523  -0.106663E-02   0.797156E-03   0.218866E-01   0.553136E-02   0.250000E-03
 524  -0.130302E-02   0.126957E-02   0.231793E-01   0.406906E-02   0.300000E-03
 525  -0.411735E-03   0.192044E-03   0.252084E-01   0.435934E-02   0.400000E-03
 526  -0.199710E-03  -0.321012E-03   0.256784E-01   0.391335E-02   0.250000E-03
 527   0.920564E-03  -0.235491E-03   0.278043E-01   0.370568E-02   0.300000E-03
 528  -0.197084E-03  -0.830198E-03   0.291810E-01   0.454963E-02   0.350000E-03
 529  -0.455542E-03   0.398514E-03   0.305537E-01   0.444944E-02   0.300000E-03
 530  -0.811863E-03   0.486059E-03   0.321616E-01   0.405005E-02   0.150000E-03
 531  -0.131614E-02   0.218649E-03   0.330226E-01   0.360823E-02   0.200000E-03
 532  -0.438943E-03   0.791570E-04   0.351973E-01   0.428357E-02   0.400000E-03
 533  -0.115145E-03   0.541749E-03   0.368253E-01   0.397275E-02   0.300000E-03
 534   0.970010E-03   0.249039E-03   0.382253E-01   0.440232E-02   0.300000E-03
 535   0.957367E-03   0.621568E-03   0.379083E-01   0.372697E-02   0.300000E-03
 536   0.165164E-02  -0.109984E-02   0.386264E-01   0.310185E-02   0.150000E-03
 537   0.454600E-03  -0.880738E-04   0.404342E-01   0.273802E-02   0.150000E-03
 538  -0.359922E-04   0.682889E-03   0.417665E-01   0.248852E-02   0.300000E-03
 539   0.667655E-03   0.682389E-03   0.423605E-01   0.240946E-02   0.300000E-03
 540   0.131554E-02   0.117310E-02   0.439703E-01   0.284895E-02   0.250000E-03
 541   0.870667E-04  -0.669435E-04   0.484741E-02   0.842754E-02   0.300000E-03
 542  -0.763933E-03  -0.108799E-04   0.258280E-02   0.347061E-02   0.500000E-03
 543  -0.373464E-04   0.321266E-03   0.376393E-02   0.375216E-02   0.300000E-03
 544  -0.228141E-03   0.335718E-03   0.419762E-02   0.408948E-02   0.250000E-03
 545  -0.443526E-03   0.306043E-03   0.533531E-02   0.408761E-02   0.250000E-03
 546  -0.679444E-03   0.227491E-03   0.858776E-02   0.499775E-02   0.450000E-03
 547  -0.627177E-03  -0.582443E-05   0.929267E-02   0.459321E-02   0.300000E-03
 548  -0.634069E-03   0.309301E-04   0.977668E-02   0.447395E-02   0.200000E-03
 549  -0.594586E-03  -0.464335E-04   0.110585E-01   0.430977E-02   0.400000E-03
 550  -0.947195E-03   0.158008E-03   0.116278E-01   0.399769E-02   0.250000E-03
 551  -0.717846E-03   0.359180E-03   0.135284E-01   0.486821E-02   0.450000E-03
 552  -0.780761E-03   0.363771E-03   0.142429E-01   0.522437E-02   0.350000E-03
 553  -0.666405E-03   0.360673E-03   0.149315E-01   0.475937E-02   0.250000E-03
 554  -0.643851E-03   0.547663E-03   0.150684E-01   0.571538E-02   0.250000E-03
 555  -0.531994E-03   0.512109E-03   0.160028E-01   0.582725E-02   0.400000E-03
 556  -0.126050E-02   0.143326E-03   0.181573E-01   0.553954E-02   0.300000E-03
 557  -0.138977E-02   0.341052E-03   0.188874E-01   0.481519E-02   0.150000E-03
 558  -0.103744E-02   0.932471E-03   0.212522E-01   0.564689E-02   0.400000E-03
 559  -0.154124E-02   0.795067E-03   0.226365E-01   0.462904E-02   0.250000E-03
 560   0.215983E-03  -0.250895E-03   0.237267E-01   0.438063E-02   0.250000E-03
 561   0.100799E-03   0.653835E-03   0.259585E-01   0.444093E-02   0.350000E-03
 562   0.312365E-03  -0.453872E-03   0.262655E-01   0.381321E-02   0.350000E-03
 563   0.498027E-03  -0.424107E-03   0.285833E-01   0.409899E-02   0.400000E-03
 564   0.112258E-02   0.100846E-02   0.285808E-01   0.479753E-02   0.300000E-03
 565   0.791971E-03   0.813724E-03   0.299493E-01   0.422682E-02   0.350000E-03
 566  -0.713292E-03   0.458253E-03   0.312969E-01   0.436174E-02   0.450000E-03
 567  -0.118948E-03   0.448826E-03   0.333192E-01   0.328759E-02   0.150000E-03
 568  -0.882953E-03   0.630077E-04   0.338490E-01   0.385384E-02   0.100000E-03
 569   0.112331E-03   0.590449E-03   0.370070E-01   0.448806E-02   0.250000E-03
 570   0.300582E-03   0.810653E-03   0.378147E-01   0.483858E-02   0.300000E-03
 571   0.798708E-03   0.127542E-02   0.384723E-01   0.352264E-02   0.300000E-03
 572   0.765087E-03   0.222852E-04   0.390574E-01   0.338868E-02   0.300000E-03
 573   0.577796E-03   0.637643E-03   0.397377E-01   0.279939E-02   0.300000E-03
 574  -0.156577E-03   0.147073E-02   0.414119E-01   0.320143E-02   0.500000E-03
 575   0.497631E-03   0.142879E-02   0.421252E-01   0.290390E-02   0.250000E-03
 576   0.728408E-03   0.678815E-03   0.444148E-01   0.385784E-02   0.300000E-03
 577  -0.279354E-03  -0.365891E-03   0.298541E-03   0.460548E-02   0.300000E-03
 578  -0.738558E-03   0.315603E-03   0.261575E-02   0.431497E-02   0.350000E-03
 579  -0.492277E-03   0.328399E-03   0.476671E-02   0.427436E-02   0.350000E-03
 580  -0.433099E-03   0.431142E-03   0.544730E-02   0.457171E-02   0.250000E-03
 581  -0.600583E-03   0.412895E-03   0.706225E-02   0.414888E-02   0.150000E-03
 582  -0.449580E-03   0.296356E-03   0.791912E-02   0.487748E-02   0.200000E-03
 583  -0.789566E-03  -0.418277E-04   0.992409E-02   0.489634E-02   0.250000E-03
 584  -0.808529E-03  -0.124930E-04   0.103247E-01   0.445117E-02   0.350000E-03
 585  -0.439072E-03   0.554661E-03   0.107430E-01   0.513167E-02   0.450000E-03
 586  -0.607731E-03   0.729298E-04   0.118682E-01   0.449238E-02   0.300000E-03
 587  -0.658226E-03   0.236359E-03   0.123340E-01   0.467163E-02   0.200000E-03
 588  -0.550099E-03   0.655849E-03   0.136194E-01   0.551145E-02   0.200000E-03
 589  -0.436644E-03   0.451485E-03   0.148394E-01   0.526635E-02   0.250000E-03
 590  -0.772609E-03   0.596528E-03   0.154264E-01   0.598614E-02   0.200000E-03
 591  -0.989253E-03  -0.325083E-04   0.173739E-01   0.551225E-02   0.250000E-03
 592  -0.120375E-02   0.462621E-03   0.181537E-01   0.613728E-02   0.300000E-03
 593  -0.102579E-02   0.112206E-02   0.195292E-01   0.594254E-02   0.300000E-03
 594  -0.133653E-02   0.115648E-02   0.206691E-01   0.611595E-02   0.350000E-03
 595  -0.115521E-02   0.326659E-03   0.222948E-01   0.498121E-02   0.200000E-03
 596  -0.135763E-02   0.848051E-03   0.232301E-01   0.471423E-02   0.350000E-03
 597   0.231262E-04  -0.137380E-04   0.244329E-01   0.454453E-02   0.400000E-03
 598   0.101528E-02   0.496460E-03   0.266535E-01   0.439270E-02   0.350000E-03
 599  -0.488685E-03   0.723969E-03   0.272113E-01   0.397028E-02   0.350000E-03
 600   0.716526E-03   0.132290E-02   0.299293E-01   0.487574E-02   0.300000E-03
 601  -0.258268E-03   0.928530E-03   0.305406E-01   0.509130E-02   0.350000E-03
 602   0.168030E-03  -0.110590E-02   0.309934E-01   0.487919E-02   0.150000E-03
 603  -0.687800E-03   0.662488E-03   0.330207E-01   0.455593E-02   0.350000E-03
 604  -0.124931E-02   0.233593E-04   0.334233E-01   0.398340E-02   0.350000E-03
 605  -0.183453E-03   0.781949E-03   0.364220E-01   0.476807E-02   0.400000E-03
 606   0.633400E-04   0.656333E-03   0.384981E-01   0.513984E-02   0.450000E-03
 607   0.615989E-03   0.530997E-03   0.386379E-01   0.404168E-02   0.250000E-03
 608   0.298410E-03   0.146450E-03   0.396565E-01   0.346044E-02   0.300000E-03
 609   0.102682E-03   0.291571E-03   0.402496E-01   0.319759E-02   0.350000E-03
 610  -0.434685E-03   0.290156E-03   0.409175E-01   0.277944E-02   0.150000E-03
 611   0.157919E-03   0.139807E-02   0.427982E-01   0.360803E-02   0.450000E-03
 612   0.532916E-03   0.116287E-02   0.434430E-01   0.314153E-02   0.350000E-03
 613  -0.318649E-03   0.445594E-03   0.104570E-01   0.860487E-02   0.350000E-03
 614  -0.285126E-03   0.384965E-03   0.314204E-02   0.446401E-02   0.200000E-03
 615  -0.216880E-03   0.279274E-03   0.368638E-02   0.440065E-02   0.350000E-03
 616  -0.744215E-03   0.674161E-03   0.569823E-02   0.426129E-02   0.150000E-03
 617  -0.731902E-03   0.497384E-03   0.664702E-02   0.444844E-02   0.350000E-03
 618  -0.936708E-03   0.420889E-03   0.808607E-02   0.555312E-02   0.300000E-03
 619  -0.662995E-03   0.311916E-03   0.930971E-02   0.519062E-02   0.300000E-03
 620  -0.696989E-03   0.287579E-03   0.990623E-02   0.554427E-02   0.400000E-03
 621  -0.650780E-03   0.649871E-03   0.114167E-01   0.532068E-02   0.250000E-03
 622  -0.734727E-03  -0.295452E-04   0.114400E-01   0.482886E-02   0.250000E-03
 623  -0.573189E-03   0.556944E-03   0.126833E-01   0.509606E-02   0.350000E-03
 624  -0.859540E-03   0.430808E-03   0.139713E-01   0.570134E-02   0.200000E-03
 625  -0.661642E-03   0.527665E-03   0.144923E-01   0.587384E-02   0.350000E-03
 626  -0.362980E-03   0.974895E-03   0.166301E-01   0.549368E-02   0.150000E-03
 627  -0.100778E-03  -0.236893E-03   0.169460E-01   0.564303E-02   0.200000E-03
 628  -0.860573E-03   0.343835E-03   0.175651E-01   0.602361E-02   0.300000E-03
 629  -0.877700E-03   0.452476E-03   0.188443E-01   0.642553E-02   0.450000E-03
 630  -0.908681E-03   0.810531E-03   0.218594E-01   0.608056E-02   0.300000E-03
 631  -0.115812E-02   0.351288E-03   0.227756E-01   0.524441E-02   0.350000E-03
 632  -0.130616E-02   0.789490E-03   0.238449E-01   0.491789E-02   0.300000E-03
 633   0.200184E-03   0.566465E-03   0.246886E-01   0.513972E-02   0.250000E-03
 634  -0.462538E-03   0.264630E-03   0.271871E-01   0.451619E-02   0.200000E-03
 635  -0.150998E-02   0.288770E-03   0.278294E-01   0.447290E-02   0.450000E-03
 636   0.565222E-03   0.138740E-02   0.294019E-01   0.515849E-02   0.300000E-03
 637  -0.288656E-03   0.967868E-03   0.303514E-01   0.570931E-02   0.300000E-03
 638  -0.120685E-02   0.432680E-03   0.321186E-01   0.472016E-02   0.350000E-03
 639  -0.951018E-03   0.640053E-03   0.342843E-01   0.481511E-02   0.250000E-03
 640  -0.738126E-03   0.153552E-03   0.345012E-01   0.431481E-02   0.300000E-03
 641  -0.119863E-05   0.802697E-03   0.368850E-01   0.529181E-02   0.300000E-03
 642   0.730969E-04   0.789900E-03   0.372716E-01   0.490449E-02   0.250000E-03
 643   0.455885E-03  -0.996037E-04   0.388027E-01   0.451081E-02   0.250000E-03
 644   0.133076E-03   0.440858E-03   0.392867E-01   0.405248E-02   0.400000E-03
 645   0.117774E-02   0.164807E-03   0.417193E-01   0.382966E-02   0.200000E-03
 646   0.374124E-03   0.192296E-02   0.407667E-01   0.327981E-02   0.150000E-03
 647  -0.153436E-02   0.157121E-02   0.425670E-01   0.299045E-02   0.200000E-03
 648   0.154638E-02   0.192273E-03   0.448038E-01   0.355089E-02   0.200000E-03
 649   0.168611E-03  -0.330048E-04   0.714605E-03   0.488017E-02   0.200000E-03
 650  -0.624003E-03   0.476568E-03   0.267077E-02   0.500690E-02   0.350000E-03
 651  -0.248759E-03   0.405781E-03   0.320545E-02   0.396851E-02   0.300000E-03
 652  -0.865588E-04   0.391340E-03   0.457618E-02   0.489101E-02   0.200000E-03
 653  -0.717599E-03   0.553188E-03   0.656904E-02   0.494155E-02   0.150000E-03
 654  -0.723756E-03   0.568011E-03   0.745382E-02   0.525607E-02   0.400000E-03
 655  -0.686453E-03   0.563306E-03   0.877076E-02   0.577411E-02   0.350000E-03
 656  -0.106752E-02   0.467120E-03   0.935839E-02   0.589014E-02   0.250000E-03
 657  -0.305105E-03   0.493041E-03   0.104817E-01   0.592908E-02   0.300000E-03
 658  -0.498322E-03   0.580143E-03   0.119848E-01   0.513118E-02   0.350000E-03
 659  -0.682075E-03   0.480982E-03   0.131599E-01   0.545958E-02   0.250000E-03
 660  -0.873888E-03   0.585796E-03   0.136260E-01   0.619059E-02   0.400000E-03
 661  -0.698453E-03   0.505458E-03   0.150118E-01   0.626257E-02   0.300000E-03
 662  -0.678704E-03   0.273110E-03   0.163469E-01   0.642915E-02   0.300000E-03
 663  -0.797715E-03   0.523849E-03   0.166380E-01   0.596643E-02   0.250000E-03
 664  -0.943157E-03   0.212100E-03   0.177709E-01   0.653074E-02   0.250000E-03
 665  -0.115876E-02   0.108615E-02   0.200367E-01   0.626062E-02   0.300000E-03
 666  -0.116397E-02   0.115654E-02   0.212769E-01   0.634512E-02   0.300000E-03
 667  -0.130007E-02   0.662512E-03   0.223824E-01   0.575605E-02   0.300000E-03
 668  -0.959986E-03   0.615854E-03   0.234183E-01   0.533854E-02   0.300000E-03
 669  -0.938201E-03  -0.407025E-03   0.248905E-01   0.474510E-02   0.100000E-03
 670   0.151123E-02  -0.370489E-03   0.263995E-01   0.487881E-02   0.200000E-03
 671  -0.908059E-03   0.209923E-02   0.285265E-01   0.530336E-02   0.200000E-03
 672  -0.646759E-03   0.216526E-02   0.281262E-01   0.510556E-02   0.250000E-03
 673  -0.727346E-03   0.750392E-03   0.310249E-01   0.558546E-02   0.350000E-03
 674  -0.550493E-03   0.146540E-03   0.315455E-01   0.512086E-02   0.350000E-03
 675  -0.993641E-03   0.328478E-03   0.324987E-01   0.425976E-02   0.250000E-03
 676  -0.501343E-03   0.602584E-03   0.347828E-01   0.478396E-02   0.250000E-03
 677   0.158183E-04   0.693556E-03   0.369670E-01   0.598545E-02   0.400000E-03
 678   0.218286E-03   0.838000E-03   0.374263E-01   0.537839E-02   0.250000E-03
 679   0.882625E-03   0.793334E-03   0.390892E-01   0.542059E-02   0.200000E-03
 680   0.105606E-02   0.405292E-03   0.392593E-01   0.489879E-02   0.350000E-03
 681   0.322676E-04   0.593774E-03   0.410880E-01   0.387422E-02   0.250000E-03
 682   0.574380E-03   0.165546E-02   0.421320E-01   0.340219E-02   0.250000E-03
 683   0.465955E-03   0.114862E-02   0.440181E-01   0.454677E-02   0.500000E-03
 684   0.133290E-02   0.150263E-02   0.440394E-01   0.339309E-02   0.300000E-03
 685  -0.386614E-04   0.138563E-03   0.349331E-03   0.725238E-02   0.350000E-03
 686  -0.346965E-03   0.438714E-03   0.332994E-02   0.557841E-02   0.350000E-03
 687  -0.316287E-03   0.439309E-03   0.331510E-02   0.493133E-02   0.300000E-03
 688  -0.428433E-03   0.505639E-03   0.501741E-02   0.481858E-02   0.250000E-03
 689  -0.639149E-03   0.589988E-03   0.706300E-02   0.480207E-02   0.200000E-03
 690  -0.663341E-03   0.734772E-03   0.760038E-02   0.598543E-02   0.350000E-03
 691  -0.652724E-03   0.861962E-03   0.878137E-02   0.647270E-02   0.350000E-03
 692  -0.529358E-03   0.696852E-03   0.990208E-02   0.624347E-02   0.300000E-03
 693  -0.302164E-03   0.736812E-03   0.104013E-01   0.646977E-02   0.250000E-03
 694  -0.605664E-03   0.584562E-03   0.111218E-01   0.583579E-02   0.350000E-03
 695  -0.765684E-03   0.579569E-03   0.129017E-01   0.599961E-02   0.350000E-03
 696  -0.601107E-03   0.496310E-03   0.146232E-01   0.718549E-02   0.250000E-03
 697  -0.594510E-03   0.589708E-03   0.143343E-01   0.660345E-02   0.400000E-03
 698  -0.885415E-03   0.633107E-03   0.156517E-01   0.654577E-02   0.400000E-03
 699  -0.833387E-03   0.171270E-03   0.170756E-01   0.659003E-02   0.450000E-03
 700  -0.551296E-03   0.302190E-03   0.182221E-01   0.684221E-02   0.300000E-03
 701  -0.518314E-03   0.593195E-03   0.195642E-01   0.662677E-02   0.300000E-03
 702  -0.130741E-02   0.888466E-03   0.204464E-01   0.682653E-02   0.400000E-03
 703  -0.918722E-03   0.874121E-03   0.230574E-01   0.593818E-02   0.400000E-03
 704  -0.942047E-03   0.158943E-02   0.241787E-01   0.553151E-02   0.400000E-03
 705  -0.526698E-03   0.777353E-03   0.251663E-01   0.500520E-02   0.250000E-03
 706   0.946296E-04   0.147567E-03   0.259795E-01   0.503953E-02   0.250000E-03
 707  -0.103681E-02   0.178290E-02   0.269827E-01   0.507749E-02   0.400000E-03
 708  -0.723609E-03   0.675730E-03   0.298822E-01   0.542359E-02   0.250000E-03
 709  -0.116409E-02  -0.247294E-04   0.320749E-01   0.526756E-02   0.200000E-03
 710  -0.821914E-03   0.643968E-03   0.326388E-01   0.501811E-02   0.250000E-03
 711  -0.881603E-03   0.804651E-03   0.337210E-01   0.461155E-02   0.350000E-03
 712  -0.513444E-03   0.506370E-03   0.351308E-01   0.520888E-02   0.300000E-03
 713   0.935806E-03   0.883541E-03   0.381553E-01   0.636678E-02   0.350000E-03
 714  -0.463070E-03   0.386996E-03   0.379280E-01   0.570309E-02   0.350000E-03
 715   0.451932E-03   0.113273E-02   0.388195E-01   0.564060E-02   0.150000E-03
 716   0.439991E-03   0.758602E-03   0.397250E-01   0.452945E-02   0.250000E-03
 717   0.974979E-03  -0.561323E-03   0.400596E-01   0.365994E-02   0.150000E-03
 718   0.564404E-03   0.115618E-02   0.421639E-01   0.390004E-02   0.250000E-03
 719   0.108403E-02   0.147426E-02   0.448015E-01   0.544764E-02   0.200000E-03
 720   0.143955E-02   0.137470E-02   0.434038E-01   0.727679E-02   0.350000E-03
 721  -0.778214E-03   0.275770E-03   0.215294E-02   0.402120E-02   0.200000E-03
 722  -0.210404E-03   0.455400E-03   0.202765E-02   0.509522E-02   0.300000E-03
 723  -0.132579E-03   0.354245E-03   0.425362E-02   0.458382E-02   0.250000E-03
 724  -0.561967E-03   0.432993E-03   0.602516E-02   0.486021E-02   0.400000E-03
 725  -0.645637E-03   0.561122E-03   0.692112E-02   0.512141E-02   0.150000E-03
 726  -0.587616E-03   0.484100E-03   0.651501E-02   0.548858E-02   0.400000E-03
 727  -0.879323E-03   0.672351E-03   0.823077E-02   0.613468E-02   0.300000E-03
 728  -0.105983E-02   0.844744E-03   0.937360E-02   0.638847E-02   0.250000E-03
 729  -0.860466E-03   0.721219E-03   0.971374E-02   0.681945E-02   0.300000E-03
 730  -0.541926E-03   0.578393E-03   0.123586E-01   0.560019E-02   0.250000E-03
 731  -0.539867E-03   0.590688E-03   0.122307E-01   0.619449E-02   0.350000E-03
 732  -0.726620E-03   0.468472E-03   0.131229E-01   0.660076E-02   0.250000E-03
 733  -0.684390E-03   0.589721E-03   0.149501E-01   0.680776E-02   0.250000E-03
 734  -0.935206E-03   0.921622E-03   0.161560E-01   0.688409E-02   0.200000E-03
 735  -0.638916E-03   0.320919E-03   0.176485E-01   0.714646E-02   0.350000E-03
 736  -0.906961E-03   0.331737E-03   0.191391E-01   0.722174E-02   0.400000E-03
 737  -0.633203E-03   0.430719E-03   0.198344E-01   0.716136E-02   0.300000E-03
 738  -0.114336E-02   0.123628E-02   0.215183E-01   0.699948E-02   0.400000E-03
 739  -0.115063E-02   0.116862E-02   0.224655E-01   0.639598E-02   0.350000E-03
 740  -0.572196E-03   0.962074E-03   0.237726E-01   0.615793E-02   0.350000E-03
 741  -0.187672E-04  -0.163199E-03   0.248341E-01   0.561599E-02   0.250000E-03
 742   0.111532E-02   0.761200E-03   0.263888E-01   0.532892E-02   0.250000E-03
 743  -0.420676E-02   0.852882E-02   0.276288E-01   0.513837E-02   0.250000E-03
 744   0.139537E-02   0.136836E-02   0.289039E-01   0.517857E-02   0.200000E-03
 745  -0.894748E-03  -0.103844E-02   0.316111E-01   0.571676E-02   0.250000E-03
 746  -0.890670E-03   0.466565E-03   0.328023E-01   0.559467E-02   0.350000E-03
 747  -0.754318E-03   0.601767E-03   0.332762E-01   0.515153E-02   0.300000E-03
 748   0.414658E-04   0.688600E-03   0.356777E-01   0.485768E-02   0.350000E-03
 749  -0.283300E-03   0.816659E-03   0.363142E-01   0.545811E-02   0.300000E-03
 750   0.972871E-03   0.789178E-03   0.385009E-01   0.587778E-02   0.250000E-03
 751   0.586062E-03   0.111243E-02   0.391541E-01   0.593333E-02   0.300000E-03
 752  -0.265423E-03   0.124038E-02   0.401769E-01   0.422694E-02   0.300000E-03
 753  -0.626416E-04  -0.696336E-04   0.407027E-01   0.298715E-02   0.150000E-03
 754   0.870010E-03   0.854499E-03   0.418869E-01   0.418567E-02   0.150000E-03
 755   0.585379E-03   0.710442E-03   0.425417E-01   0.415008E-02   0.150000E-03
 756   0.127691E-02   0.105334E-02   0.431041E-01   0.670026E-02   0.300000E-03
 757  -0.348832E-03   0.133495E-04   0.183987E-02   0.447306E-02   0.350000E-03
 758  -0.165716E-03   0.467396E-03   0.402246E-02   0.565316E-02   0.350000E-03
 759  -0.158899E-03   0.454734E-03   0.390907E-02   0.501172E-02   0.300000E-03
 760  -0.487235E-03   0.380236E-03   0.472718E-02   0.556332E-02   0.300000E-03
 761  -0.498528E-03   0.451311E-03   0.539284E-02   0.534793E-02   0.400000E-03
 762  -0.516011E-03   0.442314E-03   0.589256E-02   0.590346E-02   0.350000E-03
 763  -0.535704E-03   0.651652E-03   0.688228E-02   0.619627E-02   0.400000E-03
 764  -0.921034E-03   0.100470E-02   0.815615E-02   0.672972E-02   0.300000E-03
 765  -0.436350E-03   0.722356E-03   0.115560E-01   0.637879E-02   0.350000E-03
 766  -0.526450E-03   0.644955E-03   0.117647E-01   0.574244E-02   0.300000E-03
 767  -0.684866E-03   0.499565E-03   0.126842E-01   0.650361E-02   0.200000E-03
 768  -0.859243E-03   0.710812E-03   0.137273E-01   0.683100E-02   0.250000E-03
 769  -0.586616E-03   0.742455E-03   0.152490E-01   0.732721E-02   0.350000E-03
 770  -0.965927E-03   0.900731E-03   0.158326E-01   0.719534E-02   0.250000E-03
 771  -0.811827E-03   0.603825E-03   0.165561E-01   0.676954E-02   0.100000E-03
 772  -0.600529E-03   0.324909E-03   0.184986E-01   0.731379E-02   0.250000E-03
 773  -0.374962E-03   0.818868E-03   0.202253E-01   0.774121E-02   0.400000E-03
 774  -0.113727E-02   0.119965E-02   0.209005E-01   0.741858E-02   0.350000E-03
 775  -0.872768E-03   0.123366E-02   0.233093E-01   0.653647E-02   0.250000E-03
 776   0.158038E-03   0.826973E-03   0.249202E-01   0.605679E-02   0.200000E-03
 777   0.515813E-03   0.324438E-03   0.255799E-01   0.483383E-02   0.200000E-03
 778   0.349095E-04   0.775004E-03   0.259729E-01   0.548833E-02   0.200000E-03
 779  -0.165136E-02   0.206285E-02   0.279101E-01   0.561007E-02   0.300000E-03
 780  -0.280603E-03   0.998991E-03   0.294180E-01   0.580599E-02   0.350000E-03
 781  -0.293989E-03   0.930322E-03   0.307223E-01   0.604438E-02   0.200000E-03
 782  -0.120881E-02  -0.765256E-04   0.321598E-01   0.575964E-02   0.300000E-03
 783  -0.896946E-03   0.578802E-03   0.339117E-01   0.528320E-02   0.350000E-03
 784  -0.820499E-03   0.100258E-02   0.344588E-01   0.522799E-02   0.200000E-03
 785   0.153831E-04   0.830545E-03   0.356762E-01   0.555738E-02   0.350000E-03
 786  -0.508503E-03   0.467100E-03   0.375822E-01   0.619325E-02   0.250000E-03
 787   0.124475E-02   0.131719E-02   0.397178E-01   0.613256E-02   0.300000E-03
 788   0.176764E-02   0.867929E-03   0.396335E-01   0.548884E-02   0.350000E-03
 789   0.271307E-03   0.654702E-03   0.405528E-01   0.376356E-02   0.300000E-03
 790   0.321359E-03   0.987101E-03   0.414512E-01   0.428169E-02   0.300000E-03
 791   0.109705E-02   0.662062E-03   0.430969E-01   0.435058E-02   0.350000E-03
 792  -0.824346E-04   0.140854E-02   0.438707E-01   0.517941E-02   0.150000E-03
 793  -0.722470E-03   0.354072E-03   0.284365E-02   0.547282E-02   0.150000E-03
 794  -0.451026E-03   0.229328E-03   0.245065E-02   0.545242E-02   0.150000E-03
 795  -0.192256E-03   0.427100E-03   0.436103E-02   0.522385E-02   0.200000E-03
 796  -0.514866E-03   0.571364E-03   0.266544E-02   0.646241E-02   0.300000E-03
 797  -0.227852E-03   0.478034E-03   0.449794E-02   0.623175E-02   0.400000E-03
 798  -0.511953E-03   0.511378E-03   0.515999E-02   0.600675E-02   0.300000E-03
 799  -0.658843E-03   0.412534E-03   0.750827E-02   0.667594E-02   0.350000E-03
 800  -0.740644E-03   0.232301E-03   0.883228E-02   0.706917E-02   0.250000E-03
 801  -0.399081E-03   0.634722E-03   0.108167E-01   0.674336E-02   0.250000E-03
 802  -0.396754E-03   0.683586E-03   0.112847E-01   0.691281E-02   0.250000E-03
 803  -0.556212E-03   0.639964E-03   0.120184E-01   0.675475E-02   0.250000E-03
 804  -0.666166E-03   0.638481E-03   0.132684E-01   0.713096E-02   0.300000E-03
 805  -0.467897E-03   0.480922E-03   0.140778E-01   0.725459E-02   0.300000E-03
 806  -0.913862E-03   0.740497E-03   0.157100E-01   0.762682E-02   0.200000E-03
 807  -0.627412E-03   0.557729E-03   0.180707E-01   0.757174E-02   0.250000E-03
 808  -0.899200E-03   0.536816E-03   0.191592E-01   0.807053E-02   0.450000E-03
 809  -0.115258E-02   0.111911E-02   0.214851E-01   0.769882E-02   0.300000E-03
 810  -0.114614E-02   0.123432E-02   0.222163E-01   0.699088E-02   0.300000E-03
 811  -0.590985E-03   0.800005E-03   0.238118E-01   0.680465E-02   0.300000E-03
 812  -0.115462E-02   0.409636E-03   0.244355E-01   0.618227E-02   0.300000E-03
 813  -0.567231E-03   0.667803E-03   0.254289E-01   0.554017E-02   0.350000E-03
 814  -0.495345E-02   0.543306E-02   0.273896E-01   0.551922E-02   0.200000E-03
 815  -0.120266E-02   0.987145E-03   0.286722E-01   0.588388E-02   0.400000E-03
 816  -0.105081E-02  -0.196552E-03   0.311983E-01   0.610417E-02   0.200000E-03
 817  -0.238649E-03   0.651460E-04   0.302374E-01   0.629717E-02   0.300000E-03
 818  -0.811231E-03   0.312720E-03   0.325688E-01   0.619811E-02   0.300000E-03
 819  -0.828085E-03   0.437703E-03   0.334392E-01   0.572838E-02   0.300000E-03
 820  -0.875369E-03   0.913815E-03   0.347247E-01   0.564969E-02   0.300000E-03
 821  -0.208609E-03   0.254606E-03   0.362392E-01   0.605057E-02   0.300000E-03
 822   0.892174E-03   0.113605E-02   0.378317E-01   0.693020E-02   0.300000E-03
 823   0.968164E-03   0.761178E-03   0.387525E-01   0.630892E-02   0.250000E-03
 824   0.644042E-03   0.994801E-03   0.408145E-01   0.555426E-02   0.350000E-03
 825   0.102011E-03   0.468242E-03   0.402548E-01   0.498441E-02   0.450000E-03
 826  -0.260314E-03   0.124267E-02   0.408023E-01   0.440123E-02   0.350000E-03
 827   0.719545E-03   0.763108E-03   0.422266E-01   0.439580E-02   0.250000E-03
 828   0.836709E-04   0.139981E-02   0.402823E-01   0.692147E-02   0.350000E-03
 829  -0.550190E-03   0.295214E-04   0.262744E-02   0.586523E-02   0.300000E-03
 830  -0.240339E-03   0.950351E-03   0.299787E-03   0.520447E-02   0.300000E-03
 831  -0.271117E-03  -0.164474E-03   0.313758E-03   0.570298E-02   0.200000E-03
 832  -0.274815E-03   0.189528E-03   0.310591E-02   0.613361E-02   0.250000E-03
 833  -0.170446E-03   0.389847E-03   0.327992E-02   0.665363E-02   0.300000E-03
 834  -0.455646E-03   0.333137E-03   0.509068E-02   0.660196E-02   0.300000E-03
 835  -0.462469E-03   0.697736E-03   0.573536E-02   0.678784E-02   0.300000E-03
 836  -0.681284E-03   0.399385E-03   0.755493E-02   0.737215E-02   0.350000E-03
 837  -0.400209E-03   0.463447E-03   0.108203E-01   0.629454E-02   0.200000E-03
 838  -0.530774E-03   0.554260E-03   0.117496E-01   0.729059E-02   0.350000E-03
 839  -0.482293E-03   0.619186E-03   0.125716E-01   0.709223E-02   0.400000E-03
 840  -0.466237E-03   0.745446E-03   0.141533E-01   0.786627E-02   0.300000E-03
 841  -0.563872E-03   0.739291E-03   0.147351E-01   0.772320E-02   0.300000E-03
 842  -0.112784E-02   0.578066E-03   0.170585E-01   0.741672E-02   0.300000E-03
 843  -0.558736E-03   0.681406E-03   0.185094E-01   0.781123E-02   0.250000E-03
 844  -0.321322E-03   0.748243E-03   0.198596E-01   0.833726E-02   0.300000E-03
 845  -0.110397E-02   0.130513E-02   0.208856E-01   0.811694E-02   0.350000E-03
 846  -0.106045E-02   0.111084E-02   0.219927E-01   0.749164E-02   0.250000E-03
 847  -0.936139E-03   0.102995E-02   0.232837E-01   0.708526E-02   0.300000E-03
 848  -0.243216E-02   0.645278E-03   0.245067E-01   0.688031E-02   0.400000E-03
 849  -0.596769E-03   0.342304E-03   0.254404E-01   0.623528E-02   0.350000E-03
 850  -0.673425E-03   0.784181E-03   0.267430E-01   0.562561E-02   0.200000E-03
 851   0.124949E-02  -0.148620E-02   0.266238E-01   0.611087E-02   0.300000E-03
 852  -0.609825E-03   0.982800E-03   0.299167E-01   0.582237E-02   0.150000E-03
 853  -0.119419E-02  -0.277705E-03   0.317015E-01   0.631946E-02   0.350000E-03
 854  -0.623811E-03   0.857414E-03   0.327851E-01   0.680964E-02   0.350000E-03
 855  -0.835314E-03   0.435449E-03   0.331652E-01   0.626161E-02   0.300000E-03
 856  -0.819874E-03   0.899764E-03   0.341206E-01   0.600071E-02   0.400000E-03
 857  -0.428137E-03   0.131657E-02   0.352126E-01   0.607796E-02   0.350000E-03
 858   0.276792E-03   0.391822E-03   0.365618E-01   0.655477E-02   0.300000E-03
 859   0.680319E-03   0.163739E-02   0.392816E-01   0.646707E-02   0.250000E-03
 860   0.156238E-02   0.747178E-03   0.402091E-01   0.578789E-02   0.300000E-03
 861   0.528285E-03   0.100090E-02   0.415120E-01   0.556924E-02   0.350000E-03
 862  -0.311207E-03   0.108362E-02   0.409741E-01   0.497576E-02   0.250000E-03
 863   0.733660E-03   0.989893E-03   0.432728E-01   0.513123E-02   0.450000E-03
 864   0.133383E-02   0.900903E-03   0.445506E-01   0.604615E-02   0.450000E-03
 865   0.163649E-03   0.459370E-03   0.138001E-02   0.504955E-02   0.350000E-03
 866  -0.128747E-03   0.187985E-03   0.171198E-02   0.548291E-02   0.200000E-03
 867  -0.366396E-03   0.620919E-03   0.204772E-02   0.626313E-02   0.350000E-03
 868   0.730325E-04   0.599525E-04   0.367118E-02   0.619944E-02   0.300000E-03
 869  -0.193198E-03   0.267441E-03   0.334698E-02   0.719685E-02   0.250000E-03
 870  -0.352133E-03   0.609982E-03   0.623406E-02   0.645510E-02   0.300000E-03
 871  -0.538514E-03   0.383343E-03   0.689707E-02   0.689511E-02   0.300000E-03
 872  -0.962988E-03   0.685091E-03   0.921419E-02   0.680859E-02   0.200000E-03
 873  -0.361833E-03   0.877214E-03   0.102844E-01   0.700453E-02   0.300000E-03
 874  -0.486921E-03   0.627184E-03   0.117030E-01   0.796657E-02   0.300000E-03
 875  -0.472727E-03   0.624463E-03   0.122451E-01   0.770953E-02   0.300000E-03
 876  -0.670554E-03   0.642355E-03   0.136062E-01   0.762372E-02   0.300000E-03
 877  -0.544721E-03   0.567845E-03   0.146588E-01   0.831710E-02   0.300000E-03
 878  -0.104019E-02   0.696972E-03   0.164118E-01   0.736776E-02   0.350000E-03
 879  -0.779980E-03   0.825736E-03   0.175110E-01   0.772876E-02   0.250000E-03
 880  -0.909647E-03   0.400078E-03   0.176724E-01   0.825349E-02   0.300000E-03
 881  -0.105973E-02   0.125997E-02   0.219802E-01   0.804105E-02   0.300000E-03
 882  -0.153820E-02   0.111780E-02   0.227398E-01   0.715475E-02   0.250000E-03
 883  -0.105790E-02   0.125193E-02   0.229169E-01   0.660756E-02   0.150000E-03
 884  -0.817512E-03   0.390125E-03   0.239943E-01   0.742728E-02   0.350000E-03
 885  -0.350043E-03   0.685933E-03   0.261135E-01   0.737511E-02   0.400000E-03
 886  -0.201550E-04   0.346261E-03   0.260381E-01   0.598190E-02   0.300000E-03
 887  -0.933895E-03  -0.758641E-03   0.285556E-01   0.662379E-02   0.350000E-03
 888  -0.118486E-02   0.436347E-03   0.295488E-01   0.659383E-02   0.450000E-03
 889  -0.493717E-03  -0.121027E-02   0.308875E-01   0.667423E-02   0.450000E-03
 890  -0.103745E-02   0.444390E-03   0.322186E-01   0.661935E-02   0.250000E-03
 891  -0.117026E-02   0.141900E-02   0.337310E-01   0.663955E-02   0.350000E-03
 892  -0.460261E-03   0.134623E-02   0.346628E-01   0.658669E-02   0.400000E-03
 893  -0.322832E-03   0.362992E-03   0.357650E-01   0.641743E-02   0.300000E-03
 894   0.684480E-03   0.635116E-03   0.385883E-01   0.678073E-02   0.250000E-03
 895   0.992137E-03   0.745771E-03   0.390987E-01   0.698505E-02   0.300000E-03
 896   0.655048E-03   0.120679E-02   0.419100E-01   0.694977E-02   0.300000E-03
 897   0.102826E-02   0.111876E-02   0.424627E-01   0.660841E-02   0.350000E-03
 898   0.805469E-03   0.821470E-03   0.426170E-01   0.461789E-02   0.200000E-03
 899   0.682407E-03   0.105332E-02   0.424775E-01   0.518944E-02   0.350000E-03
 900   0.106817E-02   0.769634E-03   0.438292E-01   0.570187E-02   0.350000E-03
 901   0.204439E-03   0.668869E-04   0.129209E-02   0.564025E-02   0.250000E-03
 902  -0.361845E-03   0.520912E-03   0.307202E-02   0.761380E-02   0.250000E-03
 903  -0.314534E-03   0.723168E-04   0.211694E-02   0.566840E-02   0.250000E-03
 904  -0.578006E-03   0.211300E-03   0.275447E-02   0.710497E-02   0.350000E-03
 905  -0.139800E-03   0.403706E-03   0.398476E-02   0.690837E-02   0.450000E-03
 906  -0.721403E-03   0.546711E-03   0.584839E-02   0.733128E-02   0.250000E-03
 907  -0.548940E-03   0.494078E-03   0.554299E-02   0.632671E-02   0.200000E-03
 908  -0.780153E-03   0.500156E-03   0.883663E-02   0.761819E-02   0.300000E-03
 909  -0.991068E-03   0.605267E-03   0.933999E-02   0.729173E-02   0.300000E-03
 910  -0.330045E-03   0.405901E-03   0.101242E-01   0.804674E-02   0.300000E-03
 911  -0.527155E-03   0.578465E-03   0.112630E-01   0.763874E-02   0.250000E-03
 912  -0.484099E-03   0.603153E-03   0.151353E-01   0.859012E-02   0.250000E-03
 913  -0.599799E-03   0.628906E-03   0.153283E-01   0.802222E-02   0.350000E-03
 914  -0.100515E-02   0.610651E-03   0.161354E-01   0.811726E-02   0.450000E-03
 915  -0.111053E-02   0.351993E-03   0.169869E-01   0.811279E-02   0.400000E-03
 916  -0.560745E-03   0.808824E-03   0.204152E-01   0.856279E-02   0.300000E-03
 917  -0.754454E-03   0.100532E-02   0.199964E-01   0.899089E-02   0.300000E-03
 918  -0.144003E-02   0.810642E-03   0.225466E-01   0.772156E-02   0.350000E-03
 919  -0.963266E-03   0.126495E-02   0.232468E-01   0.773391E-02   0.350000E-03
 920  -0.168290E-02  -0.822666E-03   0.248317E-01   0.639483E-02   0.150000E-03
 921  -0.136108E-02   0.116675E-02   0.234222E-01   0.846177E-02   0.350000E-03
 922  -0.143104E-03   0.102699E-03   0.260212E-01   0.663110E-02   0.350000E-03
 923  -0.191119E-02  -0.161706E-02   0.279560E-01   0.625774E-02   0.350000E-03
 924  -0.129938E-02   0.567141E-03   0.289877E-01   0.729710E-02   0.450000E-03
 925  -0.462454E-03  -0.108189E-02   0.310875E-01   0.744816E-02   0.350000E-03
 926  -0.144808E-02   0.998403E-03   0.315827E-01   0.695716E-02   0.300000E-03
 927   0.186348E-03   0.137065E-02   0.336423E-01   0.719818E-02   0.200000E-03
 928  -0.784452E-03   0.168343E-02   0.341711E-01   0.649726E-02   0.100000E-03
 929   0.864020E-04   0.817686E-03   0.372288E-01   0.668785E-02   0.350000E-03
 930   0.215970E-03   0.120219E-02   0.412115E-01   0.663195E-02   0.300000E-03
 931   0.583786E-03   0.921156E-03   0.411825E-01   0.606670E-02   0.250000E-03
 932   0.122030E-02   0.188905E-02   0.397330E-01   0.668130E-02   0.250000E-03
 933   0.653921E-03   0.925572E-03   0.418026E-01   0.625831E-02   0.400000E-03
 934   0.959273E-03  -0.319662E-03   0.412417E-01   0.467895E-02   0.150000E-03
 935   0.497508E-03   0.958016E-03   0.417964E-01   0.488226E-02   0.400000E-03
 936   0.118934E-02   0.648036E-03   0.433622E-01   0.615368E-02   0.300000E-03
 937  -0.105124E-03   0.166168E-03   0.104102E-02   0.714979E-02   0.350000E-03
 938  -0.286085E-03   0.412191E-03   0.298626E-03   0.620185E-02   0.300000E-03
 939  -0.126364E-03   0.371994E-03   0.369472E-02   0.768290E-02   0.350000E-03
 940   0.326826E-03   0.843075E-05   0.789031E-03   0.585781E-02   0.300000E-03
 941  -0.365553E-04   0.135256E-03   0.167474E-02   0.685433E-02   0.350000E-03
 942  -0.177488E-06   0.374066E-03   0.454410E-02   0.768739E-02   0.500000E-03
 943  -0.368398E-03   0.620664E-03   0.525864E-02   0.722907E-02   0.350000E-03
 944  -0.400988E-03   0.362821E-03   0.631766E-02   0.704739E-02   0.300000E-03
 945  -0.454382E-03   0.616582E-03   0.108390E-01   0.729150E-02   0.300000E-03
 946  -0.756115E-03   0.523276E-03   0.986174E-02   0.746330E-02   0.250000E-03
 947  -0.594581E-03   0.580266E-03   0.129454E-01   0.797638E-02   0.450000E-03
 948  -0.582068E-03   0.567188E-03   0.125644E-01   0.856273E-02   0.250000E-03
 949  -0.936392E-03   0.509110E-03   0.156724E-01   0.870606E-02   0.300000E-03
 950  -0.524616E-03   0.654690E-03   0.139988E-01   0.854887E-02   0.400000E-03
 951  -0.112213E-02   0.497382E-03   0.166067E-01   0.869993E-02   0.300000E-03
 952  -0.145747E-02   0.423324E-03   0.182208E-01   0.821867E-02   0.250000E-03
 953  -0.110304E-02   0.126298E-02   0.211036E-01   0.867560E-02   0.250000E-03
 954  -0.142724E-02   0.110168E-02   0.225798E-01   0.857046E-02   0.500000E-03
 955  -0.880345E-03   0.563217E-03   0.237937E-01   0.799197E-02   0.250000E-03
 956  -0.720380E-03   0.551949E-03   0.255642E-01   0.701897E-02   0.250000E-03
 957   0.272311E-02   0.144228E-01   0.272088E-01   0.729611E-02   0.350000E-03
 958  -0.747683E-03  -0.477226E-05   0.267116E-01   0.675476E-02   0.350000E-03
 959  -0.127588E-02  -0.127929E-01   0.272828E-01   0.605113E-02   0.350000E-03
 960  -0.341177E-03   0.152677E-02   0.302089E-01   0.684535E-02   0.250000E-03
 961  -0.112966E-02   0.128264E-02   0.321393E-01   0.796344E-02   0.400000E-03
 962  -0.140615E-02   0.125203E-02   0.316857E-01   0.749646E-02   0.250000E-03
 963  -0.564772E-03   0.887719E-03   0.333054E-01   0.698375E-02   0.200000E-03
 964  -0.116236E-02   0.112224E-02   0.353220E-01   0.682080E-02   0.300000E-03
 965  -0.112802E-03   0.638750E-03   0.361005E-01   0.685285E-02   0.250000E-03
 966   0.211375E-03   0.100310E-03   0.367166E-01   0.723626E-02   0.400000E-03
 967   0.143208E-03   0.117557E-02   0.406412E-01   0.632130E-02   0.350000E-03
 968   0.178570E-02   0.144777E-02   0.401524E-01   0.623390E-02   0.150000E-03
 969   0.129039E-02   0.107562E-02   0.447505E-01   0.711008E-02   0.250000E-03
 970   0.127220E-02   0.105990E-02   0.442474E-01   0.678449E-02   0.350000E-03
 971   0.622683E-03   0.428419E-03   0.427097E-01   0.590090E-02   0.400000E-03
 972   0.746111E-03   0.102883E-02   0.436515E-01   0.673054E-02   0.250000E-03
 973   0.288916E-03   0.349090E-03   0.840465E-03   0.531064E-02   0.250000E-03
 974  -0.821141E-04   0.449837E-03   0.399762E-02   0.820060E-02   0.250000E-03
 975   0.249239E-03   0.644080E-03   0.134859E-02   0.623552E-02   0.350000E-03
 976   0.126715E-03   0.719535E-03   0.782502E-03   0.655384E-02   0.300000E-03
 977  -0.673074E-03   0.266476E-03   0.728148E-02   0.790528E-02   0.250000E-03
 978  -0.576021E-03   0.371930E-03   0.691688E-02   0.749401E-02   0.300000E-03
 979  -0.429462E-03   0.236486E-03   0.637641E-02   0.759331E-02   0.250000E-03
 980  -0.629929E-03   0.443047E-03   0.816403E-02   0.780795E-02   0.400000E-03
 981  -0.398297E-03   0.592177E-03   0.103537E-01   0.754808E-02   0.250000E-03
 982  -0.839006E-03   0.456602E-03   0.937978E-02   0.813455E-02   0.450000E-03
 983  -0.471308E-03   0.640150E-03   0.121715E-01   0.825406E-02   0.250000E-03
 984  -0.350752E-03   0.467107E-03   0.107704E-01   0.797921E-02   0.350000E-03
 985  -0.588967E-03   0.579451E-03   0.135784E-01   0.812180E-02   0.200000E-03
 986  -0.105030E-02   0.821108E-03   0.190076E-01   0.918569E-02   0.300000E-03
 987  -0.113489E-02   0.780650E-03   0.186224E-01   0.866265E-02   0.350000E-03
 988  -0.694484E-03   0.113650E-02   0.194398E-01   0.876463E-02   0.300000E-03
 989  -0.724062E-03   0.997709E-03   0.195448E-01   0.930373E-02   0.250000E-03
 990  -0.113339E-02   0.129339E-02   0.214709E-01   0.824783E-02   0.250000E-03
 991  -0.936182E-03   0.333358E-03   0.246141E-01   0.775041E-02   0.350000E-03
 992  -0.670118E-03   0.142617E-02   0.250782E-01   0.729619E-02   0.300000E-03
 993  -0.553472E-03   0.262021E-03   0.251425E-01   0.675049E-02   0.250000E-03
 994   0.738252E-02  -0.109946E-01   0.273463E-01   0.665885E-02   0.250000E-03
 995  -0.196505E-02  -0.635575E-03   0.279105E-01   0.700613E-02   0.400000E-03
 996   0.710974E-04   0.228390E-02   0.304460E-01   0.734080E-02   0.300000E-03
 997  -0.783682E-03   0.176963E-02   0.298717E-01   0.721452E-02   0.250000E-03
 998  -0.106177E-02   0.126232E-02   0.322167E-01   0.721796E-02   0.350000E-03
 999  -0.806333E-03   0.716869E-03   0.330453E-01   0.735010E-02   0.250000E-03
1000  -0.522781E-03   0.141412E-02   0.341909E-01   0.716722E-02   0.350000E-03
