   1  -0.791974E-03   0.253361E-03   0.112809E-01   0.846036E-02   0.350000E-03
   2  -0.697411E-03  -0.177813E-02   0.148936E-03   0.149679E-03   0.150000E-03
   3   0.297986E-02  -0.465446E-02   0.459423E-02   0.447740E-03   0.450000E-03
   4  -0.135704E-02   0.200069E-02   0.575428E-02   0.537804E-03   0.200000E-03
   5  -0.645425E-02  -0.369582E-03   0.576285E-02   0.100160E-03   0.100000E-03
   6   0.607375E-04   0.526306E-03   0.751599E-02   0.248834E-03   0.250000E-03
   7   0.168476E-02  -0.653718E-03   0.814720E-02   0.398474E-03   0.400000E-03
   8  -0.191516E-02   0.793151E-03   0.889384E-02   0.349094E-03   0.350000E-03
   9   0.222012E-03   0.699553E-03   0.934710E-02   0.551315E-03   0.150000E-03
  10  -0.767811E-03   0.624359E-03   0.118204E-01   0.292328E-03   0.300000E-03
  11  -0.186362E-02   0.809249E-03   0.130637E-01   0.348722E-03   0.350000E-03
  12   0.101480E-02   0.514835E-03   0.147977E-01   0.195231E-03   0.200000E-03
  13   0.133044E-03  -0.116313E-03   0.169518E-01   0.345278E-03   0.350000E-03
  14  -0.160909E-04   0.352564E-03   0.176502E-01   0.348428E-03   0.350000E-03
  15   0.136072E-03   0.884867E-03   0.188663E-01   0.408801E-03   0.400000E-03
  16   0.641473E-03  -0.676033E-03   0.196103E-01   0.345776E-03   0.350000E-03
  17  -0.948991E-03   0.947238E-03   0.205235E-01   0.339895E-03   0.350000E-03
  18   0.906815E-03   0.678097E-03   0.219831E-01   0.349272E-03   0.350000E-03
  19  -0.131705E-03   0.705968E-03   0.225732E-01   0.245090E-03   0.250000E-03
  20  -0.441285E-04   0.649044E-03   0.230725E-01   0.247310E-03   0.250000E-03
  21   0.173012E-02   0.129248E-02   0.244913E-01   0.249710E-03   0.250000E-03
  22  -0.116424E-03  -0.461723E-03   0.257273E-01   0.200010E-03   0.200000E-03
  23   0.142658E-02  -0.329571E-03   0.267653E-01   0.993829E-04   0.100000E-03
  24   0.608241E-03  -0.426905E-03   0.282286E-01   0.397319E-03   0.400000E-03
  25   0.192710E-02  -0.758500E-03   0.297940E-01   0.409865E-03   0.400000E-03
  26   0.192878E-02   0.174321E-02   0.305348E-01   0.333174E-03   0.350000E-03
  27   0.359441E-03   0.603852E-03   0.318731E-01   0.296868E-03   0.300000E-03
  28   0.907439E-03   0.216741E-02   0.333284E-01   0.347951E-03   0.300000E-03
  29   0.657802E-03  -0.811269E-04   0.355548E-01   0.446691E-03   0.450000E-03
  30   0.191376E-02   0.127940E-02   0.374143E-01   0.348016E-03   0.350000E-03
  31   0.156132E-02   0.203107E-02   0.380046E-01   0.248545E-03   0.250000E-03
  32  -0.125304E-03   0.254113E-02   0.401334E-01   0.197744E-03   0.200000E-03
  33  -0.262867E-02   0.289640E-02   0.410232E-01   0.194413E-03   0.200000E-03
  34   0.452118E-02  -0.360660E-02   0.446064E-01   0.880362E-03   0.400000E-03
  35   0.196273E-02  -0.550670E-03   0.446526E-01   0.192658E-02   0.350000E-03
  36   0.684660E-04   0.115672E-03   0.865182E-02   0.831186E-02   0.300000E-03
  37  -0.786124E-03  -0.279462E-03   0.247494E-03   0.176897E-02   0.250000E-03
  38   0.148853E-02  -0.240355E-02   0.782582E-03   0.716954E-03   0.300000E-03
  39   0.247392E-03   0.133627E-02   0.269802E-02   0.398812E-03   0.400000E-03
  40   0.714095E-03  -0.230027E-03   0.619050E-02   0.299207E-03   0.300000E-03
  41   0.159599E-02   0.119063E-03   0.688312E-02   0.391137E-03   0.400000E-03
  42  -0.150313E-02   0.845517E-03   0.730911E-02   0.100060E-02   0.350000E-03
  43  -0.168841E-02   0.410062E-03   0.861413E-02   0.935850E-03   0.300000E-03
  44  -0.366031E-03  -0.757015E-04   0.939498E-02   0.946549E-03   0.250000E-03
  45   0.130820E-03   0.984788E-03   0.999157E-02   0.495945E-03   0.500000E-03
  46  -0.335612E-03  -0.209738E-03   0.107831E-01   0.300059E-03   0.300000E-03
  47  -0.649001E-03  -0.307848E-03   0.152819E-01   0.149931E-03   0.150000E-03
  48   0.536376E-04   0.296353E-03   0.158541E-01   0.446942E-03   0.450000E-03
  49  -0.467930E-03  -0.299570E-03   0.165187E-01   0.885964E-03   0.350000E-03
  50  -0.107082E-02   0.263489E-03   0.182407E-01   0.245787E-03   0.250000E-03
  51   0.110193E-02   0.791699E-05   0.193352E-01   0.871274E-03   0.250000E-03
  52  -0.121614E-02   0.515379E-03   0.200657E-01   0.147395E-03   0.150000E-03
  53   0.655553E-03  -0.238975E-03   0.205250E-01   0.101417E-02   0.200000E-03
  54   0.233438E-03  -0.382635E-03   0.211717E-01   0.298332E-03   0.300000E-03
  55   0.301744E-03   0.288789E-03   0.233996E-01   0.998994E-04   0.100000E-03
  56   0.565734E-03   0.170636E-02   0.238584E-01   0.396443E-03   0.400000E-03
  57  -0.254894E-04   0.122804E-02   0.245287E-01   0.919994E-03   0.400000E-03
  58   0.220886E-03   0.523054E-03   0.251246E-01   0.395294E-03   0.400000E-03
  59   0.278062E-02   0.218390E-03   0.270454E-01   0.204807E-03   0.200000E-03
  60   0.104251E-02  -0.176520E-03   0.275367E-01   0.296068E-03   0.300000E-03
  61   0.117857E-02  -0.571026E-03   0.291085E-01   0.294356E-03   0.300000E-03
  62  -0.437131E-03   0.158519E-02   0.312299E-01   0.347756E-03   0.350000E-03
  63   0.125961E-02   0.609276E-03   0.328604E-01   0.196627E-03   0.200000E-03
  64   0.100158E-02   0.621335E-03   0.347640E-01   0.346457E-03   0.350000E-03
  65  -0.150211E-05  -0.731458E-04   0.363342E-01   0.612743E-03   0.350000E-03
  66   0.866430E-04   0.966295E-03   0.364482E-01   0.137643E-03   0.150000E-03
  67   0.114084E-02   0.207731E-02   0.391492E-01   0.299009E-03   0.300000E-03
  68   0.170500E-01  -0.344585E-03   0.423096E-01   0.201478E-03   0.200000E-03
  69  -0.298067E-02  -0.492971E-02   0.438648E-01   0.827150E-03   0.350000E-03
  70   0.620299E-03  -0.194020E-02   0.424005E-01   0.720519E-02   0.250000E-03
  71   0.951816E-03  -0.138159E-03   0.447017E-01   0.495982E-02   0.300000E-03
  72   0.258225E-02  -0.601814E-03   0.447504E-01   0.248341E-03   0.250000E-03
  73   0.206174E-03   0.136359E-03   0.256533E-02   0.793510E-02   0.350000E-03
  74  -0.266905E-03  -0.607756E-03   0.120981E-02   0.298398E-03   0.300000E-03
  75   0.730295E-03  -0.192596E-02   0.392868E-02   0.247940E-03   0.250000E-03
  76  -0.367316E-03   0.366324E-03   0.523202E-02   0.922869E-03   0.350000E-03
  77   0.738670E-04   0.109750E-02   0.648164E-02   0.822114E-03   0.200000E-03
  78  -0.723966E-03   0.243416E-03   0.666293E-02   0.133952E-02   0.350000E-03
  79   0.242442E-03   0.114182E-02   0.799379E-02   0.113060E-02   0.350000E-03
  80  -0.164818E-02   0.168681E-02   0.904759E-02   0.130097E-02   0.250000E-03
  81  -0.335059E-03   0.145370E-03   0.106990E-01   0.955940E-03   0.350000E-03
  82  -0.128158E-02   0.144987E-02   0.133035E-01   0.949567E-03   0.300000E-03
  83  -0.370307E-04   0.763767E-03   0.137621E-01   0.346212E-03   0.350000E-03
  84   0.156408E-02   0.839355E-03   0.143520E-01   0.243389E-03   0.250000E-03
  85   0.429534E-03  -0.194466E-03   0.154438E-01   0.100863E-02   0.250000E-03
  86   0.512124E-04  -0.349248E-03   0.172980E-01   0.106420E-02   0.450000E-03
  87   0.665680E-04   0.236196E-03   0.188750E-01   0.105815E-02   0.250000E-03
  88   0.531275E-03  -0.328538E-03   0.200724E-01   0.801730E-03   0.300000E-03
  89   0.925605E-03  -0.376505E-03   0.203202E-01   0.160548E-02   0.400000E-03
  90   0.133313E-02  -0.521745E-04   0.215023E-01   0.854869E-03   0.350000E-03
  91   0.135279E-03   0.373098E-03   0.226009E-01   0.739710E-03   0.250000E-03
  92   0.425792E-04   0.173856E-03   0.231918E-01   0.832491E-03   0.350000E-03
  93   0.599580E-03   0.112512E-02   0.238160E-01   0.114168E-02   0.350000E-03
  94   0.746130E-04   0.863818E-03   0.252460E-01   0.113386E-02   0.350000E-03
  95   0.756633E-03  -0.528306E-03   0.273659E-01   0.919298E-03   0.350000E-03
  96   0.123621E-02  -0.539908E-03   0.280667E-01   0.117890E-02   0.400000E-03
  97   0.141143E-02  -0.572922E-04   0.294717E-01   0.972762E-03   0.250000E-03
  98   0.144138E-02   0.751567E-03   0.303115E-01   0.108394E-02   0.450000E-03
  99   0.113507E-02   0.870290E-03   0.324164E-01   0.246615E-03   0.250000E-03
 100   0.843342E-03   0.114165E-02   0.327367E-01   0.625577E-03   0.250000E-03
 101   0.773743E-03  -0.110087E-03   0.349722E-01   0.106381E-02   0.400000E-03
 102   0.150426E-02   0.123674E-02   0.368236E-01   0.266555E-03   0.250000E-03
 103   0.927346E-03   0.348577E-03   0.376496E-01   0.896842E-03   0.250000E-03
 104  -0.405365E-03   0.233720E-02   0.385516E-01   0.297909E-03   0.300000E-03
 105  -0.193994E-03   0.203714E-02   0.405786E-01   0.243715E-03   0.250000E-03
 106  -0.146429E-02  -0.824395E-02   0.431984E-01   0.297372E-03   0.300000E-03
 107   0.262354E-03   0.104475E-02   0.440798E-01   0.746449E-02   0.350000E-03
 108  -0.332417E-03  -0.228563E-03   0.349371E-01   0.746259E-02   0.450000E-03
 109  -0.433022E-03  -0.134937E-02   0.243169E-03   0.634494E-03   0.250000E-03
 110   0.681530E-03  -0.270806E-02   0.538224E-03   0.236678E-03   0.250000E-03
 111  -0.355738E-03  -0.240066E-03   0.190131E-02   0.397780E-03   0.400000E-03
 112  -0.233464E-03   0.390344E-04   0.323398E-02   0.923242E-03   0.350000E-03
 113   0.440741E-03   0.638569E-03   0.595496E-02   0.109923E-02   0.400000E-03
 114  -0.811984E-03   0.402187E-04   0.717504E-02   0.153146E-02   0.200000E-03
 115  -0.343486E-03   0.140438E-02   0.852094E-02   0.158014E-02   0.350000E-03
 116   0.858113E-04   0.620006E-04   0.985313E-02   0.133308E-02   0.350000E-03
 117   0.800099E-03   0.642464E-03   0.113607E-01   0.737556E-03   0.350000E-03
 118   0.130176E-03   0.691767E-03   0.124179E-01   0.296009E-03   0.300000E-03
 119   0.107135E-02   0.125430E-02   0.142827E-01   0.782467E-03   0.300000E-03
 120   0.520696E-03  -0.611531E-03   0.151153E-01   0.574075E-03   0.300000E-03
 121  -0.402812E-04  -0.280240E-03   0.167382E-01   0.138626E-02   0.200000E-03
 122  -0.105613E-02  -0.339504E-03   0.181873E-01   0.940194E-03   0.450000E-03
 123   0.925726E-04   0.446184E-03   0.186172E-01   0.142218E-02   0.200000E-03
 124   0.699901E-03  -0.756821E-03   0.197052E-01   0.127483E-02   0.300000E-03
 125   0.423338E-03   0.155731E-03   0.209102E-01   0.781715E-03   0.250000E-03
 126   0.423509E-03   0.758085E-04   0.209580E-01   0.132485E-02   0.300000E-03
 127   0.171753E-03   0.107856E-03   0.227354E-01   0.121873E-02   0.250000E-03
 128   0.791421E-03   0.255434E-03   0.230822E-01   0.164192E-02   0.300000E-03
 129   0.779287E-03   0.363776E-03   0.236284E-01   0.170038E-02   0.250000E-03
 130   0.581640E-03  -0.209618E-04   0.257417E-01   0.714359E-03   0.300000E-03
 131   0.152933E-02  -0.479054E-03   0.263624E-01   0.394907E-03   0.400000E-03
 132   0.121681E-02   0.468416E-04   0.275328E-01   0.145039E-02   0.200000E-03
 133   0.639600E-03  -0.597159E-04   0.288237E-01   0.927445E-03   0.400000E-03
 134  -0.203325E-03   0.566935E-03   0.312015E-01   0.109442E-02   0.400000E-03
 135   0.829663E-03   0.376114E-03   0.320470E-01   0.102304E-02   0.450000E-03
 136   0.444387E-03   0.953481E-03   0.340193E-01   0.398790E-03   0.400000E-03
 137  -0.995134E-03  -0.228659E-02   0.372223E-01   0.754890E-03   0.100000E-03
 138   0.107180E-02  -0.171163E-04   0.373997E-01   0.132553E-02   0.250000E-03
 139   0.120381E-02   0.546509E-03   0.381828E-01   0.767859E-03   0.300000E-03
 140   0.111231E-02   0.206903E-02   0.396945E-01   0.275167E-03   0.250000E-03
 141  -0.169888E-02   0.136222E-02   0.414674E-01   0.249840E-03   0.250000E-03
 142   0.112294E-01   0.905866E-04   0.419113E-01   0.196957E-03   0.200000E-03
 143   0.455861E-03   0.236308E-03   0.438979E-01   0.629759E-02   0.250000E-03
 144   0.262440E-03   0.121801E-02   0.296214E-01   0.770156E-02   0.300000E-03
 145   0.734816E-04  -0.712932E-04   0.294608E-03   0.331383E-02   0.300000E-03
 146   0.691987E-03  -0.338589E-03   0.669174E-03   0.135181E-02   0.350000E-03
 147  -0.265230E-03  -0.733837E-03   0.408304E-02   0.849090E-03   0.200000E-03
 148  -0.763935E-03   0.939834E-03   0.532586E-02   0.288513E-03   0.300000E-03
 149   0.136868E-03  -0.229937E-04   0.612291E-02   0.192857E-02   0.450000E-03
 150   0.643508E-03   0.324049E-03   0.756894E-02   0.147918E-02   0.200000E-03
 151  -0.230597E-02   0.101678E-02   0.937977E-02   0.160221E-02   0.200000E-03
 152  -0.590936E-03  -0.347143E-03   0.103931E-01   0.140740E-02   0.200000E-03
 153   0.304392E-03   0.532313E-04   0.112045E-01   0.136296E-02   0.300000E-03
 154   0.680854E-03   0.174505E-02   0.126061E-01   0.966423E-03   0.400000E-03
 155  -0.314588E-03   0.181820E-02   0.137956E-01   0.887261E-03   0.200000E-03
 156  -0.632185E-04  -0.782721E-04   0.148307E-01   0.121374E-02   0.400000E-03
 157  -0.178507E-03  -0.985717E-03   0.159657E-01   0.138857E-02   0.400000E-03
 158  -0.196111E-03  -0.847893E-03   0.174198E-01   0.185053E-02   0.350000E-03
 159  -0.693570E-03  -0.647507E-03   0.178086E-01   0.146635E-02   0.200000E-03
 160   0.460216E-04  -0.292979E-03   0.182236E-01   0.163901E-02   0.250000E-03
 161   0.708053E-03  -0.574054E-03   0.196538E-01   0.181831E-02   0.250000E-03
 162   0.582583E-03  -0.241747E-04   0.209691E-01   0.182138E-02   0.200000E-03
 163   0.894557E-03   0.697060E-04   0.221442E-01   0.112455E-02   0.350000E-03
 164   0.744224E-03  -0.255609E-03   0.227672E-01   0.219560E-02   0.300000E-03
 165   0.470128E-03   0.109599E-03   0.248412E-01   0.157577E-02   0.250000E-03
 166  -0.465619E-03   0.282063E-03   0.256669E-01   0.155478E-02   0.250000E-03
 167   0.153543E-02  -0.323809E-03   0.266499E-01   0.113190E-02   0.400000E-03
 168   0.583495E-03   0.372607E-03   0.286173E-01   0.153957E-02   0.250000E-03
 169   0.116919E-02   0.195806E-03   0.302211E-01   0.171293E-02   0.200000E-03
 170  -0.151399E-03  -0.652534E-04   0.308124E-01   0.178987E-02   0.400000E-03
 171   0.113934E-02   0.268394E-03   0.335396E-01   0.907500E-03   0.300000E-03
 172   0.343357E-04  -0.281490E-04   0.341828E-01   0.118059E-02   0.400000E-03
 173   0.745269E-03  -0.263039E-03   0.356592E-01   0.118441E-02   0.300000E-03
 174   0.123636E-02   0.356212E-03   0.368769E-01   0.104413E-02   0.350000E-03
 175   0.142469E-02  -0.528826E-03   0.390155E-01   0.883025E-03   0.300000E-03
 176   0.524640E-03  -0.503035E-03   0.400814E-01   0.985947E-03   0.200000E-03
 177   0.367645E-04   0.177992E-02   0.406164E-01   0.785835E-03   0.300000E-03
 178   0.191995E-02   0.274584E-03   0.444040E-01   0.144077E-02   0.200000E-03
 179   0.285614E-02  -0.705734E-02   0.427090E-01   0.196985E-03   0.200000E-03
 180   0.398537E-03  -0.772789E-04   0.400385E-01   0.752430E-02   0.300000E-03
 181  -0.347633E-03  -0.953421E-03   0.197322E-03   0.108062E-02   0.200000E-03
 182   0.425538E-03   0.729436E-04   0.140928E-02   0.213835E-02   0.200000E-03
 183  -0.243899E-03  -0.935401E-03   0.338570E-02   0.295298E-03   0.300000E-03
 184   0.805822E-04   0.500107E-03   0.539628E-02   0.159566E-02   0.350000E-03
 185   0.868791E-04   0.115244E-03   0.625329E-02   0.260768E-02   0.250000E-03
 186  -0.537473E-03   0.628636E-03   0.680182E-02   0.187064E-02   0.200000E-03
 187   0.964353E-03   0.676360E-03   0.792248E-02   0.182338E-02   0.300000E-03
 188  -0.226610E-03   0.945418E-04   0.963922E-02   0.197896E-02   0.250000E-03
 189   0.115969E-02   0.764905E-04   0.117379E-01   0.124999E-02   0.250000E-03
 190  -0.184251E-03   0.209080E-02   0.119770E-01   0.815248E-03   0.250000E-03
 191  -0.310966E-03   0.666085E-03   0.140225E-01   0.126577E-02   0.250000E-03
 192  -0.590785E-03   0.538523E-03   0.143309E-01   0.183252E-02   0.400000E-03
 193  -0.128483E-02   0.277233E-03   0.153373E-01   0.169660E-02   0.300000E-03
 194   0.306364E-03  -0.262826E-03   0.165337E-01   0.194382E-02   0.400000E-03
 195   0.137297E-03  -0.450549E-03   0.179765E-01   0.207315E-02   0.250000E-03
 196  -0.304750E-03  -0.273817E-03   0.191630E-01   0.152615E-02   0.300000E-03
 197   0.883541E-03  -0.412062E-03   0.200198E-01   0.229227E-02   0.350000E-03
 198   0.895915E-03  -0.349017E-03   0.206645E-01   0.221424E-02   0.300000E-03
 199   0.126236E-02   0.510081E-03   0.215264E-01   0.150238E-02   0.300000E-03
 200   0.392539E-03  -0.356348E-03   0.222703E-01   0.216096E-02   0.200000E-03
 201   0.680938E-04   0.170183E-03   0.242947E-01   0.157890E-02   0.300000E-03
 202   0.252469E-04  -0.507614E-03   0.260060E-01   0.119545E-02   0.250000E-03
 203   0.136527E-02   0.130657E-02   0.266105E-01   0.182587E-02   0.300000E-03
 204   0.161495E-02  -0.722882E-04   0.271065E-01   0.159040E-02   0.250000E-03
 205   0.149287E-02   0.398159E-03   0.296380E-01   0.159993E-02   0.400000E-03
 206   0.115883E-02   0.260825E-03   0.322702E-01   0.178906E-02   0.350000E-03
 207   0.128961E-02   0.277213E-03   0.329015E-01   0.129922E-02   0.450000E-03
 208   0.480473E-03  -0.222824E-03   0.336115E-01   0.166454E-02   0.350000E-03
 209   0.637905E-03  -0.426795E-03   0.362531E-01   0.125340E-02   0.300000E-03
 210   0.124910E-02  -0.206735E-04   0.366500E-01   0.154290E-02   0.200000E-03
 211   0.107563E-02  -0.155208E-03   0.370664E-01   0.169623E-02   0.250000E-03
 212   0.591287E-03  -0.443991E-03   0.400541E-01   0.588294E-03   0.200000E-03
 213  -0.952335E-03   0.203934E-02   0.411380E-01   0.624511E-03   0.250000E-03
 214   0.100147E-01  -0.247477E-02   0.420896E-01   0.551585E-03   0.200000E-03
 215   0.189837E-02  -0.129246E-02   0.443053E-01   0.149767E-03   0.150000E-03
 216   0.934684E-03  -0.151540E-03   0.217310E-01   0.885818E-02   0.400000E-03
 217  -0.125779E-03   0.136277E-02   0.146240E-01   0.896706E-02   0.350000E-03
 218   0.496349E-03   0.220173E-04   0.874298E-03   0.201776E-02   0.350000E-03
 219   0.515579E-05  -0.587890E-03   0.373420E-02   0.653597E-03   0.200000E-03
 220   0.366033E-04   0.266136E-03   0.458566E-02   0.129531E-02   0.400000E-03
 221  -0.174294E-03   0.138432E-03   0.532983E-02   0.218335E-02   0.250000E-03
 222  -0.306854E-03   0.104053E-02   0.731850E-02   0.205856E-02   0.350000E-03
 223  -0.117331E-02   0.474264E-03   0.904540E-02   0.203295E-02   0.350000E-03
 224  -0.409083E-03  -0.991741E-04   0.102338E-01   0.193090E-02   0.350000E-03
 225  -0.532127E-04   0.152775E-03   0.107542E-01   0.156997E-02   0.200000E-03
 226   0.105008E-02   0.431798E-03   0.122043E-01   0.153729E-02   0.300000E-03
 227  -0.861537E-03   0.229252E-03   0.130535E-01   0.143462E-02   0.250000E-03
 228  -0.152097E-03   0.836011E-03   0.148917E-01   0.175938E-02   0.150000E-03
 229   0.271651E-03  -0.209015E-03   0.158921E-01   0.203184E-02   0.250000E-03
 230   0.141133E-03  -0.319852E-03   0.175735E-01   0.247995E-02   0.300000E-03
 231   0.651987E-04  -0.303817E-03   0.183944E-01   0.229528E-02   0.200000E-03
 232   0.867822E-04  -0.365809E-03   0.187022E-01   0.190868E-02   0.300000E-03
 233   0.465917E-03  -0.284778E-03   0.192579E-01   0.233204E-02   0.400000E-03
 234   0.441814E-03   0.117809E-03   0.213792E-01   0.210388E-02   0.300000E-03
 235   0.651330E-03  -0.560062E-03   0.224575E-01   0.168924E-02   0.300000E-03
 236   0.870745E-03   0.987539E-04   0.233608E-01   0.217054E-02   0.300000E-03
 237   0.336631E-03  -0.239994E-03   0.240083E-01   0.216082E-02   0.350000E-03
 238   0.187185E-03  -0.103150E-03   0.252585E-01   0.173632E-02   0.200000E-03
 239   0.954250E-03   0.894649E-04   0.267755E-01   0.234721E-02   0.250000E-03
 240   0.404345E-03   0.342280E-03   0.290585E-01   0.147551E-02   0.200000E-03
 241   0.114202E-02  -0.147396E-03   0.302196E-01   0.224869E-02   0.350000E-03
 242   0.176528E-02   0.171314E-02   0.315715E-01   0.174667E-02   0.350000E-03
 243   0.100176E-02   0.122417E-03   0.329876E-01   0.224172E-02   0.500000E-03
 244   0.667236E-03  -0.457533E-03   0.354592E-01   0.197551E-02   0.200000E-03
 245   0.943900E-03  -0.174909E-03   0.349368E-01   0.181037E-02   0.350000E-03
 246   0.141382E-02  -0.174091E-03   0.365897E-01   0.213438E-02   0.400000E-03
 247   0.104857E-02   0.172886E-03   0.379927E-01   0.138857E-02   0.350000E-03
 248   0.251179E-03  -0.408375E-03   0.396111E-01   0.818582E-03   0.300000E-03
 249   0.148125E-02   0.270311E-02   0.416561E-01   0.787891E-03   0.300000E-03
 250  -0.366900E-02  -0.815026E-02   0.437451E-01   0.244626E-03   0.250000E-03
 251  -0.122208E-02   0.977125E-04   0.446049E-01   0.298982E-02   0.400000E-03
 252   0.542638E-04   0.189117E-03   0.337787E-01   0.773141E-02   0.350000E-03
 253   0.206679E-04  -0.305262E-03   0.211836E-02   0.739649E-02   0.350000E-03
 254   0.287248E-04  -0.144796E-02   0.138920E-02   0.937277E-03   0.350000E-03
 255   0.110722E-02  -0.705607E-03   0.230251E-02   0.971400E-03   0.300000E-03
 256  -0.201376E-03   0.123799E-03   0.483372E-02   0.194691E-02   0.300000E-03
 257  -0.431188E-03   0.445473E-04   0.674619E-02   0.236681E-02   0.300000E-03
 258   0.335214E-04  -0.858273E-05   0.839033E-02   0.227040E-02   0.350000E-03
 259  -0.123644E-02  -0.164357E-03   0.902966E-02   0.282987E-02   0.450000E-03
 260  -0.216418E-03  -0.147953E-04   0.986808E-02   0.258539E-02   0.400000E-03
 261   0.110928E-02   0.233460E-03   0.116634E-01   0.179085E-02   0.300000E-03
 262   0.393274E-03  -0.528350E-03   0.121623E-01   0.220375E-02   0.350000E-03
 263  -0.745365E-04   0.205842E-03   0.135965E-01   0.168619E-02   0.350000E-03
 264  -0.458014E-03   0.378122E-03   0.149153E-01   0.220805E-02   0.300000E-03
 265   0.471458E-03  -0.817129E-03   0.166555E-01   0.253119E-02   0.200000E-03
 266  -0.370095E-04  -0.617749E-03   0.170522E-01   0.231827E-02   0.250000E-03
 267   0.562321E-03  -0.129609E-03   0.171346E-01   0.280693E-02   0.250000E-03
 268   0.235582E-03  -0.216312E-03   0.186855E-01   0.263680E-02   0.250000E-03
 269   0.197169E-03  -0.278145E-04   0.191157E-01   0.296624E-02   0.250000E-03
 270   0.977030E-03  -0.294408E-03   0.197134E-01   0.292006E-02   0.350000E-03
 271   0.103030E-03  -0.422484E-03   0.219381E-01   0.185874E-02   0.250000E-03
 272   0.512335E-03   0.264571E-03   0.223682E-01   0.276185E-02   0.400000E-03
 273   0.885919E-03   0.298748E-03   0.234956E-01   0.284734E-02   0.400000E-03
 274   0.610379E-04   0.185481E-02   0.258483E-01   0.201423E-02   0.250000E-03
 275   0.939654E-03   0.211731E-02   0.262789E-01   0.226125E-02   0.250000E-03
 276   0.967398E-03  -0.392227E-03   0.275153E-01   0.194995E-02   0.300000E-03
 277   0.148844E-02   0.696957E-03   0.294760E-01   0.217572E-02   0.200000E-03
 278   0.179482E-02  -0.692525E-03   0.319035E-01   0.238349E-02   0.350000E-03
 279   0.206329E-02  -0.650149E-03   0.324033E-01   0.270678E-02   0.250000E-03
 280   0.217186E-03   0.296369E-04   0.342923E-01   0.187021E-02   0.300000E-03
 281   0.104118E-02  -0.344856E-03   0.358936E-01   0.173093E-02   0.300000E-03
 282   0.574222E-03  -0.133901E-03   0.375485E-01   0.179807E-02   0.250000E-03
 283   0.372289E-03  -0.592752E-03   0.384924E-01   0.162100E-02   0.200000E-03
 284   0.424587E-03   0.574094E-04   0.385509E-01   0.117509E-02   0.250000E-03
 285  -0.124374E-02   0.247255E-02   0.411030E-01   0.121981E-02   0.350000E-03
 286  -0.110316E-02  -0.564218E-02   0.432238E-01   0.894405E-03   0.300000E-03
 287   0.606769E-03  -0.779799E-02   0.428471E-01   0.122065E-02   0.200000E-03
 288   0.375004E-03  -0.423919E-03   0.588037E-02   0.793104E-02   0.350000E-03
 289  -0.193975E-04   0.343887E-03   0.245637E-03   0.226651E-02   0.250000E-03
 290   0.119283E-02  -0.569570E-03   0.186204E-02   0.137347E-02   0.300000E-03
 291   0.116287E-02  -0.744565E-03   0.250266E-02   0.164126E-02   0.400000E-03
 292  -0.446072E-03  -0.254676E-03   0.312960E-02   0.151206E-02   0.250000E-03
 293  -0.279162E-03   0.127687E-04   0.571035E-02   0.257172E-02   0.300000E-03
 294   0.203127E-03  -0.443180E-03   0.819529E-02   0.298797E-02   0.400000E-03
 295  -0.288792E-03   0.352772E-03   0.968774E-02   0.336435E-02   0.400000E-03
 296   0.323388E-03   0.541380E-03   0.111286E-01   0.190501E-02   0.250000E-03
 297  -0.308165E-04   0.175484E-03   0.107309E-01   0.191572E-02   0.150000E-03
 298  -0.569867E-03  -0.439447E-04   0.126790E-01   0.168314E-02   0.200000E-03
 299  -0.940596E-04  -0.208899E-03   0.139078E-01   0.232068E-02   0.250000E-03
 300  -0.505764E-03  -0.136120E-03   0.148799E-01   0.270425E-02   0.200000E-03
 301  -0.529600E-03   0.262921E-03   0.154797E-01   0.238379E-02   0.300000E-03
 302   0.695610E-03   0.526767E-03   0.170967E-01   0.335046E-02   0.300000E-03
 303  -0.722020E-04  -0.637676E-04   0.180658E-01   0.251371E-02   0.200000E-03
 304  -0.180190E-03  -0.433086E-04   0.182685E-01   0.291049E-02   0.250000E-03
 305   0.658371E-03  -0.776422E-04   0.193921E-01   0.330017E-02   0.150000E-03
 306   0.942725E-03  -0.324415E-03   0.204686E-01   0.282827E-02   0.350000E-03
 307   0.197336E-03  -0.236379E-03   0.218656E-01   0.235188E-02   0.250000E-03
 308   0.490603E-03  -0.159544E-03   0.228430E-01   0.333972E-02   0.350000E-03
 309   0.326258E-03   0.179806E-03   0.246096E-01   0.259692E-02   0.400000E-03
 310   0.173812E-03   0.216665E-03   0.252050E-01   0.223100E-02   0.300000E-03
 311   0.799909E-03   0.137371E-03   0.273316E-01   0.256938E-02   0.350000E-03
 312   0.150153E-02  -0.251345E-03   0.281618E-01   0.191956E-02   0.350000E-03
 313   0.783536E-03   0.158319E-03   0.297132E-01   0.255283E-02   0.250000E-03
 314   0.970274E-03  -0.656683E-03   0.312621E-01   0.232274E-02   0.300000E-03
 315   0.952080E-03  -0.656101E-03   0.334769E-01   0.286485E-02   0.300000E-03
 316   0.615629E-03  -0.903375E-04   0.338329E-01   0.232799E-02   0.350000E-03
 317   0.111048E-02  -0.677005E-04   0.350633E-01   0.254824E-02   0.400000E-03
 318   0.720922E-03   0.875353E-04   0.358494E-01   0.242635E-02   0.400000E-03
 319   0.112196E-02   0.291320E-03   0.389768E-01   0.143150E-02   0.250000E-03
 320   0.616391E-04  -0.411248E-03   0.398331E-01   0.141934E-02   0.300000E-03
 321   0.774106E-03  -0.357349E-03   0.404244E-01   0.134555E-02   0.300000E-03
 322   0.259497E-02  -0.501494E-02   0.425984E-01   0.732805E-03   0.350000E-03
 323  -0.259951E-02   0.112485E-02   0.439762E-01   0.211910E-02   0.350000E-03
 324   0.105875E-02   0.365641E-04   0.396185E-01   0.716919E-02   0.250000E-03
 325   0.102013E-03  -0.330901E-03   0.150352E-02   0.760688E-02   0.300000E-03
 326  -0.419882E-03  -0.286356E-03   0.124275E-02   0.151620E-02   0.250000E-03
 327   0.117509E-04   0.429855E-03   0.197660E-02   0.217156E-02   0.350000E-03
 328   0.106098E-03   0.380217E-04   0.381135E-02   0.162428E-02   0.450000E-03
 329  -0.341037E-03   0.421900E-03   0.662076E-02   0.313044E-02   0.400000E-03
 330   0.167378E-03   0.197331E-03   0.726854E-02   0.275250E-02   0.350000E-03
 331  -0.630421E-03   0.145882E-03   0.780641E-02   0.240747E-02   0.250000E-03
 332  -0.279527E-03   0.377301E-03   0.107832E-01   0.251007E-02   0.450000E-03
 333   0.639507E-03   0.250454E-03   0.115201E-01   0.237257E-02   0.300000E-03
 334  -0.728777E-03   0.261314E-03   0.130503E-01   0.193159E-02   0.250000E-03
 335  -0.122582E-02  -0.228381E-03   0.134159E-01   0.226721E-02   0.250000E-03
 336  -0.109753E-02  -0.373387E-03   0.144089E-01   0.254238E-02   0.300000E-03
 337   0.387512E-04   0.638927E-04   0.161427E-01   0.252110E-02   0.300000E-03
 338   0.527841E-03   0.370311E-03   0.167179E-01   0.373962E-02   0.250000E-03
 339   0.240551E-03   0.253190E-03   0.177022E-01   0.311599E-02   0.350000E-03
 340   0.366190E-03  -0.913911E-04   0.190061E-01   0.352800E-02   0.300000E-03
 341   0.826910E-03  -0.125031E-03   0.201549E-01   0.339239E-02   0.300000E-03
 342   0.110478E-02   0.185856E-03   0.206473E-01   0.334627E-02   0.200000E-03
 343  -0.224320E-03   0.406659E-03   0.216773E-01   0.286436E-02   0.300000E-03
 344   0.766237E-03   0.302716E-03   0.239474E-01   0.330531E-02   0.250000E-03
 345   0.970397E-03   0.245950E-03   0.252024E-01   0.296513E-02   0.300000E-03
 346   0.494465E-03   0.391021E-03   0.257366E-01   0.260190E-02   0.350000E-03
 347   0.805338E-03   0.273563E-03   0.264236E-01   0.289095E-02   0.400000E-03
 348   0.439380E-03   0.248172E-03   0.290214E-01   0.197180E-02   0.300000E-03
 349   0.885135E-03  -0.109474E-03   0.301556E-01   0.284301E-02   0.250000E-03
 350   0.137325E-02   0.223896E-03   0.320790E-01   0.314873E-02   0.300000E-03
 351   0.206356E-02  -0.665452E-03   0.328661E-01   0.308211E-02   0.350000E-03
 352   0.123464E-02   0.686089E-04   0.344959E-01   0.310500E-02   0.400000E-03
 353   0.705483E-03   0.656739E-04   0.358843E-01   0.302088E-02   0.200000E-03
 354   0.585392E-03  -0.237703E-03   0.372366E-01   0.218816E-02   0.250000E-03
 355   0.110750E-02  -0.634829E-03   0.380384E-01   0.203581E-02   0.300000E-03
 356  -0.139715E-03  -0.210124E-03   0.393816E-01   0.162463E-02   0.200000E-03
 357   0.410611E-03  -0.241835E-03   0.408105E-01   0.179667E-02   0.300000E-03
 358   0.127771E-02   0.306042E-02   0.416886E-01   0.133277E-02   0.250000E-03
 359  -0.359160E-05   0.517618E-03   0.442573E-01   0.528266E-02   0.250000E-03
 360   0.501886E-03   0.551699E-03   0.447998E-01   0.417851E-02   0.200000E-03
 361   0.260515E-03   0.196706E-03   0.681934E-03   0.273985E-02   0.400000E-03
 362   0.459450E-03   0.128762E-03   0.147891E-02   0.272968E-02   0.400000E-03
 363  -0.550767E-04  -0.738861E-03   0.309639E-02   0.201082E-02   0.250000E-03
 364   0.706331E-04   0.774291E-04   0.491910E-02   0.253976E-02   0.300000E-03
 365  -0.222845E-03   0.253387E-03   0.592091E-02   0.313236E-02   0.300000E-03
 366  -0.246069E-03   0.219145E-03   0.618189E-02   0.367168E-02   0.300000E-03
 367  -0.295104E-03  -0.103541E-02   0.866273E-02   0.336363E-02   0.200000E-03
 368  -0.767883E-04   0.137923E-03   0.103353E-01   0.310503E-02   0.300000E-03
 369   0.509311E-03   0.764494E-04   0.118699E-01   0.291952E-02   0.350000E-03
 370  -0.245087E-03  -0.754102E-03   0.128280E-01   0.253891E-02   0.400000E-03
 371  -0.249570E-04  -0.370888E-03   0.137390E-01   0.284060E-02   0.300000E-03
 372  -0.422846E-03  -0.137953E-03   0.150750E-01   0.326866E-02   0.400000E-03
 373  -0.127714E-03   0.269658E-03   0.157058E-01   0.293067E-02   0.300000E-03
 374  -0.466164E-03  -0.126652E-02   0.164226E-01   0.316143E-02   0.400000E-03
 375   0.172979E-03  -0.672197E-04   0.175526E-01   0.393713E-02   0.450000E-03
 376   0.213327E-03  -0.103989E-04   0.186825E-01   0.308594E-02   0.200000E-03
 377   0.546456E-03  -0.917359E-04   0.196160E-01   0.374664E-02   0.350000E-03
 378   0.247491E-03   0.489252E-03   0.210952E-01   0.263193E-02   0.300000E-03
 379  -0.413382E-04   0.131566E-03   0.211881E-01   0.328806E-02   0.350000E-03
 380   0.571636E-04   0.887060E-03   0.220126E-01   0.342030E-02   0.350000E-03
 381   0.451072E-03  -0.106370E-03   0.245378E-01   0.334044E-02   0.350000E-03
 382   0.832657E-03   0.468031E-03   0.268075E-01   0.346777E-02   0.300000E-03
 383   0.888369E-03   0.912560E-04   0.279202E-01   0.246522E-02   0.250000E-03
 384   0.920197E-03  -0.307755E-03   0.285989E-01   0.239230E-02   0.300000E-03
 385   0.960073E-03  -0.203181E-03   0.291679E-01   0.256975E-02   0.300000E-03
 386   0.621803E-03  -0.754909E-03   0.307427E-01   0.261742E-02   0.300000E-03
 387   0.144960E-02   0.146586E-03   0.324771E-01   0.365903E-02   0.350000E-03
 388   0.144484E-02  -0.426116E-03   0.354167E-01   0.346288E-02   0.450000E-03
 389   0.674001E-03  -0.425774E-03   0.360602E-01   0.337678E-02   0.200000E-03
 390   0.126146E-02  -0.127566E-03   0.364737E-01   0.292117E-02   0.400000E-03
 391   0.601172E-03  -0.231315E-03   0.376777E-01   0.251443E-02   0.300000E-03
 392   0.900426E-03  -0.292821E-03   0.390503E-01   0.192507E-02   0.250000E-03
 393   0.427169E-03  -0.245679E-03   0.396148E-01   0.212368E-02   0.350000E-03
 394  -0.310884E-02   0.349360E-02   0.422331E-01   0.126940E-02   0.300000E-03
 395  -0.265316E-02   0.571019E-03   0.439093E-01   0.147393E-02   0.300000E-03
 396  -0.150680E-03   0.277502E-02   0.444281E-01   0.242342E-02   0.200000E-03
 397   0.131686E-03  -0.788045E-04   0.973249E-03   0.348287E-02   0.400000E-03
 398   0.177623E-03  -0.360083E-03   0.264577E-02   0.232633E-02   0.300000E-03
 399   0.337027E-03  -0.575386E-03   0.354809E-02   0.232469E-02   0.300000E-03
 400  -0.148074E-03  -0.126971E-03   0.424739E-02   0.235290E-02   0.400000E-03
 401   0.209841E-03  -0.456437E-05   0.575010E-02   0.391567E-02   0.200000E-03
 402   0.134513E-03   0.162833E-03   0.729583E-02   0.344744E-02   0.350000E-03
 403  -0.507037E-03   0.147480E-04   0.852900E-02   0.379108E-02   0.250000E-03
 404  -0.189351E-03   0.507124E-04   0.906139E-02   0.366943E-02   0.300000E-03
 405  -0.132498E-03  -0.395762E-03   0.119658E-01   0.346858E-02   0.200000E-03
 406  -0.613528E-03  -0.360158E-03   0.125305E-01   0.327387E-02   0.400000E-03
 407   0.796785E-04  -0.328548E-03   0.132123E-01   0.312203E-02   0.300000E-03
 408   0.292375E-03  -0.104099E-03   0.142767E-01   0.328698E-02   0.400000E-03
 409  -0.119100E-03  -0.268688E-05   0.157545E-01   0.357420E-02   0.350000E-03
 410   0.156375E-03   0.157933E-03   0.162394E-01   0.399868E-02   0.300000E-03
 411   0.335180E-03   0.264504E-03   0.167644E-01   0.428509E-02   0.300000E-03
 412   0.684511E-05   0.511990E-04   0.183098E-01   0.355478E-02   0.400000E-03
 413   0.742269E-03  -0.125341E-03   0.203061E-01   0.396544E-02   0.300000E-03
 414   0.598430E-03  -0.155439E-02   0.208193E-01   0.376159E-02   0.250000E-03
 415   0.951987E-03   0.127903E-03   0.208390E-01   0.441116E-02   0.400000E-03
 416  -0.925302E-04   0.665748E-03   0.224893E-01   0.399789E-02   0.400000E-03
 417   0.107689E-02   0.170477E-03   0.234570E-01   0.354287E-02   0.300000E-03
 418   0.868191E-03   0.175970E-03   0.251727E-01   0.361238E-02   0.350000E-03
 419   0.623805E-03   0.799724E-04   0.278320E-01   0.305606E-02   0.350000E-03
 420   0.769623E-03   0.281893E-03   0.284083E-01   0.290145E-02   0.250000E-03
 421   0.765023E-03   0.282135E-03   0.296362E-01   0.313965E-02   0.350000E-03
 422   0.188109E-02   0.160095E-03   0.313344E-01   0.307128E-02   0.450000E-03
 423   0.123444E-02  -0.627656E-04   0.338147E-01   0.340737E-02   0.350000E-03
 424   0.110497E-02  -0.277166E-03   0.347326E-01   0.376241E-02   0.300000E-03
 425   0.125417E-02  -0.140046E-03   0.369822E-01   0.339498E-02   0.300000E-03
 426   0.134648E-02  -0.414099E-03   0.371660E-01   0.282402E-02   0.300000E-03
 427   0.892882E-03  -0.128481E-04   0.380280E-01   0.312988E-02   0.300000E-03
 428   0.107482E-02  -0.550574E-03   0.385821E-01   0.209163E-02   0.250000E-03
 429   0.837241E-04  -0.418623E-04   0.402234E-01   0.190550E-02   0.300000E-03
 430   0.320673E-03   0.265296E-03   0.419488E-01   0.186744E-02   0.350000E-03
 431  -0.156244E-02   0.329467E-03   0.426914E-01   0.179737E-02   0.400000E-03
 432  -0.902329E-04   0.478332E-03   0.433127E-01   0.148125E-02   0.300000E-03
 433   0.526895E-04   0.329549E-03   0.347580E-03   0.395867E-02   0.350000E-03
 434   0.303574E-03   0.452393E-03   0.159257E-02   0.178796E-02   0.200000E-03
 435  -0.359054E-03   0.234523E-03   0.313666E-02   0.282584E-02   0.350000E-03
 436  -0.546692E-04  -0.889437E-04   0.529994E-02   0.293331E-02   0.250000E-03
 437   0.101751E-03  -0.200300E-03   0.562613E-02   0.353559E-02   0.200000E-03
 438  -0.173018E-03   0.299512E-03   0.676211E-02   0.381442E-02   0.300000E-03
 439  -0.177115E-03   0.255474E-03   0.794093E-02   0.368993E-02   0.350000E-03
 440  -0.290537E-03   0.543720E-04   0.108760E-01   0.374084E-02   0.200000E-03
 441  -0.329364E-03  -0.298225E-03   0.109177E-01   0.324490E-02   0.300000E-03
 442   0.310060E-04  -0.788784E-04   0.130809E-01   0.370556E-02   0.300000E-03
 443   0.762858E-03  -0.248450E-03   0.136493E-01   0.345555E-02   0.250000E-03
 444  -0.403318E-03   0.223094E-03   0.152293E-01   0.395013E-02   0.300000E-03
 445  -0.411928E-04   0.277524E-03   0.157100E-01   0.445509E-02   0.400000E-03
 446  -0.688176E-04   0.271094E-03   0.163090E-01   0.448681E-02   0.200000E-03
 447   0.980413E-04   0.466674E-04   0.172575E-01   0.462164E-02   0.300000E-03
 448   0.170538E-04   0.211938E-04   0.183497E-01   0.445207E-02   0.500000E-03
 449   0.488253E-03   0.406641E-04   0.192448E-01   0.439564E-02   0.400000E-03
 450   0.500197E-03   0.110587E-03   0.199408E-01   0.443616E-02   0.300000E-03
 451   0.256249E-03   0.629781E-03   0.215013E-01   0.396516E-02   0.400000E-03
 452   0.206228E-03   0.173767E-03   0.219765E-01   0.453914E-02   0.350000E-03
 453   0.805229E-03   0.283340E-03   0.240739E-01   0.389022E-02   0.350000E-03
 454   0.849511E-03   0.220215E-03   0.257956E-01   0.329903E-02   0.350000E-03
 455   0.427692E-03   0.776580E-03   0.270103E-01   0.301289E-02   0.200000E-03
 456   0.839221E-03   0.333157E-03   0.289386E-01   0.317758E-02   0.350000E-03
 457   0.494252E-03  -0.282431E-03   0.305779E-01   0.319203E-02   0.300000E-03
 458   0.546893E-03   0.202362E-03   0.307065E-01   0.382350E-02   0.350000E-03
 459   0.168414E-02   0.761178E-04   0.317837E-01   0.372757E-02   0.350000E-03
 460   0.104801E-02  -0.144459E-03   0.341957E-01   0.386673E-02   0.250000E-03
 461   0.123137E-02  -0.115716E-03   0.364624E-01   0.356853E-02   0.250000E-03
 462   0.140939E-02  -0.174593E-03   0.376441E-01   0.426580E-02   0.300000E-03
 463   0.104210E-02  -0.979669E-04   0.382706E-01   0.258483E-02   0.300000E-03
 464   0.140883E-02  -0.203787E-03   0.390097E-01   0.264152E-02   0.450000E-03
 465   0.400733E-03   0.981735E-04   0.407056E-01   0.238476E-02   0.300000E-03
 466   0.977195E-03   0.337518E-03   0.411782E-01   0.254561E-02   0.200000E-03
 467  -0.350249E-03   0.128022E-03   0.435714E-01   0.256094E-02   0.250000E-03
 468  -0.164862E-03  -0.823532E-03   0.435656E-01   0.383222E-02   0.350000E-03
 469   0.168436E-03   0.177629E-03   0.105386E-02   0.432764E-02   0.450000E-03
 470   0.242843E-03   0.162699E-03   0.217629E-02   0.278597E-02   0.300000E-03
 471  -0.103697E-03  -0.199519E-03   0.385303E-02   0.304768E-02   0.400000E-03
 472   0.284255E-04  -0.149392E-03   0.455083E-02   0.300617E-02   0.300000E-03
 473  -0.677193E-04  -0.247036E-03   0.502667E-02   0.351947E-02   0.400000E-03
 474  -0.346337E-04   0.618889E-04   0.744261E-02   0.402290E-02   0.250000E-03
 475  -0.224263E-03  -0.415284E-03   0.811506E-02   0.436364E-02   0.350000E-03
 476  -0.329030E-03  -0.875360E-04   0.952922E-02   0.404301E-02   0.300000E-03
 477   0.192317E-03   0.236495E-03   0.113219E-01   0.287273E-02   0.200000E-03
 478  -0.448207E-03  -0.607218E-03   0.122265E-01   0.395246E-02   0.350000E-03
 479   0.318724E-03  -0.165675E-03   0.141993E-01   0.393058E-02   0.250000E-03
 480   0.270357E-03  -0.223822E-03   0.146876E-01   0.379040E-02   0.250000E-03
 481  -0.486503E-04  -0.995936E-04   0.147918E-01   0.428018E-02   0.250000E-03
 482   0.945937E-04  -0.512311E-04   0.162739E-01   0.507810E-02   0.400000E-03
 483   0.111491E-03  -0.414655E-05   0.169692E-01   0.514554E-02   0.300000E-03
 484   0.168562E-03   0.379711E-03   0.186458E-01   0.519247E-02   0.300000E-03
 485   0.507023E-03   0.682421E-04   0.196553E-01   0.501954E-02   0.350000E-03
 486   0.743642E-03   0.407996E-03   0.203261E-01   0.489295E-02   0.300000E-03
 487   0.609407E-03  -0.181326E-03   0.213892E-01   0.491402E-02   0.350000E-03
 488   0.434351E-03  -0.234880E-03   0.219121E-01   0.508368E-02   0.200000E-03
 489   0.239504E-03   0.475705E-03   0.246716E-01   0.393907E-02   0.250000E-03
 490   0.320110E-03   0.318965E-03   0.273443E-01   0.338835E-02   0.250000E-03
 491   0.889751E-03   0.310535E-03   0.283481E-01   0.344590E-02   0.300000E-03
 492   0.619906E-03   0.171623E-03   0.293309E-01   0.381535E-02   0.400000E-03
 493   0.673670E-03   0.268588E-03   0.301024E-01   0.358979E-02   0.300000E-03
 494   0.632017E-03   0.110672E-03   0.312399E-01   0.371276E-02   0.200000E-03
 495   0.108126E-02   0.100185E-04   0.328807E-01   0.402629E-02   0.200000E-03
 496   0.868500E-03  -0.288911E-04   0.359424E-01   0.419731E-02   0.350000E-03
 497   0.852100E-03  -0.235022E-03   0.360962E-01   0.372373E-02   0.150000E-03
 498   0.127130E-02  -0.280120E-03   0.373495E-01   0.380255E-02   0.250000E-03
 499   0.138476E-02  -0.734086E-04   0.375243E-01   0.333596E-02   0.250000E-03
 500   0.142597E-02  -0.164209E-03   0.394000E-01   0.309549E-02   0.150000E-03
 501   0.239820E-04  -0.111246E-03   0.401610E-01   0.244975E-02   0.250000E-03
 502   0.909117E-03   0.898186E-04   0.413367E-01   0.207597E-02   0.300000E-03
 503   0.888548E-03   0.119409E-03   0.429757E-01   0.262177E-02   0.350000E-03
 504   0.145665E-03   0.938633E-03   0.433291E-01   0.207668E-02   0.300000E-03
 505   0.187076E-03   0.276883E-04   0.165114E-02   0.379899E-02   0.350000E-03
 506   0.349296E-03  -0.141169E-03   0.187134E-02   0.324340E-02   0.250000E-03
 507  -0.743454E-04  -0.322533E-03   0.332662E-02   0.342307E-02   0.250000E-03
 508  -0.680520E-04  -0.178247E-03   0.433009E-02   0.355944E-02   0.300000E-03
 509  -0.227154E-03   0.298703E-04   0.609576E-02   0.421435E-02   0.250000E-03
 510  -0.126762E-03  -0.517972E-03   0.750009E-02   0.456355E-02   0.300000E-03
 511  -0.220803E-03   0.540792E-03   0.878645E-02   0.427529E-02   0.300000E-03
 512  -0.927819E-04   0.876135E-04   0.103279E-01   0.375278E-02   0.350000E-03
 513  -0.952376E-04  -0.283419E-03   0.114689E-01   0.347225E-02   0.300000E-03
 514   0.107813E-04  -0.123977E-03   0.128503E-01   0.436567E-02   0.400000E-03
 515   0.307513E-03  -0.132977E-03   0.136166E-01   0.407322E-02   0.350000E-03
 516   0.151020E-03  -0.297298E-03   0.142497E-01   0.452682E-02   0.350000E-03
 517   0.731234E-03   0.278402E-03   0.151616E-01   0.443025E-02   0.150000E-03
 518   0.539685E-04  -0.177799E-03   0.154878E-01   0.522004E-02   0.400000E-03
 519  -0.288939E-04  -0.442878E-04   0.177434E-01   0.504447E-02   0.350000E-03
 520   0.136639E-03   0.419361E-03   0.191795E-01   0.546060E-02   0.300000E-03
 521   0.737862E-03   0.346339E-03   0.201601E-01   0.557223E-02   0.400000E-03
 522   0.100983E-02   0.556635E-03   0.207703E-01   0.521583E-02   0.250000E-03
 523   0.358663E-03   0.215267E-03   0.218902E-01   0.553150E-02   0.250000E-03
 524   0.663216E-03   0.820371E-03   0.231840E-01   0.406971E-02   0.300000E-03
 525   0.924412E-03  -0.545591E-04   0.252130E-01   0.435937E-02   0.400000E-03
 526   0.792506E-03   0.284456E-03   0.256827E-01   0.391322E-02   0.250000E-03
 527   0.259772E-03   0.565194E-03   0.278085E-01   0.370550E-02   0.300000E-03
 528   0.866590E-03   0.314205E-03   0.291852E-01   0.454970E-02   0.350000E-03
 529   0.434514E-03   0.234221E-03   0.305578E-01   0.444980E-02   0.300000E-03
 530   0.160963E-02   0.128361E-03   0.321645E-01   0.404914E-02   0.150000E-03
 531   0.144759E-02   0.202242E-05   0.330242E-01   0.360837E-02   0.200000E-03
 532   0.128888E-02   0.358456E-04   0.351990E-01   0.428388E-02   0.400000E-03
 533   0.124677E-02  -0.218745E-03   0.368269E-01   0.397325E-02   0.300000E-03
 534   0.107294E-02  -0.317233E-03   0.382276E-01   0.440415E-02   0.300000E-03
 535   0.149611E-02  -0.194963E-03   0.379097E-01   0.372786E-02   0.300000E-03
 536   0.666881E-03   0.672966E-03   0.386286E-01   0.310358E-02   0.150000E-03
 537   0.423659E-03   0.261516E-03   0.404348E-01   0.273910E-02   0.150000E-03
 538   0.457256E-03  -0.315993E-03   0.417673E-01   0.248936E-02   0.300000E-03
 539  -0.103953E-02  -0.517070E-03   0.423617E-01   0.241114E-02   0.300000E-03
 540  -0.429762E-03   0.885689E-04   0.439720E-01   0.285061E-02   0.250000E-03
 541   0.456454E-03  -0.100645E-02   0.485111E-02   0.842704E-02   0.300000E-03
 542  -0.720546E-04  -0.362558E-04   0.258314E-02   0.347044E-02   0.500000E-03
 543  -0.827349E-04  -0.234546E-03   0.376432E-02   0.375200E-02   0.300000E-03
 544   0.394065E-05  -0.753006E-04   0.419806E-02   0.408944E-02   0.250000E-03
 545   0.675840E-04   0.179819E-04   0.533610E-02   0.408757E-02   0.250000E-03
 546   0.177037E-05  -0.131262E-03   0.858865E-02   0.499817E-02   0.450000E-03
 547  -0.476273E-03   0.374772E-03   0.929352E-02   0.459354E-02   0.300000E-03
 548  -0.132743E-03   0.125914E-03   0.977766E-02   0.447388E-02   0.200000E-03
 549  -0.217873E-03   0.522551E-04   0.110593E-01   0.430966E-02   0.400000E-03
 550  -0.404664E-04  -0.171860E-03   0.116289E-01   0.399764E-02   0.250000E-03
 551   0.710337E-04  -0.112695E-03   0.135298E-01   0.486854E-02   0.450000E-03
 552   0.418555E-04  -0.336703E-04   0.142445E-01   0.522468E-02   0.350000E-03
 553   0.964547E-04   0.219438E-03   0.149343E-01   0.475930E-02   0.250000E-03
 554   0.558796E-04  -0.126899E-03   0.150702E-01   0.571607E-02   0.250000E-03
 555  -0.150700E-04  -0.150122E-03   0.160039E-01   0.582801E-02   0.400000E-03
 556   0.321499E-03   0.355970E-03   0.181601E-01   0.554079E-02   0.300000E-03
 557   0.447027E-03   0.405934E-04   0.188909E-01   0.481610E-02   0.150000E-03
 558   0.600685E-03   0.881068E-04   0.212558E-01   0.564702E-02   0.400000E-03
 559   0.103581E-03   0.328215E-03   0.226406E-01   0.462960E-02   0.250000E-03
 560   0.638346E-03   0.530052E-03   0.237317E-01   0.438099E-02   0.250000E-03
 561   0.978610E-03   0.431429E-03   0.259625E-01   0.444061E-02   0.350000E-03
 562   0.926184E-03   0.372059E-05   0.262697E-01   0.381322E-02   0.350000E-03
 563   0.764310E-03   0.244341E-03   0.285876E-01   0.409910E-02   0.400000E-03
 564   0.568160E-03   0.385636E-03   0.285848E-01   0.479737E-02   0.300000E-03
 565   0.443018E-03   0.234339E-03   0.299535E-01   0.422684E-02   0.350000E-03
 566   0.140647E-02   0.127150E-03   0.312989E-01   0.436151E-02   0.450000E-03
 567   0.850908E-03  -0.551606E-03   0.333221E-01   0.328704E-02   0.150000E-03
 568   0.113289E-02  -0.322816E-05   0.338508E-01   0.385392E-02   0.100000E-03
 569   0.123416E-02  -0.522089E-03   0.370086E-01   0.448867E-02   0.250000E-03
 570   0.126310E-02  -0.515984E-03   0.378156E-01   0.483888E-02   0.300000E-03
 571   0.104014E-02  -0.524421E-04   0.384739E-01   0.352430E-02   0.300000E-03
 572   0.146145E-02   0.602325E-03   0.390591E-01   0.338980E-02   0.300000E-03
 573   0.256480E-03  -0.419282E-03   0.397397E-01   0.280008E-02   0.300000E-03
 574   0.595331E-03  -0.584451E-03   0.414132E-01   0.320246E-02   0.500000E-03
 575  -0.467695E-03  -0.140198E-02   0.421255E-01   0.290525E-02   0.250000E-03
 576  -0.359285E-03  -0.129448E-03   0.444152E-01   0.385952E-02   0.300000E-03
 577   0.197165E-03   0.122176E-03   0.298684E-03   0.460548E-02   0.300000E-03
 578  -0.123846E-03  -0.135723E-03   0.261614E-02   0.431501E-02   0.350000E-03
 579   0.227245E-03  -0.561230E-04   0.476728E-02   0.427430E-02   0.350000E-03
 580   0.123929E-03   0.162384E-03   0.544805E-02   0.457165E-02   0.250000E-03
 581  -0.367350E-03  -0.166497E-03   0.706307E-02   0.414885E-02   0.150000E-03
 582  -0.332398E-03   0.124683E-03   0.791975E-02   0.487763E-02   0.200000E-03
 583  -0.526276E-04   0.226548E-03   0.992488E-02   0.489661E-02   0.250000E-03
 584  -0.595305E-04   0.155795E-03   0.103254E-01   0.445127E-02   0.350000E-03
 585  -0.615484E-05   0.294862E-03   0.107441E-01   0.513169E-02   0.450000E-03
 586  -0.301518E-03  -0.454375E-03   0.118696E-01   0.449231E-02   0.300000E-03
 587   0.120418E-03  -0.206091E-03   0.123353E-01   0.467216E-02   0.200000E-03
 588   0.232396E-03   0.235500E-03   0.136204E-01   0.551185E-02   0.200000E-03
 589  -0.973152E-03  -0.107496E-03   0.148412E-01   0.526677E-02   0.250000E-03
 590  -0.839020E-04  -0.173863E-03   0.154277E-01   0.598727E-02   0.200000E-03
 591   0.105172E-03  -0.184763E-03   0.173761E-01   0.551323E-02   0.250000E-03
 592   0.272793E-03  -0.331793E-03   0.181560E-01   0.613882E-02   0.300000E-03
 593  -0.117367E-02  -0.144017E-02   0.195332E-01   0.594221E-02   0.300000E-03
 594   0.486307E-03   0.565645E-04   0.206729E-01   0.611631E-02   0.350000E-03
 595   0.139587E-04   0.316162E-04   0.222987E-01   0.498070E-02   0.200000E-03
 596   0.800797E-03   0.385131E-03   0.232345E-01   0.471464E-02   0.350000E-03
 597   0.641889E-03   0.618391E-04   0.244374E-01   0.454436E-02   0.400000E-03
 598   0.119298E-02   0.497433E-03   0.266576E-01   0.439257E-02   0.350000E-03
 599   0.555868E-03   0.268140E-03   0.272153E-01   0.397009E-02   0.350000E-03
 600   0.435915E-03   0.122645E-03   0.299329E-01   0.487508E-02   0.300000E-03
 601   0.382184E-03   0.117364E-03   0.305439E-01   0.509156E-02   0.350000E-03
 602   0.264543E-03   0.159486E-02   0.309967E-01   0.487955E-02   0.150000E-03
 603   0.112676E-02  -0.202546E-03   0.330225E-01   0.455557E-02   0.350000E-03
 604   0.996466E-03  -0.157445E-03   0.334250E-01   0.398334E-02   0.350000E-03
 605   0.816306E-03  -0.292176E-03   0.364234E-01   0.476838E-02   0.400000E-03
 606   0.878074E-03  -0.820080E-03   0.384990E-01   0.514002E-02   0.450000E-03
 607   0.110589E-02  -0.248877E-03   0.386391E-01   0.404295E-02   0.250000E-03
 608   0.107703E-02  -0.668546E-03   0.396579E-01   0.346153E-02   0.300000E-03
 609   0.799022E-03  -0.482207E-03   0.402508E-01   0.319915E-02   0.350000E-03
 610   0.754255E-03   0.147308E-02   0.409190E-01   0.278037E-02   0.150000E-03
 611   0.138121E-03  -0.793280E-03   0.427988E-01   0.360916E-02   0.450000E-03
 612  -0.324020E-03  -0.352356E-03   0.434446E-01   0.314350E-02   0.350000E-03
 613  -0.435198E-03   0.178310E-03   0.104585E-01   0.860602E-02   0.350000E-03
 614  -0.878458E-04  -0.164131E-03   0.314255E-02   0.446418E-02   0.200000E-03
 615   0.321935E-04  -0.106866E-03   0.368677E-02   0.440076E-02   0.350000E-03
 616   0.185149E-03  -0.841966E-05   0.569886E-02   0.426107E-02   0.150000E-03
 617  -0.546886E-04   0.592563E-05   0.664779E-02   0.444853E-02   0.350000E-03
 618  -0.129256E-04   0.120407E-04   0.808719E-02   0.555370E-02   0.300000E-03
 619  -0.556773E-03  -0.288186E-03   0.931056E-02   0.519110E-02   0.300000E-03
 620  -0.978119E-04   0.646131E-04   0.990737E-02   0.554462E-02   0.400000E-03
 621  -0.462111E-03   0.128991E-03   0.114180E-01   0.532052E-02   0.250000E-03
 622  -0.467036E-03  -0.336493E-03   0.114411E-01   0.482883E-02   0.250000E-03
 623   0.115325E-03  -0.382750E-04   0.126849E-01   0.509643E-02   0.350000E-03
 624   0.233945E-03  -0.198451E-03   0.139726E-01   0.570162E-02   0.200000E-03
 625   0.150711E-03  -0.160558E-03   0.144936E-01   0.587453E-02   0.350000E-03
 626   0.118065E-03  -0.552309E-04   0.166320E-01   0.549483E-02   0.150000E-03
 627   0.431439E-04  -0.852416E-04   0.169482E-01   0.564402E-02   0.200000E-03
 628   0.742759E-04  -0.309069E-03   0.175670E-01   0.602461E-02   0.300000E-03
 629   0.695925E-03  -0.236053E-03   0.188477E-01   0.642523E-02   0.450000E-03
 630   0.374266E-03  -0.106239E-02   0.218611E-01   0.608053E-02   0.300000E-03
 631   0.706289E-03   0.296612E-03   0.227796E-01   0.524462E-02   0.350000E-03
 632   0.706642E-03   0.194898E-03   0.238494E-01   0.491815E-02   0.300000E-03
 633   0.914400E-03   0.635664E-03   0.246928E-01   0.513975E-02   0.250000E-03
 634   0.555262E-03   0.437641E-03   0.271911E-01   0.451646E-02   0.200000E-03
 635   0.556251E-03   0.346857E-03   0.278335E-01   0.447281E-02   0.450000E-03
 636   0.794704E-03   0.124326E-03   0.294055E-01   0.515785E-02   0.300000E-03
 637   0.438954E-03  -0.956515E-04   0.303546E-01   0.570881E-02   0.300000E-03
 638   0.105764E-02  -0.109072E-03   0.321200E-01   0.471864E-02   0.350000E-03
 639   0.112454E-02   0.713173E-04   0.342859E-01   0.481532E-02   0.250000E-03
 640   0.120206E-02   0.129500E-04   0.345027E-01   0.431514E-02   0.300000E-03
 641   0.105584E-02  -0.106224E-03   0.368864E-01   0.529186E-02   0.300000E-03
 642   0.136671E-02  -0.462201E-03   0.372733E-01   0.490501E-02   0.250000E-03
 643   0.889497E-03  -0.508469E-03   0.388036E-01   0.451135E-02   0.250000E-03
 644   0.707136E-03  -0.216656E-03   0.392880E-01   0.405348E-02   0.400000E-03
 645  -0.945715E-04  -0.682579E-03   0.417199E-01   0.383115E-02   0.200000E-03
 646  -0.177865E-02  -0.139690E-02   0.407683E-01   0.328095E-02   0.150000E-03
 647   0.160167E-02  -0.811575E-03   0.425673E-01   0.298963E-02   0.200000E-03
 648  -0.672557E-03   0.227963E-03   0.448046E-01   0.355384E-02   0.200000E-03
 649   0.112573E-03   0.654792E-04   0.714793E-03   0.488023E-02   0.200000E-03
 650   0.330704E-05  -0.896603E-05   0.267120E-02   0.500711E-02   0.350000E-03
 651  -0.108930E-03  -0.185722E-03   0.320576E-02   0.396863E-02   0.300000E-03
 652   0.207750E-03   0.125570E-03   0.457675E-02   0.489121E-02   0.200000E-03
 653  -0.206259E-03  -0.865120E-04   0.656997E-02   0.494178E-02   0.150000E-03
 654  -0.182426E-03   0.265242E-04   0.745470E-02   0.525656E-02   0.400000E-03
 655   0.925241E-04  -0.104432E-03   0.877177E-02   0.577470E-02   0.350000E-03
 656   0.181632E-03  -0.868705E-04   0.935950E-02   0.589050E-02   0.250000E-03
 657  -0.376854E-03  -0.702798E-04   0.104827E-01   0.592925E-02   0.300000E-03
 658  -0.129089E-04  -0.312510E-04   0.119863E-01   0.513125E-02   0.350000E-03
 659   0.798911E-04  -0.851418E-04   0.131614E-01   0.546024E-02   0.250000E-03
 660   0.155948E-03   0.109937E-03   0.136276E-01   0.619121E-02   0.400000E-03
 661   0.130657E-04  -0.238350E-03   0.150129E-01   0.626351E-02   0.300000E-03
 662   0.104088E-03   0.660645E-04   0.163482E-01   0.643009E-02   0.300000E-03
 663   0.427738E-03  -0.582005E-03   0.166407E-01   0.596777E-02   0.250000E-03
 664   0.140320E-03  -0.166816E-03   0.177727E-01   0.653197E-02   0.250000E-03
 665   0.861312E-03  -0.143275E-03   0.200401E-01   0.626102E-02   0.300000E-03
 666   0.579315E-03  -0.457440E-04   0.212807E-01   0.634543E-02   0.300000E-03
 667   0.672275E-03   0.387768E-03   0.223864E-01   0.575637E-02   0.300000E-03
 668   0.100163E-02  -0.436546E-05   0.234225E-01   0.533870E-02   0.300000E-03
 669   0.876490E-03   0.358674E-03   0.248952E-01   0.474472E-02   0.100000E-03
 670   0.137232E-02   0.458894E-04   0.264048E-01   0.487976E-02   0.200000E-03
 671   0.135694E-03   0.209124E-03   0.285309E-01   0.530281E-02   0.200000E-03
 672   0.600618E-03   0.442340E-03   0.281301E-01   0.510555E-02   0.250000E-03
 673   0.526671E-03   0.248787E-03   0.310292E-01   0.558649E-02   0.350000E-03
 674   0.121459E-02  -0.223200E-03   0.315473E-01   0.511921E-02   0.350000E-03
 675   0.108881E-02  -0.119367E-03   0.325013E-01   0.425980E-02   0.250000E-03
 676   0.115126E-02   0.685923E-04   0.347845E-01   0.478415E-02   0.250000E-03
 677   0.105619E-02   0.109475E-04   0.369681E-01   0.598552E-02   0.400000E-03
 678   0.149964E-02  -0.276116E-04   0.374277E-01   0.537850E-02   0.250000E-03
 679   0.530685E-03  -0.672924E-04   0.390902E-01   0.542145E-02   0.200000E-03
 680   0.763092E-03  -0.649783E-03   0.392601E-01   0.489932E-02   0.350000E-03
 681   0.589144E-03  -0.679796E-03   0.410889E-01   0.387498E-02   0.250000E-03
 682  -0.485903E-03  -0.926855E-03   0.421323E-01   0.340355E-02   0.250000E-03
 683  -0.843442E-04  -0.658395E-03   0.440185E-01   0.454774E-02   0.500000E-03
 684  -0.522535E-03  -0.317078E-03   0.440404E-01   0.339481E-02   0.300000E-03
 685   0.401703E-03  -0.340027E-03   0.349550E-03   0.725271E-02   0.350000E-03
 686  -0.206393E-04   0.201497E-03   0.333044E-02   0.557876E-02   0.350000E-03
 687  -0.734534E-04  -0.163578E-04   0.331567E-02   0.493157E-02   0.300000E-03
 688   0.254992E-03   0.833556E-04   0.501800E-02   0.481854E-02   0.250000E-03
 689  -0.357720E-03  -0.201963E-03   0.706400E-02   0.480230E-02   0.200000E-03
 690  -0.163260E-03  -0.115318E-05   0.760146E-02   0.598596E-02   0.350000E-03
 691   0.828276E-04   0.608314E-04   0.878237E-02   0.647352E-02   0.350000E-03
 692  -0.985607E-04   0.380815E-04   0.990326E-02   0.624383E-02   0.300000E-03
 693  -0.405960E-03  -0.527417E-04   0.104024E-01   0.646996E-02   0.250000E-03
 694  -0.337596E-03  -0.627481E-04   0.111231E-01   0.583584E-02   0.350000E-03
 695   0.643323E-05   0.115328E-03   0.129031E-01   0.600024E-02   0.350000E-03
 696   0.109505E-03  -0.135459E-03   0.146247E-01   0.718648E-02   0.250000E-03
 697   0.117771E-03  -0.106468E-03   0.143358E-01   0.660443E-02   0.400000E-03
 698   0.401316E-03  -0.585975E-03   0.156528E-01   0.654669E-02   0.400000E-03
 699  -0.414147E-03  -0.947877E-04   0.170773E-01   0.659080E-02   0.450000E-03
 700   0.476772E-03  -0.861397E-04   0.182252E-01   0.684195E-02   0.300000E-03
 701   0.285134E-03   0.260342E-03   0.195678E-01   0.662774E-02   0.300000E-03
 702   0.704843E-03  -0.605931E-03   0.204501E-01   0.682668E-02   0.400000E-03
 703   0.788554E-03   0.347807E-03   0.230615E-01   0.593851E-02   0.400000E-03
 704   0.945082E-03   0.631204E-03   0.241829E-01   0.553191E-02   0.400000E-03
 705   0.947982E-03   0.653405E-03   0.251709E-01   0.500546E-02   0.250000E-03
 706   0.116017E-02   0.151123E-03   0.259845E-01   0.503941E-02   0.250000E-03
 707   0.398992E-03   0.449302E-03   0.269870E-01   0.507713E-02   0.400000E-03
 708   0.491972E-03  -0.482346E-04   0.298863E-01   0.542268E-02   0.250000E-03
 709   0.105079E-02  -0.264767E-03   0.320764E-01   0.526616E-02   0.200000E-03
 710   0.991183E-03  -0.146901E-03   0.326403E-01   0.501693E-02   0.250000E-03
 711   0.111978E-02   0.906537E-04   0.337225E-01   0.461157E-02   0.350000E-03
 712   0.947289E-03  -0.253963E-03   0.351325E-01   0.520903E-02   0.300000E-03
 713   0.631822E-03  -0.252489E-04   0.381565E-01   0.636709E-02   0.350000E-03
 714   0.147970E-02  -0.263391E-04   0.379295E-01   0.570229E-02   0.350000E-03
 715   0.109874E-02  -0.437817E-03   0.388201E-01   0.564086E-02   0.150000E-03
 716   0.562771E-03  -0.378046E-03   0.397262E-01   0.453075E-02   0.250000E-03
 717   0.162890E-02  -0.214112E-03   0.400607E-01   0.366143E-02   0.150000E-03
 718  -0.439003E-03  -0.513396E-03   0.421642E-01   0.390103E-02   0.250000E-03
 719   0.869496E-03  -0.848360E-03   0.448016E-01   0.544844E-02   0.200000E-03
 720   0.107961E-02  -0.302773E-03   0.434042E-01   0.727717E-02   0.350000E-03
 721  -0.507986E-04  -0.544904E-04   0.215324E-02   0.402123E-02   0.200000E-03
 722  -0.701954E-04  -0.164685E-04   0.202796E-02   0.509543E-02   0.300000E-03
 723  -0.226525E-04  -0.114574E-03   0.425420E-02   0.458392E-02   0.250000E-03
 724  -0.237041E-03   0.148026E-04   0.602607E-02   0.486036E-02   0.400000E-03
 725  -0.366549E-03  -0.114749E-03   0.692201E-02   0.512161E-02   0.150000E-03
 726  -0.409120E-03  -0.118522E-03   0.651593E-02   0.548889E-02   0.400000E-03
 727  -0.163063E-04   0.179474E-04   0.823190E-02   0.613524E-02   0.300000E-03
 728   0.186239E-03  -0.828979E-05   0.937462E-02   0.638906E-02   0.250000E-03
 729   0.294389E-03   0.143832E-03   0.971521E-02   0.682005E-02   0.300000E-03
 730   0.112604E-03   0.568088E-04   0.123598E-01   0.560036E-02   0.250000E-03
 731  -0.286859E-03   0.188553E-03   0.122320E-01   0.619509E-02   0.350000E-03
 732  -0.847894E-04   0.307664E-03   0.131244E-01   0.660150E-02   0.250000E-03
 733   0.415965E-04  -0.902496E-04   0.149517E-01   0.680881E-02   0.250000E-03
 734   0.297789E-03  -0.230205E-03   0.161573E-01   0.688496E-02   0.200000E-03
 735   0.341041E-03  -0.220959E-04   0.176512E-01   0.714630E-02   0.350000E-03
 736   0.683551E-03  -0.259907E-03   0.191423E-01   0.722151E-02   0.400000E-03
 737  -0.108601E-05  -0.238617E-03   0.198382E-01   0.716205E-02   0.300000E-03
 738   0.558175E-03  -0.229179E-03   0.215219E-01   0.700012E-02   0.400000E-03
 739   0.648224E-03   0.304651E-03   0.224694E-01   0.639637E-02   0.350000E-03
 740   0.101391E-02   0.436385E-03   0.237771E-01   0.615853E-02   0.350000E-03
 741   0.775499E-03   0.138798E-03   0.248386E-01   0.561634E-02   0.250000E-03
 742   0.200396E-03   0.463190E-03   0.263929E-01   0.532939E-02   0.250000E-03
 743   0.494012E-03   0.506543E-03   0.276327E-01   0.514029E-02   0.250000E-03
 744   0.333196E-03   0.192396E-03   0.289079E-01   0.517786E-02   0.200000E-03
 745   0.134176E-02   0.340527E-03   0.316142E-01   0.571533E-02   0.250000E-03
 746   0.109451E-02   0.395477E-04   0.328041E-01   0.559355E-02   0.350000E-03
 747   0.113686E-02  -0.207989E-04   0.332782E-01   0.515107E-02   0.300000E-03
 748   0.105457E-02  -0.327138E-03   0.356793E-01   0.485808E-02   0.350000E-03
 749   0.869854E-03  -0.850566E-04   0.363153E-01   0.545805E-02   0.300000E-03
 750   0.750806E-03  -0.215036E-03   0.385020E-01   0.587790E-02   0.250000E-03
 751   0.129721E-02  -0.294177E-03   0.391550E-01   0.593421E-02   0.300000E-03
 752   0.439137E-03  -0.400817E-03   0.401790E-01   0.422934E-02   0.300000E-03
 753  -0.134348E-03  -0.356256E-03   0.407039E-01   0.298824E-02   0.150000E-03
 754  -0.338042E-03  -0.631507E-03   0.418872E-01   0.418702E-02   0.150000E-03
 755  -0.608308E-03   0.988722E-03   0.425425E-01   0.415099E-02   0.150000E-03
 756   0.142699E-02   0.363449E-03   0.431051E-01   0.670016E-02   0.300000E-03
 757  -0.828408E-04  -0.502891E-05   0.184020E-02   0.447309E-02   0.350000E-03
 758  -0.635519E-05   0.228928E-03   0.402297E-02   0.565349E-02   0.350000E-03
 759  -0.117800E-03  -0.870571E-05   0.390974E-02   0.501202E-02   0.300000E-03
 760  -0.230990E-03  -0.152752E-03   0.472769E-02   0.556394E-02   0.300000E-03
 761   0.522911E-04  -0.266952E-03   0.539323E-02   0.534804E-02   0.400000E-03
 762  -0.391848E-04  -0.359395E-03   0.589308E-02   0.590366E-02   0.350000E-03
 763  -0.273581E-03   0.471228E-04   0.688319E-02   0.619675E-02   0.400000E-03
 764   0.388765E-04  -0.210864E-03   0.815709E-02   0.673034E-02   0.300000E-03
 765  -0.192553E-03   0.193094E-03   0.115573E-01   0.637928E-02   0.350000E-03
 766  -0.590057E-03  -0.755279E-04   0.117661E-01   0.574280E-02   0.300000E-03
 767  -0.909632E-04   0.323533E-03   0.126855E-01   0.650453E-02   0.200000E-03
 768   0.127636E-03  -0.996133E-04   0.137287E-01   0.683209E-02   0.250000E-03
 769  -0.735435E-04  -0.330984E-03   0.152504E-01   0.732838E-02   0.350000E-03
 770   0.441842E-03  -0.410581E-03   0.158341E-01   0.719648E-02   0.250000E-03
 771   0.656923E-03  -0.178188E-03   0.165575E-01   0.677050E-02   0.100000E-03
 772   0.436993E-03  -0.160430E-03   0.185015E-01   0.731365E-02   0.250000E-03
 773   0.672209E-04  -0.125539E-03   0.202283E-01   0.774242E-02   0.400000E-03
 774   0.827422E-03  -0.420112E-03   0.209036E-01   0.741931E-02   0.350000E-03
 775   0.110694E-02   0.344030E-03   0.233137E-01   0.653727E-02   0.250000E-03
 776   0.695818E-03  -0.293875E-03   0.249260E-01   0.605713E-02   0.200000E-03
 777   0.928276E-03   0.573149E-03   0.255849E-01   0.483423E-02   0.200000E-03
 778   0.113520E-02   0.746301E-04   0.259770E-01   0.548808E-02   0.200000E-03
 779   0.556394E-03   0.541754E-03   0.279149E-01   0.561086E-02   0.300000E-03
 780   0.788165E-03  -0.125827E-03   0.294210E-01   0.580517E-02   0.350000E-03
 781   0.612735E-03   0.117393E-03   0.307250E-01   0.604399E-02   0.200000E-03
 782   0.108342E-02   0.300825E-03   0.321617E-01   0.575824E-02   0.300000E-03
 783   0.108755E-02   0.487510E-04   0.339131E-01   0.528317E-02   0.350000E-03
 784   0.128406E-02   0.447948E-03   0.344609E-01   0.522772E-02   0.200000E-03
 785   0.109529E-02  -0.110598E-03   0.356777E-01   0.555775E-02   0.350000E-03
 786   0.133082E-02   0.180498E-03   0.375837E-01   0.619210E-02   0.250000E-03
 787   0.118557E-02  -0.402681E-03   0.397188E-01   0.613391E-02   0.300000E-03
 788   0.123350E-02   0.196830E-04   0.396345E-01   0.548997E-02   0.350000E-03
 789   0.711996E-03  -0.746259E-03   0.405540E-01   0.376486E-02   0.300000E-03
 790   0.237132E-03  -0.780586E-03   0.414515E-01   0.428267E-02   0.300000E-03
 791  -0.399126E-03  -0.549449E-03   0.430981E-01   0.435127E-02   0.350000E-03
 792   0.920318E-03  -0.145243E-04   0.438707E-01   0.518054E-02   0.150000E-03
 793   0.516319E-04   0.200958E-03   0.284399E-02   0.547315E-02   0.150000E-03
 794   0.116359E-03  -0.159107E-03   0.245113E-02   0.545259E-02   0.150000E-03
 795   0.121650E-03   0.139616E-03   0.436173E-02   0.522413E-02   0.200000E-03
 796   0.151325E-03  -0.236863E-03   0.266604E-02   0.646290E-02   0.300000E-03
 797  -0.792660E-04   0.179046E-03   0.449835E-02   0.623224E-02   0.400000E-03
 798  -0.130316E-03   0.147057E-03   0.516052E-02   0.600694E-02   0.300000E-03
 799  -0.213623E-03   0.422442E-03   0.750929E-02   0.667666E-02   0.350000E-03
 800   0.147941E-03   0.596062E-03   0.883353E-02   0.707008E-02   0.250000E-03
 801  -0.410856E-03  -0.740577E-04   0.108179E-01   0.674378E-02   0.250000E-03
 802  -0.577669E-04   0.189739E-04   0.112861E-01   0.691352E-02   0.250000E-03
 803  -0.298521E-03   0.127723E-03   0.120196E-01   0.675555E-02   0.250000E-03
 804  -0.227572E-03   0.150241E-03   0.132699E-01   0.713194E-02   0.300000E-03
 805   0.139562E-03  -0.158136E-03   0.140795E-01   0.725565E-02   0.300000E-03
 806   0.380415E-03  -0.760601E-04   0.157105E-01   0.762824E-02   0.200000E-03
 807   0.221532E-03  -0.151255E-03   0.180736E-01   0.757204E-02   0.250000E-03
 808   0.691306E-03   0.231582E-03   0.191623E-01   0.807035E-02   0.450000E-03
 809   0.108237E-02  -0.375266E-03   0.214887E-01   0.769967E-02   0.300000E-03
 810   0.891570E-03  -0.236523E-03   0.222204E-01   0.699148E-02   0.300000E-03
 811   0.100874E-02  -0.154249E-03   0.238167E-01   0.680537E-02   0.300000E-03
 812   0.894242E-03   0.491913E-03   0.244411E-01   0.618182E-02   0.300000E-03
 813   0.739088E-03   0.146868E-03   0.254332E-01   0.553998E-02   0.350000E-03
 814   0.460428E-03   0.572081E-03   0.273917E-01   0.551807E-02   0.200000E-03
 815   0.306784E-04  -0.431465E-04   0.286757E-01   0.588326E-02   0.400000E-03
 816   0.391602E-03  -0.286779E-04   0.312003E-01   0.610279E-02   0.200000E-03
 817   0.332617E-03   0.408073E-03   0.302397E-01   0.629598E-02   0.300000E-03
 818   0.103363E-02   0.277599E-03   0.325702E-01   0.619667E-02   0.300000E-03
 819   0.111648E-02   0.136587E-03   0.334402E-01   0.572814E-02   0.300000E-03
 820   0.882084E-03  -0.217003E-03   0.347259E-01   0.564955E-02   0.300000E-03
 821   0.900120E-03  -0.358670E-03   0.362404E-01   0.605020E-02   0.300000E-03
 822   0.729522E-03  -0.299586E-03   0.378331E-01   0.693063E-02   0.300000E-03
 823   0.963024E-03  -0.659716E-04   0.387535E-01   0.630970E-02   0.250000E-03
 824   0.788095E-03  -0.111674E-03   0.408154E-01   0.555508E-02   0.350000E-03
 825   0.321550E-03  -0.559884E-03   0.402562E-01   0.498511E-02   0.450000E-03
 826   0.689958E-03  -0.749927E-03   0.408043E-01   0.440255E-02   0.350000E-03
 827   0.488523E-03  -0.116325E-03   0.422272E-01   0.439677E-02   0.250000E-03
 828   0.648128E-03  -0.634429E-03   0.402831E-01   0.692223E-02   0.350000E-03
 829   0.191494E-03  -0.821509E-04   0.262787E-02   0.586563E-02   0.300000E-03
 830   0.227202E-03   0.899486E-04   0.299903E-03   0.520475E-02   0.300000E-03
 831   0.218618E-03  -0.376583E-04   0.313794E-03   0.570311E-02   0.200000E-03
 832   0.852319E-04  -0.120308E-03   0.310647E-02   0.613403E-02   0.250000E-03
 833   0.106693E-03  -0.525136E-04   0.328034E-02   0.665414E-02   0.300000E-03
 834  -0.922167E-04   0.194315E-03   0.509140E-02   0.660232E-02   0.300000E-03
 835  -0.273682E-03   0.897207E-04   0.573589E-02   0.678811E-02   0.300000E-03
 836  -0.200499E-03   0.448102E-03   0.755578E-02   0.737307E-02   0.350000E-03
 837  -0.372272E-03  -0.139714E-03   0.108215E-01   0.629485E-02   0.200000E-03
 838  -0.159758E-03  -0.109969E-03   0.117510E-01   0.729155E-02   0.350000E-03
 839  -0.114258E-03   0.222465E-03   0.125729E-01   0.709324E-02   0.400000E-03
 840  -0.877176E-03  -0.129064E-03   0.141547E-01   0.786795E-02   0.300000E-03
 841   0.318449E-04  -0.403912E-03   0.147365E-01   0.772458E-02   0.300000E-03
 842   0.641674E-04   0.967841E-04   0.170605E-01   0.741547E-02   0.300000E-03
 843   0.438698E-03   0.134374E-03   0.185124E-01   0.781118E-02   0.250000E-03
 844  -0.638831E-04   0.101755E-03   0.198627E-01   0.833834E-02   0.300000E-03
 845   0.835912E-03   0.925338E-04   0.208891E-01   0.811772E-02   0.350000E-03
 846   0.101653E-02  -0.361011E-03   0.219967E-01   0.749257E-02   0.250000E-03
 847   0.138492E-02  -0.395651E-03   0.232881E-01   0.708629E-02   0.300000E-03
 848   0.954318E-03  -0.149079E-03   0.245119E-01   0.688096E-02   0.400000E-03
 849   0.744638E-03  -0.331811E-03   0.254462E-01   0.623618E-02   0.350000E-03
 850   0.128491E-02  -0.175496E-02   0.267478E-01   0.562359E-02   0.200000E-03
 851   0.957956E-03  -0.489816E-03   0.266295E-01   0.610685E-02   0.300000E-03
 852   0.485301E-03  -0.120693E-03   0.299198E-01   0.582100E-02   0.150000E-03
 853   0.756555E-03   0.930539E-04   0.317045E-01   0.631644E-02   0.350000E-03
 854   0.112172E-02   0.224700E-03   0.327873E-01   0.680897E-02   0.350000E-03
 855   0.118665E-02   0.390907E-05   0.331665E-01   0.626173E-02   0.300000E-03
 856   0.966158E-03  -0.265384E-03   0.341217E-01   0.600054E-02   0.400000E-03
 857   0.104406E-02  -0.617094E-04   0.352135E-01   0.607782E-02   0.350000E-03
 858   0.108470E-02  -0.837606E-04   0.365637E-01   0.655471E-02   0.300000E-03
 859   0.129162E-02  -0.355155E-03   0.392822E-01   0.646806E-02   0.250000E-03
 860   0.304588E-03   0.917793E-06   0.402106E-01   0.578852E-02   0.300000E-03
 861   0.613674E-03  -0.127477E-03   0.415124E-01   0.557019E-02   0.350000E-03
 862   0.857532E-03  -0.187931E-03   0.409759E-01   0.497709E-02   0.250000E-03
 863  -0.380310E-03  -0.340317E-03   0.432730E-01   0.513178E-02   0.450000E-03
 864   0.517612E-03   0.883007E-04   0.445509E-01   0.604686E-02   0.450000E-03
 865   0.678181E-04  -0.249709E-04   0.138028E-02   0.504966E-02   0.350000E-03
 866  -0.711685E-04  -0.259334E-03   0.171222E-02   0.548300E-02   0.200000E-03
 867   0.181123E-03  -0.313882E-03   0.204830E-02   0.626350E-02   0.350000E-03
 868  -0.795960E-04   0.158344E-03   0.367118E-02   0.619942E-02   0.300000E-03
 869   0.634465E-04  -0.291798E-03   0.334735E-02   0.719747E-02   0.250000E-03
 870   0.789920E-04  -0.150161E-03   0.623475E-02   0.645548E-02   0.300000E-03
 871  -0.271476E-03   0.439921E-03   0.689799E-02   0.689565E-02   0.300000E-03
 872   0.184813E-03   0.147701E-03   0.921547E-02   0.680920E-02   0.200000E-03
 873  -0.432607E-03  -0.220272E-04   0.102857E-01   0.700515E-02   0.300000E-03
 874  -0.232315E-03   0.151395E-03   0.117045E-01   0.796736E-02   0.300000E-03
 875   0.885614E-05   0.939055E-05   0.122466E-01   0.771072E-02   0.300000E-03
 876  -0.213548E-03   0.150519E-03   0.136078E-01   0.762495E-02   0.300000E-03
 877  -0.699429E-04   0.431308E-03   0.146600E-01   0.831821E-02   0.300000E-03
 878   0.519068E-03   0.176497E-03   0.164136E-01   0.736865E-02   0.350000E-03
 879   0.275313E-03   0.249706E-03   0.175122E-01   0.772828E-02   0.250000E-03
 880  -0.608294E-03   0.389317E-03   0.176730E-01   0.825316E-02   0.300000E-03
 881   0.100495E-02   0.320572E-03   0.219843E-01   0.804196E-02   0.300000E-03
 882   0.814459E-03  -0.329618E-03   0.227439E-01   0.715557E-02   0.250000E-03
 883   0.916034E-03   0.391016E-03   0.229212E-01   0.660805E-02   0.150000E-03
 884   0.110208E-02   0.603079E-04   0.239989E-01   0.742797E-02   0.350000E-03
 885   0.108880E-02  -0.378117E-03   0.261221E-01   0.737428E-02   0.400000E-03
 886   0.107413E-02  -0.475973E-03   0.260433E-01   0.598201E-02   0.300000E-03
 887   0.462504E-04   0.649052E-04   0.285597E-01   0.662274E-02   0.350000E-03
 888   0.839228E-03   0.167481E-03   0.295510E-01   0.659254E-02   0.450000E-03
 889   0.495069E-03  -0.228543E-03   0.308892E-01   0.667212E-02   0.450000E-03
 890   0.971660E-03   0.228254E-03   0.322211E-01   0.661806E-02   0.250000E-03
 891   0.934943E-03  -0.255887E-03   0.337329E-01   0.663981E-02   0.350000E-03
 892   0.112346E-02  -0.125974E-03   0.346642E-01   0.658673E-02   0.400000E-03
 893   0.751245E-03  -0.245628E-03   0.357667E-01   0.641689E-02   0.300000E-03
 894   0.819912E-03   0.144513E-03   0.385894E-01   0.678172E-02   0.250000E-03
 895   0.108122E-02   0.250835E-03   0.390998E-01   0.698618E-02   0.300000E-03
 896   0.440657E-03  -0.240477E-03   0.419104E-01   0.695117E-02   0.300000E-03
 897   0.613246E-03   0.234046E-03   0.424646E-01   0.660842E-02   0.350000E-03
 898   0.436961E-03  -0.131474E-03   0.426181E-01   0.461744E-02   0.200000E-03
 899   0.342705E-03  -0.456541E-03   0.424780E-01   0.518961E-02   0.350000E-03
 900   0.444931E-03   0.706457E-04   0.438295E-01   0.570237E-02   0.350000E-03
 901   0.549929E-04  -0.274265E-03   0.129240E-02   0.564035E-02   0.250000E-03
 902   0.103724E-03  -0.358886E-03   0.307230E-02   0.761445E-02   0.250000E-03
 903   0.142941E-03  -0.156569E-03   0.211731E-02   0.566855E-02   0.250000E-03
 904   0.136260E-03  -0.267616E-03   0.275474E-02   0.710556E-02   0.350000E-03
 905   0.982793E-04  -0.556632E-04   0.398518E-02   0.690911E-02   0.450000E-03
 906   0.395230E-03   0.154957E-03   0.584915E-02   0.733195E-02   0.250000E-03
 907  -0.334205E-03  -0.455806E-04   0.554348E-02   0.632718E-02   0.200000E-03
 908   0.155616E-03   0.466431E-03   0.883786E-02   0.761922E-02   0.300000E-03
 909   0.146351E-03   0.390906E-04   0.934129E-02   0.729247E-02   0.300000E-03
 910  -0.472817E-03   0.105032E-03   0.101253E-01   0.804812E-02   0.300000E-03
 911  -0.357916E-03   0.452652E-04   0.112643E-01   0.763983E-02   0.250000E-03
 912  -0.382630E-04   0.450451E-03   0.151367E-01   0.859140E-02   0.250000E-03
 913   0.420640E-04   0.216300E-03   0.153292E-01   0.802360E-02   0.350000E-03
 914   0.548958E-03   0.111798E-03   0.161373E-01   0.811791E-02   0.450000E-03
 915   0.449097E-04   0.325988E-03   0.169875E-01   0.811137E-02   0.400000E-03
 916   0.909341E-03   0.270192E-04   0.204182E-01   0.856379E-02   0.300000E-03
 917   0.882806E-03  -0.245509E-04   0.199982E-01   0.899107E-02   0.300000E-03
 918   0.869657E-03  -0.495457E-03   0.225506E-01   0.772241E-02   0.350000E-03
 919   0.134254E-02   0.504022E-03   0.232512E-01   0.773499E-02   0.350000E-03
 920   0.435925E-03   0.554911E-03   0.248373E-01   0.639508E-02   0.150000E-03
 921   0.888587E-03  -0.573153E-03   0.234269E-01   0.846304E-02   0.350000E-03
 922   0.106114E-02  -0.560626E-03   0.260261E-01   0.663082E-02   0.350000E-03
 923   0.522326E-03   0.352915E-04   0.279617E-01   0.625820E-02   0.350000E-03
 924   0.442009E-03   0.662040E-03   0.289903E-01   0.729635E-02   0.450000E-03
 925   0.546135E-03   0.422282E-04   0.310908E-01   0.744601E-02   0.350000E-03
 926  -0.242928E-03  -0.111980E-02   0.315846E-01   0.695440E-02   0.300000E-03
 927   0.686224E-03   0.121806E-03   0.336447E-01   0.719794E-02   0.200000E-03
 928   0.110495E-02   0.338366E-03   0.341719E-01   0.649727E-02   0.100000E-03
 929   0.104207E-02  -0.200208E-03   0.372303E-01   0.668765E-02   0.350000E-03
 930   0.728446E-04  -0.601841E-03   0.412123E-01   0.663285E-02   0.300000E-03
 931   0.922042E-03  -0.629020E-03   0.411833E-01   0.606794E-02   0.250000E-03
 932   0.116924E-02  -0.408749E-03   0.397334E-01   0.668278E-02   0.250000E-03
 933   0.345509E-03  -0.779834E-03   0.418035E-01   0.625967E-02   0.400000E-03
 934   0.281460E-03  -0.853509E-03   0.412437E-01   0.468048E-02   0.150000E-03
 935   0.646067E-03  -0.344012E-03   0.417967E-01   0.488329E-02   0.400000E-03
 936  -0.101009E-02  -0.985110E-04   0.433634E-01   0.615485E-02   0.300000E-03
 937   0.259543E-03  -0.312192E-03   0.104135E-02   0.715008E-02   0.350000E-03
 938   0.228313E-03  -0.401563E-03   0.298703E-03   0.620214E-02   0.300000E-03
 939   0.315618E-03   0.888360E-04   0.369493E-02   0.768393E-02   0.350000E-03
 940   0.104384E-03  -0.299218E-03   0.789118E-03   0.585783E-02   0.300000E-03
 941   0.110425E-03  -0.212446E-03   0.167524E-02   0.685472E-02   0.350000E-03
 942  -0.158932E-03   0.727945E-04   0.454452E-02   0.768820E-02   0.500000E-03
 943  -0.140083E-03   0.424474E-04   0.525925E-02   0.722960E-02   0.350000E-03
 944   0.133067E-03   0.301389E-03   0.631838E-02   0.704800E-02   0.300000E-03
 945  -0.417299E-03  -0.103199E-05   0.108401E-01   0.729223E-02   0.300000E-03
 946  -0.856469E-04  -0.444706E-04   0.986328E-02   0.746305E-02   0.250000E-03
 947   0.243012E-04   0.280791E-04   0.129469E-01   0.797726E-02   0.450000E-03
 948  -0.979617E-04   0.216719E-03   0.125657E-01   0.856381E-02   0.250000E-03
 949   0.267461E-03   0.499090E-03   0.156740E-01   0.870685E-02   0.300000E-03
 950  -0.447791E-03  -0.224354E-03   0.140002E-01   0.855066E-02   0.400000E-03
 951   0.983150E-03   0.416645E-03   0.166091E-01   0.870024E-02   0.300000E-03
 952   0.311335E-03   0.310824E-03   0.182213E-01   0.821669E-02   0.250000E-03
 953   0.867584E-03   0.453825E-04   0.211070E-01   0.867632E-02   0.250000E-03
 954   0.900402E-03   0.486793E-04   0.225840E-01   0.857115E-02   0.500000E-03
 955   0.140607E-02  -0.839714E-03   0.237985E-01   0.799267E-02   0.250000E-03
 956   0.555719E-03  -0.126645E-03   0.255700E-01   0.701904E-02   0.250000E-03
 957   0.123315E-02   0.372607E-03   0.272061E-01   0.724777E-02   0.350000E-03
 958   0.102449E-02   0.142647E-03   0.267159E-01   0.674872E-02   0.350000E-03
 959   0.480377E-03   0.406995E-03   0.272774E-01   0.605385E-02   0.350000E-03
 960   0.315786E-03  -0.187126E-03   0.302110E-01   0.684379E-02   0.250000E-03
 961   0.100722E-02   0.282311E-04   0.321416E-01   0.796208E-02   0.400000E-03
 962  -0.542595E-04  -0.629675E-05   0.316882E-01   0.749452E-02   0.250000E-03
 963   0.564387E-03   0.349369E-04   0.333075E-01   0.698411E-02   0.200000E-03
 964   0.743689E-03  -0.273167E-03   0.353237E-01   0.682001E-02   0.300000E-03
 965   0.929137E-03  -0.191355E-04   0.361020E-01   0.685242E-02   0.250000E-03
 966   0.104632E-02  -0.242026E-03   0.367192E-01   0.723640E-02   0.400000E-03
 967   0.523903E-03  -0.471639E-03   0.406420E-01   0.632196E-02   0.350000E-03
 968   0.114069E-02  -0.390505E-03   0.401534E-01   0.623454E-02   0.150000E-03
 969   0.489370E-03   0.334623E-03   0.447508E-01   0.710978E-02   0.250000E-03
 970   0.445376E-03   0.312115E-03   0.442474E-01   0.678485E-02   0.350000E-03
 971   0.606831E-03   0.393042E-03   0.427112E-01   0.590078E-02   0.400000E-03
 972   0.544698E-03   0.332451E-03   0.436515E-01   0.673067E-02   0.250000E-03
 973   0.806387E-04  -0.512590E-04   0.840669E-03   0.531066E-02   0.250000E-03
 974   0.220943E-03  -0.435825E-04   0.399809E-02   0.820143E-02   0.250000E-03
 975   0.523437E-04  -0.338898E-03   0.134908E-02   0.623584E-02   0.350000E-03
 976   0.205320E-03  -0.425234E-03   0.782816E-03   0.655407E-02   0.300000E-03
 977  -0.109888E-03   0.310516E-03   0.728213E-02   0.790616E-02   0.250000E-03
 978  -0.271306E-03   0.123158E-03   0.691746E-02   0.749485E-02   0.300000E-03
 979   0.623553E-04   0.602499E-04   0.637681E-02   0.759404E-02   0.250000E-03
 980  -0.583383E-04   0.524653E-03   0.816478E-02   0.780914E-02   0.400000E-03
 981  -0.435557E-03   0.150276E-04   0.103550E-01   0.754924E-02   0.250000E-03
 982  -0.244690E-03   0.798649E-04   0.938086E-02   0.813584E-02   0.450000E-03
 983  -0.333899E-04   0.269089E-03   0.121729E-01   0.825526E-02   0.250000E-03
 984  -0.418889E-03   0.104157E-03   0.107716E-01   0.798003E-02   0.350000E-03
 985  -0.181780E-03  -0.815173E-05   0.135801E-01   0.812296E-02   0.200000E-03
 986   0.150136E-03   0.108752E-03   0.190105E-01   0.918199E-02   0.300000E-03
 987   0.181168E-03   0.147711E-03   0.186231E-01   0.866068E-02   0.350000E-03
 988   0.425384E-03  -0.390849E-03   0.194420E-01   0.876475E-02   0.300000E-03
 989   0.542164E-03   0.209014E-03   0.195464E-01   0.930394E-02   0.250000E-03
 990   0.108024E-02   0.118683E-03   0.214746E-01   0.824867E-02   0.250000E-03
 991   0.963069E-03  -0.255173E-04   0.246198E-01   0.775038E-02   0.350000E-03
 992   0.593054E-03   0.350341E-03   0.250847E-01   0.729741E-02   0.300000E-03
 993   0.616272E-03  -0.898709E-04   0.251479E-01   0.675150E-02   0.250000E-03
 994   0.275285E-03  -0.145790E-02   0.273513E-01   0.664813E-02   0.250000E-03
 995   0.512638E-03   0.186872E-03   0.279157E-01   0.700604E-02   0.400000E-03
 996   0.492477E-03   0.157816E-03   0.304502E-01   0.733731E-02   0.300000E-03
 997   0.827172E-03   0.113434E-03   0.298742E-01   0.721317E-02   0.250000E-03
 998   0.972151E-03   0.235809E-03   0.322192E-01   0.721676E-02   0.350000E-03
 999   0.608634E-03  -0.344153E-04   0.330469E-01   0.734979E-02   0.250000E-03
1000   0.916426E-03   0.102450E-03   0.341932E-01   0.716736E-02   0.350000E-03
