   1  -0.410235E-03  -0.726308E-05   0.112779E-01   0.845941E-02   0.350000E-03
   2  -0.531143E-03   0.558305E-03   0.148845E-03   0.149729E-03   0.150000E-03
   3   0.197686E-02  -0.501433E-02   0.459310E-02   0.447883E-03   0.450000E-03
   4  -0.176192E-02   0.105999E-02   0.575279E-02   0.538411E-03   0.200000E-03
   5   0.353135E-02  -0.126211E-04   0.574483E-02   0.999899E-04   0.100000E-03
   6   0.890359E-03   0.154530E-02   0.751376E-02   0.248716E-03   0.250000E-03
   7  -0.183741E-02  -0.126984E-02   0.814479E-02   0.398556E-03   0.400000E-03
   8   0.888868E-04  -0.154764E-02   0.889132E-02   0.349083E-03   0.350000E-03
   9   0.907325E-03   0.389007E-03   0.934476E-02   0.550216E-03   0.150000E-03
  10  -0.730756E-03  -0.236478E-03   0.118160E-01   0.292614E-03   0.300000E-03
  11   0.906559E-04   0.894351E-05   0.130591E-01   0.348449E-03   0.350000E-03
  12  -0.253635E-02  -0.203811E-03   0.147928E-01   0.195355E-03   0.200000E-03
  13   0.371935E-03   0.102304E-02   0.169453E-01   0.345497E-03   0.350000E-03
  14  -0.470886E-03   0.616650E-03   0.176438E-01   0.348179E-03   0.350000E-03
  15  -0.739994E-03   0.152787E-02   0.188586E-01   0.409777E-03   0.400000E-03
  16  -0.249404E-03  -0.366788E-03   0.196022E-01   0.345960E-03   0.350000E-03
  17   0.668126E-04  -0.637627E-04   0.205145E-01   0.339816E-03   0.350000E-03
  18   0.134863E-02  -0.174782E-02   0.219734E-01   0.349131E-03   0.350000E-03
  19  -0.114019E-02  -0.155911E-02   0.225634E-01   0.245255E-03   0.250000E-03
  20  -0.963257E-03  -0.152175E-02   0.230629E-01   0.247095E-03   0.250000E-03
  21   0.188691E-03  -0.158709E-03   0.244805E-01   0.249658E-03   0.250000E-03
  22  -0.116424E-03  -0.339147E-03   0.257273E-01   0.200015E-03   0.200000E-03
  23  -0.245245E-02  -0.281061E-03   0.267544E-01   0.993882E-04   0.100000E-03
  24  -0.217949E-03  -0.216004E-03   0.282180E-01   0.397032E-03   0.400000E-03
  25  -0.152012E-02  -0.770333E-04   0.297834E-01   0.410331E-03   0.400000E-03
  26  -0.632527E-03   0.172477E-02   0.305241E-01   0.332928E-03   0.350000E-03
  27  -0.109160E-02  -0.132979E-02   0.318615E-01   0.297622E-03   0.300000E-03
  28  -0.107854E-02  -0.225581E-02   0.333171E-01   0.346606E-03   0.300000E-03
  29   0.179343E-03  -0.192327E-02   0.355448E-01   0.444217E-03   0.450000E-03
  30  -0.102136E-02  -0.432732E-03   0.374054E-01   0.345804E-03   0.350000E-03
  31  -0.145988E-02  -0.187887E-03   0.379962E-01   0.248680E-03   0.250000E-03
  32  -0.216134E-03   0.154245E-03   0.401224E-01   0.197139E-03   0.200000E-03
  33  -0.143733E-02  -0.184389E-02   0.410117E-01   0.195387E-03   0.200000E-03
  34  -0.306286E-02  -0.829500E-03   0.446049E-01   0.879260E-03   0.400000E-03
  35  -0.108091E-02   0.253061E-02   0.446520E-01   0.192389E-02   0.350000E-03
  36  -0.102377E-02  -0.604948E-04   0.864918E-02   0.831178E-02   0.300000E-03
  37  -0.675907E-03  -0.786552E-03   0.247568E-03   0.176921E-02   0.250000E-03
  38   0.802755E-03  -0.187955E-02   0.782127E-03   0.717052E-03   0.300000E-03
  39   0.127746E-02   0.314168E-03   0.269731E-02   0.398793E-03   0.400000E-03
  40   0.910633E-04  -0.179937E-03   0.618854E-02   0.299096E-03   0.300000E-03
  41  -0.276084E-02  -0.315685E-03   0.688103E-02   0.391297E-03   0.400000E-03
  42  -0.180200E-02   0.396897E-03   0.730692E-02   0.100094E-02   0.350000E-03
  43   0.223684E-02  -0.112800E-02   0.861171E-02   0.935942E-03   0.300000E-03
  44   0.164756E-02   0.671271E-03   0.939168E-02   0.945545E-03   0.250000E-03
  45  -0.818811E-04   0.148767E-02   0.998919E-02   0.496038E-03   0.500000E-03
  46  -0.335612E-03  -0.111675E-02   0.107831E-01   0.300001E-03   0.300000E-03
  47   0.370337E-03   0.116161E-02   0.152596E-01   0.149886E-03   0.150000E-03
  48  -0.291357E-03   0.104162E-02   0.158483E-01   0.447093E-03   0.450000E-03
  49  -0.508982E-03   0.135872E-02   0.165126E-01   0.886295E-03   0.350000E-03
  50  -0.102867E-02   0.100126E-02   0.182335E-01   0.245829E-03   0.250000E-03
  51   0.993845E-04   0.767196E-03   0.193278E-01   0.871580E-03   0.250000E-03
  52   0.872845E-03  -0.714732E-03   0.200571E-01   0.147118E-03   0.150000E-03
  53   0.439407E-03   0.277800E-03   0.205169E-01   0.101472E-02   0.200000E-03
  54   0.539013E-03  -0.570668E-03   0.211628E-01   0.298076E-03   0.300000E-03
  55   0.301744E-03  -0.437875E-04   0.233996E-01   0.999431E-04   0.100000E-03
  56   0.357323E-03  -0.273849E-03   0.238477E-01   0.396494E-03   0.400000E-03
  57  -0.266014E-03   0.232048E-03   0.245184E-01   0.920195E-03   0.400000E-03
  58  -0.694626E-03  -0.714209E-04   0.251137E-01   0.395269E-03   0.400000E-03
  59  -0.431786E-03   0.420517E-03   0.270348E-01   0.204680E-03   0.200000E-03
  60  -0.853540E-03   0.267620E-03   0.275260E-01   0.295845E-03   0.300000E-03
  61  -0.184890E-02  -0.177746E-03   0.290980E-01   0.294121E-03   0.300000E-03
  62  -0.101974E-02  -0.250695E-03   0.312190E-01   0.348334E-03   0.350000E-03
  63   0.745334E-03  -0.260853E-04   0.328476E-01   0.196444E-03   0.200000E-03
  64  -0.140459E-02  -0.124084E-02   0.347537E-01   0.345684E-03   0.350000E-03
  65   0.180303E-03  -0.136332E-02   0.363205E-01   0.612050E-03   0.350000E-03
  66  -0.440031E-03  -0.129221E-03   0.364370E-01   0.137897E-03   0.150000E-03
  67  -0.147883E-02  -0.422703E-03   0.391409E-01   0.298582E-03   0.300000E-03
  68   0.284731E-02  -0.678189E-03   0.423035E-01   0.200013E-03   0.200000E-03
  69  -0.114959E-02  -0.866388E-03   0.438615E-01   0.825849E-03   0.350000E-03
  70  -0.610195E-03   0.334553E-03   0.423989E-01   0.720205E-02   0.250000E-03
  71  -0.252048E-03   0.135721E-03   0.447016E-01   0.495810E-02   0.300000E-03
  72  -0.165894E-02  -0.617898E-02   0.447505E-01   0.247821E-03   0.250000E-03
  73   0.345603E-03  -0.426785E-03   0.256436E-02   0.793627E-02   0.350000E-03
  74  -0.156828E-02  -0.109979E-02   0.120921E-02   0.298384E-03   0.300000E-03
  75  -0.569903E-03  -0.148890E-02   0.392787E-02   0.247920E-03   0.250000E-03
  76  -0.164047E-03   0.184548E-03   0.523052E-02   0.923347E-03   0.350000E-03
  77  -0.749630E-03  -0.103981E-02   0.648004E-02   0.822670E-03   0.200000E-03
  78  -0.750562E-03   0.742000E-04   0.666129E-02   0.134020E-02   0.350000E-03
  79  -0.306134E-03   0.189498E-04   0.799164E-02   0.113078E-02   0.350000E-03
  80   0.626241E-03   0.478727E-03   0.904351E-02   0.129948E-02   0.250000E-03
  81   0.365323E-03   0.196128E-02   0.106957E-01   0.956890E-03   0.350000E-03
  82   0.140969E-02   0.948313E-03   0.133000E-01   0.949367E-03   0.300000E-03
  83  -0.241102E-03  -0.696346E-03   0.137575E-01   0.346307E-03   0.350000E-03
  84  -0.121096E-02  -0.754766E-03   0.143472E-01   0.243594E-03   0.250000E-03
  85   0.561987E-04  -0.808197E-06   0.154385E-01   0.100918E-02   0.250000E-03
  86  -0.419985E-03   0.115920E-02   0.172919E-01   0.106450E-02   0.450000E-03
  87  -0.809697E-03   0.767525E-03   0.188680E-01   0.105908E-02   0.250000E-03
  88  -0.984261E-04   0.918932E-04   0.200642E-01   0.802633E-03   0.300000E-03
  89  -0.686114E-03  -0.405404E-03   0.203121E-01   0.160530E-02   0.400000E-03
  90   0.689073E-03  -0.124899E-02   0.214932E-01   0.854822E-03   0.350000E-03
  91  -0.776847E-03  -0.102392E-02   0.225907E-01   0.740008E-03   0.250000E-03
  92  -0.495129E-03  -0.334766E-03   0.231817E-01   0.832174E-03   0.350000E-03
  93  -0.267489E-03   0.170534E-03   0.238057E-01   0.114174E-02   0.350000E-03
  94  -0.129510E-02  -0.203594E-03   0.252358E-01   0.113392E-02   0.350000E-03
  95  -0.369360E-03  -0.601694E-03   0.273551E-01   0.918798E-03   0.350000E-03
  96  -0.756398E-04  -0.718936E-03   0.280561E-01   0.117843E-02   0.400000E-03
  97  -0.155016E-02  -0.129787E-03   0.294610E-01   0.973136E-03   0.250000E-03
  98  -0.126532E-02   0.398449E-03   0.303022E-01   0.108394E-02   0.450000E-03
  99  -0.138484E-02  -0.796355E-04   0.324043E-01   0.247714E-03   0.250000E-03
 100   0.358433E-03   0.162888E-02   0.327264E-01   0.625903E-03   0.250000E-03
 101  -0.139276E-02   0.482694E-05   0.349638E-01   0.106190E-02   0.400000E-03
 102  -0.768258E-03  -0.458775E-03   0.368126E-01   0.269051E-03   0.250000E-03
 103  -0.997161E-03  -0.631377E-03   0.376436E-01   0.893778E-03   0.250000E-03
 104  -0.181136E-02  -0.607727E-03   0.385430E-01   0.296384E-03   0.300000E-03
 105  -0.679550E-03  -0.129757E-02   0.405669E-01   0.243159E-03   0.250000E-03
 106  -0.129767E-02  -0.272065E-02   0.431932E-01   0.296484E-03   0.300000E-03
 107  -0.155606E-04  -0.183515E-03   0.440798E-01   0.746362E-02   0.350000E-03
 108   0.768678E-03   0.295369E-03   0.349359E-01   0.746069E-02   0.450000E-03
 109  -0.384443E-04  -0.174718E-02   0.243031E-03   0.634278E-03   0.250000E-03
 110  -0.770830E-03  -0.333989E-03   0.538082E-03   0.236604E-03   0.250000E-03
 111  -0.231417E-04  -0.459989E-03   0.190075E-02   0.397890E-03   0.400000E-03
 112  -0.106549E-02   0.362705E-03   0.323313E-02   0.923525E-03   0.350000E-03
 113  -0.797730E-03  -0.207000E-03   0.595341E-02   0.109978E-02   0.400000E-03
 114  -0.705036E-03   0.420855E-03   0.717323E-02   0.153190E-02   0.200000E-03
 115   0.814612E-04   0.145992E-02   0.851837E-02   0.158087E-02   0.350000E-03
 116   0.435618E-03   0.139742E-03   0.984900E-02   0.133304E-02   0.350000E-03
 117  -0.654666E-03   0.159483E-02   0.113573E-01   0.738218E-03   0.350000E-03
 118  -0.226967E-02  -0.702206E-04   0.124133E-01   0.296227E-03   0.300000E-03
 119  -0.134951E-02   0.872420E-03   0.142782E-01   0.782949E-03   0.300000E-03
 120  -0.374640E-03   0.105475E-02   0.151098E-01   0.574758E-03   0.300000E-03
 121  -0.309950E-03   0.135705E-02   0.167321E-01   0.138629E-02   0.200000E-03
 122  -0.591856E-03   0.114224E-02   0.181804E-01   0.940376E-03   0.450000E-03
 123  -0.930800E-03   0.815648E-03   0.186103E-01   0.142278E-02   0.200000E-03
 124  -0.550036E-03   0.249106E-03   0.196980E-01   0.127519E-02   0.300000E-03
 125   0.332666E-03  -0.825581E-03   0.209015E-01   0.781207E-03   0.250000E-03
 126  -0.357585E-03  -0.633723E-03   0.209484E-01   0.132411E-02   0.300000E-03
 127  -0.516378E-03  -0.664982E-03   0.227260E-01   0.121906E-02   0.250000E-03
 128   0.128433E-03   0.699091E-04   0.230723E-01   0.164266E-02   0.300000E-03
 129   0.107209E-03  -0.343428E-03   0.236185E-01   0.170061E-02   0.250000E-03
 130  -0.144591E-02  -0.301183E-04   0.257308E-01   0.713811E-03   0.300000E-03
 131  -0.156065E-02  -0.276993E-03   0.263515E-01   0.394909E-03   0.400000E-03
 132  -0.944760E-03  -0.297459E-04   0.275219E-01   0.144907E-02   0.200000E-03
 133  -0.775721E-03  -0.590996E-03   0.288130E-01   0.927129E-03   0.400000E-03
 134  -0.918533E-03   0.153975E-03   0.311923E-01   0.109566E-02   0.400000E-03
 135  -0.874890E-03  -0.924626E-04   0.320388E-01   0.102380E-02   0.450000E-03
 136  -0.774447E-03  -0.170894E-02   0.340093E-01   0.397411E-03   0.400000E-03
 137  -0.588946E-03  -0.108758E-02   0.372080E-01   0.746487E-03   0.100000E-03
 138  -0.127644E-02  -0.865219E-03   0.373938E-01   0.132292E-02   0.250000E-03
 139  -0.194163E-02  -0.592235E-03   0.381776E-01   0.767009E-03   0.300000E-03
 140  -0.854699E-03   0.516319E-04   0.396850E-01   0.274923E-03   0.250000E-03
 141  -0.136896E-02  -0.576855E-03   0.414579E-01   0.248663E-03   0.250000E-03
 142   0.146359E-02  -0.947015E-03   0.419036E-01   0.196212E-03   0.200000E-03
 143   0.168629E-03  -0.963129E-04   0.438979E-01   0.629663E-02   0.250000E-03
 144  -0.409341E-03  -0.225098E-04   0.296172E-01   0.770147E-02   0.300000E-03
 145  -0.100952E-03  -0.154507E-03   0.294330E-03   0.331404E-02   0.300000E-03
 146   0.230008E-03  -0.107997E-02   0.668784E-03   0.135198E-02   0.350000E-03
 147   0.736352E-03   0.516477E-03   0.408230E-02   0.849623E-03   0.200000E-03
 148  -0.669110E-03   0.518156E-03   0.532456E-02   0.288741E-03   0.300000E-03
 149  -0.687785E-03  -0.272486E-03   0.612132E-02   0.192918E-02   0.450000E-03
 150  -0.177743E-02   0.688243E-03   0.756698E-02   0.147956E-02   0.200000E-03
 151   0.602135E-03   0.567976E-03   0.937494E-02   0.160148E-02   0.200000E-03
 152   0.116285E-02  -0.789101E-04   0.103887E-01   0.140755E-02   0.200000E-03
 153  -0.866671E-03   0.165238E-03   0.112013E-01   0.136366E-02   0.300000E-03
 154  -0.169300E-02   0.856509E-03   0.126018E-01   0.966944E-03   0.400000E-03
 155  -0.289672E-03   0.153820E-02   0.137917E-01   0.887636E-03   0.200000E-03
 156  -0.101795E-02   0.800756E-03   0.148258E-01   0.121452E-02   0.400000E-03
 157   0.997318E-03  -0.525710E-04   0.159602E-01   0.138922E-02   0.400000E-03
 158  -0.556740E-03   0.711061E-03   0.174145E-01   0.185133E-02   0.350000E-03
 159  -0.589442E-03   0.787676E-03   0.178021E-01   0.146663E-02   0.200000E-03
 160  -0.760451E-03   0.739147E-03   0.182172E-01   0.163931E-02   0.250000E-03
 161  -0.429601E-03  -0.279865E-03   0.196473E-01   0.181803E-02   0.250000E-03
 162   0.395939E-04  -0.635726E-03   0.209625E-01   0.182045E-02   0.200000E-03
 163  -0.885901E-03  -0.100250E-02   0.221347E-01   0.112554E-02   0.350000E-03
 164  -0.728280E-03  -0.687651E-03   0.227582E-01   0.219570E-02   0.300000E-03
 165  -0.977018E-03  -0.109926E-02   0.248314E-01   0.157566E-02   0.250000E-03
 166  -0.177922E-02  -0.245858E-03   0.256576E-01   0.155505E-02   0.250000E-03
 167  -0.116643E-02  -0.559983E-03   0.266393E-01   0.113172E-02   0.400000E-03
 168  -0.734511E-03   0.374582E-03   0.286076E-01   0.153841E-02   0.250000E-03
 169  -0.172865E-02  -0.144158E-03   0.302121E-01   0.171364E-02   0.200000E-03
 170  -0.120830E-02  -0.874793E-04   0.308034E-01   0.179235E-02   0.400000E-03
 171  -0.124663E-02  -0.266352E-03   0.335313E-01   0.904867E-03   0.300000E-03
 172  -0.652716E-03  -0.165355E-03   0.341744E-01   0.117815E-02   0.400000E-03
 173  -0.491595E-03   0.691681E-04   0.356510E-01   0.118293E-02   0.300000E-03
 174  -0.960147E-03  -0.863090E-03   0.368698E-01   0.103896E-02   0.350000E-03
 175  -0.151358E-02  -0.126309E-03   0.390099E-01   0.882557E-03   0.300000E-03
 176  -0.756083E-03  -0.368476E-03   0.400777E-01   0.985244E-03   0.200000E-03
 177  -0.325722E-03  -0.253814E-03   0.406066E-01   0.783470E-03   0.300000E-03
 178  -0.297229E-02  -0.197041E-03   0.444021E-01   0.143858E-02   0.200000E-03
 179   0.108342E-02  -0.699337E-03   0.427031E-01   0.197012E-03   0.200000E-03
 180  -0.429565E-03  -0.733502E-03   0.400383E-01   0.752318E-02   0.300000E-03
 181  -0.127401E-04  -0.376134E-03   0.197325E-03   0.108044E-02   0.200000E-03
 182  -0.818203E-03   0.380533E-03   0.140917E-02   0.213849E-02   0.200000E-03
 183  -0.472726E-03  -0.796821E-03   0.338499E-02   0.295490E-03   0.300000E-03
 184  -0.228852E-03  -0.260091E-03   0.539482E-02   0.159621E-02   0.350000E-03
 185  -0.362018E-03   0.490323E-03   0.625150E-02   0.260816E-02   0.250000E-03
 186  -0.714078E-04   0.742337E-03   0.679961E-02   0.187106E-02   0.200000E-03
 187  -0.853657E-03   0.134030E-02   0.792009E-02   0.182400E-02   0.300000E-03
 188   0.118730E-03   0.812673E-03   0.963601E-02   0.197856E-02   0.250000E-03
 189   0.656316E-03  -0.962003E-04   0.117344E-01   0.124999E-02   0.250000E-03
 190  -0.132254E-03   0.171097E-02   0.119728E-01   0.815823E-03   0.250000E-03
 191  -0.101918E-02   0.196758E-03   0.140183E-01   0.126646E-02   0.250000E-03
 192  -0.989437E-03   0.814618E-03   0.143268E-01   0.183350E-02   0.400000E-03
 193   0.478204E-03   0.636359E-03   0.153322E-01   0.169763E-02   0.300000E-03
 194   0.690406E-03  -0.828482E-04   0.165283E-01   0.194428E-02   0.400000E-03
 195  -0.533209E-03   0.470121E-03   0.179713E-01   0.207431E-02   0.250000E-03
 196  -0.907106E-03   0.543477E-03   0.191557E-01   0.152740E-02   0.300000E-03
 197  -0.420155E-03  -0.180441E-03   0.200132E-01   0.229237E-02   0.350000E-03
 198  -0.740087E-03  -0.176587E-03   0.206579E-01   0.221342E-02   0.300000E-03
 199   0.411666E-03  -0.359744E-03   0.215172E-01   0.150190E-02   0.300000E-03
 200   0.144050E-03  -0.630559E-03   0.222616E-01   0.216019E-02   0.200000E-03
 201  -0.237201E-03  -0.108013E-02   0.242848E-01   0.157883E-02   0.300000E-03
 202  -0.163225E-02  -0.479008E-03   0.259955E-01   0.119465E-02   0.250000E-03
 203  -0.126727E-02   0.301132E-03   0.266005E-01   0.182524E-02   0.300000E-03
 204  -0.419361E-03  -0.787950E-04   0.270958E-01   0.159067E-02   0.250000E-03
 205  -0.167601E-02   0.373494E-03   0.296288E-01   0.159969E-02   0.400000E-03
 206  -0.800456E-03  -0.379548E-03   0.322643E-01   0.178888E-02   0.350000E-03
 207  -0.961449E-03  -0.676035E-03   0.328955E-01   0.129856E-02   0.450000E-03
 208  -0.100443E-02  -0.857749E-04   0.336065E-01   0.166428E-02   0.350000E-03
 209  -0.125110E-02   0.293091E-04   0.362451E-01   0.125218E-02   0.300000E-03
 210  -0.149104E-02   0.712446E-04   0.366451E-01   0.153821E-02   0.200000E-03
 211  -0.179297E-02   0.130984E-03   0.370609E-01   0.169282E-02   0.250000E-03
 212  -0.555679E-03  -0.154806E-03   0.400497E-01   0.588221E-03   0.200000E-03
 213  -0.203566E-02  -0.846261E-04   0.411311E-01   0.624471E-03   0.250000E-03
 214   0.116799E-02  -0.931532E-03   0.420824E-01   0.549824E-03   0.200000E-03
 215  -0.449189E-02   0.882098E-03   0.443056E-01   0.149720E-03   0.150000E-03
 216  -0.210402E-03  -0.533816E-03   0.217283E-01   0.885601E-02   0.400000E-03
 217  -0.279549E-03   0.337414E-04   0.146198E-01   0.896618E-02   0.350000E-03
 218   0.108122E-03   0.539903E-03   0.874148E-03   0.201787E-02   0.350000E-03
 219   0.259529E-03   0.156373E-03   0.373362E-02   0.653692E-03   0.200000E-03
 220   0.145327E-03  -0.443840E-03   0.458430E-02   0.129572E-02   0.400000E-03
 221  -0.210257E-03  -0.113911E-03   0.532831E-02   0.218388E-02   0.250000E-03
 222  -0.443791E-03   0.739815E-03   0.731622E-02   0.205900E-02   0.350000E-03
 223  -0.128064E-04   0.122373E-02   0.904272E-02   0.203374E-02   0.350000E-03
 224   0.865535E-03   0.109300E-02   0.102303E-01   0.193103E-02   0.350000E-03
 225   0.204233E-03  -0.325820E-03   0.107503E-01   0.156946E-02   0.200000E-03
 226   0.382467E-03   0.348931E-03   0.122004E-01   0.153787E-02   0.300000E-03
 227   0.155924E-03   0.332881E-02   0.130498E-01   0.143520E-02   0.250000E-03
 228  -0.667755E-03   0.893036E-03   0.148867E-01   0.176022E-02   0.150000E-03
 229   0.397776E-03   0.530316E-03   0.158871E-01   0.203265E-02   0.250000E-03
 230  -0.720767E-03  -0.413045E-03   0.175680E-01   0.248074E-02   0.300000E-03
 231  -0.512544E-03   0.297405E-03   0.183886E-01   0.229721E-02   0.200000E-03
 232  -0.747156E-03   0.501738E-03   0.186956E-01   0.190953E-02   0.300000E-03
 233  -0.839749E-03   0.384245E-04   0.192515E-01   0.233145E-02   0.400000E-03
 234   0.352278E-03  -0.255448E-03   0.213717E-01   0.210377E-02   0.300000E-03
 235  -0.525207E-03  -0.405895E-03   0.224489E-01   0.168958E-02   0.300000E-03
 236  -0.322755E-03  -0.434433E-03   0.233520E-01   0.217094E-02   0.300000E-03
 237  -0.325849E-03  -0.530556E-03   0.239994E-01   0.216114E-02   0.350000E-03
 238  -0.152760E-04  -0.791517E-03   0.252491E-01   0.173592E-02   0.200000E-03
 239  -0.100091E-02   0.261218E-03   0.267685E-01   0.234587E-02   0.250000E-03
 240  -0.690547E-03   0.291968E-03   0.290493E-01   0.147485E-02   0.200000E-03
 241  -0.154362E-02  -0.804731E-03   0.302104E-01   0.224887E-02   0.350000E-03
 242   0.102316E-02  -0.603324E-03   0.315657E-01   0.174608E-02   0.350000E-03
 243  -0.127900E-02  -0.249821E-03   0.329826E-01   0.224046E-02   0.500000E-03
 244  -0.699099E-03  -0.205163E-03   0.354527E-01   0.197250E-02   0.200000E-03
 245  -0.852650E-03  -0.318658E-03   0.349299E-01   0.180790E-02   0.350000E-03
 246  -0.120623E-02  -0.204093E-03   0.365852E-01   0.213148E-02   0.400000E-03
 247  -0.159975E-02  -0.838422E-03   0.379877E-01   0.138741E-02   0.350000E-03
 248  -0.683833E-03  -0.216680E-03   0.396063E-01   0.818829E-03   0.300000E-03
 249  -0.110548E-02   0.268656E-03   0.416509E-01   0.789758E-03   0.300000E-03
 250  -0.128185E-02  -0.271638E-02   0.437403E-01   0.244027E-03   0.250000E-03
 251   0.466069E-03  -0.320208E-03   0.446041E-01   0.298732E-02   0.400000E-03
 252  -0.182590E-02   0.210522E-03   0.337766E-01   0.773003E-02   0.350000E-03
 253   0.116137E-03  -0.309797E-03   0.211750E-02   0.739749E-02   0.350000E-03
 254  -0.101245E-04  -0.124106E-02   0.138885E-02   0.937430E-03   0.350000E-03
 255   0.199061E-03  -0.705804E-03   0.230229E-02   0.971538E-03   0.300000E-03
 256   0.359942E-03  -0.125260E-03   0.483228E-02   0.194755E-02   0.300000E-03
 257   0.276249E-04   0.218759E-03   0.674415E-02   0.236698E-02   0.300000E-03
 258  -0.696231E-03   0.137552E-02   0.838774E-02   0.227075E-02   0.350000E-03
 259   0.950249E-04   0.342911E-03   0.902538E-02   0.283073E-02   0.450000E-03
 260  -0.934377E-04   0.130674E-03   0.986423E-02   0.258544E-02   0.400000E-03
 261   0.527500E-03   0.691462E-03   0.116598E-01   0.179115E-02   0.300000E-03
 262  -0.382373E-03  -0.748345E-04   0.121569E-01   0.220619E-02   0.350000E-03
 263  -0.182729E-02   0.810657E-03   0.135926E-01   0.168705E-02   0.350000E-03
 264  -0.561543E-03   0.397626E-03   0.149110E-01   0.220890E-02   0.300000E-03
 265   0.150695E-03  -0.118650E-02   0.166502E-01   0.253164E-02   0.200000E-03
 266   0.554174E-03  -0.289093E-03   0.170465E-01   0.231844E-02   0.250000E-03
 267  -0.540994E-04  -0.238476E-03   0.171289E-01   0.280696E-02   0.250000E-03
 268  -0.762246E-03   0.136330E-03   0.186809E-01   0.263788E-02   0.250000E-03
 269  -0.916413E-03   0.333722E-03   0.191099E-01   0.296570E-02   0.250000E-03
 270  -0.428698E-03   0.105996E-03   0.197075E-01   0.292016E-02   0.350000E-03
 271   0.269090E-03  -0.702581E-03   0.219290E-01   0.185863E-02   0.250000E-03
 272  -0.581767E-03  -0.926215E-03   0.223605E-01   0.276218E-02   0.400000E-03
 273  -0.486186E-03   0.396477E-03   0.234833E-01   0.284853E-02   0.400000E-03
 274  -0.180879E-02  -0.241152E-03   0.258403E-01   0.201387E-02   0.250000E-03
 275  -0.904996E-03   0.817821E-04   0.262716E-01   0.226121E-02   0.250000E-03
 276  -0.817644E-03  -0.506521E-03   0.275064E-01   0.194852E-02   0.300000E-03
 277  -0.119922E-02  -0.129405E-02   0.294679E-01   0.217544E-02   0.200000E-03
 278  -0.118418E-02   0.529306E-03   0.318983E-01   0.238340E-02   0.350000E-03
 279  -0.165206E-02   0.114594E-03   0.323986E-01   0.270487E-02   0.250000E-03
 280  -0.735166E-03  -0.525469E-03   0.342847E-01   0.186763E-02   0.300000E-03
 281  -0.892324E-03  -0.380226E-03   0.358890E-01   0.172995E-02   0.300000E-03
 282  -0.748527E-03   0.268152E-03   0.375431E-01   0.179611E-02   0.250000E-03
 283  -0.166759E-02   0.687399E-03   0.384863E-01   0.162042E-02   0.200000E-03
 284  -0.154694E-02  -0.252916E-03   0.385453E-01   0.117462E-02   0.250000E-03
 285  -0.186660E-02   0.267720E-03   0.410979E-01   0.121913E-02   0.350000E-03
 286  -0.123412E-02  -0.185698E-02   0.432196E-01   0.892470E-03   0.300000E-03
 287   0.188566E-03  -0.298748E-02   0.428430E-01   0.121816E-02   0.200000E-03
 288   0.380519E-04   0.534990E-04   0.587787E-02   0.793082E-02   0.350000E-03
 289  -0.252169E-03  -0.109886E-03   0.245435E-03   0.226683E-02   0.250000E-03
 290   0.401693E-03  -0.857625E-03   0.186163E-02   0.137342E-02   0.300000E-03
 291   0.286400E-03  -0.503633E-03   0.250198E-02   0.164167E-02   0.400000E-03
 292  -0.640632E-03  -0.846168E-03   0.312877E-02   0.151240E-02   0.250000E-03
 293   0.469517E-04   0.240781E-03   0.570879E-02   0.257215E-02   0.300000E-03
 294  -0.911360E-03   0.419751E-03   0.819107E-02   0.298811E-02   0.400000E-03
 295   0.117921E-03   0.375409E-03   0.968392E-02   0.336444E-02   0.400000E-03
 296  -0.409203E-03   0.916262E-03   0.111252E-01   0.190553E-02   0.250000E-03
 297   0.276896E-03   0.936367E-03   0.107275E-01   0.191539E-02   0.150000E-03
 298   0.505195E-03   0.338556E-03   0.126751E-01   0.168297E-02   0.200000E-03
 299  -0.185048E-04  -0.482565E-04   0.139034E-01   0.232123E-02   0.250000E-03
 300  -0.597302E-03  -0.441777E-03   0.148751E-01   0.270495E-02   0.200000E-03
 301   0.258395E-03   0.110122E-02   0.154743E-01   0.238476E-02   0.300000E-03
 302  -0.135202E-03  -0.140033E-03   0.170914E-01   0.335057E-02   0.300000E-03
 303  -0.319164E-03  -0.236056E-03   0.180599E-01   0.251527E-02   0.200000E-03
 304  -0.172267E-03  -0.571177E-04   0.182636E-01   0.291124E-02   0.250000E-03
 305  -0.292125E-03  -0.124463E-03   0.193863E-01   0.330060E-02   0.150000E-03
 306  -0.284330E-03  -0.459028E-03   0.204628E-01   0.282813E-02   0.350000E-03
 307   0.311621E-03  -0.373613E-03   0.218577E-01   0.235205E-02   0.250000E-03
 308  -0.317750E-04  -0.741830E-04   0.228367E-01   0.333876E-02   0.350000E-03
 309   0.430974E-03  -0.168982E-03   0.246020E-01   0.259743E-02   0.400000E-03
 310  -0.943859E-04   0.167860E-03   0.251972E-01   0.223099E-02   0.300000E-03
 311  -0.119288E-02   0.433433E-04   0.273249E-01   0.256815E-02   0.350000E-03
 312  -0.224964E-03  -0.374904E-03   0.281531E-01   0.191873E-02   0.350000E-03
 313  -0.130398E-02  -0.952764E-03   0.297057E-01   0.255335E-02   0.250000E-03
 314  -0.141540E-02   0.586700E-03   0.312576E-01   0.232203E-02   0.300000E-03
 315  -0.138152E-02   0.113643E-03   0.334720E-01   0.286407E-02   0.300000E-03
 316  -0.938911E-03  -0.763819E-04   0.338278E-01   0.232781E-02   0.350000E-03
 317  -0.923747E-03  -0.628582E-03   0.350575E-01   0.254488E-02   0.400000E-03
 318  -0.912899E-03  -0.342673E-03   0.358443E-01   0.242372E-02   0.400000E-03
 319  -0.178391E-02  -0.281703E-03   0.389723E-01   0.143082E-02   0.250000E-03
 320  -0.442034E-03  -0.221259E-03   0.398271E-01   0.141652E-02   0.300000E-03
 321  -0.555447E-03  -0.219673E-03   0.404212E-01   0.134514E-02   0.300000E-03
 322   0.101646E-02  -0.100642E-02   0.425925E-01   0.732542E-03   0.350000E-03
 323  -0.564295E-03  -0.684319E-03   0.439748E-01   0.211696E-02   0.350000E-03
 324  -0.678314E-03  -0.656685E-03   0.396185E-01   0.716787E-02   0.250000E-03
 325   0.333556E-03  -0.369778E-03   0.150268E-02   0.760766E-02   0.300000E-03
 326  -0.577885E-03  -0.320956E-03   0.124240E-02   0.151644E-02   0.250000E-03
 327  -0.704978E-03   0.134267E-03   0.197571E-02   0.217179E-02   0.350000E-03
 328   0.426349E-03  -0.366267E-03   0.381009E-02   0.162459E-02   0.450000E-03
 329  -0.347524E-03   0.613098E-03   0.661883E-02   0.313092E-02   0.400000E-03
 330  -0.469855E-03   0.442823E-03   0.726657E-02   0.275294E-02   0.350000E-03
 331  -0.489963E-03   0.367996E-03   0.780389E-02   0.240803E-02   0.250000E-03
 332  -0.278898E-03   0.638134E-05   0.107790E-01   0.251009E-02   0.450000E-03
 333  -0.139528E-03   0.159977E-03   0.115158E-01   0.237259E-02   0.300000E-03
 334  -0.439091E-04  -0.130689E-04   0.130462E-01   0.193190E-02   0.250000E-03
 335  -0.375451E-03  -0.290255E-03   0.134115E-01   0.226782E-02   0.250000E-03
 336  -0.236789E-02  -0.100064E-02   0.144044E-01   0.254286E-02   0.300000E-03
 337   0.374630E-03   0.617035E-03   0.161383E-01   0.252164E-02   0.300000E-03
 338   0.837057E-04   0.228836E-05   0.167143E-01   0.373982E-02   0.250000E-03
 339  -0.725004E-03  -0.191803E-03   0.176972E-01   0.311693E-02   0.350000E-03
 340  -0.292369E-03   0.260003E-04   0.190004E-01   0.352834E-02   0.300000E-03
 341  -0.691048E-03   0.862750E-05   0.201485E-01   0.339258E-02   0.300000E-03
 342   0.111427E-04   0.471977E-03   0.206405E-01   0.334708E-02   0.200000E-03
 343   0.352677E-03  -0.118093E-02   0.216691E-01   0.286358E-02   0.300000E-03
 344  -0.414004E-03   0.400901E-03   0.239397E-01   0.330331E-02   0.250000E-03
 345  -0.916544E-03  -0.106317E-02   0.251961E-01   0.296409E-02   0.300000E-03
 346  -0.143177E-02  -0.709535E-03   0.257297E-01   0.260112E-02   0.350000E-03
 347  -0.950563E-03  -0.258365E-03   0.264180E-01   0.289026E-02   0.400000E-03
 348  -0.547708E-03  -0.819559E-03   0.290130E-01   0.197097E-02   0.300000E-03
 349  -0.161705E-02  -0.348394E-03   0.301496E-01   0.284317E-02   0.250000E-03
 350  -0.169371E-02  -0.299674E-04   0.320766E-01   0.314604E-02   0.300000E-03
 351  -0.165319E-02   0.344648E-04   0.328624E-01   0.308091E-02   0.350000E-03
 352  -0.162049E-02   0.216797E-03   0.344942E-01   0.310521E-02   0.400000E-03
 353  -0.473366E-03  -0.364076E-03   0.358805E-01   0.301779E-02   0.200000E-03
 354  -0.571183E-03  -0.224043E-03   0.372319E-01   0.218693E-02   0.250000E-03
 355  -0.141971E-02   0.122233E-03   0.380342E-01   0.203341E-02   0.300000E-03
 356  -0.104900E-02   0.157212E-03   0.393765E-01   0.162341E-02   0.200000E-03
 357  -0.104867E-02  -0.884820E-03   0.408082E-01   0.179615E-02   0.300000E-03
 358  -0.115788E-02   0.447271E-03   0.416839E-01   0.133317E-02   0.250000E-03
 359   0.306068E-03  -0.246150E-03   0.442571E-01   0.528090E-02   0.250000E-03
 360   0.277536E-02   0.237998E-02   0.447997E-01   0.417703E-02   0.200000E-03
 361  -0.394167E-03   0.156088E-03   0.681334E-03   0.273994E-02   0.400000E-03
 362  -0.952908E-03   0.422425E-03   0.147819E-02   0.273004E-02   0.400000E-03
 363  -0.165086E-05  -0.938955E-03   0.309575E-02   0.201122E-02   0.250000E-03
 364   0.475707E-03  -0.503400E-03   0.491802E-02   0.254029E-02   0.300000E-03
 365  -0.104693E-03   0.295999E-03   0.591910E-02   0.313281E-02   0.300000E-03
 366  -0.605389E-04   0.361853E-03   0.618002E-02   0.367210E-02   0.300000E-03
 367   0.381712E-04   0.340384E-03   0.865818E-02   0.336435E-02   0.200000E-03
 368  -0.100032E-03   0.371119E-03   0.103314E-01   0.310522E-02   0.300000E-03
 369  -0.194834E-03   0.137032E-03   0.118658E-01   0.291921E-02   0.350000E-03
 370  -0.287359E-03  -0.135033E-03   0.128240E-01   0.253915E-02   0.400000E-03
 371   0.109086E-03  -0.226835E-03   0.137343E-01   0.284093E-02   0.300000E-03
 372  -0.536954E-03  -0.546343E-03   0.150709E-01   0.326908E-02   0.400000E-03
 373   0.642842E-04   0.804401E-03   0.157021E-01   0.293142E-02   0.300000E-03
 374   0.109845E-03   0.259607E-03   0.164179E-01   0.316202E-02   0.400000E-03
 375  -0.425572E-03  -0.890979E-04   0.175486E-01   0.393709E-02   0.450000E-03
 376  -0.765619E-03   0.277260E-03   0.186775E-01   0.308706E-02   0.200000E-03
 377  -0.278400E-03  -0.125188E-04   0.196104E-01   0.374657E-02   0.350000E-03
 378   0.108429E-03   0.120613E-03   0.210877E-01   0.263184E-02   0.300000E-03
 379  -0.137467E-02   0.550597E-03   0.211812E-01   0.328811E-02   0.350000E-03
 380  -0.872790E-03  -0.681240E-03   0.220049E-01   0.342027E-02   0.350000E-03
 381   0.495710E-03   0.334311E-03   0.245305E-01   0.334026E-02   0.350000E-03
 382  -0.638370E-03  -0.315518E-03   0.268028E-01   0.346710E-02   0.300000E-03
 383  -0.526026E-03   0.131569E-03   0.279139E-01   0.246490E-02   0.250000E-03
 384  -0.365360E-03  -0.979806E-03   0.285913E-01   0.239138E-02   0.300000E-03
 385  -0.699727E-03  -0.982687E-03   0.291604E-01   0.256919E-02   0.300000E-03
 386  -0.671365E-03   0.602894E-04   0.307361E-01   0.261706E-02   0.300000E-03
 387  -0.163221E-02  -0.291499E-03   0.324746E-01   0.365641E-02   0.350000E-03
 388  -0.130583E-02   0.241891E-03   0.354153E-01   0.346145E-02   0.450000E-03
 389  -0.809119E-03  -0.198840E-03   0.360576E-01   0.337389E-02   0.200000E-03
 390  -0.124950E-02  -0.384673E-03   0.364710E-01   0.291824E-02   0.400000E-03
 391  -0.924622E-03  -0.498362E-03   0.376741E-01   0.251113E-02   0.300000E-03
 392  -0.114329E-02  -0.250297E-03   0.390473E-01   0.192511E-02   0.250000E-03
 393  -0.158899E-02  -0.393438E-03   0.396121E-01   0.212308E-02   0.350000E-03
 394  -0.965052E-04   0.311511E-03   0.422288E-01   0.127041E-02   0.300000E-03
 395  -0.662547E-03  -0.300651E-03   0.439072E-01   0.147231E-02   0.300000E-03
 396   0.232248E-03  -0.243448E-03   0.444277E-01   0.242122E-02   0.200000E-03
 397  -0.169436E-03   0.712824E-04   0.972733E-03   0.348304E-02   0.400000E-03
 398   0.116028E-03  -0.373462E-03   0.264519E-02   0.232668E-02   0.300000E-03
 399   0.489448E-03  -0.744190E-03   0.354728E-02   0.232517E-02   0.300000E-03
 400   0.304229E-03  -0.631836E-03   0.424657E-02   0.235301E-02   0.400000E-03
 401   0.231127E-03   0.330343E-03   0.574828E-02   0.391555E-02   0.200000E-03
 402  -0.126997E-03   0.387369E-03   0.729363E-02   0.344807E-02   0.350000E-03
 403   0.213475E-03   0.129312E-03   0.852577E-02   0.379214E-02   0.250000E-03
 404   0.228426E-03   0.121357E-03   0.905751E-02   0.366883E-02   0.300000E-03
 405  -0.487189E-03   0.482283E-04   0.119615E-01   0.346793E-02   0.200000E-03
 406  -0.502631E-03  -0.542389E-04   0.125260E-01   0.327386E-02   0.400000E-03
 407  -0.163614E-03  -0.244646E-03   0.132079E-01   0.312257E-02   0.300000E-03
 408  -0.341914E-03  -0.605736E-03   0.142728E-01   0.328613E-02   0.400000E-03
 409  -0.216513E-03  -0.178908E-03   0.157506E-01   0.357528E-02   0.350000E-03
 410  -0.326644E-03  -0.187171E-04   0.162363E-01   0.399843E-02   0.300000E-03
 411  -0.309467E-03  -0.532622E-04   0.167610E-01   0.428513E-02   0.300000E-03
 412  -0.334689E-03  -0.741158E-04   0.183048E-01   0.355567E-02   0.400000E-03
 413  -0.696501E-03   0.343854E-03   0.203002E-01   0.396611E-02   0.300000E-03
 414  -0.613601E-03  -0.309260E-03   0.208138E-01   0.376215E-02   0.250000E-03
 415  -0.132167E-02   0.375548E-04   0.208331E-01   0.441185E-02   0.400000E-03
 416  -0.441386E-04   0.239026E-03   0.224823E-01   0.399637E-02   0.400000E-03
 417   0.409450E-03   0.928456E-04   0.234499E-01   0.354260E-02   0.300000E-03
 418  -0.742432E-03  -0.288279E-03   0.251671E-01   0.361095E-02   0.350000E-03
 419  -0.495971E-03  -0.398249E-03   0.278264E-01   0.305537E-02   0.350000E-03
 420  -0.730816E-03  -0.313778E-03   0.284029E-01   0.290064E-02   0.250000E-03
 421  -0.121231E-02  -0.548805E-03   0.296308E-01   0.313975E-02   0.350000E-03
 422  -0.133923E-02  -0.998126E-04   0.313322E-01   0.306756E-02   0.450000E-03
 423  -0.136905E-02   0.976219E-04   0.338126E-01   0.340590E-02   0.350000E-03
 424  -0.154036E-02   0.299678E-03   0.347319E-01   0.376137E-02   0.300000E-03
 425  -0.137739E-02  -0.617861E-03   0.369805E-01   0.339257E-02   0.300000E-03
 426  -0.133942E-02  -0.330945E-03   0.371635E-01   0.282154E-02   0.300000E-03
 427  -0.129974E-02  -0.394260E-03   0.380254E-01   0.312756E-02   0.300000E-03
 428  -0.125884E-02  -0.201714E-03   0.385782E-01   0.209069E-02   0.250000E-03
 429  -0.243092E-03  -0.884012E-03   0.402203E-01   0.190378E-02   0.300000E-03
 430  -0.126434E-02  -0.372153E-03   0.419476E-01   0.186552E-02   0.350000E-03
 431  -0.687468E-03  -0.320351E-03   0.426901E-01   0.179551E-02   0.400000E-03
 432  -0.103797E-02  -0.249662E-03   0.433109E-01   0.147926E-02   0.300000E-03
 433  -0.205264E-03  -0.560839E-03   0.347291E-03   0.395893E-02   0.350000E-03
 434  -0.409243E-03  -0.174368E-04   0.159208E-02   0.178791E-02   0.200000E-03
 435  -0.102876E-03  -0.139628E-03   0.313510E-02   0.282564E-02   0.350000E-03
 436   0.587164E-03  -0.345906E-03   0.529885E-02   0.293400E-02   0.250000E-03
 437  -0.376968E-05   0.202651E-03   0.562400E-02   0.353557E-02   0.200000E-03
 438   0.747816E-04   0.361854E-03   0.676011E-02   0.381496E-02   0.300000E-03
 439  -0.553553E-03   0.139515E-03   0.793821E-02   0.369052E-02   0.350000E-03
 440   0.190837E-03   0.441832E-03   0.108718E-01   0.374061E-02   0.200000E-03
 441   0.749944E-04   0.415393E-03   0.109137E-01   0.324481E-02   0.300000E-03
 442  -0.234796E-03   0.312002E-03   0.130764E-01   0.370582E-02   0.300000E-03
 443   0.143541E-03  -0.319992E-03   0.136455E-01   0.345527E-02   0.250000E-03
 444  -0.502279E-03  -0.724628E-04   0.152241E-01   0.395044E-02   0.300000E-03
 445  -0.541834E-03  -0.135588E-03   0.157076E-01   0.445464E-02   0.400000E-03
 446  -0.400756E-03  -0.162160E-03   0.163052E-01   0.448654E-02   0.200000E-03
 447  -0.592390E-03  -0.303434E-04   0.172537E-01   0.462162E-02   0.300000E-03
 448  -0.247138E-03   0.873236E-04   0.183451E-01   0.445255E-02   0.500000E-03
 449  -0.348120E-03   0.202583E-03   0.192400E-01   0.439595E-02   0.400000E-03
 450  -0.600228E-03   0.885629E-04   0.199353E-01   0.443641E-02   0.300000E-03
 451  -0.149030E-02   0.104624E-03   0.214937E-01   0.396543E-02   0.400000E-03
 452  -0.762681E-03   0.881750E-03   0.219718E-01   0.453859E-02   0.350000E-03
 453  -0.430748E-03  -0.404097E-03   0.240679E-01   0.388781E-02   0.350000E-03
 454  -0.958722E-03  -0.230730E-03   0.257902E-01   0.329815E-02   0.350000E-03
 455  -0.789568E-03  -0.260583E-03   0.270050E-01   0.301232E-02   0.200000E-03
 456  -0.879651E-03  -0.377246E-03   0.289333E-01   0.317700E-02   0.350000E-03
 457  -0.814075E-03   0.376099E-03   0.305736E-01   0.319066E-02   0.300000E-03
 458  -0.106659E-02  -0.413639E-03   0.307013E-01   0.382223E-02   0.350000E-03
 459  -0.152658E-02  -0.379686E-03   0.317814E-01   0.372479E-02   0.350000E-03
 460  -0.133925E-02   0.293106E-03   0.341944E-01   0.386511E-02   0.250000E-03
 461  -0.142759E-02  -0.416377E-03   0.364609E-01   0.356544E-02   0.250000E-03
 462  -0.163502E-02  -0.855258E-03   0.376427E-01   0.426361E-02   0.300000E-03
 463  -0.144215E-02  -0.468234E-03   0.382676E-01   0.258246E-02   0.300000E-03
 464  -0.152244E-02  -0.334925E-03   0.390078E-01   0.263955E-02   0.450000E-03
 465  -0.142229E-02  -0.719561E-04   0.407047E-01   0.238358E-02   0.300000E-03
 466  -0.136045E-02  -0.412389E-04   0.411768E-01   0.254378E-02   0.200000E-03
 467  -0.756887E-03  -0.446679E-03   0.435709E-01   0.255876E-02   0.250000E-03
 468  -0.312111E-03   0.227725E-03   0.435656E-01   0.383041E-02   0.350000E-03
 469  -0.433512E-03  -0.674714E-03   0.105325E-02   0.432797E-02   0.450000E-03
 470  -0.706014E-03  -0.239083E-04   0.217543E-02   0.278622E-02   0.300000E-03
 471   0.209693E-04  -0.430721E-04   0.385147E-02   0.304737E-02   0.400000E-03
 472  -0.428192E-04  -0.527016E-04   0.454916E-02   0.300613E-02   0.300000E-03
 473   0.232858E-03   0.256059E-03   0.502463E-02   0.351965E-02   0.400000E-03
 474  -0.171795E-03   0.232560E-03   0.744011E-02   0.402356E-02   0.250000E-03
 475  -0.283060E-03   0.714165E-04   0.811267E-02   0.436420E-02   0.350000E-03
 476   0.199310E-04  -0.121067E-03   0.952507E-02   0.404295E-02   0.300000E-03
 477   0.724363E-03   0.228703E-03   0.113179E-01   0.287232E-02   0.200000E-03
 478  -0.509402E-03  -0.283914E-03   0.122217E-01   0.395190E-02   0.350000E-03
 479  -0.365044E-03   0.795328E-04   0.141948E-01   0.392946E-02   0.250000E-03
 480  -0.593996E-03  -0.318012E-03   0.146829E-01   0.379030E-02   0.250000E-03
 481  -0.501399E-03  -0.207218E-04   0.147865E-01   0.427941E-02   0.250000E-03
 482  -0.470760E-03  -0.448874E-03   0.162693E-01   0.507798E-02   0.400000E-03
 483  -0.429584E-03  -0.482581E-03   0.169649E-01   0.514547E-02   0.300000E-03
 484  -0.371115E-03   0.283599E-03   0.186421E-01   0.519309E-02   0.300000E-03
 485  -0.449682E-03  -0.182766E-03   0.196513E-01   0.502001E-02   0.350000E-03
 486  -0.549951E-03  -0.839750E-05   0.203224E-01   0.489182E-02   0.300000E-03
 487  -0.358549E-03   0.777162E-03   0.213848E-01   0.491348E-02   0.350000E-03
 488  -0.575634E-03  -0.444309E-03   0.219075E-01   0.508358E-02   0.200000E-03
 489  -0.596794E-03  -0.395897E-03   0.246652E-01   0.393617E-02   0.250000E-03
 490  -0.638335E-03  -0.252538E-03   0.273392E-01   0.338790E-02   0.250000E-03
 491  -0.785566E-03  -0.403045E-03   0.283439E-01   0.344501E-02   0.300000E-03
 492  -0.122684E-02  -0.901045E-03   0.293266E-01   0.381413E-02   0.400000E-03
 493  -0.826807E-03  -0.221899E-03   0.300951E-01   0.359202E-02   0.300000E-03
 494  -0.123874E-02  -0.509265E-03   0.312355E-01   0.370997E-02   0.200000E-03
 495  -0.120006E-02  -0.943372E-04   0.328793E-01   0.402377E-02   0.200000E-03
 496  -0.106550E-02  -0.201993E-03   0.359417E-01   0.419519E-02   0.350000E-03
 497  -0.859732E-03  -0.658786E-03   0.360943E-01   0.372061E-02   0.150000E-03
 498  -0.140797E-02  -0.511503E-03   0.373481E-01   0.380017E-02   0.250000E-03
 499  -0.146152E-02  -0.506581E-03   0.375223E-01   0.333333E-02   0.250000E-03
 500  -0.973451E-03  -0.538416E-03   0.393975E-01   0.309435E-02   0.150000E-03
 501  -0.338918E-03  -0.169608E-03   0.401590E-01   0.244880E-02   0.250000E-03
 502  -0.102450E-02  -0.668861E-03   0.413358E-01   0.207416E-02   0.300000E-03
 503  -0.968357E-03  -0.435935E-03   0.429746E-01   0.261948E-02   0.350000E-03
 504  -0.895664E-03  -0.467776E-03   0.433277E-01   0.207448E-02   0.300000E-03
 505  -0.903760E-03  -0.201207E-03   0.165048E-02   0.379932E-02   0.350000E-03
 506  -0.111928E-02   0.104772E-04   0.187059E-02   0.324371E-02   0.250000E-03
 507  -0.129233E-03   0.285422E-04   0.332537E-02   0.342297E-02   0.250000E-03
 508  -0.161372E-03   0.306577E-03   0.432823E-02   0.355940E-02   0.300000E-03
 509   0.105901E-04  -0.776077E-04   0.609379E-02   0.421471E-02   0.250000E-03
 510  -0.193024E-03   0.156193E-04   0.749779E-02   0.456419E-02   0.300000E-03
 511  -0.210129E-03  -0.594247E-03   0.878360E-02   0.427588E-02   0.300000E-03
 512  -0.469735E-04   0.452005E-03   0.103241E-01   0.375287E-02   0.350000E-03
 513  -0.307546E-03   0.141440E-03   0.114648E-01   0.347203E-02   0.300000E-03
 514  -0.167894E-03   0.934413E-04   0.128452E-01   0.436555E-02   0.400000E-03
 515  -0.399546E-03   0.129350E-03   0.136125E-01   0.407261E-02   0.350000E-03
 516  -0.372472E-03  -0.237984E-04   0.142445E-01   0.452554E-02   0.350000E-03
 517  -0.115425E-02  -0.329093E-03   0.151585E-01   0.442547E-02   0.150000E-03
 518  -0.498164E-03  -0.138104E-03   0.154821E-01   0.521903E-02   0.400000E-03
 519  -0.324462E-03   0.599044E-04   0.177391E-01   0.504432E-02   0.350000E-03
 520  -0.767287E-03   0.957873E-04   0.191760E-01   0.546136E-02   0.300000E-03
 521  -0.488075E-03  -0.360328E-03   0.201569E-01   0.557164E-02   0.400000E-03
 522  -0.723221E-03  -0.249135E-03   0.207657E-01   0.521580E-02   0.250000E-03
 523  -0.572587E-03   0.332946E-03   0.218858E-01   0.553126E-02   0.250000E-03
 524   0.142881E-03   0.279099E-03   0.231774E-01   0.406866E-02   0.300000E-03
 525  -0.578335E-03  -0.701097E-03   0.252080E-01   0.435786E-02   0.400000E-03
 526  -0.697307E-03  -0.253876E-03   0.256776E-01   0.391174E-02   0.250000E-03
 527  -0.656678E-03  -0.478663E-03   0.278043E-01   0.370477E-02   0.300000E-03
 528  -0.934329E-03  -0.745981E-03   0.291814E-01   0.454904E-02   0.350000E-03
 529  -0.972437E-03  -0.833383E-03   0.305539E-01   0.444808E-02   0.300000E-03
 530  -0.171379E-02  -0.336601E-03   0.321625E-01   0.404624E-02   0.150000E-03
 531  -0.148996E-02  -0.221339E-03   0.330218E-01   0.360683E-02   0.200000E-03
 532  -0.146865E-02  -0.179118E-03   0.351986E-01   0.428253E-02   0.400000E-03
 533  -0.139780E-02  -0.472495E-03   0.368256E-01   0.397086E-02   0.300000E-03
 534  -0.140043E-02  -0.650345E-03   0.382267E-01   0.440116E-02   0.300000E-03
 535  -0.169914E-02  -0.813480E-03   0.379091E-01   0.372400E-02   0.300000E-03
 536  -0.112042E-02  -0.106955E-02   0.386264E-01   0.310102E-02   0.150000E-03
 537  -0.890974E-03  -0.750680E-03   0.404343E-01   0.273685E-02   0.150000E-03
 538  -0.102548E-02  -0.825331E-03   0.417665E-01   0.248807E-02   0.300000E-03
 539  -0.555556E-03  -0.708722E-03   0.423599E-01   0.240870E-02   0.300000E-03
 540  -0.436918E-03  -0.284459E-03   0.439717E-01   0.284808E-02   0.250000E-03
 541   0.250500E-03  -0.459692E-03   0.485728E-02   0.842335E-02   0.300000E-03
 542  -0.404326E-03   0.166034E-03   0.258215E-02   0.347069E-02   0.500000E-03
 543   0.875330E-04   0.289734E-03   0.376276E-02   0.375218E-02   0.300000E-03
 544  -0.682796E-04   0.924047E-04   0.419650E-02   0.408946E-02   0.250000E-03
 545   0.311690E-03   0.342927E-03   0.533442E-02   0.408756E-02   0.250000E-03
 546  -0.377219E-03   0.304719E-04   0.858561E-02   0.499874E-02   0.450000E-03
 547   0.902030E-04  -0.314257E-03   0.929057E-02   0.459416E-02   0.300000E-03
 548  -0.125293E-03  -0.236395E-03   0.977394E-02   0.447349E-02   0.200000E-03
 549  -0.117237E-03  -0.246723E-03   0.110549E-01   0.430935E-02   0.400000E-03
 550  -0.356105E-03  -0.118154E-03   0.116242E-01   0.399737E-02   0.250000E-03
 551  -0.260845E-03  -0.413465E-04   0.135252E-01   0.486752E-02   0.450000E-03
 552  -0.332947E-03  -0.199800E-03   0.142398E-01   0.522320E-02   0.350000E-03
 553  -0.388092E-03  -0.170291E-03   0.149339E-01   0.475702E-02   0.250000E-03
 554  -0.540854E-03  -0.144029E-03   0.150649E-01   0.571446E-02   0.250000E-03
 555  -0.457051E-03  -0.181480E-03   0.159997E-01   0.582769E-02   0.400000E-03
 556  -0.245752E-03   0.130109E-03   0.181560E-01   0.554052E-02   0.300000E-03
 557  -0.472200E-03   0.381382E-03   0.188846E-01   0.481492E-02   0.150000E-03
 558  -0.347074E-03   0.172734E-03   0.212515E-01   0.564630E-02   0.400000E-03
 559  -0.535516E-03  -0.106104E-02   0.226347E-01   0.462793E-02   0.250000E-03
 560   0.208251E-03  -0.110307E-02   0.237246E-01   0.437795E-02   0.250000E-03
 561  -0.761739E-03  -0.583117E-03   0.259586E-01   0.443962E-02   0.350000E-03
 562  -0.815157E-03  -0.571891E-03   0.262650E-01   0.381211E-02   0.350000E-03
 563  -0.898415E-03  -0.837285E-03   0.285833E-01   0.409834E-02   0.400000E-03
 564  -0.735853E-03  -0.594546E-03   0.285810E-01   0.479652E-02   0.300000E-03
 565  -0.872558E-03  -0.756920E-03   0.299489E-01   0.422536E-02   0.350000E-03
 566  -0.808153E-03  -0.993297E-03   0.312971E-01   0.435985E-02   0.450000E-03
 567  -0.106962E-02  -0.824471E-03   0.333181E-01   0.328656E-02   0.150000E-03
 568  -0.122589E-02   0.161002E-03   0.338497E-01   0.385237E-02   0.100000E-03
 569  -0.136950E-02  -0.481529E-03   0.370077E-01   0.448642E-02   0.250000E-03
 570  -0.150526E-02  -0.701099E-03   0.378153E-01   0.483643E-02   0.300000E-03
 571  -0.128424E-02  -0.437368E-03   0.384735E-01   0.352112E-02   0.300000E-03
 572  -0.885058E-03  -0.569508E-03   0.390575E-01   0.338776E-02   0.300000E-03
 573  -0.186837E-03  -0.249299E-03   0.397370E-01   0.279915E-02   0.300000E-03
 574  -0.120599E-02  -0.101637E-03   0.414122E-01   0.320070E-02   0.500000E-03
 575  -0.648357E-03  -0.532079E-03   0.421255E-01   0.290356E-02   0.250000E-03
 576  -0.348527E-03  -0.216143E-03   0.444149E-01   0.385785E-02   0.300000E-03
 577  -0.141680E-03  -0.587867E-04   0.298509E-03   0.460579E-02   0.300000E-03
 578  -0.431138E-03  -0.116107E-03   0.261523E-02   0.431530E-02   0.350000E-03
 579   0.451802E-03   0.288716E-03   0.476569E-02   0.427402E-02   0.350000E-03
 580   0.180447E-03   0.111899E-04   0.544644E-02   0.457163E-02   0.250000E-03
 581  -0.338605E-03   0.333921E-03   0.706070E-02   0.414977E-02   0.150000E-03
 582  -0.966459E-04  -0.153708E-03   0.791668E-02   0.487783E-02   0.200000E-03
 583  -0.476296E-04  -0.282258E-03   0.992091E-02   0.489632E-02   0.250000E-03
 584  -0.761170E-04  -0.321750E-03   0.103215E-01   0.445133E-02   0.350000E-03
 585  -0.264198E-03  -0.533234E-03   0.107406E-01   0.513119E-02   0.450000E-03
 586  -0.320778E-03  -0.472249E-03   0.118654E-01   0.449206E-02   0.300000E-03
 587   0.328331E-03  -0.139133E-03   0.123307E-01   0.467287E-02   0.200000E-03
 588  -0.468198E-03  -0.124761E-03   0.136152E-01   0.551092E-02   0.200000E-03
 589   0.256415E-03  -0.186831E-03   0.148361E-01   0.526564E-02   0.250000E-03
 590  -0.600287E-03  -0.164822E-03   0.154228E-01   0.598529E-02   0.200000E-03
 591  -0.228136E-03  -0.202081E-03   0.173718E-01   0.551295E-02   0.250000E-03
 592  -0.202318E-03  -0.434121E-03   0.181514E-01   0.613865E-02   0.300000E-03
 593  -0.807695E-03   0.117764E-06   0.195282E-01   0.594431E-02   0.300000E-03
 594  -0.233537E-03  -0.143132E-03   0.206688E-01   0.611574E-02   0.350000E-03
 595  -0.126617E-02  -0.214512E-03   0.222934E-01   0.498215E-02   0.200000E-03
 596   0.586684E-05  -0.905808E-03   0.232285E-01   0.471282E-02   0.350000E-03
 597  -0.663849E-03  -0.761909E-03   0.244321E-01   0.454170E-02   0.400000E-03
 598  -0.875469E-03  -0.483320E-03   0.266535E-01   0.439170E-02   0.350000E-03
 599  -0.683118E-03  -0.529699E-03   0.272111E-01   0.396942E-02   0.350000E-03
 600  -0.948298E-03  -0.149783E-03   0.299278E-01   0.487292E-02   0.300000E-03
 601  -0.898079E-03  -0.968809E-04   0.305392E-01   0.508924E-02   0.350000E-03
 602   0.807176E-03  -0.920749E-03   0.309901E-01   0.487457E-02   0.150000E-03
 603  -0.124846E-02  -0.707637E-04   0.330215E-01   0.455300E-02   0.350000E-03
 604  -0.115554E-02  -0.932205E-04   0.334238E-01   0.398148E-02   0.350000E-03
 605  -0.127772E-02  -0.514778E-03   0.364233E-01   0.476585E-02   0.400000E-03
 606  -0.783240E-03  -0.289014E-03   0.384986E-01   0.513826E-02   0.450000E-03
 607  -0.132870E-02  -0.775646E-03   0.386388E-01   0.404043E-02   0.250000E-03
 608  -0.117129E-02  -0.824507E-03   0.396577E-01   0.345907E-02   0.300000E-03
 609  -0.783894E-03  -0.835251E-03   0.402497E-01   0.319639E-02   0.350000E-03
 610  -0.140068E-02  -0.925774E-04   0.409185E-01   0.277877E-02   0.150000E-03
 611  -0.925432E-03  -0.185214E-04   0.427987E-01   0.360728E-02   0.450000E-03
 612  -0.866633E-03  -0.767745E-04   0.434440E-01   0.314102E-02   0.350000E-03
 613  -0.408403E-03  -0.787293E-04   0.104558E-01   0.860495E-02   0.350000E-03
 614   0.119672E-04   0.408617E-04   0.314146E-02   0.446465E-02   0.200000E-03
 615  -0.291729E-03   0.280667E-04   0.368554E-02   0.440110E-02   0.350000E-03
 616   0.291097E-03  -0.141525E-03   0.569704E-02   0.426106E-02   0.150000E-03
 617   0.163543E-04   0.447834E-05   0.664573E-02   0.444893E-02   0.350000E-03
 618  -0.261095E-03   0.489864E-05   0.808404E-02   0.555409E-02   0.300000E-03
 619   0.106971E-03   0.137426E-03   0.930740E-02   0.519156E-02   0.300000E-03
 620  -0.174911E-03   0.148715E-03   0.990437E-02   0.554415E-02   0.400000E-03
 621  -0.366326E-03  -0.168326E-03   0.114144E-01   0.531987E-02   0.250000E-03
 622  -0.140728E-03  -0.584753E-03   0.114369E-01   0.482807E-02   0.250000E-03
 623   0.343815E-04  -0.544907E-04   0.126812E-01   0.509625E-02   0.350000E-03
 624  -0.376357E-03  -0.317783E-03   0.139676E-01   0.569970E-02   0.200000E-03
 625  -0.441251E-03  -0.220822E-03   0.144887E-01   0.587301E-02   0.350000E-03
 626  -0.153678E-03  -0.622402E-05   0.166271E-01   0.549524E-02   0.150000E-03
 627  -0.526645E-03  -0.128958E-03   0.169437E-01   0.564381E-02   0.200000E-03
 628  -0.363367E-03  -0.435219E-03   0.175631E-01   0.602416E-02   0.300000E-03
 629  -0.789363E-03  -0.762190E-03   0.188444E-01   0.642184E-02   0.450000E-03
 630  -0.274073E-03  -0.195834E-03   0.218562E-01   0.608052E-02   0.300000E-03
 631  -0.666232E-03   0.117090E-03   0.227756E-01   0.524401E-02   0.350000E-03
 632  -0.312675E-03  -0.990115E-03   0.238440E-01   0.491529E-02   0.300000E-03
 633  -0.365899E-03  -0.178728E-03   0.246881E-01   0.513703E-02   0.250000E-03
 634  -0.674761E-03  -0.587892E-03   0.271872E-01   0.451584E-02   0.200000E-03
 635  -0.104818E-02  -0.795205E-03   0.278298E-01   0.447201E-02   0.450000E-03
 636  -0.769869E-03  -0.321481E-03   0.294023E-01   0.515789E-02   0.300000E-03
 637  -0.738116E-03  -0.312665E-03   0.303517E-01   0.570778E-02   0.300000E-03
 638  -0.116153E-02  -0.683019E-03   0.321182E-01   0.471708E-02   0.350000E-03
 639  -0.132362E-02  -0.370257E-03   0.342858E-01   0.481345E-02   0.250000E-03
 640  -0.150616E-02  -0.163257E-03   0.345025E-01   0.431322E-02   0.300000E-03
 641  -0.122732E-02  -0.452511E-03   0.368862E-01   0.528986E-02   0.300000E-03
 642  -0.119927E-02  -0.501212E-03   0.372730E-01   0.490310E-02   0.250000E-03
 643  -0.101977E-02  -0.214392E-03   0.388035E-01   0.450949E-02   0.250000E-03
 644  -0.118373E-02  -0.796742E-03   0.392877E-01   0.405087E-02   0.400000E-03
 645  -0.921017E-03  -0.196216E-03   0.417199E-01   0.382887E-02   0.200000E-03
 646  -0.504215E-03  -0.765643E-03   0.407665E-01   0.327621E-02   0.150000E-03
 647  -0.786848E-03  -0.603939E-03   0.425673E-01   0.298812E-02   0.200000E-03
 648   0.953535E-04  -0.544944E-03   0.448045E-01   0.355093E-02   0.200000E-03
 649  -0.338436E-03  -0.162855E-03   0.714336E-03   0.488072E-02   0.200000E-03
 650  -0.358888E-03  -0.164889E-03   0.267036E-02   0.500735E-02   0.350000E-03
 651  -0.124840E-03   0.392422E-03   0.320446E-02   0.396915E-02   0.300000E-03
 652  -0.257118E-03   0.785830E-04   0.457515E-02   0.489140E-02   0.200000E-03
 653   0.108734E-03  -0.435902E-03   0.656793E-02   0.494216E-02   0.150000E-03
 654  -0.184521E-03   0.875677E-04   0.745192E-02   0.525725E-02   0.400000E-03
 655  -0.346738E-03   0.209679E-03   0.876935E-02   0.577494E-02   0.350000E-03
 656  -0.283800E-03   0.180917E-03   0.935698E-02   0.589039E-02   0.250000E-03
 657  -0.447179E-03  -0.123643E-03   0.104797E-01   0.592864E-02   0.300000E-03
 658  -0.262103E-03  -0.410806E-04   0.119827E-01   0.513076E-02   0.350000E-03
 659  -0.105314E-03  -0.160254E-03   0.131578E-01   0.545955E-02   0.250000E-03
 660  -0.372592E-03  -0.160621E-03   0.136239E-01   0.618983E-02   0.400000E-03
 661  -0.526000E-03  -0.244072E-03   0.150081E-01   0.626209E-02   0.300000E-03
 662  -0.519206E-03  -0.203078E-03   0.163446E-01   0.642946E-02   0.300000E-03
 663  -0.504261E-03  -0.234859E-03   0.166347E-01   0.596595E-02   0.250000E-03
 664  -0.312763E-03  -0.220217E-03   0.177681E-01   0.653174E-02   0.250000E-03
 665  -0.622024E-03   0.543437E-04   0.200369E-01   0.626099E-02   0.300000E-03
 666  -0.293117E-03  -0.572372E-04   0.212767E-01   0.634454E-02   0.300000E-03
 667  -0.817016E-03   0.150472E-03   0.223828E-01   0.575559E-02   0.300000E-03
 668  -0.436884E-03  -0.446595E-03   0.234183E-01   0.533712E-02   0.300000E-03
 669  -0.538145E-03  -0.767903E-03   0.248895E-01   0.474268E-02   0.100000E-03
 670  -0.959918E-03  -0.330373E-03   0.264004E-01   0.487803E-02   0.200000E-03
 671  -0.485840E-03  -0.242165E-03   0.285268E-01   0.530296E-02   0.200000E-03
 672  -0.874872E-03  -0.429840E-03   0.281262E-01   0.510464E-02   0.250000E-03
 673  -0.890944E-03  -0.144791E-03   0.310246E-01   0.558418E-02   0.350000E-03
 674  -0.956180E-03  -0.797499E-03   0.315458E-01   0.511916E-02   0.350000E-03
 675  -0.118529E-02  -0.304771E-04   0.324987E-01   0.425722E-02   0.250000E-03
 676  -0.149899E-02  -0.294699E-03   0.347842E-01   0.478248E-02   0.250000E-03
 677  -0.125153E-02  -0.795104E-03   0.369679E-01   0.598350E-02   0.400000E-03
 678  -0.105575E-02  -0.541149E-03   0.374274E-01   0.537682E-02   0.250000E-03
 679  -0.767943E-03  -0.935191E-03   0.390898E-01   0.541968E-02   0.200000E-03
 680  -0.100575E-02  -0.234954E-03   0.392599E-01   0.489781E-02   0.350000E-03
 681  -0.106208E-02  -0.548361E-03   0.410885E-01   0.387307E-02   0.250000E-03
 682  -0.662864E-03  -0.403377E-05   0.421323E-01   0.340187E-02   0.250000E-03
 683  -0.473446E-03   0.506857E-04   0.440182E-01   0.454619E-02   0.500000E-03
 684  -0.229934E-03   0.729702E-04   0.440402E-01   0.339304E-02   0.300000E-03
 685   0.505540E-04  -0.545505E-03   0.349435E-03   0.725251E-02   0.350000E-03
 686  -0.689884E-04  -0.247016E-03   0.332926E-02   0.557912E-02   0.350000E-03
 687  -0.890813E-04  -0.196877E-03   0.331467E-02   0.493182E-02   0.300000E-03
 688   0.427419E-03  -0.753002E-04   0.501624E-02   0.481825E-02   0.250000E-03
 689   0.171964E-04  -0.433205E-04   0.706163E-02   0.480276E-02   0.200000E-03
 690  -0.174317E-03   0.119303E-03   0.759895E-02   0.598646E-02   0.350000E-03
 691  -0.368707E-03   0.220110E-04   0.877980E-02   0.647372E-02   0.350000E-03
 692  -0.129927E-03  -0.375269E-04   0.990017E-02   0.624337E-02   0.300000E-03
 693  -0.395161E-03  -0.109303E-03   0.103995E-01   0.646928E-02   0.250000E-03
 694  -0.201518E-03  -0.156731E-03   0.111198E-01   0.583500E-02   0.350000E-03
 695  -0.185408E-03  -0.134160E-03   0.128995E-01   0.599935E-02   0.350000E-03
 696  -0.364732E-03  -0.970053E-04   0.146211E-01   0.718521E-02   0.250000E-03
 697  -0.445032E-03   0.183217E-03   0.143322E-01   0.660304E-02   0.400000E-03
 698  -0.741514E-03   0.652256E-05   0.156479E-01   0.654603E-02   0.400000E-03
 699  -0.560928E-03  -0.239256E-03   0.170727E-01   0.658961E-02   0.450000E-03
 700  -0.822016E-03  -0.677460E-03   0.182223E-01   0.683859E-02   0.300000E-03
 701   0.166777E-03  -0.497358E-03   0.195637E-01   0.662601E-02   0.300000E-03
 702  -0.292383E-03   0.526503E-03   0.204472E-01   0.682633E-02   0.400000E-03
 703  -0.896380E-03  -0.260911E-03   0.230582E-01   0.593742E-02   0.400000E-03
 704  -0.104651E-03  -0.413237E-03   0.241776E-01   0.552894E-02   0.400000E-03
 705  -0.656819E-03  -0.133873E-03   0.251662E-01   0.500354E-02   0.250000E-03
 706  -0.822763E-03  -0.385519E-03   0.259803E-01   0.503806E-02   0.250000E-03
 707  -0.852149E-03  -0.402732E-03   0.269829E-01   0.507613E-02   0.400000E-03
 708  -0.539022E-03  -0.219260E-03   0.298829E-01   0.542205E-02   0.250000E-03
 709  -0.117103E-02  -0.753028E-03   0.320754E-01   0.526424E-02   0.200000E-03
 710  -0.126495E-02  -0.748594E-03   0.326390E-01   0.501449E-02   0.250000E-03
 711  -0.142732E-02  -0.709346E-03   0.337214E-01   0.461000E-02   0.350000E-03
 712  -0.166966E-02  -0.475676E-03   0.351321E-01   0.520749E-02   0.300000E-03
 713  -0.105922E-02  -0.729808E-03   0.381564E-01   0.636620E-02   0.350000E-03
 714  -0.132383E-02  -0.740520E-03   0.379290E-01   0.570146E-02   0.350000E-03
 715  -0.105006E-02  -0.681012E-03   0.388201E-01   0.563932E-02   0.150000E-03
 716  -0.891626E-03  -0.496982E-03   0.397256E-01   0.452853E-02   0.250000E-03
 717  -0.931221E-03  -0.465587E-03   0.400607E-01   0.365914E-02   0.150000E-03
 718  -0.641360E-03  -0.113562E-03   0.421642E-01   0.389955E-02   0.250000E-03
 719  -0.101837E-03   0.284366E-03   0.448016E-01   0.544680E-02   0.200000E-03
 720   0.125391E-03   0.839187E-04   0.434042E-01   0.727643E-02   0.350000E-03
 721  -0.305691E-03   0.314901E-04   0.215251E-02   0.402150E-02   0.200000E-03
 722  -0.182804E-03  -0.207715E-03   0.202726E-02   0.509564E-02   0.300000E-03
 723  -0.390977E-04   0.172891E-03   0.425287E-02   0.458403E-02   0.250000E-03
 724   0.967006E-04   0.246765E-04   0.602408E-02   0.486068E-02   0.400000E-03
 725  -0.551710E-04   0.105386E-03   0.691955E-02   0.512192E-02   0.150000E-03
 726   0.370189E-04   0.136453E-04   0.651372E-02   0.548922E-02   0.400000E-03
 727  -0.229238E-03   0.166618E-03   0.822914E-02   0.613573E-02   0.300000E-03
 728  -0.316590E-03  -0.333784E-04   0.937182E-02   0.638868E-02   0.250000E-03
 729   0.922864E-05   0.190090E-03   0.971275E-02   0.681911E-02   0.300000E-03
 730  -0.127184E-03   0.161916E-03   0.123562E-01   0.560022E-02   0.250000E-03
 731  -0.314039E-03  -0.164500E-03   0.122287E-01   0.619402E-02   0.350000E-03
 732  -0.320341E-03  -0.203412E-03   0.131208E-01   0.660020E-02   0.250000E-03
 733  -0.535959E-03   0.967815E-04   0.149479E-01   0.680744E-02   0.250000E-03
 734  -0.724499E-03   0.896274E-04   0.161532E-01   0.688490E-02   0.200000E-03
 735  -0.995197E-03  -0.611724E-03   0.176489E-01   0.714270E-02   0.350000E-03
 736  -0.554803E-03   0.136928E-03   0.191387E-01   0.721836E-02   0.400000E-03
 737   0.657232E-03  -0.966000E-05   0.198343E-01   0.716050E-02   0.300000E-03
 738  -0.406868E-03  -0.459957E-03   0.215187E-01   0.699859E-02   0.400000E-03
 739  -0.877190E-03  -0.295837E-03   0.224665E-01   0.639532E-02   0.350000E-03
 740  -0.219564E-03  -0.809867E-04   0.237736E-01   0.615701E-02   0.350000E-03
 741  -0.442581E-03  -0.474075E-03   0.248335E-01   0.561374E-02   0.250000E-03
 742  -0.993437E-03  -0.416474E-03   0.263883E-01   0.532722E-02   0.250000E-03
 743  -0.113155E-02  -0.416545E-03   0.276285E-01   0.513936E-02   0.250000E-03
 744  -0.338164E-03  -0.320911E-03   0.289040E-01   0.517763E-02   0.200000E-03
 745  -0.965043E-03  -0.902919E-03   0.316119E-01   0.571507E-02   0.250000E-03
 746  -0.130402E-02  -0.775809E-03   0.328038E-01   0.559089E-02   0.350000E-03
 747  -0.145496E-02  -0.462810E-03   0.332778E-01   0.514830E-02   0.300000E-03
 748  -0.166688E-02  -0.446271E-03   0.356791E-01   0.485656E-02   0.350000E-03
 749  -0.127756E-02  -0.542893E-03   0.363151E-01   0.545584E-02   0.300000E-03
 750  -0.106255E-02  -0.675385E-03   0.385017E-01   0.587721E-02   0.250000E-03
 751  -0.102604E-02  -0.583583E-03   0.391548E-01   0.593294E-02   0.300000E-03
 752  -0.328241E-03  -0.861395E-03   0.401778E-01   0.422647E-02   0.300000E-03
 753  -0.542793E-03  -0.937513E-03   0.407016E-01   0.298374E-02   0.150000E-03
 754  -0.665595E-03  -0.133209E-03   0.418872E-01   0.418551E-02   0.150000E-03
 755  -0.116554E-04  -0.921261E-03   0.425418E-01   0.414906E-02   0.150000E-03
 756   0.403501E-03  -0.186423E-03   0.431050E-01   0.669918E-02   0.300000E-03
 757  -0.175075E-03  -0.194106E-03   0.183952E-02   0.447342E-02   0.350000E-03
 758   0.529389E-04  -0.241660E-03   0.402160E-02   0.565366E-02   0.350000E-03
 759   0.195074E-03  -0.143889E-03   0.390855E-02   0.501207E-02   0.300000E-03
 760  -0.359351E-04  -0.298978E-04   0.472587E-02   0.556432E-02   0.300000E-03
 761   0.338592E-03  -0.157963E-03   0.539118E-02   0.534778E-02   0.400000E-03
 762   0.248308E-03  -0.160235E-03   0.589056E-02   0.590349E-02   0.350000E-03
 763   0.898279E-04   0.745281E-04   0.688085E-02   0.619677E-02   0.400000E-03
 764  -0.236928E-03   0.261260E-03   0.815452E-02   0.673084E-02   0.300000E-03
 765  -0.115434E-03   0.750792E-04   0.115538E-01   0.637817E-02   0.350000E-03
 766  -0.266230E-03  -0.879823E-04   0.117626E-01   0.574204E-02   0.300000E-03
 767  -0.185770E-03  -0.159359E-03   0.126820E-01   0.650362E-02   0.200000E-03
 768  -0.297049E-03   0.172634E-03   0.137250E-01   0.683053E-02   0.250000E-03
 769  -0.506027E-03   0.228891E-03   0.152461E-01   0.732723E-02   0.350000E-03
 770  -0.756881E-03   0.240073E-03   0.158302E-01   0.719689E-02   0.250000E-03
 771  -0.822907E-03  -0.410344E-03   0.165535E-01   0.677008E-02   0.100000E-03
 772  -0.343393E-03   0.155752E-03   0.184982E-01   0.731048E-02   0.250000E-03
 773   0.169582E-03  -0.723872E-03   0.202249E-01   0.774030E-02   0.400000E-03
 774  -0.862534E-03  -0.176514E-03   0.209009E-01   0.741839E-02   0.350000E-03
 775  -0.498049E-03   0.485900E-04   0.233105E-01   0.653634E-02   0.250000E-03
 776  -0.414268E-04   0.326224E-04   0.249235E-01   0.605410E-02   0.200000E-03
 777  -0.131941E-02   0.128984E-03   0.255795E-01   0.483158E-02   0.200000E-03
 778  -0.820095E-03  -0.515825E-03   0.259724E-01   0.548683E-02   0.200000E-03
 779  -0.955342E-03  -0.272946E-03   0.279114E-01   0.561007E-02   0.300000E-03
 780  -0.746200E-03  -0.396016E-03   0.294175E-01   0.580515E-02   0.350000E-03
 781  -0.574375E-03  -0.333049E-03   0.307223E-01   0.604332E-02   0.200000E-03
 782  -0.114361E-02  -0.535000E-03   0.321603E-01   0.575602E-02   0.300000E-03
 783  -0.143672E-02  -0.369773E-03   0.339129E-01   0.528121E-02   0.350000E-03
 784  -0.138402E-02  -0.541344E-03   0.344598E-01   0.522637E-02   0.200000E-03
 785  -0.170424E-02  -0.430783E-03   0.356773E-01   0.555623E-02   0.350000E-03
 786  -0.128440E-02  -0.815407E-03   0.375832E-01   0.619149E-02   0.250000E-03
 787  -0.772503E-03  -0.550445E-03   0.397187E-01   0.613241E-02   0.300000E-03
 788  -0.118358E-02  -0.973554E-03   0.396345E-01   0.548815E-02   0.350000E-03
 789  -0.568792E-03  -0.578993E-03   0.405536E-01   0.376270E-02   0.300000E-03
 790  -0.896943E-03  -0.726893E-04   0.414512E-01   0.428061E-02   0.300000E-03
 791  -0.304901E-03   0.103365E-03   0.430981E-01   0.434999E-02   0.350000E-03
 792  -0.378838E-03  -0.400301E-03   0.438707E-01   0.517893E-02   0.150000E-03
 793  -0.435561E-03  -0.282250E-03   0.284289E-02   0.547363E-02   0.150000E-03
 794  -0.223246E-03  -0.409750E-03   0.245065E-02   0.545284E-02   0.150000E-03
 795   0.175544E-04  -0.201534E-03   0.436019E-02   0.522436E-02   0.200000E-03
 796  -0.216448E-03  -0.267072E-03   0.266537E-02   0.646342E-02   0.300000E-03
 797   0.522221E-03   0.444075E-03   0.449663E-02   0.623264E-02   0.400000E-03
 798   0.486179E-04   0.590038E-03   0.515842E-02   0.600678E-02   0.300000E-03
 799  -0.134827E-03   0.105415E-03   0.750690E-02   0.667702E-02   0.350000E-03
 800  -0.299489E-03   0.340513E-03   0.883085E-02   0.707019E-02   0.250000E-03
 801  -0.330961E-03  -0.990796E-04   0.108151E-01   0.674255E-02   0.250000E-03
 802  -0.719289E-04   0.906426E-05   0.112830E-01   0.691268E-02   0.250000E-03
 803  -0.382725E-03  -0.289139E-04   0.120165E-01   0.675421E-02   0.250000E-03
 804  -0.917052E-04  -0.423161E-04   0.132660E-01   0.713059E-02   0.300000E-03
 805  -0.347289E-03  -0.103689E-03   0.140757E-01   0.725409E-02   0.300000E-03
 806  -0.601571E-03  -0.316536E-03   0.157066E-01   0.762816E-02   0.200000E-03
 807  -0.870503E-03  -0.457577E-03   0.180704E-01   0.756878E-02   0.250000E-03
 808  -0.592298E-03  -0.433545E-03   0.191588E-01   0.806724E-02   0.450000E-03
 809  -0.752425E-03  -0.224538E-03   0.214857E-01   0.769813E-02   0.300000E-03
 810  -0.735846E-03  -0.435300E-03   0.222172E-01   0.699010E-02   0.300000E-03
 811  -0.273678E-03  -0.512935E-03   0.238137E-01   0.680341E-02   0.300000E-03
 812  -0.392771E-04  -0.862196E-04   0.244381E-01   0.617828E-02   0.300000E-03
 813  -0.759212E-03  -0.462364E-03   0.254284E-01   0.553873E-02   0.350000E-03
 814  -0.995314E-03  -0.611034E-03   0.273886E-01   0.551731E-02   0.200000E-03
 815  -0.529540E-03  -0.419223E-03   0.286720E-01   0.588290E-02   0.400000E-03
 816  -0.954201E-03  -0.259501E-03   0.311959E-01   0.610352E-02   0.200000E-03
 817  -0.823662E-03  -0.356653E-03   0.302353E-01   0.629495E-02   0.300000E-03
 818  -0.123801E-02  -0.713024E-03   0.325696E-01   0.619383E-02   0.300000E-03
 819  -0.144538E-02  -0.354431E-03   0.334396E-01   0.572557E-02   0.300000E-03
 820  -0.147277E-02  -0.665819E-03   0.347256E-01   0.564794E-02   0.300000E-03
 821  -0.123841E-02  -0.828586E-03   0.362402E-01   0.604864E-02   0.300000E-03
 822  -0.103246E-02  -0.828974E-03   0.378327E-01   0.692961E-02   0.300000E-03
 823  -0.100223E-02  -0.639977E-03   0.387534E-01   0.630860E-02   0.250000E-03
 824  -0.813229E-03  -0.410393E-03   0.408149E-01   0.555325E-02   0.350000E-03
 825  -0.103680E-02  -0.662846E-03   0.402557E-01   0.498309E-02   0.450000E-03
 826  -0.100423E-02  -0.864312E-03   0.408038E-01   0.440065E-02   0.350000E-03
 827  -0.738872E-03  -0.253959E-03   0.422272E-01   0.439521E-02   0.250000E-03
 828  -0.613987E-03  -0.285885E-03   0.402831E-01   0.692115E-02   0.350000E-03
 829  -0.310930E-03  -0.509939E-03   0.262692E-02   0.586604E-02   0.300000E-03
 830  -0.101277E-03   0.504430E-04   0.299886E-03   0.520492E-02   0.300000E-03
 831  -0.123616E-03  -0.518100E-03   0.313508E-03   0.570328E-02   0.200000E-03
 832  -0.542783E-04  -0.387985E-03   0.310550E-02   0.613429E-02   0.250000E-03
 833   0.458201E-04   0.473967E-04   0.327896E-02   0.665454E-02   0.300000E-03
 834   0.605194E-04   0.154246E-03   0.508962E-02   0.660222E-02   0.300000E-03
 835  -0.227138E-03   0.310397E-03   0.573375E-02   0.678777E-02   0.300000E-03
 836  -0.163341E-03  -0.874434E-04   0.755297E-02   0.737341E-02   0.350000E-03
 837  -0.325396E-03   0.332108E-04   0.108189E-01   0.629387E-02   0.200000E-03
 838  -0.243114E-03  -0.123230E-03   0.117480E-01   0.729041E-02   0.350000E-03
 839  -0.115025E-03   0.523520E-04   0.125692E-01   0.709216E-02   0.400000E-03
 840   0.731519E-04  -0.303562E-04   0.141506E-01   0.786765E-02   0.300000E-03
 841  -0.295848E-03   0.607091E-04   0.147322E-01   0.772345E-02   0.300000E-03
 842  -0.470838E-03  -0.844713E-03   0.170571E-01   0.740935E-02   0.300000E-03
 843  -0.346192E-03  -0.355549E-03   0.185091E-01   0.780794E-02   0.250000E-03
 844  -0.819878E-03  -0.526096E-03   0.198589E-01   0.833594E-02   0.300000E-03
 845  -0.809950E-03  -0.475135E-03   0.208865E-01   0.811657E-02   0.350000E-03
 846  -0.734264E-03  -0.330149E-03   0.219937E-01   0.749125E-02   0.250000E-03
 847  -0.476625E-03  -0.397150E-03   0.232854E-01   0.708483E-02   0.300000E-03
 848  -0.352933E-03  -0.733862E-03   0.245087E-01   0.687823E-02   0.400000E-03
 849  -0.772175E-03  -0.771477E-03   0.254430E-01   0.623483E-02   0.350000E-03
 850  -0.903623E-03  -0.316540E-03   0.267427E-01   0.562244E-02   0.200000E-03
 851  -0.818866E-03  -0.660332E-03   0.266262E-01   0.610606E-02   0.300000E-03
 852  -0.574566E-03  -0.385427E-03   0.299167E-01   0.582037E-02   0.150000E-03
 853  -0.102489E-02  -0.378934E-03   0.317023E-01   0.631234E-02   0.350000E-03
 854  -0.123786E-02  -0.550852E-03   0.327862E-01   0.680551E-02   0.350000E-03
 855  -0.112209E-02  -0.980446E-03   0.331659E-01   0.625923E-02   0.300000E-03
 856  -0.146257E-02  -0.677556E-03   0.341216E-01   0.599887E-02   0.400000E-03
 857  -0.153625E-02  -0.711674E-03   0.352132E-01   0.607640E-02   0.350000E-03
 858  -0.125129E-02  -0.881890E-03   0.365637E-01   0.655313E-02   0.300000E-03
 859  -0.937791E-03  -0.395247E-03   0.392822E-01   0.646666E-02   0.250000E-03
 860  -0.434701E-03  -0.571860E-03   0.402104E-01   0.578683E-02   0.300000E-03
 861  -0.667322E-03  -0.376995E-03   0.415124E-01   0.556873E-02   0.350000E-03
 862  -0.810263E-03  -0.205711E-03   0.409756E-01   0.497530E-02   0.250000E-03
 863  -0.292679E-03  -0.266963E-04   0.432730E-01   0.513030E-02   0.450000E-03
 864   0.794734E-04  -0.126111E-03   0.445509E-01   0.604547E-02   0.450000E-03
 865  -0.126291E-03  -0.220369E-03   0.137974E-02   0.505005E-02   0.350000E-03
 866  -0.238616E-03  -0.537671E-03   0.171147E-02   0.548346E-02   0.200000E-03
 867  -0.809369E-04  -0.228872E-03   0.204788E-02   0.626352E-02   0.350000E-03
 868  -0.292334E-04  -0.164138E-03   0.366859E-02   0.619883E-02   0.300000E-03
 869   0.418761E-04  -0.116278E-03   0.334590E-02   0.719782E-02   0.250000E-03
 870   0.305329E-03  -0.478817E-04   0.623244E-02   0.645505E-02   0.300000E-03
 871   0.838041E-04   0.293611E-04   0.689558E-02   0.689558E-02   0.300000E-03
 872  -0.340558E-03   0.108419E-03   0.921322E-02   0.680904E-02   0.200000E-03
 873  -0.432071E-03   0.524241E-04   0.102832E-01   0.700432E-02   0.300000E-03
 874  -0.326810E-03   0.622208E-04   0.117014E-01   0.796636E-02   0.300000E-03
 875  -0.103834E-03   0.136406E-04   0.122435E-01   0.770956E-02   0.300000E-03
 876  -0.217529E-03  -0.190684E-03   0.136042E-01   0.762338E-02   0.300000E-03
 877  -0.276068E-03  -0.195102E-03   0.146548E-01   0.831726E-02   0.300000E-03
 878  -0.751951E-03  -0.124663E-03   0.164092E-01   0.736854E-02   0.350000E-03
 879  -0.109463E-02  -0.317744E-03   0.175083E-01   0.772399E-02   0.250000E-03
 880  -0.113352E-02  -0.473880E-03   0.176669E-01   0.824961E-02   0.300000E-03
 881  -0.690087E-03  -0.588520E-03   0.219814E-01   0.804069E-02   0.300000E-03
 882  -0.535688E-03  -0.402258E-03   0.227411E-01   0.715353E-02   0.250000E-03
 883  -0.877556E-04  -0.199949E-04   0.229179E-01   0.660757E-02   0.150000E-03
 884  -0.398393E-03  -0.719586E-03   0.239972E-01   0.742581E-02   0.350000E-03
 885  -0.828776E-03   0.442155E-03   0.261192E-01   0.737280E-02   0.400000E-03
 886  -0.835774E-03  -0.715058E-03   0.260401E-01   0.598059E-02   0.300000E-03
 887  -0.610515E-03  -0.208924E-04   0.285562E-01   0.662221E-02   0.350000E-03
 888  -0.739441E-03  -0.326953E-03   0.295471E-01   0.659270E-02   0.450000E-03
 889  -0.785268E-03  -0.584458E-03   0.308843E-01   0.667290E-02   0.450000E-03
 890  -0.139865E-02  -0.561397E-03   0.322192E-01   0.661400E-02   0.250000E-03
 891  -0.116879E-02  -0.121350E-02   0.337313E-01   0.663693E-02   0.350000E-03
 892  -0.154159E-02  -0.725990E-03   0.346637E-01   0.658526E-02   0.400000E-03
 893  -0.142211E-02  -0.682443E-03   0.357665E-01   0.641555E-02   0.300000E-03
 894  -0.990078E-03  -0.688175E-03   0.385894E-01   0.678059E-02   0.250000E-03
 895  -0.829541E-03  -0.623024E-03   0.390998E-01   0.698493E-02   0.300000E-03
 896  -0.670468E-03  -0.645220E-03   0.419104E-01   0.694907E-02   0.300000E-03
 897  -0.563790E-03  -0.290282E-03   0.424646E-01   0.660576E-02   0.350000E-03
 898  -0.224198E-03   0.565500E-04   0.426181E-01   0.461649E-02   0.200000E-03
 899  -0.480463E-03  -0.364860E-04   0.424780E-01   0.518789E-02   0.350000E-03
 900   0.155516E-03  -0.872221E-04   0.438295E-01   0.570127E-02   0.350000E-03
 901  -0.324838E-04  -0.598353E-03   0.129177E-02   0.564057E-02   0.250000E-03
 902  -0.401433E-04   0.135721E-04   0.307097E-02   0.761489E-02   0.250000E-03
 903  -0.932189E-04  -0.446981E-03   0.211667E-02   0.566859E-02   0.250000E-03
 904  -0.205995E-03  -0.163940E-03   0.275338E-02   0.710610E-02   0.350000E-03
 905   0.651441E-03   0.251569E-03   0.398370E-02   0.690944E-02   0.450000E-03
 906   0.539112E-04   0.119076E-03   0.584689E-02   0.733171E-02   0.250000E-03
 907  -0.185320E-03   0.399422E-03   0.554110E-02   0.632702E-02   0.200000E-03
 908  -0.332443E-03   0.130377E-03   0.883500E-02   0.761911E-02   0.300000E-03
 909  -0.372432E-03   0.757410E-04   0.933820E-02   0.729245E-02   0.300000E-03
 910  -0.392190E-03   0.126002E-04   0.101225E-01   0.804701E-02   0.300000E-03
 911  -0.406761E-03  -0.757732E-05   0.112613E-01   0.763854E-02   0.250000E-03
 912  -0.465708E-03  -0.306116E-03   0.151311E-01   0.859057E-02   0.250000E-03
 913  -0.535182E-03  -0.825828E-04   0.153238E-01   0.802245E-02   0.350000E-03
 914  -0.663259E-03  -0.388364E-03   0.161328E-01   0.811786E-02   0.450000E-03
 915  -0.102521E-02  -0.448414E-03   0.169823E-01   0.810525E-02   0.400000E-03
 916  -0.782696E-03  -0.523351E-03   0.204144E-01   0.856119E-02   0.300000E-03
 917  -0.466181E-03  -0.135089E-02   0.199935E-01   0.898752E-02   0.300000E-03
 918  -0.505186E-03  -0.455744E-03   0.225475E-01   0.772044E-02   0.350000E-03
 919  -0.463901E-03  -0.886886E-03   0.232482E-01   0.773348E-02   0.350000E-03
 920  -0.475845E-04   0.733132E-04   0.248340E-01   0.639178E-02   0.150000E-03
 921  -0.442445E-03  -0.448765E-03   0.234236E-01   0.845955E-02   0.350000E-03
 922  -0.890443E-03  -0.180008E-03   0.260227E-01   0.662938E-02   0.350000E-03
 923  -0.957847E-03  -0.359879E-03   0.279588E-01   0.625754E-02   0.350000E-03
 924  -0.775463E-03  -0.248624E-03   0.289862E-01   0.729625E-02   0.450000E-03
 925  -0.747046E-03  -0.433105E-03   0.310871E-01   0.744646E-02   0.350000E-03
 926  -0.103592E-02  -0.679092E-03   0.315811E-01   0.694988E-02   0.300000E-03
 927  -0.984335E-03  -0.402714E-03   0.336430E-01   0.719659E-02   0.200000E-03
 928  -0.146222E-02  -0.681886E-03   0.341719E-01   0.649566E-02   0.100000E-03
 929  -0.133664E-02  -0.103406E-02   0.372302E-01   0.668572E-02   0.350000E-03
 930   0.514942E-03  -0.567371E-03   0.412122E-01   0.663140E-02   0.300000E-03
 931  -0.668331E-03  -0.415599E-03   0.411830E-01   0.606600E-02   0.250000E-03
 932  -0.760609E-03  -0.315347E-03   0.397333E-01   0.668138E-02   0.250000E-03
 933  -0.681415E-03  -0.385895E-03   0.418035E-01   0.625761E-02   0.400000E-03
 934  -0.659186E-03  -0.386147E-03   0.412430E-01   0.467839E-02   0.150000E-03
 935  -0.815157E-03  -0.160045E-03   0.417967E-01   0.488139E-02   0.400000E-03
 936   0.146654E-03  -0.154999E-03   0.433630E-01   0.615362E-02   0.300000E-03
 937   0.146282E-03  -0.562076E-03   0.104121E-02   0.715021E-02   0.350000E-03
 938  -0.114136E-03  -0.590733E-03   0.298584E-03   0.620226E-02   0.300000E-03
 939   0.929052E-04  -0.802234E-04   0.369329E-02   0.768443E-02   0.350000E-03
 940  -0.235800E-03  -0.512216E-03   0.788736E-03   0.585796E-02   0.300000E-03
 941   0.121984E-03  -0.561245E-03   0.167519E-02   0.685504E-02   0.350000E-03
 942   0.303523E-03  -0.105085E-03   0.454267E-02   0.768789E-02   0.500000E-03
 943   0.514821E-05   0.881622E-04   0.525736E-02   0.722935E-02   0.350000E-03
 944   0.301123E-03  -0.350843E-04   0.631601E-02   0.704770E-02   0.300000E-03
 945  -0.354423E-03   0.257024E-04   0.108373E-01   0.729100E-02   0.300000E-03
 946  -0.532945E-03   0.208265E-04   0.986073E-02   0.746122E-02   0.250000E-03
 947  -0.408601E-03  -0.976759E-04   0.129436E-01   0.797646E-02   0.450000E-03
 948  -0.464340E-03  -0.122324E-04   0.125625E-01   0.856301E-02   0.250000E-03
 949  -0.683938E-03  -0.359042E-03   0.156680E-01   0.870562E-02   0.300000E-03
 950  -0.297892E-03  -0.184233E-03   0.139954E-01   0.855034E-02   0.400000E-03
 951   0.181900E-03   0.578730E-03   0.166085E-01   0.869703E-02   0.300000E-03
 952  -0.369957E-03  -0.530591E-03   0.182152E-01   0.821128E-02   0.250000E-03
 953  -0.889524E-03  -0.726052E-03   0.211043E-01   0.867517E-02   0.250000E-03
 954  -0.507222E-03  -0.432881E-03   0.225812E-01   0.856934E-02   0.500000E-03
 955  -0.548304E-03  -0.310801E-03   0.237964E-01   0.799036E-02   0.250000E-03
 956  -0.283702E-03  -0.711500E-03   0.255654E-01   0.701662E-02   0.250000E-03
 957  -0.837092E-03  -0.203708E-03   0.272028E-01   0.724745E-02   0.350000E-03
 958  -0.768992E-03  -0.137752E-03   0.267123E-01   0.674834E-02   0.350000E-03
 959  -0.103960E-02  -0.400715E-03   0.272739E-01   0.605273E-02   0.350000E-03
 960  -0.827245E-03  -0.574400E-03   0.302060E-01   0.684295E-02   0.250000E-03
 961  -0.131440E-02  -0.147500E-02   0.321387E-01   0.795833E-02   0.400000E-03
 962  -0.150955E-02  -0.552995E-03   0.316854E-01   0.748924E-02   0.250000E-03
 963  -0.184211E-02  -0.727971E-03   0.333064E-01   0.698137E-02   0.200000E-03
 964  -0.138962E-02  -0.681860E-03   0.353230E-01   0.681839E-02   0.300000E-03
 965  -0.144988E-02  -0.727188E-03   0.361017E-01   0.685100E-02   0.250000E-03
 966  -0.130062E-02  -0.113248E-02   0.367177E-01   0.723485E-02   0.400000E-03
 967  -0.496517E-03  -0.474399E-03   0.406419E-01   0.632077E-02   0.350000E-03
 968  -0.445329E-03  -0.457105E-03   0.401534E-01   0.623266E-02   0.150000E-03
 969   0.111247E-02   0.387647E-03   0.447505E-01   0.710912E-02   0.250000E-03
 970   0.133323E-03  -0.226887E-03   0.442474E-01   0.678395E-02   0.350000E-03
 971  -0.516752E-03  -0.414331E-03   0.427112E-01   0.589875E-02   0.400000E-03
 972   0.267836E-03  -0.206979E-03   0.436515E-01   0.673011E-02   0.250000E-03
 973  -0.292124E-03  -0.142448E-03   0.840229E-03   0.531094E-02   0.250000E-03
 974   0.105578E-03  -0.834294E-04   0.399680E-02   0.820183E-02   0.250000E-03
 975   0.297718E-04  -0.239040E-03   0.134879E-02   0.623598E-02   0.350000E-03
 976   0.232107E-03  -0.347927E-03   0.782688E-03   0.655427E-02   0.300000E-03
 977  -0.353804E-04  -0.321809E-03   0.727892E-02   0.790633E-02   0.250000E-03
 978   0.746541E-04  -0.107992E-03   0.691467E-02   0.749463E-02   0.300000E-03
 979   0.283034E-03  -0.143857E-03   0.637405E-02   0.759357E-02   0.250000E-03
 980   0.268540E-04   0.341553E-04   0.816212E-02   0.780898E-02   0.400000E-03
 981  -0.432065E-03   0.538681E-04   0.103524E-01   0.754806E-02   0.250000E-03
 982  -0.403480E-03   0.514219E-04   0.937809E-02   0.813535E-02   0.450000E-03
 983  -0.136090E-03   0.247841E-03   0.121698E-01   0.825406E-02   0.250000E-03
 984  -0.449837E-03   0.255964E-04   0.107687E-01   0.797904E-02   0.350000E-03
 985  -0.223561E-03  -0.105634E-03   0.135768E-01   0.812145E-02   0.200000E-03
 986  -0.845855E-03  -0.541441E-03   0.190048E-01   0.917655E-02   0.300000E-03
 987  -0.397529E-03  -0.566018E-03   0.186161E-01   0.865582E-02   0.350000E-03
 988  -0.671440E-03  -0.676567E-03   0.194376E-01   0.876156E-02   0.300000E-03
 989  -0.829811E-03  -0.110109E-02   0.195420E-01   0.930086E-02   0.250000E-03
 990  -0.730200E-03  -0.504040E-03   0.214719E-01   0.824731E-02   0.250000E-03
 991  -0.885527E-03  -0.974020E-03   0.246178E-01   0.774806E-02   0.350000E-03
 992  -0.738458E-03  -0.112341E-02   0.250831E-01   0.729534E-02   0.300000E-03
 993  -0.827764E-03  -0.651212E-03   0.251436E-01   0.674943E-02   0.250000E-03
 994  -0.102246E-02  -0.348932E-03   0.273466E-01   0.664694E-02   0.250000E-03
 995  -0.976140E-03  -0.151572E-03   0.279125E-01   0.700555E-02   0.400000E-03
 996  -0.622697E-03  -0.370848E-03   0.304466E-01   0.733610E-02   0.300000E-03
 997  -0.753642E-03  -0.380354E-03   0.298701E-01   0.721309E-02   0.250000E-03
 998  -0.139591E-02  -0.607588E-03   0.322174E-01   0.721296E-02   0.350000E-03
 999  -0.189470E-02  -0.685617E-03   0.330450E-01   0.734664E-02   0.250000E-03
1000  -0.185625E-02  -0.359875E-03   0.341919E-01   0.716659E-02   0.350000E-03
