   1  -0.145417E-03   0.412287E-03   0.112793E-01   0.845893E-02   0.350000E-03
   2   0.362502E-03  -0.297544E-03   0.148995E-03   0.149782E-03   0.150000E-03
   3   0.289737E-02  -0.321107E-02   0.459415E-02   0.447870E-03   0.450000E-03
   4   0.769260E-03   0.269776E-02   0.575404E-02   0.537921E-03   0.200000E-03
   5  -0.232065E-02   0.269348E-04   0.573367E-02   0.999891E-04   0.100000E-03
   6  -0.416323E-03   0.913546E-03   0.751564E-02   0.248801E-03   0.250000E-03
   7   0.116039E-02   0.237498E-02   0.814676E-02   0.398569E-03   0.400000E-03
   8   0.510541E-03  -0.745819E-05   0.889339E-02   0.349201E-03   0.350000E-03
   9   0.750338E-03   0.303276E-03   0.934837E-02   0.547098E-03   0.150000E-03
  10  -0.169400E-02   0.773711E-03   0.118190E-01   0.292505E-03   0.300000E-03
  11  -0.952426E-03   0.511554E-03   0.130623E-01   0.348691E-03   0.350000E-03
  12   0.571740E-03   0.587458E-03   0.147966E-01   0.195409E-03   0.200000E-03
  13   0.111377E-02   0.865721E-03   0.169504E-01   0.345382E-03   0.350000E-03
  14   0.820798E-03   0.161552E-02   0.176491E-01   0.348295E-03   0.350000E-03
  15  -0.794514E-03   0.606505E-03   0.188637E-01   0.411042E-03   0.400000E-03
  16   0.127652E-02   0.140807E-02   0.196075E-01   0.345915E-03   0.350000E-03
  17  -0.175404E-02   0.548776E-03   0.205206E-01   0.339482E-03   0.350000E-03
  18   0.123179E-02   0.469481E-03   0.219806E-01   0.349083E-03   0.350000E-03
  19   0.127612E-02   0.497523E-03   0.225709E-01   0.245324E-03   0.250000E-03
  20   0.288747E-03   0.269980E-03   0.230704E-01   0.246848E-03   0.250000E-03
  21   0.875938E-03   0.344117E-03   0.244847E-01   0.249750E-03   0.250000E-03
  22  -0.116424E-03   0.666479E-03   0.257273E-01   0.199928E-03   0.200000E-03
  23   0.777916E-03   0.589059E-03   0.267599E-01   0.992876E-04   0.100000E-03
  24  -0.159470E-04   0.596459E-03   0.282230E-01   0.397021E-03   0.400000E-03
  25   0.192012E-02  -0.117313E-02   0.297888E-01   0.411251E-03   0.400000E-03
  26   0.315254E-03  -0.104534E-02   0.305291E-01   0.332798E-03   0.350000E-03
  27   0.505973E-03  -0.267026E-02   0.318671E-01   0.297561E-03   0.300000E-03
  28  -0.142742E-03  -0.321701E-02   0.333228E-01   0.346060E-03   0.300000E-03
  29   0.165544E-02  -0.120252E-02   0.355490E-01   0.444902E-03   0.450000E-03
  30   0.735154E-03   0.365828E-03   0.374086E-01   0.346242E-03   0.350000E-03
  31   0.165280E-02   0.721950E-03   0.379990E-01   0.248977E-03   0.250000E-03
  32   0.325142E-04   0.135616E-02   0.401240E-01   0.197384E-03   0.200000E-03
  33   0.151055E-02   0.239282E-02   0.410139E-01   0.194733E-03   0.200000E-03
  34   0.705257E-02   0.254264E-02   0.446047E-01   0.880034E-03   0.400000E-03
  35   0.222102E-02  -0.930826E-02   0.446520E-01   0.192524E-02   0.350000E-03
  36  -0.341527E-04   0.248933E-03   0.865027E-02   0.831089E-02   0.300000E-03
  37  -0.931796E-03   0.842474E-03   0.247387E-03   0.176862E-02   0.250000E-03
  38  -0.206981E-02   0.147269E-02   0.782463E-03   0.717156E-03   0.300000E-03
  39  -0.303385E-03   0.113195E-02   0.269803E-02   0.398809E-03   0.400000E-03
  40   0.123160E-02   0.839681E-03   0.619026E-02   0.299202E-03   0.300000E-03
  41   0.162979E-02   0.123111E-02   0.688289E-02   0.391255E-03   0.400000E-03
  42  -0.660343E-03   0.133863E-02   0.730974E-02   0.100018E-02   0.350000E-03
  43   0.178697E-02  -0.400809E-03   0.861456E-02   0.936276E-03   0.300000E-03
  44   0.371299E-03   0.318095E-03   0.939340E-02   0.942713E-03   0.250000E-03
  45  -0.139870E-03   0.500288E-03   0.999311E-02   0.496141E-03   0.500000E-03
  46  -0.335612E-03   0.106410E-02   0.107831E-01   0.300012E-03   0.300000E-03
  47   0.126434E-02  -0.129687E-02   0.153127E-01   0.149896E-03   0.150000E-03
  48  -0.137000E-02   0.146992E-02   0.158530E-01   0.446965E-03   0.450000E-03
  49   0.180478E-03   0.229248E-02   0.165172E-01   0.886339E-03   0.350000E-03
  50   0.163754E-04   0.110707E-02   0.182387E-01   0.245842E-03   0.250000E-03
  51  -0.353012E-03   0.872771E-03   0.193330E-01   0.871504E-03   0.250000E-03
  52   0.411076E-04   0.989217E-03   0.200627E-01   0.147188E-03   0.150000E-03
  53  -0.469308E-03  -0.188436E-02   0.205227E-01   0.101421E-02   0.200000E-03
  54   0.670542E-03  -0.622369E-03   0.211689E-01   0.298036E-03   0.300000E-03
  55   0.301744E-03  -0.317201E-03   0.233996E-01   0.999074E-04   0.100000E-03
  56  -0.174018E-03   0.489193E-03   0.238517E-01   0.396585E-03   0.400000E-03
  57  -0.859929E-03   0.307721E-03   0.245237E-01   0.920686E-03   0.400000E-03
  58  -0.242034E-03   0.276964E-03   0.251180E-01   0.395136E-03   0.400000E-03
  59   0.573396E-03   0.479586E-03   0.270399E-01   0.205447E-03   0.200000E-03
  60  -0.306075E-03   0.425893E-03   0.275311E-01   0.295970E-03   0.300000E-03
  61   0.825306E-03  -0.208315E-02   0.291036E-01   0.294220E-03   0.300000E-03
  62   0.199163E-02  -0.979365E-03   0.312240E-01   0.348065E-03   0.350000E-03
  63   0.196045E-03  -0.134945E-02   0.328544E-01   0.196795E-03   0.200000E-03
  64   0.546471E-03  -0.106123E-02   0.347580E-01   0.346242E-03   0.350000E-03
  65   0.102779E-02  -0.163366E-02   0.363250E-01   0.612023E-03   0.350000E-03
  66   0.139904E-03   0.216103E-03   0.364425E-01   0.137953E-03   0.150000E-03
  67  -0.418297E-03   0.760819E-03   0.391428E-01   0.299427E-03   0.300000E-03
  68   0.150524E-02   0.229512E-02   0.423037E-01   0.199748E-03   0.200000E-03
  69  -0.927852E-03   0.100065E-02   0.438609E-01   0.827466E-03   0.350000E-03
  70   0.200632E-03   0.197167E-02   0.424003E-01   0.720128E-02   0.250000E-03
  71   0.921511E-04   0.542202E-03   0.447020E-01   0.495710E-02   0.300000E-03
  72   0.594088E-02   0.743473E-02   0.447502E-01   0.248124E-03   0.250000E-03
  73  -0.247772E-03   0.316860E-03   0.256276E-02   0.793667E-02   0.350000E-03
  74  -0.410336E-04   0.538513E-03   0.120988E-02   0.298538E-03   0.300000E-03
  75   0.817145E-03  -0.916810E-03   0.392867E-02   0.248016E-03   0.250000E-03
  76   0.124062E-02   0.644066E-03   0.523192E-02   0.923047E-03   0.350000E-03
  77   0.364591E-03   0.108309E-02   0.648172E-02   0.822550E-03   0.200000E-03
  78   0.723305E-03   0.354444E-03   0.666279E-02   0.133986E-02   0.350000E-03
  79   0.140260E-02   0.526772E-03   0.799439E-02   0.113095E-02   0.350000E-03
  80   0.241637E-03   0.174908E-03   0.904323E-02   0.129469E-02   0.250000E-03
  81   0.807180E-03   0.135894E-02   0.106991E-01   0.957824E-03   0.350000E-03
  82  -0.750359E-03   0.180415E-02   0.133033E-01   0.948965E-03   0.300000E-03
  83  -0.876317E-03   0.980109E-03   0.137608E-01   0.346390E-03   0.350000E-03
  84   0.178856E-02   0.328151E-03   0.143507E-01   0.243551E-03   0.250000E-03
  85   0.176142E-04  -0.986198E-03   0.154433E-01   0.100901E-02   0.250000E-03
  86   0.980353E-03   0.151448E-02   0.172966E-01   0.106414E-02   0.450000E-03
  87  -0.427398E-03   0.155412E-02   0.188734E-01   0.106024E-02   0.250000E-03
  88  -0.323283E-03  -0.764175E-03   0.200700E-01   0.801879E-03   0.300000E-03
  89  -0.975775E-03   0.290451E-03   0.203179E-01   0.160607E-02   0.400000E-03
  90   0.117113E-02  -0.432982E-03   0.214996E-01   0.854268E-03   0.350000E-03
  91   0.116634E-02   0.725403E-03   0.225960E-01   0.740497E-03   0.250000E-03
  92  -0.176631E-03   0.608752E-03   0.231874E-01   0.832214E-03   0.350000E-03
  93  -0.634735E-03  -0.347154E-03   0.238112E-01   0.114206E-02   0.350000E-03
  94   0.309857E-03   0.783809E-03   0.252411E-01   0.113372E-02   0.350000E-03
  95  -0.269581E-03   0.590295E-03   0.273600E-01   0.918980E-03   0.350000E-03
  96   0.347530E-03   0.470134E-03   0.280610E-01   0.117839E-02   0.400000E-03
  97   0.734521E-03   0.341814E-03   0.294659E-01   0.973548E-03   0.250000E-03
  98   0.367885E-03  -0.131431E-02   0.303081E-01   0.108411E-02   0.450000E-03
  99   0.124793E-02  -0.174140E-02   0.324105E-01   0.247009E-03   0.250000E-03
 100   0.970440E-03  -0.205563E-02   0.327307E-01   0.626253E-03   0.250000E-03
 101   0.211167E-03  -0.145417E-03   0.349675E-01   0.106297E-02   0.400000E-03
 102   0.539273E-03   0.630446E-05   0.368170E-01   0.269617E-03   0.250000E-03
 103   0.464383E-03   0.731685E-03   0.376458E-01   0.894303E-03   0.250000E-03
 104   0.118711E-02   0.650160E-03   0.385454E-01   0.296960E-03   0.300000E-03
 105  -0.511173E-03   0.219326E-02   0.405689E-01   0.243232E-03   0.250000E-03
 106  -0.991965E-03   0.212445E-02   0.431920E-01   0.297254E-03   0.300000E-03
 107  -0.283609E-03   0.330299E-03   0.440786E-01   0.746198E-02   0.350000E-03
 108  -0.871763E-03   0.674752E-03   0.349364E-01   0.746132E-02   0.450000E-03
 109  -0.519331E-03   0.660405E-03   0.243110E-03   0.634632E-03   0.250000E-03
 110  -0.887463E-03   0.314867E-03   0.538318E-03   0.236796E-03   0.250000E-03
 111   0.516513E-03   0.953853E-03   0.190145E-02   0.397884E-03   0.400000E-03
 112   0.174308E-03   0.205786E-03   0.323383E-02   0.923406E-03   0.350000E-03
 113   0.460235E-03  -0.270903E-03   0.595488E-02   0.109932E-02   0.400000E-03
 114   0.234619E-03   0.548260E-03   0.717526E-02   0.153110E-02   0.200000E-03
 115   0.284575E-03   0.883546E-03   0.852077E-02   0.158156E-02   0.350000E-03
 116  -0.274858E-03   0.135470E-03   0.984885E-02   0.133243E-02   0.350000E-03
 117  -0.107886E-02   0.156420E-02   0.113607E-01   0.739009E-03   0.350000E-03
 118  -0.287191E-03   0.859230E-03   0.124165E-01   0.296266E-03   0.300000E-03
 119   0.185095E-02   0.114993E-02   0.142826E-01   0.782998E-03   0.300000E-03
 120   0.122583E-02   0.864034E-03   0.151142E-01   0.574754E-03   0.300000E-03
 121   0.389843E-04   0.210947E-02   0.167370E-01   0.138633E-02   0.200000E-03
 122   0.403675E-03   0.157447E-02   0.181858E-01   0.940323E-03   0.450000E-03
 123  -0.529721E-03   0.800174E-03   0.186150E-01   0.142338E-02   0.200000E-03
 124  -0.704215E-03   0.668983E-04   0.197031E-01   0.127520E-02   0.300000E-03
 125   0.572523E-03  -0.187866E-03   0.209075E-01   0.781116E-03   0.250000E-03
 126   0.436620E-03  -0.249871E-03   0.209552E-01   0.132425E-02   0.300000E-03
 127   0.100693E-02  -0.112188E-03   0.227320E-01   0.121959E-02   0.250000E-03
 128   0.135973E-02  -0.219693E-04   0.230796E-01   0.164261E-02   0.300000E-03
 129   0.352175E-03  -0.767430E-03   0.236261E-01   0.170140E-02   0.250000E-03
 130   0.924658E-03   0.705175E-03   0.257357E-01   0.712766E-03   0.300000E-03
 131   0.995209E-03   0.374824E-03   0.263569E-01   0.394810E-03   0.400000E-03
 132   0.329102E-03   0.592287E-03   0.275262E-01   0.144782E-02   0.200000E-03
 133   0.506336E-03   0.669781E-03   0.288181E-01   0.926990E-03   0.400000E-03
 134   0.207511E-02  -0.102103E-02   0.311985E-01   0.109539E-02   0.400000E-03
 135   0.118657E-02  -0.925770E-03   0.320441E-01   0.102396E-02   0.450000E-03
 136   0.275692E-03  -0.144727E-02   0.340135E-01   0.397542E-03   0.400000E-03
 137   0.963916E-03   0.543937E-03   0.372133E-01   0.749504E-03   0.100000E-03
 138   0.127186E-02  -0.254713E-03   0.373946E-01   0.132288E-02   0.250000E-03
 139   0.146640E-02   0.369773E-03   0.381794E-01   0.767722E-03   0.300000E-03
 140   0.180522E-02   0.857414E-03   0.396869E-01   0.277781E-03   0.250000E-03
 141   0.750507E-03   0.220972E-02   0.414590E-01   0.249207E-03   0.250000E-03
 142   0.119211E-02   0.196670E-02   0.419038E-01   0.196722E-03   0.200000E-03
 143   0.812258E-04   0.225233E-03   0.438979E-01   0.629528E-02   0.250000E-03
 144   0.155458E-03  -0.974685E-04   0.296194E-01   0.770414E-02   0.300000E-03
 145   0.301663E-03   0.190354E-03   0.294316E-03   0.331345E-02   0.300000E-03
 146  -0.128580E-02   0.239100E-03   0.669172E-03   0.135202E-02   0.350000E-03
 147   0.144448E-03  -0.334932E-03   0.408296E-02   0.849175E-03   0.200000E-03
 148   0.750921E-03   0.253325E-02   0.532575E-02   0.288585E-03   0.300000E-03
 149   0.540708E-03   0.128730E-02   0.612261E-02   0.192864E-02   0.450000E-03
 150   0.223274E-03   0.719917E-03   0.756927E-02   0.147901E-02   0.200000E-03
 151  -0.238718E-03  -0.204528E-03   0.937302E-02   0.159876E-02   0.200000E-03
 152   0.110638E-02   0.223681E-03   0.103893E-01   0.140662E-02   0.200000E-03
 153  -0.586946E-03  -0.335464E-03   0.112046E-01   0.136465E-02   0.300000E-03
 154   0.112392E-03   0.152049E-02   0.126057E-01   0.966693E-03   0.400000E-03
 155  -0.733090E-03   0.113565E-02   0.137956E-01   0.887744E-03   0.200000E-03
 156  -0.346396E-03  -0.108188E-02   0.148303E-01   0.121465E-02   0.400000E-03
 157   0.118438E-02   0.769353E-03   0.159646E-01   0.138970E-02   0.400000E-03
 158   0.642452E-03   0.442503E-03   0.174188E-01   0.185069E-02   0.350000E-03
 159   0.679896E-03   0.286900E-03   0.178070E-01   0.146624E-02   0.200000E-03
 160   0.435326E-03   0.167658E-03   0.182217E-01   0.163968E-02   0.250000E-03
 161  -0.854443E-03   0.677920E-03   0.196543E-01   0.181877E-02   0.250000E-03
 162   0.313497E-03  -0.434069E-03   0.209692E-01   0.182075E-02   0.200000E-03
 163   0.181809E-02  -0.204000E-03   0.221406E-01   0.112699E-02   0.350000E-03
 164   0.877527E-03  -0.186559E-02   0.227652E-01   0.219634E-02   0.300000E-03
 165   0.784065E-03   0.232882E-03   0.248365E-01   0.157614E-02   0.250000E-03
 166   0.151035E-03   0.895385E-03   0.256625E-01   0.155432E-02   0.250000E-03
 167   0.107964E-02   0.280221E-04   0.266440E-01   0.113188E-02   0.400000E-03
 168   0.902871E-03   0.270839E-04   0.286138E-01   0.153921E-02   0.250000E-03
 169   0.113526E-02  -0.917874E-04   0.302177E-01   0.171319E-02   0.200000E-03
 170   0.179876E-02  -0.332252E-03   0.308088E-01   0.179060E-02   0.400000E-03
 171  -0.401294E-04  -0.299949E-03   0.335348E-01   0.905336E-03   0.300000E-03
 172   0.813658E-03  -0.559940E-07   0.341778E-01   0.117839E-02   0.400000E-03
 173   0.152611E-02  -0.330844E-04   0.356541E-01   0.118417E-02   0.300000E-03
 174   0.171024E-02  -0.261987E-03   0.368716E-01   0.103960E-02   0.350000E-03
 175  -0.252616E-03   0.669145E-03   0.390116E-01   0.883986E-03   0.300000E-03
 176   0.663049E-03   0.150100E-04   0.400791E-01   0.985754E-03   0.200000E-03
 177  -0.152232E-03   0.329926E-02   0.406082E-01   0.784521E-03   0.300000E-03
 178   0.735488E-02   0.104859E-03   0.444019E-01   0.144020E-02   0.200000E-03
 179   0.673510E-03   0.231584E-02   0.427030E-01   0.196526E-03   0.200000E-03
 180   0.236439E-03  -0.403292E-03   0.400385E-01   0.752334E-02   0.300000E-03
 181  -0.668834E-03  -0.249830E-03   0.197294E-03   0.108074E-02   0.200000E-03
 182  -0.471616E-03  -0.281495E-03   0.141049E-02   0.213813E-02   0.200000E-03
 183   0.447211E-03  -0.292145E-04   0.338574E-02   0.295412E-03   0.300000E-03
 184   0.115621E-02   0.127595E-02   0.539606E-02   0.159563E-02   0.350000E-03
 185   0.230442E-03   0.429687E-03   0.625256E-02   0.260764E-02   0.250000E-03
 186   0.344293E-04   0.587427E-03   0.680075E-02   0.187105E-02   0.200000E-03
 187   0.332640E-03   0.636265E-03   0.792191E-02   0.182416E-02   0.300000E-03
 188   0.244327E-03   0.235972E-03   0.963814E-02   0.197726E-02   0.250000E-03
 189   0.475086E-03  -0.215771E-03   0.117377E-01   0.124999E-02   0.250000E-03
 190  -0.551092E-03   0.167399E-02   0.119765E-01   0.815179E-03   0.250000E-03
 191  -0.918771E-03   0.100755E-02   0.140225E-01   0.126637E-02   0.250000E-03
 192  -0.788567E-03   0.465269E-03   0.143307E-01   0.183338E-02   0.400000E-03
 193  -0.425399E-03   0.565828E-03   0.153362E-01   0.169811E-02   0.300000E-03
 194   0.760625E-03   0.232924E-03   0.165330E-01   0.194421E-02   0.400000E-03
 195   0.340951E-03   0.344556E-03   0.179754E-01   0.207422E-02   0.250000E-03
 196  -0.955652E-03   0.314123E-03   0.191615E-01   0.152830E-02   0.300000E-03
 197  -0.940986E-03   0.517813E-03   0.200195E-01   0.229365E-02   0.350000E-03
 198  -0.625255E-03   0.547916E-03   0.206640E-01   0.221368E-02   0.300000E-03
 199   0.931159E-03  -0.323527E-03   0.215238E-01   0.150147E-02   0.300000E-03
 200   0.356984E-03  -0.119701E-02   0.222686E-01   0.215838E-02   0.200000E-03
 201  -0.586034E-03   0.185250E-03   0.242899E-01   0.157942E-02   0.300000E-03
 202   0.752082E-03   0.702168E-04   0.260001E-01   0.119377E-02   0.250000E-03
 203   0.117198E-02   0.392187E-03   0.266048E-01   0.182564E-02   0.300000E-03
 204   0.118118E-02   0.469861E-03   0.271006E-01   0.159046E-02   0.250000E-03
 205   0.671617E-03   0.396170E-03   0.296344E-01   0.159987E-02   0.400000E-03
 206   0.129447E-02  -0.586701E-03   0.322679E-01   0.179029E-02   0.350000E-03
 207   0.149847E-02  -0.940717E-03   0.328991E-01   0.129982E-02   0.450000E-03
 208   0.811312E-03  -0.311502E-03   0.336107E-01   0.166587E-02   0.350000E-03
 209   0.113145E-02  -0.239376E-03   0.362480E-01   0.125287E-02   0.300000E-03
 210   0.164572E-02   0.218490E-03   0.366477E-01   0.153904E-02   0.200000E-03
 211   0.107932E-02  -0.550395E-05   0.370626E-01   0.169383E-02   0.250000E-03
 212   0.515464E-03   0.152552E-04   0.400493E-01   0.588546E-03   0.200000E-03
 213   0.113209E-02   0.288940E-02   0.411304E-01   0.624457E-03   0.250000E-03
 214   0.121824E-02   0.201718E-02   0.420837E-01   0.549668E-03   0.200000E-03
 215   0.323936E-02  -0.652200E-03   0.442187E-01   0.149808E-03   0.150000E-03
 216  -0.946919E-03   0.244863E-03   0.217360E-01   0.885733E-02   0.400000E-03
 217  -0.314949E-03   0.150113E-02   0.146215E-01   0.896483E-02   0.350000E-03
 218  -0.562983E-03  -0.117285E-03   0.875471E-03   0.201761E-02   0.350000E-03
 219   0.418368E-03  -0.171579E-03   0.373412E-02   0.653675E-03   0.200000E-03
 220   0.801758E-03   0.791034E-03   0.458550E-02   0.129569E-02   0.400000E-03
 221   0.107553E-02   0.462872E-03   0.532948E-02   0.218318E-02   0.250000E-03
 222   0.556196E-03   0.599371E-03   0.731754E-02   0.205863E-02   0.350000E-03
 223   0.242750E-03   0.476424E-03   0.904490E-02   0.203464E-02   0.350000E-03
 224   0.104486E-02   0.535527E-03   0.102326E-01   0.193038E-02   0.350000E-03
 225   0.491140E-04  -0.128649E-03   0.107518E-01   0.156798E-02   0.200000E-03
 226   0.892217E-03   0.521454E-03   0.122038E-01   0.153757E-02   0.300000E-03
 227  -0.159241E-03   0.111612E-02   0.130539E-01   0.143425E-02   0.250000E-03
 228  -0.494401E-03   0.180733E-02   0.148906E-01   0.176037E-02   0.150000E-03
 229   0.136111E-02   0.202576E-03   0.158916E-01   0.203309E-02   0.250000E-03
 230   0.460988E-03  -0.399974E-03   0.175721E-01   0.248056E-02   0.300000E-03
 231  -0.243300E-03   0.114550E-03   0.183948E-01   0.229868E-02   0.200000E-03
 232  -0.631805E-03   0.113584E-03   0.187002E-01   0.191013E-02   0.300000E-03
 233  -0.377979E-03   0.155257E-03   0.192574E-01   0.233186E-02   0.400000E-03
 234  -0.670943E-03  -0.860667E-03   0.213782E-01   0.210515E-02   0.300000E-03
 235   0.138287E-02  -0.128386E-02   0.224548E-01   0.169073E-02   0.300000E-03
 236   0.814555E-03  -0.198893E-02   0.233588E-01   0.217116E-02   0.300000E-03
 237   0.150075E-03  -0.158993E-02   0.240061E-01   0.216243E-02   0.350000E-03
 238   0.123684E-02   0.389035E-03   0.252543E-01   0.173537E-02   0.200000E-03
 239   0.990775E-03  -0.397387E-03   0.267770E-01   0.234524E-02   0.250000E-03
 240   0.149094E-03   0.216681E-03   0.290549E-01   0.147431E-02   0.200000E-03
 241   0.703689E-03  -0.341606E-03   0.302160E-01   0.224905E-02   0.350000E-03
 242  -0.732582E-03  -0.516850E-03   0.315693E-01   0.174705E-02   0.350000E-03
 243   0.137786E-02  -0.750929E-03   0.329868E-01   0.224185E-02   0.500000E-03
 244   0.699425E-03  -0.259490E-03   0.354553E-01   0.197393E-02   0.200000E-03
 245   0.558348E-03  -0.166251E-03   0.349329E-01   0.180946E-02   0.350000E-03
 246   0.135357E-02  -0.490751E-04   0.365858E-01   0.213166E-02   0.400000E-03
 247   0.191401E-02  -0.389615E-03   0.379875E-01   0.138735E-02   0.350000E-03
 248   0.187184E-02   0.451198E-03   0.396075E-01   0.821485E-03   0.300000E-03
 249   0.509010E-03   0.237513E-02   0.416499E-01   0.787912E-03   0.300000E-03
 250  -0.123663E-02   0.213388E-02   0.437389E-01   0.245061E-03   0.250000E-03
 251  -0.133327E-02   0.281433E-03   0.446051E-01   0.298904E-02   0.400000E-03
 252   0.100461E-02  -0.147774E-02   0.337762E-01   0.773156E-02   0.350000E-03
 253   0.190109E-03   0.870891E-03   0.211541E-02   0.739847E-02   0.350000E-03
 254   0.121806E-03   0.148334E-02   0.138919E-02   0.937265E-03   0.350000E-03
 255  -0.856472E-03   0.246426E-03   0.230330E-02   0.971739E-03   0.300000E-03
 256   0.458996E-03  -0.209237E-03   0.483297E-02   0.194758E-02   0.300000E-03
 257   0.146708E-03   0.301700E-03   0.674541E-02   0.236709E-02   0.300000E-03
 258  -0.159401E-03   0.454542E-03   0.838951E-02   0.227116E-02   0.350000E-03
 259   0.161795E-03   0.122965E-03   0.902409E-02   0.283169E-02   0.450000E-03
 260  -0.457664E-05  -0.417850E-03   0.986562E-02   0.258446E-02   0.400000E-03
 261   0.483048E-03   0.553100E-03   0.116628E-01   0.179078E-02   0.300000E-03
 262   0.173142E-02   0.155211E-02   0.121566E-01   0.221000E-02   0.350000E-03
 263  -0.111248E-02   0.814508E-03   0.135964E-01   0.168683E-02   0.350000E-03
 264  -0.222079E-03   0.263352E-03   0.149155E-01   0.220886E-02   0.300000E-03
 265   0.203541E-03  -0.170515E-02   0.166547E-01   0.253155E-02   0.200000E-03
 266   0.614939E-03   0.134321E-03   0.170511E-01   0.231864E-02   0.250000E-03
 267   0.736838E-05  -0.137253E-03   0.171327E-01   0.280741E-02   0.250000E-03
 268  -0.159664E-03  -0.197198E-04   0.186866E-01   0.263953E-02   0.250000E-03
 269  -0.204662E-03  -0.186942E-03   0.191145E-01   0.296585E-02   0.250000E-03
 270  -0.466979E-03  -0.313617E-03   0.197122E-01   0.292103E-02   0.350000E-03
 271   0.224171E-03  -0.101940E-02   0.219344E-01   0.185869E-02   0.250000E-03
 272   0.274605E-03  -0.322321E-03   0.223672E-01   0.276340E-02   0.400000E-03
 273   0.113908E-02   0.483027E-03   0.234842E-01   0.284921E-02   0.400000E-03
 274   0.249536E-03   0.457522E-03   0.258469E-01   0.201238E-02   0.250000E-03
 275   0.828442E-03   0.910297E-03   0.262759E-01   0.226213E-02   0.250000E-03
 276   0.766686E-03   0.559634E-04   0.275116E-01   0.194752E-02   0.300000E-03
 277   0.581481E-03   0.164578E-03   0.294732E-01   0.217578E-02   0.200000E-03
 278   0.150274E-02  -0.809631E-03   0.319021E-01   0.238557E-02   0.350000E-03
 279   0.149136E-02  -0.551532E-03   0.324032E-01   0.270624E-02   0.250000E-03
 280   0.619872E-03  -0.279672E-03   0.342883E-01   0.186769E-02   0.300000E-03
 281   0.166727E-02  -0.645172E-03   0.358906E-01   0.173068E-02   0.300000E-03
 282   0.180876E-02  -0.431504E-04   0.375442E-01   0.179693E-02   0.250000E-03
 283   0.103814E-02   0.189597E-04   0.384853E-01   0.162147E-02   0.200000E-03
 284   0.920090E-03  -0.363487E-04   0.385468E-01   0.117583E-02   0.250000E-03
 285   0.847902E-03   0.653949E-03   0.410972E-01   0.121962E-02   0.350000E-03
 286  -0.561910E-03   0.136086E-02   0.432185E-01   0.893919E-03   0.300000E-03
 287   0.116088E-03   0.947313E-03   0.428407E-01   0.121912E-02   0.200000E-03
 288   0.209073E-05  -0.795410E-03   0.587641E-02   0.792974E-02   0.350000E-03
 289  -0.474711E-03   0.464415E-04   0.245564E-03   0.226612E-02   0.250000E-03
 290  -0.103315E-02   0.745811E-03   0.186222E-02   0.137303E-02   0.300000E-03
 291  -0.797189E-03   0.122555E-02   0.250239E-02   0.164196E-02   0.400000E-03
 292   0.336957E-03   0.788655E-03   0.312926E-02   0.151229E-02   0.250000E-03
 293   0.527324E-03   0.197333E-03   0.570972E-02   0.257132E-02   0.300000E-03
 294   0.281893E-04   0.131813E-04   0.818918E-02   0.298726E-02   0.400000E-03
 295  -0.594559E-04  -0.152393E-03   0.968456E-02   0.336346E-02   0.400000E-03
 296  -0.421356E-03   0.737832E-03   0.111282E-01   0.190643E-02   0.250000E-03
 297   0.238366E-04   0.682783E-03   0.107301E-01   0.191444E-02   0.150000E-03
 298   0.307746E-03   0.355100E-03   0.126788E-01   0.168166E-02   0.200000E-03
 299  -0.531812E-03   0.326869E-03   0.139065E-01   0.232029E-02   0.250000E-03
 300  -0.109195E-03   0.732230E-04   0.148779E-01   0.270476E-02   0.200000E-03
 301   0.377565E-03   0.797198E-03   0.154796E-01   0.238577E-02   0.300000E-03
 302   0.194867E-03  -0.638572E-03   0.170956E-01   0.335094E-02   0.300000E-03
 303   0.144190E-03  -0.723111E-04   0.180647E-01   0.251496E-02   0.200000E-03
 304   0.126212E-03  -0.133479E-03   0.182687E-01   0.291149E-02   0.250000E-03
 305  -0.134295E-03  -0.683741E-03   0.193902E-01   0.330021E-02   0.150000E-03
 306  -0.285017E-03   0.278852E-04   0.204698E-01   0.282879E-02   0.350000E-03
 307   0.414575E-04  -0.753391E-03   0.218652E-01   0.235232E-02   0.250000E-03
 308   0.824364E-03   0.282662E-03   0.228463E-01   0.333803E-02   0.350000E-03
 309   0.134316E-02  -0.291374E-03   0.246096E-01   0.259538E-02   0.400000E-03
 310   0.123955E-02  -0.315116E-04   0.252058E-01   0.223054E-02   0.300000E-03
 311   0.790103E-03  -0.519802E-03   0.273329E-01   0.256844E-02   0.350000E-03
 312   0.307469E-03   0.111314E-03   0.281583E-01   0.191861E-02   0.350000E-03
 313   0.587495E-03  -0.196956E-03   0.297097E-01   0.255359E-02   0.250000E-03
 314   0.166483E-02  -0.894849E-03   0.312611E-01   0.232095E-02   0.300000E-03
 315   0.892561E-03  -0.556639E-03   0.334757E-01   0.286528E-02   0.300000E-03
 316   0.669268E-03  -0.512788E-03   0.338328E-01   0.232930E-02   0.350000E-03
 317   0.668078E-03   0.218716E-03   0.350600E-01   0.254697E-02   0.400000E-03
 318   0.169239E-02   0.158601E-03   0.358458E-01   0.242555E-02   0.400000E-03
 319   0.667282E-03  -0.183234E-03   0.389729E-01   0.143255E-02   0.250000E-03
 320   0.621337E-03   0.996641E-04   0.398293E-01   0.141796E-02   0.300000E-03
 321   0.916908E-03  -0.528378E-04   0.404218E-01   0.134604E-02   0.300000E-03
 322   0.784516E-03   0.158732E-02   0.425928E-01   0.732181E-03   0.350000E-03
 323  -0.154546E-02  -0.830965E-04   0.439749E-01   0.211888E-02   0.350000E-03
 324   0.917209E-03   0.169933E-03   0.396188E-01   0.716808E-02   0.250000E-03
 325   0.366872E-03   0.826494E-03   0.150047E-02   0.760876E-02   0.300000E-03
 326   0.322102E-03   0.573786E-03   0.124273E-02   0.151611E-02   0.250000E-03
 327  -0.190103E-03   0.361726E-03   0.197570E-02   0.217166E-02   0.350000E-03
 328   0.504292E-04   0.126224E-02   0.381091E-02   0.162447E-02   0.450000E-03
 329   0.654851E-03  -0.109178E-03   0.661956E-02   0.313046E-02   0.400000E-03
 330   0.455623E-03   0.609848E-03   0.726776E-02   0.275265E-02   0.350000E-03
 331  -0.645947E-03   0.252186E-03   0.780544E-02   0.240753E-02   0.250000E-03
 332  -0.126836E-03  -0.285008E-03   0.107801E-01   0.250964E-02   0.450000E-03
 333   0.203069E-03   0.168462E-03   0.115167E-01   0.237167E-02   0.300000E-03
 334  -0.274968E-03   0.196520E-03   0.130495E-01   0.193106E-02   0.250000E-03
 335  -0.260625E-03   0.186576E-03   0.134145E-01   0.226724E-02   0.250000E-03
 336  -0.309924E-02  -0.862058E-03   0.144070E-01   0.254203E-02   0.300000E-03
 337   0.586051E-03  -0.429457E-04   0.161425E-01   0.252212E-02   0.300000E-03
 338   0.993952E-04  -0.551695E-03   0.167181E-01   0.374061E-02   0.250000E-03
 339   0.358756E-03  -0.534169E-03   0.177010E-01   0.311651E-02   0.350000E-03
 340  -0.317167E-03  -0.445108E-03   0.190045E-01   0.352816E-02   0.300000E-03
 341  -0.562509E-03  -0.281255E-03   0.201544E-01   0.339282E-02   0.300000E-03
 342  -0.565905E-03  -0.544701E-03   0.206468E-01   0.334816E-02   0.200000E-03
 343  -0.409434E-03  -0.369471E-03   0.216757E-01   0.286395E-02   0.300000E-03
 344   0.683536E-03   0.303568E-03   0.239464E-01   0.329793E-02   0.250000E-03
 345   0.749671E-03  -0.736326E-03   0.252032E-01   0.296227E-02   0.300000E-03
 346   0.515505E-03  -0.438122E-03   0.257383E-01   0.260049E-02   0.350000E-03
 347   0.767753E-03  -0.230117E-03   0.264259E-01   0.289002E-02   0.400000E-03
 348   0.188890E-03   0.928890E-04   0.290188E-01   0.197082E-02   0.300000E-03
 349   0.100925E-02  -0.411480E-03   0.301573E-01   0.284407E-02   0.250000E-03
 350   0.149012E-02  -0.525011E-03   0.320786E-01   0.314733E-02   0.300000E-03
 351   0.163230E-02  -0.531994E-03   0.328655E-01   0.308215E-02   0.350000E-03
 352   0.137423E-02  -0.230582E-03   0.344960E-01   0.310692E-02   0.400000E-03
 353   0.168732E-02   0.264136E-03   0.358821E-01   0.301979E-02   0.200000E-03
 354   0.181345E-02   0.328196E-04   0.372325E-01   0.218737E-02   0.250000E-03
 355   0.164043E-02   0.220119E-03   0.380352E-01   0.203388E-02   0.300000E-03
 356   0.876765E-03   0.187882E-04   0.393785E-01   0.162518E-02   0.200000E-03
 357   0.992551E-03   0.493429E-03   0.408079E-01   0.179759E-02   0.300000E-03
 358   0.378650E-03   0.611212E-03   0.416837E-01   0.133263E-02   0.250000E-03
 359   0.745083E-03  -0.132858E-03   0.442576E-01   0.528041E-02   0.250000E-03
 360   0.315938E-02   0.198213E-02   0.448001E-01   0.417825E-02   0.200000E-03
 361  -0.506443E-03   0.212712E-03   0.681316E-03   0.273947E-02   0.400000E-03
 362  -0.261154E-03   0.755433E-04   0.147818E-02   0.272971E-02   0.400000E-03
 363   0.426295E-03  -0.805020E-03   0.309749E-02   0.201112E-02   0.250000E-03
 364   0.653764E-03   0.830572E-03   0.491947E-02   0.254031E-02   0.300000E-03
 365   0.398126E-03  -0.147147E-03   0.591975E-02   0.313212E-02   0.300000E-03
 366   0.633027E-03   0.130116E-03   0.618067E-02   0.367152E-02   0.300000E-03
 367   0.160562E-04   0.111124E-03   0.865549E-02   0.336433E-02   0.200000E-03
 368   0.314886E-04  -0.302566E-03   0.103323E-01   0.310472E-02   0.300000E-03
 369  -0.490071E-04  -0.206032E-03   0.118675E-01   0.291792E-02   0.350000E-03
 370  -0.214548E-03   0.436736E-03   0.128263E-01   0.253807E-02   0.400000E-03
 371  -0.340839E-03  -0.246808E-03   0.137362E-01   0.283976E-02   0.300000E-03
 372  -0.466140E-03  -0.212670E-03   0.150746E-01   0.326865E-02   0.400000E-03
 373   0.368740E-03   0.285275E-03   0.157064E-01   0.293252E-02   0.300000E-03
 374  -0.477390E-03  -0.202750E-02   0.164211E-01   0.316322E-02   0.400000E-03
 375  -0.101260E-04  -0.692643E-03   0.175512E-01   0.393806E-02   0.450000E-03
 376  -0.114440E-03  -0.193049E-03   0.186822E-01   0.308849E-02   0.200000E-03
 377  -0.691649E-05  -0.543749E-03   0.196144E-01   0.374648E-02   0.350000E-03
 378  -0.926043E-03  -0.453990E-03   0.210932E-01   0.263313E-02   0.300000E-03
 379  -0.417688E-04  -0.552341E-03   0.211877E-01   0.328910E-02   0.350000E-03
 380   0.175218E-03   0.257971E-03   0.220093E-01   0.342065E-02   0.350000E-03
 381   0.119016E-02   0.428367E-03   0.245371E-01   0.333890E-02   0.350000E-03
 382   0.799669E-03  -0.492179E-03   0.268095E-01   0.346713E-02   0.300000E-03
 383   0.667828E-03  -0.486145E-03   0.279213E-01   0.246586E-02   0.250000E-03
 384   0.491026E-03   0.244057E-04   0.285958E-01   0.239083E-02   0.300000E-03
 385   0.578660E-03   0.110971E-04   0.291644E-01   0.256870E-02   0.300000E-03
 386   0.642932E-03  -0.677892E-03   0.307417E-01   0.261533E-02   0.300000E-03
 387   0.132079E-02  -0.201398E-03   0.324765E-01   0.365784E-02   0.350000E-03
 388   0.158027E-02   0.212508E-03   0.354168E-01   0.346391E-02   0.450000E-03
 389   0.128901E-02   0.774175E-04   0.360591E-01   0.337514E-02   0.200000E-03
 390   0.139597E-02   0.102979E-03   0.364716E-01   0.291933E-02   0.400000E-03
 391   0.173810E-02   0.114476E-03   0.376745E-01   0.251183E-02   0.300000E-03
 392   0.717657E-03   0.247357E-03   0.390476E-01   0.192628E-02   0.250000E-03
 393   0.727115E-03   0.446703E-03   0.396123E-01   0.212431E-02   0.350000E-03
 394   0.951690E-03   0.471721E-03   0.422290E-01   0.127036E-02   0.300000E-03
 395  -0.138483E-02   0.831324E-03   0.439066E-01   0.147412E-02   0.300000E-03
 396  -0.143533E-02  -0.185541E-03   0.444281E-01   0.242276E-02   0.200000E-03
 397  -0.435586E-03   0.183558E-03   0.972867E-03   0.348243E-02   0.400000E-03
 398  -0.314646E-03   0.552931E-03   0.264695E-02   0.232662E-02   0.300000E-03
 399   0.321000E-03   0.508965E-04   0.354870E-02   0.232546E-02   0.300000E-03
 400  -0.527373E-04   0.655179E-03   0.424810E-02   0.235231E-02   0.400000E-03
 401   0.273260E-03   0.427666E-03   0.574835E-02   0.391397E-02   0.200000E-03
 402   0.350303E-03  -0.406370E-03   0.729442E-02   0.344762E-02   0.350000E-03
 403  -0.944372E-06   0.209532E-05   0.852646E-02   0.379317E-02   0.250000E-03
 404  -0.204536E-03  -0.167803E-04   0.905738E-02   0.366655E-02   0.300000E-03
 405  -0.767102E-04  -0.137175E-03   0.119627E-01   0.346560E-02   0.200000E-03
 406  -0.330404E-04  -0.174695E-03   0.125278E-01   0.327260E-02   0.400000E-03
 407  -0.704072E-03  -0.129443E-03   0.132100E-01   0.312193E-02   0.300000E-03
 408  -0.198995E-03  -0.186320E-03   0.142765E-01   0.328298E-02   0.400000E-03
 409   0.317187E-03  -0.116960E-03   0.157534E-01   0.357613E-02   0.350000E-03
 410  -0.255862E-03  -0.557338E-03   0.162396E-01   0.399875E-02   0.300000E-03
 411   0.584432E-04  -0.218425E-03   0.167641E-01   0.428636E-02   0.300000E-03
 412   0.203591E-03  -0.592433E-03   0.183083E-01   0.355589E-02   0.400000E-03
 413  -0.430499E-03  -0.598046E-04   0.203061E-01   0.396605E-02   0.300000E-03
 414   0.591886E-03  -0.526968E-03   0.208197E-01   0.376323E-02   0.250000E-03
 415   0.833092E-04   0.363952E-03   0.208382E-01   0.441299E-02   0.400000E-03
 416   0.634443E-03   0.703591E-03   0.224894E-01   0.399495E-02   0.400000E-03
 417   0.126820E-02   0.418541E-03   0.234600E-01   0.354397E-02   0.300000E-03
 418   0.595862E-03   0.122213E-03   0.251735E-01   0.360937E-02   0.350000E-03
 419   0.546553E-03  -0.519281E-03   0.278333E-01   0.305642E-02   0.350000E-03
 420   0.707366E-03  -0.317294E-03   0.284098E-01   0.290165E-02   0.250000E-03
 421   0.916889E-03  -0.177044E-03   0.296378E-01   0.314075E-02   0.350000E-03
 422   0.121041E-02  -0.454869E-03   0.313345E-01   0.306816E-02   0.450000E-03
 423   0.116465E-02  -0.875284E-04   0.338143E-01   0.340721E-02   0.350000E-03
 424   0.156553E-02   0.363106E-03   0.347328E-01   0.376353E-02   0.300000E-03
 425   0.146470E-02   0.233643E-03   0.369804E-01   0.339371E-02   0.300000E-03
 426   0.161263E-02   0.109301E-03   0.371640E-01   0.282284E-02   0.300000E-03
 427   0.152409E-02   0.313924E-03   0.380260E-01   0.312946E-02   0.300000E-03
 428   0.128754E-02   0.973169E-04   0.385786E-01   0.209171E-02   0.250000E-03
 429   0.462876E-03   0.642555E-03   0.402205E-01   0.190528E-02   0.300000E-03
 430   0.249638E-03   0.192618E-03   0.419477E-01   0.186590E-02   0.350000E-03
 431   0.179939E-03  -0.108260E-03   0.426897E-01   0.179698E-02   0.400000E-03
 432  -0.712450E-03   0.692891E-03   0.433106E-01   0.148064E-02   0.300000E-03
 433  -0.249028E-03   0.194891E-04   0.347312E-03   0.395814E-02   0.350000E-03
 434  -0.588670E-03  -0.153340E-03   0.159262E-02   0.178732E-02   0.200000E-03
 435   0.266152E-04   0.258750E-03   0.313440E-02   0.282450E-02   0.350000E-03
 436   0.198618E-03   0.411639E-03   0.530023E-02   0.293399E-02   0.250000E-03
 437   0.133301E-03   0.196296E-03   0.562345E-02   0.353422E-02   0.200000E-03
 438   0.204726E-04  -0.252386E-03   0.676070E-02   0.381457E-02   0.300000E-03
 439  -0.631479E-04  -0.133915E-03   0.793890E-02   0.369055E-02   0.350000E-03
 440  -0.240900E-04  -0.779219E-04   0.108725E-01   0.373963E-02   0.200000E-03
 441  -0.404475E-04  -0.231772E-03   0.109149E-01   0.324401E-02   0.300000E-03
 442  -0.635137E-03  -0.538442E-03   0.130772E-01   0.370520E-02   0.300000E-03
 443   0.123257E-03   0.465004E-04   0.136493E-01   0.345224E-02   0.250000E-03
 444  -0.314767E-03   0.371723E-03   0.152265E-01   0.395063E-02   0.300000E-03
 445  -0.798525E-03  -0.925902E-04   0.157096E-01   0.445411E-02   0.400000E-03
 446  -0.146592E-03  -0.810069E-04   0.163082E-01   0.448698E-02   0.200000E-03
 447  -0.517050E-04  -0.299967E-03   0.172571E-01   0.462298E-02   0.300000E-03
 448   0.221944E-03  -0.563288E-03   0.183483E-01   0.445316E-02   0.500000E-03
 449  -0.978936E-04  -0.438466E-03   0.192437E-01   0.439602E-02   0.400000E-03
 450  -0.635219E-04  -0.557884E-03   0.199395E-01   0.443635E-02   0.300000E-03
 451   0.243308E-03   0.193437E-03   0.214999E-01   0.396695E-02   0.400000E-03
 452   0.730986E-03   0.667235E-03   0.219792E-01   0.453823E-02   0.350000E-03
 453   0.701699E-03   0.198547E-03   0.240716E-01   0.388336E-02   0.350000E-03
 454   0.589666E-03   0.697794E-05   0.257972E-01   0.329744E-02   0.350000E-03
 455   0.734931E-03  -0.277014E-03   0.270125E-01   0.301252E-02   0.200000E-03
 456   0.712366E-03  -0.308846E-03   0.289401E-01   0.317812E-02   0.350000E-03
 457   0.734816E-03  -0.965278E-03   0.305815E-01   0.319071E-02   0.300000E-03
 458   0.760131E-03  -0.294429E-03   0.307069E-01   0.382286E-02   0.350000E-03
 459   0.148553E-02  -0.690969E-04   0.317834E-01   0.372572E-02   0.350000E-03
 460   0.123880E-02   0.299738E-03   0.341955E-01   0.386674E-02   0.250000E-03
 461   0.130051E-02   0.249731E-03   0.364613E-01   0.356694E-02   0.250000E-03
 462   0.139947E-02   0.400083E-03   0.376436E-01   0.426383E-02   0.300000E-03
 463   0.175431E-02   0.216921E-03   0.382675E-01   0.258336E-02   0.300000E-03
 464   0.114222E-02  -0.151921E-03   0.390075E-01   0.264139E-02   0.450000E-03
 465   0.114886E-02   0.187266E-04   0.407043E-01   0.238500E-02   0.300000E-03
 466   0.510263E-03  -0.257868E-03   0.411771E-01   0.254409E-02   0.200000E-03
 467  -0.536022E-03   0.152752E-03   0.435705E-01   0.256058E-02   0.250000E-03
 468  -0.458737E-03  -0.273100E-03   0.435648E-01   0.383068E-02   0.350000E-03
 469  -0.297664E-03  -0.118706E-03   0.105326E-02   0.432742E-02   0.450000E-03
 470  -0.343460E-03  -0.163126E-03   0.217545E-02   0.278586E-02   0.300000E-03
 471   0.200189E-03   0.545883E-04   0.385107E-02   0.304551E-02   0.400000E-03
 472   0.677542E-03   0.127723E-03   0.454890E-02   0.300492E-02   0.300000E-03
 473   0.244722E-03   0.299479E-03   0.502395E-02   0.351874E-02   0.400000E-03
 474   0.113978E-03   0.126221E-04   0.744029E-02   0.402341E-02   0.250000E-03
 475   0.820825E-04   0.556433E-04   0.811352E-02   0.436402E-02   0.350000E-03
 476  -0.310226E-03  -0.783349E-04   0.952400E-02   0.404204E-02   0.300000E-03
 477   0.494725E-03  -0.125903E-05   0.113196E-01   0.287119E-02   0.200000E-03
 478   0.654193E-05  -0.560999E-04   0.122218E-01   0.395015E-02   0.350000E-03
 479  -0.232354E-03   0.767075E-04   0.141963E-01   0.392619E-02   0.250000E-03
 480   0.270733E-03   0.439798E-03   0.146847E-01   0.378847E-02   0.250000E-03
 481   0.144897E-03   0.270074E-04   0.147873E-01   0.427817E-02   0.250000E-03
 482  -0.675083E-04  -0.967651E-05   0.162707E-01   0.507811E-02   0.400000E-03
 483  -0.216040E-03  -0.960171E-04   0.169660E-01   0.514545E-02   0.300000E-03
 484   0.157998E-03  -0.580537E-03   0.186459E-01   0.519355E-02   0.300000E-03
 485  -0.124035E-03  -0.465413E-03   0.196545E-01   0.501983E-02   0.350000E-03
 486   0.597081E-03   0.182271E-03   0.203278E-01   0.489093E-02   0.300000E-03
 487   0.607568E-03   0.787120E-03   0.213915E-01   0.491211E-02   0.350000E-03
 488   0.685529E-03   0.915677E-03   0.219138E-01   0.508279E-02   0.200000E-03
 489   0.540753E-03   0.155694E-03   0.246692E-01   0.393096E-02   0.250000E-03
 490   0.674636E-03  -0.533789E-03   0.273460E-01   0.338837E-02   0.250000E-03
 491   0.767639E-03  -0.333128E-03   0.283497E-01   0.344620E-02   0.300000E-03
 492   0.762566E-03  -0.231084E-03   0.293322E-01   0.381604E-02   0.400000E-03
 493   0.956969E-03  -0.213336E-03   0.301011E-01   0.359296E-02   0.300000E-03
 494   0.741903E-03  -0.238752E-03   0.312395E-01   0.370971E-02   0.200000E-03
 495   0.155558E-02   0.192686E-03   0.328808E-01   0.402451E-02   0.200000E-03
 496   0.102534E-02   0.214169E-03   0.359429E-01   0.419650E-02   0.350000E-03
 497   0.110565E-02   0.235110E-03   0.360949E-01   0.372207E-02   0.150000E-03
 498   0.140918E-02   0.335640E-03   0.373481E-01   0.380120E-02   0.250000E-03
 499   0.147555E-02   0.263484E-03   0.375220E-01   0.333425E-02   0.250000E-03
 500   0.995261E-03  -0.316453E-03   0.393982E-01   0.309523E-02   0.150000E-03
 501   0.491825E-03   0.267624E-04   0.401594E-01   0.244986E-02   0.250000E-03
 502   0.398152E-03   0.111999E-03   0.413356E-01   0.207423E-02   0.300000E-03
 503  -0.359994E-03   0.174082E-04   0.429742E-01   0.262058E-02   0.350000E-03
 504  -0.796947E-03  -0.197836E-03   0.433277E-01   0.207592E-02   0.300000E-03
 505  -0.508793E-03   0.530709E-04   0.165061E-02   0.379884E-02   0.350000E-03
 506  -0.547976E-03  -0.467868E-04   0.187049E-02   0.324322E-02   0.250000E-03
 507   0.843615E-06   0.312970E-03   0.332548E-02   0.342167E-02   0.250000E-03
 508   0.431638E-03   0.268022E-03   0.432745E-02   0.355793E-02   0.300000E-03
 509   0.251647E-03   0.328571E-03   0.609410E-02   0.421417E-02   0.250000E-03
 510   0.517652E-04   0.351094E-04   0.749846E-02   0.456433E-02   0.300000E-03
 511   0.724986E-04   0.110399E-03   0.878391E-02   0.427689E-02   0.300000E-03
 512   0.548998E-04  -0.100887E-03   0.103244E-01   0.375251E-02   0.350000E-03
 513   0.137447E-03  -0.146913E-03   0.114660E-01   0.347085E-02   0.300000E-03
 514  -0.691822E-03  -0.386363E-03   0.128446E-01   0.436452E-02   0.400000E-03
 515   0.215295E-03  -0.121458E-05   0.136142E-01   0.407083E-02   0.350000E-03
 516  -0.260011E-03   0.189049E-03   0.142442E-01   0.452256E-02   0.350000E-03
 517   0.351621E-03  -0.430555E-04   0.151619E-01   0.441512E-02   0.150000E-03
 518  -0.818166E-03  -0.238486E-04   0.154837E-01   0.521815E-02   0.400000E-03
 519   0.697084E-04  -0.215398E-03   0.177428E-01   0.504633E-02   0.350000E-03
 520   0.819091E-04  -0.697016E-03   0.191796E-01   0.546204E-02   0.300000E-03
 521   0.620862E-03   0.150720E-03   0.201622E-01   0.556982E-02   0.400000E-03
 522   0.821775E-04  -0.206838E-03   0.207737E-01   0.521196E-02   0.250000E-03
 523   0.737066E-03   0.531058E-03   0.218928E-01   0.553070E-02   0.250000E-03
 524   0.103900E-02   0.818297E-03   0.231839E-01   0.406805E-02   0.300000E-03
 525   0.516189E-03  -0.237438E-03   0.252140E-01   0.435633E-02   0.400000E-03
 526   0.324638E-03  -0.136021E-03   0.256839E-01   0.391026E-02   0.250000E-03
 527   0.165882E-03  -0.805600E-05   0.278106E-01   0.370625E-02   0.300000E-03
 528   0.733085E-03  -0.962994E-04   0.291865E-01   0.455070E-02   0.350000E-03
 529   0.497069E-03  -0.186567E-03   0.305599E-01   0.444975E-02   0.300000E-03
 530   0.166553E-02  -0.738028E-05   0.321638E-01   0.404774E-02   0.150000E-03
 531   0.168467E-02  -0.326979E-03   0.330238E-01   0.360848E-02   0.200000E-03
 532   0.150615E-02   0.198187E-03   0.351995E-01   0.428487E-02   0.400000E-03
 533   0.144293E-02   0.338464E-03   0.368259E-01   0.397221E-02   0.300000E-03
 534   0.119731E-02   0.335634E-03   0.382271E-01   0.440100E-02   0.300000E-03
 535   0.124319E-02  -0.278101E-04   0.379095E-01   0.372404E-02   0.300000E-03
 536   0.794996E-03   0.317277E-03   0.386226E-01   0.309977E-02   0.150000E-03
 537   0.958428E-03   0.334727E-03   0.404342E-01   0.273854E-02   0.150000E-03
 538   0.162861E-03   0.249398E-03   0.417662E-01   0.248824E-02   0.300000E-03
 539   0.186152E-03   0.232966E-03   0.423595E-01   0.240961E-02   0.300000E-03
 540  -0.300353E-03   0.442295E-03   0.439723E-01   0.284905E-02   0.250000E-03
 541  -0.100996E-03  -0.431374E-03   0.487626E-02   0.841269E-02   0.300000E-03
 542   0.236175E-04   0.325899E-03   0.258225E-02   0.347017E-02   0.500000E-03
 543   0.138870E-03   0.430596E-03   0.376226E-02   0.375152E-02   0.300000E-03
 544   0.322762E-03   0.525782E-03   0.419651E-02   0.408830E-02   0.250000E-03
 545   0.326427E-03   0.339038E-03   0.533466E-02   0.408614E-02   0.250000E-03
 546  -0.131992E-03   0.474235E-04   0.858552E-02   0.499947E-02   0.450000E-03
 547  -0.283458E-03  -0.113016E-03   0.929127E-02   0.459441E-02   0.300000E-03
 548  -0.304021E-03  -0.160677E-03   0.977401E-02   0.447221E-02   0.200000E-03
 549   0.468854E-04  -0.199658E-03   0.110549E-01   0.430853E-02   0.400000E-03
 550   0.119338E-03  -0.230023E-03   0.116244E-01   0.399654E-02   0.250000E-03
 551  -0.114425E-03   0.784372E-04   0.135252E-01   0.486563E-02   0.450000E-03
 552  -0.174449E-03  -0.149378E-03   0.142404E-01   0.522055E-02   0.350000E-03
 553   0.176158E-03   0.183230E-03   0.149465E-01   0.475196E-02   0.250000E-03
 554  -0.640928E-03  -0.169009E-03   0.150643E-01   0.571237E-02   0.250000E-03
 555  -0.267187E-03   0.397440E-03   0.159992E-01   0.582732E-02   0.400000E-03
 556  -0.124539E-03  -0.367740E-03   0.181601E-01   0.554191E-02   0.300000E-03
 557   0.288475E-03  -0.596923E-03   0.188878E-01   0.481487E-02   0.150000E-03
 558   0.602353E-03   0.450657E-03   0.212580E-01   0.564495E-02   0.400000E-03
 559   0.658953E-03   0.638051E-03   0.226411E-01   0.462678E-02   0.250000E-03
 560   0.666694E-03   0.378882E-03   0.237307E-01   0.437593E-02   0.250000E-03
 561   0.234288E-03  -0.253995E-03   0.259635E-01   0.443842E-02   0.350000E-03
 562   0.458564E-03  -0.176434E-04   0.262714E-01   0.381154E-02   0.350000E-03
 563   0.762753E-03  -0.179953E-03   0.285890E-01   0.409980E-02   0.400000E-03
 564   0.745560E-03   0.131514E-03   0.285855E-01   0.479768E-02   0.300000E-03
 565   0.966341E-03  -0.174171E-03   0.299554E-01   0.422622E-02   0.350000E-03
 566   0.157728E-02  -0.251554E-03   0.313009E-01   0.436075E-02   0.450000E-03
 567   0.583137E-03  -0.115083E-03   0.333213E-01   0.328775E-02   0.150000E-03
 568   0.109516E-02   0.257376E-03   0.338508E-01   0.385380E-02   0.100000E-03
 569   0.137289E-02   0.232098E-03   0.370090E-01   0.448744E-02   0.250000E-03
 570   0.120736E-02   0.257345E-03   0.378163E-01   0.483664E-02   0.300000E-03
 571   0.102435E-02  -0.776620E-04   0.384741E-01   0.352171E-02   0.300000E-03
 572   0.123556E-02  -0.171760E-03   0.390587E-01   0.338964E-02   0.300000E-03
 573   0.452686E-03  -0.926440E-04   0.397375E-01   0.279989E-02   0.300000E-03
 574   0.685306E-03  -0.273984E-03   0.414121E-01   0.320122E-02   0.500000E-03
 575   0.741926E-04   0.260275E-03   0.421248E-01   0.290414E-02   0.250000E-03
 576  -0.742736E-04  -0.572679E-04   0.444157E-01   0.385808E-02   0.300000E-03
 577  -0.941403E-04  -0.246964E-02   0.298429E-03   0.460460E-02   0.300000E-03
 578  -0.281059E-04   0.440717E-03   0.261527E-02   0.431487E-02   0.350000E-03
 579  -0.109426E-03   0.406491E-03   0.476595E-02   0.427230E-02   0.350000E-03
 580   0.360858E-03   0.445197E-03   0.544660E-02   0.457014E-02   0.250000E-03
 581   0.402553E-03   0.115246E-03   0.706084E-02   0.414974E-02   0.150000E-03
 582  -0.138817E-03   0.611904E-03   0.791523E-02   0.487679E-02   0.200000E-03
 583  -0.204419E-03   0.719106E-04   0.992010E-02   0.489546E-02   0.250000E-03
 584   0.530212E-04  -0.218959E-03   0.103215E-01   0.445099E-02   0.350000E-03
 585   0.814135E-04  -0.415137E-05   0.107418E-01   0.513052E-02   0.450000E-03
 586  -0.938092E-04  -0.163104E-03   0.118661E-01   0.449080E-02   0.300000E-03
 587  -0.386252E-03  -0.273081E-03   0.123309E-01   0.467351E-02   0.200000E-03
 588  -0.128076E-03  -0.920928E-03   0.136138E-01   0.550928E-02   0.200000E-03
 589   0.915132E-05  -0.100075E-03   0.148372E-01   0.526402E-02   0.250000E-03
 590  -0.163300E-03   0.271457E-03   0.154220E-01   0.598353E-02   0.200000E-03
 591  -0.194080E-03   0.710241E-05   0.173730E-01   0.551292E-02   0.250000E-03
 592  -0.120786E-03   0.612468E-03   0.181549E-01   0.613992E-02   0.300000E-03
 593   0.953697E-03   0.537572E-03   0.195310E-01   0.594570E-02   0.300000E-03
 594   0.839464E-03   0.229804E-03   0.206746E-01   0.611385E-02   0.350000E-03
 595  -0.734258E-05  -0.195136E-03   0.223006E-01   0.498076E-02   0.200000E-03
 596   0.916780E-03   0.336056E-03   0.232350E-01   0.471235E-02   0.350000E-03
 597   0.520585E-03  -0.296088E-03   0.244371E-01   0.453677E-02   0.400000E-03
 598   0.456364E-03  -0.189669E-03   0.266590E-01   0.439119E-02   0.350000E-03
 599   0.633065E-03  -0.315742E-03   0.272171E-01   0.396978E-02   0.350000E-03
 600   0.874001E-03   0.348751E-03   0.299314E-01   0.487423E-02   0.300000E-03
 601   0.463355E-03   0.305939E-03   0.305421E-01   0.509150E-02   0.350000E-03
 602   0.386733E-03  -0.107715E-02   0.309934E-01   0.487580E-02   0.150000E-03
 603   0.155292E-02  -0.150833E-03   0.330227E-01   0.455391E-02   0.350000E-03
 604   0.131486E-02   0.135951E-03   0.334251E-01   0.398327E-02   0.350000E-03
 605   0.118465E-02   0.331285E-03   0.364241E-01   0.476702E-02   0.400000E-03
 606   0.101067E-02   0.729696E-04   0.384991E-01   0.513867E-02   0.450000E-03
 607   0.107161E-02   0.363985E-03   0.386393E-01   0.404115E-02   0.250000E-03
 608   0.119727E-02   0.104706E-03   0.396581E-01   0.345997E-02   0.300000E-03
 609   0.109109E-02   0.162623E-03   0.402500E-01   0.319745E-02   0.350000E-03
 610   0.122814E-02   0.182591E-03   0.409184E-01   0.277949E-02   0.150000E-03
 611  -0.420434E-03  -0.514915E-03   0.427982E-01   0.360793E-02   0.450000E-03
 612  -0.435534E-03  -0.464910E-03   0.434436E-01   0.314222E-02   0.350000E-03
 613  -0.264273E-03   0.245584E-03   0.104567E-01   0.860434E-02   0.350000E-03
 614   0.202404E-03   0.452676E-03   0.314143E-02   0.446454E-02   0.200000E-03
 615   0.495365E-03   0.570623E-03   0.368570E-02   0.440044E-02   0.350000E-03
 616   0.218167E-03   0.342851E-03   0.569702E-02   0.425934E-02   0.150000E-03
 617  -0.846095E-04   0.192277E-03   0.664610E-02   0.444869E-02   0.350000E-03
 618  -0.271541E-03   0.180995E-03   0.808427E-02   0.555488E-02   0.300000E-03
 619  -0.237962E-03  -0.141128E-03   0.930765E-02   0.519195E-02   0.300000E-03
 620  -0.308610E-03  -0.397998E-04   0.990579E-02   0.554347E-02   0.400000E-03
 621   0.572901E-04   0.165238E-03   0.114158E-01   0.531895E-02   0.250000E-03
 622   0.130948E-03  -0.143798E-03   0.114373E-01   0.482702E-02   0.250000E-03
 623  -0.599439E-03   0.144662E-03   0.126827E-01   0.509612E-02   0.350000E-03
 624  -0.140830E-03  -0.287175E-03   0.139672E-01   0.569669E-02   0.200000E-03
 625  -0.186073E-03  -0.332210E-03   0.144878E-01   0.587101E-02   0.350000E-03
 626  -0.238148E-03   0.190735E-03   0.166296E-01   0.549398E-02   0.150000E-03
 627  -0.152778E-03   0.803425E-04   0.169451E-01   0.564404E-02   0.200000E-03
 628   0.477229E-04   0.678108E-03   0.175664E-01   0.602344E-02   0.300000E-03
 629   0.490096E-03   0.705236E-03   0.188511E-01   0.641503E-02   0.450000E-03
 630   0.774495E-03   0.836628E-03   0.218614E-01   0.607976E-02   0.300000E-03
 631   0.844256E-03   0.358746E-03   0.227821E-01   0.524380E-02   0.350000E-03
 632  -0.155861E-04   0.120425E-03   0.238507E-01   0.491251E-02   0.300000E-03
 633   0.547343E-03  -0.196905E-03   0.246923E-01   0.513257E-02   0.250000E-03
 634   0.754992E-03  -0.153846E-03   0.271924E-01   0.451632E-02   0.200000E-03
 635   0.796585E-03  -0.157088E-03   0.278349E-01   0.447236E-02   0.450000E-03
 636   0.875776E-03   0.375565E-03   0.294056E-01   0.515977E-02   0.300000E-03
 637   0.662874E-03   0.289421E-03   0.303549E-01   0.570941E-02   0.300000E-03
 638   0.166108E-02  -0.222734E-03   0.321179E-01   0.471605E-02   0.350000E-03
 639   0.115755E-02   0.411680E-03   0.342862E-01   0.481520E-02   0.250000E-03
 640   0.117614E-02   0.254757E-03   0.345031E-01   0.431525E-02   0.300000E-03
 641   0.122805E-02   0.313292E-03   0.368869E-01   0.529097E-02   0.300000E-03
 642   0.129546E-02   0.186543E-03   0.372739E-01   0.490407E-02   0.250000E-03
 643   0.100685E-02   0.163077E-03   0.388040E-01   0.450978E-02   0.250000E-03
 644   0.100945E-02   0.387680E-03   0.392880E-01   0.405155E-02   0.400000E-03
 645  -0.218271E-04  -0.618888E-03   0.417196E-01   0.382940E-02   0.200000E-03
 646   0.116718E-02  -0.513432E-03   0.407667E-01   0.327758E-02   0.150000E-03
 647  -0.261745E-03   0.156831E-03   0.425665E-01   0.298862E-02   0.200000E-03
 648  -0.120150E-02   0.684176E-03   0.448054E-01   0.355294E-02   0.200000E-03
 649   0.213226E-03  -0.141311E-02   0.714070E-03   0.488001E-02   0.200000E-03
 650  -0.448949E-04   0.666138E-03   0.267048E-02   0.500686E-02   0.350000E-03
 651   0.207942E-03   0.367044E-03   0.320418E-02   0.396899E-02   0.300000E-03
 652   0.601238E-03   0.637608E-03   0.457518E-02   0.489080E-02   0.200000E-03
 653   0.444568E-04   0.475081E-03   0.656771E-02   0.494164E-02   0.150000E-03
 654   0.826524E-04   0.247632E-03   0.745169E-02   0.525767E-02   0.400000E-03
 655  -0.707369E-04  -0.118088E-03   0.877013E-02   0.577557E-02   0.350000E-03
 656  -0.123201E-03  -0.138548E-03   0.935814E-02   0.589002E-02   0.250000E-03
 657  -0.250073E-03   0.326154E-04   0.104813E-01   0.592846E-02   0.300000E-03
 658  -0.894031E-04   0.108177E-03   0.119840E-01   0.512953E-02   0.350000E-03
 659  -0.272017E-03   0.387176E-03   0.131598E-01   0.545893E-02   0.250000E-03
 660  -0.166193E-04  -0.766705E-04   0.136258E-01   0.618893E-02   0.400000E-03
 661   0.193920E-03   0.449500E-04   0.150074E-01   0.626002E-02   0.300000E-03
 662  -0.440886E-03   0.317411E-03   0.163450E-01   0.642938E-02   0.300000E-03
 663  -0.495388E-03   0.360882E-03   0.166341E-01   0.596459E-02   0.250000E-03
 664  -0.255245E-05   0.499125E-03   0.177701E-01   0.653152E-02   0.250000E-03
 665   0.593915E-03   0.309298E-03   0.200419E-01   0.625862E-02   0.300000E-03
 666   0.676447E-03   0.213697E-03   0.212825E-01   0.634329E-02   0.300000E-03
 667   0.756784E-03   0.514020E-03   0.223893E-01   0.575551E-02   0.300000E-03
 668   0.758683E-04   0.625671E-04   0.234254E-01   0.533502E-02   0.300000E-03
 669   0.475032E-03  -0.109670E-03   0.248938E-01   0.473976E-02   0.100000E-03
 670   0.349657E-03   0.100500E-03   0.264050E-01   0.487722E-02   0.200000E-03
 671   0.119767E-02   0.186650E-03   0.285306E-01   0.530366E-02   0.200000E-03
 672   0.870882E-03   0.925617E-04   0.281307E-01   0.510526E-02   0.250000E-03
 673  -0.180000E-06  -0.795966E-04   0.310283E-01   0.558593E-02   0.350000E-03
 674   0.162433E-02  -0.207012E-03   0.315464E-01   0.511910E-02   0.350000E-03
 675   0.162834E-02  -0.489905E-04   0.325010E-01   0.425822E-02   0.250000E-03
 676   0.136978E-02   0.381844E-03   0.347847E-01   0.478463E-02   0.250000E-03
 677   0.119002E-02  -0.179937E-03   0.369684E-01   0.598495E-02   0.400000E-03
 678   0.131915E-02   0.361827E-03   0.374283E-01   0.537784E-02   0.250000E-03
 679   0.898545E-03   0.111400E-03   0.390903E-01   0.542019E-02   0.200000E-03
 680   0.971068E-03   0.112916E-03   0.392601E-01   0.489824E-02   0.350000E-03
 681   0.274449E-03   0.577902E-04   0.410883E-01   0.387379E-02   0.250000E-03
 682   0.266058E-04  -0.381544E-03   0.421316E-01   0.340236E-02   0.250000E-03
 683  -0.333590E-03   0.220899E-03   0.440186E-01   0.454609E-02   0.500000E-03
 684  -0.318187E-03  -0.363599E-03   0.440405E-01   0.339358E-02   0.300000E-03
 685  -0.604169E-05   0.546898E-03   0.349451E-03   0.724992E-02   0.350000E-03
 686   0.253995E-03   0.102146E-02   0.332881E-02   0.557850E-02   0.350000E-03
 687   0.294168E-03   0.630782E-03   0.331494E-02   0.493144E-02   0.300000E-03
 688   0.434972E-04   0.704643E-03   0.501634E-02   0.481661E-02   0.250000E-03
 689  -0.113613E-03   0.167866E-03   0.706210E-02   0.480230E-02   0.200000E-03
 690   0.228096E-04   0.442071E-04   0.759942E-02   0.598701E-02   0.350000E-03
 691  -0.458204E-04   0.113076E-03   0.878056E-02   0.647443E-02   0.350000E-03
 692  -0.348362E-03   0.209309E-03   0.990112E-02   0.624276E-02   0.300000E-03
 693  -0.299607E-03   0.293641E-03   0.104005E-01   0.646921E-02   0.250000E-03
 694   0.137166E-03   0.104685E-04   0.111215E-01   0.583426E-02   0.350000E-03
 695  -0.509725E-04  -0.227685E-04   0.129013E-01   0.599880E-02   0.350000E-03
 696  -0.576793E-04   0.288603E-03   0.146229E-01   0.718363E-02   0.250000E-03
 697  -0.231684E-03  -0.923971E-04   0.143335E-01   0.660166E-02   0.400000E-03
 698  -0.923442E-03  -0.243835E-03   0.156466E-01   0.654532E-02   0.400000E-03
 699   0.196843E-03   0.442501E-03   0.170744E-01   0.658733E-02   0.450000E-03
 700   0.494227E-03   0.597976E-03   0.182288E-01   0.683206E-02   0.300000E-03
 701   0.158159E-03   0.630093E-03   0.195691E-01   0.662435E-02   0.300000E-03
 702   0.813771E-03   0.378175E-03   0.204526E-01   0.682439E-02   0.400000E-03
 703   0.825713E-03   0.311648E-03   0.230650E-01   0.593690E-02   0.400000E-03
 704   0.105081E-03   0.252789E-03   0.241829E-01   0.552692E-02   0.400000E-03
 705   0.530545E-03  -0.244080E-03   0.251714E-01   0.500221E-02   0.250000E-03
 706   0.181624E-03   0.158978E-03   0.259848E-01   0.503707E-02   0.250000E-03
 707   0.637137E-03   0.204645E-04   0.269875E-01   0.507665E-02   0.400000E-03
 708   0.778874E-03   0.344286E-03   0.298875E-01   0.542201E-02   0.250000E-03
 709   0.179467E-02  -0.163925E-03   0.320762E-01   0.526367E-02   0.200000E-03
 710   0.172301E-02  -0.180973E-03   0.326384E-01   0.501388E-02   0.250000E-03
 711   0.146982E-02   0.627608E-03   0.337237E-01   0.461148E-02   0.350000E-03
 712   0.114306E-02   0.702603E-04   0.351327E-01   0.520958E-02   0.300000E-03
 713   0.104961E-02  -0.206180E-03   0.381569E-01   0.636653E-02   0.350000E-03
 714   0.120735E-02   0.275387E-03   0.379301E-01   0.570161E-02   0.350000E-03
 715   0.104370E-02  -0.577271E-06   0.388203E-01   0.563951E-02   0.150000E-03
 716   0.890101E-03   0.318808E-03   0.397257E-01   0.452930E-02   0.250000E-03
 717   0.106605E-02  -0.399980E-03   0.400609E-01   0.366004E-02   0.150000E-03
 718   0.359025E-04  -0.652326E-03   0.421639E-01   0.389987E-02   0.250000E-03
 719  -0.822461E-04  -0.415672E-03   0.448013E-01   0.544571E-02   0.200000E-03
 720   0.125085E-03   0.920985E-04   0.434037E-01   0.727513E-02   0.350000E-03
 721  -0.477878E-05   0.273094E-03   0.215260E-02   0.402100E-02   0.200000E-03
 722   0.243894E-03   0.631186E-03   0.202722E-02   0.509511E-02   0.300000E-03
 723   0.304461E-03   0.318565E-03   0.425344E-02   0.458268E-02   0.250000E-03
 724   0.357552E-04   0.267379E-03   0.602385E-02   0.486006E-02   0.400000E-03
 725  -0.179039E-03   0.182740E-03   0.691938E-02   0.512118E-02   0.150000E-03
 726  -0.786931E-04   0.163611E-03   0.651388E-02   0.548891E-02   0.400000E-03
 727  -0.287374E-03  -0.542482E-04   0.823009E-02   0.613617E-02   0.300000E-03
 728  -0.118169E-03   0.105329E-03   0.937253E-02   0.638842E-02   0.250000E-03
 729  -0.777370E-04   0.187591E-03   0.971427E-02   0.681800E-02   0.300000E-03
 730   0.735052E-04   0.341904E-03   0.123565E-01   0.559947E-02   0.250000E-03
 731  -0.272685E-03   0.477617E-04   0.122301E-01   0.619327E-02   0.350000E-03
 732  -0.235796E-03   0.110160E-03   0.131226E-01   0.659916E-02   0.250000E-03
 733   0.174659E-03   0.765890E-04   0.149496E-01   0.680558E-02   0.250000E-03
 734  -0.356544E-03   0.952507E-04   0.161542E-01   0.688462E-02   0.200000E-03
 735   0.417027E-03   0.638451E-03   0.176547E-01   0.713614E-02   0.350000E-03
 736   0.447623E-03   0.582515E-03   0.191437E-01   0.721234E-02   0.400000E-03
 737   0.173178E-03   0.650815E-03   0.198401E-01   0.715816E-02   0.300000E-03
 738   0.687217E-03   0.186734E-03   0.215256E-01   0.699749E-02   0.400000E-03
 739   0.700789E-03   0.401195E-03   0.224731E-01   0.639521E-02   0.350000E-03
 740   0.227832E-03   0.160150E-03   0.237802E-01   0.615592E-02   0.350000E-03
 741   0.661101E-03   0.962224E-04   0.248369E-01   0.560972E-02   0.250000E-03
 742   0.311900E-03   0.783489E-04   0.263923E-01   0.532658E-02   0.250000E-03
 743   0.864117E-03   0.804676E-04   0.276332E-01   0.513953E-02   0.250000E-03
 744   0.805376E-03   0.369061E-03   0.289079E-01   0.517877E-02   0.200000E-03
 745   0.184795E-02   0.185272E-03   0.316136E-01   0.571520E-02   0.250000E-03
 746   0.175828E-02   0.967456E-04   0.328044E-01   0.559032E-02   0.350000E-03
 747   0.178763E-02   0.966323E-04   0.332794E-01   0.514899E-02   0.300000E-03
 748   0.133386E-02   0.281401E-03   0.356805E-01   0.485854E-02   0.350000E-03
 749   0.120321E-02   0.277881E-03   0.363151E-01   0.545672E-02   0.300000E-03
 750   0.822089E-03   0.214019E-03   0.385026E-01   0.587729E-02   0.250000E-03
 751   0.118727E-02   0.537006E-04   0.391552E-01   0.593283E-02   0.300000E-03
 752   0.102709E-02   0.315123E-03   0.401789E-01   0.422837E-02   0.300000E-03
 753   0.130237E-02   0.653703E-04   0.407021E-01   0.298510E-02   0.150000E-03
 754  -0.339020E-03  -0.297490E-03   0.418870E-01   0.418581E-02   0.150000E-03
 755  -0.724315E-03   0.498487E-03   0.425413E-01   0.414940E-02   0.150000E-03
 756   0.382012E-04  -0.982032E-04   0.431049E-01   0.669817E-02   0.300000E-03
 757   0.103508E-03   0.102455E-03   0.183952E-02   0.447288E-02   0.350000E-03
 758   0.266277E-03   0.979868E-03   0.402135E-02   0.565305E-02   0.350000E-03
 759  -0.317475E-04   0.597951E-03   0.390906E-02   0.501083E-02   0.300000E-03
 760   0.275862E-04   0.434360E-03   0.472553E-02   0.556464E-02   0.300000E-03
 761  -0.137068E-03   0.449851E-03   0.539065E-02   0.534683E-02   0.400000E-03
 762  -0.299472E-03   0.310037E-03   0.589022E-02   0.590271E-02   0.350000E-03
 763  -0.114239E-03   0.119470E-03   0.688090E-02   0.619659E-02   0.400000E-03
 764  -0.255737E-03  -0.314973E-03   0.815543E-02   0.673114E-02   0.300000E-03
 765   0.152390E-03   0.295416E-04   0.115551E-01   0.637764E-02   0.350000E-03
 766  -0.225984E-03   0.444880E-04   0.117642E-01   0.574113E-02   0.300000E-03
 767  -0.152128E-03   0.153083E-03   0.126836E-01   0.650289E-02   0.200000E-03
 768  -0.372859E-04  -0.185876E-03   0.137263E-01   0.682950E-02   0.250000E-03
 769   0.131654E-04  -0.236196E-03   0.152467E-01   0.732623E-02   0.350000E-03
 770  -0.111720E-03  -0.113995E-03   0.158310E-01   0.719618E-02   0.250000E-03
 771  -0.188046E-03   0.832027E-03   0.165554E-01   0.676899E-02   0.100000E-03
 772   0.396908E-03   0.545753E-03   0.185032E-01   0.730505E-02   0.250000E-03
 773   0.671426E-03   0.257808E-03   0.202309E-01   0.773768E-02   0.400000E-03
 774   0.668007E-03   0.205338E-03   0.209075E-01   0.741673E-02   0.350000E-03
 775   0.865183E-03  -0.428213E-03   0.233177E-01   0.653594E-02   0.250000E-03
 776   0.618646E-03  -0.241490E-03   0.249313E-01   0.604908E-02   0.200000E-03
 777  -0.393894E-04   0.992044E-05   0.255852E-01   0.483143E-02   0.200000E-03
 778   0.630682E-04   0.158026E-03   0.259760E-01   0.548593E-02   0.200000E-03
 779   0.830107E-03   0.967773E-04   0.279151E-01   0.561034E-02   0.300000E-03
 780   0.841715E-03   0.166479E-03   0.294207E-01   0.580704E-02   0.350000E-03
 781   0.121111E-03  -0.200703E-03   0.307257E-01   0.604439E-02   0.200000E-03
 782   0.185654E-02   0.191438E-03   0.321615E-01   0.575570E-02   0.300000E-03
 783   0.143715E-02   0.309590E-04   0.339140E-01   0.528349E-02   0.350000E-03
 784   0.111715E-02   0.225177E-03   0.344619E-01   0.522717E-02   0.200000E-03
 785   0.139322E-02   0.281352E-03   0.356777E-01   0.555815E-02   0.350000E-03
 786   0.100371E-02  -0.212609E-03   0.375842E-01   0.619115E-02   0.250000E-03
 787   0.101406E-02  -0.284840E-04   0.397188E-01   0.613253E-02   0.300000E-03
 788   0.100585E-02   0.951998E-04   0.396347E-01   0.548850E-02   0.350000E-03
 789   0.109824E-02   0.197026E-03   0.405534E-01   0.376345E-02   0.300000E-03
 790  -0.123013E-03  -0.411416E-03   0.414516E-01   0.428058E-02   0.300000E-03
 791  -0.360756E-03  -0.440482E-03   0.430966E-01   0.434983E-02   0.350000E-03
 792  -0.925560E-03  -0.376910E-03   0.438708E-01   0.517889E-02   0.150000E-03
 793   0.933136E-04   0.985214E-03   0.284217E-02   0.547343E-02   0.150000E-03
 794   0.229805E-03   0.268132E-03   0.245127E-02   0.545282E-02   0.150000E-03
 795   0.424930E-03   0.817299E-03   0.436040E-02   0.522390E-02   0.200000E-03
 796   0.388340E-03   0.614894E-03   0.266559E-02   0.646356E-02   0.300000E-03
 797  -0.159719E-03   0.471588E-03   0.449596E-02   0.623233E-02   0.400000E-03
 798  -0.871772E-04   0.434441E-03   0.515763E-02   0.600550E-02   0.300000E-03
 799  -0.178155E-04   0.131228E-03   0.750762E-02   0.667776E-02   0.350000E-03
 800  -0.107386E-03  -0.312321E-03   0.883249E-02   0.707093E-02   0.250000E-03
 801  -0.831502E-04   0.424256E-03   0.108168E-01   0.674252E-02   0.250000E-03
 802  -0.689647E-04   0.478802E-03   0.112850E-01   0.691217E-02   0.250000E-03
 803  -0.140595E-03  -0.255597E-03   0.120175E-01   0.675364E-02   0.250000E-03
 804  -0.301408E-03  -0.121505E-03   0.132674E-01   0.712962E-02   0.300000E-03
 805  -0.401550E-03   0.340496E-03   0.140775E-01   0.725298E-02   0.300000E-03
 806  -0.494289E-04  -0.315782E-03   0.157061E-01   0.762738E-02   0.200000E-03
 807   0.157511E-03   0.369992E-03   0.180755E-01   0.756332E-02   0.250000E-03
 808   0.438940E-03  -0.161649E-03   0.191642E-01   0.806142E-02   0.450000E-03
 809   0.603213E-03   0.198773E-03   0.214922E-01   0.769741E-02   0.300000E-03
 810   0.822913E-03   0.236096E-03   0.222242E-01   0.699026E-02   0.300000E-03
 811   0.266955E-03   0.455601E-03   0.238205E-01   0.680228E-02   0.300000E-03
 812  -0.113855E-03   0.151615E-04   0.244471E-01   0.617443E-02   0.300000E-03
 813   0.684733E-03   0.810251E-04   0.254319E-01   0.553740E-02   0.350000E-03
 814   0.819006E-03   0.171602E-03   0.273934E-01   0.551717E-02   0.200000E-03
 815   0.997248E-03   0.120593E-03   0.286753E-01   0.588410E-02   0.400000E-03
 816   0.551916E-05   0.134684E-03   0.311976E-01   0.610576E-02   0.200000E-03
 817   0.761280E-03  -0.311249E-03   0.302352E-01   0.629573E-02   0.300000E-03
 818   0.180247E-02   0.141628E-03   0.325710E-01   0.619342E-02   0.300000E-03
 819   0.186725E-02   0.140687E-03   0.334396E-01   0.572639E-02   0.300000E-03
 820   0.105210E-02   0.168316E-03   0.347261E-01   0.564989E-02   0.300000E-03
 821   0.124358E-02  -0.196440E-04   0.362412E-01   0.604976E-02   0.300000E-03
 822   0.782757E-03  -0.230999E-03   0.378343E-01   0.693059E-02   0.300000E-03
 823   0.931620E-03   0.306667E-03   0.387541E-01   0.630899E-02   0.250000E-03
 824   0.469443E-03  -0.201290E-03   0.408150E-01   0.555345E-02   0.350000E-03
 825   0.897779E-03   0.233284E-03   0.402554E-01   0.498394E-02   0.450000E-03
 826   0.250410E-03   0.370055E-04   0.408044E-01   0.440142E-02   0.350000E-03
 827   0.109379E-03  -0.279251E-04   0.422270E-01   0.439536E-02   0.250000E-03
 828   0.186911E-03  -0.457050E-03   0.402831E-01   0.692118E-02   0.350000E-03
 829   0.362018E-03   0.525001E-03   0.262647E-02   0.586629E-02   0.300000E-03
 830   0.402954E-04   0.360889E-02   0.299911E-03   0.520390E-02   0.300000E-03
 831  -0.130550E-03  -0.264074E-02   0.313083E-03   0.570245E-02   0.200000E-03
 832   0.405569E-03   0.556451E-03   0.310549E-02   0.613402E-02   0.250000E-03
 833   0.123478E-03  -0.213430E-03   0.327776E-02   0.665460E-02   0.300000E-03
 834   0.182537E-04   0.470758E-03   0.508966E-02   0.660100E-02   0.300000E-03
 835  -0.288106E-03   0.191437E-03   0.573326E-02   0.678697E-02   0.300000E-03
 836  -0.154056E-04   0.272509E-03   0.755270E-02   0.737411E-02   0.350000E-03
 837  -0.737326E-04   0.189023E-03   0.108206E-01   0.629352E-02   0.200000E-03
 838  -0.380509E-03   0.263224E-03   0.117500E-01   0.729016E-02   0.350000E-03
 839  -0.576524E-04  -0.144296E-03   0.125705E-01   0.709167E-02   0.400000E-03
 840  -0.478748E-03  -0.139038E-04   0.141514E-01   0.786726E-02   0.300000E-03
 841  -0.157970E-03  -0.823713E-04   0.147328E-01   0.772226E-02   0.300000E-03
 842  -0.825836E-03   0.603056E-03   0.170611E-01   0.739906E-02   0.300000E-03
 843   0.407070E-03  -0.239491E-04   0.185144E-01   0.780232E-02   0.250000E-03
 844   0.449577E-03   0.615024E-03   0.198638E-01   0.833255E-02   0.300000E-03
 845   0.683377E-03   0.456025E-03   0.208934E-01   0.811509E-02   0.350000E-03
 846   0.890422E-03   0.901852E-04   0.220005E-01   0.749126E-02   0.250000E-03
 847   0.766024E-03   0.209858E-03   0.232931E-01   0.708516E-02   0.300000E-03
 848   0.337907E-03   0.419536E-03   0.245157E-01   0.687599E-02   0.400000E-03
 849   0.733240E-03  -0.263972E-03   0.254493E-01   0.623289E-02   0.350000E-03
 850   0.526575E-03   0.557153E-03   0.267496E-01   0.562389E-02   0.200000E-03
 851   0.704637E-03   0.188927E-03   0.266314E-01   0.610719E-02   0.300000E-03
 852   0.343420E-03   0.135812E-03   0.299198E-01   0.582061E-02   0.150000E-03
 853   0.191315E-02   0.175953E-04   0.317058E-01   0.630985E-02   0.350000E-03
 854   0.174367E-02  -0.336702E-04   0.327871E-01   0.680519E-02   0.350000E-03
 855   0.173262E-02   0.411196E-03   0.331671E-01   0.626044E-02   0.300000E-03
 856   0.145957E-02  -0.761474E-04   0.341225E-01   0.600107E-02   0.400000E-03
 857   0.127453E-02   0.400678E-03   0.352138E-01   0.607866E-02   0.350000E-03
 858   0.117714E-02  -0.177897E-03   0.365642E-01   0.655447E-02   0.300000E-03
 859   0.117477E-02  -0.227197E-04   0.392822E-01   0.646664E-02   0.250000E-03
 860   0.411233E-03  -0.180920E-03   0.402103E-01   0.578694E-02   0.300000E-03
 861   0.193375E-03  -0.175855E-03   0.415120E-01   0.556847E-02   0.350000E-03
 862   0.276405E-03  -0.727758E-03   0.409765E-01   0.497588E-02   0.250000E-03
 863  -0.210505E-03   0.253582E-03   0.432728E-01   0.512950E-02   0.450000E-03
 864  -0.353721E-03   0.270709E-03   0.445507E-01   0.604414E-02   0.450000E-03
 865  -0.810110E-04   0.603611E-03   0.137961E-02   0.504926E-02   0.350000E-03
 866  -0.491939E-03   0.103210E-03   0.171125E-02   0.548281E-02   0.200000E-03
 867   0.422034E-04   0.501944E-03   0.204854E-02   0.626243E-02   0.350000E-03
 868   0.280742E-03  -0.843662E-03   0.366297E-02   0.619500E-02   0.300000E-03
 869   0.134033E-03   0.658211E-04   0.334411E-02   0.719793E-02   0.250000E-03
 870  -0.320792E-03   0.219299E-03   0.623207E-02   0.645417E-02   0.300000E-03
 871  -0.137727E-03   0.152417E-03   0.689573E-02   0.689551E-02   0.300000E-03
 872  -0.849602E-04   0.113260E-03   0.921455E-02   0.680900E-02   0.200000E-03
 873  -0.263632E-03   0.136230E-03   0.102844E-01   0.700428E-02   0.300000E-03
 874  -0.487089E-04   0.203816E-03   0.117031E-01   0.796609E-02   0.300000E-03
 875  -0.331312E-03   0.311740E-03   0.122453E-01   0.770943E-02   0.300000E-03
 876  -0.114352E-03   0.106298E-03   0.136057E-01   0.762203E-02   0.300000E-03
 877  -0.268282E-03   0.744727E-03   0.146551E-01   0.831590E-02   0.300000E-03
 878  -0.667525E-04   0.644892E-03   0.164125E-01   0.736761E-02   0.350000E-03
 879   0.455635E-03   0.423726E-03   0.175116E-01   0.771693E-02   0.250000E-03
 880   0.372851E-03   0.155902E-03   0.176667E-01   0.824365E-02   0.300000E-03
 881   0.881339E-03   0.327476E-03   0.219887E-01   0.804044E-02   0.300000E-03
 882   0.751450E-03   0.204807E-03   0.227484E-01   0.715263E-02   0.250000E-03
 883  -0.930585E-03  -0.183113E-03   0.229250E-01   0.660700E-02   0.150000E-03
 884   0.332022E-03   0.483461E-03   0.240048E-01   0.742430E-02   0.350000E-03
 885   0.742121E-04   0.710037E-03   0.261266E-01   0.737083E-02   0.400000E-03
 886   0.109823E-04   0.269819E-04   0.260464E-01   0.597910E-02   0.300000E-03
 887   0.983752E-03   0.126893E-03   0.285607E-01   0.662360E-02   0.350000E-03
 888   0.761997E-03  -0.149222E-03   0.295479E-01   0.659510E-02   0.450000E-03
 889   0.173544E-03   0.118632E-04   0.308841E-01   0.667437E-02   0.450000E-03
 890   0.190635E-02   0.134946E-04   0.322205E-01   0.661366E-02   0.250000E-03
 891   0.179403E-02  -0.721812E-03   0.337320E-01   0.663958E-02   0.350000E-03
 892   0.161900E-02   0.886479E-04   0.346640E-01   0.658729E-02   0.400000E-03
 893   0.954828E-03   0.185130E-03   0.357673E-01   0.641652E-02   0.300000E-03
 894   0.108281E-02  -0.179148E-03   0.385897E-01   0.678095E-02   0.250000E-03
 895   0.120996E-02  -0.127059E-03   0.391002E-01   0.698509E-02   0.300000E-03
 896   0.515618E-04  -0.685752E-03   0.419100E-01   0.694863E-02   0.300000E-03
 897   0.400414E-03  -0.706819E-05   0.424641E-01   0.660476E-02   0.350000E-03
 898  -0.542180E-03  -0.374095E-03   0.426173E-01   0.461716E-02   0.200000E-03
 899   0.431844E-03   0.195112E-03   0.424781E-01   0.518659E-02   0.350000E-03
 900   0.103790E-03   0.490665E-03   0.438293E-01   0.570003E-02   0.350000E-03
 901   0.689784E-05  -0.504898E-04   0.129148E-02   0.563995E-02   0.250000E-03
 902   0.193246E-03  -0.483239E-04   0.306934E-02   0.761509E-02   0.250000E-03
 903   0.368641E-04   0.355996E-03   0.211666E-02   0.566740E-02   0.250000E-03
 904   0.295317E-03   0.103153E-03   0.275136E-02   0.710654E-02   0.350000E-03
 905   0.296558E-03  -0.143504E-03   0.398277E-02   0.690919E-02   0.450000E-03
 906   0.348099E-04   0.215976E-04   0.584634E-02   0.733064E-02   0.250000E-03
 907  -0.253481E-03   0.296625E-03   0.554026E-02   0.632614E-02   0.200000E-03
 908  -0.134903E-03   0.209083E-03   0.883637E-02   0.762008E-02   0.300000E-03
 909  -0.741325E-04   0.231240E-03   0.933908E-02   0.729242E-02   0.300000E-03
 910  -0.265748E-03   0.239313E-03   0.101238E-01   0.804629E-02   0.300000E-03
 911  -0.154574E-03   0.110306E-03   0.112629E-01   0.763820E-02   0.250000E-03
 912  -0.247897E-03   0.762825E-03   0.151313E-01   0.858975E-02   0.250000E-03
 913   0.222684E-04  -0.264278E-04   0.153233E-01   0.802157E-02   0.350000E-03
 914   0.165432E-03  -0.957477E-04   0.161335E-01   0.811616E-02   0.450000E-03
 915  -0.747050E-03  -0.899284E-04   0.169830E-01   0.809453E-02   0.400000E-03
 916   0.140503E-03   0.715608E-03   0.204195E-01   0.855772E-02   0.300000E-03
 917  -0.387410E-03   0.669227E-05   0.199975E-01   0.898326E-02   0.300000E-03
 918   0.790430E-03   0.954495E-04   0.225551E-01   0.771981E-02   0.350000E-03
 919   0.733616E-03   0.763358E-03   0.232554E-01   0.773356E-02   0.350000E-03
 920   0.720102E-03   0.468762E-03   0.248432E-01   0.638728E-02   0.150000E-03
 921   0.499505E-04   0.353042E-03   0.234310E-01   0.845806E-02   0.350000E-03
 922   0.424896E-05   0.241479E-03   0.260282E-01   0.662771E-02   0.350000E-03
 923   0.872817E-03   0.353165E-03   0.279630E-01   0.625758E-02   0.350000E-03
 924   0.522845E-03   0.286306E-03   0.289880E-01   0.729938E-02   0.450000E-03
 925   0.108078E-03  -0.328905E-03   0.310878E-01   0.744768E-02   0.350000E-03
 926   0.193035E-02  -0.992667E-04   0.315830E-01   0.694692E-02   0.300000E-03
 927   0.134637E-02  -0.970822E-04   0.336437E-01   0.719791E-02   0.200000E-03
 928   0.144182E-02  -0.383655E-03   0.341721E-01   0.649764E-02   0.100000E-03
 929   0.147492E-02   0.758731E-04   0.372318E-01   0.668676E-02   0.350000E-03
 930  -0.863438E-04  -0.135633E-03   0.412121E-01   0.663118E-02   0.300000E-03
 931   0.184535E-03  -0.212536E-03   0.411823E-01   0.606548E-02   0.250000E-03
 932   0.988333E-03  -0.113268E-03   0.397334E-01   0.668159E-02   0.250000E-03
 933   0.134275E-03  -0.211488E-03   0.418028E-01   0.625703E-02   0.400000E-03
 934  -0.900176E-04  -0.361617E-03   0.412427E-01   0.467790E-02   0.150000E-03
 935   0.154278E-03  -0.713504E-05   0.417965E-01   0.488148E-02   0.400000E-03
 936   0.673821E-03  -0.629315E-04   0.433629E-01   0.615221E-02   0.300000E-03
 937   0.104153E-03   0.546342E-03   0.104159E-02   0.714887E-02   0.350000E-03
 938  -0.194120E-03   0.236865E-03   0.298418E-03   0.620162E-02   0.300000E-03
 939   0.956045E-04   0.332167E-04   0.369178E-02   0.768441E-02   0.350000E-03
 940   0.707856E-03  -0.381490E-03   0.788532E-03   0.585723E-02   0.300000E-03
 941  -0.273220E-04   0.600163E-03   0.167583E-02   0.685401E-02   0.350000E-03
 942  -0.158381E-03   0.202318E-04   0.454135E-02   0.768634E-02   0.500000E-03
 943  -0.117544E-03  -0.121369E-04   0.525653E-02   0.722841E-02   0.350000E-03
 944  -0.315442E-03   0.189871E-03   0.631581E-02   0.704683E-02   0.300000E-03
 945  -0.115954E-03   0.127669E-03   0.108387E-01   0.729088E-02   0.300000E-03
 946  -0.845448E-04   0.220133E-03   0.986267E-02   0.745742E-02   0.250000E-03
 947  -0.435022E-03   0.270043E-03   0.129455E-01   0.797571E-02   0.450000E-03
 948  -0.301503E-03   0.668672E-04   0.125646E-01   0.856243E-02   0.250000E-03
 949  -0.477114E-03   0.717191E-03   0.156690E-01   0.870432E-02   0.300000E-03
 950   0.104340E-03   0.610978E-03   0.139963E-01   0.855008E-02   0.400000E-03
 951  -0.201927E-03  -0.556093E-03   0.166155E-01   0.869005E-02   0.300000E-03
 952   0.130943E-03   0.171553E-03   0.182146E-01   0.820166E-02   0.250000E-03
 953   0.275526E-03  -0.536495E-03   0.211128E-01   0.867325E-02   0.250000E-03
 954   0.861964E-03   0.262389E-03   0.225885E-01   0.856888E-02   0.500000E-03
 955   0.643173E-03  -0.378160E-03   0.238033E-01   0.798843E-02   0.250000E-03
 956   0.382660E-03  -0.953063E-04   0.255714E-01   0.701571E-02   0.250000E-03
 957   0.631495E-03   0.271683E-03   0.272073E-01   0.724890E-02   0.350000E-03
 958   0.737759E-03   0.365619E-03   0.267169E-01   0.674978E-02   0.350000E-03
 959   0.820679E-03   0.188090E-03   0.272787E-01   0.605257E-02   0.350000E-03
 960   0.744190E-03  -0.132284E-03   0.302052E-01   0.684346E-02   0.250000E-03
 961   0.183056E-02   0.631344E-05   0.321374E-01   0.795778E-02   0.400000E-03
 962   0.190940E-02  -0.186759E-03   0.316860E-01   0.748667E-02   0.250000E-03
 963   0.115514E-02  -0.221446E-03   0.333065E-01   0.698419E-02   0.200000E-03
 964   0.287482E-03  -0.970938E-04   0.353240E-01   0.681932E-02   0.300000E-03
 965   0.812618E-03   0.443019E-04   0.361027E-01   0.685193E-02   0.250000E-03
 966   0.127861E-02   0.228375E-03   0.367211E-01   0.723599E-02   0.400000E-03
 967  -0.113426E-04  -0.130330E-03   0.406417E-01   0.632090E-02   0.350000E-03
 968   0.406142E-03  -0.891638E-04   0.401534E-01   0.623320E-02   0.150000E-03
 969  -0.122412E-03  -0.886653E-04   0.447508E-01   0.710719E-02   0.250000E-03
 970  -0.173142E-03  -0.136609E-03   0.442474E-01   0.678265E-02   0.350000E-03
 971   0.430244E-03  -0.156033E-03   0.427113E-01   0.589745E-02   0.400000E-03
 972   0.209112E-03  -0.905469E-04   0.436518E-01   0.672916E-02   0.250000E-03
 973   0.687884E-03   0.232289E-03   0.840052E-03   0.531016E-02   0.250000E-03
 974  -0.143446E-04  -0.107616E-03   0.399635E-02   0.820112E-02   0.250000E-03
 975   0.443311E-04   0.505758E-03   0.134931E-02   0.623511E-02   0.350000E-03
 976   0.713541E-04   0.433478E-03   0.782829E-03   0.655306E-02   0.300000E-03
 977   0.726656E-05   0.189586E-03   0.727758E-02   0.790638E-02   0.250000E-03
 978  -0.158235E-03  -0.144963E-05   0.691389E-02   0.749445E-02   0.300000E-03
 979  -0.328325E-03   0.246374E-04   0.637295E-02   0.759285E-02   0.250000E-03
 980  -0.755770E-04   0.193969E-03   0.816282E-02   0.780860E-02   0.400000E-03
 981  -0.250756E-03   0.202896E-03   0.103536E-01   0.754778E-02   0.250000E-03
 982  -0.128574E-03   0.217433E-03   0.937962E-02   0.813631E-02   0.450000E-03
 983  -0.311455E-03   0.577461E-04   0.121716E-01   0.825387E-02   0.250000E-03
 984  -0.257228E-03   0.177511E-03   0.107701E-01   0.797861E-02   0.350000E-03
 985  -0.123864E-03   0.363666E-03   0.135788E-01   0.812010E-02   0.200000E-03
 986   0.104659E-03   0.185979E-03   0.190043E-01   0.916698E-02   0.300000E-03
 987  -0.326932E-04  -0.772209E-05   0.186177E-01   0.864499E-02   0.350000E-03
 988   0.639449E-03   0.419972E-03   0.194419E-01   0.875686E-02   0.300000E-03
 989   0.633376E-03  -0.321335E-03   0.195450E-01   0.929635E-02   0.250000E-03
 990   0.602706E-03   0.437961E-03   0.214787E-01   0.824628E-02   0.250000E-03
 991   0.118828E-05   0.303928E-03   0.246270E-01   0.774432E-02   0.350000E-03
 992   0.433941E-03  -0.121463E-03   0.250938E-01   0.729335E-02   0.300000E-03
 993   0.350991E-03   0.432098E-03   0.251505E-01   0.674723E-02   0.250000E-03
 994   0.814701E-03   0.564465E-04   0.273537E-01   0.664667E-02   0.250000E-03
 995   0.881552E-03   0.179112E-03   0.279163E-01   0.700548E-02   0.400000E-03
 996   0.713011E-03  -0.228441E-03   0.304483E-01   0.733542E-02   0.300000E-03
 997   0.765934E-03  -0.126691E-03   0.298711E-01   0.721528E-02   0.250000E-03
 998   0.187342E-02  -0.160884E-03   0.322186E-01   0.721266E-02   0.350000E-03
 999   0.129781E-02   0.167001E-03   0.330428E-01   0.734739E-02   0.250000E-03
1000   0.177238E-02  -0.116579E-03   0.341923E-01   0.716765E-02   0.350000E-03
