   1  -0.125529E-02  -0.635391E-03   0.112770E-01   0.845833E-02   0.350000E-03
   2  -0.164673E-02   0.219265E-02   0.148878E-03   0.149754E-03   0.150000E-03
   3   0.278153E-02  -0.520890E-02   0.459365E-02   0.447881E-03   0.450000E-03
   4  -0.312004E-02  -0.201942E-02   0.575343E-02   0.537813E-03   0.200000E-03
   5   0.210986E-02   0.385159E-05   0.575114E-02   0.999883E-04   0.100000E-03
   6  -0.261140E-02  -0.113584E-03   0.751467E-02   0.248623E-03   0.250000E-03
   7  -0.292199E-02  -0.153103E-03   0.814560E-02   0.398511E-03   0.400000E-03
   8  -0.147225E-02   0.245369E-02   0.889209E-02   0.348971E-03   0.350000E-03
   9  -0.422581E-03   0.568091E-03   0.934768E-02   0.545189E-03   0.150000E-03
  10   0.263714E-03   0.125570E-03   0.118158E-01   0.292439E-03   0.300000E-03
  11   0.147890E-03  -0.149770E-02   0.130589E-01   0.348565E-03   0.350000E-03
  12  -0.750445E-04  -0.608154E-03   0.147928E-01   0.195503E-03   0.200000E-03
  13  -0.235211E-03  -0.962395E-03   0.169450E-01   0.345765E-03   0.350000E-03
  14   0.188987E-02  -0.171086E-02   0.176435E-01   0.348407E-03   0.350000E-03
  15  -0.304127E-03  -0.142394E-02   0.188576E-01   0.412011E-03   0.400000E-03
  16   0.938121E-03  -0.173539E-02   0.196010E-01   0.346130E-03   0.350000E-03
  17  -0.603196E-03   0.213187E-02   0.205134E-01   0.339775E-03   0.350000E-03
  18  -0.596994E-03   0.744593E-03   0.219741E-01   0.349252E-03   0.350000E-03
  19   0.174798E-03   0.728875E-03   0.225642E-01   0.245845E-03   0.250000E-03
  20   0.230619E-03   0.426720E-03   0.230636E-01   0.246984E-03   0.250000E-03
  21   0.130939E-02  -0.988129E-03   0.244768E-01   0.249700E-03   0.250000E-03
  22  -0.116424E-03   0.709606E-03   0.257273E-01   0.199931E-03   0.200000E-03
  23   0.131955E-02  -0.741867E-03   0.267520E-01   0.994039E-04   0.100000E-03
  24   0.916731E-03  -0.145576E-02   0.282149E-01   0.397093E-03   0.400000E-03
  25  -0.166684E-03  -0.246921E-02   0.297810E-01   0.411641E-03   0.400000E-03
  26  -0.238971E-02  -0.152435E-02   0.305217E-01   0.333312E-03   0.350000E-03
  27  -0.169807E-02  -0.226253E-02   0.318596E-01   0.298163E-03   0.300000E-03
  28   0.149074E-03  -0.103968E-02   0.333161E-01   0.345343E-03   0.300000E-03
  29  -0.208655E-03  -0.186679E-02   0.355436E-01   0.444654E-03   0.450000E-03
  30  -0.973262E-03  -0.223985E-04   0.374042E-01   0.347052E-03   0.350000E-03
  31  -0.156687E-02   0.232703E-03   0.379947E-01   0.248669E-03   0.250000E-03
  32  -0.199123E-02  -0.196077E-03   0.401219E-01   0.197440E-03   0.200000E-03
  33   0.272766E-03   0.218324E-03   0.410114E-01   0.194611E-03   0.200000E-03
  34  -0.331065E-02  -0.784610E-03   0.446045E-01   0.879541E-03   0.400000E-03
  35  -0.190619E-02   0.320207E-02   0.446521E-01   0.192323E-02   0.350000E-03
  36   0.320240E-03  -0.255647E-03   0.864858E-02   0.831020E-02   0.300000E-03
  37  -0.744810E-03  -0.258374E-02   0.247249E-03   0.176792E-02   0.250000E-03
  38   0.184409E-02  -0.438847E-03   0.782355E-03   0.716775E-03   0.300000E-03
  39  -0.595480E-03   0.130804E-02   0.269795E-02   0.398747E-03   0.400000E-03
  40  -0.243823E-02  -0.267669E-02   0.618936E-02   0.299065E-03   0.300000E-03
  41   0.713584E-04  -0.211666E-02   0.688198E-02   0.391250E-03   0.400000E-03
  42  -0.807783E-03   0.108382E-02   0.730928E-02   0.999891E-03   0.350000E-03
  43   0.124103E-02  -0.180348E-02   0.861422E-02   0.936505E-03   0.300000E-03
  44  -0.837344E-03  -0.307773E-03   0.939133E-02   0.940899E-03   0.250000E-03
  45  -0.161731E-02   0.688830E-03   0.999229E-02   0.496048E-03   0.500000E-03
  46  -0.335612E-03  -0.118428E-02   0.107831E-01   0.299963E-03   0.300000E-03
  47  -0.216575E-02  -0.623229E-03   0.152660E-01   0.149906E-03   0.150000E-03
  48  -0.129921E-02   0.678095E-03   0.158484E-01   0.447072E-03   0.450000E-03
  49  -0.191658E-02   0.857282E-03   0.165122E-01   0.886911E-03   0.350000E-03
  50   0.228570E-04  -0.109777E-02   0.182330E-01   0.245881E-03   0.250000E-03
  51   0.314015E-04   0.269805E-03   0.193273E-01   0.872127E-03   0.250000E-03
  52  -0.153852E-02   0.798267E-04   0.200558E-01   0.147106E-03   0.150000E-03
  53  -0.953821E-04  -0.113696E-03   0.205160E-01   0.101469E-02   0.200000E-03
  54   0.169836E-03  -0.365903E-03   0.211616E-01   0.297974E-03   0.300000E-03
  55   0.301744E-03  -0.247092E-03   0.233996E-01   0.999325E-04   0.100000E-03
  56   0.499048E-03  -0.823304E-03   0.238439E-01   0.396602E-03   0.400000E-03
  57   0.622077E-03  -0.131101E-02   0.245159E-01   0.920995E-03   0.400000E-03
  58   0.113555E-02  -0.135562E-02   0.251100E-01   0.395320E-03   0.400000E-03
  59   0.326657E-03  -0.107110E-02   0.270317E-01   0.206000E-03   0.200000E-03
  60   0.922319E-04  -0.124231E-02   0.275231E-01   0.296102E-03   0.300000E-03
  61   0.147915E-02  -0.153851E-02   0.290955E-01   0.294413E-03   0.300000E-03
  62   0.110002E-03  -0.183452E-02   0.312166E-01   0.348548E-03   0.350000E-03
  63  -0.181883E-02  -0.110120E-02   0.328464E-01   0.196993E-03   0.200000E-03
  64  -0.225423E-02  -0.744711E-03   0.347523E-01   0.346094E-03   0.350000E-03
  65  -0.100528E-02  -0.319631E-03   0.363198E-01   0.610613E-03   0.350000E-03
  66  -0.643276E-03  -0.453293E-03   0.364383E-01   0.137200E-03   0.150000E-03
  67  -0.932922E-03   0.116451E-03   0.391392E-01   0.299083E-03   0.300000E-03
  68  -0.149525E-02   0.106661E-02   0.423022E-01   0.200050E-03   0.200000E-03
  69  -0.966981E-03  -0.687439E-03   0.438606E-01   0.826860E-03   0.350000E-03
  70   0.149438E-03  -0.123008E-02   0.423977E-01   0.719982E-02   0.250000E-03
  71   0.965741E-04   0.365888E-03   0.447016E-01   0.495606E-02   0.300000E-03
  72  -0.165667E-02  -0.644773E-02   0.447505E-01   0.248261E-03   0.250000E-03
  73  -0.230291E-03   0.496962E-03   0.256231E-02   0.793709E-02   0.350000E-03
  74   0.561305E-03   0.986795E-04   0.121002E-02   0.298501E-03   0.300000E-03
  75  -0.768607E-03  -0.565666E-03   0.392841E-02   0.247922E-03   0.250000E-03
  76   0.414692E-03  -0.928204E-04   0.523130E-02   0.923055E-03   0.350000E-03
  77  -0.299065E-03  -0.509066E-04   0.648089E-02   0.822514E-03   0.200000E-03
  78  -0.573835E-03  -0.104411E-02   0.666205E-02   0.133988E-02   0.350000E-03
  79  -0.111587E-02  -0.221737E-03   0.799377E-02   0.113112E-02   0.350000E-03
  80  -0.851424E-03  -0.599203E-03   0.903998E-02   0.129163E-02   0.250000E-03
  81  -0.396400E-03   0.542139E-03   0.106974E-01   0.958467E-03   0.350000E-03
  82   0.175388E-03  -0.721413E-04   0.133004E-01   0.948512E-03   0.300000E-03
  83   0.309548E-03  -0.946424E-03   0.137573E-01   0.346493E-03   0.350000E-03
  84  -0.187244E-03  -0.524962E-03   0.143471E-01   0.243660E-03   0.250000E-03
  85  -0.402466E-03  -0.242335E-03   0.154392E-01   0.100947E-02   0.250000E-03
  86   0.569948E-03   0.112468E-02   0.172916E-01   0.106483E-02   0.450000E-03
  87  -0.361069E-04   0.108824E-02   0.188680E-01   0.106119E-02   0.250000E-03
  88   0.841423E-03  -0.140738E-03   0.200631E-01   0.802778E-03   0.300000E-03
  89  -0.425756E-04  -0.185385E-03   0.203110E-01   0.160603E-02   0.400000E-03
  90   0.148828E-03   0.817358E-05   0.214926E-01   0.854083E-03   0.350000E-03
  91   0.312145E-03  -0.356134E-03   0.225879E-01   0.741325E-03   0.250000E-03
  92  -0.330908E-03  -0.364442E-03   0.231793E-01   0.832544E-03   0.350000E-03
  93   0.447478E-03  -0.513269E-03   0.238033E-01   0.114207E-02   0.350000E-03
  94   0.156617E-02  -0.305500E-03   0.252335E-01   0.113395E-02   0.350000E-03
  95   0.692529E-04  -0.211139E-02   0.273519E-01   0.919208E-03   0.350000E-03
  96   0.647792E-03  -0.156582E-02   0.280527E-01   0.117838E-02   0.400000E-03
  97  -0.714205E-03  -0.112890E-02   0.294577E-01   0.974019E-03   0.250000E-03
  98  -0.196416E-02  -0.100894E-02   0.303001E-01   0.108485E-02   0.450000E-03
  99   0.185758E-02  -0.193493E-02   0.324027E-01   0.247428E-03   0.250000E-03
 100  -0.543456E-03  -0.512557E-02   0.327238E-01   0.626614E-03   0.250000E-03
 101  -0.185977E-02   0.772783E-03   0.349622E-01   0.106244E-02   0.400000E-03
 102  -0.157427E-03  -0.158792E-03   0.368127E-01   0.269219E-03   0.250000E-03
 103  -0.308711E-03   0.701122E-03   0.376416E-01   0.894548E-03   0.250000E-03
 104  -0.504463E-03  -0.111577E-03   0.385415E-01   0.297051E-03   0.300000E-03
 105   0.309974E-03  -0.214412E-03   0.405667E-01   0.243394E-03   0.250000E-03
 106  -0.113584E-02   0.680613E-03   0.431914E-01   0.297172E-03   0.300000E-03
 107  -0.533749E-04   0.701845E-03   0.440779E-01   0.746066E-02   0.350000E-03
 108  -0.518276E-03  -0.167177E-04   0.349347E-01   0.745999E-02   0.450000E-03
 109   0.362965E-03  -0.642165E-04   0.243036E-03   0.634460E-03   0.250000E-03
 110  -0.581198E-03   0.154837E-02   0.538192E-03   0.236582E-03   0.250000E-03
 111  -0.850784E-03   0.487727E-03   0.190152E-02   0.397869E-03   0.400000E-03
 112   0.178341E-03  -0.558300E-03   0.323369E-02   0.923436E-03   0.350000E-03
 113  -0.878604E-03  -0.115846E-02   0.595417E-02   0.109925E-02   0.400000E-03
 114  -0.879136E-03  -0.690530E-03   0.717450E-02   0.153071E-02   0.200000E-03
 115  -0.112334E-02  -0.208142E-03   0.851967E-02   0.158235E-02   0.350000E-03
 116  -0.117098E-02  -0.269862E-03   0.984552E-02   0.133208E-02   0.350000E-03
 117  -0.540832E-03   0.870588E-03   0.113589E-01   0.740003E-03   0.350000E-03
 118  -0.120089E-03  -0.686390E-03   0.124132E-01   0.296351E-03   0.300000E-03
 119  -0.460659E-03  -0.561154E-03   0.142793E-01   0.783289E-03   0.300000E-03
 120   0.611514E-03   0.463923E-03   0.151099E-01   0.575150E-03   0.300000E-03
 121  -0.939345E-03   0.221509E-02   0.167319E-01   0.138651E-02   0.200000E-03
 122   0.328178E-03   0.152686E-02   0.181805E-01   0.940501E-03   0.450000E-03
 123   0.689943E-04   0.885213E-03   0.186095E-01   0.142409E-02   0.200000E-03
 124  -0.357752E-04   0.134072E-03   0.196974E-01   0.127572E-02   0.300000E-03
 125  -0.289494E-04   0.128967E-03   0.209006E-01   0.781134E-03   0.250000E-03
 126  -0.693265E-03   0.115359E-03   0.209478E-01   0.132412E-02   0.300000E-03
 127   0.113813E-03  -0.193965E-03   0.227244E-01   0.122029E-02   0.250000E-03
 128  -0.650691E-04  -0.763486E-04   0.230731E-01   0.164253E-02   0.300000E-03
 129   0.430664E-03   0.722543E-04   0.236195E-01   0.170165E-02   0.250000E-03
 130   0.191033E-02  -0.619262E-03   0.257275E-01   0.712360E-03   0.300000E-03
 131   0.817997E-03   0.120748E-03   0.263490E-01   0.395075E-03   0.400000E-03
 132   0.128942E-02  -0.193012E-02   0.275179E-01   0.144775E-02   0.200000E-03
 133   0.104181E-02  -0.979000E-03   0.288100E-01   0.927314E-03   0.400000E-03
 134   0.417055E-04  -0.582705E-03   0.311912E-01   0.109631E-02   0.400000E-03
 135  -0.118456E-02  -0.436617E-03   0.320377E-01   0.102474E-02   0.450000E-03
 136   0.699657E-03  -0.126179E-02   0.340077E-01   0.397255E-03   0.400000E-03
 137  -0.125904E-02   0.626485E-03   0.372142E-01   0.754082E-03   0.100000E-03
 138  -0.416702E-03   0.208479E-03   0.373901E-01   0.132238E-02   0.250000E-03
 139  -0.105731E-02   0.105203E-02   0.381753E-01   0.767220E-03   0.300000E-03
 140  -0.528475E-03  -0.962296E-04   0.396841E-01   0.278547E-03   0.250000E-03
 141  -0.152425E-02   0.210894E-03   0.414570E-01   0.249471E-03   0.250000E-03
 142   0.414083E-03   0.300027E-03   0.419023E-01   0.196908E-03   0.200000E-03
 143   0.274150E-03   0.279837E-03   0.438977E-01   0.629424E-02   0.250000E-03
 144  -0.320989E-03   0.188178E-03   0.296149E-01   0.770548E-02   0.300000E-03
 145  -0.178973E-03   0.106925E-03   0.294213E-03   0.331258E-02   0.300000E-03
 146  -0.255334E-03  -0.206934E-02   0.669090E-03   0.135157E-02   0.350000E-03
 147   0.267284E-03  -0.631004E-03   0.408270E-02   0.849517E-03   0.200000E-03
 148   0.430225E-03  -0.935043E-04   0.532517E-02   0.288560E-03   0.300000E-03
 149  -0.107073E-02  -0.101788E-02   0.612192E-02   0.192850E-02   0.450000E-03
 150   0.110608E-02  -0.110417E-02   0.756844E-02   0.147898E-02   0.200000E-03
 151  -0.865780E-03  -0.558429E-03   0.936859E-02   0.159687E-02   0.200000E-03
 152  -0.163526E-04  -0.356459E-03   0.103859E-01   0.140596E-02   0.200000E-03
 153  -0.412068E-03   0.660014E-03   0.112024E-01   0.136564E-02   0.300000E-03
 154   0.354873E-03  -0.525163E-03   0.126030E-01   0.966684E-03   0.400000E-03
 155   0.188788E-03  -0.944783E-04   0.137926E-01   0.888019E-03   0.200000E-03
 156  -0.401127E-03  -0.530608E-03   0.148266E-01   0.121530E-02   0.400000E-03
 157  -0.735369E-03  -0.228013E-03   0.159602E-01   0.139072E-02   0.400000E-03
 158   0.335791E-03   0.261822E-03   0.174153E-01   0.185206E-02   0.350000E-03
 159   0.424909E-03   0.509382E-03   0.178019E-01   0.146668E-02   0.200000E-03
 160   0.114374E-03   0.478036E-03   0.182164E-01   0.164038E-02   0.250000E-03
 161  -0.684986E-04  -0.228894E-03   0.196495E-01   0.181876E-02   0.250000E-03
 162  -0.155491E-03   0.120568E-03   0.209643E-01   0.182039E-02   0.200000E-03
 163  -0.958063E-04  -0.170087E-03   0.221327E-01   0.112840E-02   0.350000E-03
 164   0.134647E-03   0.791707E-03   0.227588E-01   0.219740E-02   0.300000E-03
 165   0.135869E-02  -0.484914E-04   0.248288E-01   0.157612E-02   0.250000E-03
 166   0.101313E-02  -0.517001E-03   0.256554E-01   0.155465E-02   0.250000E-03
 167  -0.399447E-03  -0.181128E-02   0.266361E-01   0.113248E-02   0.400000E-03
 168   0.582349E-03  -0.388358E-03   0.286065E-01   0.153961E-02   0.250000E-03
 169  -0.650131E-03  -0.601820E-03   0.302098E-01   0.171454E-02   0.200000E-03
 170  -0.254875E-04  -0.277419E-03   0.308008E-01   0.179226E-02   0.400000E-03
 171   0.255837E-03   0.841645E-04   0.335290E-01   0.904369E-03   0.300000E-03
 172   0.538655E-03   0.275685E-03   0.341725E-01   0.117761E-02   0.400000E-03
 173   0.139892E-03   0.116818E-02   0.356488E-01   0.118350E-02   0.300000E-03
 174  -0.607622E-03  -0.577711E-04   0.368667E-01   0.103882E-02   0.350000E-03
 175  -0.853695E-03  -0.335705E-04   0.390083E-01   0.883756E-03   0.300000E-03
 176  -0.102052E-02  -0.240815E-03   0.400763E-01   0.985212E-03   0.200000E-03
 177   0.659184E-03  -0.264089E-03   0.406055E-01   0.784230E-03   0.300000E-03
 178  -0.333838E-02   0.301887E-03   0.444012E-01   0.143905E-02   0.200000E-03
 179  -0.157387E-02   0.636310E-03   0.427022E-01   0.196832E-03   0.200000E-03
 180  -0.166287E-03  -0.202039E-03   0.400366E-01   0.752227E-02   0.300000E-03
 181   0.518516E-03  -0.106676E-02   0.197227E-03   0.108058E-02   0.200000E-03
 182  -0.821336E-03  -0.171460E-02   0.141095E-02   0.213746E-02   0.200000E-03
 183   0.186790E-03  -0.422432E-03   0.338556E-02   0.295396E-03   0.300000E-03
 184   0.451933E-03  -0.111321E-02   0.539550E-02   0.159551E-02   0.350000E-03
 185  -0.984632E-03   0.164181E-04   0.625177E-02   0.260736E-02   0.250000E-03
 186  -0.107756E-02  -0.340051E-03   0.679950E-02   0.187087E-02   0.200000E-03
 187   0.808018E-03  -0.102504E-02   0.792077E-02   0.182439E-02   0.300000E-03
 188  -0.820158E-04  -0.405337E-03   0.963635E-02   0.197635E-02   0.250000E-03
 189  -0.807942E-04   0.496715E-04   0.117350E-01   0.124992E-02   0.250000E-03
 190  -0.714142E-04  -0.557676E-03   0.119741E-01   0.814977E-03   0.250000E-03
 191  -0.152164E-04  -0.761732E-03   0.140196E-01   0.126703E-02   0.250000E-03
 192   0.117777E-03  -0.980660E-03   0.143278E-01   0.183437E-02   0.400000E-03
 193   0.875086E-03  -0.658600E-03   0.153321E-01   0.169938E-02   0.300000E-03
 194   0.180061E-03  -0.762278E-03   0.165289E-01   0.194482E-02   0.400000E-03
 195   0.455761E-03  -0.160602E-03   0.179717E-01   0.207614E-02   0.250000E-03
 196  -0.911445E-04   0.480979E-03   0.191556E-01   0.152957E-02   0.300000E-03
 197  -0.173066E-03  -0.427860E-03   0.200143E-01   0.229408E-02   0.350000E-03
 198   0.101674E-03  -0.313388E-03   0.206588E-01   0.221313E-02   0.300000E-03
 199   0.971972E-04   0.342452E-03   0.215165E-01   0.150152E-02   0.300000E-03
 200   0.413787E-03   0.248487E-03   0.222625E-01   0.215750E-02   0.200000E-03
 201   0.689884E-03  -0.157064E-03   0.242823E-01   0.157951E-02   0.300000E-03
 202   0.191430E-02  -0.169245E-02   0.259921E-01   0.119319E-02   0.250000E-03
 203  -0.357166E-03  -0.147830E-02   0.265973E-01   0.182646E-02   0.300000E-03
 204  -0.573800E-03  -0.142671E-02   0.270926E-01   0.159142E-02   0.250000E-03
 205  -0.565646E-03  -0.782412E-03   0.296267E-01   0.160052E-02   0.400000E-03
 206  -0.620905E-03   0.422475E-03   0.322632E-01   0.179039E-02   0.350000E-03
 207   0.101035E-03   0.393178E-04   0.328941E-01   0.129975E-02   0.450000E-03
 208   0.422270E-03   0.392247E-03   0.336055E-01   0.166491E-02   0.350000E-03
 209  -0.259710E-03   0.921665E-03   0.362432E-01   0.125123E-02   0.300000E-03
 210  -0.867560E-03   0.919996E-03   0.366422E-01   0.153834E-02   0.200000E-03
 211  -0.681986E-03   0.115500E-02   0.370577E-01   0.169318E-02   0.250000E-03
 212  -0.119025E-02   0.728961E-04   0.400456E-01   0.588170E-03   0.200000E-03
 213  -0.299943E-03  -0.191742E-04   0.411284E-01   0.623634E-03   0.250000E-03
 214   0.347335E-03   0.502272E-03   0.420816E-01   0.550863E-03   0.200000E-03
 215  -0.377666E-02  -0.321706E-03   0.443031E-01   0.149850E-03   0.150000E-03
 216   0.269444E-03   0.709986E-05   0.217339E-01   0.885402E-02   0.400000E-03
 217  -0.733702E-05  -0.762782E-03   0.146178E-01   0.896326E-02   0.350000E-03
 218   0.758891E-04  -0.163841E-02   0.875969E-03   0.201699E-02   0.350000E-03
 219   0.322323E-03  -0.603706E-03   0.373407E-02   0.653741E-03   0.200000E-03
 220   0.592646E-03  -0.444946E-03   0.458502E-02   0.129574E-02   0.400000E-03
 221  -0.211810E-05  -0.529325E-03   0.532891E-02   0.218294E-02   0.250000E-03
 222  -0.670254E-03  -0.288752E-03   0.731629E-02   0.205827E-02   0.350000E-03
 223  -0.124418E-02  -0.176749E-03   0.904365E-02   0.203548E-02   0.350000E-03
 224  -0.181296E-03  -0.618698E-03   0.102305E-01   0.192995E-02   0.350000E-03
 225  -0.218154E-03  -0.281937E-03   0.107486E-01   0.156720E-02   0.200000E-03
 226  -0.247267E-03  -0.194437E-03   0.122011E-01   0.153768E-02   0.300000E-03
 227  -0.149066E-03  -0.848121E-03   0.130517E-01   0.143398E-02   0.250000E-03
 228   0.803120E-04  -0.738432E-03   0.148865E-01   0.176121E-02   0.150000E-03
 229  -0.640786E-03  -0.769592E-03   0.158878E-01   0.203444E-02   0.250000E-03
 230   0.374358E-03  -0.473843E-03   0.175682E-01   0.248163E-02   0.300000E-03
 231   0.579287E-03  -0.349770E-03   0.183904E-01   0.230102E-02   0.200000E-03
 232  -0.162428E-04   0.380800E-03   0.186947E-01   0.191095E-02   0.300000E-03
 233  -0.260801E-03   0.157511E-03   0.192522E-01   0.233093E-02   0.400000E-03
 234   0.467126E-03   0.571272E-03   0.213730E-01   0.210523E-02   0.300000E-03
 235  -0.229470E-03   0.116184E-03   0.224485E-01   0.169165E-02   0.300000E-03
 236   0.568884E-03   0.110224E-02   0.233523E-01   0.217127E-02   0.300000E-03
 237   0.561987E-03   0.532122E-03   0.239997E-01   0.216300E-02   0.350000E-03
 238   0.587306E-03  -0.289082E-03   0.252468E-01   0.173510E-02   0.200000E-03
 239   0.196356E-03   0.470205E-03   0.267718E-01   0.234546E-02   0.250000E-03
 240   0.838760E-03  -0.738709E-03   0.290477E-01   0.147462E-02   0.200000E-03
 241  -0.810496E-03   0.488270E-03   0.302083E-01   0.225045E-02   0.350000E-03
 242  -0.251242E-03   0.683823E-03   0.315646E-01   0.174646E-02   0.350000E-03
 243   0.390403E-03   0.539720E-03   0.329822E-01   0.224155E-02   0.500000E-03
 244  -0.139210E-03   0.111897E-02   0.354507E-01   0.197232E-02   0.200000E-03
 245  -0.196494E-02   0.467726E-03   0.349278E-01   0.180855E-02   0.350000E-03
 246  -0.952256E-03   0.868914E-03   0.365811E-01   0.213082E-02   0.400000E-03
 247  -0.833914E-03   0.286179E-03   0.379839E-01   0.138658E-02   0.350000E-03
 248  -0.697096E-03  -0.658241E-04   0.396043E-01   0.822226E-03   0.300000E-03
 249  -0.108353E-04   0.490926E-03   0.416475E-01   0.787473E-03   0.300000E-03
 250  -0.649171E-03   0.669722E-03   0.437383E-01   0.244884E-03   0.250000E-03
 251  -0.651329E-03   0.445826E-03   0.446041E-01   0.298772E-02   0.400000E-03
 252  -0.100091E-02  -0.184016E-03   0.337733E-01   0.773102E-02   0.350000E-03
 253  -0.248684E-03   0.474890E-03   0.211477E-02   0.739901E-02   0.350000E-03
 254  -0.511417E-03  -0.433682E-03   0.138898E-02   0.936793E-03   0.350000E-03
 255  -0.471263E-03  -0.137775E-02   0.230340E-02   0.971438E-03   0.300000E-03
 256   0.625779E-03  -0.198950E-03   0.483216E-02   0.194781E-02   0.300000E-03
 257  -0.110872E-02  -0.939425E-04   0.674446E-02   0.236667E-02   0.300000E-03
 258   0.112949E-02  -0.762760E-03   0.838822E-02   0.227131E-02   0.350000E-03
 259  -0.103622E-02  -0.547536E-03   0.902015E-02   0.283236E-02   0.450000E-03
 260  -0.290513E-03  -0.627938E-03   0.986356E-02   0.258393E-02   0.400000E-03
 261   0.106686E-03  -0.190509E-03   0.116602E-01   0.179098E-02   0.300000E-03
 262  -0.108162E-02  -0.109931E-02   0.121514E-01   0.221353E-02   0.350000E-03
 263   0.219076E-03  -0.706536E-03   0.135937E-01   0.168757E-02   0.350000E-03
 264   0.436868E-03  -0.663726E-03   0.149124E-01   0.220975E-02   0.300000E-03
 265  -0.255623E-03   0.282902E-03   0.166504E-01   0.253235E-02   0.200000E-03
 266   0.126062E-02  -0.681025E-03   0.170467E-01   0.231931E-02   0.250000E-03
 267   0.108567E-02  -0.499388E-03   0.171288E-01   0.280800E-02   0.250000E-03
 268   0.557628E-03  -0.342447E-03   0.186833E-01   0.264101E-02   0.250000E-03
 269  -0.121340E-03  -0.362224E-04   0.191094E-01   0.296486E-02   0.250000E-03
 270  -0.542961E-03   0.280062E-03   0.197070E-01   0.292079E-02   0.350000E-03
 271  -0.129178E-04   0.993092E-04   0.219278E-01   0.185846E-02   0.250000E-03
 272   0.265401E-03   0.438969E-03   0.223617E-01   0.276460E-02   0.400000E-03
 273   0.279921E-03  -0.310819E-03   0.234732E-01   0.285050E-02   0.400000E-03
 274   0.890071E-03  -0.157727E-02   0.258411E-01   0.201213E-02   0.250000E-03
 275  -0.210327E-03  -0.200445E-02   0.262692E-01   0.226325E-02   0.250000E-03
 276   0.763584E-03  -0.319059E-03   0.275044E-01   0.194759E-02   0.300000E-03
 277  -0.397509E-03  -0.877299E-03   0.294662E-01   0.217676E-02   0.200000E-03
 278  -0.607455E-03   0.484840E-03   0.318979E-01   0.238572E-02   0.350000E-03
 279   0.161619E-03   0.778436E-03   0.323990E-01   0.270592E-02   0.250000E-03
 280   0.675290E-03   0.329739E-03   0.342829E-01   0.186694E-02   0.300000E-03
 281  -0.290407E-03   0.906998E-03   0.358862E-01   0.172926E-02   0.300000E-03
 282   0.115038E-03   0.105102E-02   0.375399E-01   0.179561E-02   0.250000E-03
 283  -0.133444E-02  -0.143475E-02   0.384824E-01   0.162092E-02   0.200000E-03
 284  -0.162144E-02   0.493753E-03   0.385429E-01   0.117513E-02   0.250000E-03
 285  -0.489716E-03  -0.364690E-03   0.410956E-01   0.121874E-02   0.350000E-03
 286  -0.109611E-02  -0.666236E-03   0.432181E-01   0.893293E-03   0.300000E-03
 287  -0.104132E-02  -0.393361E-03   0.428405E-01   0.121841E-02   0.200000E-03
 288  -0.678385E-04   0.724961E-03   0.587407E-02   0.792905E-02   0.350000E-03
 289   0.787904E-04   0.117033E-02   0.245316E-03   0.226543E-02   0.250000E-03
 290  -0.127220E-02  -0.801047E-03   0.186212E-02   0.137234E-02   0.300000E-03
 291  -0.483302E-03  -0.504147E-03   0.250217E-02   0.164174E-02   0.400000E-03
 292   0.171071E-03  -0.357961E-03   0.312890E-02   0.151223E-02   0.250000E-03
 293   0.212176E-03  -0.179327E-03   0.570907E-02   0.257103E-02   0.300000E-03
 294   0.888732E-03  -0.905110E-03   0.818516E-02   0.298656E-02   0.400000E-03
 295  -0.646961E-03  -0.183159E-03   0.968157E-02   0.336280E-02   0.400000E-03
 296  -0.173380E-03   0.535794E-04   0.111261E-01   0.190738E-02   0.250000E-03
 297  -0.229777E-03  -0.412796E-03   0.107281E-01   0.191408E-02   0.150000E-03
 298  -0.197035E-03  -0.237450E-03   0.126764E-01   0.168098E-02   0.200000E-03
 299  -0.462434E-03  -0.599357E-03   0.139029E-01   0.232073E-02   0.250000E-03
 300   0.267621E-03  -0.479737E-03   0.148741E-01   0.270575E-02   0.200000E-03
 301   0.211749E-03  -0.110161E-02   0.154754E-01   0.238727E-02   0.300000E-03
 302   0.105760E-02  -0.335702E-03   0.170916E-01   0.335166E-02   0.300000E-03
 303   0.544310E-03  -0.503486E-03   0.180604E-01   0.251714E-02   0.200000E-03
 304   0.777678E-03  -0.344886E-03   0.182648E-01   0.291270E-02   0.250000E-03
 305   0.803722E-05  -0.446369E-03   0.193855E-01   0.330103E-02   0.150000E-03
 306  -0.276656E-05  -0.250297E-04   0.204656E-01   0.282888E-02   0.350000E-03
 307   0.287589E-03   0.488189E-03   0.218603E-01   0.235246E-02   0.250000E-03
 308  -0.409190E-04  -0.147952E-03   0.228436E-01   0.333709E-02   0.350000E-03
 309   0.536067E-03   0.230023E-03   0.246046E-01   0.259567E-02   0.400000E-03
 310   0.630405E-03   0.272964E-03   0.252008E-01   0.223088E-02   0.300000E-03
 311   0.471609E-03   0.635531E-03   0.273277E-01   0.256906E-02   0.350000E-03
 312   0.419780E-03  -0.734444E-03   0.281512E-01   0.191866E-02   0.350000E-03
 313  -0.190915E-03  -0.307244E-03   0.297028E-01   0.255455E-02   0.250000E-03
 314   0.237749E-03   0.465744E-03   0.312572E-01   0.231993E-02   0.300000E-03
 315   0.515723E-03   0.364693E-03   0.334715E-01   0.286479E-02   0.300000E-03
 316   0.227301E-03   0.282250E-03   0.338274E-01   0.232842E-02   0.350000E-03
 317  -0.164382E-02   0.124330E-02   0.350549E-01   0.254559E-02   0.400000E-03
 318  -0.173126E-03   0.784591E-03   0.358411E-01   0.242395E-02   0.400000E-03
 319  -0.916026E-03   0.992195E-03   0.389697E-01   0.143191E-02   0.250000E-03
 320  -0.162335E-02   0.793024E-03   0.398258E-01   0.141727E-02   0.300000E-03
 321   0.764850E-04   0.925985E-03   0.404188E-01   0.134512E-02   0.300000E-03
 322  -0.122313E-02  -0.256462E-03   0.425915E-01   0.732505E-03   0.350000E-03
 323  -0.722955E-03   0.493204E-03   0.439745E-01   0.211787E-02   0.350000E-03
 324  -0.818542E-03  -0.782650E-03   0.396171E-01   0.716670E-02   0.250000E-03
 325   0.108590E-03   0.340250E-03   0.149973E-02   0.760864E-02   0.300000E-03
 326  -0.651372E-03  -0.108530E-02   0.124255E-02   0.151558E-02   0.250000E-03
 327  -0.752185E-03  -0.363996E-03   0.197515E-02   0.217101E-02   0.350000E-03
 328   0.355670E-03   0.580340E-04   0.381053E-02   0.162426E-02   0.450000E-03
 329  -0.140791E-03   0.272805E-03   0.661846E-02   0.313024E-02   0.400000E-03
 330  -0.103677E-02   0.336701E-03   0.726704E-02   0.275236E-02   0.350000E-03
 331  -0.948109E-03  -0.177717E-03   0.780393E-02   0.240736E-02   0.250000E-03
 332   0.182354E-03  -0.274973E-03   0.107767E-01   0.250969E-02   0.450000E-03
 333  -0.390486E-03  -0.134825E-03   0.115130E-01   0.237153E-02   0.300000E-03
 334   0.378473E-04  -0.298187E-03   0.130466E-01   0.193098E-02   0.250000E-03
 335  -0.345746E-03  -0.702269E-03   0.134111E-01   0.226778E-02   0.250000E-03
 336   0.169209E-03  -0.398852E-03   0.144037E-01   0.254292E-02   0.300000E-03
 337   0.353378E-03  -0.652357E-03   0.161404E-01   0.252342E-02   0.300000E-03
 338   0.776327E-03  -0.923052E-04   0.167158E-01   0.374176E-02   0.250000E-03
 339   0.349430E-03  -0.348354E-03   0.176971E-01   0.311761E-02   0.350000E-03
 340  -0.293975E-03  -0.582979E-04   0.189998E-01   0.352909E-02   0.300000E-03
 341   0.693929E-04   0.530335E-03   0.201489E-01   0.339242E-02   0.300000E-03
 342   0.173766E-03   0.397698E-03   0.206413E-01   0.334845E-02   0.200000E-03
 343   0.616785E-03   0.278938E-03   0.216698E-01   0.286346E-02   0.300000E-03
 344   0.430496E-03  -0.262060E-04   0.239408E-01   0.329470E-02   0.250000E-03
 345   0.455417E-03   0.598513E-04   0.251990E-01   0.296150E-02   0.300000E-03
 346   0.472801E-03   0.231231E-03   0.257342E-01   0.260037E-02   0.350000E-03
 347   0.648810E-03  -0.164390E-04   0.264214E-01   0.289060E-02   0.400000E-03
 348   0.764194E-03  -0.367315E-03   0.290120E-01   0.197118E-02   0.300000E-03
 349  -0.917774E-03   0.885454E-03   0.301524E-01   0.284564E-02   0.250000E-03
 350   0.101882E-03   0.737447E-03   0.320759E-01   0.314569E-02   0.300000E-03
 351   0.174214E-03   0.493105E-03   0.328621E-01   0.308231E-02   0.350000E-03
 352  -0.209802E-03   0.824431E-04   0.344923E-01   0.310633E-02   0.400000E-03
 353  -0.235145E-03  -0.726618E-04   0.358774E-01   0.301812E-02   0.200000E-03
 354   0.183902E-03   0.920515E-03   0.372280E-01   0.218580E-02   0.250000E-03
 355  -0.102552E-02   0.401443E-03   0.380311E-01   0.203252E-02   0.300000E-03
 356  -0.151640E-02   0.878968E-03   0.393748E-01   0.162426E-02   0.200000E-03
 357  -0.483927E-03  -0.464906E-05   0.408055E-01   0.179597E-02   0.300000E-03
 358   0.177213E-03  -0.355979E-03   0.416817E-01   0.133242E-02   0.250000E-03
 359  -0.170745E-03   0.604997E-03   0.442567E-01   0.527861E-02   0.250000E-03
 360   0.108569E-02   0.138659E-02   0.448001E-01   0.417437E-02   0.200000E-03
 361  -0.416401E-03   0.225154E-03   0.680980E-03   0.273867E-02   0.400000E-03
 362  -0.560325E-03  -0.163805E-03   0.147775E-02   0.272920E-02   0.400000E-03
 363   0.335297E-04  -0.111753E-03   0.309794E-02   0.201120E-02   0.250000E-03
 364   0.570074E-03  -0.611609E-03   0.491945E-02   0.254043E-02   0.300000E-03
 365   0.232230E-03  -0.182035E-03   0.591868E-02   0.313189E-02   0.300000E-03
 366   0.228171E-03  -0.478870E-04   0.617962E-02   0.367122E-02   0.300000E-03
 367  -0.395652E-03  -0.170237E-02   0.865096E-02   0.336440E-02   0.200000E-03
 368  -0.415182E-05  -0.270349E-03   0.103294E-01   0.310483E-02   0.300000E-03
 369  -0.599217E-03  -0.366157E-03   0.118637E-01   0.291758E-02   0.350000E-03
 370  -0.114029E-03  -0.684922E-03   0.128230E-01   0.253793E-02   0.400000E-03
 371  -0.327802E-03  -0.459822E-03   0.137319E-01   0.283981E-02   0.300000E-03
 372   0.439730E-03  -0.150192E-03   0.150718E-01   0.326916E-02   0.400000E-03
 373   0.288587E-03  -0.356669E-03   0.157044E-01   0.293361E-02   0.300000E-03
 374   0.495939E-03  -0.309021E-03   0.164176E-01   0.316491E-02   0.400000E-03
 375   0.663879E-03  -0.394923E-03   0.175482E-01   0.393893E-02   0.450000E-03
 376   0.592491E-03  -0.224382E-03   0.186780E-01   0.309004E-02   0.200000E-03
 377   0.190665E-03   0.139649E-03   0.196103E-01   0.374656E-02   0.350000E-03
 378   0.578107E-03   0.377490E-03   0.210874E-01   0.263267E-02   0.300000E-03
 379   0.683278E-04   0.440942E-03   0.211821E-01   0.328863E-02   0.350000E-03
 380   0.215912E-03   0.170329E-03   0.220032E-01   0.342081E-02   0.350000E-03
 381   0.529733E-03   0.236708E-03   0.245314E-01   0.333886E-02   0.350000E-03
 382   0.564396E-03   0.451045E-03   0.268050E-01   0.346817E-02   0.300000E-03
 383   0.237706E-03   0.490469E-03   0.279162E-01   0.246671E-02   0.250000E-03
 384   0.915808E-03  -0.416017E-03   0.285891E-01   0.239094E-02   0.300000E-03
 385   0.226675E-03  -0.528413E-03   0.291576E-01   0.256923E-02   0.300000E-03
 386   0.220197E-03   0.795156E-03   0.307360E-01   0.261511E-02   0.300000E-03
 387   0.972938E-04   0.808436E-03   0.324730E-01   0.365677E-02   0.350000E-03
 388  -0.377354E-03   0.163149E-03   0.354133E-01   0.346319E-02   0.450000E-03
 389  -0.158140E-03   0.206575E-03   0.360551E-01   0.337356E-02   0.200000E-03
 390  -0.917290E-03   0.107182E-03   0.364677E-01   0.291794E-02   0.400000E-03
 391  -0.796700E-03   0.170513E-03   0.376704E-01   0.251031E-02   0.300000E-03
 392  -0.104171E-02   0.367979E-03   0.390443E-01   0.192577E-02   0.250000E-03
 393  -0.111851E-02   0.206861E-03   0.396094E-01   0.212297E-02   0.350000E-03
 394  -0.128839E-02  -0.190666E-04   0.422274E-01   0.127051E-02   0.300000E-03
 395  -0.879271E-03   0.217378E-03   0.439062E-01   0.147334E-02   0.300000E-03
 396  -0.687269E-03   0.653811E-03   0.444281E-01   0.242073E-02   0.200000E-03
 397  -0.494019E-03   0.239154E-03   0.972607E-03   0.348161E-02   0.400000E-03
 398   0.903014E-04  -0.545564E-04   0.264727E-02   0.232629E-02   0.300000E-03
 399   0.114860E-03  -0.782296E-04   0.354911E-02   0.232550E-02   0.300000E-03
 400   0.189870E-04  -0.732976E-03   0.424849E-02   0.235174E-02   0.400000E-03
 401  -0.182451E-03   0.211892E-03   0.574697E-02   0.391271E-02   0.200000E-03
 402  -0.712379E-03   0.144187E-03   0.729303E-02   0.344749E-02   0.350000E-03
 403  -0.106817E-02   0.419482E-03   0.852409E-02   0.379382E-02   0.250000E-03
 404  -0.357582E-03   0.266575E-04   0.905433E-02   0.366499E-02   0.300000E-03
 405  -0.647929E-03  -0.147289E-03   0.119589E-01   0.346423E-02   0.200000E-03
 406  -0.228142E-03  -0.200002E-03   0.125239E-01   0.327214E-02   0.400000E-03
 407  -0.130106E-04  -0.476423E-03   0.132059E-01   0.312219E-02   0.300000E-03
 408  -0.107154E-03  -0.209217E-03   0.142737E-01   0.328099E-02   0.400000E-03
 409   0.154747E-03  -0.106201E-04   0.157503E-01   0.357785E-02   0.350000E-03
 410   0.385123E-03  -0.172837E-03   0.162377E-01   0.399897E-02   0.300000E-03
 411   0.376146E-03  -0.242730E-03   0.167617E-01   0.428738E-02   0.300000E-03
 412   0.533258E-03  -0.158008E-03   0.183041E-01   0.355717E-02   0.400000E-03
 413   0.348530E-04  -0.974645E-04   0.203011E-01   0.396591E-02   0.300000E-03
 414   0.220224E-03   0.405650E-04   0.208149E-01   0.376327E-02   0.250000E-03
 415   0.246884E-03   0.188253E-03   0.208333E-01   0.441291E-02   0.400000E-03
 416  -0.929417E-04  -0.195979E-03   0.224845E-01   0.399305E-02   0.400000E-03
 417   0.483332E-03   0.120353E-03   0.234567E-01   0.354470E-02   0.300000E-03
 418   0.534914E-03   0.188500E-03   0.251689E-01   0.360842E-02   0.350000E-03
 419   0.393093E-03   0.797560E-03   0.278282E-01   0.305716E-02   0.350000E-03
 420   0.394790E-03   0.986789E-03   0.284048E-01   0.290241E-02   0.250000E-03
 421  -0.223198E-03   0.515392E-03   0.296328E-01   0.314172E-02   0.350000E-03
 422   0.238479E-04   0.724162E-03   0.313318E-01   0.306565E-02   0.450000E-03
 423   0.155894E-03  -0.206985E-03   0.338109E-01   0.340674E-02   0.350000E-03
 424  -0.335834E-03   0.154716E-03   0.347296E-01   0.376287E-02   0.300000E-03
 425  -0.755282E-03  -0.314159E-04   0.369769E-01   0.339223E-02   0.300000E-03
 426  -0.805744E-03   0.121785E-03   0.371602E-01   0.282138E-02   0.300000E-03
 427  -0.844404E-03   0.140764E-04   0.380227E-01   0.312812E-02   0.300000E-03
 428  -0.911885E-03   0.405771E-03   0.385748E-01   0.209041E-02   0.250000E-03
 429   0.951246E-04  -0.172287E-03   0.402178E-01   0.190395E-02   0.300000E-03
 430   0.143847E-03   0.121476E-03   0.419467E-01   0.186434E-02   0.350000E-03
 431  -0.113267E-02   0.235965E-03   0.426892E-01   0.179589E-02   0.400000E-03
 432  -0.943248E-03   0.230825E-03   0.433098E-01   0.147942E-02   0.300000E-03
 433  -0.171578E-03   0.580976E-03   0.347270E-03   0.395734E-02   0.350000E-03
 434  -0.100888E-02  -0.106323E-02   0.159247E-02   0.178640E-02   0.200000E-03
 435  -0.239548E-03   0.377016E-03   0.313338E-02   0.282313E-02   0.350000E-03
 436   0.589982E-03  -0.572487E-03   0.530013E-02   0.293420E-02   0.250000E-03
 437  -0.201460E-03   0.304149E-03   0.562161E-02   0.353318E-02   0.200000E-03
 438  -0.270958E-03  -0.234241E-03   0.675943E-02   0.381439E-02   0.300000E-03
 439   0.228459E-03   0.478736E-03   0.793687E-02   0.369051E-02   0.350000E-03
 440  -0.442867E-03   0.144355E-03   0.108688E-01   0.373952E-02   0.200000E-03
 441  -0.176887E-03  -0.673260E-03   0.109117E-01   0.324401E-02   0.300000E-03
 442  -0.219076E-03   0.359575E-03   0.130730E-01   0.370527E-02   0.300000E-03
 443  -0.510231E-03  -0.519600E-03   0.136464E-01   0.345078E-02   0.250000E-03
 444   0.363795E-03  -0.204011E-03   0.152226E-01   0.395133E-02   0.300000E-03
 445   0.264780E-03  -0.307206E-03   0.157077E-01   0.445370E-02   0.400000E-03
 446   0.376308E-03  -0.307280E-03   0.163054E-01   0.448732E-02   0.200000E-03
 447   0.550604E-03  -0.209731E-03   0.172544E-01   0.462420E-02   0.300000E-03
 448   0.569554E-03  -0.198282E-03   0.183451E-01   0.445391E-02   0.500000E-03
 449   0.326878E-03  -0.234957E-04   0.192402E-01   0.439626E-02   0.400000E-03
 450   0.110257E-03  -0.178576E-03   0.199355E-01   0.443678E-02   0.300000E-03
 451   0.337328E-06   0.425680E-03   0.214936E-01   0.396680E-02   0.400000E-03
 452  -0.259572E-03   0.108732E-03   0.219758E-01   0.453711E-02   0.350000E-03
 453   0.630934E-03   0.929856E-04   0.240649E-01   0.388055E-02   0.350000E-03
 454   0.582322E-03   0.767854E-04   0.257928E-01   0.329755E-02   0.350000E-03
 455   0.734420E-03   0.276876E-03   0.270078E-01   0.301353E-02   0.200000E-03
 456  -0.208542E-03   0.638534E-03   0.289352E-01   0.317906E-02   0.350000E-03
 457   0.913708E-04   0.161825E-02   0.305783E-01   0.319053E-02   0.300000E-03
 458  -0.155646E-03   0.876916E-03   0.307028E-01   0.382302E-02   0.350000E-03
 459  -0.157660E-03   0.957622E-03   0.317805E-01   0.372393E-02   0.350000E-03
 460   0.374359E-04  -0.114002E-03   0.341921E-01   0.386658E-02   0.250000E-03
 461  -0.844244E-03  -0.534999E-04   0.364578E-01   0.356542E-02   0.250000E-03
 462  -0.786697E-03  -0.300143E-03   0.376403E-01   0.426184E-02   0.300000E-03
 463  -0.105394E-02   0.314062E-03   0.382639E-01   0.258195E-02   0.300000E-03
 464  -0.110662E-02   0.118638E-03   0.390045E-01   0.263930E-02   0.450000E-03
 465  -0.567666E-03  -0.210658E-03   0.407021E-01   0.238310E-02   0.300000E-03
 466  -0.311237E-03  -0.670802E-04   0.411748E-01   0.254251E-02   0.200000E-03
 467  -0.818772E-03   0.405510E-03   0.435698E-01   0.255859E-02   0.250000E-03
 468  -0.653295E-03   0.464767E-03   0.435643E-01   0.382961E-02   0.350000E-03
 469  -0.511437E-03   0.347865E-03   0.105306E-02   0.432656E-02   0.450000E-03
 470  -0.640269E-03   0.222987E-03   0.217503E-02   0.278515E-02   0.300000E-03
 471  -0.551126E-03   0.236377E-03   0.385004E-02   0.304401E-02   0.400000E-03
 472  -0.292145E-03   0.286550E-03   0.454772E-02   0.300393E-02   0.300000E-03
 473   0.402506E-04   0.369590E-03   0.502224E-02   0.351811E-02   0.400000E-03
 474  -0.679091E-03   0.762188E-03   0.743863E-02   0.402369E-02   0.250000E-03
 475   0.334066E-03   0.342291E-03   0.811161E-02   0.436402E-02   0.350000E-03
 476  -0.570030E-03  -0.142396E-03   0.952009E-02   0.404146E-02   0.300000E-03
 477  -0.315365E-03  -0.326202E-03   0.113159E-01   0.287138E-02   0.200000E-03
 478  -0.387434E-03   0.100283E-03   0.122173E-01   0.394920E-02   0.350000E-03
 479  -0.946027E-04   0.646568E-04   0.141926E-01   0.392402E-02   0.250000E-03
 480   0.134986E-04  -0.214500E-03   0.146803E-01   0.378782E-02   0.250000E-03
 481  -0.245730E-03   0.154951E-03   0.147827E-01   0.427727E-02   0.250000E-03
 482   0.348152E-03   0.296616E-03   0.162662E-01   0.507868E-02   0.400000E-03
 483   0.838408E-04   0.236986E-03   0.169619E-01   0.514599E-02   0.300000E-03
 484   0.477837E-03  -0.365694E-03   0.186438E-01   0.519410E-02   0.300000E-03
 485   0.182427E-03  -0.281427E-03   0.196517E-01   0.502051E-02   0.350000E-03
 486   0.282957E-03   0.146585E-03   0.203246E-01   0.489094E-02   0.300000E-03
 487  -0.752285E-04  -0.137293E-03   0.213882E-01   0.491108E-02   0.350000E-03
 488  -0.265408E-03  -0.199306E-03   0.219101E-01   0.508214E-02   0.200000E-03
 489   0.711871E-03   0.946860E-04   0.246626E-01   0.392688E-02   0.250000E-03
 490   0.635022E-03   0.394691E-03   0.273414E-01   0.338970E-02   0.250000E-03
 491   0.186145E-03   0.598179E-03   0.283453E-01   0.344680E-02   0.300000E-03
 492  -0.399211E-03   0.473363E-03   0.293278E-01   0.381660E-02   0.400000E-03
 493   0.377700E-03   0.113148E-02   0.300971E-01   0.359279E-02   0.300000E-03
 494   0.391445E-05   0.938811E-03   0.312355E-01   0.370806E-02   0.200000E-03
 495  -0.344072E-03   0.361998E-03   0.328779E-01   0.402305E-02   0.200000E-03
 496  -0.178406E-03  -0.499589E-04   0.359396E-01   0.419501E-02   0.350000E-03
 497  -0.226124E-03  -0.129621E-03   0.360911E-01   0.372021E-02   0.150000E-03
 498  -0.702391E-03  -0.521687E-05   0.373446E-01   0.379946E-02   0.250000E-03
 499  -0.562142E-03  -0.631265E-04   0.375186E-01   0.333245E-02   0.250000E-03
 500  -0.874442E-03   0.215669E-03   0.393955E-01   0.309307E-02   0.150000E-03
 501   0.965379E-04  -0.411430E-03   0.401571E-01   0.244867E-02   0.250000E-03
 502  -0.345417E-03   0.147148E-03   0.413343E-01   0.207265E-02   0.300000E-03
 503  -0.702746E-03   0.368529E-03   0.429733E-01   0.261917E-02   0.350000E-03
 504  -0.733053E-03   0.296111E-03   0.433271E-01   0.207459E-02   0.300000E-03
 505  -0.647760E-03   0.277764E-03   0.165025E-02   0.379813E-02   0.350000E-03
 506  -0.562771E-03   0.388247E-03   0.187017E-02   0.324259E-02   0.250000E-03
 507  -0.557733E-03   0.479559E-03   0.332474E-02   0.342055E-02   0.250000E-03
 508  -0.376635E-03   0.482026E-03   0.432592E-02   0.355679E-02   0.300000E-03
 509  -0.901154E-04   0.258938E-03   0.609274E-02   0.421371E-02   0.250000E-03
 510  -0.542206E-03   0.703850E-03   0.749702E-02   0.456472E-02   0.300000E-03
 511  -0.762798E-03   0.958729E-03   0.878140E-02   0.427746E-02   0.300000E-03
 512  -0.187314E-04   0.997239E-04   0.103211E-01   0.375257E-02   0.350000E-03
 513   0.834986E-03  -0.245358E-03   0.114626E-01   0.347052E-02   0.300000E-03
 514  -0.190743E-03   0.294928E-03   0.128396E-01   0.436433E-02   0.400000E-03
 515  -0.478707E-03   0.171724E-03   0.136108E-01   0.406953E-02   0.350000E-03
 516  -0.290105E-03  -0.536274E-04   0.142395E-01   0.452039E-02   0.350000E-03
 517  -0.412851E-03  -0.479024E-03   0.151599E-01   0.440951E-02   0.150000E-03
 518   0.133097E-03   0.242883E-03   0.154786E-01   0.521699E-02   0.400000E-03
 519   0.626348E-03  -0.300464E-03   0.177404E-01   0.504705E-02   0.350000E-03
 520   0.458150E-03  -0.390433E-03   0.191775E-01   0.546332E-02   0.300000E-03
 521   0.288778E-03   0.339199E-04   0.201597E-01   0.556993E-02   0.400000E-03
 522   0.677709E-03   0.365946E-03   0.207699E-01   0.521240E-02   0.250000E-03
 523  -0.271841E-03  -0.108330E-03   0.218895E-01   0.553031E-02   0.250000E-03
 524   0.785937E-03  -0.819689E-04   0.231789E-01   0.406716E-02   0.300000E-03
 525   0.796515E-03   0.321047E-03   0.252094E-01   0.435556E-02   0.400000E-03
 526   0.765263E-03   0.126776E-03   0.256792E-01   0.390980E-02   0.250000E-03
 527   0.509431E-03   0.461383E-03   0.278058E-01   0.370651E-02   0.300000E-03
 528  -0.209509E-03   0.178075E-03   0.291827E-01   0.455133E-02   0.350000E-03
 529   0.201955E-04   0.949428E-03   0.305565E-01   0.444981E-02   0.300000E-03
 530  -0.401874E-03   0.502702E-03   0.321590E-01   0.404872E-02   0.150000E-03
 531  -0.104631E-03   0.513977E-03   0.330206E-01   0.360840E-02   0.200000E-03
 532  -0.320068E-03  -0.690889E-04   0.351966E-01   0.428389E-02   0.400000E-03
 533  -0.755690E-03   0.882877E-05   0.368223E-01   0.397079E-02   0.300000E-03
 534  -0.377351E-03  -0.265356E-03   0.382239E-01   0.439847E-02   0.300000E-03
 535  -0.206183E-03   0.590936E-05   0.379071E-01   0.372143E-02   0.300000E-03
 536  -0.742265E-03  -0.298069E-03   0.386191E-01   0.309726E-02   0.150000E-03
 537  -0.247340E-03  -0.699458E-03   0.404320E-01   0.273648E-02   0.150000E-03
 538  -0.735839E-04   0.450339E-03   0.417651E-01   0.248700E-02   0.300000E-03
 539  -0.125312E-02   0.537094E-03   0.423587E-01   0.240870E-02   0.300000E-03
 540  -0.361905E-03   0.615465E-03   0.439710E-01   0.284755E-02   0.250000E-03
 541   0.968611E-03  -0.812342E-03   0.490243E-02   0.839862E-02   0.300000E-03
 542  -0.479685E-03   0.344100E-03   0.258178E-02   0.346943E-02   0.500000E-03
 543  -0.535464E-03   0.543362E-03   0.376102E-02   0.375080E-02   0.300000E-03
 544  -0.433795E-03   0.362947E-03   0.419542E-02   0.408728E-02   0.250000E-03
 545  -0.857428E-06   0.124827E-03   0.533350E-02   0.408515E-02   0.250000E-03
 546  -0.225666E-03  -0.417714E-03   0.858294E-02   0.499993E-02   0.450000E-03
 547  -0.776605E-03   0.857896E-03   0.928895E-02   0.459446E-02   0.300000E-03
 548  -0.387922E-04   0.613558E-03   0.977110E-02   0.447127E-02   0.200000E-03
 549  -0.207281E-03   0.541580E-03   0.110510E-01   0.430851E-02   0.400000E-03
 550   0.835216E-03   0.365999E-05   0.116201E-01   0.399640E-02   0.250000E-03
 551  -0.405276E-03   0.100690E-03   0.135209E-01   0.486424E-02   0.450000E-03
 552  -0.327848E-03   0.166429E-03   0.142364E-01   0.521817E-02   0.350000E-03
 553   0.215443E-03  -0.810619E-04   0.149477E-01   0.474922E-02   0.250000E-03
 554   0.156796E-03   0.178290E-03   0.150588E-01   0.571033E-02   0.250000E-03
 555   0.174861E-03   0.276592E-03   0.159943E-01   0.582760E-02   0.400000E-03
 556   0.482780E-03  -0.343201E-03   0.181581E-01   0.554264E-02   0.300000E-03
 557   0.451809E-03  -0.351898E-03   0.188850E-01   0.481544E-02   0.150000E-03
 558  -0.456223E-05  -0.249458E-03   0.212546E-01   0.564450E-02   0.400000E-03
 559   0.366944E-04   0.154532E-03   0.226363E-01   0.462478E-02   0.250000E-03
 560   0.888724E-03  -0.879258E-04   0.237237E-01   0.437248E-02   0.250000E-03
 561   0.736433E-03   0.209910E-03   0.259588E-01   0.443834E-02   0.350000E-03
 562   0.882816E-03   0.389060E-03   0.262669E-01   0.381200E-02   0.350000E-03
 563   0.197796E-03   0.496861E-03   0.285846E-01   0.410023E-02   0.400000E-03
 564   0.177516E-03   0.448720E-03   0.285814E-01   0.479817E-02   0.300000E-03
 565   0.555557E-03   0.974718E-03   0.299519E-01   0.422593E-02   0.350000E-03
 566  -0.255527E-03   0.988015E-03   0.312984E-01   0.436026E-02   0.450000E-03
 567   0.153552E-03   0.559611E-03   0.333179E-01   0.328749E-02   0.150000E-03
 568  -0.105419E-03   0.151830E-03   0.338478E-01   0.385315E-02   0.100000E-03
 569  -0.909502E-03   0.450637E-04   0.370061E-01   0.448581E-02   0.250000E-03
 570  -0.654349E-03  -0.296510E-04   0.378133E-01   0.483472E-02   0.300000E-03
 571  -0.877641E-03   0.127456E-03   0.384719E-01   0.351951E-02   0.300000E-03
 572  -0.659562E-03   0.445076E-04   0.390564E-01   0.338748E-02   0.300000E-03
 573  -0.606580E-03   0.232698E-03   0.397344E-01   0.279783E-02   0.300000E-03
 574   0.105786E-03   0.549643E-03   0.414100E-01   0.319984E-02   0.500000E-03
 575  -0.838203E-03  -0.287391E-03   0.421238E-01   0.290304E-02   0.250000E-03
 576  -0.619913E-03   0.110150E-03   0.444145E-01   0.385625E-02   0.300000E-03
 577  -0.115899E-03   0.127796E-03   0.298384E-03   0.460404E-02   0.300000E-03
 578  -0.580145E-03   0.397457E-03   0.261495E-02   0.431405E-02   0.350000E-03
 579  -0.601932E-03   0.419140E-03   0.476488E-02   0.427099E-02   0.350000E-03
 580  -0.104986E-03   0.304350E-03   0.544550E-02   0.456914E-02   0.250000E-03
 581  -0.753395E-04   0.931206E-04   0.705917E-02   0.414994E-02   0.150000E-03
 582   0.406893E-03  -0.367333E-03   0.791195E-02   0.487628E-02   0.200000E-03
 583  -0.998519E-04   0.524564E-03   0.991637E-02   0.489487E-02   0.250000E-03
 584  -0.105798E-03   0.543440E-03   0.103182E-01   0.445106E-02   0.350000E-03
 585  -0.635817E-03  -0.220802E-03   0.107395E-01   0.512984E-02   0.450000E-03
 586  -0.241680E-03   0.134892E-03   0.118626E-01   0.449044E-02   0.300000E-03
 587   0.122211E-03   0.233390E-03   0.123267E-01   0.467447E-02   0.200000E-03
 588  -0.519962E-03   0.146516E-03   0.136077E-01   0.550807E-02   0.200000E-03
 589   0.466663E-03   0.181168E-03   0.148325E-01   0.526238E-02   0.250000E-03
 590   0.961636E-04   0.142948E-03   0.154163E-01   0.598157E-02   0.200000E-03
 591   0.185140E-03   0.264358E-03   0.173695E-01   0.551287E-02   0.250000E-03
 592   0.381355E-03  -0.192675E-03   0.181515E-01   0.614090E-02   0.300000E-03
 593   0.746159E-03  -0.345751E-04   0.195262E-01   0.594971E-02   0.300000E-03
 594   0.241095E-03  -0.180390E-03   0.206713E-01   0.611368E-02   0.350000E-03
 595  -0.505859E-03  -0.159756E-03   0.222964E-01   0.498157E-02   0.200000E-03
 596   0.790288E-03   0.430416E-03   0.232298E-01   0.471127E-02   0.350000E-03
 597   0.780963E-03   0.320031E-03   0.244320E-01   0.453328E-02   0.400000E-03
 598   0.805150E-03   0.274197E-03   0.266545E-01   0.439197E-02   0.350000E-03
 599   0.782571E-03   0.464426E-03   0.272127E-01   0.397087E-02   0.350000E-03
 600   0.440074E-03   0.488017E-03   0.299269E-01   0.487387E-02   0.300000E-03
 601   0.101067E-03   0.392937E-03   0.305375E-01   0.509174E-02   0.350000E-03
 602   0.269352E-03   0.176105E-03   0.309865E-01   0.487245E-02   0.150000E-03
 603  -0.370651E-03   0.274620E-03   0.330196E-01   0.455264E-02   0.350000E-03
 604  -0.255778E-03   0.256251E-03   0.334223E-01   0.398258E-02   0.350000E-03
 605  -0.356197E-03  -0.249985E-03   0.364214E-01   0.476549E-02   0.400000E-03
 606  -0.991765E-03  -0.849200E-04   0.384965E-01   0.513697E-02   0.450000E-03
 607  -0.891508E-03   0.108177E-03   0.386370E-01   0.403918E-02   0.250000E-03
 608  -0.845498E-03   0.208006E-03   0.396558E-01   0.345760E-02   0.300000E-03
 609  -0.710392E-03   0.245998E-03   0.402475E-01   0.319514E-02   0.350000E-03
 610  -0.463079E-03   0.574277E-04   0.409164E-01   0.277779E-02   0.150000E-03
 611  -0.103469E-02   0.189519E-03   0.427973E-01   0.360665E-02   0.450000E-03
 612  -0.787945E-03   0.256589E-03   0.434426E-01   0.314062E-02   0.350000E-03
 613  -0.360553E-03   0.157409E-03   0.104558E-01   0.860365E-02   0.350000E-03
 614  -0.474805E-03   0.417465E-03   0.314084E-02   0.446410E-02   0.200000E-03
 615  -0.434252E-03   0.369186E-03   0.368495E-02   0.439973E-02   0.350000E-03
 616  -0.189346E-03   0.278319E-03   0.569570E-02   0.425814E-02   0.150000E-03
 617  -0.299820E-03   0.259789E-03   0.664454E-02   0.444829E-02   0.350000E-03
 618  -0.560575E-03  -0.445423E-04   0.808180E-02   0.555520E-02   0.300000E-03
 619  -0.824964E-03  -0.441097E-03   0.930509E-02   0.519205E-02   0.300000E-03
 620  -0.983654E-04   0.140010E-03   0.990363E-02   0.554292E-02   0.400000E-03
 621  -0.694637E-03  -0.839503E-04   0.114132E-01   0.531844E-02   0.250000E-03
 622  -0.531853E-03   0.154162E-03   0.114340E-01   0.482650E-02   0.250000E-03
 623  -0.625513E-04  -0.739016E-04   0.126795E-01   0.509619E-02   0.350000E-03
 624  -0.378218E-03   0.194785E-03   0.139620E-01   0.569343E-02   0.200000E-03
 625  -0.402688E-03   0.292798E-03   0.144826E-01   0.586904E-02   0.350000E-03
 626   0.390239E-03   0.491563E-03   0.166257E-01   0.549428E-02   0.150000E-03
 627   0.818174E-04   0.286454E-03   0.169415E-01   0.564439E-02   0.200000E-03
 628  -0.128519E-03  -0.343050E-03   0.175637E-01   0.602323E-02   0.300000E-03
 629   0.267639E-03  -0.425164E-03   0.188493E-01   0.641175E-02   0.450000E-03
 630   0.279985E-03  -0.120710E-02   0.218571E-01   0.607919E-02   0.300000E-03
 631   0.557894E-03   0.392450E-03   0.227783E-01   0.524368E-02   0.350000E-03
 632   0.650060E-03   0.494010E-03   0.238461E-01   0.491010E-02   0.300000E-03
 633   0.736174E-03   0.119082E-03   0.246865E-01   0.512966E-02   0.250000E-03
 634   0.726619E-03   0.304056E-03   0.271881E-01   0.451734E-02   0.200000E-03
 635   0.449026E-03   0.316131E-03   0.278311E-01   0.447311E-02   0.450000E-03
 636   0.783359E-04   0.690996E-03   0.294017E-01   0.516065E-02   0.300000E-03
 637  -0.186741E-04   0.498539E-03   0.303516E-01   0.571036E-02   0.300000E-03
 638  -0.546200E-03   0.634868E-04   0.321144E-01   0.471509E-02   0.350000E-03
 639  -0.377890E-03   0.438709E-04   0.342835E-01   0.481426E-02   0.250000E-03
 640  -0.272567E-03  -0.942202E-04   0.345004E-01   0.431445E-02   0.300000E-03
 641  -0.428233E-03  -0.291969E-03   0.368843E-01   0.528966E-02   0.300000E-03
 642  -0.809722E-03  -0.667371E-04   0.372711E-01   0.490271E-02   0.250000E-03
 643  -0.884347E-03  -0.118148E-03   0.388019E-01   0.450835E-02   0.250000E-03
 644  -0.741596E-03   0.740174E-04   0.392859E-01   0.404864E-02   0.400000E-03
 645  -0.899242E-03  -0.231094E-04   0.417191E-01   0.382703E-02   0.200000E-03
 646  -0.854918E-03   0.211194E-03   0.407645E-01   0.327594E-02   0.150000E-03
 647  -0.625884E-03   0.294319E-03   0.425656E-01   0.298767E-02   0.200000E-03
 648  -0.573570E-03  -0.486710E-04   0.448046E-01   0.355124E-02   0.200000E-03
 649  -0.306213E-03   0.362909E-04   0.713917E-03   0.487908E-02   0.200000E-03
 650  -0.495103E-03   0.450462E-03   0.267030E-02   0.500607E-02   0.350000E-03
 651  -0.385870E-03   0.355278E-03   0.320319E-02   0.396866E-02   0.300000E-03
 652  -0.399853E-03   0.496935E-03   0.457410E-02   0.489017E-02   0.200000E-03
 653  -0.290210E-03   0.217690E-03   0.656632E-02   0.494150E-02   0.150000E-03
 654  -0.510423E-03   0.502920E-04   0.744923E-02   0.525812E-02   0.400000E-03
 655  -0.253399E-03   0.197873E-03   0.876813E-02   0.577593E-02   0.350000E-03
 656  -0.144281E-03   0.191450E-03   0.935607E-02   0.588936E-02   0.250000E-03
 657  -0.359724E-03  -0.434351E-04   0.104787E-01   0.592828E-02   0.300000E-03
 658  -0.423171E-03  -0.812543E-04   0.119810E-01   0.512893E-02   0.350000E-03
 659  -0.205606E-03  -0.174878E-03   0.131570E-01   0.545840E-02   0.250000E-03
 660  -0.254343E-03   0.123523E-03   0.136236E-01   0.618735E-02   0.400000E-03
 661  -0.224925E-03   0.351928E-03   0.150019E-01   0.625836E-02   0.300000E-03
 662   0.187088E-03   0.134005E-03   0.163411E-01   0.642900E-02   0.300000E-03
 663   0.201192E-04   0.313984E-03   0.166295E-01   0.596397E-02   0.250000E-03
 664   0.662152E-04   0.449368E-04   0.177660E-01   0.653187E-02   0.250000E-03
 665   0.466990E-03  -0.198154E-03   0.200394E-01   0.625927E-02   0.300000E-03
 666   0.741103E-04  -0.117152E-03   0.212792E-01   0.634283E-02   0.300000E-03
 667   0.463853E-03   0.290470E-03   0.223860E-01   0.575586E-02   0.300000E-03
 668   0.567553E-03   0.397448E-03   0.234217E-01   0.533336E-02   0.300000E-03
 669   0.769155E-03   0.215387E-03   0.248879E-01   0.473790E-02   0.100000E-03
 670   0.857541E-03   0.193343E-03   0.264008E-01   0.487759E-02   0.200000E-03
 671   0.670137E-03   0.542721E-03   0.285265E-01   0.530465E-02   0.200000E-03
 672   0.359012E-03   0.361971E-03   0.281265E-01   0.510602E-02   0.250000E-03
 673  -0.115093E-03   0.261712E-03   0.310241E-01   0.558660E-02   0.350000E-03
 674  -0.548849E-03   0.184247E-03   0.315439E-01   0.511961E-02   0.350000E-03
 675  -0.635300E-03   0.304022E-03   0.324975E-01   0.425735E-02   0.250000E-03
 676  -0.259200E-03  -0.257305E-04   0.347821E-01   0.478353E-02   0.250000E-03
 677  -0.316826E-03   0.886137E-04   0.369659E-01   0.598349E-02   0.400000E-03
 678  -0.776666E-03  -0.258879E-03   0.374258E-01   0.537613E-02   0.250000E-03
 679  -0.834504E-03   0.126282E-03   0.390878E-01   0.541886E-02   0.200000E-03
 680  -0.773461E-03  -0.658176E-04   0.392580E-01   0.489700E-02   0.350000E-03
 681   0.228818E-03  -0.340809E-04   0.410859E-01   0.387249E-02   0.250000E-03
 682  -0.818532E-03   0.282283E-03   0.421306E-01   0.340132E-02   0.250000E-03
 683  -0.777065E-03   0.142057E-03   0.440180E-01   0.454516E-02   0.500000E-03
 684  -0.476996E-03   0.347530E-03   0.440390E-01   0.339196E-02   0.300000E-03
 685   0.154223E-03   0.922586E-04   0.349498E-03   0.724255E-02   0.350000E-03
 686  -0.490969E-03   0.749945E-03   0.332796E-02   0.557789E-02   0.350000E-03
 687  -0.426473E-03   0.457031E-03   0.331452E-02   0.493084E-02   0.300000E-03
 688  -0.506187E-03   0.612461E-03   0.501518E-02   0.481535E-02   0.250000E-03
 689   0.295908E-04   0.405738E-03   0.706054E-02   0.480221E-02   0.200000E-03
 690  -0.439569E-03   0.347314E-03   0.759739E-02   0.598760E-02   0.350000E-03
 691  -0.301049E-03   0.406809E-03   0.877818E-02   0.647506E-02   0.350000E-03
 692  -0.137359E-03   0.363135E-03   0.989868E-02   0.624231E-02   0.300000E-03
 693  -0.378364E-03   0.213857E-03   0.103977E-01   0.646895E-02   0.250000E-03
 694  -0.471429E-03  -0.280822E-04   0.111190E-01   0.583371E-02   0.350000E-03
 695  -0.357841E-03   0.104053E-03   0.128985E-01   0.599829E-02   0.350000E-03
 696  -0.108297E-03   0.280070E-03   0.146201E-01   0.718210E-02   0.250000E-03
 697  -0.336788E-03   0.446436E-03   0.143306E-01   0.660021E-02   0.400000E-03
 698  -0.508164E-03   0.862602E-03   0.156405E-01   0.654488E-02   0.400000E-03
 699  -0.462842E-03   0.248492E-04   0.170701E-01   0.658579E-02   0.450000E-03
 700   0.104314E-03  -0.222378E-03   0.182271E-01   0.682834E-02   0.300000E-03
 701   0.480795E-03  -0.223355E-03   0.195660E-01   0.662370E-02   0.300000E-03
 702   0.214835E-03  -0.530681E-03   0.204504E-01   0.682489E-02   0.400000E-03
 703   0.410209E-03   0.108539E-03   0.230618E-01   0.593657E-02   0.400000E-03
 704   0.588366E-03   0.316380E-03   0.241781E-01   0.552478E-02   0.400000E-03
 705   0.774254E-03   0.112341E-03   0.251664E-01   0.500149E-02   0.250000E-03
 706   0.733451E-03   0.225162E-03   0.259803E-01   0.503685E-02   0.250000E-03
 707   0.638450E-03   0.349768E-03   0.269834E-01   0.507786E-02   0.400000E-03
 708   0.422592E-03   0.791523E-03   0.298843E-01   0.542192E-02   0.250000E-03
 709  -0.559658E-03   0.180687E-03   0.320738E-01   0.526260E-02   0.200000E-03
 710  -0.479020E-03   0.103377E-03   0.326351E-01   0.501257E-02   0.250000E-03
 711  -0.539403E-03  -0.253948E-04   0.337202E-01   0.461108E-02   0.350000E-03
 712  -0.256497E-03  -0.771336E-04   0.351297E-01   0.520864E-02   0.300000E-03
 713  -0.625655E-03  -0.494916E-04   0.381546E-01   0.636467E-02   0.350000E-03
 714   0.681632E-04   0.289627E-03   0.379280E-01   0.569995E-02   0.350000E-03
 715  -0.821840E-03   0.133403E-03   0.388183E-01   0.563820E-02   0.150000E-03
 716  -0.808022E-03  -0.438821E-04   0.397226E-01   0.452689E-02   0.250000E-03
 717  -0.677892E-03  -0.303947E-03   0.400587E-01   0.365783E-02   0.150000E-03
 718  -0.591278E-03   0.666889E-04   0.421630E-01   0.389913E-02   0.250000E-03
 719  -0.607605E-04   0.622027E-03   0.448010E-01   0.544462E-02   0.200000E-03
 720   0.101448E-03   0.362400E-03   0.434033E-01   0.727357E-02   0.350000E-03
 721  -0.433506E-03   0.398778E-03   0.215230E-02   0.402013E-02   0.200000E-03
 722  -0.275401E-03   0.461312E-03   0.202718E-02   0.509420E-02   0.300000E-03
 723  -0.483394E-03   0.366362E-03   0.425272E-02   0.458174E-02   0.250000E-03
 724  -0.280494E-03   0.194791E-03   0.602254E-02   0.485958E-02   0.400000E-03
 725   0.133349E-03   0.173548E-03   0.691723E-02   0.512089E-02   0.150000E-03
 726  -0.929784E-04   0.417768E-03   0.651177E-02   0.548871E-02   0.400000E-03
 727  -0.427173E-03   0.265209E-03   0.822802E-02   0.613634E-02   0.300000E-03
 728  -0.137481E-03   0.393931E-03   0.937005E-02   0.638797E-02   0.250000E-03
 729  -0.218034E-03   0.412611E-03   0.971204E-02   0.681770E-02   0.300000E-03
 730  -0.324010E-03   0.197236E-03   0.123532E-01   0.559933E-02   0.250000E-03
 731  -0.344863E-03   0.902234E-04   0.122274E-01   0.619277E-02   0.350000E-03
 732  -0.937779E-04   0.618168E-04   0.131202E-01   0.659738E-02   0.250000E-03
 733  -0.241634E-03   0.504896E-03   0.149466E-01   0.680404E-02   0.250000E-03
 734   0.136053E-04   0.479931E-03   0.161508E-01   0.688537E-02   0.200000E-03
 735  -0.403852E-03   0.435213E-04   0.176529E-01   0.713221E-02   0.350000E-03
 736   0.451842E-04  -0.691861E-03   0.191408E-01   0.720948E-02   0.400000E-03
 737   0.299184E-03  -0.673563E-03   0.198369E-01   0.715780E-02   0.300000E-03
 738   0.141778E-03   0.147156E-03   0.215230E-01   0.699653E-02   0.400000E-03
 739   0.385327E-03   0.144724E-03   0.224704E-01   0.639509E-02   0.350000E-03
 740   0.683382E-03   0.210520E-03   0.237777E-01   0.615537E-02   0.350000E-03
 741   0.750527E-03   0.172541E-03   0.248317E-01   0.560655E-02   0.250000E-03
 742   0.852281E-03   0.216249E-03   0.263878E-01   0.532680E-02   0.250000E-03
 743   0.489178E-03   0.278546E-03   0.276290E-01   0.514016E-02   0.250000E-03
 744   0.359918E-03   0.691304E-03   0.289037E-01   0.517951E-02   0.200000E-03
 745  -0.540250E-03   0.271426E-03   0.316099E-01   0.571495E-02   0.250000E-03
 746  -0.558900E-03   0.223151E-04   0.328014E-01   0.558849E-02   0.350000E-03
 747  -0.425083E-03   0.620807E-04   0.332766E-01   0.514752E-02   0.300000E-03
 748  -0.461942E-03  -0.266745E-03   0.356772E-01   0.485783E-02   0.350000E-03
 749  -0.476540E-03  -0.310058E-03   0.363124E-01   0.545518E-02   0.300000E-03
 750  -0.743808E-03   0.383034E-04   0.385004E-01   0.587605E-02   0.250000E-03
 751  -0.898326E-03   0.770379E-04   0.391533E-01   0.593153E-02   0.300000E-03
 752  -0.177880E-02   0.705541E-03   0.401762E-01   0.422628E-02   0.300000E-03
 753  -0.827124E-03   0.359270E-03   0.407000E-01   0.298337E-02   0.150000E-03
 754  -0.174684E-03  -0.381862E-03   0.418855E-01   0.418487E-02   0.150000E-03
 755  -0.133399E-02   0.100205E-02   0.425400E-01   0.414810E-02   0.150000E-03
 756   0.555213E-04   0.207494E-03   0.431042E-01   0.669686E-02   0.300000E-03
 757  -0.339431E-03   0.255176E-03   0.183936E-02   0.447207E-02   0.350000E-03
 758  -0.554230E-03   0.685382E-03   0.402038E-02   0.565242E-02   0.350000E-03
 759  -0.564689E-03   0.443709E-03   0.390853E-02   0.500999E-02   0.300000E-03
 760  -0.519652E-03   0.392531E-03   0.472419E-02   0.556424E-02   0.300000E-03
 761  -0.588303E-03   0.448653E-03   0.538905E-02   0.534585E-02   0.400000E-03
 762  -0.409626E-03   0.641509E-03   0.588801E-02   0.590196E-02   0.350000E-03
 763  -0.153912E-03   0.311130E-03   0.687896E-02   0.619653E-02   0.400000E-03
 764  -0.432851E-03   0.172797E-03   0.815368E-02   0.673140E-02   0.300000E-03
 765   0.127885E-04   0.520552E-03   0.115517E-01   0.637823E-02   0.350000E-03
 766  -0.447673E-03  -0.183335E-04   0.117617E-01   0.574042E-02   0.300000E-03
 767  -0.382120E-03   0.359759E-04   0.126811E-01   0.650217E-02   0.200000E-03
 768  -0.187716E-03   0.448252E-03   0.137237E-01   0.682813E-02   0.250000E-03
 769  -0.183864E-03   0.600491E-03   0.152428E-01   0.732502E-02   0.350000E-03
 770  -0.234821E-04   0.601673E-03   0.158273E-01   0.719674E-02   0.250000E-03
 771  -0.457853E-03   0.150004E-03   0.165517E-01   0.676860E-02   0.100000E-03
 772  -0.165754E-03  -0.623073E-03   0.185003E-01   0.730185E-02   0.250000E-03
 773   0.659988E-03  -0.173843E-03   0.202286E-01   0.773665E-02   0.400000E-03
 774   0.550922E-03  -0.934066E-04   0.209051E-01   0.741644E-02   0.350000E-03
 775   0.659575E-03   0.237172E-03   0.233148E-01   0.653508E-02   0.250000E-03
 776   0.699290E-03  -0.695359E-04   0.249298E-01   0.604518E-02   0.200000E-03
 777   0.730576E-03   0.178653E-03   0.255806E-01   0.483126E-02   0.200000E-03
 778   0.756406E-03   0.292459E-03   0.259714E-01   0.548561E-02   0.200000E-03
 779   0.449395E-03   0.148277E-03   0.279111E-01   0.561118E-02   0.300000E-03
 780   0.444465E-04   0.341238E-03   0.294169E-01   0.580807E-02   0.350000E-03
 781  -0.184219E-03   0.357734E-03   0.307220E-01   0.604571E-02   0.200000E-03
 782  -0.548025E-03   0.488593E-03   0.321588E-01   0.575447E-02   0.300000E-03
 783  -0.423778E-03   0.107261E-03   0.339115E-01   0.528279E-02   0.350000E-03
 784  -0.724668E-05   0.972604E-03   0.344591E-01   0.522639E-02   0.200000E-03
 785  -0.504907E-03  -0.293986E-03   0.356747E-01   0.555738E-02   0.350000E-03
 786  -0.459152E-03  -0.321469E-05   0.375816E-01   0.619021E-02   0.250000E-03
 787  -0.657871E-03   0.166963E-03   0.397171E-01   0.613105E-02   0.300000E-03
 788  -0.644102E-03   0.143992E-03   0.396324E-01   0.548707E-02   0.350000E-03
 789  -0.965052E-03  -0.215904E-03   0.405513E-01   0.376159E-02   0.300000E-03
 790  -0.222379E-03  -0.496967E-03   0.414492E-01   0.427955E-02   0.300000E-03
 791  -0.740525E-03   0.681326E-03   0.430961E-01   0.434867E-02   0.350000E-03
 792  -0.714987E-03   0.465564E-03   0.438698E-01   0.517782E-02   0.150000E-03
 793  -0.391104E-03   0.775039E-03   0.284146E-02   0.547295E-02   0.150000E-03
 794  -0.313676E-03   0.359753E-03   0.245165E-02   0.545212E-02   0.150000E-03
 795  -0.353681E-03   0.553764E-03   0.435937E-02   0.522329E-02   0.200000E-03
 796  -0.238223E-03   0.323143E-03   0.266568E-02   0.646333E-02   0.300000E-03
 797  -0.689542E-03   0.515946E-03   0.449446E-02   0.623202E-02   0.400000E-03
 798  -0.559587E-03   0.441543E-03   0.515582E-02   0.600452E-02   0.300000E-03
 799  -0.418263E-03   0.821025E-03   0.750571E-02   0.667828E-02   0.350000E-03
 800  -0.316561E-03   0.416577E-03   0.883006E-02   0.707186E-02   0.250000E-03
 801  -0.382357E-03   0.239666E-03   0.108140E-01   0.674199E-02   0.250000E-03
 802   0.594498E-04   0.426753E-03   0.112816E-01   0.691281E-02   0.250000E-03
 803  -0.409167E-03   0.252605E-03   0.120148E-01   0.675278E-02   0.250000E-03
 804   0.808784E-04   0.209315E-03   0.132645E-01   0.712802E-02   0.300000E-03
 805  -0.225904E-03   0.199782E-03   0.140747E-01   0.725149E-02   0.300000E-03
 806  -0.469519E-03   0.376716E-04   0.157021E-01   0.762740E-02   0.200000E-03
 807  -0.763509E-03  -0.123854E-03   0.180728E-01   0.756044E-02   0.250000E-03
 808   0.713423E-04   0.363605E-03   0.191617E-01   0.805821E-02   0.450000E-03
 809   0.694953E-03  -0.123079E-03   0.214895E-01   0.769751E-02   0.300000E-03
 810   0.352386E-03   0.202507E-03   0.222216E-01   0.699026E-02   0.300000E-03
 811   0.728726E-03   0.202140E-03   0.238178E-01   0.680183E-02   0.300000E-03
 812   0.828901E-03   0.859908E-03   0.244451E-01   0.617119E-02   0.300000E-03
 813   0.876939E-03   0.229546E-03   0.254272E-01   0.553725E-02   0.350000E-03
 814   0.520318E-03   0.244665E-03   0.273899E-01   0.551812E-02   0.200000E-03
 815   0.562260E-03   0.280876E-03   0.286713E-01   0.588498E-02   0.400000E-03
 816  -0.723348E-03   0.164793E-03   0.311925E-01   0.610792E-02   0.200000E-03
 817  -0.567905E-04   0.556404E-03   0.302305E-01   0.629645E-02   0.300000E-03
 818  -0.640232E-03   0.341220E-03   0.325689E-01   0.619153E-02   0.300000E-03
 819  -0.473239E-03   0.587960E-04   0.334370E-01   0.572542E-02   0.300000E-03
 820  -0.495732E-03   0.198331E-03   0.347234E-01   0.564895E-02   0.300000E-03
 821  -0.526479E-03   0.300877E-03   0.362395E-01   0.604864E-02   0.300000E-03
 822  -0.589184E-03  -0.116238E-03   0.378322E-01   0.692889E-02   0.300000E-03
 823  -0.801341E-03   0.191246E-04   0.387521E-01   0.630731E-02   0.250000E-03
 824  -0.921536E-03   0.293598E-03   0.408134E-01   0.555236E-02   0.350000E-03
 825  -0.214915E-03   0.452319E-03   0.402529E-01   0.498234E-02   0.450000E-03
 826  -0.462093E-03   0.106070E-02   0.408015E-01   0.440022E-02   0.350000E-03
 827  -0.533649E-03   0.403957E-03   0.422260E-01   0.439447E-02   0.250000E-03
 828  -0.212089E-03  -0.785583E-04   0.402816E-01   0.692031E-02   0.350000E-03
 829  -0.288633E-03   0.574567E-03   0.262613E-02   0.586586E-02   0.300000E-03
 830  -0.110170E-03   0.495285E-03   0.299864E-03   0.520315E-02   0.300000E-03
 831  -0.108938E-03   0.418133E-03   0.313005E-03   0.570169E-02   0.200000E-03
 832  -0.417637E-03   0.483367E-03   0.310507E-02   0.613356E-02   0.250000E-03
 833  -0.382094E-03   0.505136E-03   0.327693E-02   0.665430E-02   0.300000E-03
 834  -0.515944E-03   0.622049E-03   0.508854E-02   0.660010E-02   0.300000E-03
 835  -0.440883E-03   0.395699E-03   0.573151E-02   0.678611E-02   0.300000E-03
 836  -0.452774E-03   0.157858E-03   0.755006E-02   0.737480E-02   0.350000E-03
 837  -0.380755E-03  -0.172049E-03   0.108183E-01   0.629309E-02   0.200000E-03
 838  -0.324350E-03   0.174468E-03   0.117476E-01   0.728936E-02   0.350000E-03
 839  -0.426335E-03   0.241093E-03   0.125678E-01   0.709054E-02   0.400000E-03
 840   0.537077E-03   0.404187E-03   0.141476E-01   0.786684E-02   0.300000E-03
 841  -0.797247E-04   0.508546E-03   0.147287E-01   0.772090E-02   0.300000E-03
 842  -0.796071E-03   0.227301E-03   0.170583E-01   0.739236E-02   0.300000E-03
 843  -0.129083E-03   0.273675E-03   0.185117E-01   0.779977E-02   0.250000E-03
 844   0.365901E-03   0.255754E-03   0.198604E-01   0.833074E-02   0.300000E-03
 845   0.561502E-03   0.175154E-03   0.208914E-01   0.811469E-02   0.350000E-03
 846   0.414122E-03  -0.740355E-05   0.219976E-01   0.749115E-02   0.250000E-03
 847   0.666378E-03   0.251744E-03   0.232902E-01   0.708417E-02   0.300000E-03
 848   0.641440E-03   0.190952E-03   0.245128E-01   0.687539E-02   0.400000E-03
 849   0.837160E-03   0.187142E-03   0.254465E-01   0.623352E-02   0.350000E-03
 850   0.602462E-03   0.172287E-03   0.267432E-01   0.562417E-02   0.200000E-03
 851   0.619576E-03   0.228659E-03   0.266281E-01   0.610826E-02   0.300000E-03
 852   0.263842E-03   0.345893E-03   0.299161E-01   0.582051E-02   0.150000E-03
 853  -0.555959E-03   0.250404E-03   0.317028E-01   0.630717E-02   0.350000E-03
 854  -0.682584E-03   0.184701E-03   0.327849E-01   0.680303E-02   0.350000E-03
 855  -0.624774E-03   0.351669E-03   0.331647E-01   0.625962E-02   0.300000E-03
 856  -0.453035E-03   0.185638E-03   0.341205E-01   0.600041E-02   0.400000E-03
 857  -0.794394E-03  -0.402146E-05   0.352110E-01   0.607792E-02   0.350000E-03
 858  -0.469336E-03   0.359672E-03   0.365618E-01   0.655328E-02   0.300000E-03
 859  -0.974161E-03   0.112199E-04   0.392808E-01   0.646524E-02   0.250000E-03
 860  -0.629252E-03   0.184046E-03   0.402083E-01   0.578545E-02   0.300000E-03
 861  -0.191788E-03   0.336072E-03   0.415109E-01   0.556706E-02   0.350000E-03
 862  -0.717603E-03   0.303558E-03   0.409741E-01   0.497457E-02   0.250000E-03
 863  -0.410394E-03  -0.100790E-03   0.432720E-01   0.512855E-02   0.450000E-03
 864   0.755695E-04   0.289801E-03   0.445507E-01   0.604329E-02   0.450000E-03
 865  -0.435608E-03   0.457163E-03   0.137959E-02   0.504833E-02   0.350000E-03
 866  -0.542029E-03   0.347429E-03   0.171128E-02   0.548174E-02   0.200000E-03
 867  -0.406308E-03   0.274302E-03   0.204915E-02   0.626112E-02   0.350000E-03
 868  -0.689869E-03   0.739012E-03   0.365858E-02   0.619205E-02   0.300000E-03
 869  -0.410910E-03   0.429639E-03   0.334304E-02   0.719776E-02   0.250000E-03
 870  -0.513512E-03   0.453026E-03   0.623019E-02   0.645330E-02   0.300000E-03
 871  -0.160443E-03   0.751802E-03   0.689379E-02   0.689530E-02   0.300000E-03
 872  -0.176295E-03   0.431563E-03   0.921234E-02   0.680890E-02   0.200000E-03
 873  -0.429281E-03   0.365321E-03   0.102821E-01   0.700381E-02   0.300000E-03
 874  -0.358930E-03   0.249563E-03   0.117007E-01   0.796524E-02   0.300000E-03
 875  -0.393190E-03   0.158225E-03   0.122429E-01   0.770842E-02   0.300000E-03
 876  -0.716617E-04   0.876104E-04   0.136030E-01   0.762004E-02   0.300000E-03
 877  -0.661202E-04   0.372689E-03   0.146506E-01   0.831437E-02   0.300000E-03
 878  -0.907053E-04   0.244562E-03   0.164096E-01   0.736791E-02   0.350000E-03
 879  -0.643287E-03   0.195020E-03   0.175081E-01   0.771253E-02   0.250000E-03
 880  -0.706533E-03   0.507966E-03   0.176610E-01   0.823994E-02   0.300000E-03
 881   0.389160E-03   0.386188E-03   0.219860E-01   0.804038E-02   0.300000E-03
 882   0.598629E-03   0.275899E-03   0.227458E-01   0.715152E-02   0.250000E-03
 883   0.624649E-03   0.257298E-03   0.229222E-01   0.660635E-02   0.150000E-03
 884   0.693868E-03   0.495301E-04   0.240025E-01   0.742403E-02   0.350000E-03
 885   0.700731E-03  -0.224960E-03   0.261243E-01   0.737059E-02   0.400000E-03
 886   0.735089E-03   0.216938E-03   0.260431E-01   0.597896E-02   0.300000E-03
 887   0.658486E-03  -0.215484E-03   0.285568E-01   0.662463E-02   0.350000E-03
 888   0.747246E-04   0.501941E-03   0.295434E-01   0.659627E-02   0.450000E-03
 889  -0.887360E-03   0.457091E-03   0.308793E-01   0.667625E-02   0.450000E-03
 890  -0.602022E-03   0.260194E-03   0.322180E-01   0.661138E-02   0.250000E-03
 891  -0.283790E-03  -0.156993E-03   0.337293E-01   0.663829E-02   0.350000E-03
 892  -0.715894E-03  -0.509571E-04   0.346616E-01   0.658713E-02   0.400000E-03
 893  -0.432138E-03   0.210171E-03   0.357651E-01   0.641502E-02   0.300000E-03
 894  -0.344217E-03   0.133851E-03   0.385875E-01   0.677925E-02   0.250000E-03
 895  -0.103337E-02  -0.345230E-03   0.390981E-01   0.698353E-02   0.300000E-03
 896  -0.432127E-03  -0.179187E-03   0.419086E-01   0.694711E-02   0.300000E-03
 897  -0.103601E-04   0.218677E-03   0.424631E-01   0.660352E-02   0.350000E-03
 898  -0.345377E-03   0.515341E-03   0.426166E-01   0.461641E-02   0.200000E-03
 899  -0.399435E-03  -0.110889E-03   0.424770E-01   0.518507E-02   0.350000E-03
 900   0.200078E-03   0.350287E-03   0.438291E-01   0.569896E-02   0.350000E-03
 901  -0.392293E-03   0.277060E-03   0.129154E-02   0.563916E-02   0.250000E-03
 902  -0.325104E-03   0.290261E-03   0.306852E-02   0.761504E-02   0.250000E-03
 903  -0.436899E-03   0.426540E-03   0.211675E-02   0.566609E-02   0.250000E-03
 904  -0.230140E-03   0.467553E-03   0.275036E-02   0.710656E-02   0.350000E-03
 905  -0.625982E-03   0.425309E-03   0.398174E-02   0.690891E-02   0.450000E-03
 906  -0.308614E-04   0.589181E-03   0.584471E-02   0.732984E-02   0.250000E-03
 907  -0.358671E-03   0.617625E-03   0.553835E-02   0.632528E-02   0.200000E-03
 908  -0.296123E-03   0.350579E-03   0.883360E-02   0.762097E-02   0.300000E-03
 909  -0.197453E-03   0.395340E-03   0.933616E-02   0.729256E-02   0.300000E-03
 910  -0.431599E-03   0.300984E-03   0.101222E-01   0.804594E-02   0.300000E-03
 911  -0.367353E-03   0.226520E-03   0.112608E-01   0.763705E-02   0.250000E-03
 912  -0.296941E-03   0.235779E-03   0.151264E-01   0.858895E-02   0.250000E-03
 913  -0.287589E-03   0.716816E-04   0.153182E-01   0.802055E-02   0.350000E-03
 914  -0.152067E-03   0.411743E-03   0.161289E-01   0.811574E-02   0.450000E-03
 915  -0.100936E-02   0.441301E-03   0.169780E-01   0.808771E-02   0.400000E-03
 916   0.451411E-03   0.266732E-03   0.204159E-01   0.855589E-02   0.300000E-03
 917   0.179281E-03   0.536623E-03   0.199928E-01   0.898022E-02   0.300000E-03
 918   0.667051E-03   0.938254E-04   0.225523E-01   0.771860E-02   0.350000E-03
 919   0.652907E-03   0.387192E-03   0.232522E-01   0.773266E-02   0.350000E-03
 920   0.738377E-03  -0.208064E-03   0.248420E-01   0.638310E-02   0.150000E-03
 921   0.738243E-03  -0.298467E-04   0.234293E-01   0.845795E-02   0.350000E-03
 922   0.744009E-03  -0.501986E-04   0.260246E-01   0.662781E-02   0.350000E-03
 923   0.446811E-03  -0.174188E-04   0.279595E-01   0.625840E-02   0.350000E-03
 924   0.770368E-03  -0.392581E-04   0.289835E-01   0.730056E-02   0.450000E-03
 925  -0.622986E-03   0.390739E-03   0.310839E-01   0.744927E-02   0.350000E-03
 926  -0.892073E-03   0.636917E-03   0.315799E-01   0.694425E-02   0.300000E-03
 927  -0.106175E-02   0.447370E-05   0.336409E-01   0.719728E-02   0.200000E-03
 928  -0.541412E-03  -0.519724E-05   0.341696E-01   0.649709E-02   0.100000E-03
 929  -0.327811E-03  -0.223203E-05   0.372298E-01   0.668511E-02   0.350000E-03
 930  -0.581277E-03   0.122688E-03   0.412108E-01   0.663019E-02   0.300000E-03
 931  -0.542820E-04   0.124080E-03   0.411810E-01   0.606386E-02   0.250000E-03
 932  -0.670989E-03  -0.281623E-03   0.397319E-01   0.668022E-02   0.250000E-03
 933  -0.379686E-03  -0.135657E-04   0.418015E-01   0.625571E-02   0.400000E-03
 934  -0.989185E-03   0.752333E-03   0.412389E-01   0.467579E-02   0.150000E-03
 935   0.431259E-05  -0.113050E-03   0.417950E-01   0.488005E-02   0.400000E-03
 936  -0.905946E-04   0.628333E-03   0.433620E-01   0.615066E-02   0.300000E-03
 937  -0.663011E-04   0.111395E-03   0.104237E-02   0.714695E-02   0.350000E-03
 938  -0.107630E-03   0.960104E-04   0.298486E-03   0.620075E-02   0.300000E-03
 939  -0.242507E-03   0.682332E-03   0.369042E-02   0.768434E-02   0.350000E-03
 940  -0.224233E-03   0.209992E-03   0.788336E-03   0.585620E-02   0.300000E-03
 941  -0.409912E-03   0.269231E-03   0.167692E-02   0.685301E-02   0.350000E-03
 942  -0.814679E-03   0.673264E-03   0.453998E-02   0.768547E-02   0.500000E-03
 943  -0.555033E-03   0.480616E-03   0.525503E-02   0.722768E-02   0.350000E-03
 944  -0.441668E-03   0.815608E-03   0.631388E-02   0.704601E-02   0.300000E-03
 945  -0.362723E-03   0.231407E-03   0.108362E-01   0.729045E-02   0.300000E-03
 946  -0.387556E-04   0.338414E-03   0.986021E-02   0.745595E-02   0.250000E-03
 947  -0.249939E-03   0.224880E-03   0.129432E-01   0.797438E-02   0.450000E-03
 948  -0.373549E-03   0.413854E-03   0.125623E-01   0.856115E-02   0.250000E-03
 949  -0.456359E-03   0.760029E-03   0.156639E-01   0.870315E-02   0.300000E-03
 950   0.139777E-04   0.357970E-03   0.139921E-01   0.854948E-02   0.400000E-03
 951  -0.139700E-03   0.101369E-03   0.166153E-01   0.868621E-02   0.300000E-03
 952  -0.295626E-03   0.474778E-03   0.182085E-01   0.819626E-02   0.250000E-03
 953   0.627824E-03   0.126985E-03   0.211098E-01   0.867308E-02   0.250000E-03
 954   0.162224E-03   0.495124E-04   0.225870E-01   0.856761E-02   0.500000E-03
 955   0.741610E-03  -0.427593E-04   0.238012E-01   0.798834E-02   0.250000E-03
 956   0.662871E-03   0.232925E-04   0.255680E-01   0.701612E-02   0.250000E-03
 957   0.502495E-03  -0.990879E-04   0.272034E-01   0.725029E-02   0.350000E-03
 958   0.554707E-03  -0.554166E-04   0.267133E-01   0.675084E-02   0.350000E-03
 959   0.559511E-03   0.233875E-03   0.272753E-01   0.605346E-02   0.350000E-03
 960  -0.603219E-04   0.249053E-03   0.302003E-01   0.684433E-02   0.250000E-03
 961  -0.611655E-03   0.283009E-03   0.321342E-01   0.795540E-02   0.400000E-03
 962  -0.955394E-03   0.313105E-03   0.316828E-01   0.748388E-02   0.250000E-03
 963  -0.817047E-03   0.159034E-03   0.333039E-01   0.698258E-02   0.200000E-03
 964  -0.298773E-03   0.106428E-03   0.353215E-01   0.681757E-02   0.300000E-03
 965  -0.377155E-03   0.303133E-03   0.361001E-01   0.685072E-02   0.250000E-03
 966  -0.567832E-03  -0.121032E-03   0.367189E-01   0.723448E-02   0.400000E-03
 967  -0.365503E-03   0.275303E-03   0.406404E-01   0.631987E-02   0.350000E-03
 968  -0.635449E-03   0.193472E-03   0.401519E-01   0.623151E-02   0.150000E-03
 969   0.257725E-03   0.339370E-03   0.447507E-01   0.710655E-02   0.250000E-03
 970   0.828892E-04   0.235985E-03   0.442474E-01   0.678159E-02   0.350000E-03
 971  -0.152969E-03   0.606094E-03   0.427101E-01   0.589622E-02   0.400000E-03
 972   0.147061E-03   0.240913E-03   0.436515E-01   0.672780E-02   0.250000E-03
 973  -0.224400E-03   0.345885E-03   0.840026E-03   0.530915E-02   0.250000E-03
 974  -0.444891E-03   0.352576E-03   0.399540E-02   0.820082E-02   0.250000E-03
 975  -0.386685E-03   0.222773E-03   0.134999E-02   0.623444E-02   0.350000E-03
 976  -0.142922E-03   0.776917E-04   0.783493E-03   0.655107E-02   0.300000E-03
 977  -0.332263E-03  -0.113208E-04   0.727440E-02   0.790694E-02   0.250000E-03
 978  -0.191335E-03   0.134304E-03   0.691137E-02   0.749433E-02   0.300000E-03
 979  -0.506256E-03   0.190692E-03   0.637057E-02   0.759220E-02   0.250000E-03
 980  -0.172697E-03   0.323561E-03   0.816005E-02   0.780902E-02   0.400000E-03
 981  -0.433192E-03   0.270682E-03   0.103511E-01   0.754721E-02   0.250000E-03
 982  -0.343162E-03   0.296398E-03   0.937806E-02   0.813592E-02   0.450000E-03
 983  -0.421345E-03   0.376786E-03   0.121694E-01   0.825279E-02   0.250000E-03
 984  -0.410431E-03   0.282384E-03   0.107682E-01   0.797748E-02   0.350000E-03
 985  -0.847816E-04   0.265897E-03   0.135767E-01   0.811779E-02   0.200000E-03
 986  -0.132483E-03   0.715015E-03   0.189973E-01   0.916167E-02   0.300000E-03
 987  -0.354873E-03   0.404596E-03   0.186121E-01   0.863885E-02   0.350000E-03
 988   0.102205E-03   0.504277E-03   0.194372E-01   0.875412E-02   0.300000E-03
 989   0.116600E-03   0.578113E-03   0.195410E-01   0.929334E-02   0.250000E-03
 990   0.802342E-03   0.218116E-03   0.214764E-01   0.824674E-02   0.250000E-03
 991   0.794714E-03   0.900660E-04   0.246236E-01   0.774482E-02   0.350000E-03
 992   0.913495E-03  -0.289452E-04   0.250911E-01   0.729397E-02   0.300000E-03
 993   0.859164E-03   0.148610E-03   0.251474E-01   0.674763E-02   0.250000E-03
 994   0.562210E-03   0.205712E-03   0.273506E-01   0.664735E-02   0.250000E-03
 995   0.444995E-03  -0.855318E-04   0.279123E-01   0.700629E-02   0.400000E-03
 996  -0.133874E-05   0.203203E-03   0.304440E-01   0.733582E-02   0.300000E-03
 997  -0.576860E-04   0.245939E-03   0.298667E-01   0.721653E-02   0.250000E-03
 998  -0.603813E-03   0.127989E-03   0.322162E-01   0.721035E-02   0.350000E-03
 999  -0.785516E-03   0.831625E-04   0.330400E-01   0.734582E-02   0.250000E-03
1000  -0.767682E-03   0.748815E-05   0.341898E-01   0.716828E-02   0.350000E-03
