   1   0.787127E-05   0.201518E-03   0.112759E-01   0.845836E-02   0.350000E-03
   2  -0.743182E-03  -0.861914E-03   0.148766E-03   0.149704E-03   0.150000E-03
   3   0.245032E-02  -0.395371E-02   0.459317E-02   0.448036E-03   0.450000E-03
   4  -0.866998E-03   0.827455E-03   0.575276E-02   0.538233E-03   0.200000E-03
   5   0.210986E-02  -0.244889E-04   0.582797E-02   0.999889E-04   0.100000E-03
   6  -0.297743E-02   0.164278E-02   0.751376E-02   0.248723E-03   0.250000E-03
   7  -0.291076E-02   0.140192E-02   0.814470E-02   0.398624E-03   0.400000E-03
   8  -0.760361E-04   0.439784E-02   0.889121E-02   0.349007E-03   0.350000E-03
   9  -0.718915E-03   0.781619E-03   0.934707E-02   0.544211E-03   0.150000E-03
  10   0.119021E-02   0.147538E-03   0.118140E-01   0.292809E-03   0.300000E-03
  11  -0.229514E-03  -0.837340E-03   0.130574E-01   0.348458E-03   0.350000E-03
  12  -0.447400E-03   0.468433E-03   0.147915E-01   0.195678E-03   0.200000E-03
  13  -0.140003E-02  -0.191033E-03   0.169435E-01   0.345841E-03   0.350000E-03
  14   0.478462E-03  -0.901740E-04   0.176421E-01   0.348483E-03   0.350000E-03
  15   0.302494E-04   0.393419E-03   0.188563E-01   0.412342E-03   0.400000E-03
  16   0.147920E-02  -0.633678E-03   0.195998E-01   0.346313E-03   0.350000E-03
  17  -0.113799E-02  -0.273851E-03   0.205121E-01   0.339998E-03   0.350000E-03
  18   0.153532E-02   0.429873E-04   0.219728E-01   0.349374E-03   0.350000E-03
  19   0.495286E-03   0.195777E-03   0.225631E-01   0.246159E-03   0.250000E-03
  20   0.145258E-02  -0.484632E-04   0.230624E-01   0.247106E-03   0.250000E-03
  21  -0.197848E-03  -0.117158E-03   0.244737E-01   0.249747E-03   0.250000E-03
  22  -0.116424E-03  -0.336544E-03   0.257273E-01   0.199913E-03   0.200000E-03
  23  -0.191227E-02   0.391216E-03   0.267484E-01   0.994155E-04   0.100000E-03
  24   0.334955E-03   0.576148E-03   0.282115E-01   0.397285E-03   0.400000E-03
  25   0.390129E-03   0.178151E-02   0.297777E-01   0.412306E-03   0.400000E-03
  26  -0.941085E-04   0.301028E-03   0.305181E-01   0.333437E-03   0.350000E-03
  27   0.777304E-03   0.461405E-03   0.318553E-01   0.298517E-03   0.300000E-03
  28  -0.681080E-03  -0.453834E-03   0.333115E-01   0.344390E-03   0.300000E-03
  29  -0.911908E-03  -0.265378E-03   0.355384E-01   0.444274E-03   0.450000E-03
  30  -0.553564E-03  -0.268895E-03   0.374013E-01   0.346103E-03   0.350000E-03
  31  -0.138784E-02   0.405441E-03   0.379920E-01   0.248808E-03   0.250000E-03
  32  -0.841964E-03  -0.170304E-02   0.401172E-01   0.196963E-03   0.200000E-03
  33   0.133513E-03  -0.113121E-02   0.410063E-01   0.195217E-03   0.200000E-03
  34  -0.293888E-02  -0.153271E-02   0.446040E-01   0.878917E-03   0.400000E-03
  35  -0.112223E-02   0.513207E-02   0.446516E-01   0.192273E-02   0.350000E-03
  36  -0.365129E-03  -0.222304E-03   0.864779E-02   0.831081E-02   0.300000E-03
  37   0.105590E-02   0.168291E-02   0.247251E-03   0.176807E-02   0.250000E-03
  38  -0.503194E-03   0.219833E-02   0.782111E-03   0.716815E-03   0.300000E-03
  39   0.508800E-03   0.822270E-03   0.269777E-02   0.398723E-03   0.400000E-03
  40  -0.851878E-03  -0.690281E-03   0.618856E-02   0.299128E-03   0.300000E-03
  41   0.653978E-04  -0.138463E-02   0.688116E-02   0.391354E-03   0.400000E-03
  42  -0.164878E-02   0.103545E-02   0.730893E-02   0.999828E-03   0.350000E-03
  43   0.362978E-04  -0.200102E-03   0.861373E-02   0.936764E-03   0.300000E-03
  44  -0.447482E-03   0.607915E-03   0.939003E-02   0.940015E-03   0.250000E-03
  45  -0.329544E-03   0.971051E-03   0.999177E-02   0.496208E-03   0.500000E-03
  46  -0.335612E-03  -0.328252E-03   0.107831E-01   0.299930E-03   0.300000E-03
  47   0.689154E-03   0.102690E-02   0.152819E-01   0.149929E-03   0.150000E-03
  48  -0.266311E-03   0.581248E-03   0.158471E-01   0.447160E-03   0.450000E-03
  49  -0.142637E-02   0.400016E-04   0.165107E-01   0.887181E-03   0.350000E-03
  50   0.464356E-03  -0.139250E-04   0.182318E-01   0.245954E-03   0.250000E-03
  51   0.137392E-02   0.492953E-03   0.193256E-01   0.872441E-03   0.250000E-03
  52   0.618018E-03   0.141307E-03   0.200546E-01   0.147213E-03   0.150000E-03
  53   0.332281E-04   0.345977E-03   0.205146E-01   0.101504E-02   0.200000E-03
  54   0.746243E-03  -0.961991E-03   0.211604E-01   0.298197E-03   0.300000E-03
  55   0.301744E-03   0.258665E-03   0.233996E-01   0.999312E-04   0.100000E-03
  56   0.247831E-03  -0.124953E-03   0.238408E-01   0.396803E-03   0.400000E-03
  57  -0.108636E-03   0.641281E-05   0.245132E-01   0.921431E-03   0.400000E-03
  58   0.605716E-04  -0.937590E-03   0.251070E-01   0.395555E-03   0.400000E-03
  59  -0.477231E-03   0.955870E-03   0.270281E-01   0.206155E-03   0.200000E-03
  60   0.175547E-03   0.753821E-03   0.275196E-01   0.295998E-03   0.300000E-03
  61   0.447853E-03   0.875356E-03   0.290923E-01   0.294467E-03   0.300000E-03
  62   0.128158E-03  -0.656124E-04   0.312127E-01   0.348828E-03   0.350000E-03
  63  -0.640622E-03   0.135812E-03   0.328415E-01   0.196816E-03   0.200000E-03
  64  -0.519603E-03   0.472206E-03   0.347475E-01   0.346025E-03   0.350000E-03
  65  -0.856693E-03  -0.258726E-03   0.363138E-01   0.611183E-03   0.350000E-03
  66  -0.119349E-02  -0.200211E-03   0.364336E-01   0.137802E-03   0.150000E-03
  67  -0.721949E-03  -0.531862E-04   0.391366E-01   0.298953E-03   0.300000E-03
  68  -0.549498E-02   0.156718E-02   0.422987E-01   0.199814E-03   0.200000E-03
  69  -0.755578E-03  -0.116836E-02   0.438599E-01   0.825639E-03   0.350000E-03
  70  -0.843758E-03  -0.368165E-03   0.423977E-01   0.719936E-02   0.250000E-03
  71  -0.542260E-03   0.134564E-03   0.447016E-01   0.495554E-02   0.300000E-03
  72  -0.337937E-02   0.190251E-02   0.447501E-01   0.248119E-03   0.250000E-03
  73  -0.129998E-03   0.300703E-03   0.256136E-02   0.793809E-02   0.350000E-03
  74   0.223914E-02   0.133152E-03   0.120972E-02   0.298482E-03   0.300000E-03
  75   0.503706E-03  -0.808255E-03   0.392795E-02   0.247938E-03   0.250000E-03
  76   0.653878E-03   0.260055E-03   0.523089E-02   0.923195E-03   0.350000E-03
  77  -0.333767E-03   0.116563E-03   0.648048E-02   0.822909E-03   0.200000E-03
  78  -0.449817E-03  -0.312183E-03   0.666150E-02   0.134034E-02   0.350000E-03
  79  -0.541668E-03  -0.316828E-03   0.799342E-02   0.113128E-02   0.350000E-03
  80  -0.821588E-03   0.910309E-03   0.903796E-02   0.129000E-02   0.250000E-03
  81   0.139927E-03   0.909338E-03   0.106964E-01   0.959165E-03   0.350000E-03
  82   0.700301E-03  -0.450843E-04   0.133000E-01   0.948556E-03   0.300000E-03
  83  -0.835620E-05  -0.303127E-03   0.137559E-01   0.346599E-03   0.350000E-03
  84  -0.269031E-02   0.274931E-03   0.143458E-01   0.243843E-03   0.250000E-03
  85   0.109373E-03   0.522081E-03   0.154381E-01   0.100966E-02   0.250000E-03
  86  -0.269307E-03   0.706528E-03   0.172901E-01   0.106496E-02   0.450000E-03
  87   0.127217E-03   0.528060E-03   0.188665E-01   0.106171E-02   0.250000E-03
  88  -0.632985E-03  -0.458616E-03   0.200618E-01   0.802942E-03   0.300000E-03
  89   0.262231E-03  -0.969305E-03   0.203099E-01   0.160623E-02   0.400000E-03
  90   0.134304E-02   0.191438E-03   0.214913E-01   0.854433E-03   0.350000E-03
  91   0.203905E-03  -0.354074E-03   0.225861E-01   0.742159E-03   0.250000E-03
  92   0.607524E-03  -0.653297E-03   0.231773E-01   0.832973E-03   0.350000E-03
  93   0.113312E-03  -0.228985E-03   0.238009E-01   0.114255E-02   0.350000E-03
  94  -0.578466E-03   0.787770E-06   0.252307E-01   0.113439E-02   0.350000E-03
  95   0.513956E-03   0.467479E-03   0.273492E-01   0.919240E-03   0.350000E-03
  96  -0.823670E-04  -0.215910E-03   0.280497E-01   0.117894E-02   0.400000E-03
  97   0.449954E-03   0.491494E-03   0.294544E-01   0.974530E-03   0.250000E-03
  98   0.346352E-03  -0.472470E-03   0.302982E-01   0.108547E-02   0.450000E-03
  99   0.458387E-03   0.860331E-03   0.323980E-01   0.248107E-03   0.250000E-03
 100  -0.100403E-02  -0.287785E-04   0.327199E-01   0.626935E-03   0.250000E-03
 101  -0.882438E-03   0.279945E-03   0.349580E-01   0.106223E-02   0.400000E-03
 102  -0.136926E-02  -0.481019E-03   0.368082E-01   0.271121E-03   0.250000E-03
 103  -0.503190E-03  -0.137803E-03   0.376405E-01   0.893490E-03   0.250000E-03
 104  -0.970904E-03  -0.666518E-04   0.385388E-01   0.295974E-03   0.300000E-03
 105  -0.384632E-03  -0.169609E-02   0.405615E-01   0.243125E-03   0.250000E-03
 106  -0.987239E-03  -0.236554E-02   0.431890E-01   0.296688E-03   0.300000E-03
 107  -0.343996E-03   0.902587E-03   0.440779E-01   0.746059E-02   0.350000E-03
 108  -0.777528E-03   0.617101E-03   0.349346E-01   0.745937E-02   0.450000E-03
 109  -0.254124E-03   0.142866E-02   0.242888E-03   0.634353E-03   0.250000E-03
 110   0.425286E-03  -0.902563E-04   0.537974E-03   0.236568E-03   0.250000E-03
 111   0.237476E-03   0.159902E-03   0.190128E-02   0.397890E-03   0.400000E-03
 112   0.349814E-04   0.658256E-03   0.323330E-02   0.923594E-03   0.350000E-03
 113   0.264016E-03  -0.831747E-03   0.595371E-02   0.109955E-02   0.400000E-03
 114  -0.892442E-03   0.199526E-04   0.717417E-02   0.153072E-02   0.200000E-03
 115  -0.423355E-03   0.808943E-03   0.851891E-02   0.158297E-02   0.350000E-03
 116  -0.348778E-03   0.564579E-03   0.984346E-02   0.133210E-02   0.350000E-03
 117   0.973482E-04   0.163013E-02   0.113582E-01   0.741138E-03   0.350000E-03
 118  -0.933448E-03   0.639384E-04   0.124115E-01   0.296580E-03   0.300000E-03
 119  -0.275730E-02  -0.713397E-04   0.142785E-01   0.783616E-03   0.300000E-03
 120  -0.800774E-03  -0.108737E-04   0.151086E-01   0.575544E-03   0.300000E-03
 121  -0.114079E-02   0.114919E-02   0.167305E-01   0.138687E-02   0.200000E-03
 122  -0.123529E-03   0.154495E-03   0.181792E-01   0.940643E-03   0.450000E-03
 123   0.401506E-03   0.341615E-03   0.186077E-01   0.142437E-02   0.200000E-03
 124  -0.951034E-04  -0.857502E-03   0.196961E-01   0.127587E-02   0.300000E-03
 125  -0.457341E-03   0.707555E-04   0.208993E-01   0.781614E-03   0.250000E-03
 126  -0.273583E-03  -0.736858E-03   0.209464E-01   0.132467E-02   0.300000E-03
 127   0.388988E-03  -0.123981E-03   0.227228E-01   0.122115E-02   0.250000E-03
 128   0.972649E-03   0.369764E-03   0.230718E-01   0.164305E-02   0.300000E-03
 129   0.570372E-03   0.583094E-03   0.236181E-01   0.170240E-02   0.250000E-03
 130   0.257234E-04  -0.424777E-03   0.257243E-01   0.712638E-03   0.300000E-03
 131   0.565987E-03  -0.953010E-03   0.263457E-01   0.395419E-03   0.400000E-03
 132  -0.110845E-03   0.152593E-03   0.275148E-01   0.144819E-02   0.200000E-03
 133   0.475251E-03   0.540836E-03   0.288066E-01   0.927392E-03   0.400000E-03
 134  -0.673034E-04   0.610557E-03   0.311887E-01   0.109678E-02   0.400000E-03
 135   0.511200E-03   0.581450E-03   0.320352E-01   0.102506E-02   0.450000E-03
 136  -0.179434E-02   0.236608E-03   0.340032E-01   0.396588E-03   0.400000E-03
 137  -0.122535E-03  -0.615674E-03   0.372097E-01   0.750253E-03   0.100000E-03
 138  -0.863389E-03   0.278869E-03   0.373886E-01   0.132127E-02   0.250000E-03
 139  -0.111309E-02   0.325306E-04   0.381743E-01   0.766850E-03   0.300000E-03
 140  -0.190426E-02  -0.187694E-03   0.396806E-01   0.278294E-03   0.250000E-03
 141   0.418617E-03  -0.115910E-02   0.414523E-01   0.248730E-03   0.250000E-03
 142   0.229787E-02  -0.151414E-02   0.418979E-01   0.196521E-03   0.200000E-03
 143  -0.141691E-03   0.265682E-03   0.438977E-01   0.629388E-02   0.250000E-03
 144  -0.692110E-03  -0.607802E-03   0.296133E-01   0.770733E-02   0.300000E-03
 145   0.696870E-03   0.113461E-02   0.294146E-03   0.331263E-02   0.300000E-03
 146   0.345141E-03   0.173465E-02   0.668914E-03   0.135176E-02   0.350000E-03
 147  -0.111283E-02  -0.213214E-03   0.408224E-02   0.849914E-03   0.200000E-03
 148   0.883033E-03   0.248686E-03   0.532469E-02   0.288659E-03   0.300000E-03
 149  -0.450626E-03  -0.968233E-03   0.612122E-02   0.192890E-02   0.450000E-03
 150  -0.708045E-03  -0.186114E-03   0.756804E-02   0.147903E-02   0.200000E-03
 151  -0.959875E-03   0.931207E-03   0.936592E-02   0.159605E-02   0.200000E-03
 152   0.456736E-03   0.129811E-03   0.103841E-01   0.140593E-02   0.200000E-03
 153   0.405948E-03   0.342618E-03   0.112012E-01   0.136657E-02   0.300000E-03
 154  -0.146241E-02   0.821522E-04   0.126017E-01   0.967202E-03   0.400000E-03
 155   0.904801E-03  -0.371627E-03   0.137919E-01   0.888232E-03   0.200000E-03
 156  -0.937464E-03   0.120925E-02   0.148257E-01   0.121585E-02   0.400000E-03
 157  -0.122465E-02  -0.190891E-03   0.159587E-01   0.139134E-02   0.400000E-03
 158   0.509461E-04   0.100934E-02   0.174138E-01   0.185207E-02   0.350000E-03
 159   0.398091E-03   0.674376E-03   0.178005E-01   0.146662E-02   0.200000E-03
 160   0.215857E-03   0.569078E-03   0.182146E-01   0.164094E-02   0.250000E-03
 161  -0.147350E-03   0.821802E-03   0.196486E-01   0.181905E-02   0.250000E-03
 162   0.993857E-04   0.552611E-03   0.209635E-01   0.182097E-02   0.200000E-03
 163   0.228611E-03  -0.331836E-03   0.221311E-01   0.112949E-02   0.350000E-03
 164   0.437235E-03   0.308663E-04   0.227579E-01   0.219835E-02   0.300000E-03
 165  -0.338841E-03   0.373247E-03   0.248265E-01   0.157731E-02   0.250000E-03
 166   0.636881E-03   0.750438E-03   0.256523E-01   0.155533E-02   0.250000E-03
 167   0.484246E-03   0.577487E-03   0.266322E-01   0.113335E-02   0.400000E-03
 168   0.872242E-03  -0.587683E-03   0.286039E-01   0.153993E-02   0.250000E-03
 169   0.871236E-03  -0.314279E-03   0.302074E-01   0.171531E-02   0.200000E-03
 170   0.696393E-03  -0.510847E-03   0.307982E-01   0.179304E-02   0.400000E-03
 171  -0.145253E-02   0.536169E-03   0.335253E-01   0.902861E-03   0.300000E-03
 172  -0.170069E-02   0.298277E-03   0.341683E-01   0.117669E-02   0.400000E-03
 173  -0.765550E-03   0.549537E-03   0.356454E-01   0.118294E-02   0.300000E-03
 174  -0.117641E-02   0.178498E-03   0.368652E-01   0.103572E-02   0.350000E-03
 175  -0.665198E-03  -0.374605E-04   0.390065E-01   0.883435E-03   0.300000E-03
 176  -0.339926E-03   0.379331E-03   0.400755E-01   0.984823E-03   0.200000E-03
 177  -0.265444E-03  -0.118590E-04   0.406014E-01   0.783282E-03   0.300000E-03
 178  -0.427656E-02   0.744899E-03   0.444006E-01   0.143813E-02   0.200000E-03
 179   0.457216E-03  -0.147352E-03   0.426993E-01   0.197043E-03   0.200000E-03
 180  -0.534296E-03   0.952877E-04   0.400365E-01   0.752207E-02   0.300000E-03
 181  -0.454638E-03   0.580686E-03   0.197133E-03   0.108052E-02   0.200000E-03
 182   0.234732E-03   0.238424E-04   0.141100E-02   0.213775E-02   0.200000E-03
 183   0.573029E-03  -0.258259E-03   0.338520E-02   0.295479E-03   0.300000E-03
 184   0.734078E-03  -0.904694E-03   0.539487E-02   0.159575E-02   0.350000E-03
 185  -0.330374E-03   0.313947E-03   0.625102E-02   0.260787E-02   0.250000E-03
 186  -0.210811E-03   0.640196E-04   0.679859E-02   0.187121E-02   0.200000E-03
 187   0.508544E-04   0.288117E-03   0.791991E-02   0.182486E-02   0.300000E-03
 188  -0.148786E-03  -0.211548E-03   0.963540E-02   0.197620E-02   0.250000E-03
 189  -0.575446E-03   0.174656E-03   0.117338E-01   0.124999E-02   0.250000E-03
 190  -0.134178E-03  -0.231067E-03   0.119726E-01   0.815572E-03   0.250000E-03
 191  -0.441526E-03  -0.167732E-02   0.140186E-01   0.126735E-02   0.250000E-03
 192   0.514561E-03  -0.778751E-03   0.143266E-01   0.183474E-02   0.400000E-03
 193  -0.113501E-02   0.427121E-03   0.153309E-01   0.170028E-02   0.300000E-03
 194  -0.325449E-03  -0.979018E-04   0.165275E-01   0.194516E-02   0.400000E-03
 195  -0.189715E-03   0.763995E-03   0.179699E-01   0.207673E-02   0.250000E-03
 196  -0.293926E-03  -0.529638E-03   0.191544E-01   0.153001E-02   0.300000E-03
 197  -0.236928E-03   0.833865E-03   0.200134E-01   0.229431E-02   0.350000E-03
 198   0.221237E-03   0.809376E-03   0.206577E-01   0.221334E-02   0.300000E-03
 199   0.133975E-02  -0.184853E-03   0.215148E-01   0.150207E-02   0.300000E-03
 200   0.187627E-02   0.234627E-03   0.222616E-01   0.215714E-02   0.200000E-03
 201  -0.177982E-04   0.312704E-03   0.242798E-01   0.158025E-02   0.300000E-03
 202   0.662028E-03   0.378152E-03   0.259885E-01   0.119372E-02   0.250000E-03
 203   0.445847E-03  -0.246420E-03   0.265940E-01   0.182719E-02   0.300000E-03
 204  -0.486042E-04   0.123049E-04   0.270894E-01   0.159184E-02   0.250000E-03
 205   0.242174E-03  -0.355433E-03   0.296243E-01   0.160065E-02   0.400000E-03
 206  -0.172599E-05  -0.201935E-03   0.322617E-01   0.179077E-02   0.350000E-03
 207  -0.131736E-02   0.113076E-03   0.328922E-01   0.129999E-02   0.450000E-03
 208  -0.100173E-02  -0.572236E-03   0.336038E-01   0.166581E-02   0.350000E-03
 209  -0.118019E-02   0.739875E-03   0.362397E-01   0.125146E-02   0.300000E-03
 210  -0.124536E-02   0.751123E-03   0.366411E-01   0.153585E-02   0.200000E-03
 211  -0.137843E-02   0.398591E-03   0.370564E-01   0.169163E-02   0.250000E-03
 212  -0.684983E-03  -0.521239E-03   0.400444E-01   0.588034E-03   0.200000E-03
 213  -0.114707E-03  -0.230357E-03   0.411255E-01   0.624256E-03   0.250000E-03
 214   0.239338E-02  -0.108896E-02   0.420775E-01   0.550034E-03   0.200000E-03
 215  -0.377666E-02  -0.149382E-03   0.441802E-01   0.149873E-03   0.150000E-03
 216  -0.240823E-03   0.329781E-03   0.217342E-01   0.885360E-02   0.400000E-03
 217  -0.303239E-03   0.393147E-03   0.146170E-01   0.896259E-02   0.350000E-03
 218   0.650962E-03   0.167223E-03   0.876098E-03   0.201729E-02   0.350000E-03
 219  -0.490435E-03   0.137019E-03   0.373375E-02   0.653781E-03   0.200000E-03
 220  -0.316667E-03   0.935122E-03   0.458470E-02   0.129608E-02   0.400000E-03
 221   0.283439E-03  -0.801895E-04   0.532839E-02   0.218320E-02   0.250000E-03
 222  -0.438225E-03   0.246370E-03   0.731539E-02   0.205850E-02   0.350000E-03
 223  -0.690824E-03   0.373685E-04   0.904281E-02   0.203629E-02   0.350000E-03
 224   0.512427E-03  -0.311317E-03   0.102295E-01   0.193010E-02   0.350000E-03
 225   0.101947E-03   0.247795E-03   0.107468E-01   0.156730E-02   0.200000E-03
 226  -0.912459E-03  -0.121137E-03   0.121999E-01   0.153795E-02   0.300000E-03
 227  -0.551735E-03   0.157163E-03   0.130506E-01   0.143459E-02   0.250000E-03
 228  -0.994113E-03   0.487238E-03   0.148851E-01   0.176166E-02   0.150000E-03
 229  -0.129418E-02  -0.111270E-03   0.158864E-01   0.203526E-02   0.250000E-03
 230  -0.282863E-03   0.552319E-03   0.175667E-01   0.248170E-02   0.300000E-03
 231  -0.238566E-03   0.482390E-03   0.183893E-01   0.230178E-02   0.200000E-03
 232   0.193142E-03  -0.572691E-04   0.186930E-01   0.191113E-02   0.300000E-03
 233   0.452286E-03  -0.712837E-04   0.192507E-01   0.233078E-02   0.400000E-03
 234   0.284030E-03   0.795061E-03   0.213721E-01   0.210605E-02   0.300000E-03
 235   0.216582E-03  -0.608157E-03   0.224470E-01   0.169262E-02   0.300000E-03
 236   0.975196E-03   0.157144E-03   0.233508E-01   0.217193E-02   0.300000E-03
 237   0.215918E-03   0.351662E-04   0.239977E-01   0.216407E-02   0.350000E-03
 238   0.390996E-03   0.764501E-03   0.252444E-01   0.173598E-02   0.200000E-03
 239   0.354878E-03  -0.551413E-03   0.267704E-01   0.234578E-02   0.250000E-03
 240   0.197114E-03  -0.556519E-03   0.290450E-01   0.147446E-02   0.200000E-03
 241   0.453963E-03  -0.346980E-03   0.302061E-01   0.225154E-02   0.350000E-03
 242  -0.171246E-02  -0.220639E-03   0.315632E-01   0.174629E-02   0.350000E-03
 243  -0.147213E-02  -0.404804E-03   0.329806E-01   0.224205E-02   0.500000E-03
 244  -0.745365E-03   0.193177E-03   0.354480E-01   0.197175E-02   0.200000E-03
 245  -0.922249E-03  -0.316605E-04   0.349247E-01   0.180815E-02   0.350000E-03
 246  -0.131753E-02   0.184002E-03   0.365801E-01   0.212966E-02   0.400000E-03
 247  -0.115701E-02   0.307892E-03   0.379827E-01   0.138614E-02   0.350000E-03
 248  -0.170831E-02   0.915011E-04   0.396029E-01   0.822218E-03   0.300000E-03
 249  -0.551282E-03   0.872252E-04   0.416453E-01   0.789105E-03   0.300000E-03
 250  -0.409573E-03  -0.149473E-02   0.437359E-01   0.244530E-03   0.250000E-03
 251   0.363239E-03   0.539704E-03   0.446038E-01   0.298582E-02   0.400000E-03
 252  -0.118153E-02   0.153328E-03   0.337733E-01   0.772991E-02   0.350000E-03
 253   0.131089E-03   0.324024E-03   0.211368E-02   0.740013E-02   0.350000E-03
 254  -0.323270E-03   0.567443E-03   0.138873E-02   0.936882E-03   0.350000E-03
 255  -0.255292E-04   0.103473E-02   0.230340E-02   0.971747E-03   0.300000E-03
 256  -0.913293E-03  -0.442374E-03   0.483152E-02   0.194827E-02   0.300000E-03
 257  -0.177247E-03   0.151752E-03   0.674357E-02   0.236700E-02   0.300000E-03
 258  -0.565698E-04   0.135363E-03   0.838738E-02   0.227188E-02   0.350000E-03
 259  -0.613409E-03  -0.196486E-03   0.901764E-02   0.283317E-02   0.450000E-03
 260  -0.462251E-03  -0.966140E-03   0.986210E-02   0.258408E-02   0.400000E-03
 261  -0.675961E-03   0.349929E-03   0.116592E-01   0.179137E-02   0.300000E-03
 262  -0.254188E-02  -0.134382E-02   0.121483E-01   0.221617E-02   0.350000E-03
 263  -0.127082E-02  -0.498219E-03   0.135924E-01   0.168797E-02   0.350000E-03
 264  -0.585299E-03  -0.214997E-02   0.149112E-01   0.221034E-02   0.300000E-03
 265   0.363579E-03   0.120602E-02   0.166491E-01   0.253264E-02   0.200000E-03
 266   0.333852E-03   0.620449E-03   0.170455E-01   0.231934E-02   0.250000E-03
 267  -0.137486E-03  -0.522519E-04   0.171273E-01   0.280797E-02   0.250000E-03
 268  -0.333397E-03   0.353623E-03   0.186821E-01   0.264147E-02   0.250000E-03
 269   0.778540E-03   0.747458E-04   0.191079E-01   0.296470E-02   0.250000E-03
 270   0.146942E-03   0.143016E-03   0.197055E-01   0.292075E-02   0.350000E-03
 271   0.636010E-03  -0.584019E-03   0.219263E-01   0.185872E-02   0.250000E-03
 272   0.115138E-03   0.303597E-03   0.223606E-01   0.276553E-02   0.400000E-03
 273   0.709609E-03   0.683705E-03   0.234699E-01   0.285161E-02   0.400000E-03
 274   0.443694E-03   0.151026E-03   0.258391E-01   0.201266E-02   0.250000E-03
 275   0.222351E-03   0.438076E-04   0.262672E-01   0.226460E-02   0.250000E-03
 276   0.171542E-03   0.184830E-03   0.275021E-01   0.194792E-02   0.300000E-03
 277   0.172050E-03  -0.321456E-03   0.294642E-01   0.217712E-02   0.200000E-03
 278  -0.121327E-03  -0.261339E-03   0.318966E-01   0.238646E-02   0.350000E-03
 279  -0.998876E-03  -0.778204E-03   0.323978E-01   0.270605E-02   0.250000E-03
 280  -0.161705E-02   0.259678E-03   0.342794E-01   0.186578E-02   0.300000E-03
 281  -0.654339E-03  -0.415002E-05   0.358846E-01   0.172982E-02   0.300000E-03
 282  -0.918575E-03   0.764428E-03   0.375384E-01   0.179523E-02   0.250000E-03
 283  -0.136598E-02   0.346434E-02   0.384809E-01   0.162054E-02   0.200000E-03
 284  -0.891602E-03   0.256843E-03   0.385415E-01   0.117494E-02   0.250000E-03
 285  -0.608203E-03   0.491046E-03   0.410933E-01   0.121899E-02   0.350000E-03
 286  -0.806774E-03  -0.145717E-02   0.432168E-01   0.891934E-03   0.300000E-03
 287  -0.632767E-04  -0.261736E-02   0.428395E-01   0.121712E-02   0.200000E-03
 288  -0.423947E-03  -0.459371E-04   0.587247E-02   0.792971E-02   0.350000E-03
 289   0.102453E-02   0.159492E-02   0.245149E-03   0.226545E-02   0.250000E-03
 290  -0.226791E-03   0.996284E-03   0.186200E-02   0.137239E-02   0.300000E-03
 291   0.236732E-03   0.143456E-02   0.250186E-02   0.164211E-02   0.400000E-03
 292  -0.114266E-04   0.139914E-02   0.312851E-02   0.151250E-02   0.250000E-03
 293   0.214787E-03   0.228428E-03   0.570859E-02   0.257138E-02   0.300000E-03
 294  -0.236470E-03  -0.297967E-03   0.818252E-02   0.298662E-02   0.400000E-03
 295  -0.497960E-03  -0.586202E-04   0.967959E-02   0.336295E-02   0.400000E-03
 296   0.248419E-03   0.193486E-03   0.111252E-01   0.190842E-02   0.250000E-03
 297   0.321560E-04  -0.304682E-04   0.107271E-01   0.191442E-02   0.150000E-03
 298   0.477588E-03   0.227813E-03   0.126751E-01   0.168092E-02   0.200000E-03
 299   0.665214E-04  -0.568862E-03   0.139014E-01   0.232086E-02   0.250000E-03
 300  -0.655343E-03  -0.721702E-03   0.148724E-01   0.270629E-02   0.200000E-03
 301   0.277454E-04  -0.148657E-02   0.154742E-01   0.238842E-02   0.300000E-03
 302   0.503347E-03   0.433731E-03   0.170902E-01   0.335150E-02   0.300000E-03
 303  -0.385389E-03   0.605877E-03   0.180587E-01   0.251759E-02   0.200000E-03
 304  -0.653221E-03   0.535477E-03   0.182636E-01   0.291296E-02   0.250000E-03
 305  -0.769450E-04   0.767046E-03   0.193843E-01   0.330117E-02   0.150000E-03
 306   0.245295E-03   0.160354E-05   0.204647E-01   0.282908E-02   0.350000E-03
 307   0.472986E-03   0.840335E-03   0.218596E-01   0.235278E-02   0.250000E-03
 308  -0.424070E-03  -0.234257E-03   0.228434E-01   0.333716E-02   0.350000E-03
 309   0.558784E-04   0.135668E-03   0.246030E-01   0.259596E-02   0.400000E-03
 310   0.455495E-03  -0.441925E-04   0.251998E-01   0.223202E-02   0.300000E-03
 311   0.509121E-03  -0.614002E-03   0.273261E-01   0.256978E-02   0.350000E-03
 312   0.237190E-03  -0.845741E-06   0.281486E-01   0.191920E-02   0.350000E-03
 313   0.439349E-03  -0.577095E-03   0.297005E-01   0.255563E-02   0.250000E-03
 314  -0.105815E-02  -0.275883E-03   0.312563E-01   0.231949E-02   0.300000E-03
 315  -0.173501E-02  -0.314469E-03   0.334704E-01   0.286562E-02   0.300000E-03
 316  -0.987774E-03  -0.816021E-03   0.338258E-01   0.232925E-02   0.350000E-03
 317  -0.855808E-03   0.783489E-04   0.350530E-01   0.254474E-02   0.400000E-03
 318  -0.132975E-02   0.167707E-03   0.358395E-01   0.242347E-02   0.400000E-03
 319  -0.653404E-03   0.406117E-03   0.389683E-01   0.143155E-02   0.250000E-03
 320  -0.170168E-03  -0.140816E-04   0.398231E-01   0.141480E-02   0.300000E-03
 321  -0.603874E-03   0.220002E-03   0.404179E-01   0.134527E-02   0.300000E-03
 322   0.717292E-03  -0.141800E-02   0.425886E-01   0.732286E-03   0.350000E-03
 323  -0.119190E-03   0.464578E-03   0.439741E-01   0.211668E-02   0.350000E-03
 324  -0.918520E-03  -0.803582E-04   0.396170E-01   0.716626E-02   0.250000E-03
 325   0.323292E-03   0.254817E-03   0.149878E-02   0.761003E-02   0.300000E-03
 326  -0.487388E-03   0.120470E-02   0.124231E-02   0.151569E-02   0.250000E-03
 327   0.328458E-03   0.146399E-02   0.197467E-02   0.217120E-02   0.350000E-03
 328  -0.104493E-02   0.756366E-03   0.381017E-02   0.162460E-02   0.450000E-03
 329   0.192780E-03   0.537775E-03   0.661757E-02   0.313079E-02   0.400000E-03
 330  -0.282617E-03   0.490951E-04   0.726612E-02   0.275278E-02   0.350000E-03
 331   0.619989E-04  -0.114015E-03   0.780304E-02   0.240771E-02   0.250000E-03
 332   0.314974E-03  -0.435145E-03   0.107749E-01   0.251022E-02   0.450000E-03
 333  -0.579815E-03  -0.134747E-03   0.115110E-01   0.237171E-02   0.300000E-03
 334  -0.332167E-03  -0.303255E-03   0.130451E-01   0.193123E-02   0.250000E-03
 335  -0.414242E-03  -0.471408E-03   0.134096E-01   0.226804E-02   0.250000E-03
 336   0.861196E-04  -0.441150E-03   0.144022E-01   0.254311E-02   0.300000E-03
 337  -0.231840E-03  -0.294289E-04   0.161391E-01   0.252380E-02   0.300000E-03
 338   0.421100E-03   0.172910E-03   0.167150E-01   0.374193E-02   0.250000E-03
 339  -0.207217E-03   0.700924E-03   0.176958E-01   0.311782E-02   0.350000E-03
 340   0.924070E-03   0.540297E-03   0.189986E-01   0.352931E-02   0.300000E-03
 341   0.338671E-03   0.363767E-03   0.201476E-01   0.339222E-02   0.300000E-03
 342   0.114412E-03   0.131322E-03   0.206400E-01   0.334884E-02   0.200000E-03
 343   0.543853E-03   0.587381E-03   0.216689E-01   0.286400E-02   0.300000E-03
 344   0.149072E-03   0.325157E-03   0.239395E-01   0.329333E-02   0.250000E-03
 345  -0.624786E-03   0.172721E-03   0.251978E-01   0.296149E-02   0.300000E-03
 346   0.413940E-03  -0.287975E-03   0.257331E-01   0.260104E-02   0.350000E-03
 347  -0.111701E-04  -0.456990E-04   0.264206E-01   0.289145E-02   0.400000E-03
 348   0.263594E-03  -0.394438E-03   0.290100E-01   0.197121E-02   0.300000E-03
 349   0.776305E-03  -0.429709E-03   0.301511E-01   0.284667E-02   0.250000E-03
 350  -0.124256E-02  -0.531088E-03   0.320751E-01   0.314562E-02   0.300000E-03
 351  -0.112775E-02  -0.668706E-03   0.328614E-01   0.308308E-02   0.350000E-03
 352  -0.890673E-03   0.126603E-03   0.344923E-01   0.310706E-02   0.400000E-03
 353  -0.124784E-02   0.163138E-03   0.358766E-01   0.301744E-02   0.200000E-03
 354  -0.932323E-03   0.222158E-03   0.372266E-01   0.218575E-02   0.250000E-03
 355  -0.108017E-02   0.353238E-03   0.380300E-01   0.203209E-02   0.300000E-03
 356  -0.628949E-03   0.367987E-03   0.393732E-01   0.162418E-02   0.200000E-03
 357  -0.340701E-03   0.288359E-03   0.408047E-01   0.179629E-02   0.300000E-03
 358  -0.212693E-03   0.444068E-03   0.416795E-01   0.133285E-02   0.250000E-03
 359  -0.112480E-02   0.555464E-03   0.442566E-01   0.527791E-02   0.250000E-03
 360  -0.241616E-02  -0.216146E-02   0.448000E-01   0.417471E-02   0.200000E-03
 361   0.311149E-03   0.116735E-02   0.680732E-03   0.273874E-02   0.400000E-03
 362   0.479518E-03   0.112244E-02   0.147729E-02   0.272943E-02   0.400000E-03
 363   0.781857E-04   0.452905E-03   0.309806E-02   0.201132E-02   0.250000E-03
 364  -0.910928E-03   0.809928E-03   0.491932E-02   0.254099E-02   0.300000E-03
 365   0.371823E-03  -0.163727E-03   0.591787E-02   0.313241E-02   0.300000E-03
 366   0.455929E-03   0.326047E-04   0.617881E-02   0.367178E-02   0.300000E-03
 367  -0.441643E-03  -0.516370E-03   0.864805E-02   0.336496E-02   0.200000E-03
 368   0.189033E-03  -0.707470E-04   0.103276E-01   0.310534E-02   0.300000E-03
 369  -0.532085E-03   0.535940E-04   0.118619E-01   0.291771E-02   0.350000E-03
 370  -0.439357E-03  -0.325559E-03   0.128214E-01   0.253803E-02   0.400000E-03
 371  -0.103275E-04  -0.171757E-03   0.137299E-01   0.283979E-02   0.300000E-03
 372  -0.602913E-03  -0.275254E-03   0.150708E-01   0.326959E-02   0.400000E-03
 373   0.490240E-03  -0.527465E-03   0.157035E-01   0.293448E-02   0.300000E-03
 374  -0.207189E-04   0.642506E-03   0.164155E-01   0.316574E-02   0.400000E-03
 375   0.480226E-04   0.431165E-03   0.175467E-01   0.393912E-02   0.450000E-03
 376  -0.370156E-03   0.488103E-03   0.186767E-01   0.309048E-02   0.200000E-03
 377  -0.192876E-03   0.276255E-03   0.196090E-01   0.374689E-02   0.350000E-03
 378  -0.369404E-03  -0.569988E-03   0.210859E-01   0.263314E-02   0.300000E-03
 379   0.118153E-02   0.578605E-04   0.211806E-01   0.328872E-02   0.350000E-03
 380   0.350199E-03   0.438026E-03   0.220012E-01   0.342149E-02   0.350000E-03
 381  -0.327457E-04   0.495833E-03   0.245301E-01   0.333941E-02   0.350000E-03
 382  -0.275941E-04  -0.345922E-03   0.268043E-01   0.346925E-02   0.300000E-03
 383   0.542147E-03  -0.409774E-03   0.279149E-01   0.246769E-02   0.250000E-03
 384   0.582424E-04  -0.219254E-03   0.285873E-01   0.239130E-02   0.300000E-03
 385  -0.411750E-04  -0.398811E-03   0.291557E-01   0.256985E-02   0.300000E-03
 386   0.290664E-03  -0.696702E-03   0.307351E-01   0.261503E-02   0.300000E-03
 387  -0.103965E-02  -0.597277E-03   0.324717E-01   0.365718E-02   0.350000E-03
 388  -0.108201E-02  -0.274260E-03   0.354131E-01   0.346315E-02   0.450000E-03
 389  -0.114053E-02  -0.147836E-03   0.360541E-01   0.337318E-02   0.200000E-03
 390  -0.123811E-02  -0.695188E-04   0.364671E-01   0.291725E-02   0.400000E-03
 391  -0.117477E-02   0.196449E-03   0.376694E-01   0.250916E-02   0.300000E-03
 392  -0.647979E-03   0.270978E-03   0.390433E-01   0.192529E-02   0.250000E-03
 393  -0.246814E-03   0.342891E-03   0.396081E-01   0.212242E-02   0.350000E-03
 394  -0.115235E-02   0.673215E-03   0.422255E-01   0.127095E-02   0.300000E-03
 395  -0.196168E-03   0.415152E-03   0.439058E-01   0.147215E-02   0.300000E-03
 396   0.198501E-03   0.584704E-03   0.444271E-01   0.241982E-02   0.200000E-03
 397   0.101879E-03   0.559114E-03   0.972344E-03   0.348160E-02   0.400000E-03
 398  -0.271802E-03  -0.300457E-03   0.264728E-02   0.232649E-02   0.300000E-03
 399  -0.854462E-03   0.435035E-03   0.354921E-02   0.232597E-02   0.300000E-03
 400  -0.105411E-02   0.884820E-03   0.424851E-02   0.235184E-02   0.400000E-03
 401  -0.943478E-04   0.434899E-03   0.574618E-02   0.391284E-02   0.200000E-03
 402  -0.383347E-03   0.525560E-03   0.729206E-02   0.344801E-02   0.350000E-03
 403  -0.691853E-03   0.131982E-03   0.852231E-02   0.379481E-02   0.250000E-03
 404  -0.983799E-03   0.140899E-03   0.905208E-02   0.366455E-02   0.300000E-03
 405  -0.826453E-03   0.174452E-03   0.119570E-01   0.346382E-02   0.200000E-03
 406  -0.637065E-03   0.130628E-03   0.125221E-01   0.327218E-02   0.400000E-03
 407  -0.290621E-03   0.300601E-04   0.132042E-01   0.312244E-02   0.300000E-03
 408  -0.163400E-03  -0.303433E-03   0.142727E-01   0.327988E-02   0.400000E-03
 409   0.288720E-03   0.347116E-03   0.157488E-01   0.357865E-02   0.350000E-03
 410   0.236917E-03   0.187406E-03   0.162369E-01   0.399893E-02   0.300000E-03
 411   0.405194E-03   0.585036E-03   0.167608E-01   0.428732E-02   0.300000E-03
 412  -0.618111E-03   0.611790E-03   0.183027E-01   0.355764E-02   0.400000E-03
 413  -0.256782E-03  -0.132974E-02   0.203000E-01   0.396651E-02   0.300000E-03
 414   0.210116E-03   0.473103E-03   0.208139E-01   0.376356E-02   0.250000E-03
 415   0.822650E-03  -0.224343E-03   0.208321E-01   0.441330E-02   0.400000E-03
 416  -0.408352E-03  -0.370912E-03   0.224837E-01   0.399281E-02   0.400000E-03
 417   0.697609E-03   0.135141E-04   0.234563E-01   0.354557E-02   0.300000E-03
 418  -0.732578E-03   0.349950E-03   0.251678E-01   0.360843E-02   0.350000E-03
 419   0.457387E-03  -0.420633E-03   0.278273E-01   0.305812E-02   0.350000E-03
 420   0.709142E-04  -0.450054E-03   0.284039E-01   0.290313E-02   0.250000E-03
 421   0.594372E-03  -0.276303E-03   0.296318E-01   0.314275E-02   0.350000E-03
 422  -0.110591E-02  -0.586795E-03   0.313312E-01   0.306511E-02   0.450000E-03
 423  -0.924603E-03   0.218049E-03   0.338107E-01   0.340663E-02   0.350000E-03
 424  -0.104738E-02  -0.136884E-03   0.347296E-01   0.376286E-02   0.300000E-03
 425  -0.120901E-02  -0.140344E-03   0.369767E-01   0.339209E-02   0.300000E-03
 426  -0.108113E-02   0.187351E-05   0.371598E-01   0.282130E-02   0.300000E-03
 427  -0.113043E-02  -0.204041E-03   0.380220E-01   0.312791E-02   0.300000E-03
 428  -0.100522E-02   0.512097E-03   0.385740E-01   0.208999E-02   0.250000E-03
 429  -0.531310E-03   0.378278E-03   0.402168E-01   0.190371E-02   0.300000E-03
 430  -0.529767E-03   0.285077E-03   0.419464E-01   0.186371E-02   0.350000E-03
 431  -0.935017E-03   0.378274E-03   0.426890E-01   0.179509E-02   0.400000E-03
 432  -0.459413E-03   0.304723E-03   0.433094E-01   0.147832E-02   0.300000E-03
 433   0.596911E-03   0.490853E-03   0.347196E-03   0.395736E-02   0.350000E-03
 434  -0.226005E-03   0.129606E-02   0.159228E-02   0.178642E-02   0.200000E-03
 435  -0.448735E-03  -0.156052E-04   0.313238E-02   0.282296E-02   0.350000E-03
 436  -0.673247E-03   0.105756E-02   0.530001E-02   0.293495E-02   0.250000E-03
 437  -0.916097E-04   0.319380E-03   0.562062E-02   0.353342E-02   0.200000E-03
 438   0.141436E-03   0.350780E-04   0.675859E-02   0.381499E-02   0.300000E-03
 439  -0.388413E-03   0.254279E-03   0.793549E-02   0.369102E-02   0.350000E-03
 440   0.183513E-03   0.386930E-03   0.108668E-01   0.373989E-02   0.200000E-03
 441   0.339279E-03  -0.916099E-04   0.109099E-01   0.324440E-02   0.300000E-03
 442  -0.464746E-03   0.278275E-03   0.130712E-01   0.370549E-02   0.300000E-03
 443   0.603313E-03   0.304192E-03   0.136456E-01   0.345004E-02   0.250000E-03
 444  -0.472170E-03   0.886181E-03   0.152210E-01   0.395184E-02   0.300000E-03
 445  -0.666514E-03   0.769253E-03   0.157068E-01   0.445350E-02   0.400000E-03
 446   0.304699E-04   0.771000E-03   0.163043E-01   0.448731E-02   0.200000E-03
 447   0.183339E-03   0.219070E-03   0.172532E-01   0.462457E-02   0.300000E-03
 448  -0.788747E-03  -0.705819E-05   0.183437E-01   0.445437E-02   0.500000E-03
 449  -0.944033E-04  -0.884309E-04   0.192386E-01   0.439661E-02   0.400000E-03
 450  -0.961613E-03  -0.521338E-03   0.199340E-01   0.443772E-02   0.300000E-03
 451   0.878414E-03  -0.265186E-03   0.214922E-01   0.396740E-02   0.400000E-03
 452   0.262765E-03  -0.935567E-03   0.219752E-01   0.453721E-02   0.350000E-03
 453  -0.235812E-03  -0.212745E-03   0.240635E-01   0.387935E-02   0.350000E-03
 454  -0.214849E-03   0.234299E-04   0.257922E-01   0.329827E-02   0.350000E-03
 455   0.986984E-06  -0.808158E-04   0.270072E-01   0.301466E-02   0.200000E-03
 456   0.131310E-03  -0.383775E-03   0.289343E-01   0.317998E-02   0.350000E-03
 457   0.409930E-03  -0.788576E-03   0.305780E-01   0.319059E-02   0.300000E-03
 458   0.599033E-03  -0.660217E-03   0.307019E-01   0.382341E-02   0.350000E-03
 459  -0.129001E-02  -0.750681E-03   0.317796E-01   0.372382E-02   0.350000E-03
 460  -0.104932E-02  -0.145018E-03   0.341920E-01   0.386641E-02   0.250000E-03
 461  -0.122209E-02  -0.322048E-04   0.364575E-01   0.356464E-02   0.250000E-03
 462  -0.774747E-03   0.429210E-03   0.376402E-01   0.426144E-02   0.300000E-03
 463  -0.124256E-02   0.340491E-03   0.382628E-01   0.258151E-02   0.300000E-03
 464  -0.749529E-03   0.412071E-03   0.390040E-01   0.263948E-02   0.450000E-03
 465  -0.518118E-03   0.682303E-03   0.407015E-01   0.238295E-02   0.300000E-03
 466  -0.684779E-03   0.573482E-03   0.411743E-01   0.254194E-02   0.200000E-03
 467  -0.669070E-03   0.689245E-03   0.435697E-01   0.255780E-02   0.250000E-03
 468  -0.108097E-03   0.677241E-03   0.435643E-01   0.382904E-02   0.350000E-03
 469   0.337177E-04   0.339108E-03   0.105276E-02   0.432668E-02   0.450000E-03
 470  -0.389274E-03   0.731258E-03   0.217461E-02   0.278539E-02   0.300000E-03
 471  -0.797489E-03   0.484019E-03   0.384916E-02   0.304360E-02   0.400000E-03
 472  -0.284445E-03   0.402441E-03   0.454694E-02   0.300388E-02   0.300000E-03
 473  -0.409038E-03   0.279492E-03   0.502124E-02   0.351842E-02   0.400000E-03
 474  -0.205917E-03   0.190054E-03   0.743743E-02   0.402445E-02   0.250000E-03
 475  -0.420920E-03   0.297431E-03   0.811057E-02   0.436443E-02   0.350000E-03
 476  -0.586803E-03   0.425132E-03   0.951751E-02   0.404163E-02   0.300000E-03
 477  -0.333673E-03  -0.465192E-04   0.113141E-01   0.287237E-02   0.200000E-03
 478  -0.707609E-03   0.267874E-03   0.122150E-01   0.394887E-02   0.350000E-03
 479  -0.293698E-03   0.224390E-03   0.141910E-01   0.392292E-02   0.250000E-03
 480  -0.242591E-03   0.380345E-03   0.146784E-01   0.378746E-02   0.250000E-03
 481  -0.142798E-03   0.444551E-03   0.147805E-01   0.427677E-02   0.250000E-03
 482  -0.157276E-03   0.418007E-03   0.162644E-01   0.507882E-02   0.400000E-03
 483  -0.202644E-03   0.408379E-03   0.169601E-01   0.514622E-02   0.300000E-03
 484  -0.482243E-03   0.318037E-03   0.186430E-01   0.519471E-02   0.300000E-03
 485  -0.980045E-03  -0.494404E-03   0.196502E-01   0.502112E-02   0.350000E-03
 486  -0.936245E-04   0.526133E-03   0.203229E-01   0.489145E-02   0.300000E-03
 487   0.107491E-03  -0.832670E-03   0.213871E-01   0.491092E-02   0.350000E-03
 488   0.205897E-03  -0.832736E-03   0.219093E-01   0.508237E-02   0.200000E-03
 489  -0.494131E-03  -0.202427E-03   0.246610E-01   0.392562E-02   0.250000E-03
 490  -0.604779E-04  -0.331521E-03   0.273409E-01   0.339097E-02   0.250000E-03
 491   0.502115E-04  -0.367040E-03   0.283447E-01   0.344782E-02   0.300000E-03
 492   0.684758E-03   0.415348E-04   0.293271E-01   0.381762E-02   0.400000E-03
 493  -0.144956E-03  -0.929854E-03   0.300962E-01   0.359369E-02   0.300000E-03
 494  -0.412839E-03  -0.538478E-03   0.312344E-01   0.370754E-02   0.200000E-03
 495  -0.534474E-03   0.440033E-04   0.328778E-01   0.402231E-02   0.200000E-03
 496  -0.107706E-02  -0.340629E-06   0.359395E-01   0.419469E-02   0.350000E-03
 497  -0.110134E-02  -0.581443E-05   0.360905E-01   0.371974E-02   0.150000E-03
 498  -0.106432E-02  -0.291477E-04   0.373444E-01   0.379925E-02   0.250000E-03
 499  -0.104417E-02  -0.165818E-03   0.375180E-01   0.333216E-02   0.250000E-03
 500  -0.635654E-03   0.411029E-03   0.393954E-01   0.309307E-02   0.150000E-03
 501  -0.504543E-03   0.565800E-03   0.401563E-01   0.244849E-02   0.250000E-03
 502  -0.528798E-03   0.220498E-03   0.413340E-01   0.207207E-02   0.300000E-03
 503  -0.358643E-03   0.669252E-03   0.429730E-01   0.261822E-02   0.350000E-03
 504  -0.545716E-03   0.561681E-03   0.433268E-01   0.207376E-02   0.300000E-03
 505  -0.651574E-04   0.339682E-03   0.164999E-02   0.379819E-02   0.350000E-03
 506  -0.274242E-03   0.562192E-03   0.186977E-02   0.324293E-02   0.250000E-03
 507  -0.444738E-03   0.383474E-03   0.332409E-02   0.342046E-02   0.250000E-03
 508  -0.222353E-03   0.143188E-03   0.432481E-02   0.355681E-02   0.300000E-03
 509   0.179789E-03   0.851894E-03   0.609173E-02   0.421424E-02   0.250000E-03
 510  -0.337322E-03   0.132303E-03   0.749604E-02   0.456543E-02   0.300000E-03
 511  -0.411403E-03   0.694862E-03   0.877978E-02   0.427836E-02   0.300000E-03
 512  -0.678787E-04   0.357591E-03   0.103190E-01   0.375304E-02   0.350000E-03
 513   0.784163E-03   0.147962E-03   0.114608E-01   0.347077E-02   0.300000E-03
 514  -0.495942E-03   0.372395E-03   0.128372E-01   0.436429E-02   0.400000E-03
 515  -0.351193E-03   0.301693E-03   0.136094E-01   0.406904E-02   0.350000E-03
 516  -0.291608E-03   0.309987E-03   0.142371E-01   0.451938E-02   0.350000E-03
 517   0.381338E-03   0.615833E-03   0.151595E-01   0.440345E-02   0.150000E-03
 518  -0.289393E-03   0.426816E-03   0.154768E-01   0.521645E-02   0.400000E-03
 519  -0.474346E-03  -0.153952E-03   0.177384E-01   0.504737E-02   0.350000E-03
 520  -0.736878E-03   0.180843E-03   0.191764E-01   0.546464E-02   0.300000E-03
 521  -0.637569E-04   0.453592E-03   0.201587E-01   0.557030E-02   0.400000E-03
 522   0.150170E-03   0.630153E-03   0.207687E-01   0.521244E-02   0.250000E-03
 523   0.193517E-03   0.378459E-03   0.218888E-01   0.553054E-02   0.250000E-03
 524   0.503930E-03  -0.174542E-03   0.231778E-01   0.406752E-02   0.300000E-03
 525  -0.665919E-03  -0.327560E-03   0.252086E-01   0.435553E-02   0.400000E-03
 526  -0.914478E-03   0.571555E-04   0.256785E-01   0.390990E-02   0.250000E-03
 527  -0.302425E-03  -0.218208E-03   0.278054E-01   0.370763E-02   0.300000E-03
 528  -0.634178E-04   0.107137E-03   0.291822E-01   0.455280E-02   0.350000E-03
 529   0.395073E-03  -0.643739E-03   0.305559E-01   0.445030E-02   0.300000E-03
 530  -0.130016E-02  -0.694292E-03   0.321565E-01   0.405084E-02   0.150000E-03
 531  -0.119126E-02  -0.250183E-03   0.330195E-01   0.360920E-02   0.200000E-03
 532  -0.935333E-03  -0.766289E-04   0.351966E-01   0.428383E-02   0.400000E-03
 533  -0.111868E-02   0.493900E-05   0.368221E-01   0.397053E-02   0.300000E-03
 534  -0.520469E-03   0.500151E-03   0.382236E-01   0.439799E-02   0.300000E-03
 535  -0.527909E-03   0.405741E-03   0.379070E-01   0.372049E-02   0.300000E-03
 536  -0.669951E-03   0.281893E-03   0.386180E-01   0.309672E-02   0.150000E-03
 537  -0.582656E-03   0.523935E-03   0.404320E-01   0.273609E-02   0.150000E-03
 538  -0.432585E-03   0.327424E-03   0.417651E-01   0.248651E-02   0.300000E-03
 539  -0.112861E-02   0.419156E-03   0.423584E-01   0.240788E-02   0.300000E-03
 540  -0.617005E-03   0.563651E-03   0.439710E-01   0.284650E-02   0.250000E-03
 541   0.283681E-01  -0.386193E-01   0.518515E-02   0.815732E-02   0.300000E-03
 542  -0.474782E-03   0.836081E-04   0.258129E-02   0.346975E-02   0.500000E-03
 543  -0.462577E-03   0.277872E-03   0.376016E-02   0.375115E-02   0.300000E-03
 544  -0.408762E-03   0.460040E-03   0.419461E-02   0.408747E-02   0.250000E-03
 545  -0.233499E-03   0.473543E-03   0.533276E-02   0.408525E-02   0.250000E-03
 546  -0.326509E-03   0.632994E-04   0.858137E-02   0.500089E-02   0.450000E-03
 547  -0.567471E-03   0.573315E-03   0.928732E-02   0.459511E-02   0.300000E-03
 548  -0.563042E-03   0.514979E-03   0.976918E-02   0.447118E-02   0.200000E-03
 549   0.122297E-03   0.421405E-03   0.110488E-01   0.430893E-02   0.400000E-03
 550   0.739484E-03   0.895430E-04   0.116179E-01   0.399655E-02   0.250000E-03
 551  -0.484697E-03   0.292140E-03   0.135189E-01   0.486352E-02   0.450000E-03
 552  -0.946015E-04   0.337883E-03   0.142345E-01   0.521710E-02   0.350000E-03
 553   0.206977E-03   0.991172E-03   0.149528E-01   0.474599E-02   0.250000E-03
 554  -0.300413E-03   0.306935E-03   0.150561E-01   0.570876E-02   0.250000E-03
 555  -0.182964E-03   0.416868E-03   0.159921E-01   0.582774E-02   0.400000E-03
 556  -0.362983E-03   0.185410E-03   0.181569E-01   0.554282E-02   0.300000E-03
 557  -0.396066E-03   0.234481E-03   0.188835E-01   0.481572E-02   0.150000E-03
 558  -0.557020E-05   0.552455E-03   0.212537E-01   0.564418E-02   0.400000E-03
 559   0.385978E-03  -0.385374E-03   0.226352E-01   0.462475E-02   0.250000E-03
 560  -0.570606E-03   0.271153E-03   0.237214E-01   0.437089E-02   0.250000E-03
 561  -0.676087E-03  -0.342057E-05   0.259581E-01   0.443902E-02   0.350000E-03
 562  -0.406760E-03   0.236298E-04   0.262663E-01   0.381275E-02   0.350000E-03
 563   0.960289E-04  -0.436928E-04   0.285842E-01   0.410153E-02   0.400000E-03
 564   0.119464E-03   0.649503E-04   0.285812E-01   0.479943E-02   0.300000E-03
 565  -0.228674E-03  -0.789080E-03   0.299513E-01   0.422682E-02   0.350000E-03
 566  -0.133217E-02  -0.449252E-03   0.312976E-01   0.436019E-02   0.450000E-03
 567  -0.145959E-02   0.348329E-03   0.333174E-01   0.328856E-02   0.150000E-03
 568  -0.846329E-03   0.292632E-04   0.338477E-01   0.385280E-02   0.100000E-03
 569  -0.902979E-03   0.446880E-03   0.370061E-01   0.448564E-02   0.250000E-03
 570  -0.636665E-03   0.440248E-03   0.378133E-01   0.483434E-02   0.300000E-03
 571  -0.606216E-03   0.401564E-03   0.384719E-01   0.351912E-02   0.300000E-03
 572  -0.723486E-03   0.482729E-03   0.390564E-01   0.338748E-02   0.300000E-03
 573  -0.544249E-03   0.384989E-03   0.397340E-01   0.279790E-02   0.300000E-03
 574  -0.497355E-03   0.676680E-03   0.414095E-01   0.319933E-02   0.500000E-03
 575  -0.988652E-03  -0.286722E-03   0.421238E-01   0.290249E-02   0.250000E-03
 576  -0.428398E-03   0.114355E-02   0.444145E-01   0.385577E-02   0.300000E-03
 577   0.561070E-03   0.344364E-03   0.298313E-03   0.460416E-02   0.300000E-03
 578  -0.377434E-03   0.321189E-03   0.261449E-02   0.431436E-02   0.350000E-03
 579  -0.334014E-03   0.566554E-03   0.476407E-02   0.427095E-02   0.350000E-03
 580  -0.153146E-03   0.795569E-03   0.544471E-02   0.456933E-02   0.250000E-03
 581  -0.470199E-03   0.285739E-03   0.705808E-02   0.415069E-02   0.150000E-03
 582  -0.165801E-03   0.432438E-03   0.790990E-02   0.487626E-02   0.200000E-03
 583  -0.594690E-03   0.920424E-03   0.991417E-02   0.489509E-02   0.250000E-03
 584  -0.805399E-04   0.525618E-03   0.103162E-01   0.445150E-02   0.350000E-03
 585  -0.108003E-03   0.492232E-03   0.107380E-01   0.512972E-02   0.450000E-03
 586  -0.744646E-03   0.120492E-04   0.118605E-01   0.449006E-02   0.300000E-03
 587  -0.126215E-03   0.260299E-03   0.123245E-01   0.467504E-02   0.200000E-03
 588  -0.370703E-03   0.884036E-03   0.136050E-01   0.550738E-02   0.200000E-03
 589   0.240538E-04   0.370479E-03   0.148305E-01   0.526169E-02   0.250000E-03
 590  -0.166184E-03   0.300000E-03   0.154134E-01   0.597964E-02   0.200000E-03
 591  -0.615646E-03   0.176818E-03   0.173680E-01   0.551312E-02   0.250000E-03
 592  -0.329780E-03  -0.841211E-04   0.181502E-01   0.614114E-02   0.300000E-03
 593  -0.116319E-02  -0.431151E-03   0.195244E-01   0.595165E-02   0.300000E-03
 594  -0.109112E-03   0.358518E-03   0.206709E-01   0.611381E-02   0.350000E-03
 595   0.401807E-03  -0.842280E-03   0.222955E-01   0.498196E-02   0.200000E-03
 596   0.627513E-03  -0.310660E-03   0.232287E-01   0.471173E-02   0.350000E-03
 597  -0.473405E-03  -0.499271E-03   0.244311E-01   0.453206E-02   0.400000E-03
 598  -0.349766E-03  -0.105764E-03   0.266541E-01   0.439293E-02   0.350000E-03
 599   0.981580E-04  -0.290090E-03   0.272124E-01   0.397208E-02   0.350000E-03
 600  -0.285180E-03   0.581492E-03   0.299257E-01   0.487442E-02   0.300000E-03
 601   0.204830E-03   0.641440E-03   0.305367E-01   0.509267E-02   0.350000E-03
 602   0.112638E-02   0.107554E-03   0.309843E-01   0.487123E-02   0.150000E-03
 603  -0.549195E-03  -0.228867E-03   0.330196E-01   0.455190E-02   0.350000E-03
 604  -0.814346E-03  -0.178664E-03   0.334223E-01   0.398230E-02   0.350000E-03
 605  -0.789279E-03   0.343355E-03   0.364214E-01   0.476482E-02   0.400000E-03
 606  -0.806338E-03   0.339814E-03   0.384964E-01   0.513685E-02   0.450000E-03
 607  -0.541544E-03   0.503509E-03   0.386370E-01   0.403911E-02   0.250000E-03
 608  -0.629014E-03   0.419626E-03   0.396556E-01   0.345771E-02   0.300000E-03
 609  -0.494466E-03   0.378752E-03   0.402473E-01   0.319476E-02   0.350000E-03
 610  -0.671650E-03   0.515412E-03   0.409160E-01   0.277733E-02   0.150000E-03
 611  -0.192359E-03   0.646721E-03   0.427973E-01   0.360610E-02   0.450000E-03
 612  -0.756935E-03   0.105408E-02   0.434423E-01   0.313957E-02   0.350000E-03
 613  -0.496800E-03   0.415904E-03   0.104548E-01   0.860328E-02   0.350000E-03
 614  -0.420552E-03   0.374458E-03   0.314038E-02   0.446464E-02   0.200000E-03
 615  -0.321131E-03   0.487611E-03   0.368433E-02   0.440018E-02   0.350000E-03
 616  -0.237336E-03   0.912486E-03   0.569471E-02   0.425814E-02   0.150000E-03
 617   0.121342E-03   0.727394E-03   0.664353E-02   0.444885E-02   0.350000E-03
 618  -0.551961E-03   0.330074E-03   0.808045E-02   0.555592E-02   0.300000E-03
 619  -0.685587E-03   0.874510E-04   0.930347E-02   0.519276E-02   0.300000E-03
 620  -0.492146E-03  -0.366816E-05   0.990242E-02   0.554297E-02   0.400000E-03
 621  -0.596562E-03   0.177436E-03   0.114119E-01   0.531820E-02   0.250000E-03
 622  -0.569608E-03  -0.208333E-03   0.114321E-01   0.482643E-02   0.250000E-03
 623  -0.289283E-03   0.300226E-03   0.126779E-01   0.509614E-02   0.350000E-03
 624  -0.190077E-03   0.394346E-03   0.139597E-01   0.569194E-02   0.200000E-03
 625  -0.311499E-03   0.385000E-03   0.144801E-01   0.586803E-02   0.350000E-03
 626  -0.888672E-03  -0.338277E-03   0.166238E-01   0.549465E-02   0.150000E-03
 627  -0.169227E-03   0.235769E-04   0.169398E-01   0.564445E-02   0.200000E-03
 628  -0.633481E-03  -0.107048E-03   0.175627E-01   0.602308E-02   0.300000E-03
 629  -0.459419E-03  -0.210452E-03   0.188491E-01   0.640958E-02   0.450000E-03
 630  -0.178670E-03   0.192021E-03   0.218561E-01   0.607946E-02   0.300000E-03
 631   0.136013E-03  -0.115761E-03   0.227775E-01   0.524449E-02   0.350000E-03
 632  -0.282149E-03  -0.551436E-03   0.238454E-01   0.490951E-02   0.300000E-03
 633  -0.238405E-03  -0.441145E-04   0.246853E-01   0.512837E-02   0.250000E-03
 634  -0.362842E-04  -0.107793E-03   0.271878E-01   0.451866E-02   0.200000E-03
 635  -0.173608E-03  -0.685611E-04   0.278309E-01   0.447425E-02   0.450000E-03
 636  -0.991328E-04   0.396819E-03   0.294015E-01   0.516278E-02   0.300000E-03
 637   0.101409E-03   0.553970E-03   0.303512E-01   0.571171E-02   0.300000E-03
 638  -0.914127E-03   0.443267E-03   0.321136E-01   0.471437E-02   0.350000E-03
 639  -0.116871E-02   0.414214E-04   0.342835E-01   0.481377E-02   0.250000E-03
 640  -0.107543E-02  -0.970609E-04   0.345004E-01   0.431418E-02   0.300000E-03
 641  -0.614908E-03   0.487821E-03   0.368843E-01   0.528922E-02   0.300000E-03
 642  -0.726905E-03   0.579287E-03   0.372711E-01   0.490265E-02   0.250000E-03
 643  -0.702164E-03   0.398467E-04   0.388019E-01   0.450829E-02   0.250000E-03
 644  -0.709693E-03   0.499904E-03   0.392859E-01   0.404859E-02   0.400000E-03
 645  -0.530243E-03   0.763578E-03   0.417188E-01   0.382667E-02   0.200000E-03
 646  -0.442835E-03  -0.194676E-03   0.407640E-01   0.327518E-02   0.150000E-03
 647  -0.215629E-03   0.545349E-03   0.425656E-01   0.298705E-02   0.200000E-03
 648   0.219854E-03   0.650207E-03   0.448043E-01   0.354930E-02   0.200000E-03
 649   0.160568E-03   0.110558E-03   0.713683E-03   0.487933E-02   0.200000E-03
 650  -0.362724E-03   0.436462E-03   0.266987E-02   0.500644E-02   0.350000E-03
 651  -0.418788E-03   0.252701E-03   0.320250E-02   0.396925E-02   0.300000E-03
 652   0.993597E-04   0.737656E-03   0.457339E-02   0.489064E-02   0.200000E-03
 653   0.187929E-03   0.233022E-03   0.656528E-02   0.494213E-02   0.150000E-03
 654  -0.174993E-03   0.516926E-03   0.744785E-02   0.525888E-02   0.400000E-03
 655  -0.277106E-03  -0.218921E-03   0.876699E-02   0.577682E-02   0.350000E-03
 656  -0.199261E-03  -0.187783E-03   0.935506E-02   0.588979E-02   0.250000E-03
 657  -0.274875E-03   0.125741E-03   0.104776E-01   0.592814E-02   0.300000E-03
 658  -0.703887E-03   0.304759E-03   0.119795E-01   0.512847E-02   0.350000E-03
 659  -0.367056E-03   0.234347E-03   0.131556E-01   0.545792E-02   0.250000E-03
 660  -0.157775E-03   0.279640E-03   0.136226E-01   0.618650E-02   0.400000E-03
 661  -0.214027E-03   0.424865E-03   0.149993E-01   0.625728E-02   0.300000E-03
 662  -0.370847E-03   0.985406E-04   0.163399E-01   0.642886E-02   0.300000E-03
 663  -0.512835E-03   0.370598E-03   0.166276E-01   0.596379E-02   0.250000E-03
 664  -0.649390E-03   0.125125E-03   0.177647E-01   0.653215E-02   0.250000E-03
 665  -0.140074E-04   0.281632E-03   0.200388E-01   0.625940E-02   0.300000E-03
 666  -0.123213E-03   0.289518E-03   0.212787E-01   0.634255E-02   0.300000E-03
 667  -0.156128E-03   0.218031E-03   0.223856E-01   0.575641E-02   0.300000E-03
 668  -0.837120E-03  -0.348084E-03   0.234211E-01   0.533297E-02   0.300000E-03
 669  -0.501573E-03  -0.554166E-03   0.248866E-01   0.473752E-02   0.100000E-03
 670  -0.240432E-03  -0.287370E-03   0.263999E-01   0.487832E-02   0.200000E-03
 671   0.415925E-03   0.444306E-03   0.285261E-01   0.530666E-02   0.200000E-03
 672  -0.524461E-04   0.233519E-03   0.281263E-01   0.510737E-02   0.250000E-03
 673   0.366947E-04   0.615919E-03   0.310238E-01   0.558821E-02   0.350000E-03
 674  -0.103914E-02   0.595553E-03   0.315432E-01   0.511933E-02   0.350000E-03
 675  -0.394932E-03  -0.131128E-03   0.324972E-01   0.425673E-02   0.250000E-03
 676  -0.995901E-03   0.273104E-04   0.347821E-01   0.478332E-02   0.250000E-03
 677  -0.642186E-03   0.184413E-03   0.369659E-01   0.598290E-02   0.400000E-03
 678  -0.744669E-03   0.453460E-03   0.374258E-01   0.537604E-02   0.250000E-03
 679  -0.343060E-03   0.258760E-05   0.390878E-01   0.541854E-02   0.200000E-03
 680  -0.393190E-03   0.252122E-03   0.392580E-01   0.489694E-02   0.350000E-03
 681  -0.552170E-03   0.506824E-03   0.410855E-01   0.387231E-02   0.250000E-03
 682  -0.100815E-02   0.451962E-03   0.421306E-01   0.340065E-02   0.250000E-03
 683  -0.100719E-03   0.438176E-03   0.440180E-01   0.454487E-02   0.500000E-03
 684  -0.515610E-03   0.114744E-02   0.440390E-01   0.339120E-02   0.300000E-03
 685   0.524452E-05  -0.985419E-04   0.349373E-03   0.724188E-02   0.350000E-03
 686  -0.440516E-03   0.474916E-03   0.332731E-02   0.557846E-02   0.350000E-03
 687  -0.414081E-03   0.451138E-03   0.331416E-02   0.493136E-02   0.300000E-03
 688  -0.178952E-03   0.754500E-03   0.501429E-02   0.481531E-02   0.250000E-03
 689  -0.413258E-03   0.279219E-03   0.705942E-02   0.480275E-02   0.200000E-03
 690  -0.299493E-03   0.156066E-03   0.759623E-02   0.598840E-02   0.350000E-03
 691  -0.316829E-03   0.343385E-03   0.877711E-02   0.647560E-02   0.350000E-03
 692  -0.402963E-03   0.310557E-03   0.989754E-02   0.624226E-02   0.300000E-03
 693  -0.321228E-03   0.330287E-03   0.103968E-01   0.646869E-02   0.250000E-03
 694  -0.398551E-03   0.981217E-04   0.111178E-01   0.583331E-02   0.350000E-03
 695  -0.359025E-03   0.210327E-03   0.128976E-01   0.599781E-02   0.350000E-03
 696  -0.138524E-03   0.286464E-03   0.146186E-01   0.718159E-02   0.250000E-03
 697  -0.297928E-03   0.227495E-03   0.143293E-01   0.659974E-02   0.400000E-03
 698  -0.602795E-03   0.207775E-03   0.156375E-01   0.654458E-02   0.400000E-03
 699  -0.736909E-03   0.197424E-04   0.170687E-01   0.658524E-02   0.450000E-03
 700  -0.734062E-03  -0.631904E-04   0.182272E-01   0.682671E-02   0.300000E-03
 701   0.343947E-03   0.305498E-04   0.195653E-01   0.662336E-02   0.300000E-03
 702  -0.684925E-04   0.391553E-03   0.204500E-01   0.682498E-02   0.400000E-03
 703  -0.125562E-03  -0.722016E-03   0.230615E-01   0.593725E-02   0.400000E-03
 704  -0.557277E-06  -0.668756E-04   0.241777E-01   0.552434E-02   0.400000E-03
 705  -0.683472E-03   0.933783E-05   0.251654E-01   0.500148E-02   0.250000E-03
 706  -0.711244E-03  -0.960411E-04   0.259796E-01   0.503753E-02   0.250000E-03
 707  -0.133571E-03   0.264001E-03   0.269831E-01   0.507930E-02   0.400000E-03
 708  -0.139302E-03   0.370563E-03   0.298841E-01   0.542334E-02   0.250000E-03
 709  -0.905002E-03   0.635831E-03   0.320734E-01   0.526191E-02   0.200000E-03
 710  -0.162680E-02   0.298294E-03   0.326348E-01   0.501153E-02   0.250000E-03
 711  -0.633013E-03   0.230029E-03   0.337202E-01   0.461070E-02   0.350000E-03
 712  -0.813757E-03   0.292307E-03   0.351297E-01   0.520825E-02   0.300000E-03
 713  -0.515053E-03   0.123274E-04   0.381546E-01   0.636459E-02   0.350000E-03
 714  -0.723084E-03   0.438377E-03   0.379278E-01   0.570014E-02   0.350000E-03
 715  -0.846830E-03   0.432521E-03   0.388183E-01   0.563784E-02   0.150000E-03
 716  -0.643345E-03   0.538352E-03   0.397225E-01   0.452687E-02   0.250000E-03
 717  -0.740678E-03   0.222247E-03   0.400587E-01   0.365752E-02   0.150000E-03
 718  -0.904014E-03   0.933503E-03   0.421630E-01   0.389863E-02   0.250000E-03
 719  -0.489341E-03   0.121366E-02   0.448010E-01   0.544416E-02   0.200000E-03
 720  -0.118023E-03   0.134054E-03   0.434033E-01   0.727359E-02   0.350000E-03
 721  -0.998302E-03  -0.470455E-04   0.215165E-02   0.402017E-02   0.200000E-03
 722  -0.920975E-05   0.340758E-03   0.202680E-02   0.509452E-02   0.300000E-03
 723  -0.283503E-03   0.411694E-03   0.425207E-02   0.458202E-02   0.250000E-03
 724  -0.575360E-04   0.908732E-03   0.602146E-02   0.486021E-02   0.400000E-03
 725  -0.518901E-03   0.394399E-03   0.691587E-02   0.512133E-02   0.150000E-03
 726  -0.501601E-03   0.405688E-03   0.651064E-02   0.548948E-02   0.400000E-03
 727  -0.611380E-03   0.708193E-04   0.822668E-02   0.613721E-02   0.300000E-03
 728  -0.201656E-03   0.281875E-03   0.936890E-02   0.638808E-02   0.250000E-03
 729  -0.181048E-03   0.327712E-03   0.971130E-02   0.681752E-02   0.300000E-03
 730  -0.451662E-03   0.554538E-03   0.123514E-01   0.559908E-02   0.250000E-03
 731  -0.339109E-03   0.206475E-03   0.122264E-01   0.619234E-02   0.350000E-03
 732  -0.187732E-03   0.285444E-03   0.131192E-01   0.659668E-02   0.250000E-03
 733  -0.112633E-03   0.244319E-03   0.149444E-01   0.680317E-02   0.250000E-03
 734  -0.447504E-03   0.164202E-03   0.161492E-01   0.688489E-02   0.200000E-03
 735  -0.776846E-03  -0.340809E-04   0.176528E-01   0.713010E-02   0.350000E-03
 736  -0.348801E-03   0.118536E-03   0.191400E-01   0.720767E-02   0.400000E-03
 737   0.427007E-03   0.139069E-03   0.198363E-01   0.715714E-02   0.300000E-03
 738  -0.194071E-03   0.128904E-03   0.215226E-01   0.699608E-02   0.400000E-03
 739  -0.264722E-03  -0.565252E-03   0.224701E-01   0.639565E-02   0.350000E-03
 740   0.278339E-03  -0.587344E-03   0.237776E-01   0.615528E-02   0.350000E-03
 741  -0.189460E-03   0.161849E-03   0.248301E-01   0.560558E-02   0.250000E-03
 742  -0.224459E-03   0.309136E-03   0.263869E-01   0.532728E-02   0.250000E-03
 743  -0.249563E-03   0.280105E-03   0.276288E-01   0.514138E-02   0.250000E-03
 744   0.417724E-03   0.407049E-03   0.289032E-01   0.518112E-02   0.200000E-03
 745   0.484416E-04   0.738696E-03   0.316099E-01   0.571413E-02   0.250000E-03
 746  -0.135233E-02   0.727652E-03   0.328014E-01   0.558769E-02   0.350000E-03
 747  -0.327195E-03  -0.139234E-03   0.332766E-01   0.514688E-02   0.300000E-03
 748  -0.555129E-03   0.362396E-03   0.356772E-01   0.485754E-02   0.350000E-03
 749  -0.907560E-03   0.535273E-03   0.363124E-01   0.545445E-02   0.300000E-03
 750  -0.803667E-03   0.392709E-03   0.385004E-01   0.587596E-02   0.250000E-03
 751  -0.965386E-03   0.324878E-03   0.391533E-01   0.593111E-02   0.300000E-03
 752  -0.779283E-03   0.548895E-03   0.401754E-01   0.422502E-02   0.300000E-03
 753  -0.351797E-03   0.205716E-03   0.406995E-01   0.298255E-02   0.150000E-03
 754  -0.878395E-03   0.966895E-03   0.418855E-01   0.418457E-02   0.150000E-03
 755  -0.209060E-03   0.639570E-03   0.425400E-01   0.414739E-02   0.150000E-03
 756   0.311798E-04   0.410560E-03   0.431042E-01   0.669672E-02   0.300000E-03
 757  -0.991794E-03  -0.253906E-04   0.183882E-02   0.447216E-02   0.350000E-03
 758   0.247841E-03   0.556013E-03   0.401963E-02   0.565290E-02   0.350000E-03
 759  -0.302470E-03   0.449213E-03   0.390811E-02   0.501032E-02   0.300000E-03
 760   0.302463E-03   0.783904E-03   0.472322E-02   0.556522E-02   0.300000E-03
 761  -0.597039E-04   0.891442E-03   0.538767E-02   0.534612E-02   0.400000E-03
 762  -0.574297E-03   0.434286E-03   0.588644E-02   0.590236E-02   0.350000E-03
 763  -0.557926E-03   0.297326E-03   0.687770E-02   0.619718E-02   0.400000E-03
 764  -0.524063E-03  -0.132145E-04   0.815248E-02   0.673237E-02   0.300000E-03
 765   0.210848E-03   0.701227E-03   0.115498E-01   0.637834E-02   0.350000E-03
 766  -0.575252E-03   0.199260E-04   0.117606E-01   0.574015E-02   0.300000E-03
 767  -0.378929E-03   0.236205E-03   0.126800E-01   0.650190E-02   0.200000E-03
 768  -0.146518E-03   0.206130E-03   0.137228E-01   0.682705E-02   0.250000E-03
 769  -0.338192E-03  -0.111760E-03   0.152412E-01   0.732395E-02   0.350000E-03
 770   0.823914E-05  -0.192647E-03   0.158256E-01   0.719625E-02   0.250000E-03
 771  -0.789489E-03  -0.580129E-04   0.165506E-01   0.676848E-02   0.100000E-03
 772  -0.603699E-03   0.159620E-03   0.184996E-01   0.730042E-02   0.250000E-03
 773   0.178799E-03  -0.241141E-03   0.202281E-01   0.773597E-02   0.400000E-03
 774  -0.306370E-03   0.177251E-03   0.209053E-01   0.741681E-02   0.350000E-03
 775   0.164216E-04  -0.357045E-03   0.233148E-01   0.653517E-02   0.250000E-03
 776   0.343099E-04   0.109428E-02   0.249297E-01   0.604394E-02   0.200000E-03
 777  -0.842227E-03   0.202799E-03   0.255796E-01   0.483144E-02   0.200000E-03
 778  -0.680837E-03   0.501201E-03   0.259706E-01   0.548625E-02   0.200000E-03
 779  -0.213642E-03   0.307126E-03   0.279110E-01   0.561272E-02   0.300000E-03
 780  -0.107480E-03   0.586197E-03   0.294166E-01   0.581030E-02   0.350000E-03
 781   0.686576E-04   0.571565E-03   0.307214E-01   0.604727E-02   0.200000E-03
 782  -0.904200E-03   0.674086E-03   0.321582E-01   0.575384E-02   0.300000E-03
 783  -0.905764E-03  -0.284965E-03   0.339115E-01   0.528223E-02   0.350000E-03
 784  -0.122263E-02  -0.177455E-03   0.344591E-01   0.522604E-02   0.200000E-03
 785  -0.592421E-03   0.498093E-03   0.356747E-01   0.555706E-02   0.350000E-03
 786  -0.798456E-03  -0.630993E-04   0.375807E-01   0.619231E-02   0.250000E-03
 787  -0.930207E-03   0.345336E-03   0.397171E-01   0.613074E-02   0.300000E-03
 788  -0.525033E-03  -0.130931E-04   0.396324E-01   0.548650E-02   0.350000E-03
 789  -0.697649E-03   0.444123E-03   0.405510E-01   0.376107E-02   0.300000E-03
 790  -0.266614E-03   0.751298E-03   0.414489E-01   0.427902E-02   0.300000E-03
 791  -0.182150E-03   0.579621E-03   0.430961E-01   0.434811E-02   0.350000E-03
 792  -0.137622E-03   0.666031E-03   0.438695E-01   0.517744E-02   0.150000E-03
 793  -0.309083E-03   0.538654E-03   0.284069E-02   0.547358E-02   0.150000E-03
 794  -0.218295E-03   0.207004E-03   0.245144E-02   0.545268E-02   0.150000E-03
 795   0.159213E-03   0.664373E-03   0.435884E-02   0.522394E-02   0.200000E-03
 796  -0.135536E-03   0.795821E-04   0.266532E-02   0.646413E-02   0.300000E-03
 797   0.280143E-03   0.547005E-03   0.449340E-02   0.623285E-02   0.400000E-03
 798   0.320095E-04   0.651243E-03   0.515453E-02   0.600482E-02   0.300000E-03
 799  -0.184786E-03  -0.176867E-03   0.750471E-02   0.667918E-02   0.350000E-03
 800  -0.228953E-03   0.499647E-03   0.882914E-02   0.707206E-02   0.250000E-03
 801  -0.309515E-03   0.296457E-03   0.108131E-01   0.674158E-02   0.250000E-03
 802   0.325189E-03   0.529986E-03   0.112802E-01   0.691328E-02   0.250000E-03
 803  -0.390416E-03   0.194896E-03   0.120137E-01   0.675230E-02   0.250000E-03
 804  -0.167988E-03   0.260219E-03   0.132636E-01   0.712727E-02   0.300000E-03
 805  -0.298538E-03   0.292893E-03   0.140734E-01   0.725069E-02   0.300000E-03
 806  -0.366956E-03   0.204001E-03   0.157005E-01   0.762686E-02   0.200000E-03
 807  -0.585653E-03   0.155518E-03   0.180720E-01   0.755891E-02   0.250000E-03
 808  -0.308502E-03  -0.178074E-03   0.191609E-01   0.805661E-02   0.450000E-03
 809  -0.285252E-03   0.202561E-03   0.214896E-01   0.769756E-02   0.300000E-03
 810  -0.580051E-03   0.998849E-04   0.222213E-01   0.699039E-02   0.300000E-03
 811   0.285054E-03  -0.179129E-03   0.238179E-01   0.680201E-02   0.300000E-03
 812   0.290586E-03   0.679177E-03   0.244452E-01   0.617081E-02   0.300000E-03
 813  -0.447005E-03   0.474248E-03   0.254261E-01   0.553741E-02   0.350000E-03
 814  -0.173467E-03   0.195534E-03   0.273898E-01   0.551934E-02   0.200000E-03
 815   0.452268E-03   0.534852E-03   0.286708E-01   0.588657E-02   0.400000E-03
 816  -0.406575E-04   0.351305E-03   0.311910E-01   0.611002E-02   0.200000E-03
 817  -0.305157E-03   0.528543E-03   0.302292E-01   0.629781E-02   0.300000E-03
 818  -0.121837E-02   0.297525E-03   0.325689E-01   0.619043E-02   0.300000E-03
 819  -0.988618E-03  -0.173164E-03   0.334370E-01   0.572498E-02   0.300000E-03
 820  -0.879000E-03   0.336224E-03   0.347234E-01   0.564863E-02   0.300000E-03
 821  -0.888568E-03   0.564716E-03   0.362395E-01   0.604777E-02   0.300000E-03
 822  -0.423462E-03  -0.980867E-04   0.378321E-01   0.692870E-02   0.300000E-03
 823  -0.871539E-03   0.284622E-03   0.387521E-01   0.630726E-02   0.250000E-03
 824  -0.120740E-02   0.467789E-03   0.408132E-01   0.555210E-02   0.350000E-03
 825  -0.902602E-03   0.312844E-03   0.402529E-01   0.498207E-02   0.450000E-03
 826  -0.912355E-03   0.350205E-03   0.408013E-01   0.440003E-02   0.350000E-03
 827  -0.853092E-03   0.997531E-03   0.422260E-01   0.439392E-02   0.250000E-03
 828  -0.516085E-03   0.227572E-03   0.402816E-01   0.692011E-02   0.350000E-03
 829  -0.186729E-03   0.314697E-03   0.262552E-02   0.586670E-02   0.300000E-03
 830   0.463799E-03  -0.477238E-03   0.299829E-03   0.520351E-02   0.300000E-03
 831   0.456844E-03   0.483747E-03   0.312625E-03   0.570204E-02   0.200000E-03
 832  -0.343041E-03   0.235007E-03   0.310460E-02   0.613413E-02   0.250000E-03
 833  -0.297114E-03   0.434397E-03   0.327617E-02   0.665502E-02   0.300000E-03
 834   0.550971E-04   0.397480E-03   0.508778E-02   0.660052E-02   0.300000E-03
 835  -0.479734E-03   0.163846E-03   0.573020E-02   0.678658E-02   0.300000E-03
 836  -0.182452E-03   0.270926E-03   0.754863E-02   0.737582E-02   0.350000E-03
 837  -0.282383E-03  -0.103263E-03   0.108175E-01   0.629282E-02   0.200000E-03
 838  -0.329831E-03   0.936730E-05   0.117470E-01   0.728898E-02   0.350000E-03
 839  -0.333333E-03   0.249865E-03   0.125666E-01   0.709041E-02   0.400000E-03
 840  -0.206549E-03   0.235132E-03   0.141464E-01   0.786704E-02   0.300000E-03
 841  -0.249708E-03  -0.197180E-03   0.147272E-01   0.772023E-02   0.300000E-03
 842  -0.863651E-03  -0.658276E-04   0.170576E-01   0.738953E-02   0.300000E-03
 843  -0.638242E-03  -0.322220E-03   0.185111E-01   0.779788E-02   0.250000E-03
 844  -0.525487E-03   0.768010E-03   0.198594E-01   0.832973E-02   0.300000E-03
 845  -0.285321E-03   0.442834E-03   0.208916E-01   0.811515E-02   0.350000E-03
 846  -0.611959E-03   0.336616E-03   0.219975E-01   0.749099E-02   0.250000E-03
 847  -0.144534E-03   0.100637E-03   0.232903E-01   0.708420E-02   0.300000E-03
 848   0.513232E-03  -0.125469E-03   0.245129E-01   0.687552E-02   0.400000E-03
 849  -0.367826E-03   0.372765E-03   0.254460E-01   0.623365E-02   0.350000E-03
 850  -0.235198E-04  -0.723534E-04   0.267426E-01   0.562521E-02   0.200000E-03
 851  -0.151738E-03   0.487671E-03   0.266278E-01   0.610925E-02   0.300000E-03
 852  -0.129354E-03   0.591439E-03   0.299157E-01   0.582189E-02   0.150000E-03
 853   0.275860E-04   0.404834E-03   0.317027E-01   0.630574E-02   0.350000E-03
 854  -0.122652E-02   0.257532E-03   0.327849E-01   0.680202E-02   0.350000E-03
 855  -0.118735E-02   0.287383E-03   0.331647E-01   0.625916E-02   0.300000E-03
 856  -0.798069E-03   0.138453E-03   0.341205E-01   0.599991E-02   0.400000E-03
 857  -0.684484E-03   0.511405E-03   0.352110E-01   0.607730E-02   0.350000E-03
 858  -0.903851E-03   0.523753E-03   0.365618E-01   0.655261E-02   0.300000E-03
 859  -0.971206E-03   0.352454E-03   0.392808E-01   0.646492E-02   0.250000E-03
 860  -0.234756E-03   0.141627E-03   0.402080E-01   0.578498E-02   0.300000E-03
 861  -0.605114E-03   0.467839E-03   0.415109E-01   0.556670E-02   0.350000E-03
 862  -0.105169E-02  -0.106901E-03   0.409741E-01   0.497436E-02   0.250000E-03
 863  -0.641250E-04   0.421744E-03   0.432719E-01   0.512802E-02   0.450000E-03
 864  -0.122338E-03   0.221759E-03   0.445506E-01   0.604293E-02   0.450000E-03
 865   0.765919E-04   0.297503E-03   0.137935E-02   0.504865E-02   0.350000E-03
 866   0.116327E-03   0.452783E-03   0.171104E-02   0.548206E-02   0.200000E-03
 867  -0.157278E-03   0.622663E-04   0.204901E-02   0.626159E-02   0.350000E-03
 868   0.308077E-03  -0.276139E-03   0.365610E-02   0.619122E-02   0.300000E-03
 869  -0.309013E-03   0.414254E-03   0.334194E-02   0.719851E-02   0.250000E-03
 870  -0.650088E-03   0.293239E-03   0.622877E-02   0.645370E-02   0.300000E-03
 871  -0.561981E-03  -0.443017E-04   0.689262E-02   0.689604E-02   0.300000E-03
 872  -0.225649E-03   0.327193E-03   0.921169E-02   0.680922E-02   0.200000E-03
 873  -0.274995E-03   0.354686E-03   0.102814E-01   0.700357E-02   0.300000E-03
 874  -0.202727E-03   0.719368E-05   0.116998E-01   0.796563E-02   0.300000E-03
 875  -0.272124E-03   0.638498E-04   0.122417E-01   0.770876E-02   0.300000E-03
 876  -0.203866E-03   0.217286E-03   0.136019E-01   0.761950E-02   0.300000E-03
 877  -0.307521E-03   0.263906E-03   0.146491E-01   0.831360E-02   0.300000E-03
 878  -0.400112E-03   0.799981E-04   0.164084E-01   0.736754E-02   0.350000E-03
 879  -0.635809E-03  -0.634493E-03   0.175075E-01   0.771029E-02   0.250000E-03
 880  -0.593018E-03  -0.470033E-03   0.176594E-01   0.823813E-02   0.300000E-03
 881  -0.592379E-03   0.414381E-03   0.219860E-01   0.804031E-02   0.300000E-03
 882  -0.566584E-03   0.128707E-03   0.227459E-01   0.715136E-02   0.250000E-03
 883   0.193769E-03  -0.380319E-03   0.229222E-01   0.660650E-02   0.150000E-03
 884   0.376175E-03  -0.105399E-04   0.240026E-01   0.742437E-02   0.350000E-03
 885  -0.357839E-03   0.532782E-03   0.261246E-01   0.737094E-02   0.400000E-03
 886  -0.404812E-03   0.409801E-03   0.260429E-01   0.597932E-02   0.300000E-03
 887   0.551307E-03  -0.158114E-03   0.285561E-01   0.662591E-02   0.350000E-03
 888  -0.108980E-03   0.434205E-03   0.295428E-01   0.659872E-02   0.450000E-03
 889  -0.762601E-04   0.443416E-03   0.308776E-01   0.667798E-02   0.450000E-03
 890  -0.123463E-02   0.253123E-03   0.322180E-01   0.660986E-02   0.250000E-03
 891  -0.496161E-03  -0.391495E-03   0.337287E-01   0.663728E-02   0.350000E-03
 892  -0.543027E-03   0.377241E-03   0.346616E-01   0.658642E-02   0.400000E-03
 893  -0.651516E-03   0.360036E-03   0.357651E-01   0.641434E-02   0.300000E-03
 894  -0.722536E-03  -0.200232E-03   0.385875E-01   0.677914E-02   0.250000E-03
 895  -0.766248E-03  -0.219891E-03   0.390981E-01   0.698302E-02   0.300000E-03
 896  -0.624289E-03   0.299086E-04   0.419086E-01   0.694699E-02   0.300000E-03
 897  -0.924477E-03   0.311011E-03   0.424631E-01   0.660299E-02   0.350000E-03
 898  -0.572663E-03   0.777738E-03   0.426165E-01   0.461621E-02   0.200000E-03
 899  -0.778642E-03   0.460726E-03   0.424770E-01   0.518452E-02   0.350000E-03
 900  -0.126293E-03   0.215965E-03   0.438291E-01   0.569849E-02   0.350000E-03
 901  -0.719117E-05   0.511704E-03   0.129132E-02   0.563964E-02   0.250000E-03
 902  -0.172511E-03   0.309684E-03   0.306739E-02   0.761592E-02   0.250000E-03
 903  -0.243120E-03   0.280952E-03   0.211639E-02   0.566644E-02   0.250000E-03
 904  -0.109539E-03   0.428401E-03   0.274918E-02   0.710750E-02   0.350000E-03
 905   0.239937E-03   0.609366E-03   0.398104E-02   0.691008E-02   0.450000E-03
 906  -0.426946E-03  -0.168867E-03   0.584366E-02   0.733054E-02   0.250000E-03
 907  -0.434098E-03   0.267720E-03   0.553671E-02   0.632599E-02   0.200000E-03
 908  -0.235000E-03  -0.392176E-04   0.883260E-02   0.762110E-02   0.300000E-03
 909  -0.319760E-03  -0.251376E-04   0.933488E-02   0.729308E-02   0.300000E-03
 910  -0.518131E-03   0.393171E-03   0.101212E-01   0.804579E-02   0.300000E-03
 911  -0.253179E-03  -0.115822E-04   0.112601E-01   0.763671E-02   0.250000E-03
 912  -0.311256E-03   0.264219E-03   0.151247E-01   0.858815E-02   0.250000E-03
 913  -0.328651E-03   0.169422E-03   0.153159E-01   0.801956E-02   0.350000E-03
 914  -0.425246E-03   0.135096E-03   0.161277E-01   0.811540E-02   0.450000E-03
 915  -0.805025E-03  -0.509614E-03   0.169767E-01   0.808459E-02   0.400000E-03
 916  -0.282394E-04   0.189243E-03   0.204154E-01   0.855552E-02   0.300000E-03
 917   0.272836E-03  -0.116887E-03   0.199916E-01   0.897906E-02   0.300000E-03
 918  -0.622065E-03   0.307304E-03   0.225525E-01   0.771831E-02   0.350000E-03
 919  -0.125377E-03  -0.520956E-03   0.232523E-01   0.773280E-02   0.350000E-03
 920   0.117722E-03   0.772851E-03   0.248425E-01   0.638216E-02   0.150000E-03
 921   0.363334E-03   0.341765E-03   0.234297E-01   0.845805E-02   0.350000E-03
 922  -0.389367E-03   0.582019E-03   0.260244E-01   0.662796E-02   0.350000E-03
 923  -0.195588E-03   0.572163E-03   0.279593E-01   0.626014E-02   0.350000E-03
 924   0.519942E-03  -0.203358E-03   0.289821E-01   0.730239E-02   0.450000E-03
 925   0.593974E-04   0.321071E-03   0.310833E-01   0.745074E-02   0.350000E-03
 926  -0.115281E-02   0.714067E-03   0.315795E-01   0.694249E-02   0.300000E-03
 927  -0.761625E-03   0.576664E-03   0.336409E-01   0.719615E-02   0.200000E-03
 928  -0.727475E-03   0.193996E-03   0.341696E-01   0.649656E-02   0.100000E-03
 929  -0.727439E-03  -0.222944E-03   0.372298E-01   0.668454E-02   0.350000E-03
 930  -0.575974E-03   0.452533E-03   0.412108E-01   0.663013E-02   0.300000E-03
 931  -0.610367E-03   0.417544E-03   0.411810E-01   0.606356E-02   0.250000E-03
 932  -0.936990E-03   0.448862E-04   0.397319E-01   0.667978E-02   0.250000E-03
 933  -0.610213E-03   0.480428E-03   0.418015E-01   0.625545E-02   0.400000E-03
 934  -0.641248E-03   0.376625E-03   0.412389E-01   0.467556E-02   0.150000E-03
 935  -0.573048E-03   0.436592E-03   0.417950E-01   0.487962E-02   0.400000E-03
 936  -0.160124E-03   0.254052E-03   0.433620E-01   0.615014E-02   0.300000E-03
 937   0.353825E-05  -0.864383E-04   0.104245E-02   0.714747E-02   0.350000E-03
 938   0.402561E-03   0.272708E-03   0.298358E-03   0.620114E-02   0.300000E-03
 939  -0.656553E-03  -0.798116E-04   0.368917E-02   0.768512E-02   0.350000E-03
 940   0.140607E-03   0.445515E-03   0.788074E-03   0.585651E-02   0.300000E-03
 941  -0.112124E-03  -0.187690E-04   0.167682E-02   0.685330E-02   0.350000E-03
 942  -0.174682E-03  -0.767074E-04   0.453871E-02   0.768590E-02   0.500000E-03
 943  -0.105454E-03  -0.120592E-03   0.525394E-02   0.722829E-02   0.350000E-03
 944  -0.706306E-03   0.682460E-05   0.631265E-02   0.704633E-02   0.300000E-03
 945  -0.333644E-03  -0.842893E-04   0.108354E-01   0.729013E-02   0.300000E-03
 946  -0.223214E-03  -0.868956E-04   0.986000E-02   0.745374E-02   0.250000E-03
 947  -0.159561E-04   0.151889E-03   0.129422E-01   0.797420E-02   0.450000E-03
 948  -0.849835E-05   0.154593E-03   0.125615E-01   0.856115E-02   0.250000E-03
 949  -0.492368E-03   0.229598E-03   0.156623E-01   0.870241E-02   0.300000E-03
 950  -0.123943E-03   0.201701E-03   0.139908E-01   0.854951E-02   0.400000E-03
 951  -0.742590E-03  -0.617970E-03   0.166159E-01   0.868416E-02   0.300000E-03
 952  -0.534343E-03  -0.488079E-03   0.182071E-01   0.819390E-02   0.250000E-03
 953  -0.331411E-03   0.262370E-03   0.211098E-01   0.867364E-02   0.250000E-03
 954  -0.545900E-03   0.453073E-03   0.225873E-01   0.856730E-02   0.500000E-03
 955   0.190273E-03   0.551439E-03   0.238016E-01   0.798876E-02   0.250000E-03
 956   0.126091E-03   0.145488E-03   0.255682E-01   0.701629E-02   0.250000E-03
 957  -0.398336E-03   0.349741E-03   0.272028E-01   0.725164E-02   0.350000E-03
 958  -0.131449E-03   0.627055E-03   0.267130E-01   0.675179E-02   0.350000E-03
 959  -0.253394E-03   0.488611E-03   0.272752E-01   0.605472E-02   0.350000E-03
 960  -0.338216E-03   0.446038E-03   0.301988E-01   0.684582E-02   0.250000E-03
 961  -0.132377E-02   0.454877E-03   0.321342E-01   0.795398E-02   0.400000E-03
 962  -0.124716E-02   0.214357E-03   0.316825E-01   0.748202E-02   0.250000E-03
 963  -0.128207E-02   0.248942E-03   0.333038E-01   0.698171E-02   0.200000E-03
 964  -0.601847E-03   0.315090E-03   0.353215E-01   0.681699E-02   0.300000E-03
 965  -0.650618E-03   0.362277E-03   0.361001E-01   0.684988E-02   0.250000E-03
 966  -0.105527E-02  -0.130144E-03   0.367189E-01   0.723363E-02   0.400000E-03
 967  -0.624956E-03   0.452347E-03   0.406404E-01   0.631981E-02   0.350000E-03
 968  -0.231884E-03   0.500148E-03   0.401519E-01   0.623109E-02   0.150000E-03
 969   0.363594E-03   0.788671E-03   0.447507E-01   0.710622E-02   0.250000E-03
 970  -0.211720E-03   0.413090E-03   0.442474E-01   0.678147E-02   0.350000E-03
 971  -0.843187E-03   0.367794E-04   0.427101E-01   0.589555E-02   0.400000E-03
 972  -0.242275E-03   0.401078E-03   0.436515E-01   0.672761E-02   0.250000E-03
 973   0.166960E-03   0.239420E-03   0.839792E-03   0.530950E-02   0.250000E-03
 974  -0.463747E-03   0.265197E-03   0.399445E-02   0.820136E-02   0.250000E-03
 975  -0.509667E-04   0.691194E-04   0.135000E-02   0.623494E-02   0.350000E-03
 976   0.473739E-04   0.165034E-04   0.783561E-03   0.655151E-02   0.300000E-03
 977  -0.411504E-03   0.769471E-03   0.727290E-02   0.790771E-02   0.250000E-03
 978  -0.619352E-03   0.282067E-03   0.690980E-02   0.749523E-02   0.300000E-03
 979  -0.691229E-03   0.294300E-03   0.636885E-02   0.759263E-02   0.250000E-03
 980  -0.479047E-03   0.346518E-04   0.815928E-02   0.780939E-02   0.400000E-03
 981  -0.328688E-03  -0.839491E-04   0.103505E-01   0.754718E-02   0.250000E-03
 982   0.156534E-03   0.316030E-03   0.937709E-02   0.813591E-02   0.450000E-03
 983  -0.275259E-03  -0.518883E-04   0.121683E-01   0.825332E-02   0.250000E-03
 984  -0.274963E-03  -0.222340E-04   0.107675E-01   0.797716E-02   0.350000E-03
 985  -0.193154E-03   0.112938E-03   0.135759E-01   0.811739E-02   0.200000E-03
 986  -0.411665E-03  -0.385314E-03   0.189953E-01   0.915952E-02   0.300000E-03
 987  -0.277455E-03  -0.207637E-03   0.186106E-01   0.863635E-02   0.350000E-03
 988  -0.411492E-03  -0.379322E-03   0.194362E-01   0.875290E-02   0.300000E-03
 989  -0.325363E-03   0.764461E-04   0.195399E-01   0.929230E-02   0.250000E-03
 990  -0.291747E-03   0.436946E-03   0.214766E-01   0.824674E-02   0.250000E-03
 991   0.552894E-04   0.423614E-03   0.246242E-01   0.774518E-02   0.350000E-03
 992  -0.147821E-03   0.617664E-03   0.250911E-01   0.729426E-02   0.300000E-03
 993  -0.104460E-03  -0.586485E-05   0.251471E-01   0.674798E-02   0.250000E-03
 994  -0.250923E-03   0.576391E-03   0.273506E-01   0.664852E-02   0.250000E-03
 995  -0.171519E-03   0.263428E-03   0.279119E-01   0.700817E-02   0.400000E-03
 996  -0.439058E-03   0.241772E-03   0.304436E-01   0.733689E-02   0.300000E-03
 997  -0.191605E-03   0.274797E-03   0.298662E-01   0.721893E-02   0.250000E-03
 998  -0.129820E-02   0.254188E-03   0.322162E-01   0.720899E-02   0.350000E-03
 999  -0.142797E-02   0.367255E-03   0.330400E-01   0.734505E-02   0.250000E-03
1000  -0.850234E-03   0.584883E-03   0.341898E-01   0.716745E-02   0.350000E-03
