   1  -0.110579E-02  -0.174153E-02   0.112772E-01   0.845810E-02   0.350000E-03
   2   0.120651E-02   0.323415E-03   0.148914E-03   0.149718E-03   0.150000E-03
   3   0.250566E-02  -0.485870E-02   0.459483E-02   0.447797E-03   0.450000E-03
   4   0.247017E-02   0.106913E-03   0.575482E-02   0.537639E-03   0.200000E-03
   5  -0.314114E-02   0.128927E-03   0.579628E-02   0.100012E-03   0.100000E-03
   6  -0.289215E-02   0.218280E-02   0.751637E-02   0.248655E-03   0.250000E-03
   7  -0.553405E-03   0.249182E-02   0.814739E-02   0.398421E-03   0.400000E-03
   8  -0.231004E-02   0.284635E-02   0.889397E-02   0.349003E-03   0.350000E-03
   9   0.451400E-03   0.882719E-03   0.935036E-02   0.543124E-03   0.150000E-03
  10   0.172381E-02   0.317083E-03   0.118179E-01   0.292385E-03   0.300000E-03
  11   0.673942E-03  -0.153626E-02   0.130612E-01   0.348521E-03   0.350000E-03
  12   0.229968E-02  -0.476539E-03   0.147956E-01   0.195483E-03   0.200000E-03
  13   0.566012E-03  -0.498565E-03   0.169486E-01   0.345429E-03   0.350000E-03
  14   0.129566E-02  -0.490850E-03   0.176473E-01   0.348187E-03   0.350000E-03
  15  -0.727867E-03  -0.116261E-02   0.188614E-01   0.412087E-03   0.400000E-03
  16  -0.598145E-03  -0.204681E-02   0.196048E-01   0.345924E-03   0.350000E-03
  17  -0.490756E-03   0.562578E-03   0.205177E-01   0.339870E-03   0.350000E-03
  18   0.387462E-04   0.151476E-02   0.219790E-01   0.349428E-03   0.350000E-03
  19   0.120797E-02   0.110297E-02   0.225693E-01   0.246011E-03   0.250000E-03
  20  -0.674950E-03   0.144373E-02   0.230685E-01   0.246990E-03   0.250000E-03
  21   0.141800E-02   0.120563E-02   0.244799E-01   0.249811E-03   0.250000E-03
  22  -0.116424E-03   0.768242E-03   0.257273E-01   0.199991E-03   0.200000E-03
  23   0.126156E-02   0.139443E-02   0.267553E-01   0.992141E-04   0.100000E-03
  24   0.669860E-03   0.948336E-03   0.282177E-01   0.397265E-03   0.400000E-03
  25  -0.322244E-03   0.975011E-03   0.297840E-01   0.412138E-03   0.400000E-03
  26   0.242618E-02   0.267008E-02   0.305241E-01   0.333085E-03   0.350000E-03
  27   0.115153E-02  -0.735854E-03   0.318626E-01   0.297918E-03   0.300000E-03
  28  -0.995958E-03   0.198177E-03   0.333191E-01   0.344762E-03   0.300000E-03
  29   0.164741E-02  -0.846590E-03   0.355451E-01   0.445240E-03   0.450000E-03
  30   0.701863E-03   0.212800E-02   0.374064E-01   0.346745E-03   0.350000E-03
  31   0.729280E-03   0.183267E-02   0.379969E-01   0.249203E-03   0.250000E-03
  32  -0.631728E-03   0.430148E-03   0.401217E-01   0.197476E-03   0.200000E-03
  33   0.120985E-02   0.157882E-02   0.410111E-01   0.195082E-03   0.200000E-03
  34   0.238355E-02  -0.677466E-03   0.446046E-01   0.879742E-03   0.400000E-03
  35   0.232362E-03  -0.336082E-02   0.446519E-01   0.192316E-02   0.350000E-03
  36   0.778581E-03   0.214197E-03   0.864973E-02   0.831000E-02   0.300000E-03
  37   0.936411E-04   0.220038E-02   0.247469E-03   0.176731E-02   0.250000E-03
  38   0.883357E-03   0.223363E-02   0.782815E-03   0.716411E-03   0.300000E-03
  39  -0.346820E-03  -0.329356E-02   0.269893E-02   0.398642E-03   0.400000E-03
  40   0.145577E-02   0.940442E-03   0.619102E-02   0.299117E-03   0.300000E-03
  41   0.692006E-03  -0.115556E-02   0.688367E-02   0.391087E-03   0.400000E-03
  42  -0.164692E-02   0.110628E-03   0.731175E-02   0.999181E-03   0.350000E-03
  43  -0.191552E-03   0.217578E-03   0.861676E-02   0.936970E-03   0.300000E-03
  44   0.981243E-03   0.719548E-03   0.939287E-02   0.938989E-03   0.250000E-03
  45   0.113269E-02   0.173429E-02   0.999517E-02   0.495950E-03   0.500000E-03
  46  -0.335612E-03   0.393689E-03   0.107831E-01   0.299931E-03   0.300000E-03
  47   0.689154E-03  -0.102755E-02   0.153005E-01   0.149929E-03   0.150000E-03
  48   0.203813E-02  -0.153974E-03   0.158517E-01   0.446821E-03   0.450000E-03
  49   0.123708E-02  -0.955592E-03   0.165155E-01   0.886701E-03   0.350000E-03
  50   0.139955E-02  -0.500199E-03   0.182369E-01   0.245717E-03   0.250000E-03
  51  -0.764354E-03  -0.727480E-03   0.193306E-01   0.872002E-03   0.250000E-03
  52  -0.575522E-03  -0.111848E-02   0.200599E-01   0.147309E-03   0.150000E-03
  53   0.198277E-03   0.831809E-03   0.205199E-01   0.101401E-02   0.200000E-03
  54   0.102016E-02   0.228204E-03   0.211660E-01   0.298120E-03   0.300000E-03
  55   0.301744E-03   0.215887E-03   0.233996E-01   0.998904E-04   0.100000E-03
  56   0.924106E-03   0.136581E-02   0.238469E-01   0.396546E-03   0.400000E-03
  57   0.875797E-03   0.129120E-02   0.245193E-01   0.921090E-03   0.400000E-03
  58   0.121646E-02   0.104641E-02   0.251132E-01   0.395276E-03   0.400000E-03
  59  -0.888620E-03   0.548548E-03   0.270347E-01   0.206395E-03   0.200000E-03
  60  -0.922992E-03   0.620849E-03   0.275258E-01   0.296132E-03   0.300000E-03
  61  -0.127459E-02   0.101555E-02   0.290988E-01   0.294369E-03   0.300000E-03
  62  -0.419659E-04   0.106083E-02   0.312192E-01   0.348211E-03   0.350000E-03
  63   0.231439E-02   0.999224E-03   0.328501E-01   0.197143E-03   0.200000E-03
  64   0.109063E-02  -0.608894E-03   0.347540E-01   0.346617E-03   0.350000E-03
  65   0.783266E-03   0.544006E-03   0.363216E-01   0.611701E-03   0.350000E-03
  66   0.101480E-02   0.169689E-02   0.364415E-01   0.138011E-03   0.150000E-03
  67   0.239355E-03   0.117228E-02   0.391407E-01   0.299773E-03   0.300000E-03
  68  -0.283740E-02   0.636664E-03   0.423005E-01   0.200012E-03   0.200000E-03
  69  -0.744290E-03  -0.401846E-03   0.438608E-01   0.826700E-03   0.350000E-03
  70  -0.344761E-03   0.328357E-03   0.423988E-01   0.719901E-02   0.250000E-03
  71   0.111655E-03   0.961066E-03   0.447019E-01   0.495466E-02   0.300000E-03
  72   0.139633E-02   0.282188E-02   0.447502E-01   0.248283E-03   0.250000E-03
  73   0.255927E-03  -0.323030E-03   0.256171E-02   0.793756E-02   0.350000E-03
  74   0.201221E-02  -0.585083E-03   0.121069E-02   0.298459E-03   0.300000E-03
  75  -0.972027E-03  -0.132147E-02   0.392950E-02   0.247961E-03   0.250000E-03
  76   0.593390E-03  -0.172938E-03   0.523269E-02   0.922626E-03   0.350000E-03
  77   0.494167E-03  -0.445012E-03   0.648275E-02   0.822354E-03   0.200000E-03
  78   0.213304E-03  -0.350667E-03   0.666367E-02   0.133967E-02   0.350000E-03
  79  -0.483338E-03  -0.102913E-02   0.799625E-02   0.113097E-02   0.350000E-03
  80   0.221401E-03   0.755223E-03   0.904016E-02   0.128833E-02   0.250000E-03
  81   0.810014E-03   0.385322E-03   0.107001E-01   0.958724E-03   0.350000E-03
  82   0.645183E-03   0.310500E-03   0.133033E-01   0.948024E-03   0.300000E-03
  83   0.188948E-04  -0.588959E-03   0.137598E-01   0.346415E-03   0.350000E-03
  84   0.209523E-02  -0.694466E-03   0.143497E-01   0.243576E-03   0.250000E-03
  85   0.334025E-02  -0.907113E-03   0.154428E-01   0.100910E-02   0.250000E-03
  86   0.156737E-02  -0.201202E-03   0.172950E-01   0.106425E-02   0.450000E-03
  87  -0.725305E-03  -0.900452E-03   0.188715E-01   0.106143E-02   0.250000E-03
  88   0.576931E-03   0.478326E-03   0.200671E-01   0.802010E-03   0.300000E-03
  89   0.898511E-03   0.581687E-03   0.203151E-01   0.160617E-02   0.400000E-03
  90   0.111134E-02   0.105209E-02   0.214972E-01   0.854063E-03   0.350000E-03
  91   0.111384E-02   0.835684E-03   0.225914E-01   0.741664E-03   0.250000E-03
  92  -0.260477E-03   0.108294E-02   0.231829E-01   0.832773E-03   0.350000E-03
  93   0.160829E-02   0.168954E-02   0.238069E-01   0.114203E-02   0.350000E-03
  94   0.104082E-02   0.117723E-02   0.252370E-01   0.113387E-02   0.350000E-03
  95  -0.649012E-03   0.253802E-03   0.273549E-01   0.919196E-03   0.350000E-03
  96   0.321102E-03   0.857985E-03   0.280559E-01   0.117868E-02   0.400000E-03
  97   0.792063E-03   0.432282E-03   0.294606E-01   0.974313E-03   0.250000E-03
  98   0.109192E-02   0.125504E-02   0.303044E-01   0.108510E-02   0.450000E-03
  99   0.660658E-03   0.956654E-03   0.324061E-01   0.247057E-03   0.250000E-03
 100   0.187894E-02   0.246814E-02   0.327258E-01   0.626806E-03   0.250000E-03
 101   0.110292E-02   0.386497E-03   0.349637E-01   0.106349E-02   0.400000E-03
 102   0.622171E-03   0.172995E-02   0.368151E-01   0.271958E-03   0.250000E-03
 103  -0.661755E-04   0.283461E-03   0.376439E-01   0.894360E-03   0.250000E-03
 104  -0.938339E-03   0.165298E-02   0.385435E-01   0.297197E-03   0.300000E-03
 105  -0.266898E-03   0.155700E-02   0.405665E-01   0.243308E-03   0.250000E-03
 106  -0.839634E-03   0.259538E-02   0.431898E-01   0.296905E-03   0.300000E-03
 107  -0.898789E-03  -0.499129E-03   0.440779E-01   0.745937E-02   0.350000E-03
 108   0.255039E-03  -0.469454E-03   0.349357E-01   0.745915E-02   0.450000E-03
 109   0.632648E-03   0.585648E-03   0.243203E-03   0.634231E-03   0.250000E-03
 110   0.713343E-04   0.696979E-03   0.538264E-03   0.236481E-03   0.250000E-03
 111   0.895758E-03  -0.140220E-02   0.190227E-02   0.397760E-03   0.400000E-03
 112   0.834477E-03  -0.213838E-02   0.323468E-02   0.923299E-03   0.350000E-03
 113   0.383383E-03  -0.151215E-02   0.595578E-02   0.109891E-02   0.400000E-03
 114  -0.693182E-03  -0.551936E-03   0.717651E-02   0.152994E-02   0.200000E-03
 115   0.477607E-03   0.584283E-03   0.852168E-02   0.158260E-02   0.350000E-03
 116   0.120356E-02   0.152016E-03   0.984593E-02   0.133154E-02   0.350000E-03
 117   0.945286E-03   0.995803E-03   0.113619E-01   0.740978E-03   0.350000E-03
 118   0.193828E-03  -0.371875E-03   0.124154E-01   0.296244E-03   0.300000E-03
 119   0.182291E-02   0.128651E-03   0.142827E-01   0.783115E-03   0.300000E-03
 120   0.305455E-02  -0.579045E-03   0.151131E-01   0.574914E-03   0.300000E-03
 121   0.190981E-02  -0.697717E-04   0.167354E-01   0.138657E-02   0.200000E-03
 122   0.141470E-02  -0.321318E-03   0.181842E-01   0.940243E-03   0.450000E-03
 123   0.670899E-04  -0.172744E-02   0.186124E-01   0.142410E-02   0.200000E-03
 124   0.504583E-03   0.271108E-03   0.197006E-01   0.127556E-02   0.300000E-03
 125  -0.464128E-03   0.182753E-02   0.209051E-01   0.781421E-03   0.250000E-03
 126   0.186834E-03   0.546890E-03   0.209521E-01   0.132451E-02   0.300000E-03
 127   0.563927E-03   0.667927E-04   0.227283E-01   0.122072E-02   0.250000E-03
 128   0.938332E-03   0.653026E-03   0.230783E-01   0.164177E-02   0.300000E-03
 129   0.143768E-02   0.719081E-03   0.236247E-01   0.170203E-02   0.250000E-03
 130   0.134270E-02   0.127190E-02   0.257311E-01   0.712046E-03   0.300000E-03
 131   0.173094E-02   0.129264E-02   0.263529E-01   0.395112E-03   0.400000E-03
 132   0.892802E-03   0.101945E-02   0.275211E-01   0.144760E-02   0.200000E-03
 133  -0.707180E-03   0.299823E-04   0.288130E-01   0.927251E-03   0.400000E-03
 134   0.175590E-03  -0.569799E-03   0.311951E-01   0.109563E-02   0.400000E-03
 135   0.107890E-02  -0.548611E-03   0.320407E-01   0.102431E-02   0.450000E-03
 136   0.468400E-03  -0.384575E-04   0.340095E-01   0.397378E-03   0.400000E-03
 137   0.296972E-04   0.178827E-02   0.372175E-01   0.754552E-03   0.100000E-03
 138   0.727201E-03   0.217953E-04   0.373917E-01   0.132253E-02   0.250000E-03
 139   0.188098E-03   0.964279E-04   0.381778E-01   0.767960E-03   0.300000E-03
 140   0.161713E-02   0.584784E-03   0.396848E-01   0.279801E-03   0.250000E-03
 141  -0.222208E-02   0.101978E-02   0.414564E-01   0.249121E-03   0.250000E-03
 142   0.926555E-03   0.800942E-03   0.419013E-01   0.196986E-03   0.200000E-03
 143  -0.439607E-03   0.744230E-03   0.438978E-01   0.629293E-02   0.250000E-03
 144   0.715220E-03   0.746997E-03   0.296152E-01   0.770687E-02   0.300000E-03
 145   0.410573E-03   0.422231E-03   0.294476E-03   0.331212E-02   0.300000E-03
 146   0.796037E-03   0.725068E-04   0.669559E-03   0.135128E-02   0.350000E-03
 147  -0.829299E-03  -0.105521E-02   0.408373E-02   0.849496E-03   0.200000E-03
 148   0.638829E-03  -0.111602E-02   0.532638E-02   0.288388E-03   0.300000E-03
 149  -0.127955E-03  -0.848960E-03   0.612326E-02   0.192830E-02   0.450000E-03
 150  -0.727055E-03  -0.924275E-03   0.757060E-02   0.147838E-02   0.200000E-03
 151  -0.467094E-04   0.642383E-03   0.936786E-02   0.159480E-02   0.200000E-03
 152   0.914161E-03  -0.195813E-03   0.103868E-01   0.140500E-02   0.200000E-03
 153   0.672288E-03   0.511244E-04   0.112046E-01   0.136646E-02   0.300000E-03
 154   0.124425E-03   0.236735E-03   0.126057E-01   0.966299E-03   0.400000E-03
 155   0.631940E-03   0.679917E-03   0.137958E-01   0.887742E-03   0.200000E-03
 156   0.114233E-02  -0.414642E-03   0.148300E-01   0.121519E-02   0.400000E-03
 157   0.174389E-02  -0.191392E-02   0.159633E-01   0.139073E-02   0.400000E-03
 158   0.157490E-02  -0.100137E-02   0.174179E-01   0.185096E-02   0.350000E-03
 159   0.137357E-02  -0.673590E-03   0.178051E-01   0.146587E-02   0.200000E-03
 160   0.199322E-03  -0.127102E-02   0.182191E-01   0.164072E-02   0.250000E-03
 161   0.854739E-03   0.151499E-03   0.196535E-01   0.181914E-02   0.250000E-03
 162   0.881761E-03   0.878744E-04   0.209687E-01   0.182089E-02   0.200000E-03
 163   0.119903E-02   0.440525E-03   0.221368E-01   0.112931E-02   0.350000E-03
 164   0.131735E-02  -0.223611E-03   0.227629E-01   0.219805E-02   0.300000E-03
 165   0.100710E-02   0.739193E-03   0.248321E-01   0.157635E-02   0.250000E-03
 166  -0.303021E-03   0.299301E-03   0.256586E-01   0.155472E-02   0.250000E-03
 167   0.131204E-02  -0.445415E-03   0.266390E-01   0.113295E-02   0.400000E-03
 168  -0.179587E-03   0.341964E-03   0.286104E-01   0.154011E-02   0.250000E-03
 169   0.103517E-02   0.478244E-03   0.302132E-01   0.171441E-02   0.200000E-03
 170  -0.147235E-03   0.257084E-03   0.308043E-01   0.179066E-02   0.400000E-03
 171  -0.343075E-03   0.646193E-03   0.335302E-01   0.904453E-03   0.300000E-03
 172   0.854391E-03   0.655312E-03   0.341735E-01   0.117793E-02   0.400000E-03
 173   0.893033E-03   0.362071E-03   0.356504E-01   0.118429E-02   0.300000E-03
 174   0.126289E-02   0.562097E-03   0.368691E-01   0.103815E-02   0.350000E-03
 175   0.256780E-05  -0.511158E-04   0.390101E-01   0.884691E-03   0.300000E-03
 176  -0.198321E-03  -0.271757E-03   0.400785E-01   0.985525E-03   0.200000E-03
 177  -0.781534E-03  -0.102239E-02   0.406057E-01   0.784149E-03   0.300000E-03
 178   0.210396E-02  -0.576884E-03   0.444013E-01   0.143914E-02   0.200000E-03
 179  -0.146754E-02   0.242791E-02   0.427004E-01   0.197074E-03   0.200000E-03
 180  -0.343518E-03   0.382686E-03   0.400380E-01   0.752101E-02   0.300000E-03
 181   0.667081E-03  -0.793124E-04   0.197346E-03   0.108036E-02   0.200000E-03
 182   0.157963E-03  -0.133119E-02   0.141209E-02   0.213713E-02   0.200000E-03
 183   0.556366E-03  -0.154901E-02   0.338660E-02   0.295389E-03   0.300000E-03
 184   0.765100E-03  -0.750368E-03   0.539668E-02   0.159510E-02   0.350000E-03
 185   0.143327E-03  -0.289187E-03   0.625298E-02   0.260709E-02   0.250000E-03
 186   0.773312E-03   0.514301E-03   0.680073E-02   0.187079E-02   0.200000E-03
 187   0.392732E-03   0.538749E-03   0.792239E-02   0.182429E-02   0.300000E-03
 188   0.695746E-03  -0.586078E-04   0.963834E-02   0.197514E-02   0.250000E-03
 189   0.795508E-03   0.322970E-03   0.117373E-01   0.124960E-02   0.250000E-03
 190   0.109002E-02  -0.947584E-04   0.119765E-01   0.814714E-03   0.250000E-03
 191   0.953038E-03   0.357638E-03   0.140227E-01   0.126656E-02   0.250000E-03
 192   0.102203E-02  -0.180360E-03   0.143306E-01   0.183388E-02   0.400000E-03
 193   0.468084E-03  -0.760601E-03   0.153353E-01   0.169953E-02   0.300000E-03
 194   0.211064E-02  -0.181403E-02   0.165323E-01   0.194463E-02   0.400000E-03
 195   0.397380E-03  -0.159437E-02   0.179738E-01   0.207593E-02   0.250000E-03
 196   0.137712E-03   0.364117E-04   0.191592E-01   0.152989E-02   0.300000E-03
 197   0.760820E-03  -0.407298E-05   0.200183E-01   0.229435E-02   0.350000E-03
 198   0.645656E-03  -0.768759E-04   0.206626E-01   0.221303E-02   0.300000E-03
 199   0.106691E-02   0.323941E-03   0.215204E-01   0.150146E-02   0.300000E-03
 200   0.111045E-02  -0.160573E-03   0.222666E-01   0.215656E-02   0.200000E-03
 201   0.828166E-03   0.864214E-03   0.242852E-01   0.157947E-02   0.300000E-03
 202   0.221848E-03  -0.380934E-03   0.259951E-01   0.119331E-02   0.250000E-03
 203   0.114195E-02   0.131472E-02   0.266003E-01   0.182699E-02   0.300000E-03
 204   0.191603E-02   0.827882E-03   0.270959E-01   0.159104E-02   0.250000E-03
 205   0.962434E-03   0.452667E-03   0.296303E-01   0.160022E-02   0.400000E-03
 206   0.121220E-02  -0.218650E-03   0.322647E-01   0.179105E-02   0.350000E-03
 207   0.152880E-02  -0.449295E-03   0.328954E-01   0.130065E-02   0.450000E-03
 208   0.160374E-02  -0.209481E-03   0.336066E-01   0.166565E-02   0.350000E-03
 209   0.139638E-02   0.119324E-03   0.362447E-01   0.125249E-02   0.300000E-03
 210   0.129325E-02   0.122577E-03   0.366449E-01   0.153792E-02   0.200000E-03
 211   0.100433E-02   0.248824E-03   0.370596E-01   0.169330E-02   0.250000E-03
 212  -0.205847E-03   0.353651E-03   0.400470E-01   0.588490E-03   0.200000E-03
 213  -0.143654E-03  -0.951129E-03   0.411291E-01   0.624456E-03   0.250000E-03
 214   0.381478E-03  -0.944528E-03   0.420815E-01   0.550483E-03   0.200000E-03
 215   0.387491E-02  -0.671279E-03   0.441421E-01   0.149833E-03   0.150000E-03
 216   0.163961E-02  -0.199394E-03   0.217368E-01   0.885231E-02   0.400000E-03
 217   0.515262E-03  -0.665264E-04   0.146194E-01   0.896131E-02   0.350000E-03
 218   0.590476E-03  -0.112892E-02   0.876994E-03   0.201667E-02   0.350000E-03
 219   0.156303E-02   0.323468E-03   0.373496E-02   0.653667E-03   0.200000E-03
 220   0.630463E-03  -0.375623E-03   0.458641E-02   0.129553E-02   0.400000E-03
 221   0.835606E-03   0.279880E-03   0.533013E-02   0.218233E-02   0.250000E-03
 222  -0.995315E-04   0.385234E-03   0.731761E-02   0.205788E-02   0.350000E-03
 223   0.802606E-03   0.441704E-03   0.904570E-02   0.203578E-02   0.350000E-03
 224   0.114011E-02  -0.994762E-04   0.102326E-01   0.192927E-02   0.350000E-03
 225   0.100116E-02  -0.102106E-04   0.107497E-01   0.156656E-02   0.200000E-03
 226   0.477051E-03   0.343860E-03   0.122036E-01   0.153710E-02   0.300000E-03
 227   0.278173E-03  -0.376658E-04   0.130545E-01   0.143336E-02   0.250000E-03
 228   0.392985E-03  -0.647948E-03   0.148896E-01   0.176092E-02   0.150000E-03
 229   0.163869E-02  -0.187877E-02   0.158909E-01   0.203455E-02   0.250000E-03
 230   0.130043E-02  -0.105561E-02   0.175710E-01   0.248070E-02   0.300000E-03
 231   0.108699E-03  -0.700983E-03   0.183939E-01   0.230122E-02   0.200000E-03
 232   0.178494E-03  -0.389572E-03   0.186977E-01   0.191079E-02   0.300000E-03
 233   0.799352E-03   0.267094E-03   0.192548E-01   0.233051E-02   0.400000E-03
 234   0.918426E-03   0.301423E-03   0.213773E-01   0.210578E-02   0.300000E-03
 235   0.110477E-02  -0.426627E-03   0.224521E-01   0.169249E-02   0.300000E-03
 236   0.127272E-02  -0.435100E-04   0.233564E-01   0.217109E-02   0.300000E-03
 237   0.127732E-02   0.244946E-04   0.240037E-01   0.216363E-02   0.350000E-03
 238   0.603990E-04   0.262587E-03   0.252501E-01   0.173538E-02   0.200000E-03
 239   0.748470E-03   0.188877E-03   0.267764E-01   0.234550E-02   0.250000E-03
 240  -0.206576E-03   0.259505E-03   0.290511E-01   0.147408E-02   0.200000E-03
 241   0.878233E-03  -0.160466E-03   0.302123E-01   0.225056E-02   0.350000E-03
 242   0.567155E-03  -0.276890E-03   0.315663E-01   0.174684E-02   0.350000E-03
 243   0.139589E-02  -0.787147E-04   0.329838E-01   0.224273E-02   0.500000E-03
 244   0.144890E-02   0.944938E-03   0.354521E-01   0.197323E-02   0.200000E-03
 245   0.108375E-02   0.932352E-03   0.349291E-01   0.180996E-02   0.350000E-03
 246   0.121866E-02   0.339105E-03   0.365822E-01   0.213043E-02   0.400000E-03
 247  -0.220429E-03  -0.145113E-04   0.379849E-01   0.138715E-02   0.350000E-03
 248   0.703332E-03  -0.102950E-03   0.396062E-01   0.823679E-03   0.300000E-03
 249   0.114660E-03  -0.907494E-03   0.416482E-01   0.788481E-03   0.300000E-03
 250   0.414212E-03   0.245737E-02   0.437367E-01   0.244981E-03   0.250000E-03
 251  -0.102751E-02  -0.356024E-03   0.446046E-01   0.298729E-02   0.400000E-03
 252   0.211498E-03   0.332692E-03   0.337734E-01   0.773053E-02   0.350000E-03
 253  -0.255409E-04   0.125963E-04   0.211374E-02   0.739974E-02   0.350000E-03
 254  -0.859659E-04   0.134593E-03   0.138964E-02   0.936377E-03   0.350000E-03
 255   0.164621E-03  -0.104733E-02   0.230449E-02   0.971388E-03   0.300000E-03
 256   0.847064E-03  -0.159272E-05   0.483309E-02   0.194785E-02   0.300000E-03
 257   0.864713E-03  -0.571011E-03   0.674570E-02   0.236665E-02   0.300000E-03
 258   0.596874E-03   0.345490E-03   0.839000E-02   0.227133E-02   0.350000E-03
 259   0.916262E-03  -0.253385E-03   0.901937E-02   0.283263E-02   0.450000E-03
 260   0.471706E-03  -0.711599E-03   0.986439E-02   0.258315E-02   0.400000E-03
 261   0.699272E-03   0.126179E-03   0.116627E-01   0.179055E-02   0.300000E-03
 262  -0.502307E-03  -0.781544E-03   0.121508E-01   0.221654E-02   0.350000E-03
 263   0.994395E-03  -0.100748E-05   0.135964E-01   0.168705E-02   0.350000E-03
 264   0.375732E-03  -0.208833E-03   0.149155E-01   0.220931E-02   0.300000E-03
 265   0.137142E-02   0.255744E-03   0.166541E-01   0.253216E-02   0.200000E-03
 266   0.165487E-02  -0.143318E-02   0.170502E-01   0.231867E-02   0.250000E-03
 267   0.122197E-02  -0.116146E-02   0.171318E-01   0.280741E-02   0.250000E-03
 268   0.905123E-03   0.251992E-03   0.186864E-01   0.264139E-02   0.250000E-03
 269   0.107625E-02  -0.194214E-03   0.191117E-01   0.296441E-02   0.250000E-03
 270   0.661078E-03  -0.852217E-06   0.197094E-01   0.292050E-02   0.350000E-03
 271   0.793148E-03  -0.146924E-03   0.219310E-01   0.185851E-02   0.250000E-03
 272   0.101997E-02   0.332168E-03   0.223652E-01   0.276540E-02   0.400000E-03
 273   0.136382E-02  -0.150252E-03   0.234741E-01   0.285052E-02   0.400000E-03
 274   0.540071E-03   0.142693E-02   0.258449E-01   0.201190E-02   0.250000E-03
 275   0.115334E-02   0.152869E-02   0.262723E-01   0.226422E-02   0.250000E-03
 276   0.128952E-02   0.105222E-04   0.275075E-01   0.194755E-02   0.300000E-03
 277   0.500774E-03   0.150679E-02   0.294701E-01   0.217688E-02   0.200000E-03
 278   0.120296E-02  -0.285916E-03   0.318998E-01   0.238702E-02   0.350000E-03
 279   0.139566E-02  -0.795032E-04   0.324011E-01   0.270720E-02   0.250000E-03
 280   0.823443E-03   0.804722E-03   0.342842E-01   0.186698E-02   0.300000E-03
 281   0.113296E-02   0.974558E-03   0.358875E-01   0.173055E-02   0.300000E-03
 282   0.294270E-03   0.251310E-03   0.375414E-01   0.179671E-02   0.250000E-03
 283  -0.363612E-03   0.659395E-03   0.384826E-01   0.162185E-02   0.200000E-03
 284   0.198038E-04  -0.148399E-03   0.385449E-01   0.117634E-02   0.250000E-03
 285   0.126924E-03  -0.280549E-03   0.410967E-01   0.121959E-02   0.350000E-03
 286  -0.798026E-03  -0.913674E-03   0.432182E-01   0.892947E-03   0.300000E-03
 287  -0.371549E-03  -0.107491E-02   0.428410E-01   0.121839E-02   0.200000E-03
 288   0.477066E-03   0.104511E-03   0.587752E-02   0.793218E-02   0.350000E-03
 289   0.853205E-04   0.106525E-03   0.245567E-03   0.226467E-02   0.250000E-03
 290  -0.450712E-03  -0.238142E-03   0.186302E-02   0.137185E-02   0.300000E-03
 291   0.279375E-03  -0.254681E-03   0.250286E-02   0.164169E-02   0.400000E-03
 292   0.505149E-03  -0.225775E-03   0.312983E-02   0.151196E-02   0.250000E-03
 293   0.572844E-03  -0.347645E-03   0.571021E-02   0.257052E-02   0.300000E-03
 294   0.401819E-03  -0.156550E-03   0.818402E-02   0.298569E-02   0.400000E-03
 295   0.637507E-03  -0.345579E-03   0.968177E-02   0.336196E-02   0.400000E-03
 296   0.100372E-02   0.337411E-03   0.111286E-01   0.190820E-02   0.250000E-03
 297   0.106869E-02   0.964893E-04   0.107304E-01   0.191370E-02   0.150000E-03
 298  -0.626307E-04   0.168009E-03   0.126789E-01   0.167983E-02   0.200000E-03
 299   0.776409E-03   0.458645E-03   0.139050E-01   0.231985E-02   0.250000E-03
 300   0.519399E-03  -0.430792E-03   0.148759E-01   0.270533E-02   0.200000E-03
 301   0.138510E-03  -0.654305E-03   0.154791E-01   0.238765E-02   0.300000E-03
 302   0.142447E-02  -0.219833E-03   0.170945E-01   0.335098E-02   0.300000E-03
 303   0.638533E-03  -0.131611E-02   0.180630E-01   0.251664E-02   0.200000E-03
 304   0.114981E-02  -0.546722E-04   0.182675E-01   0.291247E-02   0.250000E-03
 305   0.920779E-03  -0.308150E-03   0.193877E-01   0.330056E-02   0.150000E-03
 306   0.663085E-03  -0.171058E-03   0.204693E-01   0.282878E-02   0.350000E-03
 307   0.600066E-03   0.120045E-03   0.218646E-01   0.235257E-02   0.250000E-03
 308   0.785568E-03  -0.136342E-03   0.228489E-01   0.333668E-02   0.350000E-03
 309   0.710085E-03  -0.453255E-03   0.246087E-01   0.259447E-02   0.400000E-03
 310   0.104721E-03  -0.826979E-04   0.252059E-01   0.223113E-02   0.300000E-03
 311   0.106378E-02   0.279987E-03   0.273321E-01   0.256957E-02   0.350000E-03
 312   0.818248E-03   0.120363E-03   0.281542E-01   0.191872E-02   0.350000E-03
 313   0.286601E-03   0.513275E-03   0.297053E-01   0.255485E-02   0.250000E-03
 314  -0.449259E-03  -0.399280E-03   0.312591E-01   0.231932E-02   0.300000E-03
 315   0.124692E-02   0.324017E-03   0.334736E-01   0.286580E-02   0.300000E-03
 316   0.120232E-02   0.384480E-04   0.338293E-01   0.232903E-02   0.350000E-03
 317   0.782293E-03   0.397360E-03   0.350567E-01   0.254703E-02   0.400000E-03
 318   0.115051E-02   0.435827E-03   0.358424E-01   0.242512E-02   0.400000E-03
 319   0.458724E-04  -0.263658E-03   0.389714E-01   0.143297E-02   0.250000E-03
 320  -0.106638E-03  -0.385123E-03   0.398271E-01   0.141658E-02   0.300000E-03
 321  -0.719329E-03  -0.354751E-03   0.404204E-01   0.134607E-02   0.300000E-03
 322  -0.654842E-03  -0.107235E-02   0.425911E-01   0.733232E-03   0.350000E-03
 323  -0.123847E-03  -0.356041E-03   0.439749E-01   0.211754E-02   0.350000E-03
 324  -0.904279E-03  -0.915116E-04   0.396179E-01   0.716604E-02   0.250000E-03
 325  -0.555947E-03   0.160565E-03   0.149859E-02   0.760958E-02   0.300000E-03
 326  -0.327743E-04   0.485506E-05   0.124312E-02   0.151515E-02   0.250000E-03
 327   0.175680E-03  -0.133526E-03   0.197548E-02   0.217061E-02   0.350000E-03
 328   0.124318E-03   0.156033E-03   0.381161E-02   0.162402E-02   0.450000E-03
 329   0.367834E-03  -0.272631E-03   0.661927E-02   0.312988E-02   0.400000E-03
 330  -0.159659E-03  -0.996438E-03   0.726810E-02   0.275207E-02   0.350000E-03
 331   0.129610E-02  -0.180839E-03   0.780565E-02   0.240664E-02   0.250000E-03
 332   0.950832E-03  -0.233720E-03   0.107777E-01   0.250952E-02   0.450000E-03
 333   0.684410E-03   0.698163E-04   0.115139E-01   0.237055E-02   0.300000E-03
 334   0.456357E-03   0.524407E-03   0.130489E-01   0.193027E-02   0.250000E-03
 335   0.267858E-04   0.278332E-03   0.134131E-01   0.226715E-02   0.250000E-03
 336  -0.347348E-02  -0.161268E-02   0.144058E-01   0.254221E-02   0.300000E-03
 337   0.106683E-02  -0.452473E-03   0.161429E-01   0.252324E-02   0.300000E-03
 338   0.135185E-02   0.289239E-03   0.167188E-01   0.374165E-02   0.250000E-03
 339   0.118766E-02  -0.236304E-03   0.176998E-01   0.311657E-02   0.350000E-03
 340   0.848967E-03  -0.390005E-03   0.190019E-01   0.352880E-02   0.300000E-03
 341   0.774361E-03  -0.390093E-03   0.201517E-01   0.339181E-02   0.300000E-03
 342   0.941473E-03  -0.150137E-03   0.206443E-01   0.334850E-02   0.200000E-03
 343   0.701970E-03   0.130275E-03   0.216734E-01   0.286347E-02   0.300000E-03
 344   0.123803E-02  -0.199836E-03   0.239442E-01   0.329098E-02   0.250000E-03
 345   0.115755E-02   0.746459E-04   0.252026E-01   0.296070E-02   0.300000E-03
 346   0.670981E-03   0.268963E-03   0.257388E-01   0.260043E-02   0.350000E-03
 347   0.789489E-03   0.271448E-03   0.264257E-01   0.289102E-02   0.400000E-03
 348  -0.881779E-04   0.122700E-02   0.290160E-01   0.197097E-02   0.300000E-03
 349   0.607418E-03  -0.105951E-03   0.301563E-01   0.284599E-02   0.250000E-03
 350   0.140859E-02   0.108085E-03   0.320764E-01   0.314736E-02   0.300000E-03
 351   0.153197E-02   0.122247E-03   0.328634E-01   0.308334E-02   0.350000E-03
 352   0.128126E-02  -0.256079E-03   0.344938E-01   0.310774E-02   0.400000E-03
 353   0.129276E-02   0.330750E-03   0.358792E-01   0.301923E-02   0.200000E-03
 354   0.203353E-03   0.308087E-03   0.372289E-01   0.218648E-02   0.250000E-03
 355  -0.204617E-03  -0.354557E-03   0.380326E-01   0.203347E-02   0.300000E-03
 356  -0.250485E-03  -0.210251E-03   0.393767E-01   0.162559E-02   0.200000E-03
 357   0.235615E-03  -0.193467E-03   0.408069E-01   0.179703E-02   0.300000E-03
 358   0.209773E-03  -0.325283E-03   0.416825E-01   0.133315E-02   0.250000E-03
 359   0.371416E-03   0.735683E-03   0.442566E-01   0.527671E-02   0.250000E-03
 360   0.375227E-02   0.337787E-02   0.447992E-01   0.417596E-02   0.200000E-03
 361  -0.566114E-04   0.305613E-03   0.681273E-03   0.273806E-02   0.400000E-03
 362   0.537588E-03  -0.105026E-04   0.147804E-02   0.272870E-02   0.400000E-03
 363  -0.833289E-04  -0.978414E-03   0.309930E-02   0.201105E-02   0.250000E-03
 364   0.107539E-02   0.216329E-03   0.492110E-02   0.254037E-02   0.300000E-03
 365   0.469328E-03  -0.866269E-04   0.591946E-02   0.313151E-02   0.300000E-03
 366   0.327197E-03  -0.372115E-04   0.618047E-02   0.367086E-02   0.300000E-03
 367   0.839713E-03  -0.391689E-03   0.864932E-02   0.336422E-02   0.200000E-03
 368   0.988288E-03  -0.284565E-03   0.103300E-01   0.310449E-02   0.300000E-03
 369   0.209698E-03  -0.725520E-03   0.118649E-01   0.291640E-02   0.350000E-03
 370   0.801518E-03  -0.103845E-03   0.128243E-01   0.253698E-02   0.400000E-03
 371   0.947429E-03  -0.486362E-03   0.137330E-01   0.283859E-02   0.300000E-03
 372   0.291325E-03  -0.292606E-03   0.150744E-01   0.326845E-02   0.400000E-03
 373   0.330345E-03   0.490529E-04   0.157070E-01   0.293394E-02   0.300000E-03
 374   0.901721E-03  -0.632198E-03   0.164196E-01   0.316535E-02   0.400000E-03
 375   0.121074E-02  -0.374149E-03   0.175498E-01   0.393894E-02   0.450000E-03
 376   0.859397E-03  -0.163365E-03   0.186806E-01   0.309041E-02   0.200000E-03
 377   0.934282E-03  -0.294322E-03   0.196124E-01   0.374636E-02   0.350000E-03
 378   0.949787E-03   0.274401E-03   0.210910E-01   0.263285E-02   0.300000E-03
 379   0.884513E-03  -0.109295E-03   0.211851E-01   0.328832E-02   0.350000E-03
 380   0.995997E-03   0.401098E-03   0.220050E-01   0.342086E-02   0.350000E-03
 381   0.421563E-03  -0.133525E-03   0.245348E-01   0.333789E-02   0.350000E-03
 382   0.944185E-03   0.526371E-03   0.268085E-01   0.346868E-02   0.300000E-03
 383   0.772851E-03   0.383235E-03   0.279206E-01   0.246727E-02   0.250000E-03
 384   0.747646E-03   0.265978E-03   0.285921E-01   0.239058E-02   0.300000E-03
 385   0.799702E-03   0.354658E-03   0.291601E-01   0.256915E-02   0.300000E-03
 386   0.237952E-03  -0.910978E-03   0.307397E-01   0.261400E-02   0.300000E-03
 387   0.126515E-02   0.583478E-04   0.324734E-01   0.365851E-02   0.350000E-03
 388   0.157598E-02   0.138429E-03   0.354145E-01   0.346425E-02   0.450000E-03
 389   0.104374E-02  -0.768323E-04   0.360564E-01   0.337455E-02   0.200000E-03
 390   0.122078E-02   0.364594E-03   0.364686E-01   0.291847E-02   0.400000E-03
 391   0.205620E-04   0.197787E-03   0.376714E-01   0.251082E-02   0.300000E-03
 392  -0.128222E-03  -0.203334E-03   0.390455E-01   0.192648E-02   0.250000E-03
 393   0.553315E-05  -0.524575E-04   0.396105E-01   0.212335E-02   0.350000E-03
 394  -0.121565E-02  -0.346588E-03   0.422281E-01   0.127148E-02   0.300000E-03
 395  -0.258377E-03  -0.386196E-03   0.439066E-01   0.147301E-02   0.300000E-03
 396  -0.103464E-02  -0.835748E-03   0.444281E-01   0.242095E-02   0.200000E-03
 397   0.237790E-03   0.186930E-03   0.973030E-03   0.348108E-02   0.400000E-03
 398   0.147526E-03  -0.111133E-02   0.264861E-02   0.232611E-02   0.300000E-03
 399   0.395820E-04   0.396250E-04   0.355073E-02   0.232553E-02   0.300000E-03
 400   0.660169E-04  -0.115157E-03   0.425020E-02   0.235103E-02   0.400000E-03
 401  -0.228489E-04   0.726597E-04   0.574755E-02   0.391168E-02   0.200000E-03
 402   0.269157E-03  -0.347935E-03   0.729388E-02   0.344711E-02   0.350000E-03
 403   0.786809E-03  -0.613154E-04   0.852458E-02   0.379430E-02   0.250000E-03
 404   0.246932E-03  -0.343267E-04   0.905410E-02   0.366310E-02   0.300000E-03
 405   0.331503E-03  -0.449416E-03   0.119597E-01   0.346257E-02   0.200000E-03
 406   0.105269E-02  -0.291527E-03   0.125250E-01   0.327112E-02   0.400000E-03
 407   0.557144E-03  -0.339948E-03   0.132070E-01   0.312145E-02   0.300000E-03
 408   0.998359E-03  -0.464934E-03   0.142762E-01   0.327821E-02   0.400000E-03
 409   0.586677E-03  -0.217470E-03   0.157518E-01   0.357777E-02   0.350000E-03
 410   0.107589E-02   0.853871E-04   0.162397E-01   0.399853E-02   0.300000E-03
 411   0.101552E-02   0.110215E-03   0.167638E-01   0.428693E-02   0.300000E-03
 412   0.113625E-02  -0.357173E-03   0.183058E-01   0.355722E-02   0.400000E-03
 413   0.598089E-03  -0.183304E-03   0.203037E-01   0.396518E-02   0.300000E-03
 414   0.123485E-02  -0.108099E-03   0.208183E-01   0.376308E-02   0.250000E-03
 415   0.130020E-02   0.259935E-03   0.208352E-01   0.441270E-02   0.400000E-03
 416   0.713019E-03   0.693656E-04   0.224878E-01   0.399179E-02   0.400000E-03
 417   0.102674E-02  -0.184949E-03   0.234621E-01   0.354527E-02   0.300000E-03
 418   0.112707E-02   0.256692E-03   0.251717E-01   0.360768E-02   0.350000E-03
 419   0.572666E-03   0.231015E-03   0.278321E-01   0.305769E-02   0.350000E-03
 420   0.715181E-03   0.209642E-03   0.284086E-01   0.290267E-02   0.250000E-03
 421   0.234476E-03   0.407726E-03   0.296364E-01   0.314226E-02   0.350000E-03
 422   0.158084E-02   0.219035E-03   0.313324E-01   0.306691E-02   0.450000E-03
 423   0.121163E-02  -0.235774E-03   0.338121E-01   0.340772E-02   0.350000E-03
 424   0.140723E-02   0.966319E-04   0.347306E-01   0.376396E-02   0.300000E-03
 425   0.666306E-03  -0.299090E-04   0.369777E-01   0.339310E-02   0.300000E-03
 426   0.262325E-03   0.145311E-03   0.371612E-01   0.282231E-02   0.300000E-03
 427  -0.450501E-03  -0.367986E-04   0.380237E-01   0.312947E-02   0.300000E-03
 428  -0.485955E-03  -0.169522E-03   0.385762E-01   0.209137E-02   0.250000E-03
 429  -0.418900E-03  -0.113403E-03   0.402189E-01   0.190467E-02   0.300000E-03
 430   0.222597E-03  -0.326320E-03   0.419478E-01   0.186447E-02   0.350000E-03
 431  -0.872888E-03   0.865970E-04   0.426901E-01   0.179603E-02   0.400000E-03
 432  -0.749575E-03  -0.324532E-03   0.433103E-01   0.147919E-02   0.300000E-03
 433   0.171219E-04  -0.579610E-03   0.347537E-03   0.395673E-02   0.350000E-03
 434  -0.206491E-03  -0.374396E-03   0.159322E-02   0.178580E-02   0.200000E-03
 435  -0.962928E-04   0.128701E-03   0.313309E-02   0.282211E-02   0.350000E-03
 436   0.556536E-03  -0.328265E-03   0.530166E-02   0.293425E-02   0.250000E-03
 437   0.859756E-04   0.294261E-03   0.562168E-02   0.353234E-02   0.200000E-03
 438   0.131393E-03  -0.172923E-03   0.676026E-02   0.381413E-02   0.300000E-03
 439   0.633301E-03  -0.275520E-03   0.793753E-02   0.369024E-02   0.350000E-03
 440   0.913094E-03   0.323739E-03   0.108690E-01   0.373905E-02   0.200000E-03
 441   0.958099E-03  -0.282114E-03   0.109125E-01   0.324361E-02   0.300000E-03
 442   0.564931E-03  -0.550733E-03   0.130735E-01   0.370456E-02   0.300000E-03
 443   0.675707E-03  -0.311376E-03   0.136491E-01   0.344835E-02   0.250000E-03
 444   0.373392E-03  -0.535974E-04   0.152244E-01   0.395079E-02   0.300000E-03
 445   0.562973E-03   0.121635E-03   0.157086E-01   0.445273E-02   0.400000E-03
 446   0.103771E-02   0.156911E-03   0.163072E-01   0.448677E-02   0.200000E-03
 447   0.106385E-02   0.603366E-04   0.172562E-01   0.462426E-02   0.300000E-03
 448   0.118372E-02  -0.820452E-04   0.183463E-01   0.445397E-02   0.500000E-03
 449   0.916984E-03  -0.113562E-03   0.192415E-01   0.439588E-02   0.400000E-03
 450   0.566299E-03  -0.901457E-04   0.199373E-01   0.443606E-02   0.300000E-03
 451   0.106024E-02   0.378411E-03   0.214961E-01   0.396699E-02   0.400000E-03
 452   0.746307E-03  -0.318898E-04   0.219787E-01   0.453627E-02   0.350000E-03
 453   0.101144E-02   0.252952E-05   0.240659E-01   0.387745E-02   0.350000E-03
 454   0.106488E-02   0.928122E-04   0.257965E-01   0.329739E-02   0.350000E-03
 455   0.102532E-02   0.276831E-03   0.270122E-01   0.301420E-02   0.200000E-03
 456   0.820052E-03   0.391968E-03   0.289388E-01   0.317961E-02   0.350000E-03
 457   0.213944E-03  -0.432900E-03   0.305827E-01   0.319056E-02   0.300000E-03
 458   0.318052E-03   0.173467E-03   0.307055E-01   0.382391E-02   0.350000E-03
 459   0.160610E-02   0.286320E-03   0.317805E-01   0.372516E-02   0.350000E-03
 460   0.122613E-02   0.465758E-04   0.341931E-01   0.386759E-02   0.250000E-03
 461   0.887787E-03  -0.461518E-04   0.364587E-01   0.356597E-02   0.250000E-03
 462   0.430224E-04   0.535056E-03   0.376421E-01   0.426180E-02   0.300000E-03
 463  -0.377914E-03   0.180528E-03   0.382648E-01   0.258296E-02   0.300000E-03
 464  -0.303911E-03   0.957928E-05   0.390055E-01   0.264048E-02   0.450000E-03
 465   0.724390E-04  -0.454942E-03   0.407031E-01   0.238405E-02   0.300000E-03
 466  -0.179417E-03  -0.584789E-03   0.411761E-01   0.254250E-02   0.200000E-03
 467  -0.568115E-03  -0.179109E-03   0.435702E-01   0.255894E-02   0.250000E-03
 468  -0.100740E-02  -0.136613E-03   0.435644E-01   0.382912E-02   0.350000E-03
 469   0.235303E-03  -0.383023E-03   0.105334E-02   0.432611E-02   0.450000E-03
 470   0.290240E-04  -0.149565E-03   0.217539E-02   0.278472E-02   0.300000E-03
 471  -0.633958E-04  -0.700052E-05   0.385023E-02   0.304248E-02   0.400000E-03
 472   0.790863E-03   0.849064E-04   0.454804E-02   0.300297E-02   0.300000E-03
 473   0.400283E-03   0.710214E-04   0.502233E-02   0.351746E-02   0.400000E-03
 474   0.308350E-03  -0.194243E-03   0.743919E-02   0.402354E-02   0.250000E-03
 475   0.577103E-03  -0.157524E-03   0.811262E-02   0.436353E-02   0.350000E-03
 476   0.469470E-03   0.244090E-04   0.951865E-02   0.404060E-02   0.300000E-03
 477  -0.245476E-03  -0.777183E-03   0.113170E-01   0.287149E-02   0.200000E-03
 478   0.676664E-03  -0.467360E-05   0.122173E-01   0.394773E-02   0.350000E-03
 479   0.878292E-03  -0.570663E-03   0.141937E-01   0.392111E-02   0.250000E-03
 480   0.592840E-03   0.308121E-03   0.146816E-01   0.378611E-02   0.250000E-03
 481   0.466291E-03  -0.272331E-03   0.147832E-01   0.427566E-02   0.250000E-03
 482   0.854757E-03   0.504681E-04   0.162669E-01   0.507790E-02   0.400000E-03
 483   0.959414E-03   0.176652E-04   0.169623E-01   0.514523E-02   0.300000E-03
 484   0.111127E-02  -0.285203E-03   0.186452E-01   0.519402E-02   0.300000E-03
 485   0.867075E-03  -0.239678E-03   0.196525E-01   0.501988E-02   0.350000E-03
 486   0.107157E-02   0.496865E-03   0.203255E-01   0.489049E-02   0.300000E-03
 487   0.868285E-03  -0.774561E-04   0.213905E-01   0.490962E-02   0.350000E-03
 488   0.740966E-03  -0.248313E-04   0.219124E-01   0.508099E-02   0.200000E-03
 489   0.100096E-02   0.230161E-04   0.246636E-01   0.392378E-02   0.250000E-03
 490   0.716123E-03   0.123978E-03   0.273452E-01   0.339052E-02   0.250000E-03
 491   0.587076E-03   0.475998E-03   0.283481E-01   0.344749E-02   0.300000E-03
 492   0.477040E-03   0.119917E-03   0.293310E-01   0.381766E-02   0.400000E-03
 493   0.607191E-03   0.555780E-03   0.301001E-01   0.359402E-02   0.300000E-03
 494   0.465978E-03   0.166276E-03   0.312372E-01   0.370813E-02   0.200000E-03
 495   0.112015E-02   0.288546E-04   0.328789E-01   0.402367E-02   0.200000E-03
 496   0.831368E-03   0.261487E-03   0.359405E-01   0.419594E-02   0.350000E-03
 497   0.973170E-03  -0.390155E-04   0.360922E-01   0.372135E-02   0.150000E-03
 498  -0.305615E-03  -0.689748E-04   0.373456E-01   0.380011E-02   0.250000E-03
 499  -0.413047E-03   0.372401E-04   0.375195E-01   0.333343E-02   0.250000E-03
 500  -0.619753E-03  -0.791953E-04   0.393967E-01   0.309380E-02   0.150000E-03
 501  -0.168423E-03  -0.428207E-03   0.401580E-01   0.244933E-02   0.250000E-03
 502  -0.269427E-03  -0.198907E-03   0.413354E-01   0.207251E-02   0.300000E-03
 503  -0.118182E-02  -0.568712E-04   0.429740E-01   0.261965E-02   0.350000E-03
 504  -0.582098E-03  -0.146554E-03   0.433277E-01   0.207473E-02   0.300000E-03
 505  -0.202598E-03  -0.883003E-04   0.165064E-02   0.379764E-02   0.350000E-03
 506  -0.115214E-03  -0.174644E-03   0.187037E-02   0.324209E-02   0.250000E-03
 507   0.317407E-03  -0.180947E-03   0.332523E-02   0.341948E-02   0.250000E-03
 508   0.599652E-03   0.503733E-04   0.432575E-02   0.355570E-02   0.300000E-03
 509   0.386874E-03  -0.550781E-05   0.609327E-02   0.421338E-02   0.250000E-03
 510   0.472730E-03  -0.852516E-04   0.749789E-02   0.456473E-02   0.300000E-03
 511   0.492107E-03  -0.288071E-03   0.878144E-02   0.427807E-02   0.300000E-03
 512   0.103239E-02   0.251252E-03   0.103209E-01   0.375224E-02   0.350000E-03
 513   0.382873E-03  -0.383642E-03   0.114633E-01   0.346991E-02   0.300000E-03
 514   0.290995E-03  -0.614693E-04   0.128391E-01   0.436325E-02   0.400000E-03
 515   0.577070E-03  -0.508169E-03   0.136122E-01   0.406783E-02   0.350000E-03
 516   0.874240E-03  -0.300520E-03   0.142392E-01   0.451770E-02   0.350000E-03
 517   0.120156E-02   0.794179E-04   0.151622E-01   0.440027E-02   0.150000E-03
 518   0.526411E-03   0.106627E-03   0.154800E-01   0.521579E-02   0.400000E-03
 519   0.970455E-03  -0.615361E-04   0.177415E-01   0.504731E-02   0.350000E-03
 520   0.990777E-03  -0.339699E-03   0.191789E-01   0.546374E-02   0.300000E-03
 521   0.110454E-02   0.797525E-04   0.201610E-01   0.556923E-02   0.400000E-03
 522   0.197011E-02   0.107305E-02   0.207731E-01   0.520932E-02   0.250000E-03
 523   0.733150E-03   0.320153E-03   0.218921E-01   0.552913E-02   0.250000E-03
 524   0.700062E-03  -0.191101E-04   0.231817E-01   0.406672E-02   0.300000E-03
 525   0.103908E-02   0.370235E-04   0.252113E-01   0.435450E-02   0.400000E-03
 526   0.107919E-02   0.369455E-03   0.256820E-01   0.390915E-02   0.250000E-03
 527  -0.114065E-04   0.717327E-03   0.278089E-01   0.370793E-02   0.300000E-03
 528   0.681228E-03   0.144666E-03   0.291851E-01   0.455239E-02   0.350000E-03
 529   0.161599E-03   0.495930E-04   0.305593E-01   0.445129E-02   0.300000E-03
 530   0.166828E-02   0.348297E-03   0.321587E-01   0.405025E-02   0.150000E-03
 531   0.153699E-02   0.199830E-03   0.330205E-01   0.361005E-02   0.200000E-03
 532   0.147271E-02   0.221256E-03   0.351975E-01   0.428504E-02   0.400000E-03
 533   0.745859E-03  -0.342371E-03   0.368233E-01   0.397143E-02   0.300000E-03
 534  -0.127965E-03   0.504619E-03   0.382255E-01   0.439919E-02   0.300000E-03
 535   0.208332E-03   0.678326E-03   0.379082E-01   0.372212E-02   0.300000E-03
 536  -0.878116E-03   0.549805E-03   0.386199E-01   0.309804E-02   0.150000E-03
 537   0.178849E-04  -0.275282E-03   0.404331E-01   0.273697E-02   0.150000E-03
 538   0.147886E-03   0.162859E-03   0.417658E-01   0.248699E-02   0.300000E-03
 539  -0.109345E-02   0.191292E-03   0.423598E-01   0.240897E-02   0.300000E-03
 540  -0.983337E-03  -0.387888E-03   0.439723E-01   0.284691E-02   0.250000E-03
 541   0.327398E-03   0.144120E-03   0.524161E-02   0.806591E-02   0.300000E-03
 542   0.317779E-03  -0.293203E-03   0.258211E-02   0.346899E-02   0.500000E-03
 543   0.623472E-03   0.112624E-03   0.376110E-02   0.375027E-02   0.300000E-03
 544   0.591822E-03  -0.738446E-04   0.419564E-02   0.408653E-02   0.250000E-03
 545   0.206155E-03  -0.114668E-03   0.533410E-02   0.408413E-02   0.250000E-03
 546   0.517566E-03  -0.255623E-03   0.858295E-02   0.500043E-02   0.450000E-03
 547   0.565683E-03  -0.324163E-03   0.928924E-02   0.459452E-02   0.300000E-03
 548   0.362282E-03  -0.231631E-03   0.977089E-02   0.446983E-02   0.200000E-03
 549   0.649739E-03  -0.544415E-04   0.110510E-01   0.430804E-02   0.400000E-03
 550   0.527278E-03  -0.298203E-04   0.116201E-01   0.399573E-02   0.250000E-03
 551   0.441088E-03  -0.110049E-04   0.135209E-01   0.486227E-02   0.450000E-03
 552   0.962392E-03   0.454772E-04   0.142368E-01   0.521564E-02   0.350000E-03
 553   0.900914E-03  -0.208032E-03   0.149579E-01   0.474398E-02   0.250000E-03
 554   0.363715E-03   0.139240E-04   0.150578E-01   0.570768E-02   0.250000E-03
 555   0.704340E-03  -0.271996E-04   0.159937E-01   0.582666E-02   0.400000E-03
 556   0.806045E-03  -0.100793E-03   0.181594E-01   0.554244E-02   0.300000E-03
 557   0.103540E-02  -0.233663E-03   0.188862E-01   0.481503E-02   0.150000E-03
 558   0.983296E-03   0.388850E-03   0.212569E-01   0.564274E-02   0.400000E-03
 559   0.626760E-03   0.122620E-03   0.226385E-01   0.462365E-02   0.250000E-03
 560   0.707828E-03   0.461430E-03   0.237244E-01   0.436959E-02   0.250000E-03
 561   0.112843E-02   0.230140E-03   0.259606E-01   0.443796E-02   0.350000E-03
 562   0.140367E-02   0.485213E-03   0.262698E-01   0.381217E-02   0.350000E-03
 563   0.523599E-03   0.197119E-03   0.285877E-01   0.410093E-02   0.400000E-03
 564   0.506413E-03   0.500650E-03   0.285839E-01   0.479893E-02   0.300000E-03
 565   0.683134E-03   0.363926E-03   0.299550E-01   0.422714E-02   0.350000E-03
 566   0.178813E-02   0.250791E-04   0.312991E-01   0.436046E-02   0.450000E-03
 567   0.171124E-02   0.485178E-03   0.333192E-01   0.328823E-02   0.150000E-03
 568   0.125809E-02   0.114482E-03   0.338486E-01   0.385401E-02   0.100000E-03
 569   0.772365E-03  -0.110807E-03   0.370071E-01   0.448665E-02   0.250000E-03
 570   0.197359E-04   0.127462E-03   0.378145E-01   0.483485E-02   0.300000E-03
 571  -0.469437E-03  -0.615113E-04   0.384730E-01   0.352029E-02   0.300000E-03
 572  -0.316369E-03  -0.788276E-04   0.390575E-01   0.338852E-02   0.300000E-03
 573  -0.870420E-03   0.249522E-05   0.397357E-01   0.279875E-02   0.300000E-03
 574  -0.994100E-06   0.149361E-03   0.414110E-01   0.319996E-02   0.500000E-03
 575  -0.638380E-03  -0.666147E-03   0.421244E-01   0.290272E-02   0.250000E-03
 576  -0.792083E-03  -0.249455E-04   0.444147E-01   0.385611E-02   0.300000E-03
 577  -0.137955E-03  -0.666061E-03   0.298597E-03   0.460367E-02   0.300000E-03
 578   0.137263E-03  -0.377349E-04   0.261519E-02   0.431374E-02   0.350000E-03
 579   0.398392E-03  -0.960209E-04   0.476523E-02   0.426984E-02   0.350000E-03
 580   0.139843E-03  -0.384335E-03   0.544605E-02   0.456817E-02   0.250000E-03
 581   0.399056E-03  -0.119088E-03   0.705970E-02   0.414991E-02   0.150000E-03
 582   0.211876E-03   0.329500E-03   0.791095E-02   0.487518E-02   0.200000E-03
 583   0.562459E-03   0.236405E-03   0.991539E-02   0.489393E-02   0.250000E-03
 584   0.103896E-02  -0.124323E-03   0.103180E-01   0.445055E-02   0.350000E-03
 585   0.824119E-03  -0.196237E-03   0.107401E-01   0.512883E-02   0.450000E-03
 586   0.596079E-03   0.413171E-04   0.118629E-01   0.448915E-02   0.300000E-03
 587   0.205691E-03  -0.100710E-03   0.123267E-01   0.467441E-02   0.200000E-03
 588   0.507393E-03  -0.152108E-03   0.136068E-01   0.550620E-02   0.200000E-03
 589   0.695421E-03   0.772003E-04   0.148333E-01   0.526073E-02   0.250000E-03
 590   0.294122E-03   0.567142E-04   0.154152E-01   0.597847E-02   0.200000E-03
 591   0.912202E-03  -0.867706E-04   0.173697E-01   0.551234E-02   0.250000E-03
 592   0.841337E-03   0.290821E-03   0.181524E-01   0.614032E-02   0.300000E-03
 593   0.154926E-02   0.419030E-03   0.195277E-01   0.594998E-02   0.300000E-03
 594   0.119153E-02   0.191489E-03   0.206741E-01   0.611246E-02   0.350000E-03
 595   0.777371E-03  -0.544114E-04   0.222989E-01   0.497997E-02   0.200000E-03
 596   0.687929E-03   0.300069E-03   0.232321E-01   0.471096E-02   0.350000E-03
 597   0.107445E-02   0.199527E-04   0.244331E-01   0.453021E-02   0.400000E-03
 598   0.120696E-02   0.210954E-03   0.266566E-01   0.439211E-02   0.350000E-03
 599   0.895159E-03   0.292850E-03   0.272155E-01   0.397168E-02   0.350000E-03
 600   0.796767E-03   0.256137E-03   0.299287E-01   0.487463E-02   0.300000E-03
 601   0.294433E-03   0.547005E-04   0.305393E-01   0.509317E-02   0.350000E-03
 602   0.173351E-02  -0.365824E-03   0.309885E-01   0.487360E-02   0.150000E-03
 603   0.112881E-02   0.250561E-03   0.330201E-01   0.455323E-02   0.350000E-03
 604   0.105656E-02   0.358220E-05   0.334231E-01   0.398359E-02   0.350000E-03
 605   0.597982E-03  -0.473437E-04   0.364225E-01   0.476584E-02   0.400000E-03
 606   0.129839E-03   0.228498E-03   0.384975E-01   0.513696E-02   0.450000E-03
 607  -0.225962E-03   0.609727E-03   0.386381E-01   0.404011E-02   0.250000E-03
 608  -0.245370E-03   0.430566E-03   0.396569E-01   0.345830E-02   0.300000E-03
 609  -0.420150E-03   0.584332E-03   0.402487E-01   0.319579E-02   0.350000E-03
 610   0.474006E-03   0.319176E-03   0.409173E-01   0.277837E-02   0.150000E-03
 611  -0.791799E-03  -0.243482E-03   0.427976E-01   0.360614E-02   0.450000E-03
 612  -0.744629E-03  -0.184063E-03   0.434431E-01   0.314051E-02   0.350000E-03
 613   0.587265E-03   0.185699E-03   0.104568E-01   0.860253E-02   0.350000E-03
 614   0.442268E-03   0.495464E-04   0.314118E-02   0.446409E-02   0.200000E-03
 615   0.522962E-03   0.120348E-03   0.368530E-02   0.439942E-02   0.350000E-03
 616  -0.262002E-04  -0.387754E-04   0.569603E-02   0.425697E-02   0.150000E-03
 617   0.188875E-03   0.371182E-04   0.664510E-02   0.444808E-02   0.350000E-03
 618   0.337262E-03   0.107065E-03   0.808160E-02   0.555550E-02   0.300000E-03
 619   0.667545E-03  -0.298484E-03   0.930533E-02   0.519206E-02   0.300000E-03
 620   0.527859E-03  -0.227902E-03   0.990433E-02   0.554209E-02   0.400000E-03
 621   0.640456E-03  -0.209839E-03   0.114141E-01   0.531750E-02   0.250000E-03
 622   0.836091E-03  -0.791032E-04   0.114341E-01   0.482565E-02   0.250000E-03
 623   0.262123E-03  -0.823419E-04   0.126804E-01   0.509539E-02   0.350000E-03
 624   0.943376E-03  -0.298756E-04   0.139616E-01   0.569049E-02   0.200000E-03
 625   0.909223E-03  -0.151912E-03   0.144816E-01   0.586699E-02   0.350000E-03
 626   0.190278E-03  -0.453253E-03   0.166267E-01   0.549297E-02   0.150000E-03
 627   0.989279E-03  -0.254949E-04   0.169419E-01   0.564359E-02   0.200000E-03
 628   0.101375E-02   0.232426E-03   0.175649E-01   0.602175E-02   0.300000E-03
 629   0.899416E-03   0.167025E-03   0.188517E-01   0.640718E-02   0.450000E-03
 630   0.833535E-03  -0.390802E-03   0.218582E-01   0.607778E-02   0.300000E-03
 631   0.110418E-02   0.157939E-03   0.227801E-01   0.524303E-02   0.350000E-03
 632   0.679551E-03   0.352433E-03   0.238485E-01   0.490841E-02   0.300000E-03
 633   0.112919E-02   0.246845E-03   0.246872E-01   0.512653E-02   0.250000E-03
 634   0.943941E-03   0.596322E-04   0.271901E-01   0.451817E-02   0.200000E-03
 635   0.608818E-03   0.780945E-04   0.278332E-01   0.447382E-02   0.450000E-03
 636   0.746060E-03   0.332073E-03   0.294040E-01   0.516218E-02   0.300000E-03
 637   0.398983E-03   0.102753E-03   0.303534E-01   0.571155E-02   0.300000E-03
 638   0.136111E-02   0.740243E-04   0.321139E-01   0.471456E-02   0.350000E-03
 639   0.129767E-02   0.262189E-03   0.342838E-01   0.481467E-02   0.250000E-03
 640   0.140965E-02   0.234405E-03   0.345012E-01   0.431537E-02   0.300000E-03
 641   0.868804E-03   0.277402E-03   0.368852E-01   0.529006E-02   0.300000E-03
 642   0.948044E-03   0.615545E-04   0.372722E-01   0.490309E-02   0.250000E-03
 643  -0.161279E-03   0.895205E-03   0.388029E-01   0.450887E-02   0.250000E-03
 644  -0.320674E-03   0.577255E-03   0.392868E-01   0.404978E-02   0.400000E-03
 645  -0.137739E-03   0.636078E-04   0.417196E-01   0.382708E-02   0.200000E-03
 646   0.823689E-03   0.155078E-02   0.407651E-01   0.327646E-02   0.150000E-03
 647  -0.563825E-03  -0.618513E-03   0.425661E-01   0.298768E-02   0.200000E-03
 648  -0.617927E-03  -0.200250E-03   0.448050E-01   0.355091E-02   0.200000E-03
 649   0.180323E-03  -0.427884E-03   0.714102E-03   0.487879E-02   0.200000E-03
 650   0.164016E-03   0.168267E-03   0.267064E-02   0.500579E-02   0.350000E-03
 651   0.577012E-03   0.567712E-04   0.320335E-02   0.396856E-02   0.300000E-03
 652   0.534418E-04  -0.341091E-03   0.457463E-02   0.488980E-02   0.200000E-03
 653   0.275765E-03   0.195536E-03   0.656662E-02   0.494138E-02   0.150000E-03
 654   0.403814E-03   0.152235E-03   0.744929E-02   0.525824E-02   0.400000E-03
 655   0.486304E-03  -0.105195E-03   0.876861E-02   0.577627E-02   0.350000E-03
 656   0.473028E-03  -0.166388E-03   0.935693E-02   0.588893E-02   0.250000E-03
 657   0.745918E-03   0.163182E-04   0.104796E-01   0.592753E-02   0.300000E-03
 658   0.478758E-03  -0.110296E-03   0.119818E-01   0.512748E-02   0.350000E-03
 659   0.426175E-03   0.307584E-04   0.131580E-01   0.545723E-02   0.250000E-03
 660   0.904334E-03   0.464912E-04   0.136245E-01   0.618535E-02   0.400000E-03
 661   0.639363E-03  -0.287808E-03   0.150011E-01   0.625606E-02   0.300000E-03
 662   0.794883E-03   0.133279E-03   0.163415E-01   0.642758E-02   0.300000E-03
 663   0.102252E-02  -0.147124E-03   0.166299E-01   0.596297E-02   0.250000E-03
 664   0.944183E-03   0.146631E-03   0.177664E-01   0.653087E-02   0.250000E-03
 665   0.116501E-02   0.136580E-03   0.200416E-01   0.625810E-02   0.300000E-03
 666   0.917948E-03  -0.476018E-04   0.212819E-01   0.634123E-02   0.300000E-03
 667   0.888695E-03   0.383636E-03   0.223880E-01   0.575519E-02   0.300000E-03
 668   0.838980E-03   0.876913E-04   0.234238E-01   0.533178E-02   0.300000E-03
 669   0.841062E-03   0.185520E-03   0.248886E-01   0.473592E-02   0.100000E-03
 670   0.103417E-02   0.544703E-03   0.264023E-01   0.487798E-02   0.200000E-03
 671   0.392149E-03   0.198399E-03   0.285289E-01   0.530571E-02   0.200000E-03
 672   0.748197E-03   0.387515E-03   0.281290E-01   0.510674E-02   0.250000E-03
 673   0.836171E-03   0.640065E-03   0.310261E-01   0.558728E-02   0.350000E-03
 674   0.168964E-02  -0.528993E-04   0.315435E-01   0.511919E-02   0.350000E-03
 675   0.132301E-02   0.972008E-04   0.324982E-01   0.425723E-02   0.250000E-03
 676   0.133122E-02   0.216071E-03   0.347826E-01   0.478434E-02   0.250000E-03
 677   0.865185E-03   0.220540E-03   0.369670E-01   0.598357E-02   0.400000E-03
 678   0.821741E-03   0.265824E-03   0.374267E-01   0.537678E-02   0.250000E-03
 679  -0.806216E-03   0.125862E-02   0.390893E-01   0.541900E-02   0.200000E-03
 680  -0.587168E-03   0.502099E-03   0.392590E-01   0.489710E-02   0.350000E-03
 681  -0.136398E-03   0.698062E-03   0.410865E-01   0.387276E-02   0.250000E-03
 682  -0.621802E-03  -0.347926E-04   0.421311E-01   0.340096E-02   0.250000E-03
 683  -0.810398E-03   0.170774E-03   0.440180E-01   0.454459E-02   0.500000E-03
 684  -0.983868E-03  -0.356082E-03   0.440396E-01   0.339185E-02   0.300000E-03
 685   0.753559E-03  -0.247783E-03   0.349576E-03   0.724012E-02   0.350000E-03
 686   0.425474E-03   0.162620E-03   0.332802E-02   0.557777E-02   0.350000E-03
 687   0.480274E-03   0.173969E-03   0.331509E-02   0.493067E-02   0.300000E-03
 688   0.221305E-03  -0.435348E-03   0.501552E-02   0.481414E-02   0.250000E-03
 689   0.136406E-03   0.142713E-04   0.706103E-02   0.480195E-02   0.200000E-03
 690   0.443572E-03   0.140018E-04   0.759778E-02   0.598786E-02   0.350000E-03
 691   0.448627E-03   0.101546E-03   0.877872E-02   0.647512E-02   0.350000E-03
 692   0.539540E-03   0.954188E-05   0.989922E-02   0.624136E-02   0.300000E-03
 693   0.782817E-03   0.132029E-03   0.103985E-01   0.646782E-02   0.250000E-03
 694   0.520093E-03   0.137284E-05   0.111197E-01   0.583267E-02   0.350000E-03
 695   0.440831E-03  -0.756925E-04   0.128996E-01   0.599697E-02   0.350000E-03
 696   0.553838E-03  -0.151684E-03   0.146204E-01   0.718030E-02   0.250000E-03
 697   0.862774E-03  -0.116497E-03   0.143310E-01   0.659853E-02   0.400000E-03
 698   0.838733E-03  -0.692215E-03   0.156392E-01   0.654355E-02   0.400000E-03
 699   0.920002E-03   0.186068E-03   0.170707E-01   0.658353E-02   0.450000E-03
 700   0.931176E-03  -0.232246E-03   0.182298E-01   0.682432E-02   0.300000E-03
 701   0.840216E-03   0.366694E-03   0.195679E-01   0.662204E-02   0.300000E-03
 702   0.121040E-02   0.498830E-04   0.204528E-01   0.682385E-02   0.400000E-03
 703   0.117680E-02   0.397767E-03   0.230639E-01   0.593565E-02   0.400000E-03
 704   0.829238E-03   0.528459E-03   0.241797E-01   0.552313E-02   0.400000E-03
 705   0.102550E-02   0.398938E-03   0.251678E-01   0.500042E-02   0.250000E-03
 706   0.120088E-02   0.493743E-03   0.259815E-01   0.503647E-02   0.250000E-03
 707   0.815636E-03   0.482334E-03   0.269853E-01   0.507853E-02   0.400000E-03
 708   0.830539E-03   0.364224E-03   0.298871E-01   0.542241E-02   0.250000E-03
 709   0.136192E-02   0.258301E-03   0.320738E-01   0.526230E-02   0.200000E-03
 710   0.130195E-02   0.980393E-04   0.326346E-01   0.501229E-02   0.250000E-03
 711   0.111971E-02   0.118923E-03   0.337212E-01   0.461132E-02   0.350000E-03
 712   0.122209E-02   0.519798E-04   0.351306E-01   0.520907E-02   0.300000E-03
 713   0.645093E-03   0.181632E-03   0.381560E-01   0.636423E-02   0.350000E-03
 714   0.232976E-03  -0.120609E-03   0.379291E-01   0.569971E-02   0.350000E-03
 715   0.256689E-03   0.491927E-03   0.388190E-01   0.563785E-02   0.150000E-03
 716  -0.425374E-03   0.498117E-03   0.397239E-01   0.452774E-02   0.250000E-03
 717  -0.756178E-03   0.744690E-03   0.400599E-01   0.365842E-02   0.150000E-03
 718  -0.615412E-03  -0.365354E-04   0.421635E-01   0.389853E-02   0.250000E-03
 719   0.145300E-03  -0.494960E-04   0.448010E-01   0.544323E-02   0.200000E-03
 720  -0.822981E-03   0.125690E-02   0.434033E-01   0.727269E-02   0.350000E-03
 721   0.366440E-04   0.285091E-05   0.215261E-02   0.401978E-02   0.200000E-03
 722   0.432372E-03   0.132761E-03   0.202745E-02   0.509376E-02   0.300000E-03
 723   0.522585E-03   0.654842E-04   0.425320E-02   0.458113E-02   0.250000E-03
 724   0.518071E-03  -0.216775E-03   0.602279E-02   0.485928E-02   0.400000E-03
 725   0.570512E-04   0.467960E-04   0.691736E-02   0.512045E-02   0.150000E-03
 726   0.510217E-03  -0.301034E-03   0.651197E-02   0.548858E-02   0.400000E-03
 727   0.326758E-03  -0.315013E-05   0.822833E-02   0.613667E-02   0.300000E-03
 728   0.505210E-03   0.415048E-04   0.937064E-02   0.638730E-02   0.250000E-03
 729   0.596568E-03   0.973011E-04   0.971309E-02   0.681658E-02   0.300000E-03
 730   0.342713E-03  -0.251748E-03   0.123535E-01   0.559816E-02   0.250000E-03
 731   0.723189E-03  -0.169504E-03   0.122285E-01   0.619144E-02   0.350000E-03
 732   0.824738E-03  -0.466724E-05   0.131213E-01   0.659568E-02   0.250000E-03
 733   0.638906E-03  -0.210017E-03   0.149464E-01   0.680191E-02   0.250000E-03
 734   0.937949E-03  -0.237118E-03   0.161510E-01   0.688353E-02   0.200000E-03
 735   0.826156E-03  -0.180793E-03   0.176554E-01   0.712774E-02   0.350000E-03
 736   0.904825E-03   0.156347E-03   0.191422E-01   0.720519E-02   0.400000E-03
 737   0.777678E-03   0.255089E-03   0.198386E-01   0.715577E-02   0.300000E-03
 738   0.935417E-03   0.134100E-03   0.215255E-01   0.699489E-02   0.400000E-03
 739   0.958167E-03   0.296097E-03   0.224726E-01   0.639479E-02   0.350000E-03
 740   0.105527E-02   0.339848E-03   0.237799E-01   0.615392E-02   0.350000E-03
 741   0.108939E-02   0.226219E-03   0.248326E-01   0.560329E-02   0.250000E-03
 742   0.100871E-02   0.351133E-03   0.263892E-01   0.532684E-02   0.250000E-03
 743   0.414807E-03   0.416046E-03   0.276313E-01   0.514074E-02   0.250000E-03
 744   0.263078E-03   0.276620E-03   0.289061E-01   0.518036E-02   0.200000E-03
 745   0.177617E-02   0.373557E-03   0.316108E-01   0.571490E-02   0.250000E-03
 746   0.125453E-02   0.201609E-03   0.328022E-01   0.558833E-02   0.350000E-03
 747   0.118476E-02   0.429483E-03   0.332775E-01   0.514772E-02   0.300000E-03
 748   0.133129E-02  -0.415031E-04   0.356788E-01   0.485838E-02   0.350000E-03
 749   0.564131E-03   0.381308E-03   0.363131E-01   0.545523E-02   0.300000E-03
 750   0.761457E-03   0.972012E-04   0.385014E-01   0.587542E-02   0.250000E-03
 751  -0.163025E-03   0.194938E-03   0.391545E-01   0.593118E-02   0.300000E-03
 752  -0.116380E-03   0.329385E-03   0.401769E-01   0.422652E-02   0.300000E-03
 753   0.507932E-03   0.926604E-04   0.407011E-01   0.298397E-02   0.150000E-03
 754  -0.103316E-02   0.365917E-03   0.418868E-01   0.418480E-02   0.150000E-03
 755  -0.760023E-03   0.187415E-03   0.425413E-01   0.414803E-02   0.150000E-03
 756  -0.146125E-02   0.518552E-03   0.431048E-01   0.669563E-02   0.300000E-03
 757   0.270900E-03  -0.394921E-03   0.183962E-02   0.447162E-02   0.350000E-03
 758  -0.299497E-03   0.434244E-04   0.402081E-02   0.565225E-02   0.350000E-03
 759   0.461639E-03   0.143502E-03   0.390927E-02   0.500949E-02   0.300000E-03
 760   0.785549E-04   0.463224E-04   0.472434E-02   0.556504E-02   0.300000E-03
 761   0.500396E-03  -0.146808E-03   0.538866E-02   0.534512E-02   0.400000E-03
 762   0.390673E-03  -0.269660E-03   0.588759E-02   0.590158E-02   0.350000E-03
 763   0.632479E-03  -0.281203E-04   0.687895E-02   0.619638E-02   0.400000E-03
 764   0.360100E-03  -0.503558E-04   0.815435E-02   0.673184E-02   0.300000E-03
 765   0.416637E-03  -0.432050E-04   0.115517E-01   0.637751E-02   0.350000E-03
 766   0.694642E-03  -0.133115E-03   0.117626E-01   0.573933E-02   0.300000E-03
 767   0.597667E-03  -0.574192E-04   0.126820E-01   0.650119E-02   0.200000E-03
 768   0.891632E-03  -0.794355E-04   0.137248E-01   0.682590E-02   0.250000E-03
 769   0.654548E-03  -0.111691E-03   0.152429E-01   0.732277E-02   0.350000E-03
 770   0.941418E-03  -0.207380E-03   0.158274E-01   0.719459E-02   0.250000E-03
 771   0.565591E-03  -0.167160E-03   0.165525E-01   0.676691E-02   0.100000E-03
 772   0.113688E-02   0.122298E-03   0.185022E-01   0.729815E-02   0.250000E-03
 773   0.713001E-03   0.152661E-03   0.202311E-01   0.773437E-02   0.400000E-03
 774   0.116912E-02  -0.416879E-04   0.209078E-01   0.741570E-02   0.350000E-03
 775   0.112306E-02   0.322850E-03   0.233173E-01   0.653362E-02   0.250000E-03
 776   0.106264E-02  -0.634482E-05   0.249329E-01   0.604141E-02   0.200000E-03
 777   0.975885E-03   0.378087E-03   0.255819E-01   0.483056E-02   0.200000E-03
 778   0.116851E-02   0.202594E-03   0.259725E-01   0.548499E-02   0.200000E-03
 779   0.608443E-03   0.694119E-03   0.279130E-01   0.561173E-02   0.300000E-03
 780   0.748075E-03   0.123245E-03   0.294187E-01   0.580960E-02   0.350000E-03
 781   0.899976E-03   0.534512E-03   0.307243E-01   0.604647E-02   0.200000E-03
 782   0.137541E-02   0.337732E-03   0.321584E-01   0.575461E-02   0.300000E-03
 783   0.112613E-02   0.427575E-03   0.339120E-01   0.528311E-02   0.350000E-03
 784   0.136124E-02   0.408360E-03   0.344606E-01   0.522639E-02   0.200000E-03
 785   0.152425E-02   0.204240E-03   0.356758E-01   0.555800E-02   0.350000E-03
 786  -0.265115E-04  -0.637556E-04   0.375822E-01   0.619169E-02   0.250000E-03
 787  -0.356189E-03   0.200228E-03   0.397184E-01   0.613078E-02   0.300000E-03
 788  -0.171823E-03   0.118726E-02   0.396335E-01   0.548705E-02   0.350000E-03
 789  -0.355803E-03   0.592319E-03   0.405520E-01   0.376192E-02   0.300000E-03
 790  -0.516148E-03   0.295740E-03   0.414502E-01   0.427909E-02   0.300000E-03
 791  -0.100661E-02  -0.245829E-03   0.430961E-01   0.434798E-02   0.350000E-03
 792  -0.132932E-02   0.284870E-03   0.438695E-01   0.517708E-02   0.150000E-03
 793   0.750105E-04   0.578239E-04   0.284117E-02   0.547292E-02   0.150000E-03
 794   0.940502E-04   0.197151E-03   0.245234E-02   0.545194E-02   0.150000E-03
 795  -0.108551E-03  -0.131909E-03   0.436011E-02   0.522326E-02   0.200000E-03
 796   0.110858E-04   0.462657E-03   0.266617E-02   0.646357E-02   0.300000E-03
 797  -0.296884E-03   0.292572E-04   0.449440E-02   0.623240E-02   0.400000E-03
 798   0.564228E-03  -0.318749E-03   0.515555E-02   0.600406E-02   0.300000E-03
 799   0.464662E-03   0.154490E-04   0.750658E-02   0.667880E-02   0.350000E-03
 800   0.462406E-03   0.425075E-03   0.883080E-02   0.707185E-02   0.250000E-03
 801   0.641164E-03  -0.225856E-04   0.108147E-01   0.674096E-02   0.250000E-03
 802   0.472720E-03  -0.846656E-04   0.112823E-01   0.691252E-02   0.250000E-03
 803   0.617331E-03   0.670970E-04   0.120159E-01   0.675143E-02   0.250000E-03
 804   0.672400E-03   0.101311E-03   0.132656E-01   0.712626E-02   0.300000E-03
 805   0.824093E-03  -0.186310E-03   0.140752E-01   0.724949E-02   0.300000E-03
 806   0.103246E-02   0.655995E-05   0.157011E-01   0.762533E-02   0.200000E-03
 807   0.107253E-02   0.900644E-04   0.180746E-01   0.755663E-02   0.250000E-03
 808   0.883606E-03  -0.305741E-03   0.191631E-01   0.805430E-02   0.450000E-03
 809   0.124606E-02   0.230679E-04   0.214920E-01   0.769702E-02   0.300000E-03
 810   0.103354E-02   0.233941E-03   0.222239E-01   0.698971E-02   0.300000E-03
 811   0.107613E-02   0.633231E-04   0.238203E-01   0.680052E-02   0.300000E-03
 812   0.695358E-03   0.198889E-04   0.244488E-01   0.616874E-02   0.300000E-03
 813   0.935688E-03   0.206825E-03   0.254282E-01   0.553606E-02   0.350000E-03
 814   0.550387E-03   0.268876E-03   0.273916E-01   0.551846E-02   0.200000E-03
 815   0.392264E-03   0.156173E-03   0.286733E-01   0.588588E-02   0.400000E-03
 816   0.747839E-03   0.355130E-03   0.311919E-01   0.610900E-02   0.200000E-03
 817   0.363762E-03   0.399731E-03   0.302305E-01   0.629703E-02   0.300000E-03
 818   0.130070E-02   0.256116E-03   0.325690E-01   0.619108E-02   0.300000E-03
 819   0.121731E-02   0.213413E-03   0.334373E-01   0.572566E-02   0.300000E-03
 820   0.112328E-02   0.110606E-03   0.347242E-01   0.564935E-02   0.300000E-03
 821   0.618632E-03  -0.502829E-06   0.362404E-01   0.604794E-02   0.300000E-03
 822   0.933041E-03   0.690005E-04   0.378337E-01   0.692842E-02   0.300000E-03
 823   0.155751E-04   0.162886E-04   0.387534E-01   0.630694E-02   0.250000E-03
 824  -0.287343E-03   0.604472E-03   0.408146E-01   0.555198E-02   0.350000E-03
 825  -0.157348E-03   0.735058E-03   0.402543E-01   0.498224E-02   0.450000E-03
 826   0.150894E-04   0.405285E-03   0.408024E-01   0.440043E-02   0.350000E-03
 827  -0.572245E-03   0.311262E-03   0.422268E-01   0.439410E-02   0.250000E-03
 828  -0.441321E-03   0.613340E-03   0.402830E-01   0.691902E-02   0.350000E-03
 829   0.391847E-04   0.150366E-03   0.262620E-02   0.586616E-02   0.300000E-03
 830  -0.145813E-03  -0.251580E-02   0.299992E-03   0.520199E-02   0.300000E-03
 831  -0.124491E-03  -0.237206E-02   0.312857E-03   0.570105E-02   0.200000E-03
 832   0.392774E-03   0.345234E-03   0.310546E-02   0.613352E-02   0.250000E-03
 833   0.318665E-03   0.210387E-03   0.327683E-02   0.665444E-02   0.300000E-03
 834   0.477246E-03   0.474498E-03   0.508914E-02   0.659984E-02   0.300000E-03
 835   0.623968E-03  -0.114680E-03   0.573114E-02   0.678588E-02   0.300000E-03
 836   0.461572E-03  -0.332087E-04   0.755028E-02   0.737540E-02   0.350000E-03
 837   0.641201E-03  -0.788628E-04   0.108192E-01   0.629214E-02   0.200000E-03
 838   0.628196E-03  -0.245932E-05   0.117490E-01   0.728814E-02   0.350000E-03
 839   0.609755E-03   0.144326E-03   0.125685E-01   0.708989E-02   0.400000E-03
 840   0.557183E-03  -0.575950E-04   0.141483E-01   0.786580E-02   0.300000E-03
 841   0.568102E-03  -0.384631E-04   0.147292E-01   0.771896E-02   0.300000E-03
 842   0.915767E-03  -0.223307E-03   0.170598E-01   0.738574E-02   0.300000E-03
 843   0.111799E-02  -0.207860E-03   0.185137E-01   0.779521E-02   0.250000E-03
 844   0.789670E-03   0.406376E-04   0.198614E-01   0.832761E-02   0.300000E-03
 845   0.118529E-02   0.185052E-04   0.208939E-01   0.811409E-02   0.350000E-03
 846   0.987530E-03   0.153635E-03   0.219998E-01   0.749030E-02   0.250000E-03
 847   0.946948E-03   0.101625E-03   0.232928E-01   0.708266E-02   0.300000E-03
 848   0.915742E-03   0.514633E-04   0.245152E-01   0.687420E-02   0.400000E-03
 849   0.897567E-03  -0.872950E-04   0.254487E-01   0.623194E-02   0.350000E-03
 850   0.709477E-03   0.635412E-03   0.267466E-01   0.562523E-02   0.200000E-03
 851   0.873735E-03  -0.743204E-04   0.266298E-01   0.610861E-02   0.300000E-03
 852   0.829109E-03   0.126221E-03   0.299178E-01   0.582084E-02   0.150000E-03
 853   0.182152E-02   0.660267E-03   0.317032E-01   0.630675E-02   0.350000E-03
 854   0.134697E-02   0.361218E-03   0.327851E-01   0.680288E-02   0.350000E-03
 855   0.120421E-02   0.242581E-03   0.331649E-01   0.625988E-02   0.300000E-03
 856   0.100008E-02   0.154158E-03   0.341209E-01   0.600066E-02   0.400000E-03
 857   0.147064E-02   0.415375E-03   0.352111E-01   0.607812E-02   0.350000E-03
 858   0.787136E-03   0.338407E-03   0.365629E-01   0.655285E-02   0.300000E-03
 859  -0.242505E-03   0.181239E-03   0.392820E-01   0.646493E-02   0.250000E-03
 860  -0.801400E-03   0.838156E-03   0.402092E-01   0.578487E-02   0.300000E-03
 861  -0.756251E-03   0.598029E-03   0.415121E-01   0.556641E-02   0.350000E-03
 862  -0.110088E-03   0.107443E-03   0.409755E-01   0.497436E-02   0.250000E-03
 863  -0.890999E-03   0.261391E-03   0.432719E-01   0.512746E-02   0.450000E-03
 864  -0.209548E-03   0.788084E-03   0.445506E-01   0.604167E-02   0.450000E-03
 865   0.446883E-03   0.101473E-03   0.137982E-02   0.504768E-02   0.350000E-03
 866   0.701011E-03   0.442516E-03   0.171149E-02   0.548115E-02   0.200000E-03
 867  -0.899159E-04   0.406440E-03   0.204974E-02   0.626056E-02   0.350000E-03
 868  -0.240219E-03   0.169562E-04   0.365563E-02   0.618956E-02   0.300000E-03
 869   0.268387E-03   0.654861E-04   0.334214E-02   0.719771E-02   0.250000E-03
 870   0.567650E-03  -0.306058E-05   0.622981E-02   0.645270E-02   0.300000E-03
 871   0.650071E-03  -0.622097E-04   0.689412E-02   0.689507E-02   0.300000E-03
 872   0.445086E-03   0.998615E-04   0.921353E-02   0.680841E-02   0.200000E-03
 873   0.759856E-03   0.144162E-03   0.102831E-01   0.700282E-02   0.300000E-03
 874   0.643565E-03   0.164789E-03   0.117013E-01   0.796512E-02   0.300000E-03
 875   0.633525E-03   0.140683E-04   0.122435E-01   0.770831E-02   0.300000E-03
 876   0.589032E-03  -0.674037E-05   0.136039E-01   0.761877E-02   0.300000E-03
 877   0.509374E-03   0.257590E-03   0.146509E-01   0.831225E-02   0.300000E-03
 878   0.119234E-02   0.153071E-03   0.164110E-01   0.736567E-02   0.350000E-03
 879   0.875425E-03  -0.430589E-03   0.175098E-01   0.770766E-02   0.250000E-03
 880   0.843246E-03  -0.525207E-03   0.176606E-01   0.823559E-02   0.300000E-03
 881   0.979780E-03   0.130741E-03   0.219884E-01   0.803949E-02   0.300000E-03
 882   0.954014E-03   0.133908E-03   0.227485E-01   0.714988E-02   0.250000E-03
 883   0.100602E-02   0.345024E-03   0.229248E-01   0.660506E-02   0.150000E-03
 884   0.100992E-02  -0.280567E-03   0.240047E-01   0.742259E-02   0.350000E-03
 885   0.117145E-02   0.109801E-02   0.261273E-01   0.736930E-02   0.400000E-03
 886   0.111124E-02  -0.200335E-03   0.260454E-01   0.597780E-02   0.300000E-03
 887   0.383924E-03   0.244637E-03   0.285587E-01   0.662525E-02   0.350000E-03
 888   0.809972E-03   0.455584E-03   0.295437E-01   0.659777E-02   0.450000E-03
 889   0.799684E-03   0.180571E-03   0.308788E-01   0.667768E-02   0.450000E-03
 890   0.128579E-02   0.316912E-03   0.322181E-01   0.661118E-02   0.250000E-03
 891   0.157131E-02  -0.782048E-03   0.337297E-01   0.663855E-02   0.350000E-03
 892   0.132461E-02   0.538514E-03   0.346622E-01   0.658755E-02   0.400000E-03
 893   0.631653E-03  -0.888094E-04   0.357662E-01   0.641422E-02   0.300000E-03
 894   0.603716E-03   0.145523E-03   0.385887E-01   0.677876E-02   0.250000E-03
 895  -0.213623E-03   0.906965E-04   0.390993E-01   0.698279E-02   0.300000E-03
 896  -0.736773E-03   0.336991E-04   0.419099E-01   0.694626E-02   0.300000E-03
 897  -0.412200E-03   0.712678E-03   0.424640E-01   0.660259E-02   0.350000E-03
 898  -0.129072E-02  -0.868915E-04   0.426172E-01   0.461638E-02   0.200000E-03
 899  -0.646750E-03   0.226203E-03   0.424773E-01   0.518390E-02   0.350000E-03
 900  -0.352743E-03   0.668075E-03   0.438291E-01   0.569754E-02   0.350000E-03
 901   0.303590E-03   0.612967E-03   0.129177E-02   0.563854E-02   0.250000E-03
 902   0.138022E-03   0.262979E-03   0.306759E-02   0.761505E-02   0.250000E-03
 903  -0.178130E-04   0.868543E-04   0.211698E-02   0.566559E-02   0.250000E-03
 904  -0.462591E-04   0.170933E-04   0.274926E-02   0.710679E-02   0.350000E-03
 905  -0.336945E-03   0.707971E-04   0.398181E-02   0.690969E-02   0.450000E-03
 906   0.306344E-03   0.124917E-03   0.584458E-02   0.732849E-02   0.250000E-03
 907   0.511168E-03  -0.369734E-03   0.553786E-02   0.632516E-02   0.200000E-03
 908   0.442561E-03   0.206087E-03   0.883421E-02   0.762100E-02   0.300000E-03
 909   0.436838E-03   0.798010E-04   0.933651E-02   0.729239E-02   0.300000E-03
 910   0.636743E-03   0.244536E-03   0.101231E-01   0.804495E-02   0.300000E-03
 911   0.546298E-03   0.876422E-04   0.112620E-01   0.763580E-02   0.250000E-03
 912   0.685284E-03   0.352365E-03   0.151263E-01   0.858693E-02   0.250000E-03
 913   0.674494E-03   0.371272E-03   0.153173E-01   0.801841E-02   0.350000E-03
 914   0.118359E-02   0.137865E-03   0.161290E-01   0.811337E-02   0.450000E-03
 915   0.950788E-03  -0.494474E-03   0.169781E-01   0.808078E-02   0.400000E-03
 916   0.104042E-02   0.140201E-03   0.204167E-01   0.855322E-02   0.300000E-03
 917   0.115287E-02   0.155606E-04   0.199932E-01   0.897694E-02   0.300000E-03
 918   0.935657E-03   0.192636E-03   0.225551E-01   0.771697E-02   0.350000E-03
 919   0.921997E-03   0.746056E-03   0.232552E-01   0.773125E-02   0.350000E-03
 920   0.103085E-02   0.199350E-03   0.248457E-01   0.637985E-02   0.150000E-03
 921   0.963060E-03   0.694518E-04   0.234323E-01   0.845651E-02   0.350000E-03
 922   0.108758E-02   0.613405E-03   0.260268E-01   0.662642E-02   0.350000E-03
 923   0.595643E-03   0.331404E-03   0.279613E-01   0.625898E-02   0.350000E-03
 924   0.698460E-03   0.744390E-03   0.289838E-01   0.730219E-02   0.450000E-03
 925   0.828960E-03   0.312311E-03   0.310847E-01   0.745015E-02   0.350000E-03
 926   0.153695E-02   0.821133E-03   0.315800E-01   0.694381E-02   0.300000E-03
 927   0.806330E-03   0.256293E-03   0.336415E-01   0.719668E-02   0.200000E-03
 928   0.109630E-02   0.585450E-03   0.341699E-01   0.649726E-02   0.100000E-03
 929   0.819118E-03   0.254831E-04   0.372313E-01   0.668482E-02   0.350000E-03
 930  -0.168251E-02   0.395433E-03   0.412124E-01   0.662963E-02   0.300000E-03
 931  -0.688504E-03   0.499266E-03   0.411824E-01   0.606330E-02   0.250000E-03
 932  -0.384187E-03   0.189958E-03   0.397332E-01   0.667973E-02   0.250000E-03
 933  -0.765045E-03   0.520463E-03   0.418027E-01   0.625492E-02   0.400000E-03
 934  -0.737948E-03   0.788650E-03   0.412408E-01   0.467616E-02   0.150000E-03
 935  -0.534707E-03   0.189386E-03   0.417957E-01   0.487938E-02   0.400000E-03
 936  -0.848695E-03   0.524831E-03   0.433621E-01   0.614939E-02   0.300000E-03
 937  -0.606317E-03   0.407303E-03   0.104278E-02   0.714638E-02   0.350000E-03
 938  -0.206978E-03   0.977091E-03   0.298595E-03   0.620030E-02   0.300000E-03
 939   0.324822E-03   0.154903E-03   0.368928E-02   0.768445E-02   0.350000E-03
 940   0.325029E-03   0.634493E-03   0.788400E-03   0.585565E-02   0.300000E-03
 941   0.754325E-04   0.131825E-03   0.167755E-02   0.685238E-02   0.350000E-03
 942   0.311557E-03   0.158017E-03   0.453866E-02   0.768416E-02   0.500000E-03
 943   0.358942E-03   0.147999E-03   0.525470E-02   0.722764E-02   0.350000E-03
 944   0.561197E-03  -0.445651E-04   0.631389E-02   0.704486E-02   0.300000E-03
 945   0.609569E-03   0.133545E-03   0.108370E-01   0.728927E-02   0.300000E-03
 946  -0.276816E-03  -0.145556E-03   0.986200E-02   0.745137E-02   0.250000E-03
 947   0.780424E-03   0.415691E-04   0.129442E-01   0.797317E-02   0.450000E-03
 948   0.685497E-03   0.194538E-03   0.125637E-01   0.856013E-02   0.250000E-03
 949   0.961096E-03   0.410166E-03   0.156639E-01   0.870095E-02   0.300000E-03
 950   0.749664E-03   0.178842E-03   0.139929E-01   0.854907E-02   0.400000E-03
 951   0.994712E-03  -0.132228E-03   0.166182E-01   0.868109E-02   0.300000E-03
 952   0.888063E-03  -0.618626E-03   0.182084E-01   0.819037E-02   0.250000E-03
 953   0.960477E-03  -0.551188E-03   0.211122E-01   0.867249E-02   0.250000E-03
 954   0.937482E-03   0.702862E-04   0.225899E-01   0.856609E-02   0.500000E-03
 955   0.831185E-03   0.214063E-03   0.238042E-01   0.798708E-02   0.250000E-03
 956   0.128561E-02   0.438556E-03   0.255710E-01   0.701478E-02   0.250000E-03
 957   0.497571E-03   0.147712E-03   0.272052E-01   0.725062E-02   0.350000E-03
 958   0.929433E-03   0.584895E-03   0.267149E-01   0.675142E-02   0.350000E-03
 959   0.616593E-03  -0.495482E-04   0.272772E-01   0.605390E-02   0.350000E-03
 960   0.399982E-03   0.272119E-03   0.301995E-01   0.684468E-02   0.250000E-03
 961   0.127093E-02   0.146453E-03   0.321342E-01   0.795456E-02   0.400000E-03
 962   0.143832E-02   0.326383E-03   0.316831E-01   0.748334E-02   0.250000E-03
 963   0.491695E-03   0.712066E-04   0.333042E-01   0.698273E-02   0.200000E-03
 964   0.306609E-03   0.197179E-03   0.353228E-01   0.681691E-02   0.300000E-03
 965   0.885924E-03   0.254112E-03   0.361010E-01   0.685021E-02   0.250000E-03
 966   0.732570E-03   0.116338E-03   0.367206E-01   0.723389E-02   0.400000E-03
 967  -0.256570E-03   0.305891E-03   0.406419E-01   0.631892E-02   0.350000E-03
 968  -0.808233E-03   0.161503E-03   0.401533E-01   0.623113E-02   0.150000E-03
 969  -0.100574E-02   0.291002E-03   0.447510E-01   0.710438E-02   0.250000E-03
 970  -0.543016E-03   0.589988E-03   0.442474E-01   0.678030E-02   0.350000E-03
 971  -0.414735E-03   0.695429E-03   0.427101E-01   0.589509E-02   0.400000E-03
 972  -0.318237E-03   0.595281E-03   0.436515E-01   0.672652E-02   0.250000E-03
 973   0.355910E-03   0.147564E-03   0.840128E-03   0.530863E-02   0.250000E-03
 974   0.312124E-03   0.141905E-03   0.399503E-02   0.820053E-02   0.250000E-03
 975   0.275240E-03   0.415050E-03   0.135056E-02   0.623387E-02   0.350000E-03
 976  -0.435247E-03   0.808752E-03   0.783846E-03   0.655055E-02   0.300000E-03
 977   0.384693E-03   0.973995E-04   0.727427E-02   0.790724E-02   0.250000E-03
 978   0.628293E-03   0.533973E-04   0.691148E-02   0.749425E-02   0.300000E-03
 979   0.560888E-03   0.649036E-04   0.637046E-02   0.759072E-02   0.250000E-03
 980   0.708241E-03   0.134978E-03   0.816078E-02   0.780918E-02   0.400000E-03
 981   0.727131E-03   0.649729E-04   0.103520E-01   0.754634E-02   0.250000E-03
 982   0.513957E-03   0.260637E-03   0.937907E-02   0.813548E-02   0.450000E-03
 983   0.606085E-03   0.138013E-03   0.121699E-01   0.825278E-02   0.250000E-03
 984   0.654504E-03   0.292350E-04   0.107694E-01   0.797635E-02   0.350000E-03
 985   0.594018E-03   0.216434E-04   0.135778E-01   0.811688E-02   0.200000E-03
 986   0.116418E-02  -0.291547E-03   0.189963E-01   0.915659E-02   0.300000E-03
 987   0.100823E-02  -0.491195E-03   0.186119E-01   0.863307E-02   0.350000E-03
 988   0.920796E-03  -0.757551E-04   0.194377E-01   0.875056E-02   0.300000E-03
 989   0.957030E-03   0.149926E-03   0.195417E-01   0.928972E-02   0.250000E-03
 990   0.124878E-02   0.282913E-04   0.214789E-01   0.824609E-02   0.250000E-03
 991   0.856573E-03  -0.409911E-03   0.246264E-01   0.774331E-02   0.350000E-03
 992   0.691694E-03   0.550630E-03   0.250938E-01   0.729229E-02   0.300000E-03
 993   0.745274E-03   0.969801E-04   0.251499E-01   0.674612E-02   0.250000E-03
 994   0.677802E-03   0.475033E-03   0.273522E-01   0.664785E-02   0.250000E-03
 995   0.589784E-03   0.120168E-03   0.279141E-01   0.700690E-02   0.400000E-03
 996   0.812003E-03   0.140514E-03   0.304450E-01   0.733505E-02   0.300000E-03
 997   0.856930E-03   0.465969E-03   0.298670E-01   0.721798E-02   0.250000E-03
 998   0.125526E-02   0.404094E-03   0.322162E-01   0.720994E-02   0.350000E-03
 999   0.909009E-03   0.209684E-04   0.330397E-01   0.734566E-02   0.250000E-03
1000   0.157979E-02   0.209112E-03   0.341904E-01   0.716834E-02   0.350000E-03
