   1  -0.122883E-02   0.153036E-03   0.112752E-01   0.845672E-02   0.350000E-03
   2  -0.504651E-03  -0.207584E-02   0.148841E-03   0.149708E-03   0.150000E-03
   3   0.273633E-02  -0.433258E-02   0.459389E-02   0.448035E-03   0.450000E-03
   4   0.183021E-02  -0.381172E-03   0.575357E-02   0.537858E-03   0.200000E-03
   5   0.179671E-02  -0.420714E-05   0.574154E-02   0.999900E-04   0.100000E-03
   6   0.151482E-02  -0.104083E-02   0.751481E-02   0.248681E-03   0.250000E-03
   7   0.207839E-02  -0.521397E-03   0.814575E-02   0.398773E-03   0.400000E-03
   8   0.119045E-02  -0.211352E-02   0.889227E-02   0.348844E-03   0.350000E-03
   9   0.958985E-03  -0.527469E-03   0.934892E-02   0.541988E-03   0.150000E-03
  10   0.233853E-02   0.950639E-03   0.118152E-01   0.292491E-03   0.300000E-03
  11   0.118605E-02  -0.765387E-03   0.130583E-01   0.348495E-03   0.350000E-03
  12  -0.117944E-02  -0.646377E-03   0.147924E-01   0.195605E-03   0.200000E-03
  13  -0.119661E-04  -0.523579E-03   0.169448E-01   0.345535E-03   0.350000E-03
  14   0.115490E-02   0.460408E-04   0.176436E-01   0.348252E-03   0.350000E-03
  15   0.801213E-03  -0.111591E-02   0.188578E-01   0.412657E-03   0.400000E-03
  16   0.115063E-02   0.218334E-03   0.196014E-01   0.346043E-03   0.350000E-03
  17   0.101003E-02  -0.110866E-02   0.205140E-01   0.339920E-03   0.350000E-03
  18   0.137663E-02   0.273566E-03   0.219760E-01   0.349227E-03   0.350000E-03
  19   0.969083E-03   0.168150E-03   0.225663E-01   0.246024E-03   0.250000E-03
  20   0.417785E-03   0.567133E-03   0.230657E-01   0.246701E-03   0.250000E-03
  21   0.136884E-02   0.953350E-04   0.244758E-01   0.249797E-03   0.250000E-03
  22  -0.116424E-03   0.831229E-03   0.257273E-01   0.199944E-03   0.200000E-03
  23   0.131516E-02   0.310728E-03   0.267521E-01   0.992303E-04   0.100000E-03
  24   0.818944E-03  -0.616602E-03   0.282145E-01   0.396936E-03   0.400000E-03
  25   0.116173E-02   0.646507E-03   0.297820E-01   0.412020E-03   0.400000E-03
  26  -0.404322E-03  -0.461988E-03   0.305226E-01   0.333498E-03   0.350000E-03
  27   0.120256E-02   0.110379E-02   0.318604E-01   0.297788E-03   0.300000E-03
  28   0.342757E-03   0.252331E-02   0.333164E-01   0.346194E-03   0.300000E-03
  29   0.458009E-03   0.125799E-02   0.355437E-01   0.444325E-03   0.450000E-03
  30   0.788166E-03  -0.566647E-03   0.374057E-01   0.346723E-03   0.350000E-03
  31   0.231012E-03  -0.103310E-02   0.379961E-01   0.248642E-03   0.250000E-03
  32   0.233896E-02  -0.217279E-02   0.401236E-01   0.197644E-03   0.200000E-03
  33  -0.231810E-03  -0.105341E-02   0.410136E-01   0.194416E-03   0.200000E-03
  34  -0.197316E-02  -0.174071E-02   0.446048E-01   0.879564E-03   0.400000E-03
  35  -0.146655E-02   0.554241E-03   0.446524E-01   0.192406E-02   0.350000E-03
  36   0.297955E-03  -0.274841E-03   0.864772E-02   0.830989E-02   0.300000E-03
  37  -0.189513E-02  -0.410338E-03   0.247314E-03   0.176770E-02   0.250000E-03
  38  -0.164794E-02   0.131295E-02   0.782430E-03   0.716494E-03   0.300000E-03
  39   0.288607E-03   0.710364E-03   0.269869E-02   0.398750E-03   0.400000E-03
  40  -0.125444E-02   0.648388E-03   0.618946E-02   0.299134E-03   0.300000E-03
  41  -0.274167E-02   0.186216E-03   0.688214E-02   0.391318E-03   0.400000E-03
  42   0.214179E-03  -0.108848E-02   0.730986E-02   0.999702E-03   0.350000E-03
  43   0.619237E-03  -0.745501E-03   0.861348E-02   0.935353E-03   0.300000E-03
  44   0.150947E-02  -0.568930E-03   0.939043E-02   0.938022E-03   0.250000E-03
  45   0.144366E-03  -0.284523E-04   0.999376E-02   0.496272E-03   0.500000E-03
  46  -0.335612E-03  -0.117968E-02   0.107831E-01   0.299997E-03   0.300000E-03
  47   0.153954E-02  -0.140927E-03   0.152590E-01   0.150151E-03   0.150000E-03
  48  -0.104423E-02  -0.104966E-02   0.158485E-01   0.446914E-03   0.450000E-03
  49   0.786755E-03  -0.193080E-03   0.165119E-01   0.887013E-03   0.350000E-03
  50   0.201922E-02  -0.284225E-03   0.182332E-01   0.245748E-03   0.250000E-03
  51   0.368720E-03  -0.303700E-03   0.193271E-01   0.871971E-03   0.250000E-03
  52   0.109686E-03  -0.760414E-03   0.200564E-01   0.147187E-03   0.150000E-03
  53   0.300500E-02  -0.138209E-03   0.205166E-01   0.101438E-02   0.200000E-03
  54   0.126143E-02  -0.598650E-04   0.211623E-01   0.297788E-03   0.300000E-03
  55   0.301744E-03  -0.210500E-03   0.233996E-01   0.999362E-04   0.100000E-03
  56   0.849452E-03   0.181695E-03   0.238428E-01   0.396297E-03   0.400000E-03
  57   0.158775E-02   0.143962E-03   0.245157E-01   0.920807E-03   0.400000E-03
  58   0.130990E-02   0.346565E-03   0.251092E-01   0.394947E-03   0.400000E-03
  59  -0.150093E-02  -0.697381E-03   0.270315E-01   0.207055E-03   0.200000E-03
  60   0.173458E-02  -0.136801E-03   0.275226E-01   0.295938E-03   0.300000E-03
  61   0.106233E-02   0.609711E-04   0.290967E-01   0.294531E-03   0.300000E-03
  62   0.170904E-02   0.593422E-03   0.312175E-01   0.348691E-03   0.350000E-03
  63   0.799866E-03   0.789433E-03   0.328474E-01   0.196643E-03   0.200000E-03
  64   0.102634E-02   0.134235E-02   0.347524E-01   0.346187E-03   0.350000E-03
  65   0.158979E-02   0.173598E-02   0.363203E-01   0.610472E-03   0.350000E-03
  66   0.192648E-02  -0.117010E-02   0.364400E-01   0.137393E-03   0.150000E-03
  67   0.125422E-02  -0.145469E-02   0.391407E-01   0.299286E-03   0.300000E-03
  68  -0.333310E-02   0.230739E-02   0.423031E-01   0.200156E-03   0.200000E-03
  69  -0.618151E-03  -0.176009E-02   0.438610E-01   0.826891E-03   0.350000E-03
  70   0.165285E-02   0.115289E-02   0.424001E-01   0.719695E-02   0.250000E-03
  71   0.181118E-02  -0.537568E-03   0.447016E-01   0.495429E-02   0.300000E-03
  72  -0.127859E-02  -0.323935E-02   0.447507E-01   0.248247E-03   0.250000E-03
  73   0.252328E-03   0.249787E-03   0.255974E-02   0.793936E-02   0.350000E-03
  74  -0.738971E-05  -0.585801E-03   0.121046E-02   0.298512E-03   0.300000E-03
  75  -0.901833E-04  -0.485490E-03   0.392876E-02   0.247914E-03   0.250000E-03
  76  -0.159368E-03   0.439287E-04   0.523152E-02   0.923136E-03   0.350000E-03
  77   0.162637E-03  -0.559686E-03   0.648107E-02   0.822481E-03   0.200000E-03
  78  -0.951695E-08  -0.491270E-03   0.666219E-02   0.134001E-02   0.350000E-03
  79   0.842421E-04  -0.675335E-03   0.799416E-02   0.113150E-02   0.350000E-03
  80   0.983700E-03  -0.596916E-03   0.903649E-02   0.128613E-02   0.250000E-03
  81   0.684693E-03   0.148217E-03   0.106987E-01   0.958936E-03   0.350000E-03
  82   0.125529E-02  -0.562169E-03   0.133008E-01   0.947497E-03   0.300000E-03
  83  -0.139702E-02  -0.130742E-03   0.137569E-01   0.346577E-03   0.350000E-03
  84   0.143350E-02  -0.462537E-03   0.143466E-01   0.243597E-03   0.250000E-03
  85  -0.126828E-02  -0.134676E-02   0.154395E-01   0.100915E-02   0.250000E-03
  86   0.106090E-02   0.175036E-03   0.172915E-01   0.106451E-02   0.450000E-03
  87   0.968659E-03  -0.680468E-03   0.188681E-01   0.106201E-02   0.250000E-03
  88   0.815898E-03  -0.580285E-03   0.200635E-01   0.802618E-03   0.300000E-03
  89   0.785191E-03   0.265725E-04   0.203114E-01   0.160572E-02   0.400000E-03
  90   0.125495E-02   0.731309E-03   0.214938E-01   0.853382E-03   0.350000E-03
  91   0.752935E-03   0.401170E-03   0.225873E-01   0.741822E-03   0.250000E-03
  92   0.818237E-03  -0.848045E-04   0.231790E-01   0.832487E-03   0.350000E-03
  93   0.256211E-03   0.767350E-03   0.238031E-01   0.114153E-02   0.350000E-03
  94   0.103947E-02   0.145491E-03   0.252334E-01   0.113305E-02   0.350000E-03
  95   0.109136E-02   0.919096E-03   0.273513E-01   0.919147E-03   0.350000E-03
  96   0.613182E-03   0.208168E-03   0.280523E-01   0.117818E-02   0.400000E-03
  97   0.104912E-02   0.149727E-03   0.294574E-01   0.973621E-03   0.250000E-03
  98   0.122837E-02  -0.500467E-04   0.303009E-01   0.108505E-02   0.450000E-03
  99   0.150727E-02   0.105680E-02   0.324036E-01   0.247146E-03   0.250000E-03
 100   0.863034E-03   0.196923E-03   0.327242E-01   0.625859E-03   0.250000E-03
 101   0.272329E-03  -0.299353E-03   0.349628E-01   0.106264E-02   0.400000E-03
 102   0.227295E-02  -0.853763E-03   0.368140E-01   0.270747E-03   0.250000E-03
 103   0.108533E-02   0.335028E-04   0.376419E-01   0.894556E-03   0.250000E-03
 104   0.192613E-02  -0.110911E-02   0.385430E-01   0.297267E-03   0.300000E-03
 105   0.193300E-02  -0.133713E-02   0.405686E-01   0.243537E-03   0.250000E-03
 106   0.107006E-02   0.277283E-02   0.431906E-01   0.297269E-03   0.300000E-03
 107   0.126225E-02  -0.164247E-03   0.440770E-01   0.745879E-02   0.350000E-03
 108   0.118086E-02   0.173761E-03   0.349316E-01   0.745876E-02   0.450000E-03
 109  -0.171647E-02   0.822934E-03   0.243188E-03   0.634405E-03   0.250000E-03
 110  -0.354854E-03  -0.164788E-02   0.538054E-03   0.236484E-03   0.250000E-03
 111  -0.600927E-03  -0.410211E-03   0.190221E-02   0.397910E-03   0.400000E-03
 112   0.123723E-02  -0.158310E-02   0.323409E-02   0.923833E-03   0.350000E-03
 113  -0.648960E-04  -0.982499E-03   0.595440E-02   0.109922E-02   0.400000E-03
 114  -0.533833E-03  -0.365912E-03   0.717481E-02   0.153039E-02   0.200000E-03
 115   0.238315E-03  -0.648020E-04   0.851978E-02   0.158356E-02   0.350000E-03
 116   0.904812E-03  -0.928604E-03   0.984239E-02   0.133182E-02   0.350000E-03
 117   0.187124E-02  -0.368057E-04   0.113609E-01   0.742747E-03   0.350000E-03
 118   0.891981E-03   0.104056E-03   0.124125E-01   0.296356E-03   0.300000E-03
 119   0.181013E-02  -0.434067E-03   0.142799E-01   0.783179E-03   0.300000E-03
 120  -0.810974E-03  -0.159175E-03   0.151100E-01   0.575095E-03   0.300000E-03
 121   0.401280E-03  -0.175712E-04   0.167320E-01   0.138661E-02   0.200000E-03
 122   0.149463E-02   0.125060E-04   0.181808E-01   0.940278E-03   0.450000E-03
 123   0.147319E-02  -0.624308E-03   0.186089E-01   0.142445E-02   0.200000E-03
 124   0.944134E-03  -0.301247E-03   0.196975E-01   0.127548E-02   0.300000E-03
 125   0.443487E-03   0.419568E-03   0.209016E-01   0.781088E-03   0.250000E-03
 126   0.141043E-02  -0.351076E-03   0.209484E-01   0.132410E-02   0.300000E-03
 127   0.745281E-03  -0.609058E-04   0.227246E-01   0.122065E-02   0.250000E-03
 128   0.547228E-03   0.662812E-04   0.230759E-01   0.164085E-02   0.300000E-03
 129   0.297952E-03  -0.587787E-03   0.236224E-01   0.170166E-02   0.250000E-03
 130   0.839149E-03  -0.190624E-03   0.257273E-01   0.711099E-03   0.300000E-03
 131   0.139059E-03   0.432366E-03   0.263494E-01   0.394988E-03   0.400000E-03
 132   0.502702E-03   0.246119E-03   0.275176E-01   0.144714E-02   0.200000E-03
 133   0.168304E-02   0.349485E-03   0.288096E-01   0.926942E-03   0.400000E-03
 134   0.134658E-02  -0.688924E-03   0.311915E-01   0.109632E-02   0.400000E-03
 135   0.127568E-02  -0.367888E-03   0.320372E-01   0.102427E-02   0.450000E-03
 136   0.612952E-03   0.150097E-02   0.340077E-01   0.397218E-03   0.400000E-03
 137  -0.674940E-03   0.205498E-02   0.372156E-01   0.753657E-03   0.100000E-03
 138   0.122843E-02   0.311585E-03   0.373901E-01   0.132259E-02   0.250000E-03
 139   0.117127E-02   0.308215E-03   0.381756E-01   0.767260E-03   0.300000E-03
 140   0.226023E-02  -0.192572E-02   0.396859E-01   0.280608E-03   0.250000E-03
 141   0.499180E-03  -0.784206E-03   0.414587E-01   0.249773E-03   0.250000E-03
 142   0.163104E-02  -0.120313E-02   0.419037E-01   0.197060E-03   0.200000E-03
 143   0.167301E-02  -0.593774E-04   0.438973E-01   0.629250E-02   0.250000E-03
 144  -0.304159E-03   0.502194E-04   0.296120E-01   0.770903E-02   0.300000E-03
 145  -0.204104E-03   0.335159E-03   0.294075E-03   0.331215E-02   0.300000E-03
 146  -0.196167E-02  -0.660260E-03   0.668961E-03   0.135152E-02   0.350000E-03
 147  -0.992906E-03   0.554528E-03   0.408316E-02   0.850071E-03   0.200000E-03
 148  -0.401971E-04  -0.141204E-02   0.532537E-02   0.288588E-03   0.300000E-03
 149   0.671004E-03  -0.527306E-03   0.612206E-02   0.192856E-02   0.450000E-03
 150  -0.321144E-03  -0.102663E-03   0.756866E-02   0.147904E-02   0.200000E-03
 151   0.818423E-03  -0.884715E-03   0.936327E-02   0.159327E-02   0.200000E-03
 152   0.694646E-03  -0.788925E-03   0.103835E-01   0.140373E-02   0.200000E-03
 153   0.568931E-03  -0.677683E-03   0.112021E-01   0.136775E-02   0.300000E-03
 154   0.261367E-03  -0.778236E-04   0.126033E-01   0.966215E-03   0.400000E-03
 155  -0.110131E-02  -0.290741E-03   0.137933E-01   0.888009E-03   0.200000E-03
 156   0.404795E-03  -0.201293E-02   0.148269E-01   0.121528E-02   0.400000E-03
 157   0.693133E-04   0.784412E-03   0.159599E-01   0.139105E-02   0.400000E-03
 158   0.131275E-02   0.826562E-03   0.174155E-01   0.185142E-02   0.350000E-03
 159   0.159271E-02   0.402645E-03   0.178019E-01   0.146607E-02   0.200000E-03
 160   0.868876E-03   0.137305E-03   0.182159E-01   0.164093E-02   0.250000E-03
 161   0.514437E-03  -0.596814E-04   0.196522E-01   0.181892E-02   0.250000E-03
 162   0.892268E-03   0.179007E-03   0.209672E-01   0.182020E-02   0.200000E-03
 163   0.930915E-03   0.274476E-03   0.221329E-01   0.112996E-02   0.350000E-03
 164   0.995311E-03   0.217035E-03   0.227604E-01   0.219839E-02   0.300000E-03
 165   0.678192E-03   0.786236E-03   0.248283E-01   0.157481E-02   0.250000E-03
 166   0.159483E-02   0.778017E-03   0.256549E-01   0.155356E-02   0.250000E-03
 167   0.819197E-03   0.103488E-02   0.266353E-01   0.113281E-02   0.400000E-03
 168   0.692131E-03   0.315338E-04   0.286070E-01   0.153967E-02   0.250000E-03
 169   0.171665E-02   0.899964E-04   0.302091E-01   0.171457E-02   0.200000E-03
 170   0.132452E-02  -0.457686E-04   0.308002E-01   0.179162E-02   0.400000E-03
 171   0.736093E-03   0.227591E-03   0.335293E-01   0.905028E-03   0.300000E-03
 172   0.444162E-03  -0.101681E-04   0.341729E-01   0.117751E-02   0.400000E-03
 173   0.101339E-02  -0.127550E-03   0.356498E-01   0.118291E-02   0.300000E-03
 174   0.105847E-02   0.679392E-03   0.368673E-01   0.103796E-02   0.350000E-03
 175   0.745811E-03   0.637814E-03   0.390069E-01   0.883105E-03   0.300000E-03
 176   0.192791E-02   0.335524E-03   0.400756E-01   0.984863E-03   0.200000E-03
 177   0.189008E-02  -0.264419E-03   0.406065E-01   0.784691E-03   0.300000E-03
 178  -0.182553E-02   0.141358E-03   0.444020E-01   0.143933E-02   0.200000E-03
 179   0.615444E-04   0.247374E-02   0.427022E-01   0.196735E-03   0.200000E-03
 180   0.183458E-02  -0.117552E-04   0.400338E-01   0.752118E-02   0.300000E-03
 181  -0.173576E-02  -0.934992E-03   0.197316E-03   0.108064E-02   0.200000E-03
 182  -0.711370E-04   0.600782E-03   0.141211E-02   0.213738E-02   0.200000E-03
 183   0.737651E-03   0.972804E-04   0.338603E-02   0.295562E-03   0.300000E-03
 184   0.185064E-04  -0.432073E-03   0.539578E-02   0.159552E-02   0.350000E-03
 185   0.978230E-04   0.620195E-04   0.625155E-02   0.260748E-02   0.250000E-03
 186   0.118411E-03  -0.691045E-04   0.679877E-02   0.187131E-02   0.200000E-03
 187   0.343720E-04   0.573488E-04   0.792048E-02   0.182496E-02   0.300000E-03
 188   0.601683E-03   0.534363E-03   0.963654E-02   0.197351E-02   0.250000E-03
 189   0.380160E-03  -0.681643E-03   0.117345E-01   0.124948E-02   0.250000E-03
 190   0.296196E-03  -0.432772E-03   0.119743E-01   0.814712E-03   0.250000E-03
 191  -0.615423E-03   0.782001E-03   0.140203E-01   0.126698E-02   0.250000E-03
 192  -0.636720E-03  -0.147448E-04   0.143284E-01   0.183438E-02   0.400000E-03
 193   0.100158E-02   0.316277E-03   0.153319E-01   0.169981E-02   0.300000E-03
 194   0.608406E-03   0.715880E-03   0.165290E-01   0.194447E-02   0.400000E-03
 195   0.742620E-03   0.521812E-03   0.179714E-01   0.207675E-02   0.250000E-03
 196   0.138942E-02   0.166283E-03   0.191560E-01   0.153031E-02   0.300000E-03
 197   0.613359E-03   0.241253E-03   0.200165E-01   0.229456E-02   0.350000E-03
 198   0.725924E-03   0.275417E-03   0.206607E-01   0.221212E-02   0.300000E-03
 199   0.124901E-02  -0.284962E-04   0.215176E-01   0.150053E-02   0.300000E-03
 200   0.110497E-02   0.171960E-03   0.222642E-01   0.215608E-02   0.200000E-03
 201   0.135334E-02   0.884966E-03   0.242818E-01   0.157890E-02   0.300000E-03
 202   0.128995E-02   0.873776E-03   0.259913E-01   0.119224E-02   0.250000E-03
 203   0.810040E-03   0.581742E-04   0.265971E-01   0.182701E-02   0.300000E-03
 204  -0.124733E-03   0.292740E-03   0.270926E-01   0.159060E-02   0.250000E-03
 205   0.950756E-03   0.496075E-03   0.296266E-01   0.159987E-02   0.400000E-03
 206   0.138733E-02  -0.440884E-03   0.322630E-01   0.178993E-02   0.350000E-03
 207   0.861576E-03  -0.149339E-03   0.328931E-01   0.129888E-02   0.450000E-03
 208   0.108633E-02  -0.551205E-03   0.336043E-01   0.166355E-02   0.350000E-03
 209   0.193863E-02  -0.376248E-03   0.362441E-01   0.125109E-02   0.300000E-03
 210   0.154402E-02  -0.383711E-03   0.366431E-01   0.153810E-02   0.200000E-03
 211   0.162716E-02  -0.480553E-03   0.370582E-01   0.169404E-02   0.250000E-03
 212   0.181792E-02   0.450869E-03   0.400430E-01   0.587595E-03   0.200000E-03
 213   0.114172E-02  -0.224639E-03   0.411290E-01   0.623841E-03   0.250000E-03
 214   0.210316E-02  -0.731263E-03   0.420829E-01   0.551230E-03   0.200000E-03
 215  -0.327048E-02  -0.252814E-03   0.443275E-01   0.149905E-03   0.150000E-03
 216   0.107781E-02   0.280184E-03   0.217369E-01   0.884800E-02   0.400000E-03
 217   0.439559E-03   0.128481E-03   0.146155E-01   0.895930E-02   0.350000E-03
 218  -0.332256E-03   0.509773E-03   0.876935E-03   0.201699E-02   0.350000E-03
 219  -0.494531E-03   0.126845E-03   0.373466E-02   0.653851E-03   0.200000E-03
 220   0.235773E-03  -0.304509E-03   0.458538E-02   0.129627E-02   0.400000E-03
 221  -0.958930E-05   0.308265E-04   0.532899E-02   0.218289E-02   0.250000E-03
 222   0.156482E-03   0.139539E-03   0.731578E-02   0.205817E-02   0.350000E-03
 223   0.895031E-03   0.216102E-03   0.904421E-02   0.203654E-02   0.350000E-03
 224   0.549677E-03   0.229725E-03   0.102307E-01   0.192813E-02   0.350000E-03
 225   0.633045E-03  -0.805831E-03   0.107463E-01   0.156573E-02   0.200000E-03
 226   0.677607E-03  -0.485168E-03   0.122009E-01   0.153674E-02   0.300000E-03
 227   0.559506E-03  -0.126251E-03   0.130526E-01   0.143290E-02   0.250000E-03
 228   0.633652E-03   0.994218E-03   0.148862E-01   0.176119E-02   0.150000E-03
 229   0.527744E-03   0.623420E-03   0.158880E-01   0.203507E-02   0.250000E-03
 230   0.107215E-02   0.715634E-03   0.175686E-01   0.248104E-02   0.300000E-03
 231   0.197174E-02   0.889141E-03   0.183921E-01   0.230298E-02   0.200000E-03
 232   0.169597E-02   0.923960E-03   0.186945E-01   0.191125E-02   0.300000E-03
 233   0.472635E-03  -0.131059E-03   0.192531E-01   0.232981E-02   0.400000E-03
 234   0.117778E-02   0.280564E-03   0.213754E-01   0.210586E-02   0.300000E-03
 235   0.835608E-03   0.357333E-04   0.224498E-01   0.169252E-02   0.300000E-03
 236   0.744265E-03  -0.820377E-04   0.233539E-01   0.217004E-02   0.300000E-03
 237   0.160370E-02   0.124959E-03   0.240013E-01   0.216344E-02   0.350000E-03
 238   0.101866E-02   0.975251E-03   0.252462E-01   0.173351E-02   0.200000E-03
 239   0.791434E-03  -0.736701E-04   0.267756E-01   0.234481E-02   0.250000E-03
 240   0.783510E-03   0.853836E-04   0.290477E-01   0.147377E-02   0.200000E-03
 241   0.149442E-02  -0.918761E-04   0.302081E-01   0.225071E-02   0.350000E-03
 242   0.198299E-02  -0.353762E-03   0.315645E-01   0.174606E-02   0.350000E-03
 243   0.116574E-02  -0.587320E-03   0.329817E-01   0.224102E-02   0.500000E-03
 244   0.126512E-02   0.358573E-04   0.354510E-01   0.197208E-02   0.200000E-03
 245   0.592699E-03  -0.108992E-03   0.349281E-01   0.180888E-02   0.350000E-03
 246   0.153955E-02  -0.225882E-03   0.365805E-01   0.213055E-02   0.400000E-03
 247   0.933817E-03   0.430637E-03   0.379837E-01   0.138687E-02   0.350000E-03
 248   0.198135E-02   0.456512E-03   0.396030E-01   0.823607E-03   0.300000E-03
 249   0.154249E-02  -0.237565E-03   0.416480E-01   0.787427E-03   0.300000E-03
 250   0.249138E-03   0.261503E-02   0.437371E-01   0.245005E-03   0.250000E-03
 251  -0.382315E-03   0.726926E-03   0.446042E-01   0.298794E-02   0.400000E-03
 252   0.987542E-03   0.388677E-03   0.337678E-01   0.772981E-02   0.350000E-03
 253   0.173453E-03   0.147064E-03   0.211163E-02   0.740177E-02   0.350000E-03
 254  -0.815028E-03  -0.139918E-03   0.138920E-02   0.936565E-03   0.350000E-03
 255   0.147877E-03   0.410801E-03   0.230442E-02   0.971743E-03   0.300000E-03
 256   0.271438E-03   0.167814E-03   0.483173E-02   0.194886E-02   0.300000E-03
 257   0.128429E-03  -0.293627E-05   0.674434E-02   0.236718E-02   0.300000E-03
 258   0.297254E-03   0.577318E-03   0.838842E-02   0.227150E-02   0.350000E-03
 259   0.987271E-03   0.408284E-03   0.901428E-02   0.283320E-02   0.450000E-03
 260   0.587557E-03   0.294602E-03   0.986082E-02   0.258228E-02   0.400000E-03
 261   0.556263E-03  -0.530206E-03   0.116604E-01   0.179051E-02   0.300000E-03
 262   0.218659E-02   0.111348E-02   0.121450E-01   0.222046E-02   0.350000E-03
 263   0.450209E-03  -0.286015E-03   0.135941E-01   0.168761E-02   0.350000E-03
 264   0.253595E-03   0.938433E-03   0.149132E-01   0.220955E-02   0.300000E-03
 265   0.102357E-02  -0.140572E-02   0.166514E-01   0.253188E-02   0.200000E-03
 266   0.915115E-03   0.105802E-02   0.170474E-01   0.231848E-02   0.250000E-03
 267   0.101651E-02   0.737376E-03   0.171290E-01   0.280709E-02   0.250000E-03
 268   0.881336E-03  -0.410887E-03   0.186854E-01   0.264228E-02   0.250000E-03
 269  -0.329459E-03   0.319092E-03   0.191094E-01   0.296358E-02   0.250000E-03
 270   0.769833E-03   0.230077E-04   0.197068E-01   0.292027E-02   0.350000E-03
 271   0.124782E-02  -0.125206E-03   0.219284E-01   0.185791E-02   0.250000E-03
 272   0.751756E-03   0.725449E-04   0.223633E-01   0.276579E-02   0.400000E-03
 273   0.566819E-03  -0.480073E-03   0.234664E-01   0.285044E-02   0.400000E-03
 274   0.141525E-02  -0.553495E-03   0.258433E-01   0.200981E-02   0.250000E-03
 275   0.962531E-03  -0.583748E-03   0.262692E-01   0.226433E-02   0.250000E-03
 276   0.136115E-03   0.424129E-03   0.275042E-01   0.194684E-02   0.300000E-03
 277   0.114342E-02  -0.933841E-04   0.294668E-01   0.217639E-02   0.200000E-03
 278   0.134449E-02  -0.193678E-03   0.318981E-01   0.238565E-02   0.350000E-03
 279   0.863107E-03  -0.585530E-03   0.323991E-01   0.270604E-02   0.250000E-03
 280   0.478033E-03   0.530475E-04   0.342834E-01   0.186639E-02   0.300000E-03
 281   0.105936E-02   0.239222E-03   0.358871E-01   0.172948E-02   0.300000E-03
 282   0.861449E-03  -0.354095E-03   0.375405E-01   0.179551E-02   0.250000E-03
 283   0.134484E-02  -0.275581E-03   0.384811E-01   0.162148E-02   0.200000E-03
 284   0.920508E-03   0.412989E-03   0.385425E-01   0.117579E-02   0.250000E-03
 285   0.162989E-02   0.111993E-03   0.410955E-01   0.121899E-02   0.350000E-03
 286   0.761923E-03  -0.149428E-02   0.432184E-01   0.893493E-03   0.300000E-03
 287   0.187502E-02  -0.657341E-03   0.428407E-01   0.121886E-02   0.200000E-03
 288  -0.249767E-03   0.225107E-03   0.587481E-02   0.793186E-02   0.350000E-03
 289  -0.129648E-02  -0.179302E-03   0.245078E-03   0.226501E-02   0.250000E-03
 290   0.452074E-04   0.789961E-03   0.186280E-02   0.137182E-02   0.300000E-03
 291  -0.205953E-03   0.368036E-03   0.250227E-02   0.164213E-02   0.400000E-03
 292   0.831192E-03   0.171898E-03   0.312900E-02   0.151262E-02   0.250000E-03
 293   0.138048E-04   0.310826E-04   0.570908E-02   0.257096E-02   0.300000E-03
 294   0.163555E-03   0.597352E-03   0.817887E-02   0.298501E-02   0.400000E-03
 295   0.428979E-03  -0.979426E-04   0.967783E-02   0.336102E-02   0.400000E-03
 296   0.640430E-03  -0.211625E-03   0.111266E-01   0.190931E-02   0.250000E-03
 297   0.559601E-03  -0.523226E-04   0.107284E-01   0.191301E-02   0.150000E-03
 298   0.108904E-02  -0.286239E-03   0.126766E-01   0.167871E-02   0.200000E-03
 299  -0.169194E-03  -0.678474E-03   0.139019E-01   0.231926E-02   0.250000E-03
 300   0.500018E-03  -0.336222E-03   0.148725E-01   0.270528E-02   0.200000E-03
 301   0.100852E-02   0.761646E-03   0.154760E-01   0.238871E-02   0.300000E-03
 302   0.880407E-03   0.293284E-03   0.170923E-01   0.335049E-02   0.300000E-03
 303   0.142196E-02   0.996458E-03   0.180608E-01   0.251759E-02   0.200000E-03
 304   0.963547E-03  -0.362057E-03   0.182660E-01   0.291275E-02   0.250000E-03
 305   0.738162E-03  -0.583604E-04   0.193850E-01   0.330004E-02   0.150000E-03
 306   0.861355E-03  -0.710281E-04   0.204685E-01   0.282838E-02   0.350000E-03
 307   0.988040E-03   0.638475E-04   0.218630E-01   0.235211E-02   0.250000E-03
 308   0.953106E-03   0.130277E-03   0.228504E-01   0.333439E-02   0.350000E-03
 309   0.943040E-03  -0.495050E-03   0.246082E-01   0.259219E-02   0.400000E-03
 310   0.108115E-02  -0.405929E-03   0.252056E-01   0.222942E-02   0.300000E-03
 311   0.307684E-03  -0.256421E-03   0.273311E-01   0.256928E-02   0.350000E-03
 312   0.256350E-04   0.121022E-03   0.281508E-01   0.191797E-02   0.350000E-03
 313   0.935498E-03   0.165642E-03   0.297022E-01   0.255475E-02   0.250000E-03
 314   0.975344E-03  -0.410960E-03   0.312574E-01   0.231832E-02   0.300000E-03
 315   0.915105E-03  -0.458471E-03   0.334720E-01   0.286403E-02   0.300000E-03
 316   0.104357E-02  -0.619349E-03   0.338270E-01   0.232693E-02   0.350000E-03
 317   0.583127E-03  -0.122618E-03   0.350544E-01   0.254636E-02   0.400000E-03
 318   0.119190E-02  -0.322677E-03   0.358407E-01   0.242390E-02   0.400000E-03
 319   0.144273E-02   0.782360E-03   0.389701E-01   0.143156E-02   0.250000E-03
 320   0.228677E-02  -0.366582E-03   0.398260E-01   0.141743E-02   0.300000E-03
 321   0.152502E-02  -0.237276E-03   0.404182E-01   0.134547E-02   0.300000E-03
 322   0.134872E-02  -0.123650E-02   0.425921E-01   0.732833E-03   0.350000E-03
 323  -0.957970E-03  -0.351998E-03   0.439746E-01   0.211788E-02   0.350000E-03
 324   0.169981E-02  -0.133311E-03   0.396148E-01   0.716501E-02   0.250000E-03
 325  -0.294835E-03   0.316802E-03   0.149667E-02   0.761126E-02   0.300000E-03
 326  -0.927460E-03  -0.132499E-03   0.124255E-02   0.151543E-02   0.250000E-03
 327   0.237079E-03   0.445785E-04   0.197449E-02   0.217071E-02   0.350000E-03
 328  -0.259910E-04   0.275657E-03   0.381055E-02   0.162470E-02   0.450000E-03
 329   0.778887E-04   0.350064E-03   0.661750E-02   0.313057E-02   0.400000E-03
 330   0.100299E-03  -0.214804E-03   0.726729E-02   0.275243E-02   0.350000E-03
 331   0.329785E-03   0.269467E-03   0.780403E-02   0.240661E-02   0.250000E-03
 332   0.280816E-03   0.753758E-04   0.107737E-01   0.250932E-02   0.450000E-03
 333   0.539218E-03  -0.503410E-04   0.115098E-01   0.237007E-02   0.300000E-03
 334   0.440428E-03  -0.573909E-03   0.130462E-01   0.192971E-02   0.250000E-03
 335   0.116365E-02  -0.144088E-03   0.134099E-01   0.226713E-02   0.250000E-03
 336   0.102766E-02  -0.110789E-03   0.144022E-01   0.254174E-02   0.300000E-03
 337   0.904869E-03   0.291121E-03   0.161414E-01   0.252322E-02   0.300000E-03
 338   0.683101E-03   0.501012E-03   0.167178E-01   0.374129E-02   0.250000E-03
 339   0.104642E-02   0.502914E-04   0.176976E-01   0.311683E-02   0.350000E-03
 340   0.728052E-03  -0.227828E-03   0.189997E-01   0.352835E-02   0.300000E-03
 341   0.615403E-03   0.351790E-03   0.201497E-01   0.339105E-02   0.300000E-03
 342   0.898912E-03   0.242693E-03   0.206423E-01   0.334858E-02   0.200000E-03
 343   0.912351E-03  -0.201197E-03   0.216706E-01   0.286157E-02   0.300000E-03
 344   0.770293E-03  -0.473232E-03   0.239431E-01   0.328488E-02   0.250000E-03
 345   0.952172E-03  -0.357041E-03   0.252022E-01   0.295851E-02   0.300000E-03
 346   0.120462E-02  -0.239657E-03   0.257388E-01   0.259863E-02   0.350000E-03
 347   0.125352E-02  -0.527492E-03   0.264253E-01   0.289052E-02   0.400000E-03
 348   0.779278E-03  -0.117090E-03   0.290128E-01   0.197060E-02   0.300000E-03
 349   0.150927E-02  -0.337783E-03   0.301554E-01   0.284644E-02   0.250000E-03
 350   0.100096E-02  -0.494198E-03   0.320744E-01   0.314481E-02   0.300000E-03
 351   0.100346E-02  -0.680245E-03   0.328624E-01   0.308193E-02   0.350000E-03
 352   0.148645E-02  -0.843925E-03   0.344906E-01   0.310630E-02   0.400000E-03
 353   0.836281E-03  -0.228007E-03   0.358761E-01   0.301820E-02   0.200000E-03
 354   0.615723E-03  -0.329312E-03   0.372275E-01   0.218476E-02   0.250000E-03
 355   0.128758E-02  -0.460802E-03   0.380314E-01   0.203288E-02   0.300000E-03
 356   0.215924E-03   0.391011E-03   0.393752E-01   0.162451E-02   0.200000E-03
 357   0.210453E-02  -0.324964E-03   0.408052E-01   0.179628E-02   0.300000E-03
 358   0.172747E-02   0.202675E-05   0.416818E-01   0.133258E-02   0.250000E-03
 359   0.109777E-02  -0.317597E-04   0.442559E-01   0.527597E-02   0.250000E-03
 360  -0.103453E-02  -0.255994E-03   0.448000E-01   0.417387E-02   0.200000E-03
 361  -0.639362E-03   0.571618E-03   0.680572E-03   0.273808E-02   0.400000E-03
 362   0.876168E-04   0.503639E-03   0.147717E-02   0.272906E-02   0.400000E-03
 363  -0.474751E-03  -0.343080E-03   0.309988E-02   0.201177E-02   0.250000E-03
 364   0.524494E-04  -0.258619E-03   0.492065E-02   0.254142E-02   0.300000E-03
 365   0.109637E-03  -0.107025E-03   0.591777E-02   0.313218E-02   0.300000E-03
 366   0.252401E-03  -0.169260E-04   0.617881E-02   0.367150E-02   0.300000E-03
 367   0.542136E-03   0.390402E-03   0.864374E-02   0.336415E-02   0.200000E-03
 368   0.224804E-03  -0.182885E-03   0.103261E-01   0.310416E-02   0.300000E-03
 369   0.932606E-03   0.539665E-03   0.118608E-01   0.291570E-02   0.350000E-03
 370   0.475654E-03   0.506891E-04   0.128210E-01   0.253599E-02   0.400000E-03
 371  -0.216550E-03   0.155930E-03   0.137289E-01   0.283740E-02   0.300000E-03
 372   0.797990E-03   0.646177E-03   0.150726E-01   0.326771E-02   0.400000E-03
 373   0.722797E-03   0.394587E-03   0.157063E-01   0.293446E-02   0.300000E-03
 374   0.954567E-03   0.408510E-03   0.164170E-01   0.316580E-02   0.400000E-03
 375   0.732781E-03  -0.535577E-04   0.175478E-01   0.393885E-02   0.450000E-03
 376   0.869239E-03  -0.122626E-04   0.186787E-01   0.309114E-02   0.200000E-03
 377   0.770350E-03  -0.394529E-04   0.196104E-01   0.374541E-02   0.350000E-03
 378   0.132659E-02   0.709012E-04   0.210887E-01   0.263269E-02   0.300000E-03
 379   0.694952E-03   0.137789E-03   0.211831E-01   0.328713E-02   0.350000E-03
 380   0.106836E-02  -0.181602E-03   0.220011E-01   0.341970E-02   0.350000E-03
 381   0.822534E-03  -0.516553E-03   0.245333E-01   0.333456E-02   0.350000E-03
 382   0.695139E-03  -0.649008E-03   0.268079E-01   0.346830E-02   0.300000E-03
 383   0.130520E-03  -0.391546E-03   0.279197E-01   0.246758E-02   0.250000E-03
 384   0.335319E-03   0.293485E-03   0.285887E-01   0.239001E-02   0.300000E-03
 385   0.784073E-03   0.290442E-03   0.291569E-01   0.256871E-02   0.300000E-03
 386   0.829317E-03  -0.399011E-03   0.307367E-01   0.261290E-02   0.300000E-03
 387   0.949678E-03  -0.319856E-03   0.324712E-01   0.365605E-02   0.350000E-03
 388   0.116943E-02  -0.374726E-03   0.354120E-01   0.346372E-02   0.450000E-03
 389   0.879762E-03  -0.270362E-03   0.360542E-01   0.337319E-02   0.200000E-03
 390   0.136747E-02  -0.333272E-03   0.364662E-01   0.291812E-02   0.400000E-03
 391   0.101164E-02  -0.808515E-04   0.376693E-01   0.251002E-02   0.300000E-03
 392   0.128661E-02  -0.269805E-03   0.390442E-01   0.192535E-02   0.250000E-03
 393   0.162712E-02  -0.164277E-03   0.396091E-01   0.212372E-02   0.350000E-03
 394   0.140330E-02  -0.464267E-04   0.422279E-01   0.127067E-02   0.300000E-03
 395  -0.715961E-03   0.903070E-04   0.439064E-01   0.147346E-02   0.300000E-03
 396  -0.845709E-03  -0.321472E-03   0.444280E-01   0.242112E-02   0.200000E-03
 397  -0.453538E-03   0.350558E-03   0.972437E-03   0.348111E-02   0.400000E-03
 398   0.187425E-03   0.231143E-03   0.264890E-02   0.232639E-02   0.300000E-03
 399  -0.439114E-03   0.963796E-03   0.355070E-02   0.232676E-02   0.300000E-03
 400  -0.204327E-03  -0.216467E-03   0.425016E-02   0.235117E-02   0.400000E-03
 401   0.875498E-04   0.158541E-03   0.574552E-02   0.391121E-02   0.200000E-03
 402  -0.218120E-04  -0.155760E-03   0.729175E-02   0.344775E-02   0.350000E-03
 403   0.545765E-03   0.163801E-03   0.852131E-02   0.379485E-02   0.250000E-03
 404  -0.249459E-03   0.258160E-03   0.904985E-02   0.366088E-02   0.300000E-03
 405   0.120492E-03   0.250536E-03   0.119557E-01   0.345974E-02   0.200000E-03
 406   0.274638E-03   0.156476E-03   0.125213E-01   0.326979E-02   0.400000E-03
 407   0.380837E-03  -0.132452E-05   0.132034E-01   0.312069E-02   0.300000E-03
 408   0.382100E-03   0.612326E-03   0.142742E-01   0.327421E-02   0.400000E-03
 409   0.435426E-03   0.604442E-03   0.157499E-01   0.357861E-02   0.350000E-03
 410   0.620400E-03   0.551640E-03   0.162391E-01   0.399748E-02   0.300000E-03
 411   0.666114E-03   0.246931E-03   0.167626E-01   0.428658E-02   0.300000E-03
 412   0.900934E-03  -0.140909E-03   0.183036E-01   0.355737E-02   0.400000E-03
 413   0.541601E-03  -0.313148E-03   0.203017E-01   0.396454E-02   0.300000E-03
 414   0.852509E-03   0.101153E-03   0.208173E-01   0.376252E-02   0.250000E-03
 415   0.113485E-02   0.732880E-04   0.208328E-01   0.441211E-02   0.400000E-03
 416   0.108383E-02  -0.318060E-03   0.224861E-01   0.398833E-02   0.400000E-03
 417   0.387481E-03  -0.994618E-04   0.234635E-01   0.354436E-02   0.300000E-03
 418   0.986410E-03  -0.578716E-03   0.251704E-01   0.360548E-02   0.350000E-03
 419   0.283214E-03  -0.493207E-03   0.278310E-01   0.305774E-02   0.350000E-03
 420   0.823844E-03  -0.509459E-03   0.284073E-01   0.290289E-02   0.250000E-03
 421   0.111649E-02  -0.210753E-03   0.296351E-01   0.314207E-02   0.350000E-03
 422   0.120711E-02  -0.271170E-03   0.313306E-01   0.306464E-02   0.450000E-03
 423   0.107146E-02  -0.618650E-03   0.338092E-01   0.340723E-02   0.350000E-03
 424   0.161439E-02  -0.507520E-03   0.347279E-01   0.376311E-02   0.300000E-03
 425   0.123023E-02  -0.385079E-03   0.369752E-01   0.339223E-02   0.300000E-03
 426   0.126359E-02  -0.257387E-03   0.371587E-01   0.282136E-02   0.300000E-03
 427   0.851381E-03  -0.335256E-03   0.380215E-01   0.312869E-02   0.300000E-03
 428   0.160254E-02  -0.489500E-03   0.385750E-01   0.208993E-02   0.250000E-03
 429   0.156650E-02  -0.783114E-04   0.402175E-01   0.190470E-02   0.300000E-03
 430   0.149901E-02  -0.171588E-03   0.419469E-01   0.186480E-02   0.350000E-03
 431   0.163105E-02  -0.169784E-03   0.426893E-01   0.179647E-02   0.400000E-03
 432   0.890597E-03   0.126021E-03   0.433101E-01   0.147985E-02   0.300000E-03
 433  -0.222876E-03   0.582363E-03   0.347114E-03   0.395690E-02   0.350000E-03
 434   0.171825E-03   0.469969E-03   0.159268E-02   0.178564E-02   0.200000E-03
 435   0.261659E-03   0.782871E-04   0.313114E-02   0.282163E-02   0.350000E-03
 436   0.399384E-04  -0.847553E-04   0.530117E-02   0.293540E-02   0.250000E-03
 437   0.280344E-04   0.107092E-04   0.561897E-02   0.353208E-02   0.200000E-03
 438   0.106163E-03  -0.624227E-04   0.675840E-02   0.381491E-02   0.300000E-03
 439   0.568065E-03   0.256066E-05   0.793471E-02   0.369059E-02   0.350000E-03
 440   0.471587E-03   0.166658E-03   0.108642E-01   0.373876E-02   0.200000E-03
 441   0.297837E-03   0.147754E-03   0.109084E-01   0.324339E-02   0.300000E-03
 442   0.306249E-03   0.174760E-03   0.130698E-01   0.370358E-02   0.300000E-03
 443   0.694122E-03   0.334396E-03   0.136472E-01   0.344488E-02   0.250000E-03
 444   0.748036E-03   0.185153E-03   0.152212E-01   0.395025E-02   0.300000E-03
 445   0.935247E-03   0.332472E-03   0.157077E-01   0.445109E-02   0.400000E-03
 446   0.700369E-03   0.185283E-03   0.163057E-01   0.448603E-02   0.200000E-03
 447   0.626821E-03   0.681103E-04   0.172546E-01   0.462420E-02   0.300000E-03
 448   0.102361E-02  -0.129021E-03   0.183446E-01   0.445428E-02   0.500000E-03
 449   0.699397E-03  -0.758042E-04   0.192399E-01   0.439507E-02   0.400000E-03
 450   0.356913E-03  -0.109304E-03   0.199352E-01   0.443548E-02   0.300000E-03
 451   0.738475E-03   0.236264E-03   0.214932E-01   0.396629E-02   0.400000E-03
 452   0.572915E-03   0.621537E-04   0.219781E-01   0.453397E-02   0.350000E-03
 453   0.874751E-03  -0.273792E-03   0.240633E-01   0.387195E-02   0.350000E-03
 454   0.104516E-02  -0.433848E-03   0.257955E-01   0.329588E-02   0.350000E-03
 455   0.503305E-03  -0.472744E-03   0.270117E-01   0.301403E-02   0.200000E-03
 456   0.100297E-02  -0.312045E-03   0.289376E-01   0.317987E-02   0.350000E-03
 457   0.953803E-03  -0.767391E-03   0.305829E-01   0.318989E-02   0.300000E-03
 458   0.115397E-02  -0.525756E-03   0.307024E-01   0.382397E-02   0.350000E-03
 459   0.121619E-02  -0.424942E-03   0.317787E-01   0.372276E-02   0.350000E-03
 460   0.132462E-02  -0.439054E-03   0.341908E-01   0.386684E-02   0.250000E-03
 461   0.112966E-02  -0.114185E-03   0.364562E-01   0.356569E-02   0.250000E-03
 462   0.159986E-02   0.205274E-03   0.376396E-01   0.426102E-02   0.300000E-03
 463   0.963195E-03  -0.287499E-03   0.382629E-01   0.258266E-02   0.300000E-03
 464   0.182191E-02  -0.317282E-03   0.390032E-01   0.263980E-02   0.450000E-03
 465   0.184206E-02  -0.686249E-04   0.407011E-01   0.238349E-02   0.300000E-03
 466   0.167629E-02  -0.760979E-04   0.411742E-01   0.254225E-02   0.200000E-03
 467   0.116183E-02   0.526039E-03   0.435693E-01   0.255931E-02   0.250000E-03
 468   0.144721E-02  -0.608779E-03   0.435628E-01   0.382913E-02   0.350000E-03
 469  -0.320847E-03   0.305235E-03   0.105268E-02   0.432616E-02   0.450000E-03
 470   0.354940E-04  -0.205895E-03   0.217431E-02   0.278493E-02   0.300000E-03
 471  -0.170063E-03  -0.131281E-03   0.384824E-02   0.304140E-02   0.400000E-03
 472   0.141632E-04  -0.224869E-03   0.454603E-02   0.300250E-02   0.300000E-03
 473   0.993066E-04  -0.128776E-03   0.501963E-02   0.351756E-02   0.400000E-03
 474   0.800911E-05   0.373069E-03   0.743692E-02   0.402446E-02   0.250000E-03
 475   0.589302E-03  -0.165490E-03   0.811026E-02   0.436398E-02   0.350000E-03
 476   0.207638E-03   0.879959E-03   0.951363E-02   0.403955E-02   0.300000E-03
 477   0.154982E-02   0.624212E-03   0.113129E-01   0.287113E-02   0.200000E-03
 478   0.219767E-03   0.343203E-03   0.122122E-01   0.394550E-02   0.350000E-03
 479   0.520670E-03   0.105549E-03   0.141908E-01   0.391698E-02   0.250000E-03
 480   0.628469E-03   0.313545E-03   0.146776E-01   0.378368E-02   0.250000E-03
 481   0.105169E-02  -0.100757E-03   0.147793E-01   0.427353E-02   0.250000E-03
 482   0.566446E-03   0.161326E-03   0.162629E-01   0.507708E-02   0.400000E-03
 483   0.552683E-03   0.120760E-03   0.169587E-01   0.514414E-02   0.300000E-03
 484   0.869241E-03  -0.502734E-03   0.186452E-01   0.519417E-02   0.300000E-03
 485   0.398022E-03  -0.700326E-03   0.196509E-01   0.501930E-02   0.350000E-03
 486   0.793578E-03   0.360036E-03   0.203240E-01   0.488943E-02   0.300000E-03
 487   0.871470E-03  -0.129563E-03   0.213896E-01   0.490731E-02   0.350000E-03
 488   0.584565E-03  -0.112376E-03   0.219115E-01   0.507876E-02   0.200000E-03
 489   0.660055E-03  -0.378553E-03   0.246611E-01   0.391936E-02   0.250000E-03
 490   0.101744E-02  -0.730801E-03   0.273446E-01   0.339065E-02   0.250000E-03
 491   0.871480E-03  -0.187782E-03   0.283472E-01   0.344727E-02   0.300000E-03
 492   0.101615E-02  -0.276118E-03   0.293298E-01   0.381770E-02   0.400000E-03
 493   0.937997E-03  -0.476885E-03   0.300979E-01   0.359327E-02   0.300000E-03
 494   0.130261E-02  -0.487460E-03   0.312344E-01   0.370663E-02   0.200000E-03
 495   0.966787E-03  -0.137956E-03   0.328759E-01   0.402249E-02   0.200000E-03
 496   0.113522E-02  -0.463930E-03   0.359375E-01   0.419451E-02   0.350000E-03
 497   0.101486E-02  -0.497090E-04   0.360896E-01   0.372011E-02   0.150000E-03
 498   0.123702E-02  -0.313186E-03   0.373428E-01   0.379932E-02   0.250000E-03
 499   0.120156E-02  -0.448749E-03   0.375168E-01   0.333226E-02   0.250000E-03
 500   0.184667E-02  -0.126912E-03   0.393942E-01   0.309337E-02   0.150000E-03
 501   0.144600E-02   0.192066E-03   0.401564E-01   0.244927E-02   0.250000E-03
 502   0.189393E-02  -0.322739E-03   0.413337E-01   0.207206E-02   0.300000E-03
 503   0.353134E-03   0.431856E-03   0.429728E-01   0.261890E-02   0.350000E-03
 504   0.712338E-03  -0.533735E-03   0.433274E-01   0.207481E-02   0.300000E-03
 505  -0.406808E-03   0.381653E-03   0.164999E-02   0.379773E-02   0.350000E-03
 506  -0.209110E-03  -0.836853E-04   0.186947E-02   0.324251E-02   0.250000E-03
 507  -0.231385E-03   0.392377E-04   0.332367E-02   0.341883E-02   0.250000E-03
 508   0.145381E-03  -0.143238E-03   0.432332E-02   0.355516E-02   0.300000E-03
 509   0.223887E-03   0.412564E-04   0.609128E-02   0.421388E-02   0.250000E-03
 510  -0.433590E-05   0.159608E-03   0.749599E-02   0.456566E-02   0.300000E-03
 511   0.351595E-03  -0.299913E-04   0.877848E-02   0.427844E-02   0.300000E-03
 512   0.452930E-03   0.119595E-03   0.103165E-01   0.375193E-02   0.350000E-03
 513   0.895693E-03   0.352634E-03   0.114595E-01   0.346875E-02   0.300000E-03
 514   0.284816E-03   0.315992E-03   0.128337E-01   0.436159E-02   0.400000E-03
 515   0.293969E-03   0.165621E-03   0.136096E-01   0.406498E-02   0.350000E-03
 516   0.621642E-03   0.101524E-03   0.142344E-01   0.451362E-02   0.350000E-03
 517   0.722391E-03   0.935011E-04   0.151602E-01   0.439567E-02   0.150000E-03
 518   0.947043E-03   0.219262E-03   0.154753E-01   0.521322E-02   0.400000E-03
 519   0.721533E-03   0.484625E-04   0.177397E-01   0.504742E-02   0.350000E-03
 520   0.390461E-03  -0.703709E-03   0.191786E-01   0.546462E-02   0.300000E-03
 521   0.924257E-03  -0.432251E-04   0.201602E-01   0.556769E-02   0.400000E-03
 522   0.125988E-02   0.488760E-03   0.207732E-01   0.520572E-02   0.250000E-03
 523   0.612734E-03  -0.269996E-04   0.218914E-01   0.552680E-02   0.250000E-03
 524   0.698957E-03  -0.497763E-03   0.231803E-01   0.406379E-02   0.300000E-03
 525   0.940590E-03  -0.769234E-03   0.252098E-01   0.435250E-02   0.400000E-03
 526   0.643893E-03  -0.457299E-03   0.256808E-01   0.390751E-02   0.250000E-03
 527   0.652120E-03  -0.226334E-04   0.278079E-01   0.370726E-02   0.300000E-03
 528   0.101635E-02   0.381079E-03   0.291834E-01   0.455229E-02   0.350000E-03
 529   0.975540E-03  -0.285698E-03   0.305576E-01   0.445150E-02   0.300000E-03
 530   0.434546E-03  -0.116261E-02   0.321569E-01   0.404736E-02   0.150000E-03
 531   0.135981E-02   0.978861E-05   0.330187E-01   0.360866E-02   0.200000E-03
 532   0.117228E-02  -0.550269E-03   0.351946E-01   0.428464E-02   0.400000E-03
 533   0.120643E-02  -0.313934E-03   0.368207E-01   0.397087E-02   0.300000E-03
 534   0.136584E-02   0.416869E-03   0.382227E-01   0.439896E-02   0.300000E-03
 535   0.982273E-03   0.233367E-04   0.379048E-01   0.372169E-02   0.300000E-03
 536   0.203935E-02  -0.602649E-03   0.386164E-01   0.309689E-02   0.150000E-03
 537   0.163323E-02   0.275946E-03   0.404312E-01   0.273708E-02   0.150000E-03
 538   0.152809E-02  -0.597205E-03   0.417642E-01   0.248679E-02   0.300000E-03
 539   0.154141E-02   0.242490E-04   0.423579E-01   0.240922E-02   0.300000E-03
 540   0.175831E-02   0.104843E-02   0.439718E-01   0.284678E-02   0.250000E-03
 541  -0.799061E-04   0.157986E-03   0.523887E-02   0.806545E-02   0.300000E-03
 542   0.398136E-03  -0.202877E-03   0.258099E-02   0.346915E-02   0.500000E-03
 543  -0.170995E-03   0.168010E-04   0.375898E-02   0.375032E-02   0.300000E-03
 544   0.373003E-04   0.810293E-04   0.419383E-02   0.408616E-02   0.250000E-03
 545   0.303487E-03   0.119097E-03   0.533227E-02   0.408391E-02   0.250000E-03
 546   0.391713E-03   0.265056E-04   0.857998E-02   0.500091E-02   0.450000E-03
 547   0.837464E-03   0.243681E-03   0.928634E-02   0.459451E-02   0.300000E-03
 548  -0.585656E-05   0.409290E-03   0.976725E-02   0.446818E-02   0.200000E-03
 549   0.530001E-03   0.210638E-03   0.110463E-01   0.430756E-02   0.400000E-03
 550   0.825414E-03   0.156192E-03   0.116152E-01   0.399496E-02   0.250000E-03
 551   0.207020E-03   0.268310E-03   0.135166E-01   0.485924E-02   0.450000E-03
 552   0.509202E-03   0.298544E-03   0.142330E-01   0.521150E-02   0.350000E-03
 553   0.872673E-03  -0.251851E-03   0.149578E-01   0.474049E-02   0.250000E-03
 554  -0.615236E-04   0.189489E-03   0.150521E-01   0.570385E-02   0.250000E-03
 555   0.603108E-03   0.261570E-03   0.159888E-01   0.582553E-02   0.400000E-03
 556   0.490064E-03  -0.255279E-03   0.181587E-01   0.554193E-02   0.300000E-03
 557   0.699801E-03  -0.259461E-03   0.188851E-01   0.481463E-02   0.150000E-03
 558   0.804006E-03  -0.106092E-03   0.212557E-01   0.564044E-02   0.400000E-03
 559   0.100247E-02  -0.350636E-03   0.226372E-01   0.462021E-02   0.250000E-03
 560   0.122064E-02  -0.727568E-03   0.237224E-01   0.436494E-02   0.250000E-03
 561   0.783424E-03  -0.745924E-04   0.259592E-01   0.443661E-02   0.350000E-03
 562   0.826241E-03  -0.690311E-03   0.262687E-01   0.381098E-02   0.350000E-03
 563   0.867712E-03  -0.265797E-05   0.285862E-01   0.410062E-02   0.400000E-03
 564   0.833848E-03  -0.762730E-05   0.285818E-01   0.479825E-02   0.300000E-03
 565   0.107976E-02  -0.509198E-03   0.299541E-01   0.422647E-02   0.350000E-03
 566   0.119961E-02  -0.380500E-03   0.312981E-01   0.435957E-02   0.450000E-03
 567   0.169269E-02  -0.387466E-03   0.333183E-01   0.328683E-02   0.150000E-03
 568   0.132711E-02  -0.311187E-03   0.338461E-01   0.385373E-02   0.100000E-03
 569   0.124982E-02   0.206041E-03   0.370043E-01   0.448577E-02   0.250000E-03
 570   0.157806E-02   0.111150E-03   0.378109E-01   0.483395E-02   0.300000E-03
 571   0.181178E-02   0.510252E-03   0.384698E-01   0.352022E-02   0.300000E-03
 572   0.167904E-02   0.791370E-04   0.390545E-01   0.338794E-02   0.300000E-03
 573   0.190069E-02  -0.235390E-03   0.397334E-01   0.279814E-02   0.300000E-03
 574   0.146453E-02  -0.552212E-03   0.414095E-01   0.319956E-02   0.500000E-03
 575   0.179869E-02  -0.349500E-03   0.421219E-01   0.290326E-02   0.250000E-03
 576   0.185541E-02  -0.295343E-03   0.444141E-01   0.385648E-02   0.300000E-03
 577  -0.955057E-04  -0.318813E-03   0.298329E-03   0.460369E-02   0.300000E-03
 578   0.185933E-03   0.294863E-03   0.261427E-02   0.431391E-02   0.350000E-03
 579   0.344267E-04   0.145179E-03   0.476340E-02   0.426893E-02   0.350000E-03
 580   0.240241E-03   0.122058E-03   0.544443E-02   0.456798E-02   0.250000E-03
 581   0.272600E-03   0.130178E-03   0.705761E-02   0.415082E-02   0.150000E-03
 582   0.613299E-04  -0.268416E-03   0.790662E-02   0.487468E-02   0.200000E-03
 583   0.148293E-03   0.746802E-03   0.991051E-02   0.489270E-02   0.250000E-03
 584   0.510407E-03   0.338993E-03   0.103140E-01   0.445037E-02   0.350000E-03
 585   0.449933E-03   0.194322E-03   0.107368E-01   0.512805E-02   0.450000E-03
 586   0.702716E-03  -0.146974E-03   0.118593E-01   0.448780E-02   0.300000E-03
 587   0.780024E-03  -0.108355E-03   0.123225E-01   0.467448E-02   0.200000E-03
 588   0.132757E-03  -0.136903E-03   0.136025E-01   0.550303E-02   0.200000E-03
 589  -0.215097E-04   0.296188E-03   0.148290E-01   0.525660E-02   0.250000E-03
 590   0.760671E-04   0.329365E-03   0.154098E-01   0.597407E-02   0.200000E-03
 591   0.583498E-03  -0.528784E-05   0.173660E-01   0.551105E-02   0.250000E-03
 592   0.484261E-03   0.152696E-03   0.181499E-01   0.614014E-02   0.300000E-03
 593   0.744353E-03  -0.228934E-03   0.195236E-01   0.595361E-02   0.300000E-03
 594   0.764719E-03  -0.111699E-03   0.206730E-01   0.611042E-02   0.350000E-03
 595   0.472490E-03  -0.573468E-04   0.222979E-01   0.497863E-02   0.200000E-03
 596   0.658532E-03  -0.383813E-03   0.232306E-01   0.470785E-02   0.350000E-03
 597   0.675476E-03  -0.651217E-03   0.244310E-01   0.452475E-02   0.400000E-03
 598   0.104616E-02  -0.557306E-04   0.266558E-01   0.439156E-02   0.350000E-03
 599   0.980783E-03  -0.568686E-04   0.272147E-01   0.397149E-02   0.350000E-03
 600   0.102876E-02   0.103367E-03   0.299262E-01   0.487420E-02   0.300000E-03
 601   0.101530E-02   0.148051E-03   0.305362E-01   0.509384E-02   0.350000E-03
 602   0.923151E-03   0.158009E-03   0.309832E-01   0.487008E-02   0.150000E-03
 603   0.951338E-03  -0.486956E-03   0.330161E-01   0.455231E-02   0.350000E-03
 604   0.963586E-03  -0.190519E-03   0.334202E-01   0.398273E-02   0.350000E-03
 605   0.163830E-02   0.242253E-04   0.364193E-01   0.476492E-02   0.400000E-03
 606   0.168669E-02   0.161390E-05   0.384938E-01   0.513698E-02   0.450000E-03
 607   0.165472E-02   0.113087E-03   0.386352E-01   0.403948E-02   0.250000E-03
 608   0.170546E-02  -0.336687E-03   0.396541E-01   0.345811E-02   0.300000E-03
 609   0.198588E-02  -0.343376E-03   0.402462E-01   0.319554E-02   0.350000E-03
 610   0.176460E-02  -0.248244E-03   0.409156E-01   0.277786E-02   0.150000E-03
 611   0.142308E-02  -0.527256E-03   0.427957E-01   0.360605E-02   0.450000E-03
 612   0.142085E-02  -0.627014E-03   0.434415E-01   0.314072E-02   0.350000E-03
 613   0.354563E-03  -0.131506E-03   0.104551E-01   0.860143E-02   0.350000E-03
 614  -0.281955E-04   0.238854E-03   0.313997E-02   0.446464E-02   0.200000E-03
 615   0.165311E-03  -0.214315E-04   0.368401E-02   0.439959E-02   0.350000E-03
 616   0.301739E-04   0.792292E-04   0.569412E-02   0.425661E-02   0.150000E-03
 617   0.122557E-03  -0.223511E-03   0.664292E-02   0.444892E-02   0.350000E-03
 618   0.406411E-03  -0.138123E-04   0.807897E-02   0.555600E-02   0.300000E-03
 619   0.945259E-03   0.106948E-03   0.930222E-02   0.519226E-02   0.300000E-03
 620   0.269470E-03  -0.187500E-03   0.990205E-02   0.554072E-02   0.400000E-03
 621   0.253565E-03  -0.294342E-04   0.114110E-01   0.531580E-02   0.250000E-03
 622   0.288194E-03   0.886542E-04   0.114306E-01   0.482413E-02   0.250000E-03
 623   0.359573E-03  -0.313555E-04   0.126775E-01   0.509428E-02   0.350000E-03
 624   0.482882E-03   0.532303E-04   0.139572E-01   0.568600E-02   0.200000E-03
 625   0.458321E-03   0.280674E-04   0.144762E-01   0.586372E-02   0.350000E-03
 626   0.314593E-03  -0.478572E-03   0.166224E-01   0.549267E-02   0.150000E-03
 627   0.636459E-03  -0.296368E-03   0.169383E-01   0.564276E-02   0.200000E-03
 628   0.702874E-03   0.134176E-03   0.175629E-01   0.601981E-02   0.300000E-03
 629   0.838112E-03   0.156780E-03   0.188520E-01   0.639950E-02   0.450000E-03
 630   0.702788E-03   0.749373E-03   0.218556E-01   0.607551E-02   0.300000E-03
 631   0.625468E-03   0.664416E-05   0.227795E-01   0.524087E-02   0.350000E-03
 632   0.563298E-03  -0.426397E-03   0.238475E-01   0.490398E-02   0.300000E-03
 633   0.991289E-03   0.192003E-03   0.246841E-01   0.512149E-02   0.250000E-03
 634   0.900961E-03  -0.255661E-04   0.271892E-01   0.451808E-02   0.200000E-03
 635   0.782763E-03  -0.126195E-03   0.278324E-01   0.447386E-02   0.450000E-03
 636   0.923513E-03   0.146342E-03   0.294018E-01   0.516209E-02   0.300000E-03
 637   0.930671E-03   0.139843E-03   0.303514E-01   0.571264E-02   0.300000E-03
 638   0.110207E-02  -0.221077E-03   0.321103E-01   0.471219E-02   0.350000E-03
 639   0.141387E-02  -0.150341E-03   0.342807E-01   0.481454E-02   0.250000E-03
 640   0.148170E-02  -0.440595E-03   0.344985E-01   0.431494E-02   0.300000E-03
 641   0.152975E-02  -0.182478E-03   0.368813E-01   0.528963E-02   0.300000E-03
 642   0.128714E-02   0.226006E-03   0.372686E-01   0.490295E-02   0.250000E-03
 643   0.173726E-02   0.941615E-04   0.387994E-01   0.450868E-02   0.250000E-03
 644   0.136061E-02   0.138635E-03   0.392840E-01   0.404915E-02   0.400000E-03
 645   0.122960E-02  -0.799045E-03   0.417178E-01   0.382726E-02   0.200000E-03
 646   0.945579E-03   0.109160E-02   0.407632E-01   0.327509E-02   0.150000E-03
 647   0.143247E-02  -0.535144E-03   0.425640E-01   0.298616E-02   0.200000E-03
 648  -0.119818E-03   0.129904E-02   0.448045E-01   0.355169E-02   0.200000E-03
 649   0.187812E-03  -0.141495E-03   0.713814E-03   0.487881E-02   0.200000E-03
 650   0.164930E-03   0.314235E-03   0.266999E-02   0.500614E-02   0.350000E-03
 651   0.731386E-04  -0.130933E-03   0.320164E-02   0.396916E-02   0.300000E-03
 652   0.142077E-03   0.645701E-04   0.457303E-02   0.488997E-02   0.200000E-03
 653   0.143328E-04  -0.559450E-06   0.656439E-02   0.494206E-02   0.150000E-03
 654   0.318010E-04  -0.289034E-03   0.744628E-02   0.525942E-02   0.400000E-03
 655   0.259890E-03   0.780408E-04   0.876658E-02   0.577671E-02   0.350000E-03
 656   0.439371E-04   0.425898E-05   0.935515E-02   0.588805E-02   0.250000E-03
 657   0.320088E-03  -0.185375E-04   0.104772E-01   0.592615E-02   0.300000E-03
 658   0.619938E-03  -0.605937E-04   0.119789E-01   0.512593E-02   0.350000E-03
 659   0.324141E-03  -0.572078E-04   0.131559E-01   0.545534E-02   0.250000E-03
 660   0.484864E-03   0.866528E-04   0.136218E-01   0.618211E-02   0.400000E-03
 661   0.504851E-03   0.430407E-04   0.149960E-01   0.625210E-02   0.300000E-03
 662   0.474967E-03   0.455277E-04   0.163373E-01   0.642586E-02   0.300000E-03
 663   0.647488E-03  -0.299309E-03   0.166248E-01   0.596053E-02   0.250000E-03
 664   0.626724E-03  -0.123687E-05   0.177627E-01   0.652974E-02   0.250000E-03
 665   0.100108E-02  -0.154405E-03   0.200408E-01   0.625652E-02   0.300000E-03
 666   0.777681E-03  -0.916134E-04   0.212808E-01   0.633895E-02   0.300000E-03
 667   0.507073E-03   0.271726E-04   0.223878E-01   0.575337E-02   0.300000E-03
 668   0.844223E-03   0.178223E-03   0.234236E-01   0.532817E-02   0.300000E-03
 669   0.610556E-03  -0.447313E-03   0.248855E-01   0.473250E-02   0.100000E-03
 670   0.971665E-03   0.126616E-03   0.264006E-01   0.487679E-02   0.200000E-03
 671   0.879755E-03   0.117646E-03   0.285272E-01   0.530572E-02   0.200000E-03
 672   0.776459E-03   0.386573E-04   0.281276E-01   0.510686E-02   0.250000E-03
 673   0.904903E-03   0.104952E-03   0.310233E-01   0.558838E-02   0.350000E-03
 674   0.124831E-02  -0.271950E-03   0.315414E-01   0.511895E-02   0.350000E-03
 675   0.147232E-02  -0.566924E-03   0.324949E-01   0.425584E-02   0.250000E-03
 676   0.148490E-02  -0.539127E-03   0.347793E-01   0.478428E-02   0.250000E-03
 677   0.155197E-02  -0.171823E-03   0.369635E-01   0.598345E-02   0.400000E-03
 678   0.100613E-02  -0.508873E-03   0.374228E-01   0.537685E-02   0.250000E-03
 679   0.167339E-02  -0.966070E-04   0.390863E-01   0.541948E-02   0.200000E-03
 680   0.167572E-02   0.510411E-04   0.392555E-01   0.489721E-02   0.350000E-03
 681   0.147944E-02  -0.458932E-03   0.410838E-01   0.387155E-02   0.250000E-03
 682   0.183539E-02  -0.428969E-03   0.421287E-01   0.340158E-02   0.250000E-03
 683   0.172153E-02  -0.133367E-03   0.440170E-01   0.454455E-02   0.500000E-03
 684   0.152028E-02  -0.611553E-03   0.440385E-01   0.339149E-02   0.300000E-03
 685   0.171550E-03   0.847036E-04   0.349384E-03   0.723365E-02   0.350000E-03
 686  -0.185831E-04   0.499942E-03   0.332663E-02   0.557816E-02   0.350000E-03
 687  -0.441590E-04   0.317272E-03   0.331425E-02   0.493114E-02   0.300000E-03
 688   0.213920E-04   0.151976E-03   0.501362E-02   0.481330E-02   0.250000E-03
 689   0.280153E-03  -0.602504E-04   0.705903E-02   0.480243E-02   0.200000E-03
 690   0.641734E-05   0.520706E-04   0.759531E-02   0.598920E-02   0.350000E-03
 691   0.172527E-03  -0.890024E-05   0.877671E-02   0.647539E-02   0.350000E-03
 692   0.262230E-03  -0.657687E-04   0.989688E-02   0.624010E-02   0.300000E-03
 693   0.245445E-03  -0.460325E-04   0.103962E-01   0.646666E-02   0.250000E-03
 694   0.277102E-03  -0.871066E-04   0.111173E-01   0.583121E-02   0.350000E-03
 695   0.282067E-03   0.758878E-04   0.128965E-01   0.599465E-02   0.350000E-03
 696   0.471756E-03  -0.146129E-03   0.146176E-01   0.717730E-02   0.250000E-03
 697   0.445073E-03  -0.260910E-03   0.143279E-01   0.659569E-02   0.400000E-03
 698   0.918935E-03  -0.304792E-03   0.156330E-01   0.654181E-02   0.400000E-03
 699   0.765411E-03   0.141187E-04   0.170668E-01   0.658031E-02   0.450000E-03
 700   0.883800E-03   0.990620E-04   0.182302E-01   0.681660E-02   0.300000E-03
 701   0.642269E-03   0.104800E-03   0.195664E-01   0.661909E-02   0.300000E-03
 702   0.865018E-03  -0.761244E-04   0.204520E-01   0.682167E-02   0.400000E-03
 703   0.537910E-03  -0.118747E-03   0.230638E-01   0.593313E-02   0.400000E-03
 704   0.963248E-03   0.234155E-03   0.241778E-01   0.551927E-02   0.400000E-03
 705   0.849596E-03   0.239831E-03   0.251654E-01   0.499834E-02   0.250000E-03
 706   0.834386E-03   0.207200E-03   0.259798E-01   0.503505E-02   0.250000E-03
 707   0.942907E-03  -0.111561E-04   0.269840E-01   0.507837E-02   0.400000E-03
 708   0.954992E-03   0.109441E-03   0.298851E-01   0.542249E-02   0.250000E-03
 709   0.114938E-02  -0.177484E-03   0.320724E-01   0.525988E-02   0.200000E-03
 710   0.845729E-03  -0.375670E-03   0.326305E-01   0.501076E-02   0.250000E-03
 711   0.101123E-02  -0.251211E-03   0.337173E-01   0.461170E-02   0.350000E-03
 712   0.170380E-02  -0.360142E-03   0.351278E-01   0.520852E-02   0.300000E-03
 713   0.175642E-02  -0.108170E-03   0.381520E-01   0.636466E-02   0.350000E-03
 714   0.180411E-02  -0.463963E-04   0.379256E-01   0.569947E-02   0.350000E-03
 715   0.164662E-02  -0.707033E-04   0.388159E-01   0.563794E-02   0.150000E-03
 716   0.145730E-02   0.263145E-03   0.397208E-01   0.452704E-02   0.250000E-03
 717   0.983752E-03  -0.168067E-03   0.400572E-01   0.365832E-02   0.150000E-03
 718   0.175983E-02  -0.715713E-03   0.421617E-01   0.389919E-02   0.250000E-03
 719   0.160637E-02  -0.212446E-03   0.448009E-01   0.544285E-02   0.200000E-03
 720   0.169343E-02  -0.362351E-03   0.434022E-01   0.727209E-02   0.350000E-03
 721   0.636138E-03   0.777241E-03   0.215169E-02   0.401990E-02   0.200000E-03
 722   0.348013E-03   0.307865E-03   0.202698E-02   0.509396E-02   0.300000E-03
 723   0.906783E-04   0.334173E-04   0.425191E-02   0.458087E-02   0.250000E-03
 724  -0.111931E-03   0.534166E-04   0.602062E-02   0.485975E-02   0.400000E-03
 725   0.307799E-03  -0.194198E-03   0.691455E-02   0.512063E-02   0.150000E-03
 726  -0.106194E-03   0.126151E-03   0.650948E-02   0.548910E-02   0.400000E-03
 727   0.422991E-03   0.179645E-03   0.822608E-02   0.613703E-02   0.300000E-03
 728   0.527693E-04   0.199567E-04   0.936853E-02   0.638655E-02   0.250000E-03
 729   0.201105E-03  -0.346939E-05   0.971133E-02   0.681576E-02   0.300000E-03
 730   0.501659E-03  -0.223052E-03   0.123502E-01   0.559685E-02   0.250000E-03
 731   0.364278E-03   0.706601E-04   0.122258E-01   0.618973E-02   0.350000E-03
 732   0.436570E-03   0.353330E-04   0.131188E-01   0.659261E-02   0.250000E-03
 733   0.580856E-03  -0.240049E-03   0.149433E-01   0.679829E-02   0.250000E-03
 734   0.442770E-03   0.129713E-03   0.161478E-01   0.688291E-02   0.200000E-03
 735   0.924431E-03   0.748521E-04   0.176556E-01   0.711983E-02   0.350000E-03
 736   0.807260E-03   0.381199E-04   0.191405E-01   0.719835E-02   0.400000E-03
 737   0.617638E-03   0.398053E-04   0.198373E-01   0.715282E-02   0.300000E-03
 738   0.866103E-03   0.239405E-03   0.215252E-01   0.699212E-02   0.400000E-03
 739   0.547038E-03  -0.644969E-04   0.224731E-01   0.639271E-02   0.350000E-03
 740   0.104253E-02   0.140895E-04   0.237796E-01   0.615115E-02   0.350000E-03
 741   0.912629E-03  -0.103471E-04   0.248298E-01   0.559822E-02   0.250000E-03
 742   0.102384E-02   0.141675E-04   0.263875E-01   0.532613E-02   0.250000E-03
 743   0.808811E-03   0.124673E-05   0.276299E-01   0.514074E-02   0.250000E-03
 744   0.860489E-03   0.144482E-03   0.289039E-01   0.517952E-02   0.200000E-03
 745   0.137113E-02   0.260832E-03   0.316086E-01   0.571284E-02   0.250000E-03
 746   0.111761E-02   0.277661E-03   0.327979E-01   0.558613E-02   0.350000E-03
 747   0.132536E-02   0.159936E-03   0.332746E-01   0.514644E-02   0.300000E-03
 748   0.181347E-02  -0.904432E-06   0.356754E-01   0.485871E-02   0.350000E-03
 749   0.170229E-02  -0.339877E-03   0.363093E-01   0.545421E-02   0.300000E-03
 750   0.169119E-02  -0.751332E-04   0.384980E-01   0.587613E-02   0.250000E-03
 751   0.162084E-02  -0.140391E-03   0.391515E-01   0.593064E-02   0.300000E-03
 752   0.130866E-02   0.325609E-03   0.401754E-01   0.422778E-02   0.300000E-03
 753   0.537375E-03   0.505345E-03   0.406982E-01   0.298272E-02   0.150000E-03
 754   0.131731E-02  -0.218303E-03   0.418844E-01   0.418551E-02   0.150000E-03
 755   0.119784E-02  -0.244703E-04   0.425393E-01   0.414807E-02   0.150000E-03
 756   0.185356E-02  -0.641595E-04   0.431038E-01   0.669487E-02   0.300000E-03
 757   0.608198E-03   0.793859E-03   0.183889E-02   0.447187E-02   0.350000E-03
 758  -0.159032E-03   0.468194E-03   0.401944E-02   0.565238E-02   0.350000E-03
 759  -0.688733E-04   0.279320E-03   0.390839E-02   0.500962E-02   0.300000E-03
 760  -0.258308E-03   0.410356E-04   0.472225E-02   0.556628E-02   0.300000E-03
 761  -0.749568E-04  -0.302859E-04   0.538601E-02   0.534482E-02   0.400000E-03
 762   0.251229E-04   0.525435E-04   0.588480E-02   0.590101E-02   0.350000E-03
 763  -0.102543E-03   0.427407E-04   0.687649E-02   0.619682E-02   0.400000E-03
 764   0.474142E-03  -0.259494E-03   0.815232E-02   0.673227E-02   0.300000E-03
 765   0.229471E-03  -0.188994E-03   0.115486E-01   0.637711E-02   0.350000E-03
 766   0.475132E-03   0.135718E-03   0.117598E-01   0.573770E-02   0.300000E-03
 767   0.216004E-03  -0.355819E-04   0.126792E-01   0.649935E-02   0.200000E-03
 768   0.416746E-03  -0.263899E-03   0.137216E-01   0.682301E-02   0.250000E-03
 769   0.582152E-03  -0.226094E-03   0.152384E-01   0.731984E-02   0.350000E-03
 770   0.862454E-03  -0.330998E-03   0.158234E-01   0.719353E-02   0.250000E-03
 771   0.844365E-03  -0.204908E-03   0.165488E-01   0.676493E-02   0.100000E-03
 772   0.760455E-03   0.606261E-04   0.185001E-01   0.729194E-02   0.250000E-03
 773   0.748550E-03   0.221314E-03   0.202306E-01   0.773072E-02   0.400000E-03
 774   0.986128E-03   0.116033E-03   0.209077E-01   0.741255E-02   0.350000E-03
 775   0.781219E-03   0.266933E-03   0.233174E-01   0.653125E-02   0.250000E-03
 776   0.969024E-03   0.207777E-03   0.249363E-01   0.603488E-02   0.200000E-03
 777   0.567776E-03   0.196383E-03   0.255802E-01   0.482917E-02   0.200000E-03
 778   0.887526E-03   0.342426E-05   0.259701E-01   0.548356E-02   0.200000E-03
 779   0.777966E-03  -0.601490E-04   0.279118E-01   0.561201E-02   0.300000E-03
 780   0.932114E-03   0.118462E-03   0.294166E-01   0.580962E-02   0.350000E-03
 781   0.898070E-03   0.118896E-03   0.307220E-01   0.604787E-02   0.200000E-03
 782   0.122358E-02   0.237508E-03   0.321563E-01   0.575201E-02   0.300000E-03
 783   0.106802E-02   0.174543E-03   0.339089E-01   0.528331E-02   0.350000E-03
 784   0.148770E-02   0.117919E-03   0.344557E-01   0.522696E-02   0.200000E-03
 785   0.167507E-02  -0.316973E-03   0.356719E-01   0.555843E-02   0.350000E-03
 786   0.182741E-02  -0.854221E-04   0.375794E-01   0.618906E-02   0.250000E-03
 787   0.161522E-02  -0.752195E-04   0.397156E-01   0.612987E-02   0.300000E-03
 788   0.160014E-02  -0.858270E-04   0.396308E-01   0.548642E-02   0.350000E-03
 789   0.190399E-02  -0.446745E-03   0.405488E-01   0.376172E-02   0.300000E-03
 790   0.151893E-02  -0.282332E-03   0.414472E-01   0.427826E-02   0.300000E-03
 791   0.139883E-02  -0.469324E-03   0.430941E-01   0.434797E-02   0.350000E-03
 792   0.134926E-02   0.403240E-04   0.438684E-01   0.517714E-02   0.150000E-03
 793   0.296789E-03   0.600108E-03   0.283986E-02   0.547364E-02   0.150000E-03
 794   0.315832E-03   0.884059E-04   0.245221E-02   0.545265E-02   0.150000E-03
 795  -0.369268E-04   0.279378E-03   0.435908E-02   0.522370E-02   0.200000E-03
 796   0.391336E-03   0.160268E-03   0.266551E-02   0.646447E-02   0.300000E-03
 797  -0.326108E-03   0.288855E-03   0.449214E-02   0.623325E-02   0.400000E-03
 798  -0.165335E-03   0.238151E-03   0.515284E-02   0.600355E-02   0.300000E-03
 799   0.550015E-04   0.744828E-04   0.750446E-02   0.667997E-02   0.350000E-03
 800   0.112355E-03  -0.538261E-03   0.882913E-02   0.707190E-02   0.250000E-03
 801   0.192076E-03  -0.162942E-03   0.108125E-01   0.673950E-02   0.250000E-03
 802   0.219810E-03  -0.132746E-03   0.112791E-01   0.691227E-02   0.250000E-03
 803   0.466372E-03  -0.747219E-04   0.120137E-01   0.674999E-02   0.250000E-03
 804   0.361354E-03  -0.279455E-03   0.132624E-01   0.712344E-02   0.300000E-03
 805   0.364011E-03  -0.115429E-03   0.140722E-01   0.724670E-02   0.300000E-03
 806   0.773746E-03  -0.909455E-04   0.156966E-01   0.762357E-02   0.200000E-03
 807   0.791291E-03  -0.114414E-03   0.180725E-01   0.755094E-02   0.250000E-03
 808   0.819842E-03   0.345421E-04   0.191619E-01   0.804715E-02   0.450000E-03
 809   0.941751E-03   0.357168E-04   0.214913E-01   0.769528E-02   0.300000E-03
 810   0.364277E-03   0.276713E-03   0.222235E-01   0.698751E-02   0.300000E-03
 811   0.100829E-02   0.245071E-03   0.238210E-01   0.679734E-02   0.300000E-03
 812   0.105059E-02   0.499453E-03   0.244511E-01   0.616316E-02   0.300000E-03
 813   0.658817E-03   0.561408E-04   0.254256E-01   0.553436E-02   0.350000E-03
 814   0.846830E-03  -0.164028E-03   0.273906E-01   0.551860E-02   0.200000E-03
 815   0.871373E-03   0.123722E-03   0.286711E-01   0.588598E-02   0.400000E-03
 816   0.773863E-03   0.221553E-03   0.311864E-01   0.611152E-02   0.200000E-03
 817   0.960166E-03   0.122788E-03   0.302254E-01   0.629769E-02   0.300000E-03
 818   0.111960E-02   0.152778E-03   0.325660E-01   0.618935E-02   0.300000E-03
 819   0.129280E-02  -0.451146E-04   0.334331E-01   0.572479E-02   0.300000E-03
 820   0.140158E-02  -0.811753E-04   0.347211E-01   0.564882E-02   0.300000E-03
 821   0.170460E-02  -0.285618E-03   0.362376E-01   0.604780E-02   0.300000E-03
 822   0.171326E-02   0.512443E-04   0.378301E-01   0.692910E-02   0.300000E-03
 823   0.186553E-02  -0.238031E-03   0.387506E-01   0.630705E-02   0.250000E-03
 824   0.121883E-02   0.147332E-03   0.408117E-01   0.555215E-02   0.350000E-03
 825   0.100508E-02  -0.143246E-03   0.402518E-01   0.498168E-02   0.450000E-03
 826   0.107105E-02   0.254083E-03   0.408013E-01   0.440041E-02   0.350000E-03
 827   0.182691E-02   0.592043E-04   0.422251E-01   0.439461E-02   0.250000E-03
 828   0.172494E-02   0.241428E-03   0.402799E-01   0.691963E-02   0.350000E-03
 829   0.379968E-03   0.438932E-03   0.262504E-02   0.586708E-02   0.300000E-03
 830  -0.125042E-03  -0.199749E-03   0.299925E-03   0.520299E-02   0.300000E-03
 831  -0.146470E-03  -0.262542E-03   0.312886E-03   0.570159E-02   0.200000E-03
 832   0.970846E-04   0.289673E-03   0.310425E-02   0.613393E-02   0.250000E-03
 833   0.522378E-04  -0.532052E-04   0.327491E-02   0.665501E-02   0.300000E-03
 834  -0.190051E-03   0.422139E-03   0.508753E-02   0.659933E-02   0.300000E-03
 835  -0.167604E-03   0.151520E-03   0.572836E-02   0.678528E-02   0.300000E-03
 836   0.539571E-04   0.736959E-04   0.754758E-02   0.737684E-02   0.350000E-03
 837   0.169721E-03   0.870269E-04   0.108174E-01   0.629082E-02   0.200000E-03
 838   0.376236E-03   0.504322E-04   0.117468E-01   0.728655E-02   0.350000E-03
 839   0.118515E-03  -0.218586E-03   0.125655E-01   0.708795E-02   0.400000E-03
 840   0.475142E-03  -0.627698E-04   0.141444E-01   0.786516E-02   0.300000E-03
 841   0.470325E-03  -0.996814E-04   0.147249E-01   0.771649E-02   0.300000E-03
 842   0.107718E-02  -0.158620E-03   0.170581E-01   0.737402E-02   0.300000E-03
 843   0.731624E-03  -0.173194E-04   0.185115E-01   0.778966E-02   0.250000E-03
 844   0.113304E-02  -0.411001E-03   0.198594E-01   0.832307E-02   0.300000E-03
 845   0.980974E-03   0.272376E-03   0.208938E-01   0.811097E-02   0.350000E-03
 846   0.355508E-03   0.286428E-03   0.219996E-01   0.748831E-02   0.250000E-03
 847   0.755488E-03   0.367261E-03   0.232934E-01   0.708011E-02   0.300000E-03
 848   0.850732E-03   0.256121E-03   0.245162E-01   0.687086E-02   0.400000E-03
 849   0.684846E-03   0.105337E-03   0.254500E-01   0.623054E-02   0.350000E-03
 850   0.952250E-03  -0.692335E-06   0.267461E-01   0.562564E-02   0.200000E-03
 851   0.936785E-03   0.155777E-03   0.266303E-01   0.610925E-02   0.300000E-03
 852   0.956581E-03   0.116310E-03   0.299156E-01   0.582121E-02   0.150000E-03
 853   0.140957E-02   0.491299E-03   0.316998E-01   0.630401E-02   0.350000E-03
 854   0.124683E-02   0.390607E-03   0.327814E-01   0.680073E-02   0.350000E-03
 855   0.117555E-02   0.191583E-03   0.331617E-01   0.625949E-02   0.300000E-03
 856   0.108781E-02   0.785731E-04   0.341181E-01   0.600100E-02   0.400000E-03
 857   0.137308E-02  -0.695312E-04   0.352076E-01   0.607846E-02   0.350000E-03
 858   0.167896E-02  -0.369142E-03   0.365595E-01   0.655298E-02   0.300000E-03
 859   0.163807E-02   0.207023E-03   0.392792E-01   0.646428E-02   0.250000E-03
 860   0.167439E-02  -0.195030E-04   0.402065E-01   0.578471E-02   0.300000E-03
 861   0.170192E-02   0.137346E-03   0.415095E-01   0.556637E-02   0.350000E-03
 862   0.112315E-02   0.420154E-03   0.409738E-01   0.497476E-02   0.250000E-03
 863   0.150912E-02   0.286653E-04   0.432706E-01   0.512771E-02   0.450000E-03
 864   0.147621E-02   0.303017E-04   0.445506E-01   0.604152E-02   0.450000E-03
 865  -0.277510E-03   0.269300E-03   0.137959E-02   0.504790E-02   0.350000E-03
 866  -0.439623E-03   0.397535E-04   0.171105E-02   0.548152E-02   0.200000E-03
 867   0.765168E-04   0.706324E-04   0.204975E-02   0.626048E-02   0.350000E-03
 868  -0.167573E-04   0.295497E-03   0.365142E-02   0.618766E-02   0.300000E-03
 869   0.280289E-04   0.208460E-03   0.333938E-02   0.719886E-02   0.250000E-03
 870  -0.167217E-04   0.297782E-04   0.622701E-02   0.645233E-02   0.300000E-03
 871  -0.828846E-04   0.103879E-03   0.689205E-02   0.689566E-02   0.300000E-03
 872   0.966069E-04  -0.429650E-04   0.921190E-02   0.680781E-02   0.200000E-03
 873   0.247611E-03   0.154463E-04   0.102815E-01   0.700164E-02   0.300000E-03
 874   0.613839E-04  -0.263256E-03   0.116991E-01   0.796379E-02   0.300000E-03
 875   0.907283E-04  -0.142961E-03   0.122413E-01   0.770671E-02   0.300000E-03
 876   0.378006E-03  -0.131638E-03   0.136007E-01   0.761582E-02   0.300000E-03
 877   0.468116E-03  -0.371949E-04   0.146463E-01   0.831013E-02   0.300000E-03
 878   0.760793E-03   0.530383E-03   0.164088E-01   0.736486E-02   0.350000E-03
 879   0.101116E-02  -0.262477E-03   0.175074E-01   0.769933E-02   0.250000E-03
 880   0.983408E-03  -0.365486E-03   0.176543E-01   0.822844E-02   0.300000E-03
 881   0.339231E-03   0.463814E-03   0.219879E-01   0.803746E-02   0.300000E-03
 882   0.696654E-03   0.344622E-03   0.227487E-01   0.714658E-02   0.250000E-03
 883   0.111443E-02   0.192336E-03   0.229252E-01   0.660295E-02   0.150000E-03
 884   0.995330E-03   0.197346E-03   0.240056E-01   0.741933E-02   0.350000E-03
 885   0.969987E-03   0.136692E-02   0.261299E-01   0.736748E-02   0.400000E-03
 886   0.866747E-03   0.747201E-04   0.260465E-01   0.597602E-02   0.300000E-03
 887   0.906230E-03   0.719707E-04   0.285578E-01   0.662565E-02   0.350000E-03
 888   0.920609E-03   0.130563E-03   0.295386E-01   0.659829E-02   0.450000E-03
 889   0.800852E-03   0.144395E-03   0.308730E-01   0.667982E-02   0.450000E-03
 890   0.101061E-02   0.290025E-03   0.322145E-01   0.660909E-02   0.250000E-03
 891   0.102904E-02   0.119674E-03   0.337271E-01   0.663926E-02   0.350000E-03
 892   0.113589E-02   0.105554E-03   0.346587E-01   0.658812E-02   0.400000E-03
 893   0.151042E-02  -0.119543E-03   0.357628E-01   0.641396E-02   0.300000E-03
 894   0.181480E-02  -0.889352E-04   0.385853E-01   0.677872E-02   0.250000E-03
 895   0.173918E-02  -0.118481E-03   0.390961E-01   0.698232E-02   0.300000E-03
 896   0.171280E-02   0.462941E-03   0.419089E-01   0.694629E-02   0.300000E-03
 897   0.178335E-02  -0.383719E-04   0.424631E-01   0.660039E-02   0.350000E-03
 898   0.113191E-02  -0.332274E-03   0.426153E-01   0.461694E-02   0.200000E-03
 899   0.157833E-02   0.445165E-04   0.424752E-01   0.518241E-02   0.350000E-03
 900   0.165511E-02  -0.113163E-03   0.438289E-01   0.569718E-02   0.350000E-03
 901  -0.217950E-03  -0.121780E-04   0.129134E-02   0.563863E-02   0.250000E-03
 902   0.659910E-04   0.208477E-03   0.306526E-02   0.761634E-02   0.250000E-03
 903   0.361133E-04   0.249876E-03   0.211654E-02   0.566540E-02   0.250000E-03
 904   0.652843E-04   0.209566E-03   0.274664E-02   0.710818E-02   0.350000E-03
 905  -0.288789E-04  -0.105068E-03   0.397964E-02   0.691041E-02   0.450000E-03
 906  -0.296406E-03   0.216822E-03   0.584242E-02   0.732850E-02   0.250000E-03
 907  -0.140265E-03   0.263201E-03   0.553525E-02   0.632444E-02   0.200000E-03
 908   0.961514E-04   0.820585E-04   0.883235E-02   0.762089E-02   0.300000E-03
 909   0.107867E-03   0.408453E-04   0.933396E-02   0.729190E-02   0.300000E-03
 910   0.621447E-04   0.161452E-03   0.101211E-01   0.804401E-02   0.300000E-03
 911   0.418478E-03  -0.905675E-08   0.112599E-01   0.763463E-02   0.250000E-03
 912   0.578001E-03   0.314640E-04   0.151219E-01   0.858469E-02   0.250000E-03
 913   0.588298E-03   0.142298E-04   0.153116E-01   0.801573E-02   0.350000E-03
 914   0.944294E-03   0.755525E-04   0.161243E-01   0.811141E-02   0.450000E-03
 915   0.109651E-02  -0.344069E-03   0.169730E-01   0.806866E-02   0.400000E-03
 916   0.122795E-02  -0.134943E-03   0.204151E-01   0.854873E-02   0.300000E-03
 917   0.868953E-03   0.213084E-03   0.199897E-01   0.897061E-02   0.300000E-03
 918   0.743045E-03   0.202673E-03   0.225554E-01   0.771369E-02   0.350000E-03
 919   0.763080E-03   0.304578E-03   0.232555E-01   0.772860E-02   0.350000E-03
 920   0.918454E-03   0.430008E-03   0.248486E-01   0.637315E-02   0.150000E-03
 921   0.850990E-03   0.453395E-03   0.234321E-01   0.845237E-02   0.350000E-03
 922   0.830755E-03   0.204504E-03   0.260278E-01   0.662483E-02   0.350000E-03
 923   0.781778E-03   0.820022E-04   0.279612E-01   0.625939E-02   0.350000E-03
 924   0.850032E-03   0.204750E-03   0.289807E-01   0.730419E-02   0.450000E-03
 925   0.846486E-03   0.235749E-03   0.310796E-01   0.745224E-02   0.350000E-03
 926   0.140969E-02   0.365805E-03   0.315757E-01   0.694099E-02   0.300000E-03
 927   0.982595E-03   0.324049E-03   0.336371E-01   0.719572E-02   0.200000E-03
 928   0.101925E-02  -0.143487E-02   0.341669E-01   0.649783E-02   0.100000E-03
 929   0.160370E-02   0.401708E-05   0.372278E-01   0.668494E-02   0.350000E-03
 930   0.158277E-02  -0.131125E-03   0.412095E-01   0.662961E-02   0.300000E-03
 931   0.176949E-02   0.321618E-04   0.411797E-01   0.606311E-02   0.250000E-03
 932   0.162200E-02   0.192560E-03   0.397307E-01   0.667882E-02   0.250000E-03
 933   0.161418E-02  -0.139557E-03   0.418002E-01   0.625513E-02   0.400000E-03
 934   0.113565E-02   0.408123E-03   0.412376E-01   0.467513E-02   0.150000E-03
 935   0.177586E-02   0.423566E-04   0.417924E-01   0.487878E-02   0.400000E-03
 936   0.133812E-02   0.188234E-03   0.433613E-01   0.614787E-02   0.300000E-03
 937  -0.199516E-03   0.148581E-03   0.104320E-02   0.714591E-02   0.350000E-03
 938  -0.168552E-03   0.126410E-03   0.298482E-03   0.620071E-02   0.300000E-03
 939  -0.699238E-04   0.131963E-03   0.368661E-02   0.768539E-02   0.350000E-03
 940   0.253094E-03  -0.210762E-03   0.788296E-03   0.585592E-02   0.300000E-03
 941   0.955035E-04   0.158964E-04   0.167786E-02   0.685242E-02   0.350000E-03
 942  -0.121095E-03   0.118515E-03   0.453604E-02   0.768357E-02   0.500000E-03
 943  -0.249260E-03   0.218364E-03   0.525226E-02   0.722732E-02   0.350000E-03
 944  -0.801740E-05   0.567653E-04   0.631173E-02   0.704473E-02   0.300000E-03
 945   0.162396E-03  -0.196182E-03   0.108352E-01   0.728776E-02   0.300000E-03
 946   0.192456E-03  -0.216244E-03   0.986056E-02   0.744729E-02   0.250000E-03
 947   0.337384E-03  -0.642212E-04   0.129417E-01   0.797193E-02   0.450000E-03
 948   0.132905E-03   0.257128E-03   0.125609E-01   0.855875E-02   0.250000E-03
 949   0.914301E-03   0.113959E-03   0.156592E-01   0.869852E-02   0.300000E-03
 950   0.323603E-03   0.167723E-04   0.139887E-01   0.854757E-02   0.400000E-03
 951   0.893723E-03  -0.336642E-05   0.166205E-01   0.867320E-02   0.300000E-03
 952   0.949207E-03  -0.371515E-03   0.182019E-01   0.818115E-02   0.250000E-03
 953   0.962685E-03   0.188351E-03   0.211121E-01   0.866950E-02   0.250000E-03
 954   0.466577E-03   0.497721E-03   0.225902E-01   0.856282E-02   0.500000E-03
 955   0.943075E-03   0.354029E-03   0.238055E-01   0.798393E-02   0.250000E-03
 956   0.666868E-03   0.349130E-03   0.255719E-01   0.701338E-02   0.250000E-03
 957   0.840741E-03   0.143475E-03   0.272048E-01   0.725202E-02   0.350000E-03
 958   0.940067E-03   0.233953E-03   0.267153E-01   0.675201E-02   0.350000E-03
 959   0.846769E-03   0.156895E-03   0.272773E-01   0.605406E-02   0.350000E-03
 960   0.914794E-03   0.114313E-03   0.301934E-01   0.684546E-02   0.250000E-03
 961   0.941263E-03   0.555310E-03   0.321291E-01   0.795280E-02   0.400000E-03
 962   0.125732E-02   0.212475E-03   0.316787E-01   0.748056E-02   0.250000E-03
 963   0.872879E-03   0.253886E-03   0.332997E-01   0.698184E-02   0.200000E-03
 964   0.127027E-02   0.108825E-03   0.353193E-01   0.681679E-02   0.300000E-03
 965   0.142488E-02  -0.219770E-03   0.360973E-01   0.684999E-02   0.250000E-03
 966   0.171273E-02  -0.430028E-03   0.367165E-01   0.723406E-02   0.400000E-03
 967   0.186619E-02  -0.372301E-04   0.406391E-01   0.631954E-02   0.350000E-03
 968   0.159363E-02  -0.107537E-03   0.401504E-01   0.623101E-02   0.150000E-03
 969   0.157861E-02  -0.595370E-04   0.447507E-01   0.710407E-02   0.250000E-03
 970   0.152461E-02  -0.845179E-04   0.442469E-01   0.677972E-02   0.350000E-03
 971   0.167870E-02   0.300505E-03   0.427096E-01   0.589282E-02   0.400000E-03
 972   0.158256E-02  -0.923938E-04   0.436509E-01   0.672636E-02   0.250000E-03
 973   0.231287E-03   0.284727E-04   0.840204E-03   0.530887E-02   0.250000E-03
 974  -0.873196E-04   0.130407E-03   0.399336E-02   0.820075E-02   0.250000E-03
 975  -0.182363E-03   0.472360E-04   0.135071E-02   0.623380E-02   0.350000E-03
 976  -0.233847E-03   0.831845E-04   0.784175E-03   0.655014E-02   0.300000E-03
 977  -0.102433E-04   0.349879E-03   0.727064E-02   0.790824E-02   0.250000E-03
 978  -0.949657E-04   0.680398E-04   0.690870E-02   0.749488E-02   0.300000E-03
 979  -0.116291E-04   0.569711E-04   0.636782E-02   0.759079E-02   0.250000E-03
 980   0.658058E-04   0.823600E-04   0.815919E-02   0.780857E-02   0.400000E-03
 981   0.210540E-03  -0.206059E-03   0.103501E-01   0.754516E-02   0.250000E-03
 982   0.157395E-03   0.147712E-03   0.937712E-02   0.813533E-02   0.450000E-03
 983   0.812569E-04   0.218517E-03   0.121673E-01   0.825117E-02   0.250000E-03
 984   0.417533E-03   0.121050E-04   0.107673E-01   0.797504E-02   0.350000E-03
 985   0.378728E-03  -0.157588E-04   0.135754E-01   0.811394E-02   0.200000E-03
 986   0.103975E-02  -0.270652E-03   0.189898E-01   0.914692E-02   0.300000E-03
 987   0.107454E-02  -0.246015E-03   0.186064E-01   0.862248E-02   0.350000E-03
 988   0.760140E-03  -0.187926E-04   0.194341E-01   0.874440E-02   0.300000E-03
 989   0.756537E-03  -0.292672E-04   0.195376E-01   0.928368E-02   0.250000E-03
 990   0.940016E-03   0.259650E-03   0.214785E-01   0.824437E-02   0.250000E-03
 991   0.947825E-03   0.215664E-03   0.246272E-01   0.773955E-02   0.350000E-03
 992   0.547288E-03   0.900565E-03   0.250969E-01   0.729142E-02   0.300000E-03
 993   0.578576E-03   0.292049E-03   0.251511E-01   0.674494E-02   0.250000E-03
 994   0.860128E-03   0.215509E-03   0.273519E-01   0.664814E-02   0.250000E-03
 995   0.776039E-03   0.160272E-03   0.279134E-01   0.700738E-02   0.400000E-03
 996   0.838540E-03  -0.547336E-04   0.304404E-01   0.733534E-02   0.300000E-03
 997   0.906278E-03   0.127603E-03   0.298613E-01   0.721895E-02   0.250000E-03
 998   0.986680E-03   0.355127E-03   0.322125E-01   0.720798E-02   0.350000E-03
 999   0.741713E-03   0.164270E-03   0.330349E-01   0.734442E-02   0.250000E-03
1000   0.923108E-03   0.348550E-03   0.341861E-01   0.716851E-02   0.350000E-03
