   1  -0.380677E-03  -0.488670E-03   0.112748E-01   0.845583E-02   0.350000E-03
   2  -0.136160E-02  -0.326005E-03   0.148768E-03   0.149701E-03   0.150000E-03
   3   0.135612E-02  -0.388896E-02   0.459363E-02   0.447990E-03   0.450000E-03
   4  -0.133332E-02   0.855756E-03   0.575343E-02   0.537918E-03   0.200000E-03
   5   0.179671E-02  -0.224954E-04   0.581232E-02   0.999887E-04   0.100000E-03
   6   0.100544E-02   0.280620E-02   0.751444E-02   0.248636E-03   0.250000E-03
   7   0.230618E-02   0.145983E-02   0.814536E-02   0.398697E-03   0.400000E-03
   8   0.114625E-02   0.303936E-02   0.889192E-02   0.348641E-03   0.350000E-03
   9  -0.123747E-02  -0.160806E-03   0.934880E-02   0.541312E-03   0.150000E-03
  10   0.956465E-03   0.164935E-02   0.118145E-01   0.292413E-03   0.300000E-03
  11  -0.560530E-03   0.342905E-03   0.130576E-01   0.348345E-03   0.350000E-03
  12   0.112843E-02   0.604576E-03   0.147919E-01   0.195571E-03   0.200000E-03
  13  -0.922135E-03  -0.959531E-03   0.169439E-01   0.345721E-03   0.350000E-03
  14   0.924318E-03  -0.479247E-03   0.176426E-01   0.348392E-03   0.350000E-03
  15  -0.716349E-03  -0.651716E-03   0.188567E-01   0.413375E-03   0.400000E-03
  16  -0.885804E-03  -0.170768E-02   0.196001E-01   0.346234E-03   0.350000E-03
  17  -0.751715E-04   0.139206E-02   0.205125E-01   0.339975E-03   0.350000E-03
  18   0.231085E-02  -0.769990E-03   0.219742E-01   0.349334E-03   0.350000E-03
  19   0.110689E-02  -0.740503E-03   0.225645E-01   0.246172E-03   0.250000E-03
  20  -0.104442E-02  -0.369108E-03   0.230637E-01   0.246730E-03   0.250000E-03
  21  -0.121472E-04  -0.180039E-03   0.244730E-01   0.249750E-03   0.250000E-03
  22  -0.116424E-03   0.442046E-03   0.257273E-01   0.199916E-03   0.200000E-03
  23   0.221589E-03  -0.391181E-03   0.267494E-01   0.994435E-04   0.100000E-03
  24   0.165780E-03   0.357073E-03   0.282121E-01   0.396746E-03   0.400000E-03
  25  -0.354986E-03   0.246321E-02   0.297805E-01   0.412480E-03   0.400000E-03
  26  -0.209118E-02   0.945692E-03   0.305212E-01   0.333580E-03   0.350000E-03
  27   0.149470E-03   0.149913E-02   0.318589E-01   0.298122E-03   0.300000E-03
  28   0.532932E-03   0.635292E-03   0.333153E-01   0.345071E-03   0.300000E-03
  29   0.641978E-05   0.632126E-03   0.355424E-01   0.443965E-03   0.450000E-03
  30   0.536636E-03   0.927153E-03   0.374054E-01   0.346338E-03   0.350000E-03
  31   0.778547E-03   0.556659E-03   0.379960E-01   0.248664E-03   0.250000E-03
  32  -0.693776E-03  -0.930909E-04   0.401217E-01   0.197223E-03   0.200000E-03
  33   0.195004E-02   0.799267E-03   0.410113E-01   0.195014E-03   0.200000E-03
  34   0.444533E-02   0.552539E-04   0.446049E-01   0.879467E-03   0.400000E-03
  35   0.112263E-02  -0.501026E-02   0.446521E-01   0.192445E-02   0.350000E-03
  36   0.407191E-03   0.192122E-03   0.864695E-02   0.830889E-02   0.300000E-03
  37  -0.747506E-03   0.625951E-03   0.247177E-03   0.176715E-02   0.250000E-03
  38  -0.108758E-02   0.551463E-03   0.782329E-03   0.716396E-03   0.300000E-03
  39   0.935876E-03   0.589489E-03   0.269827E-02   0.398512E-03   0.400000E-03
  40  -0.239672E-03   0.890442E-03   0.618913E-02   0.299043E-03   0.300000E-03
  41   0.239316E-02   0.108343E-02   0.688174E-02   0.391188E-03   0.400000E-03
  42  -0.537359E-03   0.159078E-02   0.730923E-02   0.999649E-03   0.350000E-03
  43   0.136918E-02   0.125666E-02   0.861255E-02   0.934510E-03   0.300000E-03
  44  -0.159073E-02  -0.301833E-03   0.938966E-02   0.937276E-03   0.250000E-03
  45  -0.769139E-03   0.156476E-03   0.999360E-02   0.496303E-03   0.500000E-03
  46  -0.335612E-03   0.968563E-03   0.107831E-01   0.300020E-03   0.300000E-03
  47  -0.209398E-02   0.133964E-02   0.153231E-01   0.149995E-03   0.150000E-03
  48   0.863651E-03   0.126998E-03   0.158477E-01   0.446858E-03   0.450000E-03
  49   0.415962E-03  -0.609107E-03   0.165109E-01   0.887379E-03   0.350000E-03
  50   0.130925E-03  -0.377828E-03   0.182323E-01   0.245840E-03   0.250000E-03
  51  -0.185134E-03  -0.236811E-03   0.193256E-01   0.872027E-03   0.250000E-03
  52  -0.331876E-03  -0.489342E-05   0.200550E-01   0.147225E-03   0.150000E-03
  53  -0.701637E-03   0.205219E-03   0.205151E-01   0.101457E-02   0.200000E-03
  54   0.344910E-03   0.333453E-03   0.211608E-01   0.297981E-03   0.300000E-03
  55   0.301744E-03  -0.305141E-03   0.233996E-01   0.999025E-04   0.100000E-03
  56  -0.613247E-03  -0.150839E-03   0.238400E-01   0.396443E-03   0.400000E-03
  57  -0.889697E-03   0.147127E-02   0.245131E-01   0.921153E-03   0.400000E-03
  58   0.114175E-02  -0.207567E-04   0.251063E-01   0.394950E-03   0.400000E-03
  59   0.112188E-02  -0.370021E-05   0.270287E-01   0.207242E-03   0.200000E-03
  60   0.127785E-02   0.265919E-03   0.275202E-01   0.295926E-03   0.300000E-03
  61  -0.130175E-02   0.138984E-02   0.290953E-01   0.294448E-03   0.300000E-03
  62  -0.500138E-05   0.167312E-02   0.312160E-01   0.348620E-03   0.350000E-03
  63   0.249356E-02   0.230854E-02   0.328456E-01   0.196585E-03   0.200000E-03
  64  -0.106697E-02   0.114373E-02   0.347516E-01   0.345958E-03   0.350000E-03
  65   0.802801E-03   0.308139E-03   0.363183E-01   0.610492E-03   0.350000E-03
  66   0.727130E-03  -0.409940E-03   0.364388E-01   0.137555E-03   0.150000E-03
  67   0.721027E-03   0.588553E-03   0.391408E-01   0.298867E-03   0.300000E-03
  68   0.457806E-02   0.579652E-03   0.423030E-01   0.199862E-03   0.200000E-03
  69   0.711259E-03  -0.767535E-03   0.438614E-01   0.826620E-03   0.350000E-03
  70   0.256076E-03  -0.700495E-03   0.423994E-01   0.719805E-02   0.250000E-03
  71   0.343685E-03   0.140912E-03   0.447017E-01   0.495452E-02   0.300000E-03
  72   0.286936E-02   0.300561E-02   0.447505E-01   0.248054E-03   0.250000E-03
  73  -0.241859E-03  -0.588986E-04   0.255858E-02   0.793984E-02   0.350000E-03
  74   0.884260E-03  -0.330361E-03   0.121024E-02   0.298368E-03   0.300000E-03
  75   0.373376E-03  -0.161846E-02   0.392845E-02   0.247830E-03   0.250000E-03
  76   0.491897E-03   0.130849E-02   0.523125E-02   0.922989E-03   0.350000E-03
  77   0.113077E-02   0.241254E-02   0.648103E-02   0.822689E-03   0.200000E-03
  78   0.453282E-03   0.188201E-02   0.666189E-02   0.134020E-02   0.350000E-03
  79   0.178292E-02   0.123827E-02   0.799360E-02   0.113138E-02   0.350000E-03
  80  -0.773036E-03  -0.662791E-03   0.903542E-02   0.128512E-02   0.250000E-03
  81  -0.493863E-04   0.657478E-03   0.106986E-01   0.958751E-03   0.350000E-03
  82  -0.108874E-02   0.117464E-03   0.133004E-01   0.947136E-03   0.300000E-03
  83  -0.960255E-04   0.662968E-03   0.137562E-01   0.346555E-03   0.350000E-03
  84  -0.300676E-03   0.661603E-03   0.143461E-01   0.243654E-03   0.250000E-03
  85   0.711033E-03   0.106287E-03   0.154391E-01   0.100918E-02   0.250000E-03
  86   0.680349E-03   0.409485E-03   0.172905E-01   0.106465E-02   0.450000E-03
  87  -0.708919E-03  -0.305124E-03   0.188670E-01   0.106262E-02   0.250000E-03
  88   0.642684E-04   0.635230E-03   0.200623E-01   0.802732E-03   0.300000E-03
  89   0.806661E-04   0.288990E-04   0.203098E-01   0.160587E-02   0.400000E-03
  90   0.110700E-02   0.480430E-03   0.214923E-01   0.853728E-03   0.350000E-03
  91   0.950359E-03   0.154479E-02   0.225851E-01   0.742026E-03   0.250000E-03
  92  -0.107516E-02   0.158879E-02   0.231767E-01   0.832562E-03   0.350000E-03
  93   0.422305E-03   0.168699E-02   0.238005E-01   0.114181E-02   0.350000E-03
  94   0.127847E-02   0.160786E-02   0.252308E-01   0.113325E-02   0.350000E-03
  95   0.125560E-02   0.231949E-03   0.273491E-01   0.918846E-03   0.350000E-03
  96  -0.276792E-03  -0.363160E-04   0.280500E-01   0.117779E-02   0.400000E-03
  97   0.509479E-03  -0.302438E-04   0.294549E-01   0.973670E-03   0.250000E-03
  98  -0.128319E-02   0.717512E-03   0.302998E-01   0.108536E-02   0.450000E-03
  99  -0.946719E-03   0.211617E-02   0.324018E-01   0.247659E-03   0.250000E-03
 100   0.159403E-02   0.548565E-02   0.327234E-01   0.626091E-03   0.250000E-03
 101  -0.809391E-03   0.382812E-03   0.349628E-01   0.106234E-02   0.400000E-03
 102   0.190923E-02   0.199638E-03   0.368132E-01   0.270847E-03   0.250000E-03
 103   0.515419E-03   0.189006E-03   0.376434E-01   0.893950E-03   0.250000E-03
 104   0.555339E-03   0.470870E-03   0.385428E-01   0.296308E-03   0.300000E-03
 105   0.208450E-02   0.367890E-03   0.405664E-01   0.243338E-03   0.250000E-03
 106   0.676137E-03   0.650556E-03   0.431915E-01   0.296529E-03   0.300000E-03
 107   0.322912E-03  -0.907264E-03   0.440772E-01   0.745920E-02   0.350000E-03
 108   0.119422E-04  -0.348897E-03   0.349349E-01   0.745784E-02   0.450000E-03
 109  -0.254930E-03   0.669035E-03   0.243081E-03   0.634126E-03   0.250000E-03
 110  -0.225720E-03   0.387222E-03   0.537980E-03   0.236396E-03   0.250000E-03
 111  -0.169782E-03  -0.595895E-03   0.190180E-02   0.397715E-03   0.400000E-03
 112   0.102022E-02   0.291326E-03   0.323367E-02   0.923460E-03   0.350000E-03
 113   0.714118E-03   0.210869E-02   0.595417E-02   0.109920E-02   0.400000E-03
 114   0.532446E-03   0.208695E-02   0.717456E-02   0.153035E-02   0.200000E-03
 115  -0.618858E-04  -0.651037E-03   0.851923E-02   0.158374E-02   0.350000E-03
 116  -0.419142E-03   0.123399E-02   0.984124E-02   0.133156E-02   0.350000E-03
 117   0.978701E-03   0.600236E-03   0.113612E-01   0.743647E-03   0.350000E-03
 118  -0.471296E-03   0.119629E-02   0.124118E-01   0.296264E-03   0.300000E-03
 119   0.320525E-03  -0.109910E-03   0.142795E-01   0.783292E-03   0.300000E-03
 120   0.149997E-03  -0.456182E-03   0.151093E-01   0.575209E-03   0.300000E-03
 121   0.123470E-02   0.669857E-03   0.167310E-01   0.138685E-02   0.200000E-03
 122  -0.703013E-04   0.489768E-03   0.181798E-01   0.940337E-03   0.450000E-03
 123  -0.414711E-03  -0.406528E-03   0.186075E-01   0.142491E-02   0.200000E-03
 124   0.158645E-03   0.196206E-03   0.196961E-01   0.127533E-02   0.300000E-03
 125   0.600628E-04   0.935271E-03   0.209000E-01   0.781457E-03   0.250000E-03
 126  -0.470583E-03  -0.159317E-03   0.209468E-01   0.132445E-02   0.300000E-03
 127   0.923241E-04   0.407611E-03   0.227228E-01   0.122085E-02   0.250000E-03
 128   0.672662E-03   0.781783E-03   0.230746E-01   0.164080E-02   0.300000E-03
 129  -0.110839E-03   0.578142E-03   0.236208E-01   0.170213E-02   0.250000E-03
 130   0.536403E-04  -0.373746E-03   0.257243E-01   0.710780E-03   0.300000E-03
 131   0.458018E-03  -0.683607E-03   0.263466E-01   0.394992E-03   0.400000E-03
 132  -0.778720E-04   0.887480E-03   0.275146E-01   0.144627E-02   0.200000E-03
 133  -0.382246E-04   0.101595E-03   0.288072E-01   0.926378E-03   0.400000E-03
 134   0.560333E-05   0.596350E-04   0.311911E-01   0.109639E-02   0.400000E-03
 135  -0.150585E-03  -0.132709E-03   0.320377E-01   0.102452E-02   0.450000E-03
 136   0.510128E-03   0.117965E-02   0.340071E-01   0.396306E-03   0.400000E-03
 137   0.104452E-02  -0.230536E-03   0.372160E-01   0.752419E-03   0.100000E-03
 138   0.957356E-03  -0.635443E-04   0.373910E-01   0.132157E-02   0.250000E-03
 139   0.103090E-02   0.270608E-03   0.381771E-01   0.766994E-03   0.300000E-03
 140  -0.529355E-03   0.512919E-03   0.396852E-01   0.280591E-03   0.250000E-03
 141  -0.503179E-04   0.174016E-04   0.414568E-01   0.249359E-03   0.250000E-03
 142   0.167388E-02  -0.481245E-03   0.419019E-01   0.196753E-03   0.200000E-03
 143   0.378906E-03  -0.654853E-03   0.438977E-01   0.629272E-02   0.250000E-03
 144  -0.692408E-03  -0.732890E-03   0.296139E-01   0.770977E-02   0.300000E-03
 145   0.520941E-03   0.281232E-03   0.294019E-03   0.331157E-02   0.300000E-03
 146  -0.552542E-03   0.832939E-04   0.668966E-03   0.135116E-02   0.350000E-03
 147   0.471898E-03  -0.239710E-03   0.408282E-02   0.849979E-03   0.200000E-03
 148   0.489616E-03   0.971098E-03   0.532521E-02   0.288534E-03   0.300000E-03
 149   0.705774E-03   0.133848E-02   0.612166E-02   0.192853E-02   0.450000E-03
 150   0.107154E-02   0.168859E-02   0.756827E-02   0.147893E-02   0.200000E-03
 151   0.610374E-03   0.615791E-03   0.936176E-02   0.159257E-02   0.200000E-03
 152  -0.361674E-03   0.982729E-03   0.103824E-01   0.140276E-02   0.200000E-03
 153   0.101107E-02   0.127574E-02   0.112014E-01   0.136841E-02   0.300000E-03
 154  -0.108915E-02   0.462641E-03   0.126028E-01   0.966065E-03   0.400000E-03
 155  -0.305400E-03  -0.388165E-03   0.137928E-01   0.888083E-03   0.200000E-03
 156   0.510340E-04  -0.162352E-03   0.148266E-01   0.121553E-02   0.400000E-03
 157   0.286508E-03  -0.697297E-03   0.159592E-01   0.139176E-02   0.400000E-03
 158   0.618553E-03  -0.234348E-03   0.174148E-01   0.185176E-02   0.350000E-03
 159   0.239540E-03  -0.273095E-04   0.178009E-01   0.146610E-02   0.200000E-03
 160  -0.456356E-03  -0.216155E-03   0.182146E-01   0.164157E-02   0.250000E-03
 161   0.262750E-03   0.962215E-04   0.196521E-01   0.181887E-02   0.250000E-03
 162   0.571692E-04  -0.245866E-03   0.209666E-01   0.182064E-02   0.200000E-03
 163   0.123849E-02   0.977134E-03   0.221313E-01   0.113063E-02   0.350000E-03
 164   0.610535E-03   0.658421E-04   0.227591E-01   0.219887E-02   0.300000E-03
 165   0.141073E-02   0.137289E-02   0.248257E-01   0.157506E-02   0.250000E-03
 166   0.316976E-03   0.135737E-02   0.256524E-01   0.155344E-02   0.250000E-03
 167   0.551308E-03   0.837224E-03   0.266321E-01   0.113296E-02   0.400000E-03
 168  -0.374913E-03   0.865405E-03   0.286051E-01   0.153901E-02   0.250000E-03
 169   0.117841E-03   0.619924E-03   0.302081E-01   0.171485E-02   0.200000E-03
 170  -0.347996E-03   0.511098E-03   0.307994E-01   0.179212E-02   0.400000E-03
 171   0.232211E-03   0.587921E-04   0.335297E-01   0.903452E-03   0.300000E-03
 172   0.418196E-05   0.164998E-03   0.341732E-01   0.117622E-02   0.400000E-03
 173   0.183914E-03   0.461574E-03   0.356501E-01   0.118286E-02   0.300000E-03
 174   0.497864E-03   0.135197E-03   0.368685E-01   0.103531E-02   0.350000E-03
 175   0.984064E-03  -0.390797E-03   0.390072E-01   0.882392E-03   0.300000E-03
 176   0.258934E-03  -0.280139E-03   0.400768E-01   0.984443E-03   0.200000E-03
 177   0.172751E-02  -0.957594E-03   0.406058E-01   0.783900E-03   0.300000E-03
 178   0.413322E-02  -0.411004E-03   0.444024E-01   0.143920E-02   0.200000E-03
 179   0.103422E-02   0.650734E-03   0.427024E-01   0.196830E-03   0.200000E-03
 180   0.392289E-03  -0.750125E-03   0.400348E-01   0.752159E-02   0.300000E-03
 181  -0.184346E-03  -0.361343E-03   0.197258E-03   0.108025E-02   0.200000E-03
 182   0.609342E-03  -0.471840E-04   0.141215E-02   0.213683E-02   0.200000E-03
 183   0.106519E-02  -0.706582E-03   0.338571E-02   0.295490E-03   0.300000E-03
 184   0.571422E-03   0.153335E-02   0.539546E-02   0.159534E-02   0.350000E-03
 185   0.259312E-03  -0.829951E-03   0.625078E-02   0.260750E-02   0.250000E-03
 186  -0.206614E-03  -0.682640E-03   0.679812E-02   0.187150E-02   0.200000E-03
 187  -0.102609E-02  -0.756704E-04   0.791984E-02   0.182531E-02   0.300000E-03
 188  -0.172011E-04  -0.246089E-03   0.963596E-02   0.197234E-02   0.250000E-03
 189  -0.252998E-03   0.868478E-03   0.117337E-01   0.124938E-02   0.250000E-03
 190   0.927606E-04   0.289497E-03   0.119737E-01   0.814663E-03   0.250000E-03
 191   0.241917E-03   0.178137E-03   0.140198E-01   0.126711E-02   0.250000E-03
 192  -0.404534E-03  -0.104834E-04   0.143279E-01   0.183449E-02   0.400000E-03
 193   0.141560E-02   0.378017E-03   0.153311E-01   0.170052E-02   0.300000E-03
 194   0.642494E-03   0.298937E-03   0.165285E-01   0.194473E-02   0.400000E-03
 195  -0.352628E-04  -0.896526E-03   0.179705E-01   0.207757E-02   0.250000E-03
 196  -0.757521E-03   0.240937E-03   0.191550E-01   0.153088E-02   0.300000E-03
 197  -0.102449E-03  -0.319909E-03   0.200155E-01   0.229502E-02   0.350000E-03
 198   0.139320E-04  -0.235659E-03   0.206595E-01   0.221198E-02   0.300000E-03
 199   0.991115E-03   0.187480E-03   0.215157E-01   0.150131E-02   0.300000E-03
 200   0.752951E-03  -0.144453E-03   0.222633E-01   0.215612E-02   0.200000E-03
 201  -0.975174E-03   0.130847E-02   0.242791E-01   0.157938E-02   0.300000E-03
 202   0.779611E-03   0.684277E-03   0.259883E-01   0.119184E-02   0.250000E-03
 203   0.606484E-03   0.102336E-02   0.265943E-01   0.182675E-02   0.300000E-03
 204   0.598788E-03   0.839942E-03   0.270896E-01   0.159085E-02   0.250000E-03
 205   0.669652E-03   0.106389E-02   0.296251E-01   0.159986E-02   0.400000E-03
 206  -0.392637E-03  -0.118532E-03   0.322648E-01   0.178969E-02   0.350000E-03
 207  -0.210798E-03   0.282319E-03   0.328950E-01   0.129846E-02   0.450000E-03
 208  -0.118568E-03   0.177923E-03   0.336068E-01   0.166339E-02   0.350000E-03
 209   0.765577E-03   0.828277E-03   0.362443E-01   0.125111E-02   0.300000E-03
 210   0.308055E-03   0.615039E-03   0.366450E-01   0.153617E-02   0.200000E-03
 211   0.343341E-03   0.223435E-03   0.370598E-01   0.169315E-02   0.250000E-03
 212   0.127471E-03  -0.610156E-03   0.400436E-01   0.587525E-03   0.200000E-03
 213   0.115998E-02  -0.715629E-03   0.411288E-01   0.624235E-03   0.250000E-03
 214   0.120412E-02  -0.132820E-02   0.420814E-01   0.550256E-03   0.200000E-03
 215  -0.327048E-02   0.627705E-05   0.441860E-01   0.149912E-03   0.150000E-03
 216  -0.365005E-03  -0.284333E-04   0.217378E-01   0.884523E-02   0.400000E-03
 217   0.141972E-03   0.248449E-03   0.146148E-01   0.895713E-02   0.350000E-03
 218   0.266478E-03  -0.812068E-04   0.877083E-03   0.201640E-02   0.350000E-03
 219  -0.707313E-04  -0.439201E-03   0.373436E-02   0.653675E-03   0.200000E-03
 220   0.656311E-03   0.116028E-02   0.458509E-02   0.129614E-02   0.400000E-03
 221   0.909045E-03  -0.943960E-03   0.532844E-02   0.218268E-02   0.250000E-03
 222  -0.201356E-03  -0.623693E-03   0.731511E-02   0.205834E-02   0.350000E-03
 223   0.704827E-03  -0.232297E-03   0.904380E-02   0.203672E-02   0.350000E-03
 224   0.310023E-04  -0.703237E-04   0.102301E-01   0.192732E-02   0.350000E-03
 225   0.104394E-03   0.102692E-02   0.107450E-01   0.156541E-02   0.200000E-03
 226  -0.106399E-02   0.563872E-03   0.122002E-01   0.153648E-02   0.300000E-03
 227  -0.113725E-02  -0.260148E-03   0.130523E-01   0.143258E-02   0.250000E-03
 228   0.396007E-03   0.791248E-03   0.148853E-01   0.176160E-02   0.150000E-03
 229   0.438142E-03   0.356989E-03   0.158875E-01   0.203579E-02   0.250000E-03
 230   0.679792E-03  -0.175424E-03   0.175675E-01   0.248150E-02   0.300000E-03
 231  -0.107419E-03  -0.273111E-03   0.183915E-01   0.230419E-02   0.200000E-03
 232  -0.261673E-03   0.113337E-04   0.186932E-01   0.191174E-02   0.300000E-03
 233   0.234599E-03   0.117180E-04   0.192523E-01   0.232931E-02   0.400000E-03
 234   0.303057E-03  -0.426603E-04   0.213747E-01   0.210619E-02   0.300000E-03
 235   0.579187E-03  -0.136010E-03   0.224487E-01   0.169282E-02   0.300000E-03
 236  -0.131331E-03   0.175979E-03   0.233524E-01   0.217040E-02   0.300000E-03
 237  -0.394475E-03   0.300328E-04   0.239998E-01   0.216430E-02   0.350000E-03
 238   0.767532E-03   0.125239E-02   0.252441E-01   0.173294E-02   0.200000E-03
 239   0.609960E-04   0.224409E-05   0.267758E-01   0.234364E-02   0.250000E-03
 240  -0.115605E-03   0.483058E-03   0.290462E-01   0.147295E-02   0.200000E-03
 241  -0.204107E-03   0.676328E-03   0.302073E-01   0.225071E-02   0.350000E-03
 242  -0.429198E-03  -0.228390E-03   0.315666E-01   0.174460E-02   0.350000E-03
 243  -0.134479E-03  -0.203359E-03   0.329841E-01   0.224021E-02   0.500000E-03
 244   0.512449E-03   0.535939E-03   0.354524E-01   0.197098E-02   0.200000E-03
 245  -0.583286E-03   0.183007E-03   0.349293E-01   0.180815E-02   0.350000E-03
 246   0.276973E-03   0.312889E-03   0.365825E-01   0.212970E-02   0.400000E-03
 247   0.703696E-03  -0.719615E-04   0.379852E-01   0.138643E-02   0.350000E-03
 248  -0.360921E-03  -0.261250E-03   0.396037E-01   0.823789E-03   0.300000E-03
 249   0.237352E-04  -0.954939E-03   0.416487E-01   0.788566E-03   0.300000E-03
 250   0.108075E-02   0.440871E-03   0.437387E-01   0.244467E-03   0.250000E-03
 251   0.518528E-03   0.138423E-03   0.446039E-01   0.298895E-02   0.400000E-03
 252  -0.108758E-03  -0.442551E-03   0.337690E-01   0.772887E-02   0.350000E-03
 253  -0.135561E-03   0.737697E-04   0.211025E-02   0.740232E-02   0.350000E-03
 254  -0.686434E-03   0.201452E-03   0.138910E-02   0.936288E-03   0.350000E-03
 255   0.466718E-03   0.694328E-03   0.230449E-02   0.971559E-03   0.300000E-03
 256   0.443968E-04  -0.617834E-03   0.483102E-02   0.194901E-02   0.300000E-03
 257  -0.243628E-03  -0.584243E-03   0.674362E-02   0.236733E-02   0.300000E-03
 258  -0.641969E-03   0.386808E-03   0.838793E-02   0.227178E-02   0.350000E-03
 259   0.590244E-03   0.512312E-03   0.901177E-02   0.283332E-02   0.450000E-03
 260  -0.326841E-03  -0.814186E-03   0.985958E-02   0.258169E-02   0.400000E-03
 261  -0.936201E-04  -0.231376E-03   0.116598E-01   0.179046E-02   0.300000E-03
 262  -0.181150E-04  -0.137410E-03   0.121428E-01   0.222258E-02   0.350000E-03
 263   0.182780E-03   0.146133E-03   0.135936E-01   0.168773E-02   0.350000E-03
 264   0.183135E-03   0.604950E-03   0.149126E-01   0.221003E-02   0.300000E-03
 265   0.431163E-03  -0.552254E-03   0.166502E-01   0.253191E-02   0.200000E-03
 266   0.676642E-03  -0.805081E-05   0.170465E-01   0.231885E-02   0.250000E-03
 267   0.241423E-03  -0.435842E-03   0.171281E-01   0.280754E-02   0.250000E-03
 268   0.198009E-03   0.844608E-04   0.186854E-01   0.264300E-02   0.250000E-03
 269   0.375479E-03  -0.147988E-03   0.191081E-01   0.296278E-02   0.250000E-03
 270  -0.224585E-03  -0.101984E-03   0.197057E-01   0.292044E-02   0.350000E-03
 271   0.559986E-03  -0.765069E-04   0.219275E-01   0.185791E-02   0.250000E-03
 272   0.697510E-03  -0.686613E-04   0.223623E-01   0.276659E-02   0.400000E-03
 273  -0.460697E-03  -0.187296E-03   0.234624E-01   0.285124E-02   0.400000E-03
 274   0.458847E-03   0.923319E-03   0.258423E-01   0.200928E-02   0.250000E-03
 275   0.200191E-03   0.114804E-02   0.262680E-01   0.226468E-02   0.250000E-03
 276   0.178600E-04   0.337557E-03   0.275024E-01   0.194599E-02   0.300000E-03
 277   0.615012E-03   0.111043E-02   0.294657E-01   0.217554E-02   0.200000E-03
 278  -0.619772E-03   0.205057E-03   0.319001E-01   0.238561E-02   0.350000E-03
 279  -0.776842E-03   0.168936E-03   0.324019E-01   0.270454E-02   0.250000E-03
 280   0.567021E-04  -0.455530E-04   0.342842E-01   0.186502E-02   0.300000E-03
 281   0.754191E-03   0.714897E-03   0.358892E-01   0.172963E-02   0.300000E-03
 282   0.840885E-03   0.907133E-04   0.375418E-01   0.179496E-02   0.250000E-03
 283  -0.265474E-04  -0.172205E-02   0.384846E-01   0.162133E-02   0.200000E-03
 284   0.555146E-03   0.139919E-03   0.385435E-01   0.117557E-02   0.250000E-03
 285   0.979814E-03  -0.143390E-02   0.410960E-01   0.121892E-02   0.350000E-03
 286   0.281946E-03  -0.119972E-02   0.432192E-01   0.892528E-03   0.300000E-03
 287   0.447874E-03  -0.130858E-02   0.428425E-01   0.121832E-02   0.200000E-03
 288   0.369580E-03   0.873626E-04   0.587327E-02   0.793211E-02   0.350000E-03
 289  -0.565022E-03  -0.425108E-03   0.245000E-03   0.226445E-02   0.250000E-03
 290   0.469324E-03   0.755433E-03   0.186261E-02   0.137142E-02   0.300000E-03
 291   0.576102E-03   0.114607E-02   0.250209E-02   0.164213E-02   0.400000E-03
 292   0.646673E-03   0.147651E-02   0.312872E-02   0.151239E-02   0.250000E-03
 293   0.826679E-03  -0.996581E-03   0.570833E-02   0.257081E-02   0.300000E-03
 294  -0.936837E-03   0.409253E-03   0.817609E-02   0.298451E-02   0.400000E-03
 295   0.203077E-03   0.584147E-04   0.967608E-02   0.336027E-02   0.400000E-03
 296   0.595437E-03  -0.134814E-03   0.111263E-01   0.190999E-02   0.250000E-03
 297   0.101270E-03  -0.102808E-04   0.107279E-01   0.191280E-02   0.150000E-03
 298  -0.157225E-02   0.491254E-03   0.126761E-01   0.167801E-02   0.200000E-03
 299  -0.273064E-04   0.130307E-03   0.139010E-01   0.231898E-02   0.250000E-03
 300   0.129802E-03   0.321384E-03   0.148714E-01   0.270578E-02   0.200000E-03
 301   0.177262E-03   0.499030E-03   0.154755E-01   0.238979E-02   0.300000E-03
 302  -0.153404E-03  -0.321125E-03   0.170921E-01   0.335114E-02   0.300000E-03
 303   0.678073E-04  -0.395931E-03   0.180597E-01   0.251836E-02   0.200000E-03
 304   0.256855E-03  -0.396174E-04   0.182660E-01   0.291314E-02   0.250000E-03
 305   0.140293E-04  -0.356200E-03   0.193846E-01   0.330052E-02   0.150000E-03
 306  -0.154113E-03  -0.268986E-03   0.204678E-01   0.282856E-02   0.350000E-03
 307   0.707148E-03  -0.153002E-05   0.218625E-01   0.235222E-02   0.250000E-03
 308   0.682066E-03  -0.113843E-03   0.228515E-01   0.333357E-02   0.350000E-03
 309   0.187607E-03   0.630209E-03   0.246083E-01   0.259141E-02   0.400000E-03
 310   0.877942E-03   0.311130E-03   0.252056E-01   0.222891E-02   0.300000E-03
 311   0.108065E-03  -0.471732E-04   0.273313E-01   0.256880E-02   0.350000E-03
 312   0.103611E-03   0.394564E-03   0.281491E-01   0.191752E-02   0.350000E-03
 313   0.219772E-03   0.395196E-04   0.297017E-01   0.255445E-02   0.250000E-03
 314  -0.718591E-03   0.190036E-04   0.312595E-01   0.231690E-02   0.300000E-03
 315   0.315568E-03  -0.119060E-03   0.334749E-01   0.286329E-02   0.300000E-03
 316  -0.239555E-03  -0.457556E-04   0.338292E-01   0.232677E-02   0.350000E-03
 317  -0.617485E-03   0.538238E-03   0.350560E-01   0.254548E-02   0.400000E-03
 318   0.982578E-03   0.602432E-03   0.358420E-01   0.242327E-02   0.400000E-03
 319   0.100384E-02   0.328292E-03   0.389713E-01   0.143063E-02   0.250000E-03
 320  -0.563090E-03   0.971190E-03   0.398261E-01   0.141599E-02   0.300000E-03
 321   0.127689E-02   0.944344E-03   0.404196E-01   0.134487E-02   0.300000E-03
 322   0.139419E-02  -0.117838E-02   0.425916E-01   0.732880E-03   0.350000E-03
 323   0.825950E-03  -0.207549E-03   0.439757E-01   0.211823E-02   0.350000E-03
 324   0.554013E-03  -0.415073E-03   0.396165E-01   0.716458E-02   0.250000E-03
 325   0.201158E-03   0.173207E-03   0.149533E-02   0.761215E-02   0.300000E-03
 326  -0.785982E-03   0.712485E-04   0.124244E-02   0.151496E-02   0.250000E-03
 327   0.448469E-03   0.974882E-03   0.197416E-02   0.217045E-02   0.350000E-03
 328   0.115338E-03   0.165542E-02   0.381028E-02   0.162467E-02   0.450000E-03
 329   0.727611E-03  -0.527536E-03   0.661650E-02   0.313063E-02   0.400000E-03
 330   0.124121E-03  -0.371432E-03   0.726651E-02   0.275258E-02   0.350000E-03
 331   0.400459E-03  -0.210535E-03   0.780350E-02   0.240663E-02   0.250000E-03
 332   0.579793E-03   0.423498E-03   0.107723E-01   0.250923E-02   0.450000E-03
 333  -0.222174E-03   0.427524E-03   0.115083E-01   0.236967E-02   0.300000E-03
 334  -0.121090E-02   0.545305E-03   0.130455E-01   0.192934E-02   0.250000E-03
 335  -0.150960E-02   0.606119E-04   0.134091E-01   0.226703E-02   0.250000E-03
 336  -0.175643E-03   0.186989E-03   0.144011E-01   0.254182E-02   0.300000E-03
 337   0.600854E-03  -0.240441E-03   0.161414E-01   0.252397E-02   0.300000E-03
 338   0.614453E-04  -0.614132E-03   0.167177E-01   0.374191E-02   0.250000E-03
 339   0.605275E-03  -0.428628E-03   0.176974E-01   0.311735E-02   0.350000E-03
 340   0.870275E-05  -0.434433E-03   0.189992E-01   0.352881E-02   0.300000E-03
 341  -0.592396E-03  -0.131798E-03   0.201489E-01   0.339100E-02   0.300000E-03
 342   0.888082E-04  -0.133994E-04   0.206413E-01   0.334901E-02   0.200000E-03
 343   0.455367E-03  -0.966843E-04   0.216698E-01   0.286165E-02   0.300000E-03
 344   0.487462E-04  -0.311771E-03   0.239428E-01   0.328251E-02   0.250000E-03
 345   0.479409E-04   0.373917E-03   0.252027E-01   0.295768E-02   0.300000E-03
 346   0.544371E-03   0.321123E-03   0.257391E-01   0.259807E-02   0.350000E-03
 347   0.895793E-04  -0.263429E-03   0.264263E-01   0.289009E-02   0.400000E-03
 348  -0.111281E-03   0.745550E-03   0.290115E-01   0.196953E-02   0.300000E-03
 349   0.210631E-03   0.790473E-04   0.301568E-01   0.284670E-02   0.250000E-03
 350  -0.837072E-03   0.254267E-03   0.320772E-01   0.314264E-02   0.300000E-03
 351  -0.745595E-03   0.251474E-03   0.328657E-01   0.308109E-02   0.350000E-03
 352  -0.860756E-04  -0.310632E-03   0.344935E-01   0.310596E-02   0.400000E-03
 353   0.875201E-03   0.113768E-03   0.358779E-01   0.301726E-02   0.200000E-03
 354   0.657951E-03   0.298505E-03   0.372291E-01   0.218450E-02   0.250000E-03
 355   0.608307E-03   0.596014E-04   0.380327E-01   0.203230E-02   0.300000E-03
 356   0.839151E-03   0.276250E-03   0.393755E-01   0.162339E-02   0.200000E-03
 357   0.793998E-03  -0.246608E-03   0.408065E-01   0.179599E-02   0.300000E-03
 358   0.180459E-03  -0.161727E-02   0.416826E-01   0.133269E-02   0.250000E-03
 359   0.111284E-03   0.145177E-03   0.442562E-01   0.527616E-02   0.250000E-03
 360   0.118663E-02   0.340416E-03   0.448001E-01   0.417606E-02   0.200000E-03
 361  -0.185776E-05   0.748604E-03   0.680335E-03   0.273757E-02   0.400000E-03
 362   0.992026E-03   0.452801E-03   0.147681E-02   0.272868E-02   0.400000E-03
 363   0.330090E-03  -0.566889E-03   0.310011E-02   0.201142E-02   0.250000E-03
 364  -0.120982E-03  -0.811284E-04   0.492053E-02   0.254154E-02   0.300000E-03
 365   0.371664E-03  -0.322429E-03   0.591683E-02   0.313210E-02   0.300000E-03
 366   0.543955E-03  -0.135053E-04   0.617787E-02   0.367144E-02   0.300000E-03
 367   0.361778E-03   0.102368E-02   0.864052E-02   0.336386E-02   0.200000E-03
 368   0.563544E-03   0.246684E-03   0.103244E-01   0.310390E-02   0.300000E-03
 369  -0.751040E-03  -0.363267E-03   0.118594E-01   0.291541E-02   0.350000E-03
 370  -0.616397E-03  -0.495383E-03   0.128200E-01   0.253558E-02   0.400000E-03
 371  -0.235135E-03  -0.134262E-03   0.137275E-01   0.283699E-02   0.300000E-03
 372   0.155227E-03  -0.165574E-03   0.150724E-01   0.326798E-02   0.400000E-03
 373   0.125207E-03   0.279990E-03   0.157066E-01   0.293536E-02   0.300000E-03
 374   0.535478E-03  -0.170002E-03   0.164170E-01   0.316638E-02   0.400000E-03
 375   0.193581E-03  -0.200318E-03   0.175478E-01   0.393925E-02   0.450000E-03
 376   0.261208E-03  -0.129150E-03   0.186781E-01   0.309192E-02   0.200000E-03
 377  -0.172753E-04  -0.377453E-03   0.196101E-01   0.374567E-02   0.350000E-03
 378   0.419996E-03  -0.252210E-03   0.210877E-01   0.263266E-02   0.300000E-03
 379   0.916523E-03  -0.911318E-04   0.211822E-01   0.328705E-02   0.350000E-03
 380   0.577184E-03   0.166644E-04   0.219996E-01   0.342009E-02   0.350000E-03
 381   0.382141E-03  -0.502409E-03   0.245333E-01   0.333348E-02   0.350000E-03
 382   0.266926E-03  -0.771843E-04   0.268093E-01   0.346823E-02   0.300000E-03
 383   0.192009E-03   0.130980E-03   0.279203E-01   0.246760E-02   0.250000E-03
 384   0.824351E-04   0.484583E-03   0.285882E-01   0.238896E-02   0.300000E-03
 385   0.350945E-03   0.404425E-03   0.291565E-01   0.256807E-02   0.300000E-03
 386  -0.323868E-03   0.318162E-03   0.307377E-01   0.261164E-02   0.300000E-03
 387  -0.686607E-03   0.337968E-03   0.324742E-01   0.365419E-02   0.350000E-03
 388   0.124534E-03   0.589613E-03   0.354145E-01   0.346358E-02   0.450000E-03
 389   0.487143E-03   0.432363E-03   0.360562E-01   0.337213E-02   0.200000E-03
 390   0.330538E-03   0.179522E-03   0.364683E-01   0.291708E-02   0.400000E-03
 391   0.534686E-03   0.296072E-03   0.376709E-01   0.250894E-02   0.300000E-03
 392   0.874617E-03  -0.172722E-04   0.390459E-01   0.192472E-02   0.250000E-03
 393   0.687181E-03  -0.174957E-03   0.396103E-01   0.212344E-02   0.350000E-03
 394   0.136159E-02  -0.148902E-02   0.422282E-01   0.127119E-02   0.300000E-03
 395   0.841904E-03  -0.250083E-03   0.439074E-01   0.147337E-02   0.300000E-03
 396   0.302152E-03  -0.687150E-03   0.444290E-01   0.242213E-02   0.200000E-03
 397  -0.339379E-03  -0.354943E-03   0.972414E-03   0.348055E-02   0.400000E-03
 398   0.159803E-03  -0.907128E-03   0.264912E-02   0.232621E-02   0.300000E-03
 399  -0.132902E-03   0.218957E-03   0.355071E-02   0.232688E-02   0.300000E-03
 400  -0.582573E-03  -0.752109E-04   0.425020E-02   0.235097E-02   0.400000E-03
 401   0.757479E-03  -0.145498E-03   0.574450E-02   0.391079E-02   0.200000E-03
 402   0.471652E-04  -0.445573E-04   0.729065E-02   0.344788E-02   0.350000E-03
 403   0.756129E-03  -0.806150E-04   0.851993E-02   0.379498E-02   0.250000E-03
 404   0.286149E-03  -0.910822E-04   0.904787E-02   0.365947E-02   0.300000E-03
 405  -0.718337E-03  -0.333357E-03   0.119540E-01   0.345836E-02   0.200000E-03
 406  -0.653738E-03  -0.200545E-03   0.125199E-01   0.326916E-02   0.400000E-03
 407  -0.321751E-03  -0.795678E-04   0.132021E-01   0.312039E-02   0.300000E-03
 408  -0.156564E-03  -0.153395E-03   0.142740E-01   0.327239E-02   0.400000E-03
 409   0.142098E-03  -0.274662E-03   0.157494E-01   0.357977E-02   0.350000E-03
 410  -0.931037E-04  -0.320626E-03   0.162394E-01   0.399776E-02   0.300000E-03
 411   0.224889E-03  -0.281806E-03   0.167623E-01   0.428782E-02   0.300000E-03
 412   0.147955E-03  -0.384473E-03   0.183035E-01   0.355811E-02   0.400000E-03
 413  -0.533438E-03  -0.391556E-03   0.203004E-01   0.396466E-02   0.300000E-03
 414   0.329319E-03   0.491908E-03   0.208168E-01   0.376278E-02   0.250000E-03
 415   0.334427E-03   0.334590E-03   0.208325E-01   0.441214E-02   0.400000E-03
 416   0.475413E-03  -0.254713E-03   0.224861E-01   0.398712E-02   0.400000E-03
 417   0.235813E-03  -0.175098E-03   0.234646E-01   0.354471E-02   0.300000E-03
 418   0.220547E-03  -0.422920E-03   0.251712E-01   0.360461E-02   0.350000E-03
 419   0.185269E-03  -0.415165E-03   0.278321E-01   0.305764E-02   0.350000E-03
 420   0.352996E-03  -0.289769E-03   0.284089E-01   0.290239E-02   0.250000E-03
 421   0.259046E-03   0.122918E-03   0.296364E-01   0.314183E-02   0.350000E-03
 422  -0.731995E-03   0.723823E-04   0.313332E-01   0.306246E-02   0.450000E-03
 423  -0.373166E-04  -0.117936E-03   0.338121E-01   0.340655E-02   0.350000E-03
 424   0.281814E-03   0.666744E-03   0.347304E-01   0.376273E-02   0.300000E-03
 425   0.372948E-03   0.208889E-03   0.369774E-01   0.339136E-02   0.300000E-03
 426   0.564801E-03   0.220404E-03   0.371608E-01   0.282052E-02   0.300000E-03
 427   0.105010E-02  -0.117365E-03   0.380231E-01   0.312783E-02   0.300000E-03
 428  -0.132016E-03   0.126385E-03   0.385765E-01   0.208913E-02   0.250000E-03
 429   0.146100E-02  -0.429904E-03   0.402188E-01   0.190394E-02   0.300000E-03
 430   0.784772E-03  -0.433803E-03   0.419487E-01   0.186461E-02   0.350000E-03
 431   0.195747E-03  -0.592004E-03   0.426910E-01   0.179613E-02   0.400000E-03
 432   0.630529E-03  -0.327484E-03   0.433110E-01   0.147921E-02   0.300000E-03
 433   0.249981E-03  -0.305959E-04   0.347063E-03   0.395626E-02   0.350000E-03
 434   0.195508E-03   0.748898E-03   0.159243E-02   0.178508E-02   0.200000E-03
 435   0.174428E-03  -0.687102E-03   0.313010E-02   0.282093E-02   0.350000E-03
 436  -0.218265E-03  -0.121340E-03   0.530096E-02   0.293574E-02   0.250000E-03
 437   0.559670E-03  -0.740985E-03   0.561764E-02   0.353186E-02   0.200000E-03
 438   0.136528E-03  -0.170082E-03   0.675737E-02   0.381497E-02   0.300000E-03
 439  -0.292189E-03  -0.358145E-04   0.793349E-02   0.369058E-02   0.350000E-03
 440   0.343288E-03   0.204530E-03   0.108621E-01   0.373840E-02   0.200000E-03
 441   0.529539E-03  -0.273079E-04   0.109066E-01   0.324325E-02   0.300000E-03
 442  -0.363083E-03  -0.151274E-03   0.130683E-01   0.370324E-02   0.300000E-03
 443  -0.454429E-03  -0.235508E-03   0.136471E-01   0.344309E-02   0.250000E-03
 444  -0.105075E-04  -0.158533E-03   0.152203E-01   0.395068E-02   0.300000E-03
 445  -0.368247E-03  -0.229683E-03   0.157080E-01   0.445089E-02   0.400000E-03
 446  -0.535317E-04  -0.254181E-03   0.163057E-01   0.448656E-02   0.200000E-03
 447   0.301879E-03  -0.304316E-03   0.172549E-01   0.462491E-02   0.300000E-03
 448   0.250459E-03  -0.306506E-03   0.183443E-01   0.445501E-02   0.500000E-03
 449  -0.923902E-04  -0.228339E-03   0.192395E-01   0.439520E-02   0.400000E-03
 450  -0.454845E-03  -0.347868E-03   0.199351E-01   0.443589E-02   0.300000E-03
 451   0.942793E-03  -0.179078E-03   0.214922E-01   0.396667E-02   0.400000E-03
 452   0.677053E-03  -0.473515E-03   0.219789E-01   0.453356E-02   0.350000E-03
 453   0.121288E-03  -0.525702E-03   0.240636E-01   0.386974E-02   0.350000E-03
 454   0.274536E-03  -0.400195E-03   0.257965E-01   0.329537E-02   0.350000E-03
 455   0.231412E-03  -0.257562E-03   0.270127E-01   0.301405E-02   0.200000E-03
 456   0.579314E-03  -0.310823E-04   0.289389E-01   0.317966E-02   0.350000E-03
 457  -0.220878E-03  -0.251212E-03   0.305857E-01   0.318875E-02   0.300000E-03
 458   0.304615E-05   0.103967E-03   0.307043E-01   0.382321E-02   0.350000E-03
 459  -0.828049E-03   0.362308E-03   0.317817E-01   0.372050E-02   0.350000E-03
 460   0.394765E-03   0.359247E-03   0.341930E-01   0.386632E-02   0.250000E-03
 461   0.207617E-03   0.379303E-03   0.364583E-01   0.356460E-02   0.250000E-03
 462   0.100715E-03  -0.459073E-03   0.376419E-01   0.425977E-02   0.300000E-03
 463   0.994169E-03   0.347544E-03   0.382644E-01   0.258193E-02   0.300000E-03
 464   0.307629E-04   0.820637E-04   0.390047E-01   0.263945E-02   0.450000E-03
 465   0.413977E-03  -0.399034E-03   0.407028E-01   0.238283E-02   0.300000E-03
 466   0.638086E-03  -0.389643E-03   0.411757E-01   0.254145E-02   0.200000E-03
 467   0.746879E-03  -0.124871E-03   0.435703E-01   0.255976E-02   0.250000E-03
 468   0.669396E-03   0.975723E-04   0.435628E-01   0.383018E-02   0.350000E-03
 469  -0.113441E-03  -0.318866E-03   0.105256E-02   0.432567E-02   0.450000E-03
 470   0.156579E-03  -0.447148E-04   0.217395E-02   0.278475E-02   0.300000E-03
 471  -0.238169E-03  -0.575870E-03   0.384728E-02   0.304061E-02   0.400000E-03
 472   0.369540E-03  -0.670952E-03   0.454511E-02   0.300206E-02   0.300000E-03
 473  -0.613263E-04  -0.657925E-03   0.501836E-02   0.351747E-02   0.400000E-03
 474   0.714316E-05  -0.314743E-03   0.743572E-02   0.402461E-02   0.250000E-03
 475  -0.270517E-03   0.216638E-03   0.810916E-02   0.436399E-02   0.350000E-03
 476   0.351858E-03   0.139863E-03   0.951110E-02   0.403896E-02   0.300000E-03
 477  -0.121639E-02  -0.415179E-03   0.113115E-01   0.287117E-02   0.200000E-03
 478  -0.642681E-03  -0.127019E-03   0.122100E-01   0.394438E-02   0.350000E-03
 479  -0.660677E-04  -0.535130E-04   0.141900E-01   0.391509E-02   0.250000E-03
 480   0.110898E-04  -0.513740E-04   0.146761E-01   0.378290E-02   0.250000E-03
 481   0.155170E-03  -0.200758E-03   0.147778E-01   0.427316E-02   0.250000E-03
 482  -0.360157E-04   0.114329E-03   0.162618E-01   0.507734E-02   0.400000E-03
 483  -0.247067E-03   0.137662E-03   0.169578E-01   0.514441E-02   0.300000E-03
 484   0.214897E-03  -0.668244E-03   0.186464E-01   0.519441E-02   0.300000E-03
 485  -0.297249E-03  -0.742672E-03   0.196509E-01   0.501963E-02   0.350000E-03
 486   0.224701E-03   0.380328E-03   0.203244E-01   0.488946E-02   0.300000E-03
 487   0.203150E-03  -0.116307E-03   0.213903E-01   0.490683E-02   0.350000E-03
 488   0.729394E-03   0.584068E-04   0.219122E-01   0.507844E-02   0.200000E-03
 489   0.387127E-03  -0.458908E-03   0.246615E-01   0.391760E-02   0.250000E-03
 490  -0.143604E-05  -0.253952E-03   0.273459E-01   0.339093E-02   0.250000E-03
 491   0.445201E-03  -0.465672E-04   0.283495E-01   0.344703E-02   0.300000E-03
 492   0.327970E-03   0.293172E-03   0.293316E-01   0.381741E-02   0.400000E-03
 493   0.541253E-03   0.393796E-03   0.300996E-01   0.359263E-02   0.300000E-03
 494  -0.537139E-03   0.316688E-03   0.312364E-01   0.370450E-02   0.200000E-03
 495  -0.708029E-03   0.450676E-03   0.328786E-01   0.402143E-02   0.200000E-03
 496   0.421540E-03   0.234015E-03   0.359396E-01   0.419320E-02   0.350000E-03
 497   0.383454E-03   0.405801E-03   0.360916E-01   0.371874E-02   0.150000E-03
 498   0.641520E-03   0.422028E-03   0.373451E-01   0.379822E-02   0.250000E-03
 499   0.650897E-03   0.236373E-03   0.375189E-01   0.333114E-02   0.250000E-03
 500   0.815134E-04   0.337649E-03   0.393958E-01   0.309318E-02   0.150000E-03
 501   0.149718E-02  -0.713562E-03   0.401574E-01   0.244857E-02   0.250000E-03
 502   0.532334E-03  -0.358258E-03   0.413356E-01   0.207132E-02   0.300000E-03
 503   0.312294E-03  -0.801663E-04   0.429740E-01   0.261883E-02   0.350000E-03
 504   0.622697E-03  -0.901482E-04   0.433288E-01   0.207454E-02   0.300000E-03
 505  -0.135700E-03  -0.276087E-03   0.164999E-02   0.379731E-02   0.350000E-03
 506   0.903727E-04  -0.680712E-03   0.186894E-02   0.324231E-02   0.250000E-03
 507  -0.383702E-03  -0.616587E-03   0.332311E-02   0.341824E-02   0.250000E-03
 508   0.439040E-03  -0.722326E-03   0.432207E-02   0.355469E-02   0.300000E-03
 509   0.207995E-03  -0.333107E-03   0.609030E-02   0.421392E-02   0.250000E-03
 510   0.651146E-04   0.114891E-03   0.749497E-02   0.456602E-02   0.300000E-03
 511   0.256871E-03  -0.960261E-03   0.877718E-02   0.427847E-02   0.300000E-03
 512   0.489041E-03   0.211229E-03   0.103145E-01   0.375158E-02   0.350000E-03
 513   0.293101E-04  -0.341866E-03   0.114578E-01   0.346829E-02   0.300000E-03
 514  -0.414971E-03  -0.168521E-04   0.128313E-01   0.436094E-02   0.400000E-03
 515  -0.167300E-03  -0.328621E-04   0.136090E-01   0.406355E-02   0.350000E-03
 516   0.221483E-04  -0.356345E-04   0.142326E-01   0.451184E-02   0.350000E-03
 517   0.259459E-03  -0.576142E-03   0.151589E-01   0.439598E-02   0.150000E-03
 518  -0.386123E-03   0.191513E-03   0.154738E-01   0.521244E-02   0.400000E-03
 519   0.132560E-03  -0.237831E-03   0.177400E-01   0.504834E-02   0.350000E-03
 520  -0.101280E-03  -0.807533E-03   0.191798E-01   0.546616E-02   0.300000E-03
 521   0.329720E-03  -0.976385E-04   0.201609E-01   0.556745E-02   0.400000E-03
 522   0.107131E-02   0.849426E-03   0.207734E-01   0.520595E-02   0.250000E-03
 523   0.711904E-03  -0.911091E-04   0.218923E-01   0.552687E-02   0.250000E-03
 524   0.211591E-03  -0.174262E-03   0.231800E-01   0.406288E-02   0.300000E-03
 525   0.204690E-03   0.140249E-03   0.252109E-01   0.435192E-02   0.400000E-03
 526   0.567515E-03  -0.235701E-03   0.256818E-01   0.390704E-02   0.250000E-03
 527   0.337889E-03   0.294111E-04   0.278098E-01   0.370704E-02   0.300000E-03
 528   0.212995E-03  -0.109912E-03   0.291856E-01   0.455238E-02   0.350000E-03
 529  -0.111653E-04  -0.366966E-05   0.305601E-01   0.445106E-02   0.300000E-03
 530  -0.103325E-02   0.915545E-04   0.321604E-01   0.404466E-02   0.150000E-03
 531  -0.551424E-03   0.171822E-03   0.330216E-01   0.360784E-02   0.200000E-03
 532   0.101167E-03   0.277207E-03   0.351968E-01   0.428448E-02   0.400000E-03
 533   0.395865E-03   0.449179E-03   0.368229E-01   0.396987E-02   0.300000E-03
 534   0.491957E-03  -0.357181E-03   0.382249E-01   0.439838E-02   0.300000E-03
 535   0.394979E-03  -0.208136E-03   0.379065E-01   0.372094E-02   0.300000E-03
 536   0.333781E-03  -0.797812E-05   0.386170E-01   0.309582E-02   0.150000E-03
 537   0.105475E-02  -0.120265E-02   0.404326E-01   0.273615E-02   0.150000E-03
 538   0.768735E-03  -0.471354E-04   0.417655E-01   0.248640E-02   0.300000E-03
 539   0.158176E-03  -0.815091E-04   0.423592E-01   0.240915E-02   0.300000E-03
 540   0.834991E-03   0.198016E-03   0.439721E-01   0.284764E-02   0.250000E-03
 541   0.170168E-03   0.140827E-03   0.523726E-02   0.806535E-02   0.300000E-03
 542  -0.523647E-04  -0.604512E-03   0.258055E-02   0.346898E-02   0.500000E-03
 543  -0.207323E-03  -0.481307E-03   0.375808E-02   0.375019E-02   0.300000E-03
 544   0.181488E-03  -0.671009E-04   0.419301E-02   0.408581E-02   0.250000E-03
 545   0.318670E-03  -0.204388E-04   0.533139E-02   0.408359E-02   0.250000E-03
 546  -0.934858E-04   0.174149E-03   0.857864E-02   0.500095E-02   0.450000E-03
 547   0.871832E-03  -0.550367E-03   0.928503E-02   0.459453E-02   0.300000E-03
 548   0.108386E-03  -0.375651E-03   0.976547E-02   0.446711E-02   0.200000E-03
 549   0.376525E-04  -0.189379E-03   0.110445E-01   0.430722E-02   0.400000E-03
 550   0.118328E-04  -0.208282E-03   0.116132E-01   0.399453E-02   0.250000E-03
 551  -0.176151E-03   0.604359E-07   0.135151E-01   0.485773E-02   0.450000E-03
 552   0.174866E-04   0.605345E-04   0.142317E-01   0.520963E-02   0.350000E-03
 553  -0.108970E-04  -0.685653E-03   0.149555E-01   0.474034E-02   0.250000E-03
 554  -0.404832E-03   0.276373E-03   0.150498E-01   0.570229E-02   0.250000E-03
 555  -0.207403E-03   0.356102E-03   0.159873E-01   0.582534E-02   0.400000E-03
 556  -0.257606E-04  -0.472522E-03   0.181601E-01   0.554176E-02   0.300000E-03
 557   0.155936E-03  -0.601663E-03   0.188854E-01   0.481494E-02   0.150000E-03
 558   0.823661E-04  -0.974647E-04   0.212565E-01   0.564002E-02   0.400000E-03
 559   0.544705E-03   0.891958E-04   0.226372E-01   0.461901E-02   0.250000E-03
 560  -0.541040E-03   0.447172E-03   0.237204E-01   0.436107E-02   0.250000E-03
 561   0.520855E-03  -0.875347E-04   0.259612E-01   0.443634E-02   0.350000E-03
 562   0.542544E-03   0.220851E-04   0.262700E-01   0.381064E-02   0.350000E-03
 563   0.477113E-03   0.159788E-04   0.285882E-01   0.410069E-02   0.400000E-03
 564   0.452026E-03   0.614447E-04   0.285839E-01   0.479838E-02   0.300000E-03
 565   0.615408E-03   0.262117E-03   0.299562E-01   0.422596E-02   0.350000E-03
 566  -0.566420E-03   0.852580E-04   0.313017E-01   0.435793E-02   0.450000E-03
 567  -0.868259E-03  -0.101382E-02   0.333217E-01   0.328620E-02   0.150000E-03
 568  -0.721513E-04   0.300907E-03   0.338485E-01   0.385304E-02   0.100000E-03
 569   0.115899E-03  -0.264182E-04   0.370070E-01   0.448496E-02   0.250000E-03
 570   0.326090E-03  -0.313953E-03   0.378130E-01   0.483309E-02   0.300000E-03
 571   0.605316E-03  -0.327931E-03   0.384716E-01   0.351968E-02   0.300000E-03
 572   0.772237E-03  -0.273544E-03   0.390562E-01   0.338750E-02   0.300000E-03
 573   0.178494E-03   0.146372E-03   0.397346E-01   0.279765E-02   0.300000E-03
 574   0.793299E-03   0.354426E-04   0.414104E-01   0.319888E-02   0.500000E-03
 575   0.403992E-03  -0.535522E-03   0.421226E-01   0.290357E-02   0.250000E-03
 576   0.112524E-02   0.166002E-03   0.444143E-01   0.385806E-02   0.300000E-03
 577   0.240359E-03  -0.106760E-02   0.298274E-03   0.460304E-02   0.300000E-03
 578   0.410577E-04  -0.269016E-03   0.261399E-02   0.431375E-02   0.350000E-03
 579   0.338554E-03   0.222338E-04   0.476259E-02   0.426837E-02   0.350000E-03
 580   0.360215E-03  -0.210552E-04   0.544368E-02   0.456762E-02   0.250000E-03
 581   0.473132E-04  -0.290835E-03   0.705646E-02   0.415101E-02   0.150000E-03
 582   0.389679E-03  -0.586476E-03   0.790440E-02   0.487421E-02   0.200000E-03
 583   0.214870E-03  -0.161560E-03   0.990799E-02   0.489184E-02   0.250000E-03
 584   0.422944E-03  -0.299257E-03   0.103121E-01   0.445010E-02   0.350000E-03
 585  -0.530884E-03  -0.151824E-02   0.107346E-01   0.512797E-02   0.450000E-03
 586  -0.433581E-03  -0.677475E-03   0.118578E-01   0.448703E-02   0.300000E-03
 587  -0.103942E-03  -0.239469E-03   0.123206E-01   0.467469E-02   0.200000E-03
 588  -0.147123E-03   0.687761E-04   0.136012E-01   0.550149E-02   0.200000E-03
 589  -0.451224E-03   0.119073E-03   0.148275E-01   0.525479E-02   0.250000E-03
 590  -0.271835E-03   0.277198E-03   0.154075E-01   0.597218E-02   0.200000E-03
 591  -0.305800E-03   0.823634E-04   0.173656E-01   0.551116E-02   0.250000E-03
 592  -0.899199E-04   0.241755E-03   0.181506E-01   0.613962E-02   0.300000E-03
 593   0.526410E-03   0.549535E-04   0.195213E-01   0.595860E-02   0.300000E-03
 594   0.366347E-03  -0.177670E-03   0.206738E-01   0.611014E-02   0.350000E-03
 595   0.805853E-03   0.479827E-04   0.222990E-01   0.497838E-02   0.200000E-03
 596   0.274253E-03  -0.559670E-04   0.232304E-01   0.470678E-02   0.350000E-03
 597   0.249266E-04   0.672458E-04   0.244318E-01   0.452288E-02   0.400000E-03
 598   0.537561E-03  -0.367981E-04   0.266573E-01   0.439137E-02   0.350000E-03
 599   0.804300E-05   0.356447E-04   0.272165E-01   0.397151E-02   0.350000E-03
 600   0.605897E-03   0.856734E-04   0.299279E-01   0.487369E-02   0.300000E-03
 601   0.969745E-05  -0.164612E-03   0.305382E-01   0.509357E-02   0.350000E-03
 602   0.310526E-03  -0.374525E-03   0.309831E-01   0.486601E-02   0.150000E-03
 603  -0.542999E-03   0.532816E-03   0.330187E-01   0.455145E-02   0.350000E-03
 604  -0.381818E-03   0.505162E-03   0.334230E-01   0.398210E-02   0.350000E-03
 605   0.157857E-03  -0.432747E-04   0.364218E-01   0.476339E-02   0.400000E-03
 606   0.426811E-03  -0.261237E-03   0.384956E-01   0.513675E-02   0.450000E-03
 607   0.620254E-03  -0.464715E-03   0.386373E-01   0.403907E-02   0.250000E-03
 608   0.196725E-03   0.517205E-03   0.396562E-01   0.345804E-02   0.300000E-03
 609   0.191489E-03   0.444909E-03   0.402477E-01   0.319470E-02   0.350000E-03
 610   0.652665E-03  -0.660757E-04   0.409170E-01   0.277703E-02   0.150000E-03
 611   0.536210E-03   0.168704E-03   0.427959E-01   0.360655E-02   0.450000E-03
 612   0.802238E-03  -0.519164E-04   0.434418E-01   0.314137E-02   0.350000E-03
 613   0.154805E-03   0.172552E-03   0.104549E-01   0.860070E-02   0.350000E-03
 614  -0.574268E-04  -0.213025E-03   0.313956E-02   0.446499E-02   0.200000E-03
 615   0.224098E-03  -0.222541E-03   0.368345E-02   0.439960E-02   0.350000E-03
 616   0.643707E-03  -0.384695E-03   0.569307E-02   0.425620E-02   0.150000E-03
 617   0.260835E-03  -0.258469E-03   0.664183E-02   0.444892E-02   0.350000E-03
 618   0.354909E-03  -0.267391E-03   0.807770E-02   0.555615E-02   0.300000E-03
 619   0.817765E-03   0.467307E-03   0.930095E-02   0.519232E-02   0.300000E-03
 620   0.319823E-03  -0.572185E-04   0.990107E-02   0.554004E-02   0.400000E-03
 621  -0.278942E-03  -0.468492E-04   0.114099E-01   0.531500E-02   0.250000E-03
 622  -0.154661E-03  -0.746688E-03   0.114293E-01   0.482335E-02   0.250000E-03
 623  -0.417567E-03  -0.108141E-03   0.126763E-01   0.509390E-02   0.350000E-03
 624  -0.396270E-04   0.133070E-03   0.139557E-01   0.568406E-02   0.200000E-03
 625  -0.148120E-03   0.120519E-03   0.144743E-01   0.586211E-02   0.350000E-03
 626  -0.114879E-03  -0.370095E-04   0.166223E-01   0.549235E-02   0.150000E-03
 627  -0.259630E-03   0.212317E-04   0.169379E-01   0.564305E-02   0.200000E-03
 628  -0.101631E-03   0.209770E-03   0.175634E-01   0.601956E-02   0.300000E-03
 629   0.175295E-03   0.307559E-03   0.188533E-01   0.639655E-02   0.450000E-03
 630   0.746841E-03  -0.252031E-03   0.218562E-01   0.607544E-02   0.300000E-03
 631   0.300901E-03  -0.174364E-03   0.227807E-01   0.524075E-02   0.350000E-03
 632   0.312046E-03  -0.127808E-03   0.238478E-01   0.490202E-02   0.300000E-03
 633   0.335135E-04   0.119855E-03   0.246850E-01   0.511935E-02   0.250000E-03
 634   0.942914E-05   0.167911E-03   0.271911E-01   0.451801E-02   0.200000E-03
 635   0.166753E-03   0.685860E-04   0.278344E-01   0.447350E-02   0.450000E-03
 636   0.292240E-03   0.212968E-03   0.294041E-01   0.516265E-02   0.300000E-03
 637  -0.307615E-03   0.400801E-03   0.303539E-01   0.571290E-02   0.300000E-03
 638  -0.515033E-03  -0.138565E-03   0.321118E-01   0.471014E-02   0.350000E-03
 639   0.335935E-03   0.238784E-03   0.342828E-01   0.481394E-02   0.250000E-03
 640   0.377846E-03   0.243181E-03   0.345007E-01   0.431452E-02   0.300000E-03
 641  -0.103660E-04  -0.189987E-03   0.368834E-01   0.528874E-02   0.300000E-03
 642   0.628682E-04  -0.277378E-03   0.372709E-01   0.490245E-02   0.250000E-03
 643   0.588410E-03  -0.560653E-03   0.388014E-01   0.450861E-02   0.250000E-03
 644   0.772742E-03  -0.482313E-03   0.392854E-01   0.404878E-02   0.400000E-03
 645   0.124347E-02   0.253677E-03   0.417179E-01   0.382735E-02   0.200000E-03
 646   0.225110E-04  -0.750439E-03   0.407644E-01   0.327452E-02   0.150000E-03
 647   0.737977E-03  -0.468793E-03   0.425648E-01   0.298551E-02   0.200000E-03
 648   0.777879E-03   0.485142E-03   0.448043E-01   0.355227E-02   0.200000E-03
 649   0.306901E-03  -0.998648E-03   0.713550E-03   0.487847E-02   0.200000E-03
 650   0.157513E-03  -0.761891E-04   0.266981E-02   0.500610E-02   0.350000E-03
 651  -0.478803E-04  -0.541738E-03   0.320092E-02   0.396947E-02   0.300000E-03
 652   0.387548E-03  -0.763500E-04   0.457231E-02   0.488992E-02   0.200000E-03
 653   0.384036E-04   0.147146E-03   0.656360E-02   0.494196E-02   0.150000E-03
 654   0.228743E-03  -0.372089E-03   0.744491E-02   0.525993E-02   0.400000E-03
 655  -0.323531E-04   0.219859E-03   0.876559E-02   0.577640E-02   0.350000E-03
 656   0.189922E-03   0.151305E-03   0.935416E-02   0.588744E-02   0.250000E-03
 657   0.123214E-03  -0.122489E-03   0.104764E-01   0.592523E-02   0.300000E-03
 658  -0.194139E-03  -0.102225E-03   0.119778E-01   0.512517E-02   0.350000E-03
 659  -0.172054E-03   0.803077E-04   0.131549E-01   0.545442E-02   0.250000E-03
 660  -0.897686E-04   0.268314E-03   0.136211E-01   0.618077E-02   0.400000E-03
 661  -0.149910E-03   0.138891E-03   0.149940E-01   0.625058E-02   0.300000E-03
 662  -0.416185E-03   0.139849E-03   0.163365E-01   0.642606E-02   0.300000E-03
 663  -0.490104E-03   0.325916E-03   0.166228E-01   0.595954E-02   0.250000E-03
 664  -0.163229E-03   0.287006E-03   0.177633E-01   0.652845E-02   0.250000E-03
 665   0.300304E-03  -0.115383E-03   0.200418E-01   0.625648E-02   0.300000E-03
 666   0.205320E-03  -0.140487E-03   0.212819E-01   0.633828E-02   0.300000E-03
 667   0.336802E-03  -0.258170E-03   0.223893E-01   0.575314E-02   0.300000E-03
 668   0.321959E-03   0.195038E-05   0.234247E-01   0.532691E-02   0.300000E-03
 669   0.124198E-03   0.514074E-04   0.248860E-01   0.473144E-02   0.100000E-03
 670   0.162255E-03   0.625884E-03   0.264022E-01   0.487645E-02   0.200000E-03
 671   0.517285E-03   0.263917E-03   0.285288E-01   0.530621E-02   0.200000E-03
 672   0.229500E-03   0.145904E-03   0.281293E-01   0.510647E-02   0.250000E-03
 673  -0.673594E-04  -0.604427E-04   0.310255E-01   0.558887E-02   0.350000E-03
 674  -0.623607E-03  -0.534553E-04   0.315435E-01   0.511809E-02   0.350000E-03
 675  -0.685770E-03   0.294350E-03   0.324976E-01   0.425463E-02   0.250000E-03
 676   0.178276E-03   0.113243E-03   0.347816E-01   0.478374E-02   0.250000E-03
 677   0.634244E-04   0.695080E-04   0.369649E-01   0.598254E-02   0.400000E-03
 678   0.238334E-03  -0.882072E-04   0.374247E-01   0.537632E-02   0.250000E-03
 679   0.955647E-03  -0.869819E-03   0.390880E-01   0.541933E-02   0.200000E-03
 680   0.748933E-03  -0.417672E-03   0.392575E-01   0.489724E-02   0.350000E-03
 681   0.547065E-03   0.347679E-03   0.410850E-01   0.387045E-02   0.250000E-03
 682   0.386566E-03   0.320735E-04   0.421294E-01   0.340216E-02   0.250000E-03
 683   0.942739E-03   0.460562E-03   0.440169E-01   0.454561E-02   0.500000E-03
 684   0.863357E-03  -0.205666E-05   0.440386E-01   0.339312E-02   0.300000E-03
 685  -0.843708E-04  -0.455452E-04   0.349311E-03   0.723259E-02   0.350000E-03
 686   0.308940E-04   0.177081E-05   0.332615E-02   0.557818E-02   0.350000E-03
 687   0.772818E-04  -0.272070E-04   0.331407E-02   0.493120E-02   0.300000E-03
 688   0.429621E-03  -0.999119E-04   0.501280E-02   0.481271E-02   0.250000E-03
 689   0.551470E-03  -0.101450E-03   0.705801E-02   0.480263E-02   0.200000E-03
 690   0.277101E-03   0.228768E-04   0.759418E-02   0.598953E-02   0.350000E-03
 691   0.221564E-04  -0.155666E-03   0.877583E-02   0.647507E-02   0.350000E-03
 692   0.216331E-03  -0.150219E-03   0.989587E-02   0.623937E-02   0.300000E-03
 693   0.169673E-03  -0.174936E-03   0.103952E-01   0.646557E-02   0.250000E-03
 694  -0.273266E-03  -0.117093E-03   0.111164E-01   0.583037E-02   0.350000E-03
 695  -0.242673E-03   0.335310E-03   0.128955E-01   0.599368E-02   0.350000E-03
 696  -0.682048E-04   0.504417E-05   0.146166E-01   0.717578E-02   0.250000E-03
 697  -0.130218E-03   0.108390E-03   0.143267E-01   0.659419E-02   0.400000E-03
 698  -0.310304E-03  -0.153764E-04   0.156306E-01   0.654116E-02   0.400000E-03
 699  -0.152653E-03   0.250430E-03   0.170667E-01   0.657972E-02   0.450000E-03
 700   0.170463E-04   0.384295E-03   0.182314E-01   0.681386E-02   0.300000E-03
 701  -0.928697E-04   0.197859E-03   0.195669E-01   0.661822E-02   0.300000E-03
 702   0.319854E-03   0.462986E-04   0.204533E-01   0.682192E-02   0.400000E-03
 703   0.378823E-03   0.435029E-04   0.230658E-01   0.593278E-02   0.400000E-03
 704   0.352662E-03   0.153260E-04   0.241787E-01   0.551729E-02   0.400000E-03
 705   0.214110E-03   0.190781E-04   0.251665E-01   0.499778E-02   0.250000E-03
 706   0.503402E-03   0.472763E-03   0.259815E-01   0.503476E-02   0.250000E-03
 707   0.596737E-04   0.898833E-04   0.269856E-01   0.507839E-02   0.400000E-03
 708  -0.284090E-03  -0.172644E-03   0.298877E-01   0.542234E-02   0.250000E-03
 709  -0.523894E-03  -0.361645E-05   0.320749E-01   0.525805E-02   0.200000E-03
 710  -0.134392E-03   0.705597E-04   0.326316E-01   0.500916E-02   0.250000E-03
 711  -0.410037E-03  -0.279375E-04   0.337201E-01   0.461105E-02   0.350000E-03
 712   0.944985E-04  -0.116042E-03   0.351301E-01   0.520800E-02   0.300000E-03
 713  -0.127936E-03   0.175061E-04   0.381538E-01   0.636418E-02   0.350000E-03
 714   0.273730E-03  -0.121836E-03   0.379273E-01   0.569907E-02   0.350000E-03
 715   0.348869E-03  -0.439035E-03   0.388174E-01   0.563785E-02   0.150000E-03
 716   0.846431E-03  -0.378724E-03   0.397222E-01   0.452618E-02   0.250000E-03
 717   0.217024E-03  -0.250649E-03   0.400594E-01   0.365763E-02   0.150000E-03
 718   0.383074E-03   0.154745E-03   0.421620E-01   0.389998E-02   0.250000E-03
 719   0.172763E-03  -0.531707E-03   0.448009E-01   0.544326E-02   0.200000E-03
 720   0.398934E-03  -0.752525E-03   0.434025E-01   0.727211E-02   0.350000E-03
 721  -0.119545E-03  -0.348491E-03   0.215142E-02   0.401957E-02   0.200000E-03
 722  -0.182927E-03  -0.624802E-04   0.202678E-02   0.509375E-02   0.300000E-03
 723   0.351255E-03  -0.217396E-03   0.425139E-02   0.458058E-02   0.250000E-03
 724   0.129013E-03  -0.181614E-03   0.601974E-02   0.485982E-02   0.400000E-03
 725   0.641302E-03  -0.254460E-03   0.691340E-02   0.512077E-02   0.150000E-03
 726   0.264158E-03   0.531458E-04   0.650850E-02   0.548917E-02   0.400000E-03
 727   0.402403E-03   0.867634E-04   0.822516E-02   0.613690E-02   0.300000E-03
 728   0.199375E-03  -0.170419E-03   0.936746E-02   0.638588E-02   0.250000E-03
 729   0.357503E-03   0.991189E-06   0.971061E-02   0.681489E-02   0.300000E-03
 730  -0.274817E-03  -0.268094E-03   0.123490E-01   0.559628E-02   0.250000E-03
 731   0.702122E-04   0.277980E-03   0.122247E-01   0.618866E-02   0.350000E-03
 732   0.922187E-04   0.809539E-04   0.131178E-01   0.659078E-02   0.250000E-03
 733  -0.162072E-03   0.901682E-04   0.149419E-01   0.679681E-02   0.250000E-03
 734  -0.298645E-03  -0.780419E-04   0.161477E-01   0.688279E-02   0.200000E-03
 735  -0.359046E-04   0.358248E-03   0.176573E-01   0.711808E-02   0.350000E-03
 736   0.875482E-04   0.149716E-03   0.191412E-01   0.719559E-02   0.400000E-03
 737   0.606485E-04   0.193877E-03   0.198380E-01   0.715183E-02   0.300000E-03
 738   0.257389E-03   0.102023E-03   0.215269E-01   0.699119E-02   0.400000E-03
 739   0.398955E-03   0.585295E-04   0.224753E-01   0.639227E-02   0.350000E-03
 740   0.280170E-03   0.520390E-04   0.237820E-01   0.615032E-02   0.350000E-03
 741   0.146326E-05   0.776230E-05   0.248306E-01   0.559587E-02   0.250000E-03
 742   0.113645E-03   0.552553E-04   0.263889E-01   0.532573E-02   0.250000E-03
 743   0.227703E-03   0.110688E-03   0.276316E-01   0.514028E-02   0.250000E-03
 744   0.590888E-03   0.219716E-03   0.289059E-01   0.518013E-02   0.200000E-03
 745  -0.595339E-03  -0.141516E-04   0.316115E-01   0.571190E-02   0.250000E-03
 746  -0.793420E-04   0.750155E-04   0.328002E-01   0.558439E-02   0.350000E-03
 747  -0.489276E-03   0.525601E-03   0.332774E-01   0.514556E-02   0.300000E-03
 748  -0.915913E-04   0.401035E-04   0.356782E-01   0.485811E-02   0.350000E-03
 749   0.153324E-03  -0.252596E-03   0.363111E-01   0.545255E-02   0.300000E-03
 750   0.184959E-04  -0.205746E-03   0.384994E-01   0.587580E-02   0.250000E-03
 751   0.340412E-03  -0.377918E-03   0.391533E-01   0.593050E-02   0.300000E-03
 752   0.736632E-03  -0.279478E-03   0.401767E-01   0.422720E-02   0.300000E-03
 753   0.256519E-03   0.300588E-03   0.406999E-01   0.298209E-02   0.150000E-03
 754   0.337635E-03   0.246070E-03   0.418850E-01   0.418614E-02   0.150000E-03
 755   0.444419E-03   0.300728E-03   0.425404E-01   0.414891E-02   0.150000E-03
 756   0.386710E-03  -0.770538E-03   0.431039E-01   0.669502E-02   0.300000E-03
 757  -0.222029E-03  -0.128370E-03   0.183868E-02   0.447161E-02   0.350000E-03
 758   0.337439E-03   0.552533E-04   0.401882E-02   0.565241E-02   0.350000E-03
 759   0.203886E-03  -0.439349E-04   0.390814E-02   0.500950E-02   0.300000E-03
 760   0.407146E-04  -0.232385E-03   0.472158E-02   0.556671E-02   0.300000E-03
 761   0.202164E-03  -0.287734E-03   0.538497E-02   0.534429E-02   0.400000E-03
 762   0.490345E-03  -0.607041E-04   0.588343E-02   0.590066E-02   0.350000E-03
 763   0.243270E-03  -0.212146E-04   0.687508E-02   0.619691E-02   0.400000E-03
 764   0.393780E-03   0.810057E-04   0.815126E-02   0.673211E-02   0.300000E-03
 765  -0.397452E-03  -0.165494E-03   0.115474E-01   0.637654E-02   0.350000E-03
 766  -0.258381E-03   0.352685E-05   0.117587E-01   0.573679E-02   0.300000E-03
 767  -0.126158E-03   0.470524E-04   0.126783E-01   0.649806E-02   0.200000E-03
 768  -0.118092E-03   0.134144E-03   0.137206E-01   0.682177E-02   0.250000E-03
 769  -0.300356E-03  -0.102722E-03   0.152377E-01   0.731802E-02   0.350000E-03
 770  -0.275155E-03  -0.548557E-04   0.158228E-01   0.719256E-02   0.250000E-03
 771  -0.474857E-03   0.368224E-03   0.165491E-01   0.676454E-02   0.100000E-03
 772  -0.674172E-04   0.159056E-03   0.185007E-01   0.728970E-02   0.250000E-03
 773   0.431804E-04   0.142061E-03   0.202318E-01   0.772926E-02   0.400000E-03
 774   0.259045E-03   0.426720E-04   0.209101E-01   0.741252E-02   0.350000E-03
 775   0.527277E-03  -0.230096E-03   0.233200E-01   0.653078E-02   0.250000E-03
 776  -0.155861E-06   0.169482E-04   0.249397E-01   0.603171E-02   0.200000E-03
 777   0.523076E-03  -0.575141E-04   0.255806E-01   0.482710E-02   0.200000E-03
 778   0.523350E-03  -0.622016E-04   0.259716E-01   0.548322E-02   0.200000E-03
 779   0.271225E-03   0.551865E-04   0.279139E-01   0.561183E-02   0.300000E-03
 780   0.312546E-03   0.431884E-03   0.294185E-01   0.581005E-02   0.350000E-03
 781  -0.355492E-03   0.321882E-03   0.307242E-01   0.604851E-02   0.200000E-03
 782  -0.518207E-03  -0.774882E-05   0.321593E-01   0.575023E-02   0.300000E-03
 783  -0.471030E-04   0.649663E-03   0.339116E-01   0.528276E-02   0.350000E-03
 784   0.404221E-03   0.494498E-03   0.344580E-01   0.522648E-02   0.200000E-03
 785  -0.284251E-04  -0.213663E-03   0.356746E-01   0.555799E-02   0.350000E-03
 786   0.134926E-03   0.798767E-04   0.375808E-01   0.618865E-02   0.250000E-03
 787   0.520829E-03  -0.360998E-03   0.397174E-01   0.612945E-02   0.300000E-03
 788   0.465035E-03  -0.965214E-03   0.396329E-01   0.548595E-02   0.350000E-03
 789   0.129924E-03   0.307222E-03   0.405499E-01   0.376110E-02   0.300000E-03
 790   0.208255E-03   0.164606E-03   0.414479E-01   0.427791E-02   0.300000E-03
 791   0.604080E-03   0.148392E-03   0.430941E-01   0.434880E-02   0.350000E-03
 792   0.907153E-03   0.353063E-03   0.438684E-01   0.517817E-02   0.150000E-03
 793   0.151120E-03   0.421368E-04   0.283928E-02   0.547375E-02   0.150000E-03
 794   0.113614E-03  -0.451520E-04   0.245217E-02   0.545258E-02   0.150000E-03
 795   0.303982E-03   0.978948E-05   0.435864E-02   0.522379E-02   0.200000E-03
 796   0.116193E-03   0.121729E-04   0.266542E-02   0.646466E-02   0.300000E-03
 797   0.369223E-03   0.674259E-04   0.449110E-02   0.623344E-02   0.400000E-03
 798   0.548810E-04   0.147054E-03   0.515140E-02   0.600299E-02   0.300000E-03
 799   0.248871E-03   0.217782E-03   0.750333E-02   0.668037E-02   0.350000E-03
 800   0.132674E-03   0.969368E-03   0.882842E-02   0.707151E-02   0.250000E-03
 801  -0.103609E-03  -0.362654E-03   0.108115E-01   0.673865E-02   0.250000E-03
 802  -0.268611E-03  -0.374553E-03   0.112780E-01   0.691165E-02   0.250000E-03
 803   0.726090E-04   0.315264E-03   0.120130E-01   0.674908E-02   0.250000E-03
 804   0.354841E-04   0.896636E-04   0.132611E-01   0.712157E-02   0.300000E-03
 805  -0.174429E-03   0.219865E-04   0.140713E-01   0.724517E-02   0.300000E-03
 806  -0.403146E-03   0.418236E-04   0.156959E-01   0.762269E-02   0.200000E-03
 807   0.332474E-03   0.719575E-03   0.180725E-01   0.755070E-02   0.250000E-03
 808   0.142438E-03   0.564164E-03   0.191630E-01   0.804430E-02   0.450000E-03
 809   0.309574E-03  -0.402898E-04   0.214935E-01   0.769565E-02   0.300000E-03
 810   0.327764E-03   0.481681E-04   0.222254E-01   0.698692E-02   0.300000E-03
 811   0.308668E-03   0.167975E-03   0.238238E-01   0.679671E-02   0.300000E-03
 812   0.325939E-03  -0.230077E-03   0.244541E-01   0.616031E-02   0.300000E-03
 813   0.116695E-03  -0.310627E-04   0.254269E-01   0.553366E-02   0.350000E-03
 814   0.203242E-03   0.187922E-03   0.273929E-01   0.551841E-02   0.200000E-03
 815   0.598221E-03   0.401407E-03   0.286728E-01   0.588614E-02   0.400000E-03
 816  -0.142268E-03  -0.230274E-03   0.311879E-01   0.611244E-02   0.200000E-03
 817  -0.293366E-03   0.693836E-04   0.302267E-01   0.629786E-02   0.300000E-03
 818  -0.172139E-03   0.369980E-03   0.325690E-01   0.618786E-02   0.300000E-03
 819  -0.314716E-03   0.817850E-03   0.334357E-01   0.572393E-02   0.300000E-03
 820  -0.485924E-04  -0.101137E-04   0.347236E-01   0.564824E-02   0.300000E-03
 821   0.165595E-03   0.549017E-05   0.362400E-01   0.604658E-02   0.300000E-03
 822   0.257457E-05  -0.792541E-04   0.378321E-01   0.692872E-02   0.300000E-03
 823   0.163362E-03   0.118326E-03   0.387522E-01   0.630664E-02   0.250000E-03
 824   0.507925E-03  -0.684381E-03   0.408130E-01   0.555136E-02   0.350000E-03
 825   0.549576E-03  -0.637078E-03   0.402534E-01   0.498060E-02   0.450000E-03
 826   0.594250E-03  -0.210160E-03   0.408028E-01   0.439928E-02   0.350000E-03
 827   0.405761E-03   0.307043E-03   0.422259E-01   0.439521E-02   0.250000E-03
 828   0.148075E-03  -0.307139E-03   0.402815E-01   0.692028E-02   0.350000E-03
 829   0.138414E-03   0.122404E-03   0.262461E-02   0.586719E-02   0.300000E-03
 830   0.196629E-03   0.815358E-04   0.299867E-03   0.520236E-02   0.300000E-03
 831   0.184083E-03  -0.303870E-03   0.312625E-03   0.570109E-02   0.200000E-03
 832   0.489408E-04   0.206349E-04   0.310393E-02   0.613406E-02   0.250000E-03
 833  -0.134033E-03  -0.352230E-03   0.327426E-02   0.665519E-02   0.300000E-03
 834   0.127278E-03  -0.967218E-04   0.508659E-02   0.659901E-02   0.300000E-03
 835   0.154432E-03   0.647722E-04   0.572648E-02   0.678451E-02   0.300000E-03
 836   0.248119E-03   0.722621E-04   0.754574E-02   0.737702E-02   0.350000E-03
 837  -0.143948E-03  -0.198710E-03   0.108165E-01   0.628995E-02   0.200000E-03
 838   0.228712E-03   0.419763E-04   0.117460E-01   0.728550E-02   0.350000E-03
 839  -0.134096E-03   0.113561E-03   0.125640E-01   0.708656E-02   0.400000E-03
 840  -0.403474E-03  -0.197691E-03   0.141438E-01   0.786366E-02   0.300000E-03
 841  -0.118475E-03  -0.281737E-03   0.147241E-01   0.771459E-02   0.300000E-03
 842   0.725559E-03   0.481876E-04   0.170577E-01   0.736679E-02   0.300000E-03
 843  -0.528554E-04   0.504587E-03   0.185125E-01   0.778725E-02   0.250000E-03
 844  -0.132654E-03   0.359751E-03   0.198601E-01   0.832125E-02   0.300000E-03
 845   0.293343E-03  -0.321384E-03   0.208962E-01   0.811104E-02   0.350000E-03
 846   0.399293E-03  -0.829280E-04   0.220012E-01   0.748776E-02   0.250000E-03
 847   0.838371E-03  -0.153176E-03   0.232962E-01   0.707968E-02   0.300000E-03
 848  -0.155693E-03   0.114077E-03   0.245189E-01   0.686936E-02   0.400000E-03
 849   0.193709E-03   0.121377E-03   0.254528E-01   0.622952E-02   0.350000E-03
 850   0.246496E-04   0.454579E-03   0.267469E-01   0.562525E-02   0.200000E-03
 851   0.235689E-03  -0.101308E-03   0.266334E-01   0.610978E-02   0.300000E-03
 852  -0.241826E-03   0.403284E-03   0.299178E-01   0.582097E-02   0.150000E-03
 853  -0.616894E-03  -0.372682E-03   0.317021E-01   0.630320E-02   0.350000E-03
 854  -0.313755E-03  -0.207024E-04   0.327841E-01   0.679934E-02   0.350000E-03
 855   0.150064E-03   0.354324E-03   0.331645E-01   0.625878E-02   0.300000E-03
 856  -0.225152E-03   0.536793E-04   0.341205E-01   0.600032E-02   0.400000E-03
 857  -0.758219E-04  -0.411189E-04   0.352100E-01   0.607786E-02   0.350000E-03
 858   0.831808E-04   0.571768E-04   0.365618E-01   0.655230E-02   0.300000E-03
 859   0.382986E-03  -0.189505E-03   0.392812E-01   0.646409E-02   0.250000E-03
 860   0.696028E-03  -0.775225E-03   0.402084E-01   0.578447E-02   0.300000E-03
 861   0.702248E-03  -0.633336E-03   0.415105E-01   0.556595E-02   0.350000E-03
 862   0.464023E-03  -0.471222E-03   0.409743E-01   0.497394E-02   0.250000E-03
 863   0.785161E-03   0.656764E-03   0.432707E-01   0.512862E-02   0.450000E-03
 864   0.131181E-03  -0.421249E-03   0.445508E-01   0.604210E-02   0.450000E-03
 865  -0.152618E-03  -0.625064E-04   0.137939E-02   0.504741E-02   0.350000E-03
 866  -0.141678E-03   0.900483E-05   0.171083E-02   0.548106E-02   0.200000E-03
 867  -0.999221E-04  -0.871280E-04   0.204988E-02   0.626021E-02   0.350000E-03
 868   0.384767E-03   0.808354E-04   0.365101E-02   0.618791E-02   0.300000E-03
 869  -0.777601E-04  -0.946315E-04   0.333804E-02   0.719895E-02   0.250000E-03
 870   0.443477E-03  -0.121418E-03   0.622534E-02   0.645205E-02   0.300000E-03
 871   0.260499E-03   0.191100E-03   0.689073E-02   0.689556E-02   0.300000E-03
 872   0.207381E-03  -0.202950E-04   0.921115E-02   0.680731E-02   0.200000E-03
 873   0.147315E-03  -0.501227E-04   0.102808E-01   0.700069E-02   0.300000E-03
 874  -0.259318E-03   0.163646E-04   0.116988E-01   0.796310E-02   0.300000E-03
 875   0.152075E-04  -0.135265E-03   0.122405E-01   0.770554E-02   0.300000E-03
 876  -0.832633E-04  -0.610979E-04   0.136001E-01   0.761398E-02   0.300000E-03
 877  -0.261833E-03   0.583132E-03   0.146448E-01   0.830800E-02   0.300000E-03
 878  -0.260242E-03   0.518453E-04   0.164086E-01   0.736451E-02   0.350000E-03
 879   0.248970E-03  -0.682745E-03   0.175082E-01   0.769694E-02   0.250000E-03
 880   0.492245E-03   0.209537E-03   0.176521E-01   0.822683E-02   0.300000E-03
 881   0.394485E-03  -0.341496E-03   0.219896E-01   0.803698E-02   0.300000E-03
 882  -0.923044E-04  -0.523257E-04   0.227508E-01   0.714562E-02   0.250000E-03
 883   0.410020E-05  -0.133236E-03   0.229275E-01   0.660285E-02   0.150000E-03
 884   0.200090E-03  -0.286118E-03   0.240090E-01   0.741867E-02   0.350000E-03
 885   0.519237E-03  -0.158977E-03   0.261338E-01   0.736682E-02   0.400000E-03
 886   0.528065E-03  -0.167450E-04   0.260497E-01   0.597527E-02   0.300000E-03
 887   0.691874E-03  -0.223834E-03   0.285604E-01   0.662574E-02   0.350000E-03
 888   0.237790E-03   0.151559E-03   0.295397E-01   0.659874E-02   0.450000E-03
 889  -0.387666E-03   0.185800E-03   0.308740E-01   0.668051E-02   0.450000E-03
 890   0.362845E-04   0.795797E-04   0.322172E-01   0.660726E-02   0.250000E-03
 891  -0.135809E-03  -0.826699E-04   0.337299E-01   0.663864E-02   0.350000E-03
 892  -0.158467E-03   0.413642E-04   0.346609E-01   0.658770E-02   0.400000E-03
 893   0.108321E-03   0.461854E-04   0.357651E-01   0.641223E-02   0.300000E-03
 894   0.208186E-03  -0.212892E-04   0.385868E-01   0.677843E-02   0.250000E-03
 895   0.307710E-03   0.132697E-04   0.390976E-01   0.698206E-02   0.300000E-03
 896   0.897245E-03  -0.649090E-03   0.419103E-01   0.694615E-02   0.300000E-03
 897   0.255714E-03  -0.774800E-03   0.424627E-01   0.660160E-02   0.350000E-03
 898   0.322075E-03   0.280244E-03   0.426158E-01   0.461856E-02   0.200000E-03
 899   0.606837E-03   0.619438E-03   0.424754E-01   0.518284E-02   0.350000E-03
 900   0.482083E-03  -0.240437E-03   0.438293E-01   0.569740E-02   0.350000E-03
 901  -0.199468E-03   0.483761E-04   0.129101E-02   0.563831E-02   0.250000E-03
 902   0.929996E-05  -0.222765E-03   0.306401E-02   0.761659E-02   0.250000E-03
 903  -0.989626E-04  -0.102802E-04   0.211633E-02   0.566504E-02   0.250000E-03
 904   0.973284E-04  -0.540416E-04   0.274524E-02   0.710843E-02   0.350000E-03
 905   0.535974E-03  -0.145673E-03   0.397870E-02   0.691066E-02   0.450000E-03
 906   0.525237E-03   0.120507E-03   0.584106E-02   0.732853E-02   0.250000E-03
 907   0.253627E-03   0.317058E-03   0.553343E-02   0.632385E-02   0.200000E-03
 908   0.137309E-03   0.201690E-03   0.883151E-02   0.762044E-02   0.300000E-03
 909   0.242087E-03   0.157592E-03   0.933313E-02   0.729145E-02   0.300000E-03
 910   0.117436E-03   0.110734E-03   0.101206E-01   0.804340E-02   0.300000E-03
 911  -0.538354E-05   0.222421E-03   0.112595E-01   0.763411E-02   0.250000E-03
 912  -0.331792E-03   0.549353E-03   0.151200E-01   0.858297E-02   0.250000E-03
 913  -0.289396E-03   0.483859E-03   0.153100E-01   0.801391E-02   0.350000E-03
 914  -0.369663E-03   0.869785E-04   0.161236E-01   0.811095E-02   0.450000E-03
 915  -0.251514E-03  -0.358011E-03   0.169719E-01   0.806295E-02   0.400000E-03
 916   0.392142E-04  -0.909474E-04   0.204159E-01   0.854718E-02   0.300000E-03
 917  -0.194089E-03   0.165366E-03   0.199895E-01   0.896811E-02   0.300000E-03
 918  -0.241589E-04  -0.255362E-03   0.225572E-01   0.771275E-02   0.350000E-03
 919   0.783212E-03   0.612098E-03   0.232577E-01   0.772805E-02   0.350000E-03
 920   0.648758E-04  -0.359914E-03   0.248522E-01   0.637020E-02   0.150000E-03
 921   0.284476E-03  -0.283629E-03   0.234336E-01   0.845022E-02   0.350000E-03
 922   0.492592E-03  -0.423949E-03   0.260309E-01   0.662422E-02   0.350000E-03
 923   0.246988E-03  -0.313921E-03   0.279642E-01   0.625923E-02   0.350000E-03
 924   0.120276E-03   0.290060E-03   0.289824E-01   0.730505E-02   0.450000E-03
 925  -0.416382E-03   0.717566E-04   0.310813E-01   0.745293E-02   0.350000E-03
 926  -0.657354E-03   0.829732E-04   0.315774E-01   0.693955E-02   0.300000E-03
 927   0.462336E-04   0.211009E-03   0.336399E-01   0.719436E-02   0.200000E-03
 928  -0.228509E-03  -0.230982E-03   0.341693E-01   0.649730E-02   0.100000E-03
 929   0.989221E-05  -0.822343E-04   0.372302E-01   0.668361E-02   0.350000E-03
 930   0.511143E-03  -0.146243E-03   0.412103E-01   0.663038E-02   0.300000E-03
 931   0.522672E-03  -0.532540E-03   0.411803E-01   0.606288E-02   0.250000E-03
 932   0.525100E-03  -0.119932E-03   0.397325E-01   0.667846E-02   0.250000E-03
 933   0.921066E-03  -0.423429E-03   0.418005E-01   0.625505E-02   0.400000E-03
 934   0.494008E-03  -0.491792E-03   0.412384E-01   0.467473E-02   0.150000E-03
 935   0.308712E-03   0.307251E-03   0.417927E-01   0.487901E-02   0.400000E-03
 936   0.529224E-03  -0.287026E-03   0.433620E-01   0.614890E-02   0.300000E-03
 937   0.233355E-05  -0.492789E-04   0.104319E-02   0.714562E-02   0.350000E-03
 938   0.172584E-03   0.219849E-05   0.298328E-03   0.620024E-02   0.300000E-03
 939   0.545134E-04   0.105593E-03   0.368515E-02   0.768583E-02   0.350000E-03
 940   0.488789E-03  -0.246518E-03   0.788088E-03   0.585557E-02   0.300000E-03
 941  -0.186089E-03   0.247717E-04   0.167782E-02   0.685200E-02   0.350000E-03
 942   0.767497E-04   0.908141E-04   0.453453E-02   0.768325E-02   0.500000E-03
 943   0.159173E-03   0.528250E-04   0.525100E-02   0.722715E-02   0.350000E-03
 944   0.489093E-03   0.127905E-03   0.631017E-02   0.704431E-02   0.300000E-03
 945  -0.753320E-04   0.160055E-03   0.108347E-01   0.728704E-02   0.300000E-03
 946   0.454462E-03   0.801120E-04   0.986025E-02   0.744523E-02   0.250000E-03
 947  -0.844245E-06  -0.132983E-03   0.129413E-01   0.796996E-02   0.450000E-03
 948  -0.135115E-03   0.756686E-04   0.125614E-01   0.855719E-02   0.250000E-03
 949  -0.672596E-03   0.477007E-03   0.156572E-01   0.869697E-02   0.300000E-03
 950   0.435642E-03   0.388678E-03   0.139873E-01   0.854652E-02   0.400000E-03
 951  -0.324077E-03   0.137758E-03   0.166233E-01   0.866936E-02   0.300000E-03
 952  -0.129211E-04   0.254507E-03   0.181992E-01   0.817626E-02   0.250000E-03
 953   0.656953E-03   0.445424E-03   0.211120E-01   0.867048E-02   0.250000E-03
 954   0.437513E-03  -0.288333E-03   0.225919E-01   0.856190E-02   0.500000E-03
 955   0.118466E-03  -0.746301E-04   0.238084E-01   0.798320E-02   0.250000E-03
 956   0.929504E-04  -0.795989E-04   0.255749E-01   0.701246E-02   0.250000E-03
 957   0.106665E-03  -0.506158E-03   0.272077E-01   0.725246E-02   0.350000E-03
 958   0.218019E-03  -0.385053E-03   0.267183E-01   0.675243E-02   0.350000E-03
 959   0.261186E-03  -0.958328E-04   0.272806E-01   0.605435E-02   0.350000E-03
 960  -0.307164E-03   0.161095E-03   0.301945E-01   0.684567E-02   0.250000E-03
 961  -0.593860E-04   0.287852E-03   0.321295E-01   0.795101E-02   0.400000E-03
 962  -0.657896E-03   0.800035E-04   0.316806E-01   0.747884E-02   0.250000E-03
 963  -0.311747E-03  -0.501143E-05   0.333024E-01   0.698050E-02   0.200000E-03
 964   0.444457E-04   0.740098E-04   0.353222E-01   0.681568E-02   0.300000E-03
 965   0.105549E-03   0.642751E-04   0.360992E-01   0.684851E-02   0.250000E-03
 966   0.190197E-03   0.458013E-03   0.367187E-01   0.723360E-02   0.400000E-03
 967   0.180418E-03  -0.335752E-03   0.406400E-01   0.631966E-02   0.350000E-03
 968   0.633691E-03  -0.275042E-03   0.401518E-01   0.623052E-02   0.150000E-03
 969   0.895068E-03  -0.388184E-03   0.447506E-01   0.710477E-02   0.250000E-03
 970   0.289049E-03  -0.783664E-03   0.442470E-01   0.678015E-02   0.350000E-03
 971   0.339767E-03  -0.277604E-03   0.427104E-01   0.589379E-02   0.400000E-03
 972   0.400587E-03  -0.782086E-03   0.436511E-01   0.672628E-02   0.250000E-03
 973   0.486512E-03  -0.352749E-03   0.839966E-03   0.530847E-02   0.250000E-03
 974   0.849172E-04   0.108970E-03   0.399213E-02   0.820106E-02   0.250000E-03
 975  -0.223698E-03  -0.744230E-04   0.135084E-02   0.623356E-02   0.350000E-03
 976  -0.558754E-04  -0.167259E-03   0.784140E-03   0.654976E-02   0.300000E-03
 977   0.326718E-03  -0.224895E-03   0.726865E-02   0.790854E-02   0.250000E-03
 978   0.271472E-03   0.584024E-04   0.690707E-02   0.749462E-02   0.300000E-03
 979   0.474045E-03   0.183950E-04   0.636609E-02   0.759052E-02   0.250000E-03
 980   0.353857E-03   0.141230E-03   0.815808E-02   0.780797E-02   0.400000E-03
 981   0.145130E-03   0.325864E-04   0.103496E-01   0.754431E-02   0.250000E-03
 982   0.666731E-04   0.121711E-03   0.937646E-02   0.813487E-02   0.450000E-03
 983  -0.117714E-04   0.166380E-03   0.121671E-01   0.825023E-02   0.250000E-03
 984   0.197198E-03   0.792513E-04   0.107668E-01   0.797431E-02   0.350000E-03
 985  -0.685366E-04  -0.144902E-03   0.135750E-01   0.811211E-02   0.200000E-03
 986  -0.826065E-04   0.277906E-03   0.189875E-01   0.914193E-02   0.300000E-03
 987  -0.405976E-03  -0.174704E-03   0.186052E-01   0.861683E-02   0.350000E-03
 988  -0.209121E-04   0.234629E-03   0.194341E-01   0.874180E-02   0.300000E-03
 989  -0.388364E-04   0.149058E-03   0.195372E-01   0.928106E-02   0.250000E-03
 990   0.322511E-03  -0.314166E-03   0.214808E-01   0.824478E-02   0.250000E-03
 991   0.285748E-03  -0.227977E-03   0.246309E-01   0.773851E-02   0.350000E-03
 992   0.267602E-03  -0.189854E-03   0.251007E-01   0.729079E-02   0.300000E-03
 993   0.235514E-03   0.254229E-04   0.251540E-01   0.674416E-02   0.250000E-03
 994   0.209104E-03  -0.444213E-03   0.273550E-01   0.664850E-02   0.250000E-03
 995   0.270171E-03  -0.562771E-03   0.279161E-01   0.700750E-02   0.400000E-03
 996  -0.272843E-03   0.101110E-03   0.304422E-01   0.733528E-02   0.300000E-03
 997   0.382006E-04  -0.214589E-03   0.298625E-01   0.721929E-02   0.250000E-03
 998   0.107489E-04  -0.261147E-03   0.322150E-01   0.720638E-02   0.350000E-03
 999  -0.337850E-03   0.505577E-05   0.330374E-01   0.734302E-02   0.250000E-03
1000  -0.300817E-03   0.218016E-03   0.341890E-01   0.716874E-02   0.350000E-03
