   1   0.114669E+00  -0.338033E+00   0.801095E-02   0.163289E-01   0.350000E-03
   2  -0.423476E-03  -0.759980E-03   0.148762E-03   0.149431E-03   0.150000E-03
   3   0.934978E-03  -0.858307E-03   0.441198E-02   0.454663E-03   0.450000E-03
   4   0.301635E-03  -0.252599E-02   0.560665E-02   0.478305E-03   0.200000E-03
   5   0.390955E-02   0.153336E-04   0.557485E-02   0.999898E-04   0.100000E-03
   6   0.742938E-03   0.143409E-03   0.740097E-02   0.249565E-03   0.250000E-03
   7  -0.227634E-02  -0.496265E-03   0.803279E-02   0.399571E-03   0.400000E-03
   8  -0.222603E-02   0.166246E-02   0.878566E-02   0.347178E-03   0.350000E-03
   9  -0.260938E-02   0.196350E-02   0.923189E-02   0.566817E-03   0.150000E-03
  10   0.124977E-03  -0.324216E-03   0.117303E-01   0.297519E-03   0.300000E-03
  11  -0.788597E-03  -0.167247E-02   0.129750E-01   0.348487E-03   0.350000E-03
  12  -0.231505E-02  -0.157594E-02   0.147092E-01   0.193957E-03   0.200000E-03
  13  -0.248652E-03   0.489464E-03   0.168182E-01   0.342420E-03   0.350000E-03
  14  -0.970986E-03   0.480338E-03   0.175156E-01   0.348810E-03   0.350000E-03
  15  -0.723041E-03   0.346477E-03   0.187340E-01   0.399810E-03   0.400000E-03
  16   0.183350E-03   0.111028E-02   0.194799E-01   0.348058E-03   0.350000E-03
  17  -0.167736E-03  -0.855798E-03   0.203931E-01   0.338185E-03   0.350000E-03
  18   0.315507E-02  -0.259492E-03   0.218200E-01   0.348313E-03   0.350000E-03
  19  -0.380411E-03   0.291580E-03   0.224094E-01   0.244810E-03   0.250000E-03
  20  -0.134922E-02   0.362371E-03   0.229081E-01   0.246823E-03   0.250000E-03
  21  -0.285706E-03   0.520956E-03   0.243823E-01   0.249691E-03   0.250000E-03
  22   0.538851E-03  -0.110669E-02   0.257032E-01   0.199805E-03   0.200000E-03
  23  -0.694602E-03  -0.367650E-03   0.267009E-01   0.999487E-04   0.100000E-03
  24  -0.177228E-02   0.261743E-03   0.282699E-01   0.396178E-03   0.400000E-03
  25   0.129192E-02   0.247132E-03   0.297315E-01   0.396143E-03   0.400000E-03
  26   0.979435E-03   0.384836E-04   0.304785E-01   0.343534E-03   0.350000E-03
  27  -0.579541E-03   0.896855E-03   0.318223E-01   0.299159E-03   0.300000E-03
  28  -0.127761E-02  -0.324653E-02   0.333706E-01   0.298370E-03   0.300000E-03
  29   0.102224E-02  -0.481679E-03   0.355616E-01   0.446937E-03   0.450000E-03
  30   0.125944E-03   0.132035E-02   0.373987E-01   0.345557E-03   0.350000E-03
  31  -0.559220E-04   0.116039E-02   0.379904E-01   0.249726E-03   0.250000E-03
  32   0.513861E-03   0.365808E-03   0.401219E-01   0.196133E-03   0.200000E-03
  33   0.338271E-02   0.115936E-02   0.410125E-01   0.192936E-03   0.200000E-03
  34  -0.757792E-04   0.674374E-03   0.446038E-01   0.894832E-03   0.400000E-03
  35   0.611416E-04   0.998642E-03   0.446511E-01   0.193194E-02   0.350000E-03
  36   0.112546E+00   0.152866E-01   0.648023E-02   0.106404E-01   0.300000E-03
  37   0.470249E-03  -0.584306E-03   0.248715E-03   0.187539E-02   0.250000E-03
  38   0.153919E-02   0.133633E-02   0.780754E-03   0.816603E-03   0.300000E-03
  39  -0.630822E-03  -0.128072E-02   0.249679E-02   0.392907E-03   0.400000E-03
  40   0.264611E-02  -0.753966E-03   0.607433E-02   0.300055E-03   0.300000E-03
  41  -0.980148E-03   0.106090E-02   0.676792E-02   0.394155E-03   0.400000E-03
  42   0.125725E-02   0.228715E-02   0.719438E-02   0.100671E-02   0.350000E-03
  43  -0.240433E-02   0.431986E-03   0.849527E-02   0.922594E-03   0.300000E-03
  44  -0.204487E-02   0.286535E-02   0.929536E-02   0.960476E-03   0.250000E-03
  45  -0.139654E-02   0.152631E-02   0.987535E-02   0.490744E-03   0.500000E-03
  46  -0.141793E-02  -0.673788E-03   0.108456E-01   0.299533E-03   0.300000E-03
  47   0.357357E-03   0.474980E-03   0.151385E-01   0.149900E-03   0.150000E-03
  48  -0.111659E-02  -0.127557E-02   0.157064E-01   0.447753E-03   0.450000E-03
  49  -0.822961E-04  -0.977956E-03   0.163810E-01   0.873560E-03   0.350000E-03
  50  -0.157175E-02   0.420889E-04   0.181047E-01   0.247526E-03   0.250000E-03
  51   0.222825E-05   0.294281E-03   0.192076E-01   0.878391E-03   0.250000E-03
  52  -0.334870E-03   0.947733E-03   0.199344E-01   0.147290E-03   0.150000E-03
  53  -0.152978E-02  -0.547448E-04   0.203878E-01   0.103160E-02   0.200000E-03
  54  -0.500623E-03   0.536213E-03   0.210420E-01   0.299780E-03   0.300000E-03
  55   0.128641E-02   0.184335E-02   0.232629E-01   0.998902E-04   0.100000E-03
  56   0.598819E-04   0.409983E-03   0.237494E-01   0.395867E-03   0.400000E-03
  57   0.237679E-03   0.631604E-03   0.244310E-01   0.935862E-03   0.400000E-03
  58   0.474430E-03   0.696306E-03   0.250157E-01   0.394398E-03   0.400000E-03
  59  -0.394732E-02  -0.194119E-03   0.270290E-01   0.199922E-03   0.200000E-03
  60   0.960397E-05   0.152061E-02   0.275778E-01   0.297113E-03   0.300000E-03
  61  -0.147340E-02  -0.469624E-04   0.290391E-01   0.297189E-03   0.300000E-03
  62   0.851978E-03   0.422136E-03   0.311764E-01   0.347329E-03   0.350000E-03
  63   0.789227E-03  -0.284649E-02   0.328816E-01   0.197723E-03   0.200000E-03
  64   0.775732E-03  -0.480477E-03   0.347704E-01   0.344474E-03   0.350000E-03
  65   0.104184E-02  -0.106038E-02   0.363400E-01   0.622199E-03   0.350000E-03
  66   0.533966E-03   0.165086E-02   0.364241E-01   0.139598E-03   0.150000E-03
  67   0.172042E-02   0.138217E-02   0.391359E-01   0.299250E-03   0.300000E-03
  68   0.326701E-03   0.672475E-03   0.422983E-01   0.231273E-03   0.200000E-03
  69   0.185097E-02   0.934682E-03   0.438613E-01   0.818263E-03   0.350000E-03
  70  -0.315300E-03   0.345602E-02   0.424169E-01   0.722381E-02   0.250000E-03
  71   0.273484E-03  -0.133308E-02   0.447015E-01   0.499012E-02   0.300000E-03
  72   0.153980E-02   0.108521E-01   0.446966E-01   0.250823E-03   0.250000E-03
  73  -0.919196E-02  -0.258421E-01   0.283200E-02   0.827897E-02   0.350000E-03
  74   0.997937E-03  -0.777897E-03   0.106269E-02   0.293169E-03   0.300000E-03
  75   0.111070E-02  -0.766256E-03   0.374406E-02   0.249331E-03   0.250000E-03
  76  -0.291629E-03   0.200857E-02   0.515648E-02   0.928122E-03   0.350000E-03
  77   0.276241E-04   0.659304E-03   0.639148E-02   0.851167E-03   0.200000E-03
  78   0.328840E-03   0.752378E-03   0.658133E-02   0.136430E-02   0.350000E-03
  79  -0.152966E-02   0.969916E-03   0.788208E-02   0.113614E-02   0.350000E-03
  80  -0.322229E-03   0.131569E-02   0.899691E-02   0.135605E-02   0.250000E-03
  81  -0.186709E-02   0.607282E-03   0.106084E-01   0.904032E-03   0.350000E-03
  82   0.741921E-02  -0.346493E-03   0.132282E-01   0.959275E-03   0.300000E-03
  83  -0.146506E-02  -0.167885E-02   0.136736E-01   0.347576E-03   0.350000E-03
  84  -0.467474E-03  -0.199286E-02   0.142637E-01   0.245146E-03   0.250000E-03
  85  -0.178618E-02   0.510860E-04   0.153226E-01   0.102842E-02   0.250000E-03
  86  -0.233945E-03  -0.410613E-03   0.171576E-01   0.106323E-02   0.450000E-03
  87  -0.360695E-03   0.430745E-03   0.187390E-01   0.104787E-02   0.250000E-03
  88  -0.939544E-03   0.225925E-03   0.199436E-01   0.802272E-03   0.300000E-03
  89  -0.585338E-03   0.345863E-04   0.201972E-01   0.161097E-02   0.400000E-03
  90   0.127902E-02   0.257310E-02   0.213578E-01   0.867652E-03   0.350000E-03
  91  -0.573265E-04   0.221459E-02   0.224850E-01   0.734558E-03   0.250000E-03
  92  -0.178826E-02   0.645670E-03   0.230954E-01   0.813267E-03   0.350000E-03
  93   0.155346E-04   0.189728E-02   0.237107E-01   0.114053E-02   0.350000E-03
  94   0.115217E-02   0.156948E-02   0.251626E-01   0.112535E-02   0.350000E-03
  95   0.614750E-03   0.102358E-02   0.272717E-01   0.867190E-03   0.350000E-03
  96  -0.169164E-02   0.651619E-04   0.279711E-01   0.113603E-02   0.400000E-03
  97   0.608568E-03   0.666315E-03   0.294763E-01   0.986510E-03   0.250000E-03
  98   0.648450E-03   0.514712E-03   0.302172E-01   0.109271E-02   0.450000E-03
  99   0.155635E-02  -0.237248E-04   0.323677E-01   0.246145E-03   0.250000E-03
 100  -0.300353E-03  -0.939754E-03   0.327062E-01   0.607076E-03   0.250000E-03
 101   0.129639E-02  -0.947969E-04   0.349681E-01   0.106343E-02   0.400000E-03
 102  -0.210586E-02   0.106554E-02   0.368079E-01   0.249428E-03   0.250000E-03
 103   0.374338E-03   0.192186E-02   0.376457E-01   0.887301E-03   0.250000E-03
 104   0.292434E-02   0.156925E-02   0.385379E-01   0.294994E-03   0.300000E-03
 105   0.193773E-02   0.100652E-02   0.405672E-01   0.244328E-03   0.250000E-03
 106   0.965054E-03   0.513857E-03   0.431835E-01   0.297042E-03   0.300000E-03
 107  -0.892677E-02   0.298890E-01   0.440568E-01   0.749009E-02   0.350000E-03
 108  -0.488370E-02  -0.175933E+00   0.350580E-01   0.799934E-02   0.450000E-03
 109  -0.195014E-02   0.988474E-04   0.244551E-03   0.719926E-03   0.250000E-03
 110  -0.151470E-02  -0.810479E-03   0.515812E-03   0.301422E-03   0.250000E-03
 111  -0.184984E-03  -0.134320E-02   0.171274E-02   0.527417E-03   0.400000E-03
 112  -0.992532E-03  -0.331641E-03   0.301927E-02   0.921498E-03   0.350000E-03
 113   0.529119E-03   0.120552E-02   0.586987E-02   0.114092E-02   0.400000E-03
 114   0.218961E-03   0.383764E-03   0.707506E-02   0.159473E-02   0.200000E-03
 115  -0.145409E-02   0.931934E-03   0.843916E-02   0.156447E-02   0.350000E-03
 116  -0.532369E-03   0.250152E-02   0.977885E-02   0.132892E-02   0.350000E-03
 117  -0.809326E-03   0.107141E-03   0.112937E-01   0.770019E-03   0.350000E-03
 118  -0.401686E-03  -0.612154E-03   0.123280E-01   0.289176E-03   0.300000E-03
 119  -0.756964E-03   0.308014E-03   0.142103E-01   0.787849E-03   0.300000E-03
 120  -0.169248E-02   0.498467E-03   0.149714E-01   0.612339E-03   0.300000E-03
 121   0.356570E-03  -0.751334E-03   0.165912E-01   0.137965E-02   0.200000E-03
 122  -0.129617E-02   0.123649E-05   0.180479E-01   0.943686E-03   0.450000E-03
 123  -0.361044E-03   0.633196E-03   0.184878E-01   0.141773E-02   0.200000E-03
 124  -0.616371E-03  -0.272201E-03   0.195826E-01   0.127907E-02   0.300000E-03
 125   0.236279E-03   0.205453E-02   0.207667E-01   0.788764E-03   0.250000E-03
 126   0.108718E-02   0.126971E-02   0.208436E-01   0.132791E-02   0.300000E-03
 127  -0.138406E-02  -0.474248E-03   0.226438E-01   0.120479E-02   0.250000E-03
 128  -0.480577E-03   0.191030E-03   0.229838E-01   0.163414E-02   0.300000E-03
 129  -0.324564E-03   0.349639E-03   0.235287E-01   0.170331E-02   0.250000E-03
 130   0.129907E-02   0.171255E-02   0.256453E-01   0.696333E-03   0.300000E-03
 131   0.187229E-02   0.136569E-02   0.262711E-01   0.394479E-03   0.400000E-03
 132  -0.203123E-03  -0.102037E-02   0.274874E-01   0.149029E-02   0.200000E-03
 133  -0.225636E-02   0.474619E-03   0.288282E-01   0.961836E-03   0.400000E-03
 134   0.780578E-03   0.384674E-03   0.311349E-01   0.109334E-02   0.400000E-03
 135  -0.901481E-03   0.818240E-03   0.319802E-01   0.103135E-02   0.450000E-03
 136   0.417631E-02  -0.133852E-02   0.340420E-01   0.491394E-03   0.400000E-03
 137  -0.840017E-04   0.159013E-02   0.372328E-01   0.763377E-03   0.100000E-03
 138   0.195320E-02   0.599471E-04   0.374182E-01   0.132663E-02   0.250000E-03
 139   0.217820E-02   0.149931E-02   0.381815E-01   0.771139E-03   0.300000E-03
 140  -0.132737E-02   0.123255E-02   0.396805E-01   0.259854E-03   0.250000E-03
 141   0.163335E-02   0.819447E-03   0.414567E-01   0.253692E-03   0.250000E-03
 142   0.549211E-03   0.983707E-03   0.419012E-01   0.198467E-03   0.200000E-03
 143   0.372335E-03  -0.167510E-02   0.439040E-01   0.633464E-02   0.250000E-03
 144  -0.708570E-02  -0.410108E-04   0.294444E-01   0.749592E-02   0.300000E-03
 145  -0.430834E-03   0.239730E-03   0.293394E-03   0.345074E-02   0.300000E-03
 146   0.276959E-03   0.321905E-03   0.669704E-03   0.145227E-02   0.350000E-03
 147   0.107231E-02  -0.932532E-04   0.389621E-02   0.850123E-03   0.200000E-03
 148   0.889961E-04  -0.458853E-03   0.514245E-02   0.289025E-03   0.300000E-03
 149   0.187506E-03   0.517074E-03   0.604986E-02   0.196895E-02   0.450000E-03
 150   0.132342E-03   0.458304E-03   0.745575E-02   0.148316E-02   0.200000E-03
 151  -0.194800E-03   0.126299E-02   0.933892E-02   0.164471E-02   0.200000E-03
 152  -0.785569E-03   0.102308E-02   0.103268E-01   0.137633E-02   0.200000E-03
 153  -0.110381E-02   0.706884E-03   0.110519E-01   0.137105E-02   0.300000E-03
 154  -0.472645E-03  -0.579363E-04   0.125301E-01   0.947676E-03   0.400000E-03
 155  -0.183791E-02   0.848763E-03   0.137216E-01   0.890238E-03   0.200000E-03
 156  -0.711255E-03   0.145219E-03   0.147204E-01   0.126517E-02   0.400000E-03
 157  -0.495518E-03  -0.661002E-04   0.158520E-01   0.139721E-02   0.400000E-03
 158  -0.680946E-03  -0.171299E-02   0.172489E-01   0.185466E-02   0.350000E-03
 159  -0.102428E-02  -0.115601E-03   0.176653E-01   0.146911E-02   0.200000E-03
 160  -0.139967E-02   0.458308E-03   0.180975E-01   0.164163E-02   0.250000E-03
 161  -0.530193E-03  -0.129221E-03   0.194888E-01   0.181801E-02   0.250000E-03
 162   0.101331E-02   0.645173E-03   0.207619E-01   0.181157E-02   0.200000E-03
 163   0.382265E-03   0.203711E-02   0.220146E-01   0.110410E-02   0.350000E-03
 164  -0.373070E-03   0.781530E-03   0.226559E-01   0.216491E-02   0.300000E-03
 165   0.109862E-02   0.137006E-02   0.247179E-01   0.151878E-02   0.250000E-03
 166  -0.482671E-03  -0.419270E-03   0.254591E-01   0.163678E-02   0.250000E-03
 167   0.121344E-02   0.685334E-03   0.265698E-01   0.112587E-02   0.400000E-03
 168  -0.214072E-02   0.960742E-04   0.285186E-01   0.153030E-02   0.250000E-03
 169   0.789362E-03   0.201981E-03   0.301371E-01   0.173433E-02   0.200000E-03
 170   0.607904E-03   0.563631E-03   0.307282E-01   0.177793E-02   0.400000E-03
 171  -0.373547E-03   0.182087E-02   0.334725E-01   0.888215E-03   0.300000E-03
 172   0.136482E-02  -0.885603E-04   0.342018E-01   0.128890E-02   0.400000E-03
 173   0.750525E-03  -0.101145E-03   0.356552E-01   0.118525E-02   0.300000E-03
 174   0.184970E-02  -0.122052E-03   0.368880E-01   0.105230E-02   0.350000E-03
 175   0.171406E-02   0.234911E-03   0.390391E-01   0.890492E-03   0.300000E-03
 176   0.103957E-02   0.108752E-03   0.401000E-01   0.987331E-03   0.200000E-03
 177   0.167907E-02  -0.136902E-02   0.405871E-01   0.787659E-03   0.300000E-03
 178  -0.154404E-03   0.296387E-03   0.443849E-01   0.145225E-02   0.200000E-03
 179   0.173737E-02   0.693789E-03   0.426947E-01   0.196710E-03   0.200000E-03
 180  -0.100985E+00  -0.142653E+00   0.402292E-01   0.759970E-02   0.300000E-03
 181  -0.185675E-02  -0.103994E-02   0.199785E-03   0.116749E-02   0.200000E-03
 182  -0.171681E-03   0.159243E-03   0.133723E-02   0.228081E-02   0.200000E-03
 183  -0.835863E-03  -0.665842E-03   0.319674E-02   0.298137E-03   0.300000E-03
 184   0.122788E-02   0.637969E-03   0.521954E-02   0.161921E-02   0.350000E-03
 185   0.496691E-03  -0.217705E-03   0.621436E-02   0.264749E-02   0.250000E-03
 186   0.137529E-03   0.280300E-03   0.677480E-02   0.187735E-02   0.200000E-03
 187  -0.197337E-03   0.238279E-03   0.783985E-02   0.179110E-02   0.300000E-03
 188  -0.157681E-03   0.813517E-03   0.957386E-02   0.202694E-02   0.250000E-03
 189  -0.106943E-03   0.301820E-03   0.115900E-01   0.129077E-02   0.250000E-03
 190  -0.153772E-02  -0.359834E-03   0.118868E-01   0.858679E-03   0.250000E-03
 191  -0.112172E-02   0.133035E-02   0.139502E-01   0.127112E-02   0.250000E-03
 192  -0.874655E-03   0.533612E-03   0.142025E-01   0.186631E-02   0.400000E-03
 193  -0.724758E-03  -0.606320E-03   0.152392E-01   0.173498E-02   0.300000E-03
 194  -0.100389E-04   0.373705E-03   0.164247E-01   0.195384E-02   0.400000E-03
 195  -0.786043E-03   0.295201E-04   0.178687E-01   0.208594E-02   0.250000E-03
 196  -0.101665E-02  -0.236046E-03   0.190320E-01   0.151210E-02   0.300000E-03
 197  -0.388638E-03  -0.300170E-03   0.198659E-01   0.228381E-02   0.350000E-03
 198   0.249124E-03   0.126058E-02   0.205751E-01   0.227047E-02   0.300000E-03
 199   0.113055E-02   0.177551E-02   0.214101E-01   0.151244E-02   0.300000E-03
 200  -0.547165E-03   0.417832E-03   0.221568E-01   0.216512E-02   0.200000E-03
 201  -0.431025E-03   0.164354E-02   0.241783E-01   0.158785E-02   0.300000E-03
 202   0.447825E-03   0.691386E-03   0.259214E-01   0.117184E-02   0.250000E-03
 203   0.121032E-02   0.242517E-02   0.264759E-01   0.181197E-02   0.300000E-03
 204   0.315007E-03  -0.783339E-04   0.270436E-01   0.156568E-02   0.250000E-03
 205   0.493294E-03   0.506475E-05   0.295556E-01   0.162500E-02   0.400000E-03
 206  -0.893038E-03   0.810489E-03   0.321864E-01   0.180406E-02   0.350000E-03
 207   0.321847E-03   0.150464E-02   0.328405E-01   0.128627E-02   0.450000E-03
 208  -0.337874E-03   0.973190E-03   0.335493E-01   0.165293E-02   0.350000E-03
 209   0.877229E-03  -0.686557E-03   0.362490E-01   0.126059E-02   0.300000E-03
 210   0.177891E-02   0.108425E-03   0.366499E-01   0.154715E-02   0.200000E-03
 211   0.123246E-02   0.638548E-04   0.370728E-01   0.168409E-02   0.250000E-03
 212   0.752710E-03  -0.519589E-03   0.400828E-01   0.590865E-03   0.200000E-03
 213   0.296260E-02   0.256891E-03   0.411204E-01   0.622834E-03   0.250000E-03
 214   0.398254E-03   0.346229E-03   0.420710E-01   0.559249E-03   0.200000E-03
 215  -0.873982E-02   0.790868E-03   0.441235E-01   0.149676E-03   0.150000E-03
 216  -0.444275E-05   0.771173E-03   0.214932E-01   0.900340E-02   0.400000E-03
 217  -0.343879E-03   0.545726E-03   0.140226E-01   0.939612E-02   0.350000E-03
 218  -0.185286E-04   0.708810E-04   0.808833E-03   0.213465E-02   0.350000E-03
 219   0.784048E-03   0.719481E-03   0.354759E-02   0.654054E-03   0.200000E-03
 220   0.463661E-03   0.188382E-02   0.451097E-02   0.129832E-02   0.400000E-03
 221   0.642179E-03   0.566205E-03   0.532112E-02   0.219962E-02   0.250000E-03
 222   0.216050E-03   0.109159E-03   0.727485E-02   0.210504E-02   0.350000E-03
 223  -0.523883E-03   0.176325E-02   0.895632E-02   0.202840E-02   0.350000E-03
 224  -0.709554E-03   0.920719E-03   0.101627E-01   0.190915E-02   0.350000E-03
 225  -0.907165E-03   0.801418E-03   0.106352E-01   0.163654E-02   0.200000E-03
 226  -0.161957E-02   0.961829E-04   0.120980E-01   0.148501E-02   0.300000E-03
 227  -0.153845E-03   0.973428E-03   0.129392E-01   0.144323E-02   0.250000E-03
 228  -0.842895E-03  -0.900551E-03   0.147956E-01   0.180924E-02   0.150000E-03
 229  -0.343438E-03   0.886325E-04   0.157810E-01   0.203717E-02   0.250000E-03
 230  -0.238129E-03   0.133862E-03   0.174680E-01   0.246167E-02   0.300000E-03
 231  -0.591356E-03  -0.292145E-03   0.182705E-01   0.228981E-02   0.200000E-03
 232  -0.370296E-03  -0.461448E-03   0.185807E-01   0.190399E-02   0.300000E-03
 233  -0.423440E-03  -0.230993E-03   0.191178E-01   0.235043E-02   0.400000E-03
 234  -0.268382E-03   0.150332E-04   0.211850E-01   0.207621E-02   0.300000E-03
 235  -0.104572E-02   0.107539E-03   0.223446E-01   0.165976E-02   0.300000E-03
 236  -0.356816E-03   0.739683E-03   0.232514E-01   0.217035E-02   0.300000E-03
 237  -0.178331E-03   0.518798E-03   0.238997E-01   0.217164E-02   0.350000E-03
 238   0.471052E-05  -0.488582E-03   0.250491E-01   0.181956E-02   0.200000E-03
 239   0.826018E-03   0.717486E-03   0.266343E-01   0.233349E-02   0.250000E-03
 240  -0.236440E-02  -0.118182E-03   0.289668E-01   0.154171E-02   0.200000E-03
 241   0.809714E-03  -0.274186E-04   0.301713E-01   0.227984E-02   0.350000E-03
 242   0.105772E-02   0.323281E-03   0.314882E-01   0.175448E-02   0.350000E-03
 243   0.175328E-03  -0.461151E-03   0.329237E-01   0.222697E-02   0.500000E-03
 244  -0.109049E-03  -0.679350E-03   0.354583E-01   0.199135E-02   0.200000E-03
 245   0.120044E-02  -0.285554E-03   0.349402E-01   0.180988E-02   0.350000E-03
 246   0.158647E-02  -0.560374E-03   0.366139E-01   0.214287E-02   0.400000E-03
 247   0.206283E-02   0.102389E-03   0.380120E-01   0.139760E-02   0.350000E-03
 248  -0.120588E-02   0.627301E-03   0.396330E-01   0.807658E-03   0.300000E-03
 249   0.109751E-02  -0.141323E-03   0.416373E-01   0.802934E-03   0.300000E-03
 250   0.153174E-02   0.449615E-03   0.437296E-01   0.241450E-03   0.250000E-03
 251   0.169148E-02   0.573562E-03   0.446042E-01   0.297483E-02   0.400000E-03
 252  -0.353840E-02   0.275358E-02   0.335119E-01   0.773326E-02   0.350000E-03
 253   0.653380E-03   0.541696E-03   0.215002E-02   0.749751E-02   0.350000E-03
 254  -0.505846E-03  -0.136279E-03   0.132648E-02   0.116887E-02   0.350000E-03
 255  -0.104448E-02  -0.833385E-03   0.220055E-02   0.102538E-02   0.300000E-03
 256   0.558627E-04   0.105326E-02   0.467951E-02   0.197715E-02   0.300000E-03
 257  -0.329087E-04   0.174173E-03   0.668414E-02   0.236816E-02   0.300000E-03
 258   0.919232E-03   0.149456E-02   0.829557E-02   0.225244E-02   0.350000E-03
 259  -0.796485E-03   0.741013E-03   0.906166E-02   0.281712E-02   0.450000E-03
 260  -0.289259E-03   0.945397E-04   0.987869E-02   0.259918E-02   0.400000E-03
 261  -0.659085E-03  -0.919929E-03   0.116223E-01   0.184240E-02   0.300000E-03
 262  -0.184927E-02  -0.119054E-02   0.122113E-01   0.212280E-02   0.350000E-03
 263  -0.125793E-03   0.923775E-03   0.134746E-01   0.169842E-02   0.350000E-03
 264  -0.910130E-03   0.214140E-03   0.147765E-01   0.225805E-02   0.300000E-03
 265  -0.502249E-03   0.226739E-02   0.165180E-01   0.254653E-02   0.200000E-03
 266  -0.141134E-02  -0.890718E-03   0.169276E-01   0.235989E-02   0.250000E-03
 267  -0.108773E-02   0.676726E-03   0.170715E-01   0.283595E-02   0.250000E-03
 268  -0.417231E-03  -0.105440E-03   0.185408E-01   0.264832E-02   0.250000E-03
 269  -0.638546E-03   0.429812E-03   0.189955E-01   0.298855E-02   0.250000E-03
 270  -0.616651E-04   0.475199E-03   0.195916E-01   0.292726E-02   0.350000E-03
 271  -0.653806E-03  -0.100237E-03   0.218340E-01   0.185292E-02   0.250000E-03
 272  -0.562725E-03   0.663684E-03   0.222822E-01   0.275090E-02   0.400000E-03
 273  -0.788754E-03   0.350700E-03   0.235120E-01   0.281074E-02   0.400000E-03
 274  -0.912643E-04   0.419693E-03   0.256795E-01   0.207533E-02   0.250000E-03
 275   0.178251E-02   0.101625E-02   0.261451E-01   0.224923E-02   0.250000E-03
 276  -0.175350E-03  -0.772870E-03   0.273968E-01   0.198306E-02   0.300000E-03
 277   0.439375E-05   0.445546E-03   0.293428E-01   0.218176E-02   0.200000E-03
 278   0.715360E-03  -0.150600E-03   0.317886E-01   0.239063E-02   0.350000E-03
 279   0.182202E-03  -0.228676E-03   0.323200E-01   0.266310E-02   0.250000E-03
 280   0.546645E-04   0.299527E-04   0.343146E-01   0.197922E-02   0.300000E-03
 281   0.866539E-03  -0.845513E-03   0.358850E-01   0.173240E-02   0.300000E-03
 282   0.152129E-02   0.376332E-03   0.375528E-01   0.180439E-02   0.250000E-03
 283   0.132865E-02  -0.135923E-02   0.385195E-01   0.161244E-02   0.200000E-03
 284   0.122803E-02   0.500807E-03   0.385630E-01   0.116497E-02   0.250000E-03
 285   0.240325E-02   0.861217E-04   0.410860E-01   0.121577E-02   0.350000E-03
 286   0.108964E-02   0.534514E-03   0.432181E-01   0.892933E-03   0.300000E-03
 287   0.146017E-02   0.526386E-04   0.428421E-01   0.122107E-02   0.200000E-03
 288  -0.963713E-01   0.105944E+00   0.604536E-02   0.819463E-02   0.350000E-03
 289   0.418853E-03   0.595431E-03   0.248507E-03   0.237427E-02   0.250000E-03
 290  -0.494227E-04   0.318964E-03   0.183864E-02   0.156757E-02   0.300000E-03
 291   0.165429E-03   0.131488E-02   0.253460E-02   0.163345E-02   0.400000E-03
 292  -0.105121E-02   0.182555E-02   0.316350E-02   0.149919E-02   0.250000E-03
 293   0.593244E-03  -0.601768E-04   0.566955E-02   0.261376E-02   0.300000E-03
 294   0.510678E-03   0.164250E-04   0.823394E-02   0.299724E-02   0.400000E-03
 295  -0.852366E-03   0.709359E-03   0.965445E-02   0.341704E-02   0.400000E-03
 296  -0.106957E-02  -0.618508E-03   0.110791E-01   0.191769E-02   0.250000E-03
 297  -0.677271E-03   0.854384E-03   0.106563E-01   0.198403E-02   0.150000E-03
 298   0.926735E-03   0.808107E-03   0.125575E-01   0.168143E-02   0.200000E-03
 299  -0.721373E-03  -0.325246E-03   0.138023E-01   0.237354E-02   0.250000E-03
 300  -0.925048E-03   0.634683E-03   0.148505E-01   0.274898E-02   0.200000E-03
 301  -0.534520E-03   0.426172E-03   0.153577E-01   0.237689E-02   0.300000E-03
 302  -0.552453E-03   0.965310E-04   0.169555E-01   0.336924E-02   0.300000E-03
 303  -0.102919E-02   0.118136E-03   0.179579E-01   0.253235E-02   0.200000E-03
 304  -0.941530E-03   0.287288E-03   0.181373E-01   0.294294E-02   0.250000E-03
 305  -0.903772E-03   0.176989E-02   0.193239E-01   0.334919E-02   0.150000E-03
 306   0.379055E-03   0.712001E-03   0.202859E-01   0.284281E-02   0.350000E-03
 307  -0.607811E-03  -0.103130E-03   0.216742E-01   0.232303E-02   0.250000E-03
 308  -0.633442E-03   0.431640E-03   0.226304E-01   0.340933E-02   0.350000E-03
 309  -0.455416E-03   0.196022E-03   0.244329E-01   0.268906E-02   0.400000E-03
 310   0.116109E-04  -0.601189E-04   0.250248E-01   0.231783E-02   0.300000E-03
 311  -0.334038E-03   0.151845E-03   0.271705E-01   0.258762E-02   0.350000E-03
 312  -0.146993E-02  -0.632028E-03   0.280363E-01   0.188128E-02   0.350000E-03
 313   0.564526E-03   0.837457E-03   0.296144E-01   0.253415E-02   0.250000E-03
 314  -0.644580E-04   0.184364E-04   0.311436E-01   0.233685E-02   0.300000E-03
 315   0.590334E-03  -0.352000E-03   0.334049E-01   0.286266E-02   0.300000E-03
 316   0.915554E-03  -0.544259E-03   0.337666E-01   0.232538E-02   0.350000E-03
 317   0.119068E-02  -0.114482E-03   0.350813E-01   0.254428E-02   0.400000E-03
 318   0.120637E-02  -0.228439E-04   0.358692E-01   0.242630E-02   0.400000E-03
 319   0.165568E-02   0.737345E-03   0.389794E-01   0.143680E-02   0.250000E-03
 320   0.555270E-03   0.933705E-03   0.398289E-01   0.140571E-02   0.300000E-03
 321   0.165063E-02   0.143343E-03   0.404266E-01   0.135980E-02   0.300000E-03
 322   0.173942E-02   0.713656E-03   0.425889E-01   0.734509E-03   0.350000E-03
 323   0.142810E-02  -0.441893E-03   0.439481E-01   0.210820E-02   0.350000E-03
 324   0.135423E-02  -0.435003E-03   0.395973E-01   0.718055E-02   0.250000E-03
 325   0.612214E-03   0.564836E-03   0.153528E-02   0.770784E-02   0.300000E-03
 326  -0.489466E-03   0.184709E-03   0.128135E-02   0.176575E-02   0.250000E-03
 327   0.448567E-03   0.654487E-03   0.214015E-02   0.226748E-02   0.350000E-03
 328   0.159854E-03   0.202302E-02   0.380473E-02   0.175005E-02   0.450000E-03
 329   0.781953E-03   0.702943E-03   0.653436E-02   0.320685E-02   0.400000E-03
 330  -0.118909E-03  -0.657045E-04   0.719232E-02   0.279682E-02   0.350000E-03
 331   0.163179E-02   0.136547E-02   0.774143E-02   0.248200E-02   0.250000E-03
 332  -0.104901E-02  -0.247960E-03   0.108105E-01   0.256124E-02   0.450000E-03
 333  -0.633697E-03   0.144351E-02   0.116348E-01   0.243884E-02   0.300000E-03
 334  -0.342547E-03   0.195237E-02   0.129247E-01   0.194300E-02   0.250000E-03
 335   0.169133E-03   0.611113E-04   0.133158E-01   0.227353E-02   0.250000E-03
 336  -0.173294E-02   0.532250E-03   0.142955E-01   0.261656E-02   0.300000E-03
 337  -0.298153E-03  -0.216008E-04   0.159822E-01   0.254486E-02   0.300000E-03
 338  -0.226188E-03  -0.404313E-03   0.165675E-01   0.375161E-02   0.250000E-03
 339   0.402446E-03  -0.965271E-04   0.175775E-01   0.315847E-02   0.350000E-03
 340  -0.817101E-03   0.135825E-02   0.189129E-01   0.353222E-02   0.300000E-03
 341   0.261024E-03   0.422521E-03   0.200044E-01   0.342448E-02   0.300000E-03
 342  -0.597837E-03  -0.434554E-03   0.205372E-01   0.332900E-02   0.200000E-03
 343  -0.709448E-03   0.758175E-03   0.215933E-01   0.286351E-02   0.300000E-03
 344  -0.339971E-03  -0.963012E-04   0.237370E-01   0.340943E-02   0.250000E-03
 345  -0.321555E-03  -0.860980E-04   0.250431E-01   0.302651E-02   0.300000E-03
 346  -0.595339E-05  -0.278597E-03   0.255758E-01   0.265934E-02   0.350000E-03
 347   0.148684E-02   0.150141E-03   0.262896E-01   0.288136E-02   0.400000E-03
 348  -0.205783E-02   0.413859E-04   0.288693E-01   0.202844E-02   0.300000E-03
 349   0.654076E-03   0.771538E-03   0.299951E-01   0.285030E-02   0.250000E-03
 350   0.128830E-03  -0.488621E-03   0.320601E-01   0.314351E-02   0.300000E-03
 351   0.317604E-03  -0.155309E-03   0.327881E-01   0.306287E-02   0.350000E-03
 352   0.704168E-03  -0.163098E-03   0.344952E-01   0.308186E-02   0.400000E-03
 353   0.118460E-02  -0.447447E-03   0.358981E-01   0.301943E-02   0.200000E-03
 354   0.166717E-02  -0.317202E-03   0.372593E-01   0.220793E-02   0.250000E-03
 355   0.173440E-02   0.555123E-03   0.380432E-01   0.204515E-02   0.300000E-03
 356   0.113077E-02   0.534617E-03   0.393843E-01   0.162740E-02   0.200000E-03
 357   0.162131E-02  -0.192684E-03   0.408212E-01   0.180336E-02   0.300000E-03
 358   0.105448E-02  -0.166105E-03   0.416680E-01   0.135010E-02   0.250000E-03
 359  -0.630090E-03  -0.685609E-03   0.442666E-01   0.532672E-02   0.250000E-03
 360   0.146006E-02   0.414748E-03   0.448002E-01   0.418373E-02   0.200000E-03
 361   0.656804E-04  -0.911611E-04   0.667947E-03   0.286770E-02   0.400000E-03
 362  -0.221262E-03   0.129924E-03   0.146676E-02   0.286540E-02   0.400000E-03
 363   0.334319E-03   0.379108E-03   0.313947E-02   0.199823E-02   0.250000E-03
 364   0.602782E-03   0.829255E-03   0.490392E-02   0.255207E-02   0.300000E-03
 365   0.552433E-03   0.624976E-03   0.583621E-02   0.318270E-02   0.300000E-03
 366   0.978486E-03   0.227696E-03   0.614944E-02   0.378749E-02   0.300000E-03
 367  -0.376262E-03   0.314931E-03   0.871312E-02   0.336047E-02   0.200000E-03
 368   0.148117E-03   0.638534E-03   0.102999E-01   0.315213E-02   0.300000E-03
 369  -0.934391E-03  -0.296427E-04   0.118241E-01   0.305709E-02   0.350000E-03
 370  -0.303294E-03   0.244779E-03   0.127696E-01   0.261744E-02   0.400000E-03
 371  -0.964450E-03   0.440951E-03   0.137092E-01   0.291191E-02   0.300000E-03
 372  -0.777546E-03   0.209496E-03   0.149522E-01   0.333667E-02   0.400000E-03
 373  -0.420429E-03   0.219568E-04   0.155351E-01   0.294443E-02   0.300000E-03
 374   0.939486E-04   0.369973E-03   0.162864E-01   0.317124E-02   0.400000E-03
 375  -0.465716E-03   0.743579E-03   0.174264E-01   0.394919E-02   0.450000E-03
 376  -0.407041E-03   0.450518E-03   0.185596E-01   0.309706E-02   0.200000E-03
 377  -0.101172E-03   0.432954E-03   0.195022E-01   0.383188E-02   0.350000E-03
 378  -0.785074E-03   0.506603E-03   0.210320E-01   0.265654E-02   0.300000E-03
 379  -0.968746E-03   0.723426E-03   0.211147E-01   0.330102E-02   0.350000E-03
 380  -0.825825E-03   0.377652E-03   0.219305E-01   0.341653E-02   0.350000E-03
 381  -0.402396E-03   0.115324E-03   0.243333E-01   0.342965E-02   0.350000E-03
 382   0.513886E-03  -0.161714E-02   0.266216E-01   0.349030E-02   0.300000E-03
 383  -0.336973E-03   0.450656E-03   0.277473E-01   0.240661E-02   0.250000E-03
 384  -0.121018E-02  -0.501547E-03   0.284127E-01   0.240591E-02   0.300000E-03
 385  -0.133151E-03   0.105157E-02   0.290687E-01   0.259400E-02   0.300000E-03
 386  -0.583442E-04  -0.531564E-03   0.306654E-01   0.269773E-02   0.300000E-03
 387   0.351241E-03  -0.621154E-04   0.324428E-01   0.366304E-02   0.350000E-03
 388   0.464189E-03   0.173456E-03   0.354184E-01   0.344999E-02   0.450000E-03
 389   0.927592E-03  -0.565209E-03   0.360791E-01   0.337240E-02   0.200000E-03
 390   0.156459E-02  -0.311332E-03   0.364892E-01   0.292964E-02   0.400000E-03
 391   0.168473E-02  -0.250300E-03   0.376977E-01   0.253543E-02   0.300000E-03
 392   0.137860E-02   0.417340E-03   0.390539E-01   0.193072E-02   0.250000E-03
 393   0.855142E-03   0.338942E-04   0.396218E-01   0.212114E-02   0.350000E-03
 394   0.138986E-02  -0.576639E-04   0.422092E-01   0.126080E-02   0.300000E-03
 395   0.169379E-02   0.352742E-03   0.438864E-01   0.146425E-02   0.300000E-03
 396   0.129747E-02  -0.586547E-03   0.443963E-01   0.241753E-02   0.200000E-03
 397   0.292308E-03   0.398555E-03   0.973494E-03   0.360546E-02   0.400000E-03
 398   0.966119E-04   0.913822E-03   0.277430E-02   0.240921E-02   0.300000E-03
 399   0.623247E-03   0.830560E-03   0.348804E-02   0.242278E-02   0.300000E-03
 400  -0.162092E-03   0.802524E-03   0.421019E-02   0.249332E-02   0.400000E-03
 401   0.653697E-03   0.522783E-03   0.571733E-02   0.403590E-02   0.200000E-03
 402   0.318824E-03   0.537660E-03   0.722088E-02   0.349292E-02   0.350000E-03
 403  -0.228624E-03   0.562169E-03   0.848421E-02   0.374363E-02   0.250000E-03
 404  -0.515034E-03   0.490178E-04   0.903458E-02   0.374241E-02   0.300000E-03
 405  -0.430341E-03   0.583572E-03   0.119155E-01   0.359931E-02   0.200000E-03
 406  -0.255798E-03   0.395938E-03   0.125037E-01   0.336882E-02   0.400000E-03
 407  -0.381622E-03   0.171466E-03   0.131776E-01   0.318590E-02   0.300000E-03
 408  -0.835949E-03   0.122363E-03   0.141637E-01   0.344092E-02   0.400000E-03
 409  -0.170163E-03   0.364569E-03   0.156569E-01   0.357759E-02   0.350000E-03
 410  -0.679953E-03  -0.844702E-04   0.161038E-01   0.404392E-02   0.300000E-03
 411  -0.368855E-03   0.696479E-04   0.166479E-01   0.429251E-02   0.300000E-03
 412  -0.759179E-03   0.105123E-02   0.182151E-01   0.358654E-02   0.400000E-03
 413   0.236409E-03   0.941299E-04   0.201673E-01   0.399815E-02   0.300000E-03
 414  -0.642570E-03   0.188462E-03   0.207114E-01   0.374139E-02   0.250000E-03
 415  -0.496692E-03  -0.505585E-03   0.207464E-01   0.438628E-02   0.400000E-03
 416  -0.807925E-03   0.505423E-03   0.222906E-01   0.407312E-02   0.400000E-03
 417  -0.985562E-03   0.204094E-03   0.232384E-01   0.363158E-02   0.300000E-03
 418  -0.137591E-03   0.143302E-03   0.249867E-01   0.367075E-02   0.350000E-03
 419  -0.147823E-02  -0.100436E-02   0.276484E-01   0.308872E-02   0.350000E-03
 420  -0.115709E-02  -0.105383E-02   0.282145E-01   0.290882E-02   0.250000E-03
 421  -0.210350E-03   0.986230E-03   0.294579E-01   0.311295E-02   0.350000E-03
 422  -0.787756E-04  -0.571019E-03   0.313163E-01   0.306469E-02   0.450000E-03
 423   0.565214E-03  -0.257686E-03   0.338064E-01   0.336786E-02   0.350000E-03
 424   0.656742E-03   0.351512E-04   0.347304E-01   0.373904E-02   0.300000E-03
 425   0.143386E-02  -0.428506E-03   0.369963E-01   0.340684E-02   0.300000E-03
 426   0.144930E-02  -0.203531E-03   0.371821E-01   0.283694E-02   0.300000E-03
 427   0.176408E-02  -0.802709E-03   0.380335E-01   0.312582E-02   0.300000E-03
 428   0.179126E-02   0.292403E-03   0.385876E-01   0.210741E-02   0.250000E-03
 429   0.145052E-02   0.111841E-03   0.402367E-01   0.192364E-02   0.300000E-03
 430   0.112585E-02   0.961562E-04   0.419222E-01   0.188943E-02   0.350000E-03
 431   0.146408E-02  -0.611754E-04   0.426627E-01   0.179220E-02   0.400000E-03
 432   0.110759E-02   0.279317E-03   0.432896E-01   0.148545E-02   0.300000E-03
 433   0.242000E-03   0.716493E-03   0.347674E-03   0.409565E-02   0.350000E-03
 434  -0.332353E-03   0.226943E-03   0.164592E-02   0.202854E-02   0.200000E-03
 435   0.776653E-03   0.209976E-03   0.318342E-02   0.298955E-02   0.350000E-03
 436   0.248212E-03   0.275207E-03   0.525473E-02   0.297269E-02   0.250000E-03
 437   0.436705E-03   0.231030E-03   0.566588E-02   0.364563E-02   0.200000E-03
 438   0.635781E-03   0.102053E-03   0.673385E-02   0.391911E-02   0.300000E-03
 439   0.577760E-03   0.514455E-03   0.789327E-02   0.366091E-02   0.350000E-03
 440  -0.504375E-03   0.251131E-03   0.108467E-01   0.380285E-02   0.200000E-03
 441  -0.625749E-03   0.114532E-03   0.108724E-01   0.330590E-02   0.300000E-03
 442  -0.505074E-03   0.115956E-03   0.130354E-01   0.382023E-02   0.300000E-03
 443  -0.428063E-03   0.607790E-04   0.135366E-01   0.360038E-02   0.250000E-03
 444  -0.542054E-03   0.578378E-03   0.151654E-01   0.400217E-02   0.300000E-03
 445  -0.755496E-03   0.144817E-03   0.156114E-01   0.453871E-02   0.400000E-03
 446  -0.753076E-03   0.178760E-03   0.162104E-01   0.452810E-02   0.200000E-03
 447  -0.442426E-03   0.239076E-03   0.171291E-01   0.463676E-02   0.300000E-03
 448  -0.703457E-03   0.386314E-03   0.182083E-01   0.448428E-02   0.500000E-03
 449  -0.544620E-04   0.403110E-03   0.191008E-01   0.446207E-02   0.400000E-03
 450  -0.129181E-03   0.482672E-03   0.197958E-01   0.446545E-02   0.300000E-03
 451  -0.988883E-03   0.553965E-03   0.214349E-01   0.397902E-02   0.400000E-03
 452  -0.737166E-03   0.372574E-03   0.217992E-01   0.463615E-02   0.350000E-03
 453  -0.186143E-03  -0.704059E-04   0.238985E-01   0.397769E-02   0.350000E-03
 454  -0.121491E-03   0.151994E-03   0.256094E-01   0.335542E-02   0.350000E-03
 455   0.643140E-03   0.192841E-03   0.268665E-01   0.304553E-02   0.200000E-03
 456   0.788036E-03  -0.214022E-03   0.287550E-01   0.316062E-02   0.350000E-03
 457  -0.148651E-03  -0.412214E-04   0.303891E-01   0.322831E-02   0.300000E-03
 458  -0.208418E-03  -0.226247E-03   0.306735E-01   0.380380E-02   0.350000E-03
 459   0.134079E-03  -0.109286E-04   0.317506E-01   0.373386E-02   0.350000E-03
 460   0.704427E-03  -0.203344E-03   0.341906E-01   0.382798E-02   0.250000E-03
 461   0.155793E-02  -0.249240E-03   0.364757E-01   0.357868E-02   0.250000E-03
 462   0.343207E-03  -0.653479E-03   0.376549E-01   0.428632E-02   0.300000E-03
 463   0.142170E-02  -0.333522E-03   0.382918E-01   0.258755E-02   0.300000E-03
 464   0.128762E-02  -0.192201E-03   0.390295E-01   0.264799E-02   0.450000E-03
 465   0.149406E-02   0.887019E-04   0.407162E-01   0.239012E-02   0.300000E-03
 466   0.963863E-03  -0.977099E-04   0.411686E-01   0.259820E-02   0.200000E-03
 467   0.120536E-02   0.174299E-03   0.435603E-01   0.256150E-02   0.250000E-03
 468   0.174395E-02   0.202173E-03   0.435858E-01   0.383999E-02   0.350000E-03
 469  -0.900997E-04   0.525440E-03   0.105395E-02   0.445792E-02   0.450000E-03
 470   0.378494E-03   0.431041E-03   0.216433E-02   0.291364E-02   0.300000E-03
 471   0.311183E-03  -0.151739E-05   0.389482E-02   0.322438E-02   0.400000E-03
 472   0.625932E-03   0.756673E-03   0.460363E-02   0.307116E-02   0.300000E-03
 473   0.207277E-03   0.207365E-03   0.506933E-02   0.359290E-02   0.400000E-03
 474   0.238139E-03   0.983562E-03   0.743746E-02   0.404862E-02   0.250000E-03
 475   0.256886E-03  -0.157708E-03   0.805651E-02   0.434020E-02   0.350000E-03
 476  -0.568445E-03  -0.125019E-03   0.951684E-02   0.409878E-02   0.300000E-03
 477  -0.703153E-03   0.593612E-04   0.112767E-01   0.301342E-02   0.200000E-03
 478  -0.298630E-03   0.481948E-03   0.122199E-01   0.405719E-02   0.350000E-03
 479  -0.835151E-03   0.409184E-03   0.141648E-01   0.408841E-02   0.250000E-03
 480  -0.858607E-03   0.394941E-03   0.146260E-01   0.389704E-02   0.250000E-03
 481  -0.700375E-03   0.865723E-03   0.147575E-01   0.437865E-02   0.250000E-03
 482  -0.881556E-03   0.438061E-03   0.162003E-01   0.512257E-02   0.400000E-03
 483  -0.646328E-03   0.773285E-03   0.168971E-01   0.518951E-02   0.300000E-03
 484  -0.541729E-03   0.641080E-03   0.184750E-01   0.523725E-02   0.300000E-03
 485   0.341884E-03   0.911792E-03   0.194699E-01   0.511353E-02   0.350000E-03
 486  -0.571387E-03  -0.199958E-03   0.201054E-01   0.497711E-02   0.300000E-03
 487  -0.138155E-03  -0.486484E-04   0.211953E-01   0.498225E-02   0.350000E-03
 488  -0.726841E-03  -0.264865E-03   0.217079E-01   0.517798E-02   0.200000E-03
 489  -0.376317E-03   0.188976E-03   0.244962E-01   0.401125E-02   0.250000E-03
 490  -0.814340E-03  -0.133466E-02   0.271548E-01   0.340742E-02   0.250000E-03
 491  -0.100680E-03   0.181681E-03   0.281785E-01   0.345747E-02   0.300000E-03
 492   0.523156E-03  -0.463541E-03   0.291518E-01   0.379283E-02   0.400000E-03
 493  -0.216123E-03  -0.617797E-03   0.299058E-01   0.358366E-02   0.300000E-03
 494  -0.127730E-03  -0.150964E-03   0.312076E-01   0.370382E-02   0.200000E-03
 495   0.531528E-03  -0.150334E-03   0.328835E-01   0.398548E-02   0.200000E-03
 496   0.101978E-02  -0.226205E-03   0.359325E-01   0.418760E-02   0.350000E-03
 497   0.103919E-02   0.117986E-03   0.361023E-01   0.371946E-02   0.150000E-03
 498   0.635705E-03  -0.158797E-03   0.373670E-01   0.381790E-02   0.250000E-03
 499   0.657531E-03  -0.283063E-03   0.375375E-01   0.334866E-02   0.250000E-03
 500   0.128172E-02  -0.112093E-03   0.394111E-01   0.311052E-02   0.150000E-03
 501   0.135132E-02  -0.307337E-04   0.401740E-01   0.246831E-02   0.250000E-03
 502   0.132799E-02  -0.354389E-03   0.413206E-01   0.212761E-02   0.300000E-03
 503   0.901330E-03   0.219718E-03   0.429664E-01   0.264095E-02   0.350000E-03
 504   0.124875E-02  -0.176091E-03   0.432986E-01   0.208320E-02   0.300000E-03
 505   0.188680E-03   0.359507E-03   0.164782E-02   0.392885E-02   0.350000E-03
 506   0.123459E-03   0.683027E-03   0.186763E-02   0.337469E-02   0.250000E-03
 507   0.942454E-03   0.654065E-03   0.333435E-02   0.356918E-02   0.250000E-03
 508   0.662686E-03   0.132958E-03   0.438286E-02   0.372495E-02   0.300000E-03
 509   0.822492E-03   0.576963E-03   0.605375E-02   0.432878E-02   0.250000E-03
 510   0.278354E-03   0.888739E-03   0.745225E-02   0.459363E-02   0.300000E-03
 511  -0.184771E-03   0.610335E-03   0.870532E-02   0.424402E-02   0.300000E-03
 512  -0.129069E-03   0.446604E-03   0.102979E-01   0.379981E-02   0.350000E-03
 513  -0.889459E-03   0.100138E-03   0.114112E-01   0.355532E-02   0.300000E-03
 514  -0.615931E-03   0.144346E-03   0.128276E-01   0.448701E-02   0.400000E-03
 515  -0.396854E-03   0.338005E-03   0.135751E-01   0.419775E-02   0.350000E-03
 516  -0.727791E-03   0.931368E-03   0.142395E-01   0.468113E-02   0.350000E-03
 517  -0.120171E-02   0.112890E-03   0.150694E-01   0.462875E-02   0.150000E-03
 518  -0.700718E-03   0.493980E-03   0.154241E-01   0.531134E-02   0.400000E-03
 519  -0.338730E-03   0.280637E-03   0.176022E-01   0.507007E-02   0.350000E-03
 520   0.159790E-03   0.107962E-02   0.189870E-01   0.554806E-02   0.300000E-03
 521  -0.556506E-03  -0.907755E-04   0.199778E-01   0.566433E-02   0.400000E-03
 522   0.886597E-03   0.859651E-03   0.205335E-01   0.531913E-02   0.250000E-03
 523  -0.800245E-03  -0.260974E-04   0.216862E-01   0.562551E-02   0.250000E-03
 524  -0.939118E-03   0.306476E-03   0.229827E-01   0.417271E-02   0.300000E-03
 525  -0.325969E-03  -0.133395E-03   0.250494E-01   0.441702E-02   0.400000E-03
 526  -0.636437E-03  -0.875167E-04   0.255082E-01   0.396153E-02   0.250000E-03
 527  -0.894202E-03   0.632206E-03   0.276403E-01   0.373781E-02   0.300000E-03
 528   0.366787E-03   0.495983E-03   0.290366E-01   0.453318E-02   0.350000E-03
 529   0.162367E-03  -0.642788E-03   0.303783E-01   0.437413E-02   0.300000E-03
 530  -0.299228E-03  -0.677345E-03   0.321308E-01   0.405824E-02   0.150000E-03
 531   0.636435E-03  -0.101858E-03   0.330260E-01   0.355842E-02   0.200000E-03
 532   0.531267E-03  -0.196263E-03   0.351885E-01   0.426731E-02   0.400000E-03
 533   0.143945E-02  -0.358324E-03   0.368430E-01   0.398434E-02   0.300000E-03
 534   0.112351E-02  -0.507688E-03   0.382297E-01   0.445716E-02   0.300000E-03
 535   0.378040E-03  -0.570711E-03   0.379166E-01   0.374651E-02   0.300000E-03
 536   0.111925E-02  -0.448442E-03   0.387152E-01   0.315338E-02   0.150000E-03
 537   0.183038E-02  -0.645069E-03   0.404572E-01   0.275294E-02   0.150000E-03
 538   0.135023E-02  -0.222806E-03   0.417680E-01   0.252020E-02   0.300000E-03
 539   0.123304E-02   0.297347E-03   0.423573E-01   0.241882E-02   0.300000E-03
 540   0.155690E-02   0.504115E-03   0.439678E-01   0.284654E-02   0.250000E-03
 541  -0.134053E-01  -0.561806E-01   0.445544E-02   0.873555E-02   0.300000E-03
 542   0.493225E-03   0.600022E-03   0.258498E-02   0.358935E-02   0.500000E-03
 543   0.323585E-03   0.122118E-03   0.376591E-02   0.390867E-02   0.300000E-03
 544   0.620416E-03   0.308392E-03   0.420157E-02   0.424376E-02   0.250000E-03
 545   0.472990E-03   0.573542E-03   0.530032E-02   0.419789E-02   0.250000E-03
 546  -0.536640E-04  -0.393961E-03   0.853946E-02   0.497337E-02   0.450000E-03
 547  -0.790531E-03   0.157734E-03   0.918836E-02   0.459880E-02   0.300000E-03
 548  -0.753003E-03  -0.441239E-03   0.973292E-02   0.454629E-02   0.200000E-03
 549  -0.395290E-03   0.590714E-03   0.110517E-01   0.436527E-02   0.400000E-03
 550  -0.697229E-03   0.629487E-03   0.116224E-01   0.405742E-02   0.250000E-03
 551  -0.470594E-03   0.261315E-03   0.135024E-01   0.499336E-02   0.450000E-03
 552  -0.834235E-03   0.230136E-03   0.141963E-01   0.537736E-02   0.350000E-03
 553  -0.150798E-02   0.435000E-03   0.147914E-01   0.491615E-02   0.250000E-03
 554  -0.717325E-03   0.451256E-03   0.150716E-01   0.585186E-02   0.250000E-03
 555  -0.796754E-03   0.532880E-03   0.159766E-01   0.588925E-02   0.400000E-03
 556  -0.818351E-04   0.255727E-03   0.179883E-01   0.558543E-02   0.300000E-03
 557  -0.360152E-03   0.593238E-03   0.187320E-01   0.486854E-02   0.150000E-03
 558  -0.211543E-03  -0.374028E-04   0.210475E-01   0.571403E-02   0.400000E-03
 559  -0.820437E-03   0.453795E-03   0.224948E-01   0.468979E-02   0.250000E-03
 560  -0.465825E-03   0.322444E-03   0.235702E-01   0.447349E-02   0.250000E-03
 561  -0.645436E-03  -0.104778E-03   0.257951E-01   0.448641E-02   0.350000E-03
 562  -0.764019E-03  -0.444520E-03   0.260952E-01   0.385554E-02   0.350000E-03
 563  -0.383381E-03  -0.214353E-03   0.284206E-01   0.410979E-02   0.400000E-03
 564  -0.374447E-03  -0.300986E-03   0.284479E-01   0.480837E-02   0.300000E-03
 565  -0.541062E-03  -0.886851E-03   0.297489E-01   0.423983E-02   0.350000E-03
 566  -0.140328E-03   0.112548E-03   0.312504E-01   0.435655E-02   0.450000E-03
 567   0.512521E-03  -0.141448E-03   0.332382E-01   0.328026E-02   0.150000E-03
 568   0.552559E-03  -0.290359E-03   0.338483E-01   0.381289E-02   0.100000E-03
 569   0.139236E-02  -0.459070E-03   0.369683E-01   0.451669E-02   0.250000E-03
 570   0.871671E-03  -0.138992E-03   0.378089E-01   0.488342E-02   0.300000E-03
 571   0.133428E-02  -0.103915E-02   0.384750E-01   0.352793E-02   0.300000E-03
 572   0.139760E-02  -0.235253E-03   0.390802E-01   0.341407E-02   0.300000E-03
 573   0.141168E-02  -0.715906E-04   0.397553E-01   0.282172E-02   0.300000E-03
 574   0.120814E-02   0.129972E-03   0.414311E-01   0.324264E-02   0.500000E-03
 575   0.130080E-02  -0.295644E-03   0.421404E-01   0.292292E-02   0.250000E-03
 576   0.911871E-03  -0.129551E-03   0.444202E-01   0.385910E-02   0.300000E-03
 577   0.443686E-03   0.482361E-03   0.308090E-03   0.474213E-02   0.300000E-03
 578   0.398067E-03   0.377673E-03   0.261274E-02   0.443390E-02   0.350000E-03
 579   0.105083E-02   0.391981E-03   0.476324E-02   0.445226E-02   0.350000E-03
 580   0.750324E-03   0.697426E-03   0.540749E-02   0.468537E-02   0.250000E-03
 581   0.114451E-02   0.475400E-03   0.707361E-02   0.421389E-02   0.150000E-03
 582   0.209710E-03   0.262646E-03   0.789850E-02   0.486596E-02   0.200000E-03
 583  -0.269032E-03   0.554251E-03   0.992591E-02   0.494983E-02   0.250000E-03
 584  -0.224376E-03   0.442505E-03   0.103164E-01   0.449694E-02   0.350000E-03
 585  -0.860917E-03  -0.908059E-03   0.106635E-01   0.521431E-02   0.450000E-03
 586  -0.644581E-03   0.704373E-03   0.118202E-01   0.456835E-02   0.300000E-03
 587  -0.763691E-03   0.506515E-03   0.122871E-01   0.474633E-02   0.200000E-03
 588  -0.383362E-03   0.100788E-02   0.136429E-01   0.562744E-02   0.200000E-03
 589  -0.868889E-03   0.215077E-03   0.147897E-01   0.543981E-02   0.250000E-03
 590  -0.689459E-03   0.463091E-03   0.154264E-01   0.612729E-02   0.200000E-03
 591  -0.737467E-03   0.637328E-03   0.173192E-01   0.559207E-02   0.250000E-03
 592   0.122241E-03   0.101637E-02   0.180682E-01   0.617678E-02   0.300000E-03
 593  -0.442664E-03   0.332811E-03   0.193688E-01   0.600966E-02   0.300000E-03
 594  -0.410687E-03  -0.227115E-04   0.204906E-01   0.621092E-02   0.350000E-03
 595  -0.979786E-03  -0.179705E-03   0.220982E-01   0.509658E-02   0.200000E-03
 596  -0.783185E-03   0.494240E-03   0.230817E-01   0.481363E-02   0.350000E-03
 597  -0.336007E-03  -0.356228E-04   0.242801E-01   0.462016E-02   0.400000E-03
 598  -0.522609E-03  -0.532880E-04   0.264915E-01   0.442750E-02   0.350000E-03
 599  -0.973717E-03  -0.252289E-04   0.270378E-01   0.399281E-02   0.350000E-03
 600  -0.460690E-03  -0.164358E-03   0.297960E-01   0.488638E-02   0.300000E-03
 601   0.268751E-03  -0.952210E-04   0.304308E-01   0.501562E-02   0.350000E-03
 602   0.331941E-03  -0.363959E-03   0.308993E-01   0.484273E-02   0.150000E-03
 603   0.583117E-03  -0.114117E-03   0.330144E-01   0.451754E-02   0.350000E-03
 604   0.604059E-03  -0.166364E-03   0.334295E-01   0.395580E-02   0.350000E-03
 605   0.107690E-02  -0.448181E-03   0.363825E-01   0.478450E-02   0.400000E-03
 606   0.115092E-02  -0.136364E-03   0.385042E-01   0.515490E-02   0.450000E-03
 607   0.155900E-02  -0.904723E-03   0.386042E-01   0.405759E-02   0.250000E-03
 608   0.104880E-02  -0.306858E-03   0.396769E-01   0.347350E-02   0.300000E-03
 609   0.163236E-02  -0.161413E-04   0.402721E-01   0.321298E-02   0.350000E-03
 610   0.126041E-02  -0.740591E-04   0.408874E-01   0.280583E-02   0.150000E-03
 611   0.144031E-02   0.110535E-03   0.428163E-01   0.363217E-02   0.450000E-03
 612   0.116932E-02   0.392104E-03   0.434482E-01   0.314728E-02   0.350000E-03
 613  -0.405391E-03  -0.898759E-04   0.103631E-01   0.868639E-02   0.350000E-03
 614   0.236204E-03   0.286096E-03   0.313293E-02   0.460248E-02   0.200000E-03
 615   0.170517E-03   0.342904E-03   0.367749E-02   0.454925E-02   0.350000E-03
 616   0.723603E-03   0.739102E-03   0.565798E-02   0.437777E-02   0.150000E-03
 617   0.783143E-03   0.473756E-03   0.660612E-02   0.455143E-02   0.350000E-03
 618  -0.255730E-03  -0.872327E-04   0.810796E-02   0.558310E-02   0.300000E-03
 619  -0.915728E-03  -0.595573E-03   0.925524E-02   0.519417E-02   0.300000E-03
 620  -0.307838E-03  -0.787838E-04   0.982950E-02   0.558989E-02   0.400000E-03
 621  -0.610493E-03   0.207378E-03   0.113485E-01   0.540620E-02   0.250000E-03
 622  -0.440004E-03   0.534639E-03   0.113933E-01   0.491280E-02   0.250000E-03
 623  -0.648468E-03   0.291704E-03   0.126128E-01   0.520186E-02   0.350000E-03
 624  -0.900624E-03   0.372441E-03   0.139591E-01   0.587218E-02   0.200000E-03
 625  -0.690596E-03   0.479254E-03   0.144922E-01   0.600462E-02   0.350000E-03
 626  -0.686161E-03   0.528211E-03   0.165837E-01   0.551256E-02   0.150000E-03
 627  -0.657184E-03   0.511722E-03   0.168831E-01   0.568889E-02   0.200000E-03
 628  -0.772501E-03   0.973322E-03   0.174723E-01   0.611495E-02   0.300000E-03
 629  -0.929887E-03   0.101196E-03   0.186584E-01   0.662999E-02   0.450000E-03
 630  -0.772481E-03  -0.852473E-03   0.217012E-01   0.617494E-02   0.300000E-03
 631  -0.376608E-03   0.161051E-03   0.226005E-01   0.531638E-02   0.350000E-03
 632  -0.727623E-03   0.337725E-03   0.237000E-01   0.500751E-02   0.300000E-03
 633  -0.359170E-03  -0.494989E-04   0.245142E-01   0.522372E-02   0.250000E-03
 634  -0.105629E-02  -0.154614E-03   0.270248E-01   0.454043E-02   0.200000E-03
 635  -0.644580E-03  -0.191575E-03   0.276664E-01   0.448656E-02   0.450000E-03
 636  -0.304598E-03  -0.251600E-03   0.292558E-01   0.514352E-02   0.300000E-03
 637   0.134557E-03  -0.349682E-04   0.302328E-01   0.563063E-02   0.300000E-03
 638  -0.854170E-04   0.671139E-04   0.321308E-01   0.473914E-02   0.350000E-03
 639   0.635049E-03  -0.968629E-04   0.342712E-01   0.478826E-02   0.250000E-03
 640   0.670301E-03  -0.146433E-03   0.344900E-01   0.428761E-02   0.300000E-03
 641   0.129989E-02  -0.994417E-04   0.368657E-01   0.528898E-02   0.300000E-03
 642   0.152766E-02  -0.190374E-03   0.372635E-01   0.491189E-02   0.250000E-03
 643   0.169360E-02  -0.576959E-03   0.387925E-01   0.451783E-02   0.250000E-03
 644   0.136133E-02  -0.367354E-03   0.392783E-01   0.408506E-02   0.400000E-03
 645   0.114255E-02  -0.236327E-04   0.417320E-01   0.387422E-02   0.200000E-03
 646   0.131181E-02   0.210053E-03   0.407931E-01   0.336822E-02   0.150000E-03
 647   0.139722E-02  -0.232306E-03   0.425774E-01   0.302848E-02   0.200000E-03
 648   0.121273E-02  -0.314198E-03   0.448025E-01   0.353998E-02   0.200000E-03
 649   0.184330E-03   0.258056E-03   0.724894E-03   0.501803E-02   0.200000E-03
 650   0.519596E-03   0.473852E-03   0.265413E-02   0.512681E-02   0.350000E-03
 651   0.393468E-03   0.714187E-03   0.319833E-02   0.410273E-02   0.300000E-03
 652   0.685258E-03   0.338238E-03   0.457391E-02   0.504094E-02   0.200000E-03
 653   0.104055E-02   0.576409E-03   0.653412E-02   0.504320E-02   0.150000E-03
 654   0.206705E-03   0.147792E-03   0.747521E-02   0.528984E-02   0.400000E-03
 655   0.199477E-03   0.159994E-03   0.873611E-02   0.574717E-02   0.350000E-03
 656  -0.372933E-03  -0.773239E-04   0.929672E-02   0.595880E-02   0.250000E-03
 657  -0.372338E-03  -0.232920E-03   0.103988E-01   0.599339E-02   0.300000E-03
 658  -0.695588E-03   0.299841E-03   0.119140E-01   0.521045E-02   0.350000E-03
 659  -0.498856E-03   0.366912E-03   0.130930E-01   0.555861E-02   0.250000E-03
 660  -0.537607E-03  -0.239363E-04   0.135686E-01   0.632606E-02   0.400000E-03
 661  -0.780185E-03   0.417065E-03   0.150059E-01   0.639626E-02   0.300000E-03
 662  -0.735434E-03   0.466767E-03   0.163113E-01   0.650204E-02   0.300000E-03
 663  -0.113437E-02   0.114213E-02   0.166112E-01   0.604392E-02   0.250000E-03
 664  -0.471408E-03   0.171561E-02   0.177216E-01   0.660187E-02   0.250000E-03
 665  -0.512232E-03   0.806708E-04   0.198601E-01   0.635353E-02   0.300000E-03
 666  -0.217498E-03  -0.726480E-03   0.211151E-01   0.640949E-02   0.300000E-03
 667  -0.492687E-03   0.122576E-03   0.221959E-01   0.581912E-02   0.300000E-03
 668  -0.852744E-03   0.498945E-03   0.232790E-01   0.543279E-02   0.300000E-03
 669  -0.386389E-03   0.100129E-03   0.247420E-01   0.481080E-02   0.100000E-03
 670  -0.494847E-03  -0.128548E-03   0.262231E-01   0.490273E-02   0.200000E-03
 671   0.831394E-04  -0.274858E-03   0.283793E-01   0.530321E-02   0.200000E-03
 672  -0.873163E-03  -0.766889E-03   0.279769E-01   0.511234E-02   0.250000E-03
 673   0.341166E-04  -0.133480E-03   0.309478E-01   0.547921E-02   0.350000E-03
 674  -0.149676E-03   0.458120E-05   0.315330E-01   0.510058E-02   0.350000E-03
 675   0.338248E-03  -0.330580E-03   0.324780E-01   0.425621E-02   0.250000E-03
 676   0.719421E-03  -0.326822E-03   0.347700E-01   0.476367E-02   0.250000E-03
 677   0.126453E-02  -0.557000E-04   0.369594E-01   0.598087E-02   0.400000E-03
 678   0.166104E-02  -0.818749E-04   0.374056E-01   0.538985E-02   0.250000E-03
 679   0.182942E-02  -0.134288E-03   0.390969E-01   0.541859E-02   0.200000E-03
 680   0.196050E-02  -0.365332E-03   0.392589E-01   0.489401E-02   0.350000E-03
 681   0.132302E-02  -0.401995E-03   0.411027E-01   0.391216E-02   0.250000E-03
 682   0.119290E-02   0.121133E-03   0.421545E-01   0.342111E-02   0.250000E-03
 683   0.121458E-02  -0.653300E-03   0.440322E-01   0.455681E-02   0.500000E-03
 684   0.152541E-02   0.574136E-03   0.440479E-01   0.338990E-02   0.300000E-03
 685  -0.910697E-04   0.282780E-03   0.348288E-03   0.746519E-02   0.350000E-03
 686   0.300933E-03   0.348653E-03   0.331818E-02   0.572051E-02   0.350000E-03
 687   0.131683E-03   0.427723E-03   0.329999E-02   0.507304E-02   0.300000E-03
 688   0.109614E-02   0.263628E-03   0.501930E-02   0.499420E-02   0.250000E-03
 689   0.665369E-03   0.512069E-03   0.704261E-02   0.487746E-02   0.200000E-03
 690   0.211114E-03   0.191449E-03   0.758945E-02   0.602497E-02   0.350000E-03
 691  -0.282949E-03   0.157877E-03   0.873550E-02   0.655929E-02   0.350000E-03
 692  -0.188548E-03   0.791655E-04   0.984475E-02   0.628770E-02   0.300000E-03
 693  -0.390487E-03  -0.636262E-04   0.103312E-01   0.653809E-02   0.250000E-03
 694  -0.484473E-03  -0.219272E-03   0.110434E-01   0.591698E-02   0.350000E-03
 695  -0.476328E-03   0.471051E-04   0.128518E-01   0.610694E-02   0.350000E-03
 696  -0.838739E-03   0.404965E-04   0.145775E-01   0.731462E-02   0.250000E-03
 697  -0.426606E-03  -0.106879E-03   0.142845E-01   0.672128E-02   0.400000E-03
 698  -0.777182E-03   0.344013E-03   0.156390E-01   0.668697E-02   0.400000E-03
 699  -0.372756E-03   0.545800E-03   0.170282E-01   0.671633E-02   0.450000E-03
 700  -0.136560E-02   0.394042E-03   0.180375E-01   0.704836E-02   0.300000E-03
 701  -0.606883E-03   0.118494E-03   0.193992E-01   0.673134E-02   0.300000E-03
 702  -0.418667E-03   0.168914E-03   0.202682E-01   0.692208E-02   0.400000E-03
 703  -0.529364E-03   0.127142E-05   0.228823E-01   0.600868E-02   0.400000E-03
 704  -0.758765E-03   0.217073E-03   0.240122E-01   0.563047E-02   0.400000E-03
 705  -0.365234E-03   0.118103E-04   0.249864E-01   0.506291E-02   0.250000E-03
 706  -0.557491E-03  -0.116001E-03   0.258129E-01   0.508404E-02   0.250000E-03
 707  -0.763870E-03  -0.752436E-03   0.268347E-01   0.510635E-02   0.400000E-03
 708  -0.390700E-03  -0.252456E-03   0.297233E-01   0.542988E-02   0.250000E-03
 709  -0.918038E-04  -0.245618E-04   0.320502E-01   0.528199E-02   0.200000E-03
 710   0.208225E-04   0.172946E-03   0.326680E-01   0.500581E-02   0.250000E-03
 711   0.650169E-03  -0.681711E-04   0.337064E-01   0.459542E-02   0.350000E-03
 712   0.739238E-03  -0.315862E-03   0.350916E-01   0.520945E-02   0.300000E-03
 713   0.163093E-02   0.458655E-05   0.381475E-01   0.636011E-02   0.350000E-03
 714   0.158812E-02  -0.142779E-03   0.379178E-01   0.569933E-02   0.350000E-03
 715   0.141672E-02   0.187148E-03   0.388360E-01   0.564941E-02   0.150000E-03
 716   0.162140E-02  -0.250507E-04   0.397393E-01   0.454291E-02   0.250000E-03
 717   0.107554E-02  -0.292878E-03   0.400795E-01   0.367406E-02   0.150000E-03
 718   0.119937E-02   0.113867E-03   0.421795E-01   0.391951E-02   0.250000E-03
 719   0.281461E-03  -0.589326E-03   0.448013E-01   0.547837E-02   0.200000E-03
 720   0.138850E-02  -0.139807E-02   0.433684E-01   0.734156E-02   0.350000E-03
 721   0.580327E-03   0.537942E-03   0.215351E-02   0.413876E-02   0.200000E-03
 722   0.220081E-03   0.493341E-03   0.201400E-02   0.522630E-02   0.300000E-03
 723   0.709720E-03   0.516925E-03   0.424311E-02   0.474161E-02   0.250000E-03
 724   0.774807E-03   0.555142E-03   0.598875E-02   0.497486E-02   0.400000E-03
 725   0.123711E-02  -0.124349E-03   0.690676E-02   0.519961E-02   0.150000E-03
 726   0.107221E-02   0.162860E-03   0.652069E-02   0.559026E-02   0.400000E-03
 727  -0.262089E-03   0.123436E-03   0.822117E-02   0.617055E-02   0.300000E-03
 728  -0.350116E-03   0.117686E-03   0.932391E-02   0.645601E-02   0.250000E-03
 729  -0.454766E-03  -0.411333E-04   0.968795E-02   0.686734E-02   0.300000E-03
 730  -0.436586E-03  -0.239160E-03   0.123226E-01   0.572382E-02   0.250000E-03
 731  -0.586129E-03   0.211816E-03   0.121512E-01   0.629644E-02   0.350000E-03
 732  -0.716124E-03   0.131524E-03   0.130442E-01   0.670821E-02   0.250000E-03
 733  -0.634973E-03  -0.194243E-03   0.148986E-01   0.693368E-02   0.250000E-03
 734  -0.676311E-03   0.472704E-03   0.161630E-01   0.697901E-02   0.200000E-03
 735  -0.717904E-03   0.122753E-04   0.174786E-01   0.737490E-02   0.350000E-03
 736  -0.981973E-03   0.253923E-03   0.189813E-01   0.741490E-02   0.400000E-03
 737  -0.558358E-03   0.274409E-03   0.196625E-01   0.726897E-02   0.300000E-03
 738   0.313727E-04  -0.898293E-04   0.213371E-01   0.707229E-02   0.400000E-03
 739  -0.533197E-03   0.798645E-04   0.222858E-01   0.646090E-02   0.350000E-03
 740  -0.624423E-03  -0.791754E-04   0.235922E-01   0.624899E-02   0.350000E-03
 741  -0.734483E-03  -0.768707E-03   0.246911E-01   0.568786E-02   0.250000E-03
 742  -0.509216E-03  -0.842181E-03   0.262357E-01   0.535106E-02   0.250000E-03
 743  -0.539135E-03  -0.756376E-03   0.274810E-01   0.515938E-02   0.250000E-03
 744   0.108946E-02  -0.493360E-03   0.287630E-01   0.520407E-02   0.200000E-03
 745  -0.205651E-03  -0.482515E-04   0.315499E-01   0.569750E-02   0.250000E-03
 746  -0.444141E-04  -0.211143E-03   0.327856E-01   0.559310E-02   0.350000E-03
 747   0.504787E-03  -0.424615E-03   0.332371E-01   0.512682E-02   0.300000E-03
 748   0.629980E-03  -0.307645E-03   0.356390E-01   0.486238E-02   0.350000E-03
 749   0.101341E-02  -0.156112E-04   0.362991E-01   0.547815E-02   0.300000E-03
 750   0.187907E-02  -0.719312E-04   0.384958E-01   0.585846E-02   0.250000E-03
 751   0.113556E-02  -0.256748E-03   0.391603E-01   0.595491E-02   0.300000E-03
 752   0.886504E-03   0.547493E-03   0.401942E-01   0.424313E-02   0.300000E-03
 753   0.126205E-02  -0.553114E-04   0.407514E-01   0.307157E-02   0.150000E-03
 754   0.128798E-02   0.884655E-05   0.418950E-01   0.419868E-02   0.150000E-03
 755   0.142449E-02   0.920029E-04   0.425388E-01   0.416197E-02   0.150000E-03
 756  -0.141426E-02  -0.202593E-02   0.431124E-01   0.674424E-02   0.300000E-03
 757   0.238552E-03   0.546530E-03   0.185093E-02   0.459764E-02   0.350000E-03
 758   0.670339E-03   0.370536E-03   0.401242E-02   0.580033E-02   0.350000E-03
 759   0.735138E-03   0.486313E-03   0.389158E-02   0.516278E-02   0.300000E-03
 760   0.703466E-03   0.509143E-03   0.472498E-02   0.569343E-02   0.300000E-03
 761   0.106443E-02   0.233848E-03   0.540163E-02   0.551480E-02   0.400000E-03
 762   0.146403E-02  -0.147339E-03   0.592701E-02   0.604611E-02   0.350000E-03
 763   0.117575E-02  -0.215029E-03   0.689225E-02   0.629690E-02   0.400000E-03
 764   0.975671E-04  -0.149453E-03   0.815305E-02   0.684661E-02   0.300000E-03
 765  -0.203236E-03   0.153805E-03   0.114729E-01   0.646477E-02   0.350000E-03
 766  -0.666398E-03   0.153871E-03   0.117036E-01   0.582529E-02   0.300000E-03
 767  -0.582898E-03   0.204994E-03   0.126087E-01   0.659887E-02   0.200000E-03
 768  -0.523197E-03  -0.403268E-04   0.136596E-01   0.696843E-02   0.250000E-03
 769  -0.705716E-03  -0.364662E-03   0.151960E-01   0.745343E-02   0.350000E-03
 770  -0.896178E-03  -0.361406E-03   0.157796E-01   0.731943E-02   0.250000E-03
 771  -0.668514E-03   0.642561E-03   0.164966E-01   0.685590E-02   0.100000E-03
 772  -0.142251E-02   0.312159E-03   0.183391E-01   0.750508E-02   0.250000E-03
 773  -0.877360E-03  -0.335143E-03   0.200102E-01   0.787425E-02   0.400000E-03
 774  -0.448779E-03   0.140851E-03   0.207290E-01   0.750943E-02   0.350000E-03
 775  -0.562546E-03  -0.844247E-04   0.231191E-01   0.661297E-02   0.250000E-03
 776  -0.679747E-03  -0.201630E-03   0.247139E-01   0.613453E-02   0.200000E-03
 777  -0.322842E-03  -0.657158E-04   0.254044E-01   0.489854E-02   0.200000E-03
 778  -0.558418E-03  -0.816803E-03   0.258254E-01   0.553119E-02   0.200000E-03
 779  -0.526740E-03  -0.947541E-03   0.275139E-01   0.570603E-02   0.300000E-03
 780  -0.338011E-03  -0.299185E-03   0.292474E-01   0.579238E-02   0.350000E-03
 781   0.259377E-04  -0.108464E-03   0.306327E-01   0.592863E-02   0.200000E-03
 782  -0.111845E-03  -0.808099E-04   0.320920E-01   0.577870E-02   0.300000E-03
 783   0.564003E-03  -0.360973E-03   0.338697E-01   0.527432E-02   0.350000E-03
 784   0.598681E-03  -0.364238E-03   0.344151E-01   0.521132E-02   0.200000E-03
 785   0.703503E-03   0.145537E-04   0.356552E-01   0.556099E-02   0.350000E-03
 786   0.109624E-02  -0.134197E-03   0.375729E-01   0.619268E-02   0.250000E-03
 787   0.131536E-02  -0.242418E-03   0.397239E-01   0.615455E-02   0.300000E-03
 788   0.129771E-02  -0.244026E-03   0.396365E-01   0.551108E-02   0.350000E-03
 789   0.155207E-02  -0.402512E-03   0.405727E-01   0.378092E-02   0.300000E-03
 790   0.178027E-02  -0.200364E-03   0.414628E-01   0.431433E-02   0.300000E-03
 791   0.151897E-02   0.142460E-03   0.431285E-01   0.436825E-02   0.350000E-03
 792   0.623156E-03  -0.234335E-03   0.438906E-01   0.519096E-02   0.150000E-03
 793   0.451317E-03   0.361973E-03   0.283583E-02   0.559128E-02   0.150000E-03
 794   0.694656E-03   0.733285E-04   0.241062E-02   0.555916E-02   0.150000E-03
 795   0.573184E-03   0.429301E-03   0.434715E-02   0.536684E-02   0.200000E-03
 796   0.320641E-03   0.460153E-03   0.264885E-02   0.659213E-02   0.300000E-03
 797   0.548522E-03   0.313792E-03   0.450308E-02   0.636615E-02   0.400000E-03
 798   0.108779E-02   0.166898E-03   0.517565E-02   0.617469E-02   0.300000E-03
 799   0.224399E-03  -0.124234E-03   0.751630E-02   0.671744E-02   0.350000E-03
 800  -0.197620E-03   0.705961E-03   0.880456E-02   0.715410E-02   0.250000E-03
 801  -0.510427E-03  -0.191991E-03   0.107383E-01   0.682571E-02   0.250000E-03
 802  -0.239990E-03   0.553230E-04   0.112062E-01   0.700175E-02   0.250000E-03
 803  -0.453206E-03  -0.704333E-04   0.119273E-01   0.685239E-02   0.250000E-03
 804  -0.459608E-03  -0.940581E-04   0.131819E-01   0.724043E-02   0.300000E-03
 805  -0.429824E-03   0.542128E-04   0.140320E-01   0.737238E-02   0.300000E-03
 806  -0.113116E-02   0.616267E-03   0.156870E-01   0.775934E-02   0.200000E-03
 807  -0.793153E-03  -0.810309E-04   0.178880E-01   0.781189E-02   0.250000E-03
 808  -0.104498E-02  -0.302967E-03   0.189989E-01   0.826328E-02   0.450000E-03
 809  -0.113639E-02  -0.183141E-03   0.213115E-01   0.779408E-02   0.300000E-03
 810  -0.608283E-03   0.314018E-03   0.220364E-01   0.705908E-02   0.300000E-03
 811  -0.608050E-03   0.968862E-04   0.236076E-01   0.689686E-02   0.300000E-03
 812  -0.920956E-03  -0.109452E-03   0.242404E-01   0.629159E-02   0.300000E-03
 813   0.290179E-03  -0.939281E-03   0.252803E-01   0.558583E-02   0.350000E-03
 814  -0.614093E-03  -0.107989E-02   0.270147E-01   0.567853E-02   0.200000E-03
 815   0.543290E-04  -0.338428E-03   0.285047E-01   0.588752E-02   0.400000E-03
 816   0.120956E-03   0.104381E-03   0.311921E-01   0.597003E-02   0.200000E-03
 817   0.110215E-03  -0.345392E-03   0.301817E-01   0.622692E-02   0.300000E-03
 818  -0.158146E-03  -0.449820E-04   0.325283E-01   0.618750E-02   0.300000E-03
 819   0.364626E-03  -0.124246E-03   0.334177E-01   0.573985E-02   0.300000E-03
 820   0.679908E-03  -0.249612E-03   0.346745E-01   0.563558E-02   0.300000E-03
 821   0.113708E-02  -0.526547E-03   0.361664E-01   0.606166E-02   0.300000E-03
 822   0.163603E-02  -0.435396E-03   0.378056E-01   0.691274E-02   0.300000E-03
 823   0.709050E-03   0.101758E-03   0.387444E-01   0.631211E-02   0.250000E-03
 824   0.144010E-02  -0.246684E-03   0.408195E-01   0.558192E-02   0.350000E-03
 825   0.136360E-02  -0.323462E-03   0.402596E-01   0.501082E-02   0.450000E-03
 826   0.130892E-02  -0.332234E-03   0.408171E-01   0.443865E-02   0.350000E-03
 827   0.113955E-02  -0.144984E-04   0.422317E-01   0.441602E-02   0.250000E-03
 828   0.147657E-02  -0.676358E-03   0.402924E-01   0.694894E-02   0.350000E-03
 829   0.300656E-03   0.664528E-03   0.262820E-02   0.598957E-02   0.300000E-03
 830   0.506061E-03   0.418262E-03   0.298239E-03   0.534028E-02   0.300000E-03
 831   0.577429E-03   0.270646E-03   0.309985E-03   0.583974E-02   0.200000E-03
 832   0.259280E-03   0.495235E-03   0.309692E-02   0.627654E-02   0.250000E-03
 833   0.370260E-03   0.811518E-03   0.329286E-02   0.678961E-02   0.300000E-03
 834   0.100318E-02   0.640477E-03   0.507698E-02   0.676625E-02   0.300000E-03
 835   0.113313E-02  -0.311458E-04   0.576477E-02   0.693235E-02   0.300000E-03
 836   0.253455E-03   0.147609E-03   0.759990E-02   0.741022E-02   0.350000E-03
 837  -0.561255E-03  -0.174063E-04   0.107502E-01   0.637808E-02   0.200000E-03
 838  -0.477233E-03   0.175201E-04   0.116924E-01   0.740337E-02   0.350000E-03
 839  -0.495772E-03  -0.795153E-04   0.124848E-01   0.718480E-02   0.400000E-03
 840  -0.482757E-03  -0.138572E-04   0.140956E-01   0.796855E-02   0.300000E-03
 841  -0.821726E-03   0.523996E-04   0.146842E-01   0.785316E-02   0.300000E-03
 842  -0.472180E-03  -0.251797E-03   0.169317E-01   0.772054E-02   0.300000E-03
 843  -0.141866E-02  -0.333418E-03   0.183496E-01   0.800258E-02   0.250000E-03
 844  -0.910896E-03  -0.282853E-03   0.197086E-01   0.850540E-02   0.300000E-03
 845  -0.447066E-03  -0.106194E-03   0.206821E-01   0.820641E-02   0.350000E-03
 846  -0.197375E-03  -0.639775E-03   0.218063E-01   0.755721E-02   0.250000E-03
 847  -0.538043E-03   0.672204E-04   0.230688E-01   0.715932E-02   0.300000E-03
 848  -0.882290E-03  -0.155011E-03   0.243012E-01   0.698747E-02   0.400000E-03
 849  -0.767509E-03  -0.219729E-03   0.252378E-01   0.629894E-02   0.350000E-03
 850  -0.698038E-03  -0.973748E-03   0.265765E-01   0.564354E-02   0.200000E-03
 851  -0.876046E-03  -0.370538E-03   0.264182E-01   0.611435E-02   0.300000E-03
 852  -0.271507E-03   0.158907E-03   0.298233E-01   0.581650E-02   0.150000E-03
 853   0.264654E-03   0.204124E-03   0.316384E-01   0.628937E-02   0.350000E-03
 854  -0.123799E-03  -0.200964E-04   0.327141E-01   0.680607E-02   0.350000E-03
 855   0.389147E-03  -0.164813E-03   0.331233E-01   0.626235E-02   0.300000E-03
 856   0.591765E-03  -0.156786E-03   0.340771E-01   0.599343E-02   0.400000E-03
 857   0.908862E-03  -0.127948E-03   0.351651E-01   0.605843E-02   0.350000E-03
 858   0.139955E-02  -0.214291E-03   0.365333E-01   0.653469E-02   0.300000E-03
 859   0.118798E-02  -0.205425E-03   0.392881E-01   0.648900E-02   0.250000E-03
 860   0.131390E-02  -0.226939E-03   0.402131E-01   0.580800E-02   0.300000E-03
 861   0.137078E-02  -0.269394E-03   0.415174E-01   0.559476E-02   0.350000E-03
 862   0.141273E-02  -0.281080E-03   0.409988E-01   0.501015E-02   0.250000E-03
 863   0.132031E-02  -0.716147E-03   0.432920E-01   0.515063E-02   0.450000E-03
 864   0.697414E-03  -0.163391E-02   0.445526E-01   0.607752E-02   0.450000E-03
 865   0.964022E-04   0.564068E-03   0.136667E-02   0.518736E-02   0.350000E-03
 866   0.131139E-03   0.700165E-03   0.170602E-02   0.561795E-02   0.200000E-03
 867   0.311299E-04   0.367718E-03   0.202781E-02   0.640790E-02   0.350000E-03
 868   0.479144E-03   0.731443E-03   0.373623E-02   0.638735E-02   0.300000E-03
 869   0.421609E-03   0.507917E-03   0.338422E-02   0.733021E-02   0.250000E-03
 870   0.173463E-02  -0.467641E-03   0.626392E-02   0.660051E-02   0.300000E-03
 871   0.155171E-02  -0.145518E-02   0.692931E-02   0.699497E-02   0.300000E-03
 872  -0.361724E-03   0.126848E-03   0.918047E-02   0.688069E-02   0.200000E-03
 873  -0.396376E-03  -0.222845E-04   0.102489E-01   0.707984E-02   0.300000E-03
 874  -0.604415E-03   0.329304E-05   0.116398E-01   0.805437E-02   0.300000E-03
 875  -0.539116E-03  -0.267569E-04   0.121912E-01   0.781913E-02   0.300000E-03
 876  -0.402196E-03  -0.890200E-05   0.135447E-01   0.771682E-02   0.300000E-03
 877  -0.817421E-03   0.139098E-03   0.146714E-01   0.845239E-02   0.300000E-03
 878  -0.764575E-03  -0.265876E-03   0.162916E-01   0.762826E-02   0.350000E-03
 879  -0.453593E-03  -0.227665E-03   0.174169E-01   0.797820E-02   0.250000E-03
 880  -0.548738E-03  -0.381706E-03   0.176880E-01   0.845594E-02   0.300000E-03
 881   0.387424E-03  -0.403787E-03   0.217578E-01   0.819475E-02   0.300000E-03
 882  -0.937288E-03   0.177531E-03   0.225351E-01   0.728806E-02   0.250000E-03
 883  -0.831062E-03  -0.406269E-04   0.227281E-01   0.669151E-02   0.150000E-03
 884  -0.899098E-03  -0.143056E-03   0.237779E-01   0.752319E-02   0.350000E-03
 885  -0.728756E-03  -0.282576E-04   0.256649E-01   0.740869E-02   0.400000E-03
 886  -0.519806E-03  -0.328418E-03   0.258260E-01   0.602805E-02   0.300000E-03
 887  -0.257508E-04  -0.167940E-03   0.282060E-01   0.657190E-02   0.350000E-03
 888  -0.284122E-03  -0.159940E-03   0.295046E-01   0.654733E-02   0.450000E-03
 889   0.111748E-03   0.766523E-04   0.308687E-01   0.653307E-02   0.450000E-03
 890  -0.165962E-03  -0.464578E-04   0.321552E-01   0.659107E-02   0.250000E-03
 891   0.535445E-03  -0.746703E-04   0.336663E-01   0.661886E-02   0.350000E-03
 892   0.780538E-03   0.330823E-04   0.346238E-01   0.657599E-02   0.400000E-03
 893   0.739227E-03  -0.239411E-03   0.356956E-01   0.643064E-02   0.300000E-03
 894   0.125523E-02  -0.362154E-03   0.385733E-01   0.678126E-02   0.250000E-03
 895   0.128736E-02  -0.436562E-03   0.390789E-01   0.699699E-02   0.300000E-03
 896   0.921989E-03  -0.204963E-02   0.419257E-01   0.697205E-02   0.300000E-03
 897   0.903425E-03  -0.102667E-02   0.424759E-01   0.662481E-02   0.350000E-03
 898   0.150136E-02   0.159660E-03   0.426360E-01   0.461165E-02   0.200000E-03
 899   0.122482E-02  -0.698500E-03   0.424959E-01   0.521284E-02   0.350000E-03
 900   0.352603E-03  -0.183570E-02   0.438287E-01   0.573967E-02   0.350000E-03
 901   0.152339E-03   0.733507E-03   0.128917E-02   0.577952E-02   0.250000E-03
 902   0.397225E-03   0.553377E-03   0.309922E-02   0.774051E-02   0.250000E-03
 903   0.360427E-05   0.660913E-03   0.210721E-02   0.581463E-02   0.250000E-03
 904   0.335262E-03   0.498702E-03   0.279420E-02   0.722417E-02   0.350000E-03
 905   0.393750E-03   0.527263E-03   0.403540E-02   0.707458E-02   0.450000E-03
 906   0.115178E-02   0.887117E-04   0.588751E-02   0.746811E-02   0.250000E-03
 907   0.119675E-02   0.196807E-03   0.557759E-02   0.646972E-02   0.200000E-03
 908  -0.243388E-03  -0.230544E-03   0.883182E-02   0.770254E-02   0.300000E-03
 909  -0.418456E-03  -0.397614E-04   0.932246E-02   0.735739E-02   0.300000E-03
 910  -0.375073E-03  -0.372472E-04   0.100502E-01   0.811678E-02   0.300000E-03
 911  -0.509097E-03   0.478004E-04   0.111942E-01   0.773502E-02   0.250000E-03
 912  -0.815351E-03   0.445464E-03   0.152280E-01   0.874135E-02   0.250000E-03
 913  -0.718162E-03  -0.324597E-03   0.152955E-01   0.814555E-02   0.350000E-03
 914  -0.690103E-03  -0.522121E-03   0.160570E-01   0.839222E-02   0.450000E-03
 915  -0.488530E-03   0.901531E-03   0.169299E-01   0.841975E-02   0.400000E-03
 916  -0.933911E-03   0.146051E-03   0.202728E-01   0.870945E-02   0.300000E-03
 917  -0.358733E-03  -0.487412E-03   0.198672E-01   0.915118E-02   0.300000E-03
 918   0.609455E-03  -0.373402E-03   0.223192E-01   0.786754E-02   0.350000E-03
 919  -0.479244E-03  -0.279150E-03   0.230159E-01   0.780620E-02   0.350000E-03
 920  -0.746837E-03  -0.163707E-03   0.246927E-01   0.648310E-02   0.150000E-03
 921  -0.663644E-03  -0.552323E-03   0.231804E-01   0.854728E-02   0.350000E-03
 922  -0.588841E-03  -0.689565E-03   0.258291E-01   0.667719E-02   0.350000E-03
 923  -0.461234E-03  -0.299086E-03   0.275423E-01   0.635339E-02   0.350000E-03
 924  -0.136384E-03  -0.274745E-03   0.288002E-01   0.710653E-02   0.450000E-03
 925   0.704408E-04  -0.151778E-03   0.310483E-01   0.731176E-02   0.350000E-03
 926  -0.986392E-03  -0.365906E-04   0.315785E-01   0.693568E-02   0.300000E-03
 927   0.466449E-03   0.230096E-03   0.335848E-01   0.716207E-02   0.200000E-03
 928   0.658942E-03   0.357472E-03   0.341198E-01   0.649101E-02   0.100000E-03
 929   0.111653E-02  -0.559464E-03   0.371940E-01   0.669285E-02   0.350000E-03
 930   0.995986E-03  -0.813043E-03   0.412192E-01   0.665312E-02   0.300000E-03
 931   0.165178E-02  -0.566534E-03   0.411900E-01   0.609402E-02   0.250000E-03
 932   0.132487E-02  -0.511847E-03   0.397452E-01   0.670306E-02   0.250000E-03
 933   0.107737E-02  -0.897240E-03   0.418119E-01   0.628178E-02   0.400000E-03
 934   0.200570E-02  -0.879091E-03   0.412695E-01   0.471777E-02   0.150000E-03
 935   0.150805E-02  -0.581217E-03   0.418125E-01   0.491155E-02   0.400000E-03
 936   0.163150E-03  -0.163860E-02   0.433723E-01   0.620172E-02   0.300000E-03
 937   0.181689E-03   0.244049E-03   0.102723E-02   0.730276E-02   0.350000E-03
 938   0.461873E-03   0.541271E-03   0.295805E-03   0.634008E-02   0.300000E-03
 939   0.433584E-03   0.426004E-03   0.373487E-02   0.781574E-02   0.350000E-03
 940   0.406226E-03   0.615515E-03   0.790268E-03   0.600666E-02   0.300000E-03
 941   0.112955E-03   0.290859E-03   0.165730E-02   0.700036E-02   0.350000E-03
 942   0.400142E-03   0.539766E-03   0.458557E-02   0.784810E-02   0.500000E-03
 943   0.861439E-03   0.246401E-03   0.529371E-02   0.737868E-02   0.350000E-03
 944   0.346083E-02  -0.147724E-01   0.636257E-02   0.718909E-02   0.300000E-03
 945  -0.508927E-03   0.458473E-04   0.107838E-01   0.737092E-02   0.300000E-03
 946  -0.301191E-03  -0.539650E-05   0.979904E-02   0.762778E-02   0.250000E-03
 947  -0.418101E-03   0.208157E-04   0.128918E-01   0.808386E-02   0.450000E-03
 948  -0.471829E-03   0.603862E-04   0.124956E-01   0.866028E-02   0.250000E-03
 949  -0.113251E-02   0.250483E-03   0.156872E-01   0.904386E-02   0.300000E-03
 950  -0.425546E-03  -0.266175E-03   0.139404E-01   0.865075E-02   0.400000E-03
 951  -0.144212E-03   0.176276E-03   0.165166E-01   0.898417E-02   0.300000E-03
 952  -0.135152E-02  -0.621051E-03   0.182369E-01   0.848804E-02   0.250000E-03
 953  -0.544858E-03  -0.499718E-03   0.208440E-01   0.878392E-02   0.250000E-03
 954   0.333860E-04  -0.714919E-03   0.223510E-01   0.873101E-02   0.500000E-03
 955  -0.766413E-03  -0.437499E-03   0.235510E-01   0.807668E-02   0.250000E-03
 956  -0.795842E-03  -0.374439E-04   0.250246E-01   0.729807E-02   0.250000E-03
 957  -0.941119E-03   0.956514E-04   0.267631E-01   0.767918E-02   0.350000E-03
 958  -0.420778E-03  -0.577932E-03   0.264008E-01   0.708036E-02   0.350000E-03
 959  -0.708611E-03  -0.205850E-03   0.268781E-01   0.656909E-02   0.350000E-03
 960   0.828726E-04  -0.270794E-04   0.302114E-01   0.677501E-02   0.250000E-03
 961  -0.449206E-03   0.172076E-03   0.320551E-01   0.797127E-02   0.400000E-03
 962   0.216011E-03  -0.957622E-04   0.316194E-01   0.748846E-02   0.250000E-03
 963   0.349906E-03   0.107896E-03   0.332395E-01   0.696183E-02   0.200000E-03
 964   0.555470E-03  -0.798317E-04   0.352675E-01   0.684997E-02   0.300000E-03
 965   0.101196E-02   0.310631E-04   0.360707E-01   0.683160E-02   0.250000E-03
 966   0.136573E-02  -0.389763E-03   0.366604E-01   0.722190E-02   0.400000E-03
 967   0.145326E-02  -0.497234E-03   0.406472E-01   0.634603E-02   0.350000E-03
 968  -0.162219E-02  -0.104307E-02   0.401588E-01   0.625596E-02   0.150000E-03
 969   0.113869E-02  -0.197041E-02   0.447506E-01   0.715960E-02   0.250000E-03
 970   0.837257E-03  -0.194341E-02   0.442576E-01   0.681880E-02   0.350000E-03
 971   0.100558E-02  -0.127933E-02   0.427322E-01   0.592116E-02   0.400000E-03
 972   0.483927E-03  -0.195025E-02   0.436606E-01   0.676989E-02   0.250000E-03
 973   0.404871E-03   0.391136E-03   0.833482E-03   0.545869E-02   0.250000E-03
 974   0.460624E-03   0.477999E-03   0.402181E-02   0.834226E-02   0.250000E-03
 975   0.137038E-03   0.399428E-03   0.132941E-02   0.637673E-02   0.350000E-03
 976   0.225983E-03   0.348859E-03   0.769614E-03   0.670614E-02   0.300000E-03
 977   0.354985E-03  -0.955286E-04   0.736711E-02   0.796235E-02   0.250000E-03
 978   0.666544E-02  -0.665514E-02   0.695987E-02   0.759307E-02   0.300000E-03
 979   0.152968E-01  -0.275161E-01   0.643305E-02   0.772553E-02   0.250000E-03
 980  -0.154793E-03  -0.252266E-03   0.816209E-02   0.790518E-02   0.400000E-03
 981  -0.392506E-03  -0.113595E-04   0.102980E-01   0.762620E-02   0.250000E-03
 982   0.790228E-04   0.137138E-03   0.931708E-02   0.827400E-02   0.450000E-03
 983  -0.532835E-03   0.432436E-04   0.120960E-01   0.836035E-02   0.250000E-03
 984  -0.413398E-03  -0.306532E-04   0.106984E-01   0.807216E-02   0.350000E-03
 985  -0.399035E-03  -0.243756E-03   0.135279E-01   0.821548E-02   0.200000E-03
 986  -0.108393E-02  -0.387187E-03   0.188822E-01   0.954677E-02   0.300000E-03
 987  -0.104237E-02  -0.252515E-03   0.186067E-01   0.895911E-02   0.350000E-03
 988  -0.964858E-03  -0.237187E-03   0.193030E-01   0.894707E-02   0.300000E-03
 989  -0.925142E-03  -0.632115E-04   0.194282E-01   0.948180E-02   0.250000E-03
 990  -0.361965E-03  -0.907819E-04   0.212490E-01   0.840113E-02   0.250000E-03
 991  -0.631456E-03  -0.419371E-03   0.241272E-01   0.824361E-02   0.350000E-03
 992  -0.778318E-03  -0.157289E-03   0.244362E-01   0.767275E-02   0.300000E-03
 993  -0.810060E-03  -0.153142E-03   0.249248E-01   0.680866E-02   0.250000E-03
 994  -0.735563E-03  -0.300475E-03   0.270384E-01   0.714652E-02   0.250000E-03
 995   0.117259E-03  -0.314316E-03   0.276868E-01   0.711155E-02   0.400000E-03
 996   0.370597E-04  -0.133533E-03   0.303994E-01   0.729137E-02   0.300000E-03
 997  -0.347392E-03  -0.248669E-03   0.298710E-01   0.714121E-02   0.250000E-03
 998  -0.470738E-03   0.211124E-03   0.321583E-01   0.722892E-02   0.350000E-03
 999   0.112123E-03   0.461281E-03   0.329928E-01   0.733704E-02   0.250000E-03
1000   0.613782E-03   0.225213E-03   0.341335E-01   0.714071E-02   0.350000E-03
