   1   0.114669E+00  -0.387058E+00   0.858371E-02   0.145161E-01   0.350000E-03
   2  -0.374543E-03   0.161793E-02   0.148762E-03   0.149523E-03   0.150000E-03
   3  -0.278665E-03   0.730807E-03   0.441311E-02   0.454495E-03   0.450000E-03
   4   0.299651E-02  -0.260675E-03   0.560696E-02   0.477655E-03   0.200000E-03
   5   0.390955E-02  -0.218212E-04   0.559348E-02   0.999887E-04   0.100000E-03
   6   0.135220E-02  -0.230902E-02   0.740190E-02   0.249418E-03   0.250000E-03
   7  -0.269242E-03  -0.225028E-02   0.803380E-02   0.399504E-03   0.400000E-03
   8   0.174108E-02  -0.115525E-02   0.878710E-02   0.347143E-03   0.350000E-03
   9   0.182631E-02  -0.982095E-03   0.923326E-02   0.567286E-03   0.150000E-03
  10   0.125432E-02  -0.209004E-03   0.117312E-01   0.297687E-03   0.300000E-03
  11  -0.416418E-04  -0.988601E-04   0.129754E-01   0.348646E-03   0.350000E-03
  12  -0.153966E-02  -0.267645E-03   0.147095E-01   0.194159E-03   0.200000E-03
  13   0.185734E-03  -0.368838E-04   0.168190E-01   0.342596E-03   0.350000E-03
  14   0.691327E-03   0.695969E-03   0.175164E-01   0.348962E-03   0.350000E-03
  15   0.566387E-03   0.178560E-02   0.187349E-01   0.399883E-03   0.400000E-03
  16  -0.612550E-04   0.821251E-03   0.194808E-01   0.348232E-03   0.350000E-03
  17  -0.157128E-03   0.546710E-03   0.203939E-01   0.338401E-03   0.350000E-03
  18   0.431124E-02  -0.816644E-03   0.218212E-01   0.348397E-03   0.350000E-03
  19   0.133932E-02  -0.914883E-03   0.224106E-01   0.244815E-03   0.250000E-03
  20  -0.725507E-03  -0.986670E-03   0.229092E-01   0.246925E-03   0.250000E-03
  21   0.188384E-02   0.297400E-03   0.243829E-01   0.249547E-03   0.250000E-03
  22   0.918908E-03   0.623256E-02   0.257041E-01   0.200069E-03   0.200000E-03
  23  -0.694602E-03  -0.363334E-03   0.267009E-01   0.999484E-04   0.100000E-03
  24   0.171021E-02  -0.508753E-03   0.282700E-01   0.396244E-03   0.400000E-03
  25   0.174287E-02   0.108047E-03   0.297326E-01   0.396110E-03   0.400000E-03
  26   0.701084E-03  -0.825252E-03   0.304796E-01   0.343513E-03   0.350000E-03
  27   0.469253E-03   0.249988E-03   0.318232E-01   0.298946E-03   0.300000E-03
  28   0.116018E-02  -0.653716E-03   0.333721E-01   0.298669E-03   0.300000E-03
  29  -0.120323E-02   0.663396E-03   0.355626E-01   0.447070E-03   0.450000E-03
  30  -0.110207E-02  -0.747447E-03   0.373999E-01   0.346056E-03   0.350000E-03
  31  -0.151486E-02  -0.592839E-03   0.379916E-01   0.249890E-03   0.250000E-03
  32   0.742618E-03   0.890617E-03   0.401238E-01   0.196490E-03   0.200000E-03
  33   0.178706E-02   0.375413E-03   0.410137E-01   0.193286E-03   0.200000E-03
  34  -0.117009E-02   0.205337E-02   0.446042E-01   0.894616E-03   0.400000E-03
  35  -0.129908E-02  -0.111430E-02   0.446513E-01   0.193164E-02   0.350000E-03
  36   0.112546E+00  -0.337131E-01   0.704368E-02   0.105943E-01   0.300000E-03
  37  -0.556058E-03   0.515822E-03   0.248739E-03   0.187552E-02   0.250000E-03
  38   0.133418E-02   0.459895E-03   0.780638E-03   0.816485E-03   0.300000E-03
  39  -0.677345E-03   0.143055E-03   0.249765E-02   0.392988E-03   0.400000E-03
  40   0.811669E-03  -0.526333E-04   0.607473E-02   0.299957E-03   0.300000E-03
  41  -0.129511E-02  -0.169623E-02   0.676874E-02   0.394307E-03   0.400000E-03
  42   0.114460E-03  -0.199056E-02   0.719544E-02   0.100713E-02   0.350000E-03
  43   0.121622E-02  -0.662833E-03   0.849633E-02   0.923021E-03   0.300000E-03
  44   0.148630E-02  -0.289983E-02   0.929674E-02   0.960968E-03   0.250000E-03
  45  -0.275827E-03  -0.888549E-03   0.987671E-02   0.490995E-03   0.500000E-03
  46   0.226903E-02  -0.125491E-02   0.108460E-01   0.299806E-03   0.300000E-03
  47   0.357357E-03   0.862727E-03   0.151385E-01   0.149928E-03   0.150000E-03
  48   0.882059E-03  -0.125838E-02   0.157073E-01   0.447967E-03   0.450000E-03
  49   0.140457E-02  -0.127205E-02   0.163819E-01   0.874065E-03   0.350000E-03
  50  -0.882835E-04   0.158103E-02   0.181055E-01   0.247673E-03   0.250000E-03
  51   0.158594E-02  -0.309691E-03   0.192084E-01   0.878822E-03   0.250000E-03
  52  -0.595458E-04   0.203196E-02   0.199352E-01   0.147425E-03   0.150000E-03
  53  -0.573654E-03   0.160515E-03   0.203882E-01   0.103207E-02   0.200000E-03
  54   0.787322E-03   0.173077E-02   0.210428E-01   0.299903E-03   0.300000E-03
  55   0.128641E-02   0.156800E-02   0.232723E-01   0.999692E-04   0.100000E-03
  56   0.266458E-03   0.455827E-03   0.237498E-01   0.395749E-03   0.400000E-03
  57   0.263131E-03  -0.533227E-03   0.244319E-01   0.936234E-03   0.400000E-03
  58   0.198874E-03  -0.338366E-03   0.250163E-01   0.394264E-03   0.400000E-03
  59  -0.394732E-02   0.462965E-03   0.270104E-01   0.199938E-03   0.200000E-03
  60   0.177098E-02  -0.106037E-03   0.275780E-01   0.297290E-03   0.300000E-03
  61   0.979469E-03   0.439350E-05   0.290402E-01   0.297113E-03   0.300000E-03
  62   0.163124E-02   0.115159E-03   0.311773E-01   0.347190E-03   0.350000E-03
  63   0.204161E-02  -0.465576E-03   0.328835E-01   0.197757E-03   0.200000E-03
  64  -0.194575E-02   0.239616E-03   0.347717E-01   0.344798E-03   0.350000E-03
  65  -0.116249E-02   0.381787E-03   0.363411E-01   0.622105E-03   0.350000E-03
  66  -0.471899E-03  -0.877907E-03   0.364258E-01   0.139527E-03   0.150000E-03
  67  -0.297987E-03   0.568619E-03   0.391373E-01   0.299621E-03   0.300000E-03
  68   0.940732E-03   0.185003E-03   0.422993E-01   0.231016E-03   0.200000E-03
  69   0.924330E-03   0.126521E-02   0.438621E-01   0.818193E-03   0.350000E-03
  70  -0.160256E-02  -0.417768E-02   0.424237E-01   0.722272E-02   0.250000E-03
  71  -0.117329E-02   0.987506E-03   0.447020E-01   0.499000E-02   0.300000E-03
  72  -0.744870E-03   0.435254E-03   0.446990E-01   0.252501E-03   0.250000E-03
  73  -0.116822E-01   0.793955E-03   0.278384E-02   0.825704E-02   0.350000E-03
  74  -0.866523E-03   0.119367E-02   0.106295E-02   0.293272E-03   0.300000E-03
  75  -0.342201E-02  -0.427098E-03   0.374493E-02   0.249374E-03   0.250000E-03
  76  -0.888643E-03   0.151826E-03   0.515724E-02   0.928404E-03   0.350000E-03
  77  -0.670768E-03  -0.180741E-02   0.639215E-02   0.851460E-03   0.200000E-03
  78  -0.721301E-03  -0.167071E-02   0.658204E-02   0.136475E-02   0.350000E-03
  79  -0.173001E-02  -0.111003E-03   0.788292E-02   0.113688E-02   0.350000E-03
  80   0.481466E-03  -0.136984E-02   0.899811E-02   0.135672E-02   0.250000E-03
  81   0.166451E-02   0.552692E-04   0.106094E-01   0.904897E-03   0.350000E-03
  82   0.348743E-02  -0.614704E-03   0.132286E-01   0.959845E-03   0.300000E-03
  83   0.131672E-03  -0.270962E-03   0.136739E-01   0.347672E-03   0.350000E-03
  84   0.151681E-02  -0.518200E-03   0.142639E-01   0.245291E-03   0.250000E-03
  85  -0.520266E-03   0.151153E-03   0.153231E-01   0.102857E-02   0.250000E-03
  86   0.824350E-03   0.421419E-03   0.171584E-01   0.106363E-02   0.450000E-03
  87   0.638940E-03   0.142648E-03   0.187399E-01   0.104819E-02   0.250000E-03
  88  -0.205712E-03   0.700233E-03   0.199442E-01   0.802404E-03   0.300000E-03
  89   0.828237E-03  -0.710014E-03   0.201981E-01   0.161111E-02   0.400000E-03
  90   0.160349E-02   0.232442E-02   0.213588E-01   0.867673E-03   0.350000E-03
  91   0.143485E-02   0.143076E-02   0.224862E-01   0.734539E-03   0.250000E-03
  92  -0.601512E-03  -0.801424E-03   0.230960E-01   0.813504E-03   0.350000E-03
  93   0.412726E-03   0.111499E-03   0.237115E-01   0.114057E-02   0.350000E-03
  94  -0.713126E-03  -0.140271E-03   0.251631E-01   0.112515E-02   0.350000E-03
  95   0.166514E-02   0.745842E-03   0.272721E-01   0.867560E-03   0.350000E-03
  96   0.122551E-02   0.497005E-03   0.279714E-01   0.113617E-02   0.400000E-03
  97   0.103938E-02  -0.216008E-03   0.294767E-01   0.985904E-03   0.250000E-03
  98   0.837053E-03  -0.251447E-03   0.302182E-01   0.109274E-02   0.450000E-03
  99  -0.177258E-02   0.794208E-03   0.323688E-01   0.245831E-03   0.250000E-03
 100   0.107216E-02   0.347887E-02   0.327068E-01   0.606940E-03   0.250000E-03
 101  -0.180002E-02   0.856725E-03   0.349694E-01   0.106388E-02   0.400000E-03
 102   0.428906E-04  -0.390121E-03   0.368094E-01   0.249443E-03   0.250000E-03
 103  -0.241800E-03   0.101645E-02   0.376468E-01   0.887955E-03   0.250000E-03
 104   0.792512E-03   0.302936E-03   0.385393E-01   0.295580E-03   0.300000E-03
 105   0.108220E-02   0.936652E-03   0.405694E-01   0.244829E-03   0.250000E-03
 106  -0.121124E-02   0.325333E-03   0.431847E-01   0.297004E-03   0.300000E-03
 107   0.247858E-02  -0.213359E-01   0.440565E-01   0.750959E-02   0.350000E-03
 108  -0.489239E-01   0.125027E+00   0.349259E-01   0.790664E-02   0.450000E-03
 109   0.671441E-03  -0.755478E-03   0.244480E-03   0.719388E-03   0.250000E-03
 110  -0.559163E-03   0.134246E-02   0.516114E-03   0.301041E-03   0.250000E-03
 111  -0.179594E-02   0.623867E-03   0.171341E-02   0.527017E-03   0.400000E-03
 112  -0.141261E-02   0.551822E-03   0.302000E-02   0.921664E-03   0.350000E-03
 113  -0.129924E-02  -0.848057E-03   0.587060E-02   0.114122E-02   0.400000E-03
 114  -0.810759E-04  -0.126337E-02   0.707595E-02   0.159497E-02   0.200000E-03
 115   0.743730E-03  -0.104424E-02   0.844020E-02   0.156525E-02   0.350000E-03
 116   0.884688E-03  -0.193795E-02   0.978073E-02   0.132967E-02   0.350000E-03
 117   0.125047E-02  -0.103338E-03   0.112944E-01   0.770186E-03   0.350000E-03
 118   0.189383E-03  -0.397190E-03   0.123285E-01   0.289429E-03   0.300000E-03
 119   0.124140E-02   0.322469E-03   0.142106E-01   0.788129E-03   0.300000E-03
 120   0.130339E-05   0.145773E-02   0.149720E-01   0.612266E-03   0.300000E-03
 121   0.220280E-02  -0.741819E-03   0.165920E-01   0.138045E-02   0.200000E-03
 122   0.245020E-03   0.301599E-03   0.180487E-01   0.943976E-03   0.450000E-03
 123   0.648582E-03   0.558760E-03   0.184885E-01   0.141802E-02   0.200000E-03
 124   0.101733E-02  -0.657248E-03   0.195833E-01   0.127940E-02   0.300000E-03
 125  -0.259399E-03   0.163782E-02   0.207679E-01   0.788536E-03   0.250000E-03
 126   0.508885E-04   0.139852E-03   0.208440E-01   0.132784E-02   0.300000E-03
 127   0.787646E-03  -0.127278E-02   0.226441E-01   0.120486E-02   0.250000E-03
 128   0.105565E-02  -0.867896E-03   0.229841E-01   0.163433E-02   0.300000E-03
 129   0.870545E-03  -0.343332E-03   0.235290E-01   0.170350E-02   0.250000E-03
 130  -0.399683E-04  -0.444030E-03   0.256458E-01   0.696206E-03   0.300000E-03
 131   0.107553E-02  -0.678282E-03   0.262717E-01   0.394298E-03   0.400000E-03
 132  -0.330315E-04   0.717888E-03   0.274876E-01   0.149070E-02   0.200000E-03
 133   0.184009E-02  -0.310857E-03   0.288286E-01   0.961295E-03   0.400000E-03
 134   0.170037E-02  -0.600751E-03   0.311354E-01   0.109309E-02   0.400000E-03
 135  -0.500872E-04  -0.337042E-03   0.319808E-01   0.103103E-02   0.450000E-03
 136   0.240814E-03  -0.806732E-03   0.340434E-01   0.491434E-03   0.400000E-03
 137  -0.234695E-02   0.281460E-02   0.372331E-01   0.763746E-03   0.100000E-03
 138  -0.581163E-04   0.866100E-03   0.374188E-01   0.132714E-02   0.250000E-03
 139   0.688027E-03   0.107838E-02   0.381821E-01   0.771239E-03   0.300000E-03
 140   0.163813E-02   0.497558E-03   0.396820E-01   0.260633E-03   0.250000E-03
 141   0.138878E-02  -0.889251E-04   0.414578E-01   0.253662E-03   0.250000E-03
 142  -0.100630E-02   0.250795E-03   0.419022E-01   0.198576E-03   0.200000E-03
 143  -0.695981E-03  -0.114047E-02   0.439039E-01   0.633528E-02   0.250000E-03
 144  -0.711689E-02   0.152227E-02   0.294444E-01   0.749379E-02   0.300000E-03
 145  -0.506797E-03  -0.723301E-03   0.293311E-03   0.345095E-02   0.300000E-03
 146  -0.467604E-03   0.579172E-03   0.669554E-03   0.145226E-02   0.350000E-03
 147  -0.317686E-03  -0.306643E-02   0.389707E-02   0.849913E-03   0.200000E-03
 148  -0.425545E-03   0.447711E-03   0.514376E-02   0.289180E-03   0.300000E-03
 149  -0.120454E-02  -0.956412E-03   0.605102E-02   0.196952E-02   0.450000E-03
 150  -0.278185E-03  -0.150331E-02   0.745662E-02   0.148379E-02   0.200000E-03
 151   0.393276E-03  -0.143941E-02   0.934041E-02   0.164524E-02   0.200000E-03
 152   0.138455E-02  -0.109596E-02   0.103285E-01   0.137783E-02   0.200000E-03
 153   0.138292E-02   0.415740E-03   0.110534E-01   0.137158E-02   0.300000E-03
 154   0.823572E-03  -0.173203E-03   0.125305E-01   0.948219E-03   0.400000E-03
 155   0.348271E-04   0.122367E-03   0.137218E-01   0.890491E-03   0.200000E-03
 156   0.450088E-03  -0.876370E-03   0.147209E-01   0.126526E-02   0.400000E-03
 157   0.404625E-03   0.506008E-03   0.158528E-01   0.139755E-02   0.400000E-03
 158   0.974530E-03  -0.503554E-03   0.172494E-01   0.185528E-02   0.350000E-03
 159   0.386892E-03   0.272767E-03   0.176662E-01   0.146933E-02   0.200000E-03
 160   0.770853E-03  -0.267389E-03   0.180982E-01   0.164187E-02   0.250000E-03
 161   0.873417E-03   0.310342E-03   0.194894E-01   0.181815E-02   0.250000E-03
 162   0.597111E-03  -0.873049E-03   0.207628E-01   0.181192E-02   0.200000E-03
 163   0.962622E-03   0.183839E-02   0.220157E-01   0.110378E-02   0.350000E-03
 164  -0.890586E-03  -0.352333E-03   0.226561E-01   0.216520E-02   0.300000E-03
 165   0.241320E-03  -0.656386E-03   0.247185E-01   0.151915E-02   0.250000E-03
 166   0.208149E-03   0.332831E-03   0.254602E-01   0.163632E-02   0.250000E-03
 167   0.121937E-02   0.563763E-03   0.265701E-01   0.112614E-02   0.400000E-03
 168   0.813906E-03   0.317211E-03   0.285191E-01   0.153001E-02   0.250000E-03
 169   0.104445E-02   0.366475E-03   0.301378E-01   0.173410E-02   0.200000E-03
 170   0.797146E-03   0.617272E-03   0.307289E-01   0.177767E-02   0.400000E-03
 171   0.895510E-03  -0.973454E-03   0.334734E-01   0.888885E-03   0.300000E-03
 172   0.310509E-03  -0.801068E-04   0.342029E-01   0.128836E-02   0.400000E-03
 173  -0.995147E-03   0.910154E-03   0.356562E-01   0.118541E-02   0.300000E-03
 174  -0.107361E-02   0.369633E-03   0.368886E-01   0.105298E-02   0.350000E-03
 175  -0.539156E-03   0.115307E-02   0.390400E-01   0.891103E-03   0.300000E-03
 176   0.940165E-03   0.936006E-03   0.401002E-01   0.988234E-03   0.200000E-03
 177   0.953337E-03  -0.354880E-02   0.405898E-01   0.788656E-03   0.300000E-03
 178  -0.529831E-03  -0.198563E-03   0.443855E-01   0.145210E-02   0.200000E-03
 179  -0.680559E-03   0.488256E-03   0.426960E-01   0.196701E-03   0.200000E-03
 180  -0.301430E-01   0.136701E-01   0.400693E-01   0.775853E-02   0.300000E-03
 181   0.467596E-03  -0.132977E-02   0.199788E-03   0.116705E-02   0.200000E-03
 182  -0.426259E-03   0.368852E-03   0.133752E-02   0.228058E-02   0.200000E-03
 183  -0.957713E-03  -0.712242E-03   0.319759E-02   0.298164E-03   0.300000E-03
 184   0.987576E-04   0.322260E-03   0.522046E-02   0.161958E-02   0.350000E-03
 185  -0.870856E-03  -0.445439E-03   0.621529E-02   0.264820E-02   0.250000E-03
 186  -0.447088E-03  -0.837410E-03   0.677548E-02   0.187793E-02   0.200000E-03
 187  -0.792494E-04  -0.501478E-03   0.784069E-02   0.179181E-02   0.300000E-03
 188   0.179172E-02   0.840018E-03   0.957531E-02   0.202722E-02   0.250000E-03
 189   0.192536E-02   0.447640E-03   0.115911E-01   0.129077E-02   0.250000E-03
 190  -0.238873E-02  -0.619450E-03   0.118876E-01   0.857901E-03   0.250000E-03
 191   0.100084E-02   0.165753E-02   0.139503E-01   0.127148E-02   0.250000E-03
 192   0.105924E-03  -0.119014E-04   0.142030E-01   0.186668E-02   0.400000E-03
 193   0.850736E-03  -0.244212E-03   0.152397E-01   0.173508E-02   0.300000E-03
 194   0.186588E-02   0.507129E-03   0.164251E-01   0.195459E-02   0.400000E-03
 195   0.606770E-03   0.463459E-04   0.178696E-01   0.208621E-02   0.250000E-03
 196   0.416993E-03  -0.193225E-03   0.190327E-01   0.151244E-02   0.300000E-03
 197   0.552205E-03  -0.232770E-03   0.198666E-01   0.228377E-02   0.350000E-03
 198   0.429342E-03  -0.119390E-02   0.205756E-01   0.227070E-02   0.300000E-03
 199   0.129278E-02   0.656873E-03   0.214102E-01   0.151263E-02   0.300000E-03
 200  -0.994477E-03  -0.679043E-03   0.221571E-01   0.216562E-02   0.200000E-03
 201   0.414160E-03  -0.470252E-03   0.241788E-01   0.158806E-02   0.300000E-03
 202   0.155832E-02   0.120970E-02   0.259214E-01   0.117198E-02   0.250000E-03
 203   0.979798E-03   0.169460E-02   0.264763E-01   0.181193E-02   0.300000E-03
 204   0.936894E-03   0.465052E-06   0.270440E-01   0.156568E-02   0.250000E-03
 205   0.173226E-02   0.707010E-03   0.295563E-01   0.162458E-02   0.400000E-03
 206   0.507418E-03  -0.182884E-03   0.321866E-01   0.180396E-02   0.350000E-03
 207  -0.745310E-04  -0.155266E-03   0.328407E-01   0.128648E-02   0.450000E-03
 208  -0.662602E-03   0.468625E-03   0.335504E-01   0.165350E-02   0.350000E-03
 209  -0.798547E-03   0.902578E-03   0.362502E-01   0.126072E-02   0.300000E-03
 210  -0.122529E-02   0.341101E-03   0.366506E-01   0.154802E-02   0.200000E-03
 211  -0.222860E-03   0.845960E-03   0.370733E-01   0.168502E-02   0.250000E-03
 212   0.859508E-03   0.497909E-03   0.400832E-01   0.591409E-03   0.200000E-03
 213   0.619617E-03   0.414497E-03   0.411221E-01   0.623175E-03   0.250000E-03
 214  -0.354604E-03   0.169489E-02   0.420723E-01   0.559537E-03   0.200000E-03
 215   0.962047E-02  -0.230879E-02   0.441658E-01   0.149943E-03   0.150000E-03
 216   0.346642E-03  -0.159292E-02   0.214940E-01   0.900342E-02   0.400000E-03
 217   0.344490E-03   0.110514E-02   0.140227E-01   0.939728E-02   0.350000E-03
 218  -0.279038E-03   0.257608E-03   0.808977E-03   0.213464E-02   0.350000E-03
 219   0.121586E-02   0.856429E-03   0.354842E-02   0.654136E-03   0.200000E-03
 220  -0.727947E-03  -0.604254E-03   0.451139E-02   0.129831E-02   0.400000E-03
 221   0.802223E-03   0.167710E-02   0.532170E-02   0.220028E-02   0.250000E-03
 222  -0.160303E-03  -0.685549E-03   0.727572E-02   0.210545E-02   0.350000E-03
 223   0.899787E-04  -0.138154E-02   0.895754E-02   0.202909E-02   0.350000E-03
 224   0.188347E-02   0.539427E-03   0.101646E-01   0.191019E-02   0.350000E-03
 225   0.122916E-02   0.575189E-03   0.106365E-01   0.163697E-02   0.200000E-03
 226   0.423659E-03   0.400258E-03   0.120986E-01   0.148593E-02   0.300000E-03
 227  -0.867498E-03  -0.483237E-03   0.129392E-01   0.144449E-02   0.250000E-03
 228   0.103572E-02   0.613742E-03   0.147959E-01   0.180928E-02   0.150000E-03
 229   0.637134E-03   0.576725E-03   0.157815E-01   0.203792E-02   0.250000E-03
 230   0.920584E-03  -0.285187E-03   0.174686E-01   0.246220E-02   0.300000E-03
 231   0.208585E-03  -0.263574E-03   0.182711E-01   0.229033E-02   0.200000E-03
 232   0.524449E-03  -0.504292E-03   0.185813E-01   0.190442E-02   0.300000E-03
 233   0.112562E-02  -0.833331E-04   0.191184E-01   0.235064E-02   0.400000E-03
 234   0.103113E-02  -0.398133E-03   0.211855E-01   0.207655E-02   0.300000E-03
 235  -0.537386E-03   0.873509E-04   0.223448E-01   0.165984E-02   0.300000E-03
 236   0.874081E-03  -0.716724E-03   0.232516E-01   0.217052E-02   0.300000E-03
 237   0.279616E-03  -0.576269E-03   0.238999E-01   0.217194E-02   0.350000E-03
 238   0.123090E-02   0.623597E-05   0.250502E-01   0.181974E-02   0.200000E-03
 239   0.577318E-03   0.802335E-03   0.266352E-01   0.233335E-02   0.250000E-03
 240   0.158585E-02   0.371961E-03   0.289674E-01   0.154129E-02   0.200000E-03
 241   0.855729E-03   0.959435E-03   0.301720E-01   0.227956E-02   0.350000E-03
 242  -0.964207E-03  -0.316900E-03   0.314885E-01   0.175446E-02   0.350000E-03
 243   0.538121E-03   0.908460E-04   0.329238E-01   0.222692E-02   0.500000E-03
 244  -0.837712E-03   0.146204E-02   0.354588E-01   0.199140E-02   0.200000E-03
 245  -0.182827E-02   0.111687E-02   0.349408E-01   0.181029E-02   0.350000E-03
 246  -0.114223E-02   0.167156E-02   0.366143E-01   0.214352E-02   0.400000E-03
 247   0.425855E-03   0.737731E-03   0.380124E-01   0.139778E-02   0.350000E-03
 248   0.691014E-03   0.957261E-03   0.396337E-01   0.808511E-03   0.300000E-03
 249   0.131079E-02   0.688057E-03   0.416389E-01   0.802952E-03   0.300000E-03
 250   0.557138E-03   0.182335E-03   0.437307E-01   0.241384E-03   0.250000E-03
 251  -0.543505E-03  -0.417428E-03   0.446047E-01   0.297546E-02   0.400000E-03
 252  -0.263151E-02   0.326912E-03   0.334939E-01   0.772404E-02   0.350000E-03
 253  -0.121086E-02   0.676595E-03   0.214945E-02   0.749908E-02   0.350000E-03
 254  -0.824770E-03  -0.381102E-03   0.132676E-02   0.116823E-02   0.350000E-03
 255  -0.102016E-02   0.182754E-02   0.220097E-02   0.102539E-02   0.300000E-03
 256  -0.454962E-03   0.673953E-03   0.468006E-02   0.197720E-02   0.300000E-03
 257  -0.487283E-03  -0.529457E-03   0.668509E-02   0.236901E-02   0.300000E-03
 258  -0.929588E-03  -0.107551E-02   0.829666E-02   0.225315E-02   0.350000E-03
 259   0.499878E-03   0.138373E-02   0.906237E-02   0.281793E-02   0.450000E-03
 260   0.132663E-02   0.134968E-02   0.988005E-02   0.260020E-02   0.400000E-03
 261   0.502503E-03  -0.570504E-03   0.116221E-01   0.184283E-02   0.300000E-03
 262  -0.355644E-04  -0.555510E-03   0.122108E-01   0.212393E-02   0.350000E-03
 263   0.221055E-03   0.678399E-04   0.134751E-01   0.169871E-02   0.350000E-03
 264   0.889742E-03   0.219603E-04   0.147769E-01   0.225839E-02   0.300000E-03
 265   0.904976E-03   0.527481E-03   0.165186E-01   0.254724E-02   0.200000E-03
 266   0.547076E-03  -0.441061E-03   0.169281E-01   0.236044E-02   0.250000E-03
 267   0.657270E-03  -0.405581E-05   0.170719E-01   0.283635E-02   0.250000E-03
 268   0.656189E-03   0.294332E-03   0.185414E-01   0.264866E-02   0.250000E-03
 269   0.116404E-02  -0.505181E-03   0.189962E-01   0.298872E-02   0.250000E-03
 270   0.812314E-03  -0.644312E-03   0.195923E-01   0.292729E-02   0.350000E-03
 271  -0.121639E-03  -0.131400E-03   0.218344E-01   0.185303E-02   0.250000E-03
 272  -0.810913E-03  -0.849528E-03   0.222826E-01   0.275149E-02   0.400000E-03
 273   0.338520E-03  -0.117464E-02   0.235118E-01   0.281087E-02   0.400000E-03
 274   0.433996E-03   0.426546E-03   0.256802E-01   0.207509E-02   0.250000E-03
 275   0.150335E-02   0.118787E-02   0.261457E-01   0.224933E-02   0.250000E-03
 276   0.734209E-03  -0.583894E-04   0.273973E-01   0.198259E-02   0.300000E-03
 277   0.175563E-02   0.579838E-03   0.293437E-01   0.218147E-02   0.200000E-03
 278   0.464010E-03  -0.716835E-03   0.317888E-01   0.239006E-02   0.350000E-03
 279   0.805322E-03  -0.455162E-03   0.323200E-01   0.266328E-02   0.250000E-03
 280   0.477190E-03   0.459184E-03   0.343150E-01   0.197903E-02   0.300000E-03
 281  -0.118759E-02   0.139668E-02   0.358853E-01   0.173224E-02   0.300000E-03
 282  -0.213042E-03   0.105201E-02   0.375533E-01   0.180490E-02   0.250000E-03
 283  -0.731658E-04   0.449767E-03   0.385195E-01   0.161308E-02   0.200000E-03
 284   0.254950E-03   0.787404E-03   0.385638E-01   0.116531E-02   0.250000E-03
 285   0.555330E-03  -0.142619E-03   0.410875E-01   0.121617E-02   0.350000E-03
 286  -0.913223E-03   0.146618E-02   0.432191E-01   0.892910E-03   0.300000E-03
 287  -0.853119E-03   0.114262E-02   0.428431E-01   0.122098E-02   0.200000E-03
 288  -0.963713E-01   0.569548E-01   0.556340E-02   0.860186E-02   0.350000E-03
 289  -0.627234E-03  -0.372907E-03   0.248461E-03   0.237455E-02   0.250000E-03
 290   0.274185E-03   0.677079E-03   0.183895E-02   0.156699E-02   0.300000E-03
 291  -0.181093E-02   0.787607E-03   0.253480E-02   0.163362E-02   0.400000E-03
 292  -0.148641E-02   0.727192E-03   0.316365E-02   0.149976E-02   0.250000E-03
 293  -0.102630E-02  -0.666894E-03   0.567055E-02   0.261429E-02   0.300000E-03
 294  -0.114692E-02   0.192683E-02   0.823463E-02   0.299796E-02   0.400000E-03
 295   0.157490E-03   0.827583E-03   0.965535E-02   0.341786E-02   0.400000E-03
 296   0.122281E-02  -0.608247E-03   0.110792E-01   0.191838E-02   0.250000E-03
 297   0.135248E-02   0.510898E-03   0.106580E-01   0.198458E-02   0.150000E-03
 298  -0.187653E-02   0.361754E-03   0.125579E-01   0.168285E-02   0.200000E-03
 299   0.709299E-03  -0.335615E-03   0.138025E-01   0.237391E-02   0.250000E-03
 300   0.941396E-03   0.109744E-02   0.148510E-01   0.274927E-02   0.200000E-03
 301   0.886422E-03   0.696867E-04   0.153582E-01   0.237753E-02   0.300000E-03
 302   0.553994E-03   0.294386E-03   0.169560E-01   0.336987E-02   0.300000E-03
 303   0.400735E-03  -0.430976E-03   0.179585E-01   0.253283E-02   0.200000E-03
 304   0.502975E-03  -0.344477E-03   0.181379E-01   0.294332E-02   0.250000E-03
 305   0.395206E-03  -0.110795E-03   0.193242E-01   0.334896E-02   0.150000E-03
 306   0.177533E-03  -0.614248E-03   0.202865E-01   0.284289E-02   0.350000E-03
 307   0.458829E-03  -0.693153E-03   0.216748E-01   0.232350E-02   0.250000E-03
 308   0.394829E-03   0.108378E-02   0.226312E-01   0.340961E-02   0.350000E-03
 309   0.585928E-03  -0.525493E-03   0.244335E-01   0.268921E-02   0.400000E-03
 310   0.115179E-02  -0.161860E-03   0.250256E-01   0.231808E-02   0.300000E-03
 311   0.483247E-03   0.824768E-03   0.271712E-01   0.258723E-02   0.350000E-03
 312   0.125339E-02   0.465611E-04   0.280369E-01   0.188110E-02   0.350000E-03
 313   0.132593E-02   0.319350E-03   0.296152E-01   0.253393E-02   0.250000E-03
 314   0.530126E-03  -0.381155E-03   0.311439E-01   0.233687E-02   0.300000E-03
 315   0.840779E-03   0.843582E-04   0.334049E-01   0.286235E-02   0.300000E-03
 316   0.890547E-03   0.310116E-03   0.337670E-01   0.232526E-02   0.350000E-03
 317  -0.182112E-02   0.155784E-02   0.350817E-01   0.254477E-02   0.400000E-03
 318  -0.166255E-02   0.140291E-02   0.358696E-01   0.242674E-02   0.400000E-03
 319  -0.438883E-03   0.421449E-03   0.389798E-01   0.143749E-02   0.250000E-03
 320   0.199179E-02  -0.337289E-03   0.398297E-01   0.140706E-02   0.300000E-03
 321   0.173126E-03  -0.198025E-03   0.404271E-01   0.136045E-02   0.300000E-03
 322  -0.884983E-03   0.147119E-02   0.425903E-01   0.734433E-03   0.350000E-03
 323   0.146928E-03  -0.110588E-02   0.439489E-01   0.210858E-02   0.350000E-03
 324  -0.409721E-02   0.462276E-02   0.395970E-01   0.718659E-02   0.250000E-03
 325   0.687407E-04  -0.241914E-02   0.153465E-02   0.770968E-02   0.300000E-03
 326  -0.743157E-03  -0.980010E-03   0.128138E-02   0.176532E-02   0.250000E-03
 327  -0.127504E-02  -0.105407E-02   0.214015E-02   0.226756E-02   0.350000E-03
 328  -0.191219E-02   0.544643E-03   0.380497E-02   0.175009E-02   0.450000E-03
 329  -0.564089E-03   0.449190E-03   0.653567E-02   0.320746E-02   0.400000E-03
 330  -0.391484E-03   0.146757E-02   0.719323E-02   0.279735E-02   0.350000E-03
 331   0.127901E-02  -0.353719E-03   0.774239E-02   0.248244E-02   0.250000E-03
 332   0.107052E-02   0.160328E-03   0.108105E-01   0.256229E-02   0.450000E-03
 333   0.491545E-03  -0.371547E-03   0.116346E-01   0.243936E-02   0.300000E-03
 334  -0.334710E-04   0.433979E-03   0.129244E-01   0.194427E-02   0.250000E-03
 335   0.418528E-03  -0.210986E-03   0.133161E-01   0.227393E-02   0.250000E-03
 336   0.305998E-03   0.659646E-03   0.142959E-01   0.261670E-02   0.300000E-03
 337   0.121092E-02   0.112149E-02   0.159828E-01   0.254559E-02   0.300000E-03
 338   0.989438E-03   0.147686E-03   0.165678E-01   0.375225E-02   0.250000E-03
 339   0.273821E-03  -0.271289E-03   0.175781E-01   0.315849E-02   0.350000E-03
 340   0.102238E-02  -0.245171E-03   0.189134E-01   0.353236E-02   0.300000E-03
 341   0.114740E-03  -0.102854E-02   0.200050E-01   0.342477E-02   0.300000E-03
 342   0.234754E-03  -0.241621E-03   0.205378E-01   0.332910E-02   0.200000E-03
 343   0.498351E-03  -0.107862E-02   0.215935E-01   0.286405E-02   0.300000E-03
 344   0.153725E-02   0.122084E-03   0.237378E-01   0.340957E-02   0.250000E-03
 345   0.107271E-02  -0.347625E-03   0.250438E-01   0.302644E-02   0.300000E-03
 346   0.536615E-03  -0.128800E-03   0.255767E-01   0.265920E-02   0.350000E-03
 347   0.132546E-02   0.513937E-04   0.262906E-01   0.288145E-02   0.400000E-03
 348   0.148891E-02   0.751264E-03   0.288701E-01   0.202811E-02   0.300000E-03
 349   0.139168E-02   0.367472E-03   0.299959E-01   0.285014E-02   0.250000E-03
 350   0.384511E-03   0.499153E-03   0.320601E-01   0.314344E-02   0.300000E-03
 351   0.240051E-03   0.531050E-03   0.327881E-01   0.306285E-02   0.350000E-03
 352   0.347719E-03  -0.244276E-03   0.344952E-01   0.308128E-02   0.400000E-03
 353  -0.171272E-02   0.172070E-02   0.358986E-01   0.302015E-02   0.200000E-03
 354  -0.651402E-03   0.175324E-02   0.372596E-01   0.220848E-02   0.250000E-03
 355   0.484420E-03   0.119734E-02   0.380435E-01   0.204572E-02   0.300000E-03
 356  -0.243772E-03   0.656724E-03   0.393846E-01   0.162796E-02   0.200000E-03
 357   0.594639E-03   0.543807E-03   0.408219E-01   0.180370E-02   0.300000E-03
 358   0.109798E-02  -0.107797E-03   0.416692E-01   0.135005E-02   0.250000E-03
 359   0.379158E-03  -0.162684E-03   0.442668E-01   0.532615E-02   0.250000E-03
 360   0.927611E-03   0.127936E-02   0.448000E-01   0.418481E-02   0.200000E-03
 361  -0.374635E-03  -0.216284E-03   0.668059E-03   0.286785E-02   0.400000E-03
 362  -0.619811E-03  -0.146926E-03   0.146699E-02   0.286532E-02   0.400000E-03
 363  -0.156405E-02  -0.356124E-03   0.313911E-02   0.199888E-02   0.250000E-03
 364   0.273040E-03   0.182742E-02   0.490438E-02   0.255262E-02   0.300000E-03
 365  -0.969213E-03   0.319027E-03   0.583756E-02   0.318323E-02   0.300000E-03
 366  -0.251111E-04  -0.671094E-03   0.615021E-02   0.378809E-02   0.300000E-03
 367   0.720406E-03   0.113890E-02   0.871375E-02   0.336142E-02   0.200000E-03
 368   0.656584E-03   0.547821E-03   0.103015E-01   0.315319E-02   0.300000E-03
 369   0.780671E-03   0.597061E-03   0.118243E-01   0.305756E-02   0.350000E-03
 370   0.562821E-03  -0.312254E-03   0.127699E-01   0.261789E-02   0.400000E-03
 371   0.524460E-03   0.452926E-03   0.137093E-01   0.291251E-02   0.300000E-03
 372   0.597329E-03   0.324886E-03   0.149527E-01   0.333702E-02   0.400000E-03
 373   0.138115E-02   0.123776E-02   0.155357E-01   0.294514E-02   0.300000E-03
 374   0.860079E-03   0.430836E-03   0.162868E-01   0.317188E-02   0.400000E-03
 375   0.699903E-03   0.160336E-03   0.174268E-01   0.394999E-02   0.450000E-03
 376   0.639854E-03  -0.349899E-03   0.185602E-01   0.309740E-02   0.200000E-03
 377   0.483457E-03  -0.129436E-02   0.195025E-01   0.383205E-02   0.350000E-03
 378   0.216240E-03  -0.124330E-02   0.210322E-01   0.265681E-02   0.300000E-03
 379  -0.618547E-03   0.907066E-06   0.211148E-01   0.330148E-02   0.350000E-03
 380   0.201383E-02   0.129141E-02   0.219308E-01   0.341689E-02   0.350000E-03
 381   0.416210E-03   0.137580E-03   0.243341E-01   0.342997E-02   0.350000E-03
 382   0.136688E-02   0.119943E-03   0.266227E-01   0.349037E-02   0.300000E-03
 383   0.892658E-03   0.316449E-03   0.277474E-01   0.240660E-02   0.250000E-03
 384   0.181761E-02   0.715895E-03   0.284137E-01   0.240558E-02   0.300000E-03
 385   0.138841E-02   0.923632E-03   0.290692E-01   0.259358E-02   0.300000E-03
 386  -0.177284E-04   0.624157E-04   0.306660E-01   0.269741E-02   0.300000E-03
 387   0.244144E-03   0.410604E-03   0.324429E-01   0.366286E-02   0.350000E-03
 388   0.998941E-03  -0.791967E-04   0.354190E-01   0.344999E-02   0.450000E-03
 389  -0.146572E-02   0.120585E-02   0.360792E-01   0.337283E-02   0.200000E-03
 390  -0.106841E-02   0.150683E-02   0.364895E-01   0.293014E-02   0.400000E-03
 391  -0.134042E-02   0.114310E-02   0.376986E-01   0.253624E-02   0.300000E-03
 392  -0.304901E-03   0.503424E-03   0.390543E-01   0.193133E-02   0.250000E-03
 393  -0.281571E-03   0.422178E-03   0.396222E-01   0.212161E-02   0.350000E-03
 394   0.188236E-04   0.876273E-04   0.422104E-01   0.126079E-02   0.300000E-03
 395   0.611605E-03  -0.139615E-03   0.438874E-01   0.146438E-02   0.300000E-03
 396  -0.769838E-03  -0.184216E-02   0.443971E-01   0.241773E-02   0.200000E-03
 397  -0.683515E-03  -0.572110E-03   0.973483E-03   0.360597E-02   0.400000E-03
 398   0.544209E-03  -0.248384E-03   0.277399E-02   0.241008E-02   0.300000E-03
 399  -0.152255E-02  -0.257625E-03   0.348841E-02   0.242299E-02   0.300000E-03
 400  -0.114557E-02   0.171102E-02   0.421048E-02   0.249345E-02   0.400000E-03
 401  -0.813786E-03  -0.405760E-03   0.571826E-02   0.403646E-02   0.200000E-03
 402  -0.429979E-03   0.279388E-03   0.722220E-02   0.349360E-02   0.350000E-03
 403   0.137877E-02   0.453834E-03   0.848529E-02   0.374476E-02   0.250000E-03
 404  -0.248704E-03  -0.170047E-03   0.903542E-02   0.374335E-02   0.300000E-03
 405   0.424699E-03   0.592870E-03   0.119158E-01   0.359976E-02   0.200000E-03
 406   0.376026E-03   0.349042E-03   0.125039E-01   0.336945E-02   0.400000E-03
 407   0.996173E-03   0.285149E-03   0.131776E-01   0.318651E-02   0.300000E-03
 408   0.563832E-03   0.251520E-03   0.141641E-01   0.344099E-02   0.400000E-03
 409   0.997070E-03   0.471957E-03   0.156573E-01   0.357826E-02   0.350000E-03
 410   0.764362E-03   0.272808E-03   0.161039E-01   0.404440E-02   0.300000E-03
 411   0.790304E-03   0.567165E-03   0.166481E-01   0.429334E-02   0.300000E-03
 412   0.550737E-03  -0.199480E-03   0.182156E-01   0.358704E-02   0.400000E-03
 413   0.741039E-03  -0.251352E-04   0.201681E-01   0.399868E-02   0.300000E-03
 414  -0.401056E-04  -0.796046E-03   0.207114E-01   0.374173E-02   0.250000E-03
 415   0.493896E-04  -0.530264E-03   0.207469E-01   0.438699E-02   0.400000E-03
 416   0.105505E-02  -0.500150E-03   0.222914E-01   0.407372E-02   0.400000E-03
 417  -0.157888E-04   0.835849E-03   0.232391E-01   0.363185E-02   0.300000E-03
 418   0.882106E-03   0.592667E-04   0.249873E-01   0.367082E-02   0.350000E-03
 419   0.495567E-03   0.503014E-03   0.276494E-01   0.308838E-02   0.350000E-03
 420   0.181348E-02   0.327309E-03   0.282156E-01   0.290866E-02   0.250000E-03
 421   0.100684E-02   0.553753E-03   0.294583E-01   0.311243E-02   0.350000E-03
 422   0.850965E-03   0.470319E-03   0.313163E-01   0.306454E-02   0.450000E-03
 423   0.372471E-03  -0.330704E-03   0.338064E-01   0.336739E-02   0.350000E-03
 424   0.545504E-03   0.186411E-03   0.347301E-01   0.373848E-02   0.300000E-03
 425  -0.181749E-02   0.797896E-03   0.369964E-01   0.340707E-02   0.300000E-03
 426  -0.183963E-02   0.150814E-02   0.371822E-01   0.283716E-02   0.300000E-03
 427   0.820222E-03   0.439083E-03   0.380341E-01   0.312675E-02   0.300000E-03
 428  -0.126329E-02   0.918292E-03   0.385881E-01   0.210801E-02   0.250000E-03
 429   0.416183E-03   0.179756E-03   0.402374E-01   0.192434E-02   0.300000E-03
 430   0.908238E-03  -0.488486E-03   0.419233E-01   0.188922E-02   0.350000E-03
 431  -0.324736E-03  -0.386437E-03   0.426639E-01   0.179226E-02   0.400000E-03
 432  -0.120498E-02  -0.296182E-04   0.432909E-01   0.148550E-02   0.300000E-03
 433  -0.450968E-03  -0.542025E-03   0.347630E-03   0.409592E-02   0.350000E-03
 434   0.393808E-03  -0.339293E-03   0.164614E-02   0.202800E-02   0.200000E-03
 435  -0.137745E-02  -0.411113E-03   0.318345E-02   0.298987E-02   0.350000E-03
 436  -0.138959E-02  -0.207653E-03   0.525555E-02   0.297318E-02   0.250000E-03
 437  -0.731475E-03  -0.194562E-03   0.566657E-02   0.364616E-02   0.200000E-03
 438   0.312614E-03  -0.511171E-03   0.673461E-02   0.391958E-02   0.300000E-03
 439   0.581241E-04   0.428961E-03   0.789444E-02   0.366191E-02   0.350000E-03
 440   0.129736E-02   0.148451E-02   0.108473E-01   0.380361E-02   0.200000E-03
 441   0.128734E-02   0.655151E-03   0.108731E-01   0.330689E-02   0.300000E-03
 442   0.353573E-03   0.357460E-03   0.130357E-01   0.382034E-02   0.300000E-03
 443   0.860906E-03   0.870404E-04   0.135371E-01   0.360050E-02   0.250000E-03
 444   0.487371E-03   0.372661E-03   0.151656E-01   0.400283E-02   0.300000E-03
 445   0.531961E-03   0.381556E-03   0.156116E-01   0.453933E-02   0.400000E-03
 446   0.809953E-03   0.394319E-03   0.162104E-01   0.452884E-02   0.200000E-03
 447   0.569897E-03   0.520357E-03   0.171293E-01   0.463767E-02   0.300000E-03
 448   0.477263E-03   0.127146E-03   0.182089E-01   0.448511E-02   0.500000E-03
 449   0.543847E-03   0.281447E-03   0.191016E-01   0.446287E-02   0.400000E-03
 450   0.514530E-03   0.257796E-03   0.197964E-01   0.446650E-02   0.300000E-03
 451  -0.169022E-03  -0.695444E-03   0.214354E-01   0.397933E-02   0.400000E-03
 452   0.576527E-03   0.215642E-04   0.217999E-01   0.463681E-02   0.350000E-03
 453   0.924697E-03  -0.220820E-03   0.238990E-01   0.397808E-02   0.350000E-03
 454   0.532348E-03   0.254955E-03   0.256101E-01   0.335532E-02   0.350000E-03
 455   0.644791E-03  -0.454185E-03   0.268674E-01   0.304565E-02   0.200000E-03
 456   0.162413E-02   0.466079E-03   0.287560E-01   0.316041E-02   0.350000E-03
 457   0.900324E-03  -0.698766E-04   0.303898E-01   0.322798E-02   0.300000E-03
 458   0.103013E-02   0.182528E-03   0.306737E-01   0.380352E-02   0.350000E-03
 459   0.658688E-03   0.270588E-03   0.317506E-01   0.373384E-02   0.350000E-03
 460   0.521823E-03   0.403988E-03   0.341906E-01   0.382752E-02   0.250000E-03
 461  -0.176806E-02   0.785247E-03   0.364761E-01   0.357901E-02   0.250000E-03
 462  -0.101153E-02   0.425118E-03   0.376550E-01   0.428743E-02   0.300000E-03
 463   0.453519E-03   0.101699E-02   0.382922E-01   0.258826E-02   0.300000E-03
 464  -0.102065E-02   0.606753E-03   0.390296E-01   0.264875E-02   0.450000E-03
 465   0.540112E-03   0.448955E-03   0.407163E-01   0.239059E-02   0.300000E-03
 466  -0.491734E-03  -0.947803E-04   0.411692E-01   0.259798E-02   0.200000E-03
 467  -0.763090E-03   0.159112E-03   0.435609E-01   0.256179E-02   0.250000E-03
 468  -0.141003E-02   0.449839E-03   0.435862E-01   0.384021E-02   0.350000E-03
 469  -0.777179E-03  -0.563859E-03   0.105410E-02   0.445820E-02   0.450000E-03
 470  -0.114150E-02  -0.246464E-03   0.216466E-02   0.291388E-02   0.300000E-03
 471  -0.592145E-03  -0.160933E-03   0.389476E-02   0.322455E-02   0.400000E-03
 472  -0.117287E-02   0.190159E-03   0.460382E-02   0.307167E-02   0.300000E-03
 473  -0.136153E-02  -0.235328E-03   0.506978E-02   0.359347E-02   0.400000E-03
 474  -0.138364E-03   0.656416E-03   0.743850E-02   0.404951E-02   0.250000E-03
 475  -0.438662E-04  -0.251793E-03   0.805757E-02   0.434139E-02   0.350000E-03
 476   0.875670E-04  -0.230707E-04   0.951754E-02   0.410000E-02   0.300000E-03
 477   0.140610E-02   0.587620E-03   0.112769E-01   0.301398E-02   0.200000E-03
 478   0.593428E-03  -0.162529E-03   0.122201E-01   0.405797E-02   0.350000E-03
 479   0.345050E-03   0.362346E-03   0.141649E-01   0.408876E-02   0.250000E-03
 480   0.432478E-03   0.334327E-03   0.146262E-01   0.389734E-02   0.250000E-03
 481   0.335246E-03  -0.857000E-04   0.147576E-01   0.437898E-02   0.250000E-03
 482   0.858616E-03  -0.337892E-03   0.162004E-01   0.512334E-02   0.400000E-03
 483   0.946206E-03  -0.319382E-03   0.168972E-01   0.519053E-02   0.300000E-03
 484   0.701873E-03   0.654663E-03   0.184756E-01   0.523808E-02   0.300000E-03
 485   0.440122E-03  -0.131325E-03   0.194708E-01   0.511423E-02   0.350000E-03
 486   0.166262E-03  -0.602601E-03   0.201064E-01   0.497804E-02   0.300000E-03
 487   0.519111E-03   0.139723E-03   0.211962E-01   0.498293E-02   0.350000E-03
 488   0.541941E-03   0.574447E-04   0.217088E-01   0.517873E-02   0.200000E-03
 489   0.979605E-03  -0.190463E-03   0.244967E-01   0.401147E-02   0.250000E-03
 490   0.100352E-02  -0.145739E-03   0.271561E-01   0.340727E-02   0.250000E-03
 491   0.959032E-03   0.472375E-03   0.281794E-01   0.345710E-02   0.300000E-03
 492   0.112835E-02   0.233743E-03   0.291526E-01   0.379266E-02   0.400000E-03
 493   0.922887E-03   0.741032E-03   0.299061E-01   0.358292E-02   0.300000E-03
 494   0.855397E-03   0.387642E-03   0.312077E-01   0.370363E-02   0.200000E-03
 495   0.493985E-03   0.681670E-03   0.328835E-01   0.398532E-02   0.200000E-03
 496  -0.158391E-02   0.759355E-03   0.359324E-01   0.418711E-02   0.350000E-03
 497  -0.144797E-02   0.391244E-03   0.361025E-01   0.371960E-02   0.150000E-03
 498  -0.229406E-03   0.627370E-03   0.373675E-01   0.381871E-02   0.250000E-03
 499  -0.251931E-03   0.803230E-03   0.375379E-01   0.334936E-02   0.250000E-03
 500  -0.271894E-03   0.134718E-02   0.394110E-01   0.311137E-02   0.150000E-03
 501   0.433905E-03   0.488477E-03   0.401744E-01   0.246917E-02   0.250000E-03
 502  -0.299978E-03  -0.141407E-03   0.413216E-01   0.212734E-02   0.300000E-03
 503  -0.166652E-02  -0.681105E-04   0.429672E-01   0.264101E-02   0.350000E-03
 504  -0.118932E-02  -0.931895E-03   0.432997E-01   0.208325E-02   0.300000E-03
 505  -0.822261E-03  -0.790905E-03   0.164798E-02   0.392919E-02   0.350000E-03
 506  -0.104852E-02  -0.547739E-03   0.186774E-02   0.337488E-02   0.250000E-03
 507  -0.137431E-02  -0.614523E-03   0.333435E-02   0.356958E-02   0.250000E-03
 508  -0.630033E-03  -0.368318E-03   0.438294E-02   0.372497E-02   0.300000E-03
 509  -0.231870E-03   0.133811E-03   0.605461E-02   0.432933E-02   0.250000E-03
 510  -0.295469E-04   0.466922E-03   0.745353E-02   0.459452E-02   0.300000E-03
 511   0.860877E-03  -0.889536E-03   0.870654E-02   0.424517E-02   0.300000E-03
 512   0.477445E-03   0.137614E-02   0.102985E-01   0.380040E-02   0.350000E-03
 513   0.114377E-02   0.360749E-03   0.114117E-01   0.355607E-02   0.300000E-03
 514   0.538761E-03  -0.196436E-03   0.128279E-01   0.448739E-02   0.400000E-03
 515   0.837890E-03   0.272067E-03   0.135753E-01   0.419810E-02   0.350000E-03
 516   0.418168E-03  -0.222299E-04   0.142398E-01   0.468154E-02   0.350000E-03
 517   0.806947E-03   0.307243E-03   0.150696E-01   0.462892E-02   0.150000E-03
 518   0.603589E-03  -0.311939E-03   0.154244E-01   0.531200E-02   0.400000E-03
 519   0.509063E-03   0.224214E-03   0.176026E-01   0.507093E-02   0.350000E-03
 520  -0.115073E-03   0.167696E-03   0.189880E-01   0.554879E-02   0.300000E-03
 521   0.195465E-03  -0.427830E-03   0.199786E-01   0.566517E-02   0.400000E-03
 522   0.799255E-03  -0.321024E-04   0.205341E-01   0.532021E-02   0.250000E-03
 523   0.567367E-03  -0.164490E-03   0.216872E-01   0.562643E-02   0.250000E-03
 524   0.788132E-03  -0.627867E-03   0.229832E-01   0.417320E-02   0.300000E-03
 525   0.781790E-03  -0.495487E-04   0.250501E-01   0.441701E-02   0.400000E-03
 526   0.698923E-03   0.202852E-03   0.255089E-01   0.396154E-02   0.250000E-03
 527   0.690523E-03   0.808744E-03   0.276410E-01   0.373748E-02   0.300000E-03
 528   0.118404E-02   0.570452E-03   0.290374E-01   0.453294E-02   0.350000E-03
 529   0.102637E-02   0.167205E-03   0.303789E-01   0.437404E-02   0.300000E-03
 530   0.682957E-03   0.245923E-03   0.321310E-01   0.405795E-02   0.150000E-03
 531  -0.697632E-03   0.833966E-03   0.330269E-01   0.355830E-02   0.200000E-03
 532   0.811819E-03   0.359721E-03   0.351884E-01   0.426699E-02   0.400000E-03
 533  -0.166474E-02   0.638631E-03   0.368432E-01   0.398462E-02   0.300000E-03
 534   0.294117E-03  -0.290836E-03   0.382300E-01   0.445799E-02   0.300000E-03
 535  -0.759824E-03  -0.118559E-03   0.379165E-01   0.374765E-02   0.300000E-03
 536  -0.420349E-03  -0.242466E-03   0.387152E-01   0.315424E-02   0.150000E-03
 537   0.964424E-03  -0.155533E-03   0.404564E-01   0.275289E-02   0.150000E-03
 538   0.709210E-04   0.172020E-03   0.417688E-01   0.252006E-02   0.300000E-03
 539  -0.711400E-03   0.339581E-03   0.423582E-01   0.241906E-02   0.300000E-03
 540  -0.135116E-02  -0.400825E-03   0.439683E-01   0.284687E-02   0.250000E-03
 541   0.275721E-01  -0.224289E-01   0.455306E-02   0.866654E-02   0.300000E-03
 542  -0.116690E-02  -0.535407E-03   0.258516E-02   0.358969E-02   0.500000E-03
 543  -0.521112E-03  -0.121515E-03   0.376582E-02   0.390891E-02   0.300000E-03
 544  -0.682166E-03  -0.239519E-03   0.420151E-02   0.424390E-02   0.250000E-03
 545  -0.113292E-02  -0.611719E-04   0.530100E-02   0.419846E-02   0.250000E-03
 546   0.445853E-03   0.496253E-03   0.854060E-02   0.497471E-02   0.450000E-03
 547   0.716109E-03  -0.916266E-03   0.918957E-02   0.460007E-02   0.300000E-03
 548  -0.399545E-03  -0.104246E-02   0.973360E-02   0.454741E-02   0.200000E-03
 549   0.844662E-03   0.749759E-05   0.110522E-01   0.436617E-02   0.400000E-03
 550   0.945918E-03  -0.152146E-03   0.116227E-01   0.405841E-02   0.250000E-03
 551   0.886135E-03  -0.837065E-04   0.135027E-01   0.499387E-02   0.450000E-03
 552   0.378913E-03  -0.183537E-03   0.141965E-01   0.537789E-02   0.350000E-03
 553   0.913598E-03   0.198642E-03   0.147917E-01   0.491649E-02   0.250000E-03
 554   0.384224E-03  -0.173372E-03   0.150715E-01   0.585268E-02   0.250000E-03
 555   0.759253E-03  -0.106708E-04   0.159765E-01   0.589006E-02   0.400000E-03
 556   0.101683E-02   0.514876E-03   0.179888E-01   0.558633E-02   0.300000E-03
 557   0.540565E-03   0.272500E-03   0.187328E-01   0.486935E-02   0.150000E-03
 558   0.712380E-03  -0.847494E-04   0.210484E-01   0.571506E-02   0.400000E-03
 559   0.492843E-03  -0.816959E-04   0.224949E-01   0.469058E-02   0.250000E-03
 560   0.777020E-03  -0.194216E-03   0.235707E-01   0.447425E-02   0.250000E-03
 561   0.701298E-03   0.211563E-04   0.257957E-01   0.448638E-02   0.350000E-03
 562   0.573033E-03   0.390043E-03   0.260960E-01   0.385548E-02   0.350000E-03
 563   0.101290E-02   0.523275E-03   0.284213E-01   0.410956E-02   0.400000E-03
 564   0.900746E-03   0.388117E-03   0.284486E-01   0.480838E-02   0.300000E-03
 565   0.112856E-02  -0.255234E-04   0.297497E-01   0.423953E-02   0.350000E-03
 566   0.805205E-03   0.126435E-03   0.312504E-01   0.435646E-02   0.450000E-03
 567   0.304932E-03   0.102460E-02   0.332384E-01   0.327983E-02   0.150000E-03
 568   0.376930E-03   0.348095E-03   0.338483E-01   0.381238E-02   0.100000E-03
 569  -0.184472E-02   0.300639E-03   0.369687E-01   0.451634E-02   0.250000E-03
 570  -0.135025E-03   0.188845E-03   0.378086E-01   0.488369E-02   0.300000E-03
 571  -0.205819E-03  -0.500175E-03   0.384751E-01   0.352942E-02   0.300000E-03
 572   0.633584E-03   0.528404E-03   0.390803E-01   0.341515E-02   0.300000E-03
 573  -0.568680E-04   0.804009E-03   0.397553E-01   0.282233E-02   0.300000E-03
 574  -0.395539E-03   0.625797E-03   0.414317E-01   0.324262E-02   0.500000E-03
 575  -0.474126E-03  -0.354733E-03   0.421411E-01   0.292284E-02   0.250000E-03
 576  -0.790286E-03   0.101197E-02   0.444202E-01   0.385977E-02   0.300000E-03
 577  -0.476060E-03  -0.253397E-03   0.307953E-03   0.474272E-02   0.300000E-03
 578  -0.112717E-02  -0.617825E-03   0.261308E-02   0.443443E-02   0.350000E-03
 579  -0.306517E-04  -0.644112E-03   0.476296E-02   0.445190E-02   0.350000E-03
 580  -0.904296E-03   0.222364E-03   0.540862E-02   0.468616E-02   0.250000E-03
 581   0.177385E-03   0.441587E-03   0.707438E-02   0.421447E-02   0.150000E-03
 582  -0.335467E-03   0.615813E-03   0.789975E-02   0.486708E-02   0.200000E-03
 583   0.242552E-03   0.320505E-03   0.992653E-02   0.495080E-02   0.250000E-03
 584   0.472666E-03   0.552438E-04   0.103169E-01   0.449772E-02   0.350000E-03
 585   0.581789E-03   0.179219E-03   0.106642E-01   0.521532E-02   0.450000E-03
 586   0.834833E-03  -0.281616E-03   0.118207E-01   0.456936E-02   0.300000E-03
 587   0.612358E-03  -0.242711E-03   0.122876E-01   0.474712E-02   0.200000E-03
 588   0.897909E-03   0.132273E-03   0.136429E-01   0.562813E-02   0.200000E-03
 589   0.281324E-03  -0.273793E-03   0.147899E-01   0.544032E-02   0.250000E-03
 590   0.526621E-03  -0.255515E-04   0.154267E-01   0.612804E-02   0.200000E-03
 591   0.680571E-03  -0.331660E-03   0.173190E-01   0.559310E-02   0.250000E-03
 592   0.857430E-03  -0.848849E-04   0.180685E-01   0.617801E-02   0.300000E-03
 593  -0.972055E-03  -0.854870E-03   0.193697E-01   0.601080E-02   0.300000E-03
 594   0.471004E-03  -0.128336E-03   0.204915E-01   0.621190E-02   0.350000E-03
 595   0.611864E-03  -0.282490E-04   0.220991E-01   0.509733E-02   0.200000E-03
 596   0.935142E-03  -0.271455E-03   0.230819E-01   0.481418E-02   0.350000E-03
 597   0.114687E-02  -0.226607E-03   0.242807E-01   0.462034E-02   0.400000E-03
 598   0.483368E-03   0.432410E-03   0.264922E-01   0.442734E-02   0.350000E-03
 599   0.939840E-03   0.599049E-04   0.270386E-01   0.399252E-02   0.350000E-03
 600   0.102187E-02   0.245118E-03   0.297966E-01   0.488620E-02   0.300000E-03
 601   0.949989E-03   0.321797E-03   0.304314E-01   0.501566E-02   0.350000E-03
 602  -0.283039E-04   0.116403E-02   0.308999E-01   0.484293E-02   0.150000E-03
 603   0.451772E-03   0.881471E-04   0.330144E-01   0.451762E-02   0.350000E-03
 604  -0.121673E-03   0.470715E-03   0.334295E-01   0.395548E-02   0.350000E-03
 605  -0.198581E-02   0.411216E-03   0.363827E-01   0.478414E-02   0.400000E-03
 606   0.763327E-03   0.381564E-03   0.385040E-01   0.515540E-02   0.450000E-03
 607  -0.381303E-04   0.197929E-03   0.386046E-01   0.405874E-02   0.250000E-03
 608   0.716493E-03   0.109361E-02   0.396770E-01   0.347386E-02   0.300000E-03
 609   0.438736E-03   0.122750E-02   0.402722E-01   0.321359E-02   0.350000E-03
 610   0.172987E-03  -0.842814E-04   0.408881E-01   0.280562E-02   0.150000E-03
 611  -0.775754E-03   0.534751E-03   0.428167E-01   0.363233E-02   0.450000E-03
 612  -0.921513E-03   0.487436E-03   0.434487E-01   0.314772E-02   0.350000E-03
 613   0.190331E-03  -0.677837E-04   0.103635E-01   0.868759E-02   0.350000E-03
 614  -0.708939E-03  -0.411887E-03   0.313307E-02   0.460279E-02   0.200000E-03
 615  -0.512911E-03  -0.539453E-03   0.367743E-02   0.454971E-02   0.350000E-03
 616  -0.795636E-03   0.432081E-04   0.565910E-02   0.437856E-02   0.150000E-03
 617   0.312392E-03   0.203618E-03   0.660706E-02   0.455192E-02   0.350000E-03
 618   0.486507E-03   0.225195E-03   0.810887E-02   0.558442E-02   0.300000E-03
 619   0.810509E-03   0.653855E-03   0.925634E-02   0.519562E-02   0.300000E-03
 620   0.366451E-03   0.215734E-03   0.983042E-02   0.559106E-02   0.400000E-03
 621   0.926392E-03   0.123563E-04   0.113490E-01   0.540689E-02   0.250000E-03
 622   0.876563E-03  -0.176554E-03   0.113940E-01   0.491360E-02   0.250000E-03
 623   0.577890E-03  -0.154636E-03   0.126134E-01   0.520239E-02   0.350000E-03
 624   0.331036E-03  -0.130658E-03   0.139592E-01   0.587278E-02   0.200000E-03
 625   0.237108E-03  -0.124508E-03   0.144922E-01   0.600551E-02   0.350000E-03
 626   0.820927E-03  -0.367893E-03   0.165842E-01   0.551365E-02   0.150000E-03
 627   0.899154E-03  -0.413371E-03   0.168834E-01   0.568997E-02   0.200000E-03
 628   0.870602E-03  -0.489010E-05   0.174721E-01   0.611613E-02   0.300000E-03
 629   0.630343E-03  -0.436634E-03   0.186589E-01   0.663129E-02   0.450000E-03
 630   0.972449E-03   0.316404E-03   0.217025E-01   0.617576E-02   0.300000E-03
 631   0.739928E-03  -0.643483E-04   0.226010E-01   0.531734E-02   0.350000E-03
 632   0.914527E-03  -0.145377E-03   0.237000E-01   0.500799E-02   0.300000E-03
 633   0.102079E-02  -0.272626E-04   0.245152E-01   0.522405E-02   0.250000E-03
 634   0.819694E-03   0.472667E-03   0.270257E-01   0.454021E-02   0.200000E-03
 635   0.888874E-03   0.480779E-03   0.276670E-01   0.448622E-02   0.450000E-03
 636   0.102013E-02   0.302853E-03   0.292564E-01   0.514341E-02   0.300000E-03
 637   0.968819E-03   0.370063E-03   0.302332E-01   0.563072E-02   0.300000E-03
 638   0.104367E-02  -0.643812E-03   0.321308E-01   0.473907E-02   0.350000E-03
 639   0.647532E-03   0.281441E-03   0.342712E-01   0.478844E-02   0.250000E-03
 640   0.523449E-03   0.461058E-03   0.344900E-01   0.428743E-02   0.300000E-03
 641  -0.178815E-02   0.430187E-03   0.368657E-01   0.528808E-02   0.300000E-03
 642  -0.180460E-02   0.294738E-03   0.372635E-01   0.491219E-02   0.250000E-03
 643   0.309333E-03   0.141863E-02   0.387926E-01   0.451898E-02   0.250000E-03
 644   0.520360E-03   0.149680E-03   0.392784E-01   0.408609E-02   0.400000E-03
 645  -0.105473E-04   0.520313E-03   0.417325E-01   0.387387E-02   0.200000E-03
 646   0.407664E-03  -0.621536E-04   0.407939E-01   0.336751E-02   0.150000E-03
 647  -0.118563E-02  -0.546355E-03   0.425783E-01   0.302818E-02   0.200000E-03
 648  -0.244588E-03   0.519412E-03   0.448026E-01   0.354078E-02   0.200000E-03
 649  -0.928267E-03  -0.170719E-03   0.725125E-03   0.501825E-02   0.200000E-03
 650  -0.980520E-03  -0.217717E-03   0.265461E-02   0.512731E-02   0.350000E-03
 651  -0.716929E-03  -0.575775E-04   0.319844E-02   0.410324E-02   0.300000E-03
 652  -0.227251E-03  -0.369407E-03   0.457376E-02   0.504152E-02   0.200000E-03
 653   0.146077E-03   0.261323E-03   0.653513E-02   0.504369E-02   0.150000E-03
 654   0.132525E-03   0.113227E-03   0.747620E-02   0.529092E-02   0.400000E-03
 655   0.260781E-03   0.142848E-03   0.873682E-02   0.574862E-02   0.350000E-03
 656   0.263597E-03   0.168944E-03   0.929734E-02   0.595981E-02   0.250000E-03
 657   0.540009E-03   0.318502E-03   0.103993E-01   0.599445E-02   0.300000E-03
 658   0.856042E-03  -0.764755E-04   0.119146E-01   0.521144E-02   0.350000E-03
 659   0.848525E-03   0.601506E-04   0.130933E-01   0.555929E-02   0.250000E-03
 660   0.430035E-03  -0.242437E-03   0.135686E-01   0.632658E-02   0.400000E-03
 661   0.362120E-03  -0.123929E-03   0.150058E-01   0.639721E-02   0.300000E-03
 662   0.707777E-03  -0.922868E-04   0.163112E-01   0.650324E-02   0.300000E-03
 663   0.432576E-03   0.223016E-03   0.166118E-01   0.604533E-02   0.250000E-03
 664   0.748686E-03   0.261684E-04   0.177217E-01   0.660310E-02   0.250000E-03
 665   0.887735E-04  -0.927386E-05   0.198610E-01   0.635446E-02   0.300000E-03
 666   0.691353E-03   0.121181E-02   0.211161E-01   0.641077E-02   0.300000E-03
 667   0.814410E-03  -0.504361E-04   0.221965E-01   0.582030E-02   0.300000E-03
 668   0.752872E-03  -0.187961E-04   0.232789E-01   0.543337E-02   0.300000E-03
 669   0.778795E-03   0.898450E-04   0.247426E-01   0.481071E-02   0.100000E-03
 670   0.541121E-03   0.288042E-03   0.262238E-01   0.490270E-02   0.200000E-03
 671   0.922686E-03   0.145326E-03   0.283795E-01   0.530313E-02   0.200000E-03
 672   0.696251E-03   0.346214E-04   0.279778E-01   0.511209E-02   0.250000E-03
 673   0.366362E-03  -0.164442E-03   0.309486E-01   0.547918E-02   0.350000E-03
 674   0.503388E-03  -0.278933E-03   0.315330E-01   0.510050E-02   0.350000E-03
 675   0.436180E-03   0.984716E-04   0.324780E-01   0.425606E-02   0.250000E-03
 676   0.687960E-03   0.361645E-03   0.347701E-01   0.476360E-02   0.250000E-03
 677  -0.183514E-02   0.129391E-03   0.369594E-01   0.598021E-02   0.400000E-03
 678  -0.192257E-02   0.254140E-03   0.374051E-01   0.539034E-02   0.250000E-03
 679  -0.905754E-03  -0.499950E-04   0.390969E-01   0.541901E-02   0.200000E-03
 680  -0.383463E-03   0.881197E-03   0.392591E-01   0.489473E-02   0.350000E-03
 681  -0.465934E-03   0.852567E-03   0.411032E-01   0.391218E-02   0.250000E-03
 682  -0.493994E-03   0.684328E-03   0.421551E-01   0.342125E-02   0.250000E-03
 683  -0.982587E-03   0.124489E-02   0.440322E-01   0.455745E-02   0.500000E-03
 684  -0.125208E-02   0.309310E-03   0.440481E-01   0.339026E-02   0.300000E-03
 685   0.858020E-03  -0.127041E-02   0.348377E-03   0.746566E-02   0.350000E-03
 686  -0.599687E-03  -0.654613E-03   0.331850E-02   0.572065E-02   0.350000E-03
 687  -0.641804E-03  -0.317295E-03   0.330011E-02   0.507346E-02   0.300000E-03
 688   0.842174E-04  -0.485774E-03   0.501883E-02   0.499342E-02   0.250000E-03
 689   0.303549E-03   0.148398E-03   0.704361E-02   0.487820E-02   0.200000E-03
 690   0.145542E-03   0.449226E-03   0.759048E-02   0.602608E-02   0.350000E-03
 691   0.562056E-03   0.410336E-03   0.873614E-02   0.656044E-02   0.350000E-03
 692   0.255920E-03   0.449541E-03   0.984559E-02   0.628904E-02   0.300000E-03
 693   0.496005E-03   0.492483E-03   0.103315E-01   0.653923E-02   0.250000E-03
 694   0.603394E-03   0.319004E-03   0.110441E-01   0.591794E-02   0.350000E-03
 695   0.696113E-03  -0.145107E-03   0.128518E-01   0.610765E-02   0.350000E-03
 696   0.472156E-03  -0.247051E-03   0.145777E-01   0.731573E-02   0.250000E-03
 697   0.254018E-03  -0.121361E-03   0.142846E-01   0.672236E-02   0.400000E-03
 698   0.568077E-03  -0.611144E-04   0.156386E-01   0.668796E-02   0.400000E-03
 699   0.862145E-03  -0.419081E-04   0.170282E-01   0.671750E-02   0.450000E-03
 700   0.526431E-03  -0.262816E-03   0.180377E-01   0.704955E-02   0.300000E-03
 701   0.496255E-03  -0.402835E-03   0.193997E-01   0.673257E-02   0.300000E-03
 702   0.594156E-03  -0.576876E-03   0.202688E-01   0.692349E-02   0.400000E-03
 703   0.776499E-03   0.330287E-05   0.228828E-01   0.600968E-02   0.400000E-03
 704   0.109058E-02   0.211060E-04   0.240127E-01   0.563125E-02   0.400000E-03
 705   0.774150E-03   0.854466E-04   0.249872E-01   0.506323E-02   0.250000E-03
 706   0.807129E-03   0.145311E-03   0.258135E-01   0.508411E-02   0.250000E-03
 707   0.801924E-03   0.129611E-03   0.268354E-01   0.510624E-02   0.400000E-03
 708   0.948470E-03   0.336514E-03   0.297240E-01   0.542969E-02   0.250000E-03
 709   0.105207E-02  -0.119282E-03   0.320502E-01   0.528185E-02   0.200000E-03
 710   0.455878E-04   0.745197E-03   0.326680E-01   0.500599E-02   0.250000E-03
 711   0.983481E-04   0.142822E-04   0.337064E-01   0.459546E-02   0.350000E-03
 712   0.579951E-03   0.184473E-03   0.350919E-01   0.520947E-02   0.300000E-03
 713  -0.197696E-02   0.146831E-03   0.381482E-01   0.635925E-02   0.350000E-03
 714  -0.195076E-02   0.244170E-03   0.379180E-01   0.569889E-02   0.350000E-03
 715  -0.182212E-03  -0.702790E-03   0.388358E-01   0.564957E-02   0.150000E-03
 716   0.609157E-03   0.255105E-03   0.397396E-01   0.454333E-02   0.250000E-03
 717   0.442854E-03   0.959442E-03   0.400794E-01   0.367464E-02   0.150000E-03
 718  -0.453143E-03   0.340863E-03   0.421800E-01   0.391962E-02   0.250000E-03
 719  -0.163719E-02   0.321169E-03   0.448015E-01   0.547871E-02   0.200000E-03
 720   0.245505E-02  -0.817309E-03   0.433760E-01   0.733932E-02   0.350000E-03
 721  -0.104785E-02  -0.665542E-03   0.215366E-02   0.413928E-02   0.200000E-03
 722  -0.731471E-03  -0.275651E-03   0.201433E-02   0.522673E-02   0.300000E-03
 723  -0.353922E-03  -0.551222E-03   0.424287E-02   0.474195E-02   0.250000E-03
 724  -0.263381E-03   0.533266E-03   0.598964E-02   0.497539E-02   0.400000E-03
 725   0.499094E-03  -0.449599E-03   0.690807E-02   0.520040E-02   0.150000E-03
 726   0.163966E-03  -0.832765E-04   0.652142E-02   0.559075E-02   0.400000E-03
 727   0.616802E-03   0.466999E-03   0.822192E-02   0.617209E-02   0.300000E-03
 728   0.291762E-03   0.471085E-03   0.932460E-02   0.645716E-02   0.250000E-03
 729  -0.265822E-03  -0.146915E-03   0.968859E-02   0.686857E-02   0.300000E-03
 730   0.375745E-03   0.136296E-03   0.123232E-01   0.572447E-02   0.250000E-03
 731   0.500221E-03  -0.198796E-03   0.121516E-01   0.629695E-02   0.350000E-03
 732   0.323295E-03  -0.153328E-03   0.130442E-01   0.670886E-02   0.250000E-03
 733   0.359295E-03  -0.627582E-04   0.148984E-01   0.693471E-02   0.250000E-03
 734   0.731975E-03  -0.449679E-03   0.161627E-01   0.698043E-02   0.200000E-03
 735   0.674208E-03  -0.381249E-03   0.174788E-01   0.737634E-02   0.350000E-03
 736   0.502664E-03  -0.499276E-03   0.189816E-01   0.741626E-02   0.400000E-03
 737   0.441397E-03  -0.471911E-03   0.196629E-01   0.727040E-02   0.300000E-03
 738   0.409905E-03   0.359288E-03   0.213380E-01   0.707380E-02   0.400000E-03
 739   0.756837E-03  -0.254195E-04   0.222863E-01   0.646221E-02   0.350000E-03
 740   0.954295E-03   0.496368E-04   0.235928E-01   0.624989E-02   0.350000E-03
 741   0.103892E-02   0.103815E-03   0.246917E-01   0.568822E-02   0.250000E-03
 742   0.462110E-03   0.289665E-03   0.262364E-01   0.535111E-02   0.250000E-03
 743   0.822448E-03   0.133353E-03   0.274814E-01   0.515921E-02   0.250000E-03
 744  -0.683731E-04   0.355076E-03   0.287638E-01   0.520394E-02   0.200000E-03
 745   0.485279E-03   0.386687E-03   0.315499E-01   0.569747E-02   0.250000E-03
 746   0.704061E-03  -0.637182E-03   0.327856E-01   0.559338E-02   0.350000E-03
 747   0.651751E-03  -0.570318E-03   0.332371E-01   0.512702E-02   0.300000E-03
 748   0.549125E-03   0.166443E-03   0.356392E-01   0.486211E-02   0.350000E-03
 749  -0.191100E-02   0.427720E-03   0.363000E-01   0.547704E-02   0.300000E-03
 750  -0.179787E-02   0.286578E-03   0.384960E-01   0.585935E-02   0.250000E-03
 751   0.800851E-03   0.262312E-03   0.391608E-01   0.595400E-02   0.300000E-03
 752   0.282226E-03   0.569088E-03   0.401945E-01   0.424341E-02   0.300000E-03
 753  -0.926523E-03   0.197353E-02   0.407514E-01   0.307099E-02   0.150000E-03
 754  -0.451061E-03   0.353437E-03   0.418958E-01   0.419898E-02   0.150000E-03
 755  -0.580861E-03   0.201454E-03   0.425398E-01   0.416286E-02   0.150000E-03
 756   0.115046E-03  -0.748814E-03   0.431119E-01   0.674423E-02   0.300000E-03
 757  -0.895172E-03  -0.767621E-03   0.185076E-02   0.459814E-02   0.350000E-03
 758  -0.448397E-03  -0.176754E-03   0.401306E-02   0.580099E-02   0.350000E-03
 759  -0.504397E-03  -0.296310E-03   0.389188E-02   0.516351E-02   0.300000E-03
 760  -0.243337E-03  -0.884171E-04   0.472488E-02   0.569480E-02   0.300000E-03
 761   0.376093E-03  -0.147509E-03   0.540063E-02   0.551341E-02   0.400000E-03
 762   0.288001E-03  -0.188863E-03   0.592570E-02   0.604327E-02   0.350000E-03
 763   0.355234E-03   0.367726E-03   0.689272E-02   0.629663E-02   0.400000E-03
 764   0.328844E-03   0.698637E-03   0.815374E-02   0.684754E-02   0.300000E-03
 765   0.307107E-03  -0.139561E-03   0.114733E-01   0.646549E-02   0.350000E-03
 766   0.754160E-03   0.117944E-04   0.117038E-01   0.582606E-02   0.300000E-03
 767   0.690345E-03  -0.832783E-04   0.126087E-01   0.659973E-02   0.200000E-03
 768   0.607541E-03   0.835693E-04   0.136599E-01   0.696930E-02   0.250000E-03
 769   0.283868E-03  -0.138190E-03   0.151959E-01   0.745437E-02   0.350000E-03
 770   0.514240E-03  -0.204933E-03   0.157793E-01   0.732042E-02   0.250000E-03
 771   0.774276E-03  -0.536348E-04   0.164964E-01   0.685719E-02   0.100000E-03
 772   0.331407E-03  -0.510056E-03   0.183394E-01   0.750643E-02   0.250000E-03
 773   0.670080E-03  -0.693796E-04   0.200109E-01   0.787567E-02   0.400000E-03
 774   0.993720E-03  -0.469192E-04   0.207297E-01   0.751085E-02   0.350000E-03
 775   0.846125E-03   0.214356E-03   0.231195E-01   0.661402E-02   0.250000E-03
 776   0.105169E-02   0.656479E-04   0.247146E-01   0.613501E-02   0.200000E-03
 777   0.798384E-03   0.689910E-04   0.254050E-01   0.489857E-02   0.200000E-03
 778   0.843120E-03   0.904734E-04   0.258260E-01   0.553138E-02   0.200000E-03
 779   0.840346E-03   0.374021E-03   0.275144E-01   0.570590E-02   0.300000E-03
 780   0.102730E-02   0.275552E-03   0.292476E-01   0.579233E-02   0.350000E-03
 781   0.392789E-03  -0.128021E-03   0.306334E-01   0.592868E-02   0.200000E-03
 782   0.112073E-02   0.417963E-03   0.320920E-01   0.577869E-02   0.300000E-03
 783  -0.804285E-04  -0.772354E-03   0.338697E-01   0.527454E-02   0.350000E-03
 784   0.265258E-03  -0.789467E-03   0.344151E-01   0.521159E-02   0.200000E-03
 785   0.449290E-03   0.148499E-03   0.356562E-01   0.556026E-02   0.350000E-03
 786  -0.120463E-04   0.745221E-03   0.375737E-01   0.619035E-02   0.250000E-03
 787  -0.120138E-02  -0.449021E-03   0.397240E-01   0.615432E-02   0.300000E-03
 788  -0.114821E-03   0.540163E-04   0.396367E-01   0.551028E-02   0.350000E-03
 789   0.487672E-04   0.845282E-03   0.405729E-01   0.378120E-02   0.300000E-03
 790  -0.683504E-03   0.451114E-03   0.414633E-01   0.431447E-02   0.300000E-03
 791  -0.788905E-03   0.294914E-03   0.431290E-01   0.436807E-02   0.350000E-03
 792  -0.152899E-02   0.421434E-03   0.438903E-01   0.519158E-02   0.150000E-03
 793  -0.120046E-02  -0.821075E-03   0.283628E-02   0.559138E-02   0.150000E-03
 794  -0.476310E-03  -0.106163E-02   0.241121E-02   0.555953E-02   0.150000E-03
 795  -0.372080E-03  -0.235408E-03   0.434735E-02   0.536753E-02   0.200000E-03
 796  -0.605047E-03   0.306646E-03   0.264897E-02   0.659222E-02   0.300000E-03
 797   0.704182E-04   0.392577E-03   0.450414E-02   0.636693E-02   0.400000E-03
 798   0.180069E-03   0.382296E-03   0.517664E-02   0.617456E-02   0.300000E-03
 799   0.395718E-04   0.655005E-03   0.751714E-02   0.671868E-02   0.350000E-03
 800   0.712528E-03   0.137751E-02   0.880546E-02   0.715508E-02   0.250000E-03
 801   0.564472E-03   0.448348E-03   0.107388E-01   0.682672E-02   0.250000E-03
 802   0.125799E-03   0.275506E-03   0.112067E-01   0.700254E-02   0.250000E-03
 803   0.484125E-03  -0.474568E-04   0.119278E-01   0.685294E-02   0.250000E-03
 804   0.657969E-03   0.748751E-04   0.131822E-01   0.724119E-02   0.300000E-03
 805   0.282389E-03  -0.276306E-03   0.140321E-01   0.737347E-02   0.300000E-03
 806   0.748163E-03  -0.101154E-02   0.156866E-01   0.776021E-02   0.200000E-03
 807   0.596917E-03  -0.465332E-03   0.178883E-01   0.781345E-02   0.250000E-03
 808   0.535271E-03  -0.488774E-03   0.189993E-01   0.826461E-02   0.450000E-03
 809   0.726040E-03  -0.121860E-03   0.213119E-01   0.779571E-02   0.300000E-03
 810   0.626057E-03   0.331510E-03   0.220370E-01   0.706070E-02   0.300000E-03
 811   0.962485E-03  -0.358466E-03   0.236082E-01   0.689786E-02   0.300000E-03
 812   0.111555E-02   0.496239E-04   0.242410E-01   0.629219E-02   0.300000E-03
 813   0.487758E-03   0.168498E-03   0.252812E-01   0.558594E-02   0.350000E-03
 814   0.546980E-03   0.360509E-03   0.270154E-01   0.567826E-02   0.200000E-03
 815   0.903847E-03   0.314787E-03   0.285051E-01   0.588736E-02   0.400000E-03
 816   0.527652E-03   0.214144E-03   0.311926E-01   0.597005E-02   0.200000E-03
 817   0.102891E-02  -0.296020E-03   0.301822E-01   0.622688E-02   0.300000E-03
 818   0.761405E-03   0.107419E-03   0.325283E-01   0.618759E-02   0.300000E-03
 819   0.297469E-03  -0.742053E-03   0.334179E-01   0.574023E-02   0.300000E-03
 820   0.816325E-03   0.103238E-03   0.346745E-01   0.563586E-02   0.300000E-03
 821  -0.194508E-02   0.691332E-03   0.361698E-01   0.605966E-02   0.300000E-03
 822   0.701860E-03   0.817731E-04   0.378058E-01   0.691170E-02   0.300000E-03
 823   0.123138E-02  -0.968921E-04   0.387449E-01   0.631180E-02   0.250000E-03
 824   0.206613E-03  -0.394866E-03   0.408197E-01   0.558164E-02   0.350000E-03
 825   0.302406E-03  -0.293729E-03   0.402599E-01   0.501068E-02   0.450000E-03
 826   0.715463E-03  -0.938713E-03   0.408172E-01   0.443851E-02   0.350000E-03
 827  -0.455250E-03   0.522246E-04   0.422322E-01   0.441627E-02   0.250000E-03
 828  -0.620013E-02   0.549220E-02   0.402876E-01   0.694711E-02   0.350000E-03
 829  -0.181399E-02   0.217148E-03   0.262865E-02   0.598972E-02   0.300000E-03
 830  -0.474903E-03  -0.356881E-03   0.298163E-03   0.534108E-02   0.300000E-03
 831  -0.495639E-03  -0.503106E-03   0.310769E-03   0.584031E-02   0.200000E-03
 832  -0.107207E-02   0.680717E-03   0.309687E-02   0.627641E-02   0.250000E-03
 833  -0.119289E-02   0.418236E-03   0.329235E-02   0.678963E-02   0.300000E-03
 834   0.303047E-03   0.505146E-03   0.507857E-02   0.676607E-02   0.300000E-03
 835   0.647313E-04   0.498647E-03   0.576535E-02   0.693212E-02   0.300000E-03
 836   0.117778E-03   0.120379E-02   0.760069E-02   0.741074E-02   0.350000E-03
 837   0.534297E-03   0.404424E-03   0.107506E-01   0.637922E-02   0.200000E-03
 838   0.389850E-03   0.647365E-04   0.116925E-01   0.740404E-02   0.350000E-03
 839   0.680534E-03   0.753066E-04   0.124852E-01   0.718567E-02   0.400000E-03
 840   0.293503E-03  -0.453330E-03   0.140956E-01   0.796963E-02   0.300000E-03
 841   0.460339E-03  -0.292923E-03   0.146844E-01   0.785442E-02   0.300000E-03
 842   0.319091E-03  -0.143086E-03   0.169317E-01   0.772189E-02   0.300000E-03
 843   0.308907E-03  -0.576187E-03   0.183499E-01   0.800427E-02   0.250000E-03
 844   0.680813E-03  -0.110781E-03   0.197090E-01   0.850671E-02   0.300000E-03
 845   0.107693E-02   0.165904E-03   0.206828E-01   0.820773E-02   0.350000E-03
 846   0.810340E-03  -0.140872E-03   0.218065E-01   0.755888E-02   0.250000E-03
 847   0.894148E-03  -0.318646E-03   0.230693E-01   0.716053E-02   0.300000E-03
 848   0.109485E-02  -0.343236E-03   0.243018E-01   0.698826E-02   0.400000E-03
 849   0.763558E-03  -0.402060E-04   0.252382E-01   0.629937E-02   0.350000E-03
 850   0.653167E-03   0.484437E-03   0.265772E-01   0.564388E-02   0.200000E-03
 851   0.813792E-03  -0.972502E-04   0.264187E-01   0.611475E-02   0.300000E-03
 852   0.857841E-03  -0.201618E-03   0.298235E-01   0.581646E-02   0.150000E-03
 853   0.159436E-02   0.917525E-03   0.316384E-01   0.628975E-02   0.350000E-03
 854   0.874118E-03   0.497436E-03   0.327141E-01   0.680622E-02   0.350000E-03
 855  -0.107539E-03  -0.932462E-05   0.331233E-01   0.626242E-02   0.300000E-03
 856   0.269535E-03   0.454849E-03   0.340771E-01   0.599381E-02   0.400000E-03
 857   0.685197E-03  -0.921502E-04   0.351658E-01   0.605805E-02   0.350000E-03
 858  -0.179482E-02   0.635618E-03   0.365347E-01   0.653475E-02   0.300000E-03
 859   0.986153E-03  -0.115107E-02   0.392823E-01   0.648857E-02   0.250000E-03
 860  -0.571192E-03  -0.174559E-03   0.402130E-01   0.580731E-02   0.300000E-03
 861  -0.298243E-03  -0.444597E-03   0.415180E-01   0.559398E-02   0.350000E-03
 862   0.319126E-03  -0.954911E-03   0.409995E-01   0.501001E-02   0.250000E-03
 863   0.453588E-03  -0.800384E-05   0.432918E-01   0.515062E-02   0.450000E-03
 864  -0.114667E-02  -0.941189E-03   0.445525E-01   0.607805E-02   0.450000E-03
 865  -0.734731E-03  -0.273040E-03   0.136696E-02   0.518773E-02   0.350000E-03
 866  -0.740107E-03  -0.251478E-03   0.170637E-02   0.561828E-02   0.200000E-03
 867  -0.129710E-02   0.100803E-03   0.202818E-02   0.640805E-02   0.350000E-03
 868  -0.291488E-03  -0.416319E-03   0.373648E-02   0.638800E-02   0.300000E-03
 869  -0.963734E-03   0.178856E-02   0.338372E-02   0.733026E-02   0.250000E-03
 870   0.559286E-03   0.217933E-03   0.626261E-02   0.659742E-02   0.300000E-03
 871   0.331912E-03   0.560306E-03   0.692902E-02   0.699495E-02   0.300000E-03
 872   0.327308E-03   0.248836E-03   0.918104E-02   0.688191E-02   0.200000E-03
 873   0.517327E-03   0.178957E-03   0.102495E-01   0.708100E-02   0.300000E-03
 874   0.315475E-03   0.359803E-03   0.116401E-01   0.805522E-02   0.300000E-03
 875   0.599513E-03   0.243293E-03   0.121913E-01   0.781967E-02   0.300000E-03
 876   0.329844E-03  -0.276694E-03   0.135450E-01   0.771793E-02   0.300000E-03
 877   0.480374E-03  -0.476163E-03   0.146716E-01   0.845353E-02   0.300000E-03
 878   0.767228E-03  -0.690362E-04   0.162913E-01   0.762962E-02   0.350000E-03
 879   0.553099E-03  -0.462719E-03   0.174170E-01   0.797948E-02   0.250000E-03
 880   0.542242E-03  -0.483655E-03   0.176877E-01   0.845736E-02   0.300000E-03
 881   0.620575E-03  -0.216113E-03   0.217589E-01   0.819527E-02   0.300000E-03
 882  -0.203460E-03  -0.501267E-04   0.225357E-01   0.728971E-02   0.250000E-03
 883   0.113846E-02   0.153076E-03   0.227285E-01   0.669268E-02   0.150000E-03
 884   0.102954E-02  -0.200812E-03   0.237784E-01   0.752406E-02   0.350000E-03
 885   0.130409E-02   0.262177E-04   0.256655E-01   0.740902E-02   0.400000E-03
 886   0.844872E-03  -0.334662E-04   0.258267E-01   0.602849E-02   0.300000E-03
 887   0.100975E-02   0.154713E-03   0.282065E-01   0.657254E-02   0.350000E-03
 888   0.589105E-03  -0.109532E-03   0.295051E-01   0.654701E-02   0.450000E-03
 889   0.510154E-03   0.209574E-03   0.308691E-01   0.653311E-02   0.450000E-03
 890   0.811826E-03   0.463933E-03   0.321552E-01   0.659135E-02   0.250000E-03
 891   0.412955E-03   0.168098E-03   0.336664E-01   0.661912E-02   0.350000E-03
 892   0.693645E-03  -0.233196E-03   0.346247E-01   0.657612E-02   0.400000E-03
 893  -0.176539E-02   0.456457E-03   0.356993E-01   0.642703E-02   0.300000E-03
 894  -0.146028E-02   0.676555E-03   0.385738E-01   0.678115E-02   0.250000E-03
 895  -0.242145E-03   0.192540E-02   0.390791E-01   0.699778E-02   0.300000E-03
 896  -0.133914E-03  -0.361475E-02   0.419235E-01   0.697243E-02   0.300000E-03
 897  -0.118555E-02  -0.953278E-03   0.424757E-01   0.662499E-02   0.350000E-03
 898  -0.240747E-03   0.110736E-03   0.426366E-01   0.461177E-02   0.200000E-03
 899  -0.149536E-02   0.142403E-03   0.424965E-01   0.521283E-02   0.350000E-03
 900   0.167330E-03  -0.325507E-03   0.438288E-01   0.573956E-02   0.350000E-03
 901  -0.707772E-03  -0.261169E-03   0.128942E-02   0.577999E-02   0.250000E-03
 902  -0.133191E-02   0.230786E-02   0.309883E-02   0.774049E-02   0.250000E-03
 903  -0.120724E-02  -0.513501E-03   0.210757E-02   0.581508E-02   0.250000E-03
 904  -0.192532E-04   0.285280E-02   0.279288E-02   0.722434E-02   0.350000E-03
 905   0.701208E-04   0.395801E-03   0.403573E-02   0.707532E-02   0.450000E-03
 906   0.617025E-03   0.368649E-03   0.588766E-02   0.746816E-02   0.250000E-03
 907  -0.546357E-04   0.230780E-03   0.557941E-02   0.646891E-02   0.200000E-03
 908   0.648490E-03   0.460060E-03   0.883278E-02   0.770355E-02   0.300000E-03
 909   0.442850E-03   0.612450E-03   0.932317E-02   0.735848E-02   0.300000E-03
 910   0.524808E-03   0.687838E-03   0.100507E-01   0.811797E-02   0.300000E-03
 911   0.164814E-03   0.230335E-03   0.111945E-01   0.773603E-02   0.250000E-03
 912  -0.747184E-04  -0.689661E-03   0.152271E-01   0.874245E-02   0.250000E-03
 913   0.232245E-03  -0.468972E-03   0.152955E-01   0.814667E-02   0.350000E-03
 914   0.994069E-03  -0.156956E-02   0.160568E-01   0.839391E-02   0.450000E-03
 915   0.347902E-03  -0.360213E-03   0.169300E-01   0.842148E-02   0.400000E-03
 916   0.703708E-03  -0.105325E-03   0.202735E-01   0.871090E-02   0.300000E-03
 917   0.175592E-03   0.388272E-03   0.198678E-01   0.915279E-02   0.300000E-03
 918   0.659483E-03  -0.231972E-03   0.223202E-01   0.786808E-02   0.350000E-03
 919   0.876618E-03   0.142224E-03   0.230167E-01   0.780742E-02   0.350000E-03
 920   0.626667E-03  -0.161720E-03   0.246929E-01   0.648368E-02   0.150000E-03
 921   0.177155E-02   0.162446E-03   0.231812E-01   0.854790E-02   0.350000E-03
 922   0.820446E-03  -0.115134E-03   0.258294E-01   0.667748E-02   0.350000E-03
 923   0.797350E-03   0.511850E-04   0.275430E-01   0.635359E-02   0.350000E-03
 924   0.179710E-03   0.757457E-04   0.288013E-01   0.710694E-02   0.450000E-03
 925   0.436852E-03  -0.167694E-03   0.310487E-01   0.731173E-02   0.350000E-03
 926   0.171234E-02  -0.258514E-03   0.315785E-01   0.693552E-02   0.300000E-03
 927   0.319903E-03   0.945882E-03   0.335851E-01   0.716225E-02   0.200000E-03
 928   0.312064E-03   0.150490E-02   0.341198E-01   0.649184E-02   0.100000E-03
 929  -0.179432E-02   0.123932E-03   0.371942E-01   0.669197E-02   0.350000E-03
 930  -0.704900E-03  -0.241894E-03   0.412183E-01   0.665044E-02   0.300000E-03
 931  -0.193090E-03  -0.624649E-03   0.411907E-01   0.609140E-02   0.250000E-03
 932  -0.124914E-02  -0.213802E-02   0.397364E-01   0.670187E-02   0.250000E-03
 933  -0.350255E-03  -0.507558E-03   0.418123E-01   0.628124E-02   0.400000E-03
 934  -0.426547E-03  -0.120874E-03   0.412700E-01   0.471799E-02   0.150000E-03
 935  -0.690686E-03   0.420393E-03   0.418130E-01   0.491172E-02   0.400000E-03
 936   0.845502E-03  -0.705193E-03   0.433722E-01   0.620253E-02   0.300000E-03
 937   0.230525E-03  -0.111746E-02   0.102764E-02   0.730319E-02   0.350000E-03
 938  -0.134129E-03  -0.596154E-03   0.295975E-03   0.634065E-02   0.300000E-03
 939  -0.642581E-03   0.222365E-02   0.373392E-02   0.781598E-02   0.350000E-03
 940  -0.567116E-03  -0.315049E-03   0.790481E-03   0.600711E-02   0.300000E-03
 941  -0.873921E-03  -0.600755E-03   0.165793E-02   0.700078E-02   0.350000E-03
 942   0.101686E-04   0.330382E-03   0.458663E-02   0.784896E-02   0.500000E-03
 943   0.552560E-03   0.326764E-05   0.529436E-02   0.737892E-02   0.350000E-03
 944   0.943052E-03   0.261074E-02   0.636087E-02   0.718767E-02   0.300000E-03
 945   0.560205E-03   0.634388E-03   0.107841E-01   0.737178E-02   0.300000E-03
 946   0.484619E-03   0.642278E-03   0.979971E-02   0.762898E-02   0.250000E-03
 947  -0.103641E-03  -0.305221E-04   0.128919E-01   0.808468E-02   0.450000E-03
 948  -0.910815E-04  -0.343538E-04   0.124958E-01   0.866105E-02   0.250000E-03
 949   0.114324E-03  -0.243992E-04   0.156860E-01   0.904527E-02   0.300000E-03
 950   0.209320E-03  -0.124098E-03   0.139404E-01   0.865193E-02   0.400000E-03
 951   0.648480E-03  -0.117039E-02   0.165167E-01   0.898606E-02   0.300000E-03
 952   0.283698E-03  -0.500838E-03   0.182366E-01   0.848959E-02   0.250000E-03
 953   0.113119E-02   0.320849E-03   0.208451E-01   0.878503E-02   0.250000E-03
 954   0.101081E-02   0.326087E-03   0.223522E-01   0.873148E-02   0.500000E-03
 955   0.152972E-02   0.473115E-03   0.235519E-01   0.807764E-02   0.250000E-03
 956   0.934137E-03  -0.403236E-04   0.250253E-01   0.729885E-02   0.250000E-03
 957   0.927565E-03  -0.985062E-04   0.267626E-01   0.767905E-02   0.350000E-03
 958   0.962404E-03  -0.372322E-04   0.264012E-01   0.708016E-02   0.350000E-03
 959   0.907834E-03   0.239876E-04   0.268788E-01   0.656915E-02   0.350000E-03
 960   0.668510E-03  -0.161917E-02   0.302120E-01   0.677493E-02   0.250000E-03
 961   0.163544E-02  -0.117273E-03   0.320551E-01   0.797159E-02   0.400000E-03
 962   0.127449E-02   0.113590E-03   0.316196E-01   0.748874E-02   0.250000E-03
 963   0.243598E-03   0.315478E-03   0.332397E-01   0.696217E-02   0.200000E-03
 964   0.135822E-02   0.652898E-04   0.352708E-01   0.684497E-02   0.300000E-03
 965  -0.166989E-02   0.553751E-03   0.360719E-01   0.683085E-02   0.250000E-03
 966  -0.120137E-02   0.268730E-02   0.366630E-01   0.722239E-02   0.400000E-03
 967  -0.888753E-03  -0.317085E-03   0.406474E-01   0.634137E-02   0.350000E-03
 968  -0.564599E-03  -0.266401E-03   0.401590E-01   0.625347E-02   0.150000E-03
 969   0.773079E-03   0.345851E-03   0.447506E-01   0.716078E-02   0.250000E-03
 970  -0.844885E-03  -0.755379E-03   0.442576E-01   0.681971E-02   0.350000E-03
 971  -0.217735E-02  -0.201937E-02   0.427324E-01   0.592123E-02   0.400000E-03
 972  -0.107818E-02  -0.779030E-03   0.436605E-01   0.677050E-02   0.250000E-03
 973  -0.554046E-03  -0.377804E-03   0.833682E-03   0.545914E-02   0.250000E-03
 974  -0.971116E-03   0.118514E-02   0.402187E-02   0.834188E-02   0.250000E-03
 975  -0.689030E-03   0.123663E-03   0.132968E-02   0.637743E-02   0.350000E-03
 976   0.177090E-03  -0.379668E-03   0.769774E-03   0.670664E-02   0.300000E-03
 977   0.572285E-03  -0.140940E-03   0.738054E-02   0.796767E-02   0.250000E-03
 978   0.323665E-03   0.484392E-03   0.697081E-02   0.759284E-02   0.300000E-03
 979   0.967095E-03   0.270078E-02   0.643251E-02   0.773199E-02   0.250000E-03
 980   0.686687E-04   0.637465E-03   0.816296E-02   0.790555E-02   0.400000E-03
 981   0.553783E-03   0.643586E-03   0.102986E-01   0.762736E-02   0.250000E-03
 982   0.798041E-03   0.637236E-03   0.931772E-02   0.827524E-02   0.450000E-03
 983   0.552185E-03   0.447877E-03   0.120964E-01   0.836106E-02   0.250000E-03
 984   0.175507E-03   0.228823E-03   0.106989E-01   0.807331E-02   0.350000E-03
 985   0.328479E-03   0.807118E-04   0.135282E-01   0.821635E-02   0.200000E-03
 986   0.787421E-03  -0.358857E-03   0.188825E-01   0.954837E-02   0.300000E-03
 987   0.612560E-03  -0.707809E-03   0.186069E-01   0.896061E-02   0.350000E-03
 988   0.693634E-03  -0.128260E-03   0.193034E-01   0.894858E-02   0.300000E-03
 989   0.714785E-03  -0.132666E-04   0.194286E-01   0.948325E-02   0.250000E-03
 990   0.367500E-03  -0.119937E-03   0.212500E-01   0.840116E-02   0.250000E-03
 991   0.987637E-03   0.339369E-03   0.241284E-01   0.824391E-02   0.350000E-03
 992   0.118115E-02   0.178197E-04   0.244375E-01   0.767324E-02   0.300000E-03
 993   0.900771E-03  -0.264716E-03   0.249254E-01   0.680943E-02   0.250000E-03
 994   0.887495E-03  -0.404027E-04   0.270384E-01   0.714649E-02   0.250000E-03
 995   0.121504E-02  -0.521164E-04   0.276868E-01   0.711210E-02   0.400000E-03
 996   0.912108E-03  -0.190869E-03   0.304001E-01   0.729132E-02   0.300000E-03
 997   0.441724E-03  -0.342558E-03   0.298713E-01   0.714126E-02   0.250000E-03
 998   0.163834E-02  -0.711520E-04   0.321583E-01   0.722905E-02   0.350000E-03
 999   0.464176E-03  -0.231931E-04   0.329928E-01   0.733702E-02   0.250000E-03
1000  -0.376358E-03   0.976247E-03   0.341340E-01   0.714052E-02   0.350000E-03
