   1   0.411749E-01   0.627812E-02   0.109049E-01   0.924587E-02   0.350000E-03
   2  -0.507561E-03  -0.337808E-03   0.148869E-03   0.149431E-03   0.150000E-03
   3   0.889847E-03   0.243564E-04   0.443724E-02   0.449084E-03   0.450000E-03
   4  -0.773835E-04   0.284280E-03   0.562428E-02   0.497679E-03   0.200000E-03
   5   0.109136E-02  -0.104006E-04   0.558124E-02   0.999899E-04   0.100000E-03
   6   0.597366E-03   0.171505E-02   0.741034E-02   0.249543E-03   0.250000E-03
   7  -0.982887E-03   0.704825E-03   0.804220E-02   0.399534E-03   0.400000E-03
   8  -0.257855E-02   0.239452E-02   0.880574E-02   0.346964E-03   0.350000E-03
   9  -0.184797E-02   0.165601E-02   0.924926E-02   0.571901E-03   0.150000E-03
  10  -0.258336E-03  -0.965580E-03   0.117469E-01   0.296751E-03   0.300000E-03
  11   0.376244E-03  -0.349825E-03   0.129895E-01   0.349807E-03   0.350000E-03
  12   0.474887E-03  -0.535841E-03   0.147231E-01   0.194555E-03   0.200000E-03
  13   0.654669E-03   0.206655E-02   0.168409E-01   0.343073E-03   0.350000E-03
  14  -0.143823E-02   0.129567E-02   0.175386E-01   0.348580E-03   0.350000E-03
  15  -0.167381E-02   0.108585E-02   0.187571E-01   0.399160E-03   0.400000E-03
  16  -0.113687E-02   0.151125E-03   0.195031E-01   0.348554E-03   0.350000E-03
  17  -0.259526E-02   0.491628E-03   0.204161E-01   0.338022E-03   0.350000E-03
  18  -0.179042E-02   0.236712E-03   0.218588E-01   0.348461E-03   0.350000E-03
  19  -0.115131E-03   0.112797E-03   0.224479E-01   0.242074E-03   0.250000E-03
  20  -0.215939E-02  -0.245923E-03   0.229471E-01   0.247541E-03   0.250000E-03
  21   0.969224E-03   0.494611E-03   0.244019E-01   0.249603E-03   0.250000E-03
  22  -0.107405E-04  -0.115368E-02   0.257153E-01   0.199867E-03   0.200000E-03
  23   0.198184E-02   0.631165E-03   0.267580E-01   0.999640E-04   0.100000E-03
  24  -0.234797E-04  -0.126689E-02   0.282620E-01   0.395547E-03   0.400000E-03
  25  -0.179648E-02  -0.284291E-03   0.297487E-01   0.395999E-03   0.400000E-03
  26  -0.120019E-02  -0.173872E-03   0.304958E-01   0.342999E-03   0.350000E-03
  27  -0.205274E-02  -0.922101E-03   0.318393E-01   0.298233E-03   0.300000E-03
  28   0.272723E-02   0.172597E-02   0.333653E-01   0.299663E-03   0.300000E-03
  29  -0.157543E-02   0.191090E-03   0.355625E-01   0.446890E-03   0.450000E-03
  30   0.744914E-03  -0.143494E-03   0.374044E-01   0.346087E-03   0.350000E-03
  31  -0.890693E-04   0.100101E-02   0.379963E-01   0.249707E-03   0.250000E-03
  32  -0.310151E-04  -0.379755E-03   0.401287E-01   0.196558E-03   0.200000E-03
  33   0.131491E-02  -0.413796E-03   0.410176E-01   0.193522E-03   0.200000E-03
  34   0.614335E-03  -0.224865E-02   0.446058E-01   0.884425E-03   0.400000E-03
  35  -0.830349E-03  -0.121383E-02   0.446510E-01   0.192537E-02   0.350000E-03
  36   0.223191E-01  -0.709546E-02   0.863855E-02   0.854714E-02   0.300000E-03
  37  -0.758178E-04  -0.208551E-02   0.248609E-03   0.187008E-02   0.250000E-03
  38   0.159806E-02  -0.108939E-02   0.773060E-03   0.806094E-03   0.300000E-03
  39   0.110728E-02  -0.214149E-02   0.251727E-02   0.392803E-03   0.400000E-03
  40   0.127305E-02  -0.297690E-03   0.608358E-02   0.300051E-03   0.300000E-03
  41  -0.355561E-03   0.729163E-03   0.677726E-02   0.394272E-03   0.400000E-03
  42   0.692837E-03  -0.285224E-03   0.720970E-02   0.100266E-02   0.350000E-03
  43  -0.582485E-03   0.618828E-03   0.850878E-02   0.918946E-03   0.300000E-03
  44  -0.179223E-02   0.353167E-02   0.931539E-02   0.964813E-03   0.250000E-03
  45  -0.123924E-02   0.183007E-02   0.989192E-02   0.491306E-03   0.500000E-03
  46  -0.285622E-03   0.401392E-03   0.108478E-01   0.299444E-03   0.300000E-03
  47   0.357357E-03   0.601954E-03   0.151385E-01   0.150007E-03   0.150000E-03
  48  -0.119563E-02   0.495484E-03   0.157323E-01   0.448023E-03   0.450000E-03
  49   0.171786E-03   0.155957E-02   0.164053E-01   0.876838E-03   0.350000E-03
  50  -0.102857E-02   0.938695E-03   0.181278E-01   0.247159E-03   0.250000E-03
  51  -0.549512E-03  -0.703745E-03   0.192331E-01   0.880358E-03   0.250000E-03
  52  -0.765465E-03   0.304085E-03   0.199574E-01   0.147373E-03   0.150000E-03
  53  -0.587466E-03  -0.793364E-03   0.204206E-01   0.101435E-02   0.200000E-03
  54  -0.100468E-02   0.410506E-03   0.210741E-01   0.299343E-03   0.300000E-03
  55  -0.101324E-02   0.421720E-03   0.233462E-01   0.999712E-04   0.100000E-03
  56  -0.160054E-02   0.129186E-02   0.237688E-01   0.396188E-03   0.400000E-03
  57  -0.148632E-02   0.120947E-02   0.244554E-01   0.940042E-03   0.400000E-03
  58   0.271975E-03   0.615491E-05   0.250355E-01   0.394107E-03   0.400000E-03
  59  -0.138763E-02  -0.249724E-03   0.270541E-01   0.199965E-03   0.200000E-03
  60  -0.128262E-02  -0.124282E-02   0.275697E-01   0.297728E-03   0.300000E-03
  61  -0.757026E-04  -0.339601E-03   0.290565E-01   0.297212E-03   0.300000E-03
  62  -0.195227E-02  -0.271321E-03   0.311937E-01   0.347090E-03   0.350000E-03
  63  -0.186061E-02   0.540033E-03   0.328769E-01   0.197164E-03   0.200000E-03
  64  -0.139905E-02   0.105396E-02   0.347713E-01   0.345418E-03   0.350000E-03
  65  -0.201878E-04   0.434000E-03   0.363417E-01   0.619837E-03   0.350000E-03
  66   0.285877E-04   0.843341E-03   0.364305E-01   0.138583E-03   0.150000E-03
  67  -0.178511E-02   0.409515E-03   0.391427E-01   0.298992E-03   0.300000E-03
  68   0.109943E-02  -0.144336E-02   0.423044E-01   0.227576E-03   0.200000E-03
  69  -0.103734E-02  -0.235398E-02   0.438642E-01   0.818440E-03   0.350000E-03
  70  -0.605460E-03  -0.132414E-02   0.424145E-01   0.721922E-02   0.250000E-03
  71  -0.936146E-03  -0.765170E-03   0.447022E-01   0.498623E-02   0.300000E-03
  72   0.212337E-02  -0.905116E-02   0.447477E-01   0.249838E-03   0.250000E-03
  73  -0.636057E-04   0.400310E-03   0.258425E-02   0.803149E-02   0.350000E-03
  74   0.251063E-03  -0.974122E-03   0.107289E-02   0.292951E-03   0.300000E-03
  75   0.695979E-03  -0.797456E-04   0.376649E-02   0.249801E-03   0.250000E-03
  76  -0.170732E-02   0.149126E-02   0.516339E-02   0.928709E-03   0.350000E-03
  77  -0.228248E-03   0.383241E-03   0.639779E-02   0.848647E-03   0.200000E-03
  78  -0.230713E-03   0.692646E-03   0.658877E-02   0.136129E-02   0.350000E-03
  79  -0.747919E-04   0.685143E-03   0.789647E-02   0.113550E-02   0.350000E-03
  80   0.142897E-03   0.203191E-03   0.900995E-02   0.135465E-02   0.250000E-03
  81  -0.651057E-03   0.675283E-03   0.106232E-01   0.908579E-03   0.350000E-03
  82  -0.390071E-02   0.616581E-04   0.132390E-01   0.967206E-03   0.300000E-03
  83  -0.633076E-03  -0.345640E-03   0.136877E-01   0.346735E-03   0.350000E-03
  84  -0.650593E-04  -0.570357E-03   0.142776E-01   0.244875E-03   0.250000E-03
  85  -0.357178E-03  -0.105111E-02   0.153433E-01   0.102601E-02   0.250000E-03
  86  -0.991566E-03   0.633274E-04   0.171822E-01   0.106329E-02   0.450000E-03
  87  -0.124385E-02   0.228306E-05   0.187628E-01   0.104769E-02   0.250000E-03
  88  -0.110397E-02  -0.118083E-02   0.199681E-01   0.801847E-03   0.300000E-03
  89  -0.832557E-03  -0.105464E-02   0.202255E-01   0.160956E-02   0.400000E-03
  90  -0.115376E-02  -0.298471E-03   0.213932E-01   0.864770E-03   0.350000E-03
  91  -0.650796E-03   0.100644E-02   0.225261E-01   0.728385E-03   0.250000E-03
  92  -0.187033E-02   0.233063E-03   0.231171E-01   0.820359E-03   0.350000E-03
  93  -0.207157E-02   0.118272E-02   0.237355E-01   0.114177E-02   0.350000E-03
  94   0.153363E-02   0.168282E-02   0.251808E-01   0.112575E-02   0.350000E-03
  95  -0.163024E-02  -0.240890E-03   0.272780E-01   0.876109E-03   0.350000E-03
  96  -0.681898E-03  -0.386052E-03   0.279791E-01   0.114109E-02   0.400000E-03
  97  -0.932806E-03  -0.130661E-02   0.294743E-01   0.978172E-03   0.250000E-03
  98  -0.159775E-02  -0.294847E-03   0.302349E-01   0.109170E-02   0.450000E-03
  99  -0.100067E-02  -0.306640E-03   0.323843E-01   0.244713E-03   0.250000E-03
 100  -0.421749E-03  -0.732116E-03   0.327151E-01   0.611234E-03   0.250000E-03
 101  -0.161532E-02   0.164132E-03   0.349724E-01   0.106436E-02   0.400000E-03
 102  -0.120164E-02   0.201334E-03   0.368136E-01   0.249993E-03   0.250000E-03
 103   0.547167E-05  -0.175264E-02   0.376479E-01   0.889519E-03   0.250000E-03
 104  -0.207518E-02   0.578036E-03   0.385442E-01   0.295550E-03   0.300000E-03
 105  -0.112029E-04  -0.319270E-03   0.405737E-01   0.245559E-03   0.250000E-03
 106  -0.805479E-03  -0.136701E-02   0.431900E-01   0.297705E-03   0.300000E-03
 107  -0.108316E-02  -0.515157E-03   0.440706E-01   0.749042E-02   0.350000E-03
 108  -0.145769E-02   0.918565E-03   0.348679E-01   0.747892E-02   0.450000E-03
 109   0.841835E-04  -0.124698E-02   0.243156E-03   0.685097E-03   0.250000E-03
 110  -0.349420E-03  -0.718299E-03   0.526163E-03   0.274414E-03   0.250000E-03
 111  -0.919356E-03  -0.119353E-02   0.172965E-02   0.507286E-03   0.400000E-03
 112   0.286055E-02   0.286753E-03   0.304028E-02   0.921193E-03   0.350000E-03
 113  -0.628171E-03   0.126010E-02   0.587697E-02   0.113957E-02   0.400000E-03
 114   0.227280E-03   0.478631E-03   0.708586E-02   0.158283E-02   0.200000E-03
 115  -0.183047E-03  -0.208822E-03   0.845208E-02   0.156064E-02   0.350000E-03
 116   0.280666E-03  -0.490566E-03   0.980249E-02   0.133105E-02   0.350000E-03
 117  -0.329473E-03   0.412146E-03   0.113049E-01   0.761177E-03   0.350000E-03
 118  -0.534138E-03  -0.935056E-03   0.123438E-01   0.289530E-03   0.300000E-03
 119  -0.126865E-03  -0.492358E-03   0.142197E-01   0.786769E-03   0.300000E-03
 120   0.869710E-05  -0.272717E-03   0.149974E-01   0.605395E-03   0.300000E-03
 121  -0.107688E-02   0.386443E-03   0.166174E-01   0.138234E-02   0.200000E-03
 122  -0.791950E-03  -0.315446E-03   0.180719E-01   0.943073E-03   0.450000E-03
 123  -0.521800E-03  -0.591649E-03   0.185112E-01   0.141660E-02   0.200000E-03
 124  -0.793363E-03  -0.121894E-02   0.196094E-01   0.127956E-02   0.300000E-03
 125  -0.148184E-02   0.165520E-03   0.208035E-01   0.777797E-03   0.250000E-03
 126  -0.921411E-03  -0.156739E-02   0.208606E-01   0.131983E-02   0.300000E-03
 127  -0.707880E-03  -0.505018E-03   0.226583E-01   0.120484E-02   0.250000E-03
 128  -0.120032E-02  -0.162541E-02   0.230023E-01   0.162876E-02   0.300000E-03
 129  -0.113692E-02  -0.139650E-02   0.235465E-01   0.170169E-02   0.250000E-03
 130   0.210399E-02   0.805631E-03   0.256647E-01   0.697329E-03   0.300000E-03
 131   0.767115E-03   0.129579E-02   0.262901E-01   0.393693E-03   0.400000E-03
 132  -0.889279E-03  -0.464169E-03   0.274924E-01   0.148910E-02   0.200000E-03
 133  -0.421555E-03  -0.916725E-03   0.288262E-01   0.955408E-03   0.400000E-03
 134  -0.260187E-02   0.104706E-02   0.311395E-01   0.109212E-02   0.400000E-03
 135  -0.182021E-02   0.124340E-02   0.319859E-01   0.103204E-02   0.450000E-03
 136  -0.560230E-03   0.896431E-04   0.340397E-01   0.479851E-03   0.400000E-03
 137  -0.103393E-02   0.424412E-03   0.372297E-01   0.760246E-03   0.100000E-03
 138  -0.160507E-02   0.162516E-03   0.374168E-01   0.132614E-02   0.250000E-03
 139  -0.137086E-02  -0.877666E-03   0.381822E-01   0.767323E-03   0.300000E-03
 140   0.427090E-03   0.130782E-03   0.396872E-01   0.259763E-03   0.250000E-03
 141  -0.533410E-03  -0.111162E-02   0.414624E-01   0.250390E-03   0.250000E-03
 142   0.651098E-03  -0.122891E-02   0.419071E-01   0.198024E-03   0.200000E-03
 143  -0.110979E-02  -0.620157E-03   0.439034E-01   0.633152E-02   0.250000E-03
 144  -0.669550E-03  -0.119404E-03   0.294617E-01   0.750013E-02   0.300000E-03
 145  -0.774965E-05   0.155557E-03   0.294251E-03   0.343530E-02   0.300000E-03
 146   0.409241E-03  -0.180614E-02   0.664516E-03   0.144243E-02   0.350000E-03
 147   0.532684E-03  -0.267338E-03   0.392159E-02   0.844773E-03   0.200000E-03
 148  -0.449281E-03   0.128748E-03   0.516962E-02   0.289312E-03   0.300000E-03
 149  -0.135638E-03   0.557275E-03   0.606555E-02   0.196560E-02   0.450000E-03
 150   0.322019E-03   0.248913E-03   0.746878E-02   0.148069E-02   0.200000E-03
 151   0.243885E-03   0.303030E-03   0.935670E-02   0.163676E-02   0.200000E-03
 152  -0.208521E-03  -0.111155E-03   0.103466E-01   0.138100E-02   0.200000E-03
 153  -0.331655E-03   0.420778E-03   0.110773E-01   0.136773E-02   0.300000E-03
 154  -0.701029E-03   0.884599E-04   0.125415E-01   0.950017E-03   0.400000E-03
 155  -0.390285E-03  -0.835114E-03   0.137306E-01   0.887833E-03   0.200000E-03
 156  -0.313684E-03  -0.648947E-03   0.147380E-01   0.125489E-02   0.400000E-03
 157   0.926711E-03   0.169014E-03   0.158721E-01   0.139678E-02   0.400000E-03
 158  -0.125079E-02   0.784003E-04   0.172771E-01   0.185419E-02   0.350000E-03
 159  -0.745269E-03   0.203011E-03   0.176901E-01   0.146890E-02   0.200000E-03
 160  -0.107046E-02  -0.394068E-03   0.181215E-01   0.164101E-02   0.250000E-03
 161  -0.713367E-03  -0.152436E-03   0.195137E-01   0.181623E-02   0.250000E-03
 162  -0.393400E-03   0.353857E-03   0.207933E-01   0.180724E-02   0.200000E-03
 163   0.821656E-03   0.211176E-03   0.220528E-01   0.109191E-02   0.350000E-03
 164   0.157924E-03  -0.113823E-02   0.226695E-01   0.216693E-02   0.300000E-03
 165   0.159197E-02   0.746257E-03   0.247441E-01   0.153070E-02   0.250000E-03
 166  -0.121189E-02  -0.171146E-02   0.254948E-01   0.162544E-02   0.250000E-03
 167   0.126135E-03  -0.780113E-03   0.265737E-01   0.112999E-02   0.400000E-03
 168  -0.234746E-03  -0.137893E-02   0.285271E-01   0.153010E-02   0.250000E-03
 169  -0.482451E-03  -0.156647E-02   0.301471E-01   0.173142E-02   0.200000E-03
 170  -0.123988E-02  -0.112734E-02   0.307394E-01   0.178058E-02   0.400000E-03
 171  -0.149509E-02   0.166510E-02   0.334819E-01   0.894514E-03   0.300000E-03
 172  -0.277409E-02   0.242446E-03   0.342044E-01   0.128277E-02   0.400000E-03
 173  -0.183926E-02   0.406234E-03   0.356597E-01   0.118471E-02   0.300000E-03
 174  -0.146441E-02  -0.342462E-03   0.368876E-01   0.105202E-02   0.350000E-03
 175  -0.147873E-02  -0.113803E-03   0.390377E-01   0.888963E-03   0.300000E-03
 176  -0.469280E-03  -0.390990E-04   0.400973E-01   0.987859E-03   0.200000E-03
 177  -0.121703E-03  -0.109037E-02   0.406056E-01   0.789017E-03   0.300000E-03
 178  -0.156089E-03  -0.289794E-03   0.443906E-01   0.144307E-02   0.200000E-03
 179  -0.171120E-02  -0.138537E-02   0.427016E-01   0.195902E-03   0.200000E-03
 180  -0.106457E-02   0.313545E-03   0.400192E-01   0.753486E-02   0.300000E-03
 181   0.121557E-04  -0.297409E-03   0.200106E-03   0.113286E-02   0.200000E-03
 182  -0.116540E-04   0.111180E-02   0.134622E-02   0.225959E-02   0.200000E-03
 183   0.242237E-02  -0.217243E-03   0.321920E-02   0.298179E-03   0.300000E-03
 184  -0.965869E-03   0.213288E-03   0.523596E-02   0.161913E-02   0.350000E-03
 185  -0.342055E-03   0.565151E-03   0.622536E-02   0.264474E-02   0.250000E-03
 186  -0.221317E-03   0.390564E-03   0.677822E-02   0.187636E-02   0.200000E-03
 187  -0.286396E-03   0.125995E-03   0.785275E-02   0.178878E-02   0.300000E-03
 188  -0.639582E-03  -0.927972E-03   0.959609E-02   0.201594E-02   0.250000E-03
 189  -0.324039E-03   0.587430E-03   0.116137E-01   0.127313E-02   0.250000E-03
 190  -0.621553E-03   0.439875E-03   0.119040E-01   0.823616E-03   0.250000E-03
 191   0.353962E-03  -0.308856E-03   0.139563E-01   0.126816E-02   0.250000E-03
 192  -0.203488E-03  -0.582274E-03   0.142197E-01   0.185734E-02   0.400000E-03
 193  -0.497719E-03   0.124158E-03   0.152553E-01   0.172640E-02   0.300000E-03
 194  -0.769399E-03  -0.507110E-03   0.164438E-01   0.195449E-02   0.400000E-03
 195  -0.767922E-03  -0.966982E-03   0.178913E-01   0.208460E-02   0.250000E-03
 196  -0.119011E-02  -0.319610E-03   0.190577E-01   0.151084E-02   0.300000E-03
 197  -0.112019E-02  -0.353086E-03   0.198912E-01   0.228059E-02   0.350000E-03
 198  -0.112469E-02   0.117323E-02   0.205929E-01   0.226098E-02   0.300000E-03
 199  -0.142750E-02  -0.158654E-02   0.214249E-01   0.151078E-02   0.300000E-03
 200  -0.946804E-03  -0.147772E-02   0.221703E-01   0.216540E-02   0.200000E-03
 201  -0.208296E-02   0.109467E-02   0.242018E-01   0.159173E-02   0.300000E-03
 202  -0.402456E-03  -0.718606E-03   0.259256E-01   0.118148E-02   0.250000E-03
 203  -0.202905E-03  -0.850570E-03   0.264842E-01   0.181561E-02   0.300000E-03
 204  -0.432653E-03  -0.563851E-03   0.270503E-01   0.156588E-02   0.250000E-03
 205  -0.107191E-02  -0.197917E-02   0.295660E-01   0.161586E-02   0.400000E-03
 206  -0.200239E-02  -0.991891E-03   0.321964E-01   0.180290E-02   0.350000E-03
 207  -0.124138E-02   0.127818E-02   0.328467E-01   0.128883E-02   0.450000E-03
 208  -0.274400E-02   0.149510E-03   0.335563E-01   0.165435E-02   0.350000E-03
 209  -0.848025E-03   0.291865E-03   0.362538E-01   0.125914E-02   0.300000E-03
 210  -0.128691E-02  -0.204231E-03   0.366529E-01   0.154799E-02   0.200000E-03
 211  -0.149223E-02   0.435633E-04   0.370751E-01   0.168666E-02   0.250000E-03
 212  -0.210085E-03  -0.568379E-03   0.400812E-01   0.590821E-03   0.200000E-03
 213   0.250428E-03  -0.137514E-02   0.411300E-01   0.622966E-03   0.250000E-03
 214   0.449826E-03  -0.233527E-02   0.420788E-01   0.557675E-03   0.200000E-03
 215  -0.319091E-02  -0.102442E-02   0.441851E-01   0.150048E-03   0.150000E-03
 216  -0.158471E-02  -0.730140E-04   0.215260E-01   0.897678E-02   0.400000E-03
 217  -0.366572E-03  -0.654099E-03   0.140468E-01   0.937705E-02   0.350000E-03
 218   0.674614E-03   0.123953E-02   0.815976E-03   0.212234E-02   0.350000E-03
 219   0.309200E-03  -0.279315E-03   0.356978E-02   0.654410E-03   0.200000E-03
 220   0.590065E-03   0.786260E-03   0.451521E-02   0.129320E-02   0.400000E-03
 221  -0.134369E-02  -0.335954E-03   0.532518E-02   0.220146E-02   0.250000E-03
 222   0.704876E-04  -0.339711E-04   0.728277E-02   0.209427E-02   0.350000E-03
 223   0.300232E-03   0.310292E-03   0.897422E-02   0.201967E-02   0.350000E-03
 224   0.769398E-03   0.153033E-03   0.101883E-01   0.191160E-02   0.350000E-03
 225   0.491713E-04   0.200255E-03   0.106567E-01   0.162874E-02   0.200000E-03
 226  -0.614915E-03   0.282035E-03   0.121118E-01   0.149146E-02   0.300000E-03
 227  -0.607530E-03  -0.550042E-03   0.129420E-01   0.145548E-02   0.250000E-03
 228  -0.161619E-03   0.340403E-04   0.148115E-01   0.179859E-02   0.150000E-03
 229   0.551756E-03  -0.212777E-03   0.158001E-01   0.203724E-02   0.250000E-03
 230  -0.130076E-02  -0.312673E-03   0.174922E-01   0.246242E-02   0.300000E-03
 231  -0.403347E-03  -0.459945E-03   0.182952E-01   0.228697E-02   0.200000E-03
 232  -0.351855E-03  -0.308612E-03   0.186054E-01   0.190184E-02   0.300000E-03
 233  -0.468175E-03  -0.465100E-03   0.191427E-01   0.234770E-02   0.400000E-03
 234  -0.320463E-03   0.483561E-03   0.212129E-01   0.207784E-02   0.300000E-03
 235  -0.439869E-03  -0.146769E-02   0.223593E-01   0.166058E-02   0.300000E-03
 236  -0.895240E-03  -0.103417E-02   0.232657E-01   0.216595E-02   0.300000E-03
 237  -0.927012E-03  -0.124635E-02   0.239146E-01   0.217205E-02   0.350000E-03
 238  -0.116853E-02  -0.171465E-02   0.250890E-01   0.181776E-02   0.200000E-03
 239  -0.236888E-03  -0.653122E-03   0.266510E-01   0.233433E-02   0.250000E-03
 240  -0.693234E-03  -0.169454E-02   0.289762E-01   0.153282E-02   0.200000E-03
 241  -0.954757E-03  -0.901546E-03   0.301772E-01   0.227583E-02   0.350000E-03
 242  -0.182617E-02  -0.103098E-02   0.314985E-01   0.175052E-02   0.350000E-03
 243  -0.126855E-02  -0.105529E-02   0.329315E-01   0.222889E-02   0.500000E-03
 244  -0.115927E-02   0.814821E-03   0.354630E-01   0.199173E-02   0.200000E-03
 245  -0.155455E-02   0.522154E-03   0.349449E-01   0.181120E-02   0.350000E-03
 246  -0.119875E-02   0.307099E-04   0.366142E-01   0.214252E-02   0.400000E-03
 247  -0.143752E-02  -0.224317E-03   0.380107E-01   0.139320E-02   0.350000E-03
 248  -0.972671E-03  -0.178202E-03   0.396314E-01   0.806826E-03   0.300000E-03
 249  -0.732297E-03  -0.166411E-02   0.416467E-01   0.801579E-03   0.300000E-03
 250  -0.190909E-03  -0.144908E-02   0.437359E-01   0.241170E-03   0.250000E-03
 251  -0.975689E-03   0.113758E-04   0.446051E-01   0.297410E-02   0.400000E-03
 252  -0.129393E-02  -0.148218E-02   0.336141E-01   0.771587E-02   0.350000E-03
 253  -0.395378E-04   0.350198E-03   0.215017E-02   0.748250E-02   0.350000E-03
 254   0.110118E-03  -0.178556E-02   0.132944E-02   0.114093E-02   0.350000E-03
 255   0.432754E-03  -0.311444E-04   0.220504E-02   0.101683E-02   0.300000E-03
 256  -0.234529E-03  -0.253876E-03   0.469056E-02   0.196998E-02   0.300000E-03
 257  -0.205524E-03   0.384281E-03   0.669736E-02   0.236911E-02   0.300000E-03
 258  -0.162999E-03   0.416764E-03   0.831372E-02   0.224519E-02   0.350000E-03
 259   0.881831E-04   0.637869E-03   0.906943E-02   0.280972E-02   0.450000E-03
 260   0.601613E-03   0.618321E-03   0.988725E-02   0.259547E-02   0.400000E-03
 261   0.109531E-03  -0.130075E-03   0.116188E-01   0.182704E-02   0.300000E-03
 262  -0.554847E-03   0.110148E-02   0.122017E-01   0.213262E-02   0.350000E-03
 263  -0.131592E-05  -0.600239E-03   0.134924E-01   0.168300E-02   0.350000E-03
 264  -0.439468E-03  -0.615273E-03   0.147950E-01   0.224696E-02   0.300000E-03
 265  -0.519671E-03   0.168672E-02   0.165425E-01   0.254614E-02   0.200000E-03
 266  -0.676793E-03  -0.616279E-03   0.169505E-01   0.235601E-02   0.250000E-03
 267  -0.582943E-03  -0.766164E-03   0.170931E-01   0.283268E-02   0.250000E-03
 268  -0.346718E-03  -0.456828E-03   0.185663E-01   0.264458E-02   0.250000E-03
 269  -0.708067E-03  -0.193538E-03   0.190205E-01   0.298563E-02   0.250000E-03
 270  -0.699357E-03  -0.335673E-03   0.196167E-01   0.292337E-02   0.350000E-03
 271  -0.847270E-03  -0.128773E-02   0.218482E-01   0.185249E-02   0.250000E-03
 272  -0.527470E-03  -0.112453E-03   0.222939E-01   0.275111E-02   0.400000E-03
 273  -0.127337E-02  -0.999683E-03   0.235208E-01   0.280725E-02   0.400000E-03
 274  -0.101754E-02  -0.503783E-03   0.257024E-01   0.206986E-02   0.250000E-03
 275  -0.830475E-03  -0.381410E-03   0.261604E-01   0.225564E-02   0.250000E-03
 276  -0.673204E-03  -0.941887E-03   0.274061E-01   0.198083E-02   0.300000E-03
 277  -0.123109E-02  -0.901209E-03   0.293612E-01   0.217644E-02   0.200000E-03
 278  -0.225257E-02  -0.541941E-03   0.318044E-01   0.238203E-02   0.350000E-03
 279  -0.206885E-02  -0.437520E-03   0.323285E-01   0.266804E-02   0.250000E-03
 280  -0.175963E-02   0.471117E-03   0.343177E-01   0.197372E-02   0.300000E-03
 281  -0.174353E-02   0.121037E-02   0.358894E-01   0.173221E-02   0.300000E-03
 282  -0.131395E-02  -0.672363E-04   0.375554E-01   0.180172E-02   0.250000E-03
 283  -0.149038E-02  -0.180876E-03   0.385163E-01   0.161063E-02   0.200000E-03
 284  -0.101407E-02  -0.215257E-03   0.385622E-01   0.116309E-02   0.250000E-03
 285   0.329117E-03  -0.612830E-03   0.410949E-01   0.121624E-02   0.350000E-03
 286  -0.755029E-03  -0.232198E-02   0.432228E-01   0.894137E-03   0.300000E-03
 287  -0.103428E-02  -0.214740E-02   0.428466E-01   0.122108E-02   0.200000E-03
 288  -0.418298E-03   0.660708E-03   0.592175E-02   0.804547E-02   0.350000E-03
 289  -0.947117E-04  -0.113348E-02   0.248436E-03   0.236886E-02   0.250000E-03
 290   0.145461E-02  -0.593966E-03   0.184092E-02   0.153788E-02   0.300000E-03
 291   0.328186E-03  -0.125488E-03   0.253299E-02   0.162702E-02   0.400000E-03
 292   0.164753E-02   0.201844E-03   0.316221E-02   0.150434E-02   0.250000E-03
 293  -0.161608E-03   0.713977E-03   0.568148E-02   0.260834E-02   0.300000E-03
 294  -0.665556E-03   0.604960E-03   0.824049E-02   0.298829E-02   0.400000E-03
 295  -0.609546E-03   0.165061E-03   0.966849E-02   0.340448E-02   0.400000E-03
 296  -0.317717E-03  -0.584247E-04   0.110777E-01   0.191521E-02   0.250000E-03
 297  -0.574032E-04  -0.112910E-03   0.106831E-01   0.197467E-02   0.150000E-03
 298  -0.112424E-02  -0.178909E-03   0.125646E-01   0.169950E-02   0.200000E-03
 299  -0.638037E-03   0.278752E-03   0.138140E-01   0.236002E-02   0.250000E-03
 300   0.297676E-03   0.190992E-02   0.148693E-01   0.273754E-02   0.200000E-03
 301   0.136740E-03  -0.801611E-04   0.153744E-01   0.237403E-02   0.300000E-03
 302  -0.675077E-03   0.422750E-03   0.169819E-01   0.336709E-02   0.300000E-03
 303  -0.592937E-03  -0.325676E-03   0.179820E-01   0.252773E-02   0.200000E-03
 304  -0.663301E-03  -0.342694E-03   0.181625E-01   0.293747E-02   0.250000E-03
 305  -0.113441E-02   0.324332E-03   0.193425E-01   0.334116E-02   0.150000E-03
 306  -0.780974E-03   0.198232E-03   0.203114E-01   0.283853E-02   0.350000E-03
 307  -0.106793E-02   0.437445E-04   0.217013E-01   0.232758E-02   0.250000E-03
 308  -0.832459E-03  -0.749890E-03   0.226536E-01   0.340377E-02   0.350000E-03
 309  -0.656586E-03  -0.135833E-02   0.244541E-01   0.268505E-02   0.400000E-03
 310  -0.126070E-02  -0.819525E-03   0.250474E-01   0.231546E-02   0.300000E-03
 311  -0.581006E-03  -0.112947E-02   0.271877E-01   0.258837E-02   0.350000E-03
 312  -0.702634E-03  -0.110801E-02   0.280474E-01   0.188591E-02   0.350000E-03
 313  -0.831029E-03  -0.737241E-03   0.296317E-01   0.253031E-02   0.250000E-03
 314  -0.637127E-03  -0.607533E-03   0.311592E-01   0.233730E-02   0.300000E-03
 315  -0.388835E-03  -0.207518E-03   0.334108E-01   0.286236E-02   0.300000E-03
 316  -0.190464E-04  -0.496676E-03   0.337744E-01   0.232649E-02   0.350000E-03
 317  -0.198990E-02  -0.284799E-03   0.350849E-01   0.254667E-02   0.400000E-03
 318  -0.148157E-02  -0.230949E-03   0.358717E-01   0.242731E-02   0.400000E-03
 319  -0.154332E-02  -0.615895E-03   0.389786E-01   0.143536E-02   0.250000E-03
 320   0.788813E-03  -0.150750E-02   0.398315E-01   0.140973E-02   0.300000E-03
 321  -0.485846E-03  -0.109153E-03   0.404282E-01   0.135671E-02   0.300000E-03
 322  -0.148310E-02  -0.276718E-02   0.425960E-01   0.732511E-03   0.350000E-03
 323  -0.431557E-04  -0.305605E-03   0.439515E-01   0.210958E-02   0.350000E-03
 324  -0.893245E-03   0.158683E-03   0.395964E-01   0.718295E-02   0.250000E-03
 325  -0.375277E-04   0.353801E-03   0.153516E-02   0.769219E-02   0.300000E-03
 326   0.260700E-04   0.252687E-03   0.127666E-02   0.173828E-02   0.250000E-03
 327  -0.254855E-03  -0.294125E-03   0.212965E-02   0.225475E-02   0.350000E-03
 328   0.113900E-02  -0.318047E-03   0.380774E-02   0.174018E-02   0.450000E-03
 329   0.175272E-03   0.522258E-03   0.655280E-02   0.319838E-02   0.400000E-03
 330   0.466657E-04   0.153817E-02   0.719812E-02   0.278602E-02   0.350000E-03
 331   0.701139E-03   0.199810E-03   0.775504E-02   0.246390E-02   0.250000E-03
 332  -0.245845E-03  -0.304205E-03   0.108067E-01   0.255786E-02   0.450000E-03
 333  -0.369710E-03   0.104822E-02   0.116222E-01   0.242483E-02   0.300000E-03
 334  -0.580500E-03   0.147642E-03   0.129332E-01   0.195505E-02   0.250000E-03
 335  -0.311360E-03   0.195377E-03   0.133286E-01   0.225808E-02   0.250000E-03
 336  -0.998513E-03   0.130547E-03   0.143092E-01   0.259881E-02   0.300000E-03
 337  -0.745127E-04   0.306215E-03   0.160085E-01   0.254286E-02   0.300000E-03
 338  -0.212619E-03  -0.149053E-03   0.165954E-01   0.374979E-02   0.250000E-03
 339   0.637249E-04  -0.273899E-03   0.176017E-01   0.315066E-02   0.350000E-03
 340  -0.776771E-03   0.255052E-03   0.189334E-01   0.352837E-02   0.300000E-03
 341  -0.288320E-03   0.453731E-04   0.200287E-01   0.341983E-02   0.300000E-03
 342   0.700014E-04   0.185696E-02   0.205629E-01   0.332407E-02   0.200000E-03
 343  -0.103751E-02  -0.105394E-03   0.216042E-01   0.286591E-02   0.300000E-03
 344  -0.591165E-03  -0.482761E-03   0.237606E-01   0.339914E-02   0.250000E-03
 345  -0.510120E-03  -0.987441E-03   0.250666E-01   0.301977E-02   0.300000E-03
 346  -0.932798E-03  -0.743834E-03   0.256009E-01   0.265436E-02   0.350000E-03
 347  -0.100457E-02  -0.314732E-03   0.263123E-01   0.288568E-02   0.400000E-03
 348  -0.547306E-03  -0.500056E-03   0.288878E-01   0.202169E-02   0.300000E-03
 349  -0.554595E-03  -0.796281E-03   0.300120E-01   0.284846E-02   0.250000E-03
 350  -0.188038E-02  -0.116118E-02   0.320615E-01   0.314441E-02   0.300000E-03
 351  -0.143448E-02  -0.169488E-03   0.327945E-01   0.306470E-02   0.350000E-03
 352  -0.138649E-02  -0.888000E-03   0.344956E-01   0.308033E-02   0.400000E-03
 353  -0.120775E-02  -0.438972E-04   0.359008E-01   0.302108E-02   0.200000E-03
 354  -0.150515E-02   0.471306E-04   0.372599E-01   0.220393E-02   0.250000E-03
 355  -0.105862E-02   0.343452E-03   0.380457E-01   0.204086E-02   0.300000E-03
 356  -0.136958E-02  -0.492622E-03   0.393843E-01   0.162489E-02   0.200000E-03
 357  -0.367006E-03  -0.309635E-03   0.408234E-01   0.180085E-02   0.300000E-03
 358  -0.544257E-03  -0.101443E-02   0.416759E-01   0.134837E-02   0.250000E-03
 359   0.580457E-03   0.391914E-03   0.442666E-01   0.532178E-02   0.250000E-03
 360   0.284454E-03   0.353558E-03   0.448001E-01   0.418328E-02   0.200000E-03
 361   0.915874E-03  -0.349420E-04   0.674717E-03   0.285601E-02   0.400000E-03
 362  -0.181081E-03  -0.913339E-05   0.147324E-02   0.284450E-02   0.400000E-03
 363   0.869823E-03   0.270230E-03   0.312585E-02   0.200273E-02   0.250000E-03
 364  -0.122575E-03  -0.139789E-02   0.490752E-02   0.255270E-02   0.300000E-03
 365  -0.447069E-04   0.748730E-03   0.585474E-02   0.317562E-02   0.300000E-03
 366   0.283955E-03   0.147848E-03   0.615562E-02   0.377059E-02   0.300000E-03
 367  -0.140531E-03   0.101521E-02   0.871891E-02   0.335158E-02   0.200000E-03
 368  -0.164840E-04  -0.214042E-03   0.103148E-01   0.314136E-02   0.300000E-03
 369  -0.530862E-03   0.551400E-03   0.118341E-01   0.303646E-02   0.350000E-03
 370  -0.659302E-03   0.527844E-03   0.127817E-01   0.260127E-02   0.400000E-03
 371  -0.610273E-03   0.385361E-03   0.137199E-01   0.289844E-02   0.300000E-03
 372   0.251554E-04   0.274032E-03   0.149744E-01   0.332464E-02   0.400000E-03
 373   0.723012E-07   0.233844E-03   0.155583E-01   0.293925E-02   0.300000E-03
 374   0.917292E-05   0.311813E-03   0.163107E-01   0.317086E-02   0.400000E-03
 375  -0.104912E-02   0.768642E-04   0.174524E-01   0.394463E-02   0.450000E-03
 376  -0.398971E-03  -0.246636E-03   0.185842E-01   0.309343E-02   0.200000E-03
 377  -0.560462E-03   0.345541E-03   0.195163E-01   0.381449E-02   0.350000E-03
 378  -0.341732E-02  -0.918994E-03   0.210438E-01   0.265467E-02   0.300000E-03
 379  -0.116985E-03  -0.944463E-03   0.211234E-01   0.330154E-02   0.350000E-03
 380  -0.721615E-03   0.173884E-03   0.219486E-01   0.341530E-02   0.350000E-03
 381  -0.942797E-03  -0.347335E-03   0.243558E-01   0.342606E-02   0.350000E-03
 382  -0.744395E-03  -0.149983E-03   0.266466E-01   0.349175E-02   0.300000E-03
 383  -0.831870E-03  -0.882778E-03   0.277613E-01   0.241298E-02   0.250000E-03
 384  -0.398041E-03  -0.672911E-03   0.284341E-01   0.240285E-02   0.300000E-03
 385  -0.893143E-03  -0.102251E-02   0.290846E-01   0.258833E-02   0.300000E-03
 386  -0.176077E-03  -0.646083E-03   0.306738E-01   0.268904E-02   0.300000E-03
 387  -0.116444E-02   0.307245E-04   0.324460E-01   0.366336E-02   0.350000E-03
 388  -0.713380E-03  -0.724857E-03   0.354230E-01   0.345022E-02   0.450000E-03
 389  -0.132039E-02  -0.583829E-03   0.360842E-01   0.337284E-02   0.200000E-03
 390  -0.106957E-02  -0.117908E-03   0.364917E-01   0.292898E-02   0.400000E-03
 391  -0.138640E-02   0.404684E-04   0.376993E-01   0.253054E-02   0.300000E-03
 392  -0.147214E-02  -0.866211E-04   0.390552E-01   0.192899E-02   0.250000E-03
 393  -0.998339E-03   0.115081E-03   0.396233E-01   0.211844E-02   0.350000E-03
 394  -0.163443E-02  -0.822335E-03   0.422162E-01   0.125871E-02   0.300000E-03
 395  -0.116236E-03  -0.360129E-03   0.438929E-01   0.146492E-02   0.300000E-03
 396  -0.104228E-02  -0.858373E-03   0.444030E-01   0.241467E-02   0.200000E-03
 397   0.842962E-03   0.372754E-03   0.973454E-03   0.359704E-02   0.400000E-03
 398   0.237634E-03   0.980044E-03   0.275973E-02   0.241301E-02   0.300000E-03
 399   0.552514E-03  -0.105749E-03   0.349144E-02   0.241300E-02   0.300000E-03
 400   0.332701E-03  -0.130996E-02   0.421567E-02   0.248159E-02   0.400000E-03
 401   0.251564E-03   0.120436E-03   0.572463E-02   0.402135E-02   0.200000E-03
 402   0.131689E-03   0.605236E-03   0.723866E-02   0.348194E-02   0.350000E-03
 403   0.556530E-05   0.643388E-03   0.849886E-02   0.373923E-02   0.250000E-03
 404  -0.506397E-03   0.620482E-03   0.904781E-02   0.372731E-02   0.300000E-03
 405  -0.569951E-03   0.512855E-03   0.119359E-01   0.357676E-02   0.200000E-03
 406  -0.821726E-03   0.374974E-03   0.125131E-01   0.335213E-02   0.400000E-03
 407  -0.787096E-03   0.515010E-03   0.131875E-01   0.317109E-02   0.300000E-03
 408  -0.698814E-03   0.168966E-03   0.141841E-01   0.341925E-02   0.400000E-03
 409  -0.168971E-03   0.442067E-03   0.156782E-01   0.357279E-02   0.350000E-03
 410  -0.104422E-02  -0.327652E-03   0.161299E-01   0.403474E-02   0.300000E-03
 411  -0.430846E-03  -0.193683E-03   0.166708E-01   0.428968E-02   0.300000E-03
 412  -0.585558E-03   0.236337E-03   0.182363E-01   0.358101E-02   0.400000E-03
 413  -0.156372E-03   0.497095E-03   0.201944E-01   0.399233E-02   0.300000E-03
 414  -0.774937E-03  -0.282560E-03   0.207203E-01   0.374255E-02   0.250000E-03
 415  -0.552847E-03   0.105752E-03   0.207684E-01   0.438706E-02   0.400000E-03
 416  -0.982139E-03  -0.431364E-03   0.223142E-01   0.406882E-02   0.400000E-03
 417  -0.660112E-03  -0.488653E-03   0.232637E-01   0.362358E-02   0.300000E-03
 418  -0.516914E-03  -0.170343E-03   0.250089E-01   0.366461E-02   0.350000E-03
 419   0.478159E-04  -0.644877E-03   0.276716E-01   0.308380E-02   0.350000E-03
 420  -0.690712E-03  -0.200982E-03   0.282416E-01   0.290764E-02   0.250000E-03
 421  -0.110802E-02  -0.296206E-03   0.294760E-01   0.310869E-02   0.350000E-03
 422  -0.939177E-03  -0.104738E-02   0.313170E-01   0.306867E-02   0.450000E-03
 423  -0.981642E-03  -0.915558E-03   0.338079E-01   0.336815E-02   0.350000E-03
 424  -0.122719E-02  -0.537814E-03   0.347332E-01   0.373714E-02   0.300000E-03
 425  -0.972680E-03  -0.951233E-04   0.370000E-01   0.340347E-02   0.300000E-03
 426  -0.856935E-03  -0.261758E-03   0.371841E-01   0.283287E-02   0.300000E-03
 427  -0.253070E-03  -0.417023E-03   0.380375E-01   0.312350E-02   0.300000E-03
 428  -0.169353E-02   0.756300E-04   0.385893E-01   0.210455E-02   0.250000E-03
 429  -0.570727E-03  -0.932505E-06   0.402386E-01   0.192147E-02   0.300000E-03
 430  -0.231798E-03  -0.297112E-03   0.419275E-01   0.188852E-02   0.350000E-03
 431  -0.877425E-03  -0.235883E-03   0.426677E-01   0.179214E-02   0.400000E-03
 432  -0.507339E-03  -0.313520E-03   0.432961E-01   0.148687E-02   0.300000E-03
 433   0.193239E-03   0.124534E-04   0.346888E-03   0.408040E-02   0.350000E-03
 434   0.101472E-02   0.214145E-03   0.164501E-02   0.199652E-02   0.200000E-03
 435   0.348675E-03   0.333956E-04   0.318014E-02   0.297605E-02   0.350000E-03
 436   0.108687E-02  -0.104099E-03   0.526601E-02   0.296610E-02   0.250000E-03
 437   0.200764E-03  -0.733180E-04   0.566633E-02   0.363200E-02   0.200000E-03
 438   0.375019E-03   0.249250E-03   0.674125E-02   0.389747E-02   0.300000E-03
 439  -0.322084E-03   0.477156E-03   0.790898E-02   0.365644E-02   0.350000E-03
 440  -0.290924E-03   0.382274E-03   0.108591E-01   0.379637E-02   0.200000E-03
 441  -0.148484E-03  -0.443456E-04   0.108878E-01   0.330000E-02   0.300000E-03
 442  -0.942859E-03   0.326234E-03   0.130527E-01   0.379623E-02   0.300000E-03
 443  -0.855183E-03   0.272241E-03   0.135556E-01   0.357731E-02   0.250000E-03
 444  -0.241455E-03   0.341030E-04   0.151813E-01   0.399178E-02   0.300000E-03
 445  -0.847000E-03  -0.502023E-03   0.156326E-01   0.452433E-02   0.400000E-03
 446  -0.111519E-02  -0.120476E-03   0.162307E-01   0.451982E-02   0.200000E-03
 447  -0.864121E-03  -0.469456E-03   0.171543E-01   0.463125E-02   0.300000E-03
 448  -0.549817E-03   0.596677E-03   0.182358E-01   0.447834E-02   0.500000E-03
 449  -0.691217E-03   0.609798E-03   0.191290E-01   0.445324E-02   0.400000E-03
 450  -0.375495E-03   0.725040E-03   0.198240E-01   0.446100E-02   0.300000E-03
 451  -0.778868E-03   0.233991E-03   0.214541E-01   0.397658E-02   0.400000E-03
 452  -0.106273E-02  -0.276743E-03   0.218208E-01   0.463029E-02   0.350000E-03
 453  -0.711738E-03  -0.269584E-03   0.239199E-01   0.397289E-02   0.350000E-03
 454  -0.914034E-03  -0.203110E-03   0.256323E-01   0.335044E-02   0.350000E-03
 455  -0.544802E-03  -0.328994E-03   0.268892E-01   0.305013E-02   0.200000E-03
 456  -0.141771E-02  -0.375480E-03   0.287805E-01   0.316065E-02   0.350000E-03
 457  -0.316560E-03  -0.333403E-03   0.304073E-01   0.322454E-02   0.300000E-03
 458  -0.456409E-03  -0.143242E-03   0.306801E-01   0.380406E-02   0.350000E-03
 459  -0.184666E-02  -0.262999E-04   0.317547E-01   0.373624E-02   0.350000E-03
 460  -0.843767E-03  -0.448526E-03   0.341936E-01   0.382635E-02   0.250000E-03
 461  -0.748946E-03  -0.282701E-03   0.364803E-01   0.357743E-02   0.250000E-03
 462  -0.418509E-03  -0.424371E-03   0.376555E-01   0.428619E-02   0.300000E-03
 463  -0.863075E-03   0.317137E-03   0.382929E-01   0.258387E-02   0.300000E-03
 464  -0.106511E-02  -0.304678E-04   0.390300E-01   0.264567E-02   0.450000E-03
 465  -0.448130E-03  -0.501035E-03   0.407160E-01   0.238781E-02   0.300000E-03
 466  -0.662545E-03  -0.547561E-03   0.411697E-01   0.259399E-02   0.200000E-03
 467  -0.536704E-03   0.148659E-03   0.435618E-01   0.256199E-02   0.250000E-03
 468  -0.394271E-03  -0.578408E-03   0.435860E-01   0.383756E-02   0.350000E-03
 469   0.249013E-04   0.130497E-04   0.105555E-02   0.444367E-02   0.450000E-03
 470  -0.369907E-03   0.133348E-03   0.217019E-02   0.289957E-02   0.300000E-03
 471  -0.255013E-04  -0.130604E-03   0.389202E-02   0.320891E-02   0.400000E-03
 472   0.718185E-03  -0.418523E-03   0.459813E-02   0.306654E-02   0.300000E-03
 473   0.983761E-03   0.644314E-04   0.506981E-02   0.358262E-02   0.400000E-03
 474  -0.132055E-04   0.477661E-03   0.744888E-02   0.403911E-02   0.250000E-03
 475  -0.286308E-03   0.446319E-03   0.807094E-02   0.433592E-02   0.350000E-03
 476  -0.619457E-03   0.489594E-03   0.952765E-02   0.408687E-02   0.300000E-03
 477  -0.123813E-02   0.237867E-03   0.112858E-01   0.299671E-02   0.200000E-03
 478  -0.799332E-03   0.946178E-04   0.122316E-01   0.404048E-02   0.350000E-03
 479  -0.703729E-03   0.447902E-03   0.141780E-01   0.406680E-02   0.250000E-03
 480  -0.360820E-03   0.531965E-03   0.146416E-01   0.388102E-02   0.250000E-03
 481  -0.466681E-03   0.195902E-03   0.147757E-01   0.436208E-02   0.250000E-03
 482  -0.103434E-02   0.258492E-03   0.162225E-01   0.511394E-02   0.400000E-03
 483  -0.111113E-02   0.232548E-03   0.169187E-01   0.518248E-02   0.300000E-03
 484  -0.682910E-03   0.538319E-03   0.185044E-01   0.522928E-02   0.300000E-03
 485  -0.129044E-02  -0.495473E-03   0.194983E-01   0.510458E-02   0.350000E-03
 486  -0.971746E-03  -0.290103E-03   0.201362E-01   0.497118E-02   0.300000E-03
 487  -0.102067E-02  -0.325476E-03   0.212196E-01   0.498115E-02   0.350000E-03
 488  -0.458729E-03  -0.241933E-03   0.217339E-01   0.517287E-02   0.200000E-03
 489  -0.482113E-03  -0.213216E-03   0.245177E-01   0.400578E-02   0.250000E-03
 490  -0.111069E-02  -0.407803E-03   0.271796E-01   0.340394E-02   0.250000E-03
 491  -0.637938E-03  -0.645151E-03   0.282034E-01   0.345579E-02   0.300000E-03
 492  -0.105122E-02  -0.411790E-04   0.291785E-01   0.379263E-02   0.400000E-03
 493   0.106989E-03  -0.139423E-03   0.299238E-01   0.357956E-02   0.300000E-03
 494  -0.104508E-02   0.202213E-03   0.312128E-01   0.370698E-02   0.200000E-03
 495  -0.171893E-02  -0.289295E-03   0.328849E-01   0.398811E-02   0.200000E-03
 496  -0.125940E-02  -0.303830E-03   0.359341E-01   0.418619E-02   0.350000E-03
 497  -0.127617E-02  -0.105239E-03   0.361090E-01   0.372024E-02   0.150000E-03
 498  -0.865687E-03  -0.486299E-03   0.373707E-01   0.381581E-02   0.250000E-03
 499  -0.955303E-03  -0.260801E-03   0.375411E-01   0.334631E-02   0.250000E-03
 500  -0.126788E-02  -0.222312E-04   0.394110E-01   0.310874E-02   0.150000E-03
 501  -0.621241E-03  -0.552215E-03   0.401737E-01   0.246587E-02   0.250000E-03
 502  -0.669814E-03  -0.376122E-03   0.413242E-01   0.212312E-02   0.300000E-03
 503  -0.732698E-03   0.214998E-03   0.429684E-01   0.263932E-02   0.350000E-03
 504  -0.593619E-03  -0.231381E-04   0.433026E-01   0.208269E-02   0.300000E-03
 505  -0.575321E-04   0.470051E-04   0.165041E-02   0.391330E-02   0.350000E-03
 506  -0.175454E-03   0.172381E-03   0.186912E-02   0.335722E-02   0.250000E-03
 507   0.348367E-03   0.393469E-03   0.333366E-02   0.355490E-02   0.250000E-03
 508   0.347162E-03   0.167449E-03   0.438211E-02   0.370731E-02   0.300000E-03
 509   0.429299E-03   0.223785E-03   0.606342E-02   0.431210E-02   0.250000E-03
 510  -0.149795E-03   0.641086E-03   0.746712E-02   0.458300E-02   0.300000E-03
 511  -0.491833E-03  -0.568335E-03   0.872400E-02   0.423708E-02   0.300000E-03
 512  -0.378592E-03   0.395278E-03   0.103114E-01   0.378778E-02   0.350000E-03
 513   0.223453E-04  -0.697666E-04   0.114301E-01   0.354256E-02   0.300000E-03
 514  -0.735841E-03  -0.581925E-04   0.128442E-01   0.446363E-02   0.400000E-03
 515  -0.835995E-03   0.448484E-03   0.135880E-01   0.417513E-02   0.350000E-03
 516  -0.740067E-03   0.451779E-04   0.142561E-01   0.465918E-02   0.350000E-03
 517  -0.525374E-03  -0.722474E-03   0.150896E-01   0.460977E-02   0.150000E-03
 518  -0.783925E-03   0.132739E-03   0.154445E-01   0.529680E-02   0.400000E-03
 519  -0.282871E-03   0.330274E-03   0.176290E-01   0.506351E-02   0.350000E-03
 520  -0.714485E-03   0.539192E-03   0.190156E-01   0.553973E-02   0.300000E-03
 521  -0.106406E-02  -0.285666E-03   0.200038E-01   0.565752E-02   0.400000E-03
 522  -0.109390E-02  -0.227170E-03   0.205691E-01   0.530755E-02   0.250000E-03
 523  -0.433993E-03  -0.173046E-03   0.217142E-01   0.562042E-02   0.250000E-03
 524  -0.766696E-03  -0.429291E-03   0.230067E-01   0.416366E-02   0.300000E-03
 525  -0.481388E-03  -0.221318E-03   0.250706E-01   0.441089E-02   0.400000E-03
 526  -0.451532E-03  -0.128769E-03   0.255299E-01   0.395638E-02   0.250000E-03
 527  -0.471365E-03  -0.487724E-03   0.276591E-01   0.373288E-02   0.300000E-03
 528  -0.971711E-03  -0.577024E-03   0.290639E-01   0.453281E-02   0.350000E-03
 529  -0.594142E-03   0.405009E-03   0.304031E-01   0.438244E-02   0.300000E-03
 530  -0.174167E-02  -0.535735E-03   0.321377E-01   0.405734E-02   0.150000E-03
 531  -0.119209E-02   0.233370E-03   0.330345E-01   0.355933E-02   0.200000E-03
 532  -0.990333E-03  -0.385892E-03   0.351906E-01   0.426609E-02   0.400000E-03
 533  -0.970289E-03  -0.431775E-03   0.368462E-01   0.398137E-02   0.300000E-03
 534  -0.962051E-03  -0.104460E-02   0.382326E-01   0.445450E-02   0.300000E-03
 535  -0.114523E-02  -0.453702E-03   0.379177E-01   0.374654E-02   0.300000E-03
 536  -0.111371E-02   0.960290E-05   0.387152E-01   0.315141E-02   0.150000E-03
 537  -0.538706E-03  -0.423104E-03   0.404543E-01   0.274939E-02   0.150000E-03
 538  -0.363399E-03  -0.167379E-03   0.417701E-01   0.251790E-02   0.300000E-03
 539  -0.102842E-02   0.831392E-04   0.423593E-01   0.241735E-02   0.300000E-03
 540  -0.994663E-03  -0.584276E-04   0.439692E-01   0.284581E-02   0.250000E-03
 541   0.273686E-03   0.582363E-03   0.470588E-02   0.861476E-02   0.300000E-03
 542  -0.242162E-04   0.589960E-03   0.258467E-02   0.357821E-02   0.500000E-03
 543   0.189844E-03   0.130539E-03   0.376584E-02   0.389341E-02   0.300000E-03
 544   0.328065E-03   0.383595E-03   0.420272E-02   0.422675E-02   0.250000E-03
 545   0.870175E-03  -0.164706E-03   0.530755E-02   0.418457E-02   0.250000E-03
 546  -0.617359E-03   0.731908E-04   0.855602E-02   0.496702E-02   0.450000E-03
 547  -0.109622E-03  -0.332832E-03   0.920669E-02   0.459200E-02   0.300000E-03
 548  -0.957718E-03  -0.190892E-03   0.974571E-02   0.453368E-02   0.200000E-03
 549  -0.370646E-03   0.888677E-05   0.110634E-01   0.435773E-02   0.400000E-03
 550  -0.162237E-03   0.636778E-04   0.116337E-01   0.404838E-02   0.250000E-03
 551  -0.692524E-03   0.213327E-04   0.135191E-01   0.497093E-02   0.450000E-03
 552  -0.633877E-03  -0.849885E-04   0.142142E-01   0.535505E-02   0.350000E-03
 553  -0.665096E-03  -0.589061E-03   0.148083E-01   0.489388E-02   0.250000E-03
 554  -0.790538E-03   0.190626E-03   0.150854E-01   0.583310E-02   0.250000E-03
 555  -0.899311E-03   0.149430E-03   0.159940E-01   0.587927E-02   0.400000E-03
 556  -0.387853E-03   0.301077E-03   0.180183E-01   0.557752E-02   0.300000E-03
 557  -0.736293E-03   0.655490E-03   0.187613E-01   0.486041E-02   0.150000E-03
 558  -0.101381E-02  -0.765213E-04   0.210749E-01   0.571296E-02   0.400000E-03
 559  -0.870176E-03  -0.172304E-03   0.225109E-01   0.468814E-02   0.250000E-03
 560  -0.102284E-02   0.116104E-03   0.235908E-01   0.446820E-02   0.250000E-03
 561  -0.696361E-03  -0.244170E-03   0.258164E-01   0.448187E-02   0.350000E-03
 562  -0.718258E-03  -0.286550E-03   0.261172E-01   0.385168E-02   0.350000E-03
 563  -0.637775E-03  -0.426848E-03   0.284469E-01   0.410903E-02   0.400000E-03
 564  -0.683289E-03  -0.285548E-05   0.284751E-01   0.480762E-02   0.300000E-03
 565  -0.926950E-03   0.234192E-03   0.297743E-01   0.424225E-02   0.350000E-03
 566  -0.149775E-02  -0.904707E-03   0.312556E-01   0.435913E-02   0.450000E-03
 567  -0.131235E-02   0.397458E-03   0.332456E-01   0.328046E-02   0.150000E-03
 568  -0.102959E-02  -0.385328E-03   0.338505E-01   0.381305E-02   0.100000E-03
 569  -0.926515E-03  -0.552377E-03   0.369745E-01   0.451266E-02   0.250000E-03
 570  -0.115576E-02  -0.100831E-02   0.378096E-01   0.487843E-02   0.300000E-03
 571  -0.575439E-03  -0.738834E-03   0.384759E-01   0.352810E-02   0.300000E-03
 572  -0.123515E-02  -0.666555E-04   0.390799E-01   0.341278E-02   0.300000E-03
 573  -0.148858E-02  -0.167849E-04   0.397551E-01   0.281917E-02   0.300000E-03
 574  -0.480408E-03  -0.642925E-03   0.414321E-01   0.323953E-02   0.500000E-03
 575  -0.756556E-03  -0.657661E-03   0.421417E-01   0.292140E-02   0.250000E-03
 576  -0.435631E-03   0.667639E-03   0.444200E-01   0.385851E-02   0.300000E-03
 577   0.170183E-03  -0.111955E-03   0.306852E-03   0.472717E-02   0.300000E-03
 578  -0.173943E-03   0.296073E-04   0.261542E-02   0.442209E-02   0.350000E-03
 579  -0.423392E-04   0.156163E-03   0.476579E-02   0.443149E-02   0.350000E-03
 580   0.928273E-03  -0.259658E-03   0.541718E-02   0.467122E-02   0.250000E-03
 581   0.317799E-03   0.237764E-03   0.708004E-02   0.419331E-02   0.150000E-03
 582  -0.255512E-03   0.459914E-04   0.791468E-02   0.486234E-02   0.200000E-03
 583  -0.674585E-03   0.423479E-03   0.993643E-02   0.493836E-02   0.250000E-03
 584  -0.442616E-03   0.150770E-05   0.103266E-01   0.448504E-02   0.350000E-03
 585   0.198807E-03   0.112784E-02   0.106797E-01   0.519990E-02   0.450000E-03
 586  -0.357143E-03  -0.207128E-03   0.118391E-01   0.455612E-02   0.300000E-03
 587  -0.387111E-03  -0.270445E-03   0.123072E-01   0.473044E-02   0.200000E-03
 588  -0.809495E-03  -0.194179E-03   0.136550E-01   0.560614E-02   0.200000E-03
 589  -0.553509E-03   0.235076E-04   0.148079E-01   0.541785E-02   0.250000E-03
 590  -0.801528E-03   0.181699E-03   0.154401E-01   0.610870E-02   0.200000E-03
 591  -0.167938E-03  -0.516548E-05   0.173387E-01   0.558148E-02   0.250000E-03
 592  -0.544754E-03  -0.187754E-03   0.180878E-01   0.617089E-02   0.300000E-03
 593  -0.144822E-02  -0.321698E-03   0.193926E-01   0.600401E-02   0.300000E-03
 594  -0.821311E-03  -0.407333E-04   0.205148E-01   0.620582E-02   0.350000E-03
 595  -0.892169E-03  -0.181443E-03   0.221236E-01   0.508827E-02   0.200000E-03
 596  -0.788568E-03  -0.746659E-04   0.230992E-01   0.480506E-02   0.350000E-03
 597  -0.639644E-03  -0.212047E-03   0.243009E-01   0.461610E-02   0.400000E-03
 598  -0.750678E-03  -0.371019E-03   0.265138E-01   0.442385E-02   0.350000E-03
 599  -0.872174E-03  -0.356700E-03   0.270614E-01   0.398940E-02   0.350000E-03
 600  -0.932563E-03  -0.550481E-03   0.298184E-01   0.488855E-02   0.300000E-03
 601  -0.672607E-03  -0.359443E-03   0.304523E-01   0.502323E-02   0.350000E-03
 602  -0.794358E-03  -0.623830E-03   0.309244E-01   0.485919E-02   0.150000E-03
 603  -0.145409E-02  -0.244832E-03   0.330197E-01   0.451965E-02   0.350000E-03
 604  -0.121021E-02  -0.173525E-03   0.334300E-01   0.395413E-02   0.350000E-03
 605  -0.109923E-02  -0.301611E-03   0.363866E-01   0.478207E-02   0.400000E-03
 606  -0.109069E-02  -0.966545E-03   0.385039E-01   0.515332E-02   0.450000E-03
 607  -0.611267E-03  -0.140005E-02   0.386087E-01   0.405676E-02   0.250000E-03
 608  -0.837919E-03   0.410255E-04   0.396765E-01   0.347174E-02   0.300000E-03
 609  -0.990604E-03   0.464967E-03   0.402715E-01   0.321104E-02   0.350000E-03
 610  -0.266533E-03  -0.681061E-03   0.408891E-01   0.280269E-02   0.150000E-03
 611   0.143183E-05  -0.612085E-03   0.428162E-01   0.363027E-02   0.450000E-03
 612  -0.613521E-03   0.806381E-04   0.434492E-01   0.314722E-02   0.350000E-03
 613  -0.122805E-02  -0.176477E-02   0.103818E-01   0.866948E-02   0.350000E-03
 614   0.113777E-03   0.114406E-03   0.313569E-02   0.458907E-02   0.200000E-03
 615   0.162352E-03   0.141718E-03   0.368006E-02   0.453410E-02   0.350000E-03
 616   0.391605E-03   0.260980E-03   0.566780E-02   0.436364E-02   0.150000E-03
 617   0.424046E-03   0.294695E-03   0.661720E-02   0.453241E-02   0.350000E-03
 618  -0.370092E-03  -0.254652E-03   0.811703E-02   0.557139E-02   0.300000E-03
 619  -0.102733E-04   0.290033E-03   0.927210E-02   0.518740E-02   0.300000E-03
 620  -0.570718E-03  -0.125426E-03   0.984666E-02   0.557971E-02   0.400000E-03
 621  -0.289146E-03   0.974719E-04   0.113669E-01   0.539076E-02   0.250000E-03
 622  -0.263016E-03  -0.142351E-03   0.114135E-01   0.489922E-02   0.250000E-03
 623  -0.685093E-03  -0.245672E-04   0.126331E-01   0.518137E-02   0.350000E-03
 624  -0.656062E-03   0.562785E-04   0.139734E-01   0.584801E-02   0.200000E-03
 625  -0.668284E-03   0.244091E-03   0.145058E-01   0.598501E-02   0.350000E-03
 626  -0.894785E-03   0.411751E-03   0.166037E-01   0.550666E-02   0.150000E-03
 627  -0.115573E-02   0.227086E-03   0.169036E-01   0.568189E-02   0.200000E-03
 628  -0.301507E-03  -0.525637E-03   0.174921E-01   0.610411E-02   0.300000E-03
 629  -0.530373E-03  -0.285187E-03   0.186826E-01   0.661955E-02   0.450000E-03
 630  -0.405040E-03   0.941929E-03   0.217296E-01   0.617001E-02   0.300000E-03
 631  -0.643019E-03  -0.148763E-05   0.226236E-01   0.531368E-02   0.350000E-03
 632  -0.982555E-03  -0.892418E-04   0.237175E-01   0.500137E-02   0.300000E-03
 633  -0.545953E-03  -0.251912E-03   0.245398E-01   0.521805E-02   0.250000E-03
 634  -0.924460E-03  -0.389486E-03   0.270482E-01   0.453674E-02   0.200000E-03
 635  -0.510366E-03  -0.474574E-03   0.276904E-01   0.448148E-02   0.450000E-03
 636  -0.956043E-03  -0.573733E-03   0.292783E-01   0.514483E-02   0.300000E-03
 637  -0.748081E-03  -0.489147E-03   0.302536E-01   0.563778E-02   0.300000E-03
 638  -0.118577E-02  -0.283623E-03   0.321364E-01   0.473946E-02   0.350000E-03
 639  -0.731580E-03  -0.141272E-03   0.342762E-01   0.478826E-02   0.250000E-03
 640  -0.683607E-03  -0.353906E-03   0.344925E-01   0.428633E-02   0.300000E-03
 641  -0.145313E-02  -0.652746E-03   0.368676E-01   0.528821E-02   0.300000E-03
 642  -0.114521E-02  -0.983188E-03   0.372646E-01   0.491099E-02   0.250000E-03
 643  -0.697299E-03  -0.161711E-02   0.387943E-01   0.451815E-02   0.250000E-03
 644  -0.120557E-02   0.195988E-04   0.392780E-01   0.408353E-02   0.400000E-03
 645  -0.604977E-03  -0.195639E-03   0.417323E-01   0.387101E-02   0.200000E-03
 646  -0.835076E-03  -0.385167E-03   0.407943E-01   0.336355E-02   0.150000E-03
 647  -0.264547E-04  -0.484155E-03   0.425787E-01   0.302619E-02   0.200000E-03
 648  -0.751864E-03   0.854279E-03   0.448025E-01   0.353980E-02   0.200000E-03
 649   0.152304E-03   0.306975E-03   0.724208E-03   0.500241E-02   0.200000E-03
 650  -0.178873E-03   0.193402E-03   0.265862E-02   0.511439E-02   0.350000E-03
 651   0.909095E-05   0.360858E-03   0.319934E-02   0.409001E-02   0.300000E-03
 652   0.372420E-03   0.249247E-03   0.457810E-02   0.502328E-02   0.200000E-03
 653   0.552049E-03  -0.521654E-03   0.654511E-02   0.502455E-02   0.150000E-03
 654  -0.102923E-03  -0.158475E-03   0.748313E-02   0.527810E-02   0.400000E-03
 655  -0.794579E-03  -0.344431E-03   0.874335E-02   0.574430E-02   0.350000E-03
 656  -0.402277E-03  -0.289694E-03   0.930886E-02   0.594354E-02   0.250000E-03
 657  -0.132318E-03   0.149846E-03   0.104178E-01   0.597968E-02   0.300000E-03
 658  -0.285643E-03  -0.303629E-04   0.119341E-01   0.519787E-02   0.350000E-03
 659  -0.698389E-03   0.241688E-04   0.131135E-01   0.553945E-02   0.250000E-03
 660  -0.449639E-03  -0.191935E-03   0.135842E-01   0.630287E-02   0.400000E-03
 661  -0.738250E-03   0.261301E-03   0.150198E-01   0.637772E-02   0.300000E-03
 662  -0.100291E-02  -0.101566E-03   0.163279E-01   0.649212E-02   0.300000E-03
 663  -0.927416E-03  -0.166986E-03   0.166307E-01   0.603599E-02   0.250000E-03
 664  -0.348674E-03  -0.403523E-03   0.177375E-01   0.659330E-02   0.250000E-03
 665  -0.109843E-02  -0.389474E-04   0.198835E-01   0.634634E-02   0.300000E-03
 666  -0.103522E-02   0.278223E-03   0.211381E-01   0.640880E-02   0.300000E-03
 667  -0.598099E-03  -0.148113E-03   0.222230E-01   0.581986E-02   0.300000E-03
 668  -0.908555E-03  -0.218270E-03   0.232962E-01   0.542640E-02   0.300000E-03
 669  -0.678183E-03  -0.347422E-03   0.247636E-01   0.480494E-02   0.100000E-03
 670  -0.706608E-03  -0.342223E-03   0.262473E-01   0.490074E-02   0.200000E-03
 671  -0.631570E-03  -0.632081E-03   0.284013E-01   0.530149E-02   0.200000E-03
 672  -0.430467E-03  -0.490593E-03   0.279995E-01   0.510794E-02   0.250000E-03
 673  -0.913697E-03  -0.517035E-03   0.309639E-01   0.549223E-02   0.350000E-03
 674  -0.126694E-02  -0.220313E-03   0.315401E-01   0.510264E-02   0.350000E-03
 675  -0.117019E-02  -0.261452E-03   0.324835E-01   0.425655E-02   0.250000E-03
 676  -0.117877E-02  -0.154349E-03   0.347750E-01   0.476489E-02   0.250000E-03
 677  -0.153237E-02  -0.813304E-03   0.369598E-01   0.598042E-02   0.400000E-03
 678  -0.988386E-03  -0.586957E-03   0.374069E-01   0.538848E-02   0.250000E-03
 679  -0.453571E-03  -0.629700E-03   0.390957E-01   0.541943E-02   0.200000E-03
 680  -0.272984E-03  -0.128443E-02   0.392599E-01   0.489542E-02   0.350000E-03
 681  -0.815098E-03  -0.744857E-04   0.411012E-01   0.390844E-02   0.250000E-03
 682  -0.693443E-03  -0.763232E-03   0.421545E-01   0.341962E-02   0.250000E-03
 683   0.129882E-04  -0.131295E-03   0.440313E-01   0.455543E-02   0.500000E-03
 684  -0.840689E-03   0.258106E-04   0.440489E-01   0.338927E-02   0.300000E-03
 685  -0.146614E-03   0.258366E-03   0.348727E-03   0.744762E-02   0.350000E-03
 686   0.167652E-03   0.542561E-03   0.332252E-02   0.570449E-02   0.350000E-03
 687   0.143097E-03   0.934972E-04   0.330376E-02   0.505864E-02   0.300000E-03
 688  -0.104514E-04   0.318449E-03   0.502326E-02   0.497288E-02   0.250000E-03
 689   0.373712E-03   0.283116E-03   0.705342E-02   0.486142E-02   0.200000E-03
 690  -0.136026E-03   0.305232E-04   0.759931E-02   0.601230E-02   0.350000E-03
 691  -0.345953E-03   0.143085E-04   0.874857E-02   0.654521E-02   0.350000E-03
 692  -0.551397E-03   0.126435E-03   0.985956E-02   0.627722E-02   0.300000E-03
 693  -0.162104E-03   0.248278E-03   0.103479E-01   0.652350E-02   0.250000E-03
 694  -0.379672E-03   0.151345E-03   0.110621E-01   0.590112E-02   0.350000E-03
 695  -0.699372E-03  -0.660925E-05   0.128662E-01   0.608552E-02   0.350000E-03
 696  -0.668035E-03  -0.169883E-03   0.145924E-01   0.729683E-02   0.250000E-03
 697  -0.422014E-03  -0.137554E-03   0.142979E-01   0.670201E-02   0.400000E-03
 698  -0.125451E-02  -0.178539E-05   0.156534E-01   0.666807E-02   0.400000E-03
 699  -0.737424E-03  -0.476549E-04   0.170456E-01   0.670327E-02   0.450000E-03
 700  -0.243947E-03  -0.314755E-03   0.180596E-01   0.703568E-02   0.300000E-03
 701  -0.973951E-03  -0.202465E-03   0.194232E-01   0.672619E-02   0.300000E-03
 702  -0.888018E-03   0.991353E-04   0.202910E-01   0.691568E-02   0.400000E-03
 703  -0.743078E-03  -0.135963E-03   0.229047E-01   0.600622E-02   0.400000E-03
 704  -0.101192E-02   0.314977E-04   0.240358E-01   0.562301E-02   0.400000E-03
 705  -0.503064E-03  -0.294788E-03   0.250123E-01   0.505750E-02   0.250000E-03
 706  -0.649977E-03  -0.327035E-03   0.258359E-01   0.507942E-02   0.250000E-03
 707  -0.864719E-03  -0.507179E-03   0.268564E-01   0.510193E-02   0.400000E-03
 708  -0.963911E-03  -0.624590E-03   0.297456E-01   0.543223E-02   0.250000E-03
 709  -0.120289E-02  -0.210041E-03   0.320585E-01   0.528308E-02   0.200000E-03
 710  -0.136197E-02  -0.344937E-03   0.326727E-01   0.500696E-02   0.250000E-03
 711  -0.114261E-02  -0.255681E-03   0.337126E-01   0.459199E-02   0.350000E-03
 712  -0.112152E-02  -0.885672E-04   0.350977E-01   0.521000E-02   0.300000E-03
 713  -0.117618E-02  -0.655144E-03   0.381485E-01   0.635808E-02   0.350000E-03
 714  -0.116764E-02  -0.736299E-03   0.379187E-01   0.569744E-02   0.350000E-03
 715  -0.772568E-03  -0.268953E-03   0.388337E-01   0.564843E-02   0.150000E-03
 716  -0.149282E-02  -0.514318E-03   0.397388E-01   0.454123E-02   0.250000E-03
 717  -0.854389E-03   0.313223E-04   0.400791E-01   0.367226E-02   0.150000E-03
 718  -0.609288E-03  -0.210237E-03   0.421796E-01   0.391790E-02   0.250000E-03
 719  -0.978569E-03  -0.793190E-03   0.448015E-01   0.547483E-02   0.200000E-03
 720  -0.870052E-03  -0.519701E-03   0.433904E-01   0.732529E-02   0.350000E-03
 721   0.123115E-03   0.243087E-03   0.215486E-02   0.412910E-02   0.200000E-03
 722   0.214909E-03   0.189332E-03   0.201763E-02   0.521123E-02   0.300000E-03
 723   0.242760E-03   0.116324E-03   0.424661E-02   0.472422E-02   0.250000E-03
 724   0.538483E-03  -0.508454E-03   0.599974E-02   0.495804E-02   0.400000E-03
 725   0.381960E-03   0.287051E-03   0.691752E-02   0.518354E-02   0.150000E-03
 726   0.450957E-03   0.309798E-03   0.652875E-02   0.557177E-02   0.400000E-03
 727  -0.396772E-03   0.129450E-05   0.823150E-02   0.615866E-02   0.300000E-03
 728  -0.359222E-03   0.218846E-04   0.933753E-02   0.644217E-02   0.250000E-03
 729  -0.581341E-03  -0.209237E-03   0.970020E-02   0.685548E-02   0.300000E-03
 730  -0.579785E-03  -0.328604E-03   0.123378E-01   0.570199E-02   0.250000E-03
 731  -0.603610E-03  -0.287462E-03   0.121700E-01   0.627715E-02   0.350000E-03
 732  -0.411286E-03  -0.186015E-03   0.130615E-01   0.668650E-02   0.250000E-03
 733  -0.568090E-03  -0.395856E-03   0.149120E-01   0.691498E-02   0.250000E-03
 734  -0.100964E-02  -0.146107E-04   0.161735E-01   0.696713E-02   0.200000E-03
 735  -0.722235E-03  -0.424253E-04   0.174988E-01   0.735918E-02   0.350000E-03
 736  -0.480017E-03  -0.108264E-03   0.190033E-01   0.740514E-02   0.400000E-03
 737  -0.868494E-03   0.424592E-04   0.196861E-01   0.726416E-02   0.300000E-03
 738  -0.976923E-03   0.345851E-03   0.213618E-01   0.707104E-02   0.400000E-03
 739  -0.588719E-03  -0.203443E-03   0.223105E-01   0.646192E-02   0.350000E-03
 740  -0.845876E-03  -0.112129E-03   0.236161E-01   0.624288E-02   0.350000E-03
 741  -0.742113E-03  -0.519503E-03   0.247128E-01   0.568369E-02   0.250000E-03
 742  -0.746630E-03  -0.469228E-03   0.262576E-01   0.534918E-02   0.250000E-03
 743  -0.541666E-03  -0.544321E-03   0.275030E-01   0.515431E-02   0.250000E-03
 744  -0.272696E-03  -0.719273E-03   0.287850E-01   0.520244E-02   0.200000E-03
 745  -0.129886E-02   0.818163E-04   0.315542E-01   0.570100E-02   0.250000E-03
 746  -0.115183E-02   0.457421E-03   0.327913E-01   0.559368E-02   0.350000E-03
 747  -0.113518E-02   0.416224E-03   0.332443E-01   0.512827E-02   0.300000E-03
 748  -0.865077E-03  -0.280903E-03   0.356428E-01   0.485958E-02   0.350000E-03
 749  -0.966993E-03  -0.823133E-03   0.363008E-01   0.547564E-02   0.300000E-03
 750  -0.409124E-03  -0.495873E-03   0.384956E-01   0.586060E-02   0.250000E-03
 751  -0.110421E-02  -0.657041E-03   0.391595E-01   0.595235E-02   0.300000E-03
 752  -0.142804E-02  -0.423852E-03   0.401945E-01   0.424206E-02   0.300000E-03
 753  -0.734802E-03   0.244449E-03   0.407502E-01   0.306729E-02   0.150000E-03
 754  -0.761523E-03  -0.190390E-04   0.418955E-01   0.419767E-02   0.150000E-03
 755  -0.278591E-03  -0.795425E-04   0.425402E-01   0.416163E-02   0.150000E-03
 756  -0.952030E-03  -0.642868E-03   0.431114E-01   0.673850E-02   0.300000E-03
 757   0.821292E-04   0.159695E-03   0.184713E-02   0.458451E-02   0.350000E-03
 758   0.290599E-03   0.482574E-03   0.401692E-02   0.578380E-02   0.350000E-03
 759   0.218679E-03   0.157929E-03   0.389604E-02   0.514649E-02   0.300000E-03
 760   0.170743E-03   0.648474E-04   0.473117E-02   0.567466E-02   0.300000E-03
 761  -0.172365E-03   0.167109E-03   0.540670E-02   0.549276E-02   0.400000E-03
 762   0.231437E-03   0.485186E-03   0.593199E-02   0.602427E-02   0.350000E-03
 763   0.263643E-03  -0.131209E-03   0.689945E-02   0.627877E-02   0.400000E-03
 764  -0.382264E-03   0.123075E-04   0.816099E-02   0.682201E-02   0.300000E-03
 765  -0.598014E-03  -0.158471E-03   0.114918E-01   0.644903E-02   0.350000E-03
 766  -0.324419E-03   0.246834E-04   0.117188E-01   0.581034E-02   0.300000E-03
 767  -0.399458E-03  -0.170666E-03   0.126263E-01   0.657974E-02   0.200000E-03
 768  -0.389428E-03  -0.129352E-03   0.136802E-01   0.694485E-02   0.250000E-03
 769  -0.421968E-03  -0.221257E-03   0.152097E-01   0.743470E-02   0.350000E-03
 770  -0.129973E-02  -0.254431E-04   0.157938E-01   0.730078E-02   0.250000E-03
 771  -0.903633E-03   0.847972E-06   0.165145E-01   0.684542E-02   0.100000E-03
 772  -0.166046E-03  -0.137338E-03   0.183609E-01   0.749293E-02   0.250000E-03
 773  -0.864941E-03   0.712002E-04   0.200350E-01   0.786853E-02   0.400000E-03
 774  -0.800528E-03   0.163312E-03   0.207501E-01   0.750355E-02   0.350000E-03
 775  -0.808415E-03  -0.151865E-03   0.231442E-01   0.660942E-02   0.250000E-03
 776  -0.736497E-03   0.341446E-04   0.247382E-01   0.612987E-02   0.200000E-03
 777  -0.533026E-03  -0.270910E-03   0.254290E-01   0.488987E-02   0.200000E-03
 778  -0.750132E-03  -0.493950E-03   0.258474E-01   0.552665E-02   0.200000E-03
 779  -0.505397E-03  -0.164219E-03   0.275398E-01   0.570076E-02   0.300000E-03
 780  -0.852787E-03  -0.682905E-03   0.292691E-01   0.579375E-02   0.350000E-03
 781  -0.814135E-03  -0.482595E-03   0.306490E-01   0.594073E-02   0.200000E-03
 782  -0.123796E-02  -0.317734E-03   0.320976E-01   0.578058E-02   0.300000E-03
 783  -0.923271E-03   0.420244E-03   0.338775E-01   0.527094E-02   0.350000E-03
 784  -0.487300E-03   0.350545E-03   0.344228E-01   0.521083E-02   0.200000E-03
 785  -0.919226E-03  -0.853999E-03   0.356583E-01   0.555766E-02   0.350000E-03
 786  -0.120568E-02  -0.691224E-03   0.375746E-01   0.618856E-02   0.250000E-03
 787  -0.781376E-03  -0.577322E-03   0.397226E-01   0.615387E-02   0.300000E-03
 788  -0.174665E-03  -0.631207E-03   0.396358E-01   0.550899E-02   0.350000E-03
 789  -0.151341E-02  -0.291104E-03   0.405713E-01   0.377818E-02   0.300000E-03
 790  -0.702413E-03  -0.495593E-04   0.414626E-01   0.431141E-02   0.300000E-03
 791  -0.311963E-03  -0.744930E-03   0.431286E-01   0.436570E-02   0.350000E-03
 792  -0.292672E-03   0.778312E-04   0.438895E-01   0.518949E-02   0.150000E-03
 793   0.385133E-04   0.494617E-03   0.283964E-02   0.557874E-02   0.150000E-03
 794  -0.125695E-03   0.117348E-03   0.241587E-02   0.554693E-02   0.150000E-03
 795   0.400170E-03   0.258653E-03   0.435181E-02   0.534998E-02   0.200000E-03
 796   0.396034E-03   0.196912E-03   0.265169E-02   0.657533E-02   0.300000E-03
 797  -0.138799E-03  -0.149284E-04   0.450800E-02   0.634910E-02   0.400000E-03
 798  -0.117625E-03  -0.578187E-04   0.517911E-02   0.615234E-02   0.300000E-03
 799  -0.134766E-03   0.845439E-04   0.752204E-02   0.670411E-02   0.350000E-03
 800  -0.359247E-03   0.974010E-04   0.881718E-02   0.714020E-02   0.250000E-03
 801  -0.399680E-03   0.814535E-04   0.107574E-01   0.680762E-02   0.250000E-03
 802  -0.674615E-03   0.292360E-05   0.112245E-01   0.698570E-02   0.250000E-03
 803  -0.640374E-03  -0.240429E-03   0.119483E-01   0.683380E-02   0.250000E-03
 804  -0.389896E-03  -0.974249E-04   0.132028E-01   0.721753E-02   0.300000E-03
 805  -0.422572E-03  -0.165987E-03   0.140472E-01   0.735397E-02   0.300000E-03
 806  -0.109372E-02  -0.141427E-03   0.156981E-01   0.774012E-02   0.200000E-03
 807  -0.802884E-03  -0.218422E-03   0.179155E-01   0.778974E-02   0.250000E-03
 808  -0.532093E-03   0.312424E-04   0.190222E-01   0.825327E-02   0.450000E-03
 809  -0.673857E-03   0.239606E-03   0.213312E-01   0.779047E-02   0.300000E-03
 810  -0.842931E-03   0.397980E-03   0.220608E-01   0.705993E-02   0.300000E-03
 811  -0.816237E-03   0.178940E-03   0.236343E-01   0.689085E-02   0.300000E-03
 812  -0.920570E-03   0.496313E-04   0.242640E-01   0.628413E-02   0.300000E-03
 813  -0.582873E-03  -0.514898E-03   0.253022E-01   0.558224E-02   0.350000E-03
 814  -0.766813E-03  -0.280063E-03   0.270407E-01   0.567260E-02   0.200000E-03
 815  -0.628120E-03  -0.732641E-03   0.285263E-01   0.588615E-02   0.400000E-03
 816  -0.902109E-03  -0.240629E-03   0.312029E-01   0.598111E-02   0.200000E-03
 817  -0.784059E-03  -0.344184E-03   0.301999E-01   0.623401E-02   0.300000E-03
 818  -0.892590E-03  -0.273372E-04   0.325356E-01   0.618914E-02   0.300000E-03
 819  -0.904066E-03   0.384601E-03   0.334252E-01   0.573626E-02   0.300000E-03
 820  -0.926782E-03  -0.358873E-03   0.346805E-01   0.563591E-02   0.300000E-03
 821  -0.111254E-02   0.458460E-04   0.361739E-01   0.606026E-02   0.300000E-03
 822  -0.165619E-02   0.442369E-04   0.378081E-01   0.691159E-02   0.300000E-03
 823  -0.108630E-02  -0.639431E-03   0.387454E-01   0.631165E-02   0.250000E-03
 824  -0.719560E-03  -0.645731E-03   0.408179E-01   0.557987E-02   0.350000E-03
 825  -0.533960E-03  -0.330251E-03   0.402590E-01   0.500838E-02   0.450000E-03
 826  -0.717463E-03  -0.177685E-03   0.408150E-01   0.443450E-02   0.350000E-03
 827  -0.580029E-03   0.137713E-03   0.422313E-01   0.441449E-02   0.250000E-03
 828  -0.515417E-03  -0.156527E-03   0.402857E-01   0.694203E-02   0.350000E-03
 829   0.205538E-03   0.192419E-03   0.262981E-02   0.597591E-02   0.300000E-03
 830   0.212610E-03   0.153618E-03   0.298763E-03   0.532540E-02   0.300000E-03
 831   0.220750E-03   0.343299E-03   0.312145E-03   0.582459E-02   0.200000E-03
 832   0.262407E-03   0.236476E-03   0.310005E-02   0.625991E-02   0.250000E-03
 833   0.286579E-03   0.435570E-03   0.329314E-02   0.677358E-02   0.300000E-03
 834  -0.121292E-03   0.440672E-06   0.508451E-02   0.674440E-02   0.300000E-03
 835   0.264783E-03  -0.985116E-04   0.576888E-02   0.690997E-02   0.300000E-03
 836  -0.175141E-03  -0.253838E-03   0.760386E-02   0.739707E-02   0.350000E-03
 837  -0.484409E-03   0.374885E-03   0.107653E-01   0.635992E-02   0.200000E-03
 838  -0.727228E-03  -0.402655E-04   0.117083E-01   0.738247E-02   0.350000E-03
 839  -0.407072E-03  -0.621464E-04   0.125055E-01   0.716648E-02   0.400000E-03
 840  -0.374899E-03   0.218537E-03   0.141093E-01   0.795013E-02   0.300000E-03
 841  -0.584171E-03   0.261890E-03   0.146982E-01   0.783551E-02   0.300000E-03
 842  -0.583853E-03  -0.107839E-03   0.169493E-01   0.770155E-02   0.300000E-03
 843  -0.149055E-03   0.430407E-06   0.183732E-01   0.799088E-02   0.250000E-03
 844  -0.844310E-03  -0.886348E-04   0.197310E-01   0.849842E-02   0.300000E-03
 845  -0.823923E-03   0.103772E-03   0.207071E-01   0.820049E-02   0.350000E-03
 846  -0.895994E-03   0.346926E-03   0.218280E-01   0.755708E-02   0.250000E-03
 847  -0.791600E-03   0.161628E-03   0.230969E-01   0.715614E-02   0.300000E-03
 848  -0.902699E-03   0.192910E-03   0.243284E-01   0.697949E-02   0.400000E-03
 849  -0.749655E-03   0.589212E-04   0.252625E-01   0.629240E-02   0.350000E-03
 850  -0.779073E-03  -0.347265E-03   0.266008E-01   0.563986E-02   0.200000E-03
 851  -0.935378E-03   0.163417E-03   0.264431E-01   0.611033E-02   0.300000E-03
 852  -0.806128E-03  -0.267448E-03   0.298423E-01   0.581963E-02   0.150000E-03
 853  -0.927233E-03  -0.391177E-03   0.316504E-01   0.629663E-02   0.350000E-03
 854  -0.102571E-02  -0.500144E-03   0.327244E-01   0.680922E-02   0.350000E-03
 855  -0.463943E-03  -0.394594E-03   0.331314E-01   0.625900E-02   0.300000E-03
 856  -0.113657E-02  -0.296931E-03   0.340817E-01   0.599122E-02   0.400000E-03
 857  -0.114886E-02  -0.602601E-03   0.351719E-01   0.605755E-02   0.350000E-03
 858  -0.165185E-02  -0.663521E-03   0.365378E-01   0.653643E-02   0.300000E-03
 859  -0.102497E-02  -0.393059E-03   0.392854E-01   0.648676E-02   0.250000E-03
 860  -0.479158E-03  -0.760472E-03   0.402116E-01   0.580626E-02   0.300000E-03
 861  -0.329869E-03  -0.612528E-03   0.415151E-01   0.559131E-02   0.350000E-03
 862  -0.790758E-03  -0.442513E-03   0.409940E-01   0.500664E-02   0.250000E-03
 863  -0.251039E-03   0.144771E-03   0.432913E-01   0.514831E-02   0.450000E-03
 864  -0.101702E-02  -0.666890E-03   0.445520E-01   0.607378E-02   0.450000E-03
 865   0.128536E-03   0.199086E-03   0.136998E-02   0.517169E-02   0.350000E-03
 866   0.177427E-03   0.234870E-03   0.170842E-02   0.560208E-02   0.200000E-03
 867  -0.213821E-04   0.610487E-04   0.202991E-02   0.639173E-02   0.350000E-03
 868   0.283179E-03   0.411621E-03   0.373294E-02   0.636716E-02   0.300000E-03
 869   0.287832E-03   0.136716E-03   0.338418E-02   0.731397E-02   0.250000E-03
 870  -0.132463E-04   0.544409E-04   0.626879E-02   0.657873E-02   0.300000E-03
 871   0.240171E-03  -0.127434E-03   0.693282E-02   0.697710E-02   0.300000E-03
 872  -0.375276E-03  -0.391958E-04   0.919390E-02   0.686701E-02   0.200000E-03
 873  -0.133995E-03  -0.949660E-05   0.102650E-01   0.706433E-02   0.300000E-03
 874  -0.354429E-03   0.230173E-04   0.116575E-01   0.803865E-02   0.300000E-03
 875  -0.477279E-03   0.880201E-04   0.122071E-01   0.779836E-02   0.300000E-03
 876  -0.419310E-03  -0.156450E-03   0.135592E-01   0.769803E-02   0.300000E-03
 877  -0.567699E-03  -0.231121E-03   0.146853E-01   0.843481E-02   0.300000E-03
 878  -0.102839E-02  -0.194506E-03   0.163083E-01   0.760638E-02   0.350000E-03
 879  -0.764713E-03   0.144937E-03   0.174374E-01   0.795460E-02   0.250000E-03
 880  -0.860645E-03   0.339294E-04   0.177005E-01   0.843662E-02   0.300000E-03
 881  -0.930823E-03  -0.177587E-03   0.217912E-01   0.817490E-02   0.300000E-03
 882  -0.115944E-02   0.210962E-03   0.225625E-01   0.728327E-02   0.250000E-03
 883  -0.614233E-03  -0.210418E-03   0.227535E-01   0.669169E-02   0.150000E-03
 884  -0.820700E-03   0.123333E-03   0.238072E-01   0.751708E-02   0.350000E-03
 885  -0.759412E-03   0.427120E-04   0.256916E-01   0.740557E-02   0.400000E-03
 886  -0.742212E-03   0.136131E-03   0.258514E-01   0.602373E-02   0.300000E-03
 887  -0.102374E-02   0.229760E-03   0.282311E-01   0.657204E-02   0.350000E-03
 888  -0.758966E-03  -0.362083E-03   0.295207E-01   0.655073E-02   0.450000E-03
 889  -0.767936E-03  -0.455359E-03   0.308832E-01   0.654553E-02   0.450000E-03
 890  -0.669106E-03  -0.292114E-03   0.321675E-01   0.659662E-02   0.250000E-03
 891  -0.937406E-03  -0.540668E-03   0.336759E-01   0.661994E-02   0.350000E-03
 892  -0.129518E-02  -0.470999E-03   0.346291E-01   0.657332E-02   0.400000E-03
 893  -0.685254E-03  -0.283164E-03   0.357022E-01   0.643019E-02   0.300000E-03
 894  -0.113320E-02  -0.666919E-03   0.385733E-01   0.678059E-02   0.250000E-03
 895  -0.940090E-03  -0.587246E-03   0.390792E-01   0.699583E-02   0.300000E-03
 896  -0.356002E-03  -0.158994E-02   0.419234E-01   0.696913E-02   0.300000E-03
 897  -0.689063E-03  -0.600838E-03   0.424743E-01   0.662241E-02   0.350000E-03
 898  -0.145131E-02  -0.271995E-03   0.426363E-01   0.460927E-02   0.200000E-03
 899  -0.478969E-03   0.110349E-03   0.424960E-01   0.520860E-02   0.350000E-03
 900  -0.978725E-03  -0.622983E-03   0.438281E-01   0.573658E-02   0.350000E-03
 901   0.145905E-03   0.249036E-03   0.129084E-02   0.576340E-02   0.250000E-03
 902   0.247365E-03   0.209535E-03   0.309959E-02   0.772433E-02   0.250000E-03
 903  -0.476462E-04   0.103349E-03   0.210961E-02   0.579869E-02   0.250000E-03
 904   0.380136E-03   0.162727E-03   0.279377E-02   0.720840E-02   0.350000E-03
 905  -0.874196E-05  -0.233554E-03   0.403379E-02   0.705344E-02   0.450000E-03
 906  -0.377392E-03   0.161260E-03   0.589099E-02   0.744621E-02   0.250000E-03
 907   0.379827E-03   0.313060E-03   0.558180E-02   0.644701E-02   0.200000E-03
 908  -0.374203E-03  -0.173244E-03   0.884345E-02   0.768868E-02   0.300000E-03
 909  -0.375784E-03  -0.697890E-04   0.933581E-02   0.734459E-02   0.300000E-03
 910  -0.109841E-03  -0.246707E-03   0.100679E-01   0.810048E-02   0.300000E-03
 911  -0.530832E-03  -0.122974E-03   0.112124E-01   0.771763E-02   0.250000E-03
 912  -0.415760E-03  -0.214812E-03   0.152256E-01   0.872112E-02   0.250000E-03
 913  -0.417389E-03  -0.252281E-03   0.153072E-01   0.812703E-02   0.350000E-03
 914  -0.986616E-03  -0.317976E-03   0.160697E-01   0.836909E-02   0.450000E-03
 915  -0.583698E-03  -0.168620E-03   0.169538E-01   0.840096E-02   0.400000E-03
 916  -0.117858E-02   0.414548E-03   0.202955E-01   0.870143E-02   0.300000E-03
 917  -0.798959E-03  -0.792441E-05   0.198883E-01   0.914161E-02   0.300000E-03
 918  -0.118962E-02   0.653368E-04   0.223520E-01   0.784738E-02   0.350000E-03
 919  -0.768551E-03   0.139653E-03   0.230499E-01   0.780339E-02   0.350000E-03
 920  -0.764372E-03   0.212246E-03   0.247090E-01   0.647798E-02   0.150000E-03
 921  -0.456250E-03  -0.385675E-03   0.232186E-01   0.854543E-02   0.350000E-03
 922  -0.759055E-03   0.178052E-03   0.258494E-01   0.667274E-02   0.350000E-03
 923  -0.454325E-03   0.446715E-03   0.275689E-01   0.634905E-02   0.350000E-03
 924  -0.885139E-03  -0.246520E-03   0.288188E-01   0.711397E-02   0.450000E-03
 925  -0.762585E-03  -0.500050E-03   0.310615E-01   0.732459E-02   0.350000E-03
 926  -0.977228E-03   0.174670E-03   0.315875E-01   0.694281E-02   0.300000E-03
 927  -0.126004E-02  -0.624000E-03   0.335937E-01   0.716656E-02   0.200000E-03
 928  -0.108218E-02   0.118752E-03   0.341275E-01   0.648798E-02   0.100000E-03
 929  -0.111960E-02  -0.133347E-02   0.371965E-01   0.669158E-02   0.350000E-03
 930  -0.206429E-03  -0.359963E-03   0.412183E-01   0.665017E-02   0.300000E-03
 931  -0.418226E-03  -0.453544E-03   0.411890E-01   0.609126E-02   0.250000E-03
 932  -0.775102E-03  -0.270372E-03   0.397359E-01   0.670297E-02   0.250000E-03
 933  -0.195460E-03  -0.368091E-03   0.418106E-01   0.627853E-02   0.400000E-03
 934  -0.266353E-03  -0.983134E-03   0.412671E-01   0.471519E-02   0.150000E-03
 935  -0.634725E-03   0.858450E-04   0.418116E-01   0.490973E-02   0.400000E-03
 936  -0.965360E-03  -0.640933E-03   0.433711E-01   0.619812E-02   0.300000E-03
 937  -0.135279E-03   0.267141E-03   0.102826E-02   0.728564E-02   0.350000E-03
 938   0.255110E-04   0.375277E-03   0.296493E-03   0.632408E-02   0.300000E-03
 939  -0.107925E-04  -0.254629E-03   0.373854E-02   0.779669E-02   0.350000E-03
 940   0.205240E-03   0.222513E-03   0.791033E-03   0.598926E-02   0.300000E-03
 941  -0.131343E-03   0.249550E-03   0.165898E-02   0.698403E-02   0.350000E-03
 942   0.201791E-03   0.635945E-04   0.458838E-02   0.782361E-02   0.500000E-03
 943  -0.455095E-04   0.216140E-03   0.529857E-02   0.735748E-02   0.350000E-03
 944  -0.350945E-04  -0.473788E-04   0.636496E-02   0.716914E-02   0.300000E-03
 945  -0.407524E-03  -0.322938E-04   0.108008E-01   0.735449E-02   0.300000E-03
 946  -0.493469E-03  -0.172426E-03   0.981547E-02   0.761175E-02   0.250000E-03
 947  -0.385119E-03  -0.182181E-03   0.129072E-01   0.806603E-02   0.450000E-03
 948  -0.518887E-03   0.224215E-04   0.125134E-01   0.864376E-02   0.250000E-03
 949  -0.910577E-03  -0.463477E-03   0.156903E-01   0.901517E-02   0.300000E-03
 950  -0.307301E-03  -0.562774E-04   0.139557E-01   0.863266E-02   0.400000E-03
 951  -0.424084E-03  -0.457768E-03   0.165322E-01   0.895931E-02   0.300000E-03
 952  -0.299176E-03   0.798060E-04   0.182489E-01   0.847379E-02   0.250000E-03
 953  -0.916300E-03  -0.277887E-03   0.208936E-01   0.877050E-02   0.250000E-03
 954  -0.999629E-03  -0.250953E-03   0.223853E-01   0.870967E-02   0.500000E-03
 955  -0.824800E-03   0.105494E-03   0.235858E-01   0.807254E-02   0.250000E-03
 956  -0.756595E-03   0.243010E-03   0.250512E-01   0.729376E-02   0.250000E-03
 957  -0.695554E-03   0.448027E-04   0.267832E-01   0.767185E-02   0.350000E-03
 958  -0.492065E-03   0.356210E-03   0.264241E-01   0.707154E-02   0.350000E-03
 959  -0.625174E-03   0.499762E-03   0.269047E-01   0.656345E-02   0.350000E-03
 960  -0.826889E-03  -0.433588E-03   0.302250E-01   0.678237E-02   0.250000E-03
 961  -0.106481E-02  -0.778670E-03   0.320760E-01   0.797704E-02   0.400000E-03
 962  -0.869787E-03  -0.547806E-03   0.316335E-01   0.750152E-02   0.250000E-03
 963  -0.975606E-03  -0.483296E-03   0.332502E-01   0.696342E-02   0.200000E-03
 964  -0.721879E-03  -0.239520E-03   0.352726E-01   0.684769E-02   0.300000E-03
 965  -0.129360E-02  -0.892146E-03   0.360758E-01   0.683315E-02   0.250000E-03
 966  -0.162669E-02  -0.835055E-03   0.366679E-01   0.722353E-02   0.400000E-03
 967  -0.342149E-03  -0.490543E-03   0.406462E-01   0.634273E-02   0.350000E-03
 968  -0.498086E-03  -0.529664E-03   0.401581E-01   0.625145E-02   0.150000E-03
 969  -0.513845E-03  -0.292083E-03   0.447506E-01   0.715552E-02   0.250000E-03
 970  -0.104673E-02  -0.658896E-03   0.442570E-01   0.681578E-02   0.350000E-03
 971  -0.708059E-03  -0.543284E-03   0.427303E-01   0.591835E-02   0.400000E-03
 972  -0.109450E-02  -0.652155E-03   0.436596E-01   0.676647E-02   0.250000E-03
 973   0.197795E-03   0.152982E-03   0.835310E-03   0.544112E-02   0.250000E-03
 974   0.177177E-03   0.789244E-04   0.402809E-02   0.832170E-02   0.250000E-03
 975   0.158098E-03   0.740124E-04   0.133153E-02   0.636026E-02   0.350000E-03
 976  -0.141409E-03   0.241181E-03   0.771347E-03   0.668880E-02   0.300000E-03
 977  -0.210090E-03  -0.235999E-03   0.737403E-02   0.795038E-02   0.250000E-03
 978   0.258097E-03   0.110874E-03   0.697230E-02   0.757510E-02   0.300000E-03
 979  -0.142634E-04   0.154344E-03   0.644004E-02   0.771294E-02   0.250000E-03
 980  -0.165466E-03  -0.239892E-03   0.817205E-02   0.788496E-02   0.400000E-03
 981  -0.152520E-03  -0.174354E-03   0.103148E-01   0.760999E-02   0.250000E-03
 982  -0.371857E-03  -0.190067E-03   0.933429E-02   0.825512E-02   0.450000E-03
 983  -0.456568E-03  -0.530865E-04   0.121163E-01   0.834054E-02   0.250000E-03
 984  -0.249900E-03  -0.295216E-03   0.107164E-01   0.805457E-02   0.350000E-03
 985  -0.413682E-03  -0.188707E-03   0.135437E-01   0.819670E-02   0.200000E-03
 986  -0.694499E-03  -0.539519E-03   0.189028E-01   0.952817E-02   0.300000E-03
 987  -0.512724E-03  -0.164233E-03   0.186205E-01   0.894365E-02   0.350000E-03
 988  -0.676763E-03  -0.267445E-03   0.193237E-01   0.893817E-02   0.300000E-03
 989  -0.643691E-03  -0.125843E-03   0.194496E-01   0.947259E-02   0.250000E-03
 990  -0.114848E-02  -0.922513E-04   0.212799E-01   0.837542E-02   0.250000E-03
 991  -0.217390E-03  -0.569069E-03   0.241656E-01   0.822587E-02   0.350000E-03
 992  -0.575098E-03   0.689311E-04   0.244840E-01   0.766025E-02   0.300000E-03
 993  -0.790783E-03   0.144254E-03   0.249530E-01   0.680408E-02   0.250000E-03
 994  -0.724441E-03   0.881314E-04   0.270625E-01   0.714125E-02   0.250000E-03
 995  -0.869873E-03   0.921309E-04   0.277112E-01   0.711105E-02   0.400000E-03
 996  -0.859694E-03  -0.504977E-03   0.304126E-01   0.729881E-02   0.300000E-03
 997  -0.807688E-03  -0.465150E-03   0.298842E-01   0.714803E-02   0.250000E-03
 998  -0.112316E-02  -0.430579E-03   0.321689E-01   0.723318E-02   0.350000E-03
 999  -0.914064E-03  -0.253496E-03   0.330039E-01   0.733944E-02   0.250000E-03
1000  -0.100066E-02  -0.618280E-03   0.341424E-01   0.714133E-02   0.350000E-03
