   1   0.590724E-03  -0.534757E-03   0.112426E-01   0.851666E-02   0.350000E-03
   2   0.114201E-02   0.116140E-02   0.148994E-03   0.149799E-03   0.150000E-03
   3   0.916628E-03   0.286326E-03   0.446000E-02   0.448431E-03   0.450000E-03
   4  -0.108842E-02   0.138771E-02   0.563696E-02   0.519217E-03   0.200000E-03
   5   0.109136E-02  -0.235397E-05   0.571721E-02   0.999899E-04   0.100000E-03
   6  -0.123658E-02   0.884335E-03   0.741325E-02   0.249630E-03   0.250000E-03
   7  -0.148222E-02   0.123660E-02   0.804533E-02   0.399085E-03   0.400000E-03
   8  -0.116487E-02  -0.147961E-02   0.881105E-02   0.347089E-03   0.350000E-03
   9   0.282912E-03  -0.955777E-03   0.925326E-02   0.574607E-03   0.150000E-03
  10   0.105108E-02  -0.125524E-02   0.117537E-01   0.296968E-03   0.300000E-03
  11   0.792877E-03  -0.715469E-03   0.129947E-01   0.350288E-03   0.350000E-03
  12  -0.123468E-02  -0.114755E-02   0.147270E-01   0.195095E-03   0.200000E-03
  13  -0.133664E-02   0.177786E-03   0.168501E-01   0.343545E-03   0.350000E-03
  14  -0.124642E-02  -0.682564E-04   0.175480E-01   0.348747E-03   0.350000E-03
  15   0.786398E-03  -0.603067E-03   0.187669E-01   0.399325E-03   0.400000E-03
  16  -0.122741E-03   0.147932E-03   0.195130E-01   0.348599E-03   0.350000E-03
  17  -0.101281E-02   0.148635E-02   0.204270E-01   0.338129E-03   0.350000E-03
  18  -0.356034E-03   0.949515E-04   0.218756E-01   0.348955E-03   0.350000E-03
  19   0.174108E-04   0.492603E-03   0.224647E-01   0.241441E-03   0.250000E-03
  20  -0.877286E-03   0.505856E-03   0.229641E-01   0.248531E-03   0.250000E-03
  21  -0.326511E-02  -0.465612E-03   0.244150E-01   0.249871E-03   0.250000E-03
  22  -0.116424E-03   0.190068E-02   0.257273E-01   0.200073E-03   0.200000E-03
  23   0.203580E-02  -0.389421E-03   0.267701E-01   0.999511E-04   0.100000E-03
  24  -0.308467E-02   0.116367E-02   0.282531E-01   0.395860E-03   0.400000E-03
  25   0.165164E-02  -0.248082E-02   0.297563E-01   0.396710E-03   0.400000E-03
  26  -0.115559E-02  -0.211382E-02   0.305034E-01   0.342659E-03   0.350000E-03
  27  -0.885429E-03  -0.571907E-03   0.318468E-01   0.298083E-03   0.300000E-03
  28  -0.502692E-02  -0.399641E-02   0.333501E-01   0.299536E-03   0.300000E-03
  29  -0.117109E-02  -0.799682E-03   0.355523E-01   0.447125E-03   0.450000E-03
  30  -0.252101E-03  -0.225910E-04   0.373968E-01   0.345885E-03   0.350000E-03
  31  -0.153303E-02   0.840379E-03   0.379888E-01   0.249752E-03   0.250000E-03
  32  -0.486452E-03  -0.105938E-03   0.401209E-01   0.196395E-03   0.200000E-03
  33   0.136461E-02   0.570198E-03   0.410104E-01   0.194417E-03   0.200000E-03
  34   0.463922E-03  -0.598344E-03   0.446046E-01   0.881311E-03   0.400000E-03
  35  -0.469034E-03  -0.302759E-03   0.446507E-01   0.192341E-02   0.350000E-03
  36  -0.816172E-03   0.200653E-03   0.861577E-02   0.841747E-02   0.300000E-03
  37  -0.171796E-03   0.901071E-02   0.248655E-03   0.186291E-02   0.250000E-03
  38   0.268784E-02  -0.217038E-03   0.763341E-03   0.795057E-03   0.300000E-03
  39  -0.764898E-03   0.167042E-02   0.253666E-02   0.394895E-03   0.400000E-03
  40   0.224185E-03  -0.767075E-03   0.608651E-02   0.300010E-03   0.300000E-03
  41   0.800125E-03   0.106293E-02   0.678011E-02   0.394408E-03   0.400000E-03
  42   0.120964E-03   0.372101E-03   0.721279E-02   0.100282E-02   0.350000E-03
  43  -0.188175E-02   0.243335E-03   0.851214E-02   0.918334E-03   0.300000E-03
  44   0.665960E-03  -0.256480E-02   0.932122E-02   0.967252E-03   0.250000E-03
  45  -0.485497E-03  -0.101036E-03   0.989546E-02   0.491426E-03   0.500000E-03
  46  -0.101818E-03   0.205749E-03   0.108423E-01   0.299673E-03   0.300000E-03
  47   0.357357E-03   0.549514E-03   0.151385E-01   0.149904E-03   0.150000E-03
  48  -0.734397E-03  -0.401353E-03   0.157437E-01   0.448241E-03   0.450000E-03
  49  -0.608617E-03   0.318746E-03   0.164149E-01   0.878997E-03   0.350000E-03
  50  -0.134301E-02  -0.498812E-03   0.181373E-01   0.247416E-03   0.250000E-03
  51  -0.402652E-04  -0.252400E-03   0.192430E-01   0.880894E-03   0.250000E-03
  52   0.538730E-03   0.263400E-03   0.199678E-01   0.147751E-03   0.150000E-03
  53  -0.461982E-03  -0.356719E-03   0.204346E-01   0.100609E-02   0.200000E-03
  54  -0.175524E-03  -0.188994E-02   0.210956E-01   0.298597E-03   0.300000E-03
  55   0.110486E-02   0.100042E-02   0.233309E-01   0.999261E-04   0.100000E-03
  56  -0.421387E-03  -0.103595E-02   0.237820E-01   0.396664E-03   0.400000E-03
  57  -0.182440E-03   0.614459E-03   0.244674E-01   0.939578E-03   0.400000E-03
  58   0.354974E-03   0.312922E-03   0.250485E-01   0.394676E-03   0.400000E-03
  59  -0.343986E-02   0.303184E-03   0.270597E-01   0.199887E-03   0.200000E-03
  60   0.316349E-03   0.681072E-03   0.275606E-01   0.298095E-03   0.300000E-03
  61   0.429465E-03  -0.308302E-02   0.290640E-01   0.297940E-03   0.300000E-03
  62   0.103914E-03  -0.108501E-02   0.312011E-01   0.347246E-03   0.350000E-03
  63  -0.109290E-02  -0.302233E-02   0.328621E-01   0.196562E-03   0.200000E-03
  64  -0.261560E-02  -0.206828E-02   0.347610E-01   0.345478E-03   0.350000E-03
  65  -0.133750E-02  -0.980166E-03   0.363314E-01   0.619641E-03   0.350000E-03
  66  -0.109220E-02   0.771665E-04   0.364244E-01   0.138907E-03   0.150000E-03
  67  -0.170178E-02   0.102336E-02   0.391354E-01   0.298916E-03   0.300000E-03
  68  -0.111729E-03  -0.379864E-03   0.423001E-01   0.224509E-03   0.200000E-03
  69   0.254950E-03  -0.185512E-03   0.438617E-01   0.818030E-03   0.350000E-03
  70   0.153861E-02  -0.492353E-03   0.424158E-01   0.721797E-02   0.250000E-03
  71   0.521165E-03   0.131275E-02   0.447016E-01   0.498479E-02   0.300000E-03
  72  -0.626077E-03   0.131347E-02   0.447502E-01   0.248981E-03   0.250000E-03
  73  -0.212365E-03   0.175290E-03   0.258474E-02   0.802025E-02   0.350000E-03
  74   0.192849E-02   0.385602E-03   0.108287E-02   0.293699E-03   0.300000E-03
  75  -0.150363E-02  -0.626544E-03   0.378928E-02   0.249915E-03   0.250000E-03
  76   0.130264E-02  -0.150926E-03   0.516501E-02   0.928702E-03   0.350000E-03
  77   0.332086E-03   0.248402E-03   0.639865E-02   0.847036E-03   0.200000E-03
  78   0.433384E-04   0.263243E-03   0.659052E-02   0.135943E-02   0.350000E-03
  79  -0.782386E-03   0.922858E-04   0.789963E-02   0.113442E-02   0.350000E-03
  80  -0.775959E-03   0.523269E-04   0.901050E-02   0.135255E-02   0.250000E-03
  81   0.327961E-03   0.676471E-03   0.106256E-01   0.911983E-03   0.350000E-03
  82   0.507639E-05   0.848092E-03   0.132426E-01   0.978903E-03   0.300000E-03
  83  -0.101173E-02  -0.345086E-03   0.136914E-01   0.346454E-03   0.350000E-03
  84   0.574955E-03  -0.859932E-03   0.142813E-01   0.245124E-03   0.250000E-03
  85  -0.793219E-03  -0.529074E-03   0.153521E-01   0.102511E-02   0.250000E-03
  86  -0.155451E-02  -0.653887E-03   0.171921E-01   0.106361E-02   0.450000E-03
  87   0.920442E-03  -0.595445E-03   0.187728E-01   0.104806E-02   0.250000E-03
  88   0.149329E-03   0.407141E-03   0.199787E-01   0.800894E-03   0.300000E-03
  89  -0.874263E-03  -0.246475E-03   0.202364E-01   0.160941E-02   0.400000E-03
  90   0.454614E-04  -0.215949E-03   0.214090E-01   0.866132E-03   0.350000E-03
  91   0.203660E-03   0.906306E-03   0.225386E-01   0.727706E-03   0.250000E-03
  92  -0.304436E-03   0.115240E-02   0.231278E-01   0.824251E-03   0.350000E-03
  93   0.178163E-04   0.950405E-03   0.237484E-01   0.114251E-02   0.350000E-03
  94   0.885991E-03   0.326837E-03   0.251919E-01   0.112680E-02   0.350000E-03
  95   0.101838E-02  -0.741719E-04   0.272817E-01   0.883029E-03   0.350000E-03
  96  -0.156516E-02  -0.113555E-02   0.279834E-01   0.114617E-02   0.400000E-03
  97  -0.628448E-03   0.148161E-02   0.294693E-01   0.974214E-03   0.250000E-03
  98   0.242076E-03  -0.559580E-02   0.302440E-01   0.109140E-02   0.450000E-03
  99  -0.285060E-02  -0.150787E-02   0.323919E-01   0.245344E-03   0.250000E-03
 100  -0.249432E-02   0.237321E-03   0.327183E-01   0.615746E-03   0.250000E-03
 101  -0.133558E-02  -0.376810E-04   0.349665E-01   0.106333E-02   0.400000E-03
 102  -0.322194E-02  -0.358488E-03   0.368059E-01   0.252513E-03   0.250000E-03
 103   0.113594E-03   0.171411E-04   0.376416E-01   0.888693E-03   0.250000E-03
 104  -0.134906E-02   0.742863E-03   0.385369E-01   0.294682E-03   0.300000E-03
 105  -0.238256E-03   0.287350E-03   0.405657E-01   0.245348E-03   0.250000E-03
 106   0.892909E-03  -0.810681E-04   0.431863E-01   0.296830E-03   0.300000E-03
 107   0.106631E-03   0.310922E-03   0.440757E-01   0.749047E-02   0.350000E-03
 108  -0.966103E-03   0.269300E-03   0.348743E-01   0.748117E-02   0.450000E-03
 109  -0.972795E-03  -0.120360E-02   0.240989E-03   0.648326E-03   0.250000E-03
 110  -0.164252E-02   0.197531E-03   0.535902E-03   0.247798E-03   0.250000E-03
 111   0.222667E-02   0.680360E-03   0.174614E-02   0.486970E-03   0.400000E-03
 112  -0.133076E-02   0.799805E-03   0.306285E-02   0.921551E-03   0.350000E-03
 113   0.194362E-03  -0.569535E-03   0.587853E-02   0.113894E-02   0.400000E-03
 114  -0.642261E-03  -0.520080E-03   0.708947E-02   0.157685E-02   0.200000E-03
 115  -0.876885E-03   0.655158E-03   0.845381E-02   0.156006E-02   0.350000E-03
 116   0.475094E-04   0.125210E-02   0.980589E-02   0.133122E-02   0.350000E-03
 117  -0.287159E-03   0.827204E-04   0.113052E-01   0.755855E-03   0.350000E-03
 118   0.338805E-03  -0.136226E-02   0.123506E-01   0.289572E-03   0.300000E-03
 119   0.350037E-03  -0.669848E-04   0.142199E-01   0.786986E-03   0.300000E-03
 120  -0.423211E-03  -0.722684E-04   0.150097E-01   0.600764E-03   0.300000E-03
 121  -0.106321E-02  -0.583371E-03   0.166283E-01   0.138397E-02   0.200000E-03
 122  -0.980678E-03  -0.696735E-03   0.180817E-01   0.943585E-03   0.450000E-03
 123  -0.362066E-03   0.563653E-03   0.185213E-01   0.141712E-02   0.200000E-03
 124  -0.114390E-03  -0.273593E-04   0.196209E-01   0.127890E-02   0.300000E-03
 125  -0.128842E-02  -0.183342E-03   0.208200E-01   0.773745E-03   0.250000E-03
 126  -0.672004E-03  -0.559106E-03   0.208698E-01   0.131640E-02   0.300000E-03
 127   0.362885E-03   0.414531E-03   0.226655E-01   0.120557E-02   0.250000E-03
 128  -0.496626E-03  -0.259626E-03   0.230146E-01   0.162529E-02   0.300000E-03
 129  -0.571167E-03  -0.261005E-03   0.235581E-01   0.170117E-02   0.250000E-03
 130   0.247698E-03   0.525762E-03   0.256770E-01   0.699015E-03   0.300000E-03
 131   0.597484E-03   0.156615E-03   0.263022E-01   0.394144E-03   0.400000E-03
 132  -0.669554E-03  -0.177138E-02   0.274934E-01   0.149027E-02   0.200000E-03
 133  -0.218994E-02   0.171689E-02   0.288210E-01   0.952269E-03   0.400000E-03
 134   0.592821E-03  -0.104167E-04   0.311394E-01   0.109188E-02   0.400000E-03
 135  -0.452860E-04  -0.181995E-03   0.319862E-01   0.103319E-02   0.450000E-03
 136  -0.472439E-04  -0.250541E-02   0.340274E-01   0.469941E-03   0.400000E-03
 137  -0.145771E-02   0.118218E-02   0.372255E-01   0.761304E-03   0.100000E-03
 138   0.308219E-03  -0.224956E-03   0.374096E-01   0.132541E-02   0.250000E-03
 139  -0.959311E-03   0.434736E-03   0.381762E-01   0.766740E-03   0.300000E-03
 140  -0.166807E-02   0.805202E-03   0.396799E-01   0.261190E-03   0.250000E-03
 141   0.329030E-03   0.789732E-04   0.414563E-01   0.248717E-03   0.250000E-03
 142   0.774255E-03  -0.741852E-05   0.419021E-01   0.197661E-03   0.200000E-03
 143  -0.103701E-02   0.179010E-03   0.439025E-01   0.632921E-02   0.250000E-03
 144   0.775062E-03  -0.547494E-03   0.294706E-01   0.751538E-02   0.300000E-03
 145  -0.654929E-03   0.738609E-04   0.294394E-03   0.342106E-02   0.300000E-03
 146   0.155493E-02   0.580912E-02   0.660923E-03   0.143246E-02   0.350000E-03
 147   0.517565E-03   0.531828E-03   0.394440E-02   0.844139E-03   0.200000E-03
 148   0.539847E-03  -0.664437E-03   0.519262E-02   0.289682E-03   0.300000E-03
 149   0.177410E-03   0.334199E-03   0.606818E-02   0.196475E-02   0.450000E-03
 150  -0.336834E-03  -0.446824E-03   0.747346E-02   0.148047E-02   0.200000E-03
 151   0.249226E-04   0.919075E-03   0.935855E-02   0.163258E-02   0.200000E-03
 152   0.332054E-03   0.618214E-03   0.103490E-01   0.138372E-02   0.200000E-03
 153  -0.434924E-03   0.111215E-03   0.110861E-01   0.136602E-02   0.300000E-03
 154   0.137865E-02   0.502582E-03   0.125461E-01   0.950940E-03   0.400000E-03
 155  -0.150245E-02   0.110376E-02   0.137311E-01   0.887503E-03   0.200000E-03
 156   0.268085E-04  -0.723658E-03   0.147445E-01   0.124804E-02   0.400000E-03
 157  -0.100084E-02  -0.363804E-03   0.158801E-01   0.139795E-02   0.400000E-03
 158  -0.138282E-02  -0.407311E-03   0.172928E-01   0.185399E-02   0.350000E-03
 159   0.141676E-04   0.242251E-03   0.176998E-01   0.146943E-02   0.200000E-03
 160  -0.525810E-03   0.360220E-03   0.181318E-01   0.164171E-02   0.250000E-03
 161   0.251177E-03  -0.474958E-03   0.195264E-01   0.181564E-02   0.250000E-03
 162  -0.389672E-03  -0.590747E-03   0.208153E-01   0.180937E-02   0.200000E-03
 163   0.160650E-02  -0.170891E-03   0.220681E-01   0.109321E-02   0.350000E-03
 164   0.181693E-02  -0.324467E-03   0.226800E-01   0.216990E-02   0.300000E-03
 165   0.212834E-03   0.907285E-03   0.247599E-01   0.154124E-02   0.250000E-03
 166   0.104021E-03  -0.521790E-03   0.255204E-01   0.161649E-02   0.250000E-03
 167   0.412797E-03  -0.150479E-03   0.265764E-01   0.113385E-02   0.400000E-03
 168  -0.600756E-03  -0.741819E-03   0.285321E-01   0.153257E-02   0.250000E-03
 169  -0.498739E-03  -0.664279E-03   0.301532E-01   0.173044E-02   0.200000E-03
 170   0.289047E-03  -0.618932E-03   0.307464E-01   0.178459E-02   0.400000E-03
 171  -0.145416E-02  -0.940618E-03   0.334806E-01   0.899634E-03   0.300000E-03
 172  -0.482628E-03  -0.347748E-03   0.341967E-01   0.127491E-02   0.400000E-03
 173  -0.118963E-02   0.175789E-04   0.356538E-01   0.118508E-02   0.300000E-03
 174  -0.129759E-02  -0.957560E-03   0.368806E-01   0.104888E-02   0.350000E-03
 175  -0.119574E-02   0.872682E-04   0.390317E-01   0.888970E-03   0.300000E-03
 176  -0.156761E-03   0.126074E-03   0.400927E-01   0.987585E-03   0.200000E-03
 177  -0.585121E-04   0.508472E-04   0.406045E-01   0.788178E-03   0.300000E-03
 178  -0.448054E-03   0.306555E-03   0.443928E-01   0.143969E-02   0.200000E-03
 179   0.334214E-06  -0.358709E-03   0.426976E-01   0.195793E-03   0.200000E-03
 180  -0.110608E-02   0.566699E-03   0.400211E-01   0.753367E-02   0.300000E-03
 181  -0.159138E-02   0.270837E-02   0.199906E-03   0.109640E-02   0.200000E-03
 182  -0.123076E-03  -0.111174E-02   0.135203E-02   0.224210E-02   0.200000E-03
 183  -0.746296E-03  -0.639450E-03   0.324173E-02   0.298397E-03   0.300000E-03
 184  -0.891422E-04  -0.281128E-03   0.524657E-02   0.161847E-02   0.350000E-03
 185   0.191024E-04   0.414359E-03   0.622734E-02   0.264437E-02   0.250000E-03
 186  -0.199560E-04   0.557846E-03   0.677636E-02   0.187560E-02   0.200000E-03
 187  -0.873352E-04   0.718717E-04   0.785558E-02   0.179103E-02   0.300000E-03
 188  -0.508392E-03   0.107076E-03   0.960183E-02   0.200953E-02   0.250000E-03
 189  -0.239299E-03   0.199470E-03   0.116222E-01   0.126277E-02   0.250000E-03
 190   0.235358E-03  -0.111236E-02   0.119084E-01   0.824585E-03   0.250000E-03
 191  -0.110570E-02   0.872846E-03   0.139554E-01   0.126789E-02   0.250000E-03
 192  -0.971799E-03  -0.161841E-03   0.142284E-01   0.185270E-02   0.400000E-03
 193  -0.688394E-03  -0.259923E-03   0.152600E-01   0.172146E-02   0.300000E-03
 194  -0.104684E-02  -0.511310E-03   0.164526E-01   0.195529E-02   0.400000E-03
 195   0.342484E-03  -0.123977E-02   0.178988E-01   0.208375E-02   0.250000E-03
 196   0.882092E-03  -0.123646E-03   0.190694E-01   0.151041E-02   0.300000E-03
 197  -0.530597E-03  -0.134134E-02   0.199034E-01   0.228100E-02   0.350000E-03
 198  -0.124277E-02   0.626475E-03   0.206022E-01   0.225732E-02   0.300000E-03
 199   0.182468E-03  -0.867878E-04   0.214321E-01   0.151277E-02   0.300000E-03
 200   0.133927E-03  -0.421751E-03   0.221813E-01   0.216350E-02   0.200000E-03
 201  -0.102784E-02   0.838728E-03   0.242152E-01   0.159325E-02   0.300000E-03
 202   0.721787E-03   0.154138E-03   0.259286E-01   0.118795E-02   0.250000E-03
 203   0.260585E-03   0.880729E-05   0.264902E-01   0.181975E-02   0.300000E-03
 204  -0.156005E-02  -0.145140E-02   0.270517E-01   0.157162E-02   0.250000E-03
 205  -0.438576E-03  -0.532262E-03   0.295712E-01   0.161155E-02   0.400000E-03
 206   0.122938E-03   0.669158E-03   0.322015E-01   0.180241E-02   0.350000E-03
 207  -0.243292E-02  -0.439670E-03   0.328458E-01   0.129420E-02   0.450000E-03
 208  -0.919297E-03  -0.778597E-04   0.335558E-01   0.165855E-02   0.350000E-03
 209  -0.149119E-02   0.132281E-04   0.362478E-01   0.125974E-02   0.300000E-03
 210  -0.152068E-02  -0.307494E-03   0.366490E-01   0.154660E-02   0.200000E-03
 211  -0.125910E-02  -0.257262E-03   0.370704E-01   0.168770E-02   0.250000E-03
 212  -0.406181E-03  -0.488684E-03   0.400755E-01   0.590829E-03   0.200000E-03
 213   0.889346E-03   0.624049E-04   0.411282E-01   0.623177E-03   0.250000E-03
 214   0.815165E-03  -0.480070E-03   0.420761E-01   0.555538E-03   0.200000E-03
 215   0.209159E-02  -0.841081E-03   0.441238E-01   0.149953E-03   0.150000E-03
 216  -0.947662E-03  -0.281834E-03   0.215494E-01   0.896371E-02   0.400000E-03
 217  -0.404931E-03   0.343825E-03   0.140649E-01   0.936492E-02   0.350000E-03
 218  -0.857495E-05  -0.979341E-03   0.820715E-03   0.211024E-02   0.350000E-03
 219  -0.496676E-03  -0.179052E-04   0.359240E-02   0.654395E-03   0.200000E-03
 220   0.913116E-04   0.731493E-03   0.451814E-02   0.129442E-02   0.400000E-03
 221  -0.826700E-03   0.128405E-03   0.532458E-02   0.220326E-02   0.250000E-03
 222  -0.792542E-03   0.457730E-03   0.728245E-02   0.208998E-02   0.350000E-03
 223   0.215691E-03   0.273994E-03   0.897817E-02   0.201635E-02   0.350000E-03
 224  -0.983202E-03   0.672073E-03   0.101934E-01   0.191066E-02   0.350000E-03
 225  -0.183727E-03   0.685331E-04   0.106629E-01   0.162540E-02   0.200000E-03
 226   0.861521E-03   0.628013E-03   0.121164E-01   0.149220E-02   0.300000E-03
 227   0.104714E-03   0.289628E-03   0.129468E-01   0.145733E-02   0.250000E-03
 228  -0.591229E-03  -0.288316E-03   0.148160E-01   0.179184E-02   0.150000E-03
 229  -0.997266E-03   0.168973E-03   0.158094E-01   0.203923E-02   0.250000E-03
 230  -0.742967E-03   0.110767E-02   0.175021E-01   0.246426E-02   0.300000E-03
 231  -0.516478E-03   0.854645E-03   0.183072E-01   0.228736E-02   0.200000E-03
 232  -0.362731E-03   0.695025E-03   0.186178E-01   0.190225E-02   0.300000E-03
 233  -0.539303E-03   0.544726E-03   0.191559E-01   0.234726E-02   0.400000E-03
 234  -0.413723E-03  -0.716196E-03   0.212341E-01   0.208199E-02   0.300000E-03
 235   0.131847E-02  -0.764866E-03   0.223687E-01   0.166417E-02   0.300000E-03
 236  -0.102515E-02   0.111731E-05   0.232757E-01   0.216377E-02   0.300000E-03
 237  -0.516078E-03  -0.305081E-03   0.239243E-01   0.217304E-02   0.350000E-03
 238  -0.891764E-03   0.418665E-04   0.251171E-01   0.181407E-02   0.200000E-03
 239   0.281259E-03  -0.371673E-03   0.266606E-01   0.233753E-02   0.250000E-03
 240  -0.215267E-02  -0.726833E-03   0.289810E-01   0.152784E-02   0.200000E-03
 241  -0.389927E-03   0.282169E-03   0.301805E-01   0.227482E-02   0.350000E-03
 242  -0.830601E-03  -0.269427E-04   0.315035E-01   0.174722E-02   0.350000E-03
 243  -0.200504E-02   0.394970E-03   0.329322E-01   0.223440E-02   0.500000E-03
 244  -0.177158E-02   0.485685E-04   0.354579E-01   0.199239E-02   0.200000E-03
 245  -0.175795E-02   0.118919E-03   0.349405E-01   0.181017E-02   0.350000E-03
 246  -0.166789E-02   0.267660E-03   0.366085E-01   0.214234E-02   0.400000E-03
 247  -0.838091E-03  -0.251616E-03   0.380039E-01   0.139231E-02   0.350000E-03
 248  -0.152452E-02   0.122095E-03   0.396259E-01   0.808269E-03   0.300000E-03
 249   0.698105E-04  -0.192325E-03   0.416456E-01   0.802026E-03   0.300000E-03
 250   0.294983E-03   0.978712E-04   0.437329E-01   0.240851E-03   0.250000E-03
 251  -0.411491E-03   0.599817E-04   0.446047E-01   0.297253E-02   0.400000E-03
 252  -0.152104E-02   0.640663E-03   0.336230E-01   0.772046E-02   0.350000E-03
 253  -0.158818E-03  -0.152821E-04   0.215074E-02   0.747107E-02   0.350000E-03
 254  -0.101007E-02  -0.162486E-02   0.133051E-02   0.111102E-02   0.350000E-03
 255  -0.191649E-03  -0.215462E-02   0.220554E-02   0.101101E-02   0.300000E-03
 256  -0.310441E-04  -0.204863E-03   0.470058E-02   0.196944E-02   0.300000E-03
 257  -0.146199E-03   0.498852E-03   0.669898E-02   0.236877E-02   0.300000E-03
 258  -0.766454E-03  -0.814888E-05   0.831906E-02   0.224477E-02   0.350000E-03
 259  -0.113583E-03  -0.367485E-03   0.906890E-02   0.280679E-02   0.450000E-03
 260  -0.652742E-03   0.499444E-04   0.988696E-02   0.259242E-02   0.400000E-03
 261   0.329522E-03   0.120829E-02   0.116205E-01   0.182008E-02   0.300000E-03
 262  -0.590930E-04   0.110929E-03   0.121911E-01   0.213602E-02   0.350000E-03
 263  -0.608202E-03  -0.134691E-03   0.135016E-01   0.167528E-02   0.350000E-03
 264  -0.350200E-03  -0.604346E-03   0.148047E-01   0.224028E-02   0.300000E-03
 265  -0.225482E-03   0.711298E-03   0.165556E-01   0.254631E-02   0.200000E-03
 266  -0.100560E-02  -0.715507E-03   0.169620E-01   0.235313E-02   0.250000E-03
 267  -0.941765E-03   0.839444E-03   0.171005E-01   0.283092E-02   0.250000E-03
 268  -0.697849E-03   0.693815E-03   0.185801E-01   0.264378E-02   0.250000E-03
 269  -0.501339E-03  -0.367557E-03   0.190329E-01   0.298524E-02   0.250000E-03
 270  -0.120460E-02  -0.933192E-04   0.196292E-01   0.292394E-02   0.350000E-03
 271  -0.774011E-05  -0.260331E-03   0.218562E-01   0.185365E-02   0.250000E-03
 272   0.803411E-03   0.114814E-02   0.222998E-01   0.275039E-02   0.400000E-03
 273  -0.901253E-03  -0.235177E-03   0.235256E-01   0.280678E-02   0.400000E-03
 274  -0.507695E-03  -0.733077E-03   0.257150E-01   0.206642E-02   0.250000E-03
 275   0.149413E-03  -0.265425E-03   0.261691E-01   0.226092E-02   0.250000E-03
 276  -0.700142E-03  -0.382690E-03   0.274122E-01   0.198279E-02   0.300000E-03
 277  -0.627208E-03   0.223858E-03   0.293744E-01   0.217599E-02   0.200000E-03
 278   0.169378E-02  -0.156372E-02   0.318120E-01   0.238259E-02   0.350000E-03
 279   0.135871E-02  -0.173981E-02   0.323316E-01   0.267658E-02   0.250000E-03
 280  -0.706333E-03  -0.125557E-03   0.343118E-01   0.196651E-02   0.300000E-03
 281  -0.100335E-02  -0.372066E-04   0.358844E-01   0.173318E-02   0.300000E-03
 282   0.477557E-03   0.465529E-03   0.375513E-01   0.180082E-02   0.250000E-03
 283  -0.137614E-02   0.608168E-03   0.385088E-01   0.161041E-02   0.200000E-03
 284  -0.138339E-02   0.207741E-03   0.385557E-01   0.116308E-02   0.250000E-03
 285   0.527383E-03  -0.901664E-04   0.410929E-01   0.121674E-02   0.350000E-03
 286   0.105188E-02  -0.338166E-03   0.432199E-01   0.892566E-03   0.300000E-03
 287   0.398309E-03  -0.140693E-03   0.428442E-01   0.121926E-02   0.200000E-03
 288  -0.164932E-03   0.567608E-03   0.592847E-02   0.803309E-02   0.350000E-03
 289  -0.306335E-03   0.132335E-03   0.248158E-03   0.236165E-02   0.250000E-03
 290  -0.279840E-03  -0.972294E-03   0.184012E-02   0.150825E-02   0.300000E-03
 291   0.742303E-03  -0.542961E-03   0.252675E-02   0.162602E-02   0.400000E-03
 292  -0.171952E-02   0.156553E-03   0.315674E-02   0.151013E-02   0.250000E-03
 293   0.343167E-04   0.264006E-03   0.568422E-02   0.260726E-02   0.300000E-03
 294  -0.646217E-03  -0.253474E-03   0.824041E-02   0.298691E-02   0.400000E-03
 295   0.293502E-03   0.453911E-03   0.967554E-02   0.339770E-02   0.400000E-03
 296  -0.329998E-03   0.129975E-02   0.110814E-01   0.191399E-02   0.250000E-03
 297   0.162434E-03   0.947809E-03   0.106875E-01   0.197062E-02   0.150000E-03
 298  -0.109018E-04   0.363314E-03   0.125684E-01   0.169947E-02   0.200000E-03
 299  -0.776663E-03  -0.237374E-03   0.138202E-01   0.235306E-02   0.250000E-03
 300  -0.191024E-03  -0.333767E-03   0.148774E-01   0.273143E-02   0.200000E-03
 301  -0.556253E-03  -0.291881E-03   0.153819E-01   0.237327E-02   0.300000E-03
 302  -0.514895E-03   0.419606E-03   0.169961E-01   0.336633E-02   0.300000E-03
 303  -0.414163E-03   0.104229E-02   0.179925E-01   0.252536E-02   0.200000E-03
 304  -0.612703E-03   0.676961E-03   0.181749E-01   0.293431E-02   0.250000E-03
 305  -0.115892E-02   0.186086E-04   0.193502E-01   0.333798E-02   0.150000E-03
 306  -0.710049E-03  -0.112788E-02   0.203264E-01   0.283729E-02   0.350000E-03
 307   0.645234E-04  -0.499723E-03   0.217219E-01   0.233253E-02   0.250000E-03
 308  -0.291070E-03  -0.828464E-03   0.226706E-01   0.339818E-02   0.350000E-03
 309  -0.818595E-03  -0.303998E-03   0.244692E-01   0.268154E-02   0.400000E-03
 310  -0.859937E-03  -0.310794E-03   0.250620E-01   0.231058E-02   0.300000E-03
 311  -0.613295E-03  -0.614513E-03   0.271975E-01   0.259203E-02   0.350000E-03
 312  -0.146856E-02  -0.388113E-04   0.280537E-01   0.189060E-02   0.350000E-03
 313  -0.691167E-03   0.126730E-03   0.296418E-01   0.253304E-02   0.250000E-03
 314  -0.532854E-03  -0.177667E-02   0.311669E-01   0.234107E-02   0.300000E-03
 315  -0.188915E-02   0.723492E-03   0.334128E-01   0.286584E-02   0.300000E-03
 316  -0.149333E-02   0.351665E-03   0.337756E-01   0.232990E-02   0.350000E-03
 317  -0.171640E-02   0.459499E-03   0.350796E-01   0.254586E-02   0.400000E-03
 318  -0.575333E-03   0.300781E-03   0.358664E-01   0.242863E-02   0.400000E-03
 319  -0.108047E-02   0.532129E-03   0.389725E-01   0.143513E-02   0.250000E-03
 320  -0.424169E-03   0.638599E-03   0.398282E-01   0.140991E-02   0.300000E-03
 321  -0.640590E-04  -0.442235E-04   0.404256E-01   0.135479E-02   0.300000E-03
 322   0.104644E-03  -0.634799E-03   0.425925E-01   0.732014E-03   0.350000E-03
 323   0.121722E-02   0.672572E-03   0.439519E-01   0.210847E-02   0.350000E-03
 324  -0.562219E-03  -0.656108E-04   0.395986E-01   0.718156E-02   0.250000E-03
 325  -0.296066E-03   0.250793E-04   0.153502E-02   0.767886E-02   0.300000E-03
 326  -0.565593E-03  -0.870158E-03   0.126503E-02   0.170712E-02   0.250000E-03
 327   0.161273E-03   0.309474E-03   0.210711E-02   0.224382E-02   0.350000E-03
 328   0.248967E-04   0.549536E-03   0.380666E-02   0.173360E-02   0.450000E-03
 329  -0.245461E-03   0.105444E-03   0.656147E-02   0.319431E-02   0.400000E-03
 330  -0.518876E-03   0.179850E-03   0.719909E-02   0.278229E-02   0.350000E-03
 331  -0.279566E-03   0.223618E-03   0.775754E-02   0.245605E-02   0.250000E-03
 332   0.170548E-03   0.440960E-03   0.108029E-01   0.255430E-02   0.450000E-03
 333   0.815317E-05  -0.113834E-03   0.116060E-01   0.241689E-02   0.300000E-03
 334   0.730378E-04   0.331794E-03   0.129345E-01   0.195684E-02   0.250000E-03
 335  -0.633945E-03  -0.354161E-03   0.133355E-01   0.225083E-02   0.250000E-03
 336  -0.906517E-03  -0.160646E-03   0.143168E-01   0.258930E-02   0.300000E-03
 337  -0.867366E-03   0.264815E-03   0.160241E-01   0.254251E-02   0.300000E-03
 338  -0.991025E-03   0.536881E-03   0.166120E-01   0.374942E-02   0.250000E-03
 339  -0.777297E-03   0.162751E-03   0.176126E-01   0.314332E-02   0.350000E-03
 340  -0.505830E-03  -0.237019E-03   0.189428E-01   0.352761E-02   0.300000E-03
 341  -0.113439E-02   0.349579E-03   0.200438E-01   0.341857E-02   0.300000E-03
 342   0.567760E-03   0.885138E-03   0.205791E-01   0.332268E-02   0.200000E-03
 343  -0.272158E-03   0.843852E-03   0.216104E-01   0.286824E-02   0.300000E-03
 344  -0.135481E-02  -0.682878E-03   0.237791E-01   0.339340E-02   0.250000E-03
 345  -0.447267E-03  -0.142980E-03   0.250815E-01   0.301705E-02   0.300000E-03
 346  -0.806279E-03  -0.634586E-04   0.256150E-01   0.265075E-02   0.350000E-03
 347   0.246514E-03   0.325360E-04   0.263235E-01   0.289011E-02   0.400000E-03
 348  -0.209854E-02  -0.345807E-03   0.289016E-01   0.201884E-02   0.300000E-03
 349  -0.597817E-03   0.293923E-03   0.300254E-01   0.285029E-02   0.250000E-03
 350  -0.388315E-03   0.800824E-03   0.320610E-01   0.315110E-02   0.300000E-03
 351  -0.189199E-02   0.395964E-03   0.327970E-01   0.307011E-02   0.350000E-03
 352  -0.151002E-02   0.930977E-04   0.344945E-01   0.308394E-02   0.400000E-03
 353  -0.893510E-03  -0.570825E-03   0.358979E-01   0.302287E-02   0.200000E-03
 354   0.383830E-03   0.484062E-03   0.372545E-01   0.220221E-02   0.250000E-03
 355  -0.595841E-03  -0.272820E-03   0.380423E-01   0.203947E-02   0.300000E-03
 356  -0.109744E-02   0.615946E-03   0.393795E-01   0.162289E-02   0.200000E-03
 357   0.675910E-05   0.411651E-03   0.408195E-01   0.180063E-02   0.300000E-03
 358   0.128800E-03  -0.316879E-03   0.416746E-01   0.134798E-02   0.250000E-03
 359   0.847711E-03   0.805136E-03   0.442659E-01   0.532017E-02   0.250000E-03
 360  -0.980115E-03  -0.818135E-03   0.448001E-01   0.418103E-02   0.200000E-03
 361  -0.483831E-03  -0.170943E-04   0.679098E-03   0.284384E-02   0.400000E-03
 362   0.117858E-03  -0.114943E-03   0.147745E-02   0.282720E-02   0.400000E-03
 363  -0.570852E-03   0.188330E-03   0.311428E-02   0.200809E-02   0.250000E-03
 364  -0.385457E-03  -0.140697E-03   0.490799E-02   0.255558E-02   0.300000E-03
 365   0.172571E-04   0.105400E-03   0.586340E-02   0.317339E-02   0.300000E-03
 366  -0.131425E-03  -0.715838E-04   0.615596E-02   0.376049E-02   0.300000E-03
 367  -0.360140E-03  -0.377593E-03   0.871866E-02   0.334879E-02   0.200000E-03
 368  -0.115251E-03   0.458947E-03   0.103225E-01   0.313367E-02   0.300000E-03
 369   0.109328E-03   0.242460E-05   0.118374E-01   0.302109E-02   0.350000E-03
 370  -0.585008E-03  -0.363608E-03   0.127851E-01   0.258957E-02   0.400000E-03
 371  -0.589060E-03  -0.495995E-03   0.137230E-01   0.289078E-02   0.300000E-03
 372  -0.346677E-03   0.519308E-04   0.149858E-01   0.331803E-02   0.400000E-03
 373  -0.648898E-03   0.181294E-03   0.155716E-01   0.293613E-02   0.300000E-03
 374  -0.883973E-03   0.298876E-03   0.163248E-01   0.317155E-02   0.400000E-03
 375  -0.339331E-03   0.589332E-03   0.174705E-01   0.394105E-02   0.450000E-03
 376  -0.715119E-03  -0.305365E-03   0.185964E-01   0.309260E-02   0.200000E-03
 377  -0.174589E-03  -0.143263E-03   0.195284E-01   0.380825E-02   0.350000E-03
 378  -0.138406E-02   0.454327E-03   0.210502E-01   0.265470E-02   0.300000E-03
 379  -0.220942E-03   0.861854E-03   0.211279E-01   0.330176E-02   0.350000E-03
 380   0.336758E-03   0.184336E-02   0.219587E-01   0.341555E-02   0.350000E-03
 381  -0.675168E-03  -0.781637E-03   0.243735E-01   0.342329E-02   0.350000E-03
 382  -0.370859E-03  -0.916943E-03   0.266636E-01   0.349288E-02   0.300000E-03
 383  -0.108269E-02  -0.156954E-03   0.277722E-01   0.242030E-02   0.250000E-03
 384  -0.167438E-02  -0.564152E-03   0.284479E-01   0.240138E-02   0.300000E-03
 385  -0.338404E-03  -0.174890E-03   0.290939E-01   0.258709E-02   0.300000E-03
 386  -0.115150E-02   0.632886E-04   0.306781E-01   0.268629E-02   0.300000E-03
 387  -0.137182E-02  -0.405143E-03   0.324486E-01   0.366779E-02   0.350000E-03
 388  -0.121178E-02  -0.436641E-03   0.354220E-01   0.345276E-02   0.450000E-03
 389  -0.906741E-03  -0.206564E-04   0.360806E-01   0.337540E-02   0.200000E-03
 390  -0.163748E-02  -0.292442E-03   0.364888E-01   0.292911E-02   0.400000E-03
 391  -0.947698E-03  -0.652855E-03   0.376951E-01   0.252775E-02   0.300000E-03
 392  -0.102660E-02   0.506420E-03   0.390513E-01   0.192826E-02   0.250000E-03
 393  -0.132379E-02   0.184250E-03   0.396197E-01   0.211616E-02   0.350000E-03
 394  -0.558524E-04  -0.145823E-03   0.422150E-01   0.125961E-02   0.300000E-03
 395   0.954303E-03   0.192534E-03   0.438949E-01   0.146398E-02   0.300000E-03
 396  -0.354336E-03  -0.415565E-03   0.444046E-01   0.241275E-02   0.200000E-03
 397  -0.260259E-03   0.179193E-03   0.972804E-03   0.358650E-02   0.400000E-03
 398  -0.579838E-03   0.217281E-03   0.273603E-02   0.240707E-02   0.300000E-03
 399   0.227233E-05   0.698984E-03   0.349266E-02   0.240698E-02   0.300000E-03
 400  -0.237337E-03  -0.186659E-03   0.421781E-02   0.247350E-02   0.400000E-03
 401  -0.504759E-03   0.235994E-03   0.572690E-02   0.401416E-02   0.200000E-03
 402  -0.523206E-03  -0.497009E-04   0.724713E-02   0.347761E-02   0.350000E-03
 403  -0.526057E-03   0.805346E-04   0.850554E-02   0.374038E-02   0.250000E-03
 404   0.586463E-04   0.253500E-04   0.905408E-02   0.371866E-02   0.300000E-03
 405   0.194797E-03   0.237964E-03   0.119459E-01   0.356004E-02   0.200000E-03
 406  -0.575591E-03  -0.437108E-03   0.125150E-01   0.333836E-02   0.400000E-03
 407  -0.714987E-03  -0.536732E-03   0.131897E-01   0.316049E-02   0.300000E-03
 408  -0.205371E-03   0.368268E-04   0.141941E-01   0.340524E-02   0.400000E-03
 409  -0.736543E-03   0.166948E-03   0.156895E-01   0.356984E-02   0.350000E-03
 410  -0.435882E-03   0.450983E-03   0.161447E-01   0.402869E-02   0.300000E-03
 411  -0.777321E-03   0.422904E-03   0.166838E-01   0.428863E-02   0.300000E-03
 412  -0.693932E-03  -0.215013E-03   0.182459E-01   0.357816E-02   0.400000E-03
 413  -0.111172E-02   0.650783E-03   0.202100E-01   0.399113E-02   0.300000E-03
 414   0.269427E-03   0.183519E-03   0.207270E-01   0.374544E-02   0.250000E-03
 415   0.424218E-03   0.167172E-02   0.207814E-01   0.439005E-02   0.400000E-03
 416  -0.684479E-03   0.358394E-04   0.223319E-01   0.406429E-02   0.400000E-03
 417  -0.788540E-03  -0.111719E-02   0.232816E-01   0.361568E-02   0.300000E-03
 418  -0.299200E-03  -0.712966E-03   0.250258E-01   0.366226E-02   0.350000E-03
 419  -0.912262E-03  -0.929568E-03   0.276890E-01   0.308155E-02   0.350000E-03
 420  -0.173274E-02  -0.435447E-03   0.282568E-01   0.290818E-02   0.250000E-03
 421  -0.730202E-03   0.845672E-04   0.294897E-01   0.311088E-02   0.350000E-03
 422  -0.300292E-03   0.789332E-03   0.313171E-01   0.307468E-02   0.450000E-03
 423  -0.189930E-02   0.296114E-03   0.338076E-01   0.337250E-02   0.350000E-03
 424  -0.171034E-02  -0.356024E-03   0.347329E-01   0.374042E-02   0.300000E-03
 425  -0.141776E-02  -0.267985E-04   0.369987E-01   0.340298E-02   0.300000E-03
 426  -0.139199E-02  -0.341655E-03   0.371810E-01   0.283182E-02   0.300000E-03
 427  -0.769590E-03  -0.214843E-03   0.380373E-01   0.312509E-02   0.300000E-03
 428   0.140331E-03   0.160807E-04   0.385858E-01   0.210513E-02   0.250000E-03
 429  -0.431256E-03   0.136716E-03   0.402350E-01   0.191908E-02   0.300000E-03
 430   0.417442E-03   0.128735E-03   0.419283E-01   0.188632E-02   0.350000E-03
 431   0.264673E-03   0.250542E-03   0.426689E-01   0.179064E-02   0.400000E-03
 432   0.106277E-02   0.108649E-03   0.432976E-01   0.148491E-02   0.300000E-03
 433  -0.372863E-03   0.392035E-03   0.347126E-03   0.406648E-02   0.350000E-03
 434  -0.916311E-03  -0.334007E-03   0.163548E-02   0.196259E-02   0.200000E-03
 435   0.259828E-03   0.630001E-03   0.317528E-02   0.296623E-02   0.350000E-03
 436   0.786864E-04   0.241885E-03   0.527045E-02   0.296553E-02   0.250000E-03
 437  -0.364352E-03   0.600163E-03   0.566240E-02   0.362491E-02   0.200000E-03
 438  -0.408908E-03  -0.172253E-03   0.674237E-02   0.388435E-02   0.300000E-03
 439  -0.475848E-03  -0.738527E-05   0.791561E-02   0.365800E-02   0.350000E-03
 440  -0.118046E-03   0.225089E-03   0.108652E-01   0.379253E-02   0.200000E-03
 441  -0.102295E-03   0.518132E-03   0.108974E-01   0.329647E-02   0.300000E-03
 442   0.705841E-04   0.233846E-04   0.130594E-01   0.377739E-02   0.300000E-03
 443  -0.241181E-03   0.151886E-04   0.135643E-01   0.356098E-02   0.250000E-03
 444  -0.307253E-03   0.401121E-03   0.151903E-01   0.398527E-02   0.300000E-03
 445  -0.329401E-03   0.451024E-03   0.156436E-01   0.451453E-02   0.400000E-03
 446  -0.522883E-03   0.331738E-03   0.162415E-01   0.451432E-02   0.200000E-03
 447  -0.339833E-03   0.639893E-03   0.171704E-01   0.462639E-02   0.300000E-03
 448  -0.611659E-03   0.371821E-03   0.182534E-01   0.447555E-02   0.500000E-03
 449  -0.387404E-03   0.478670E-03   0.191464E-01   0.444981E-02   0.400000E-03
 450  -0.746560E-03   0.361162E-03   0.198416E-01   0.446129E-02   0.300000E-03
 451   0.478665E-03   0.153857E-02   0.214638E-01   0.397522E-02   0.400000E-03
 452  -0.542015E-03  -0.182591E-03   0.218373E-01   0.462479E-02   0.350000E-03
 453  -0.111478E-02  -0.466616E-03   0.239361E-01   0.396841E-02   0.350000E-03
 454  -0.633335E-03  -0.700787E-03   0.256494E-01   0.334857E-02   0.350000E-03
 455  -0.861735E-03  -0.250184E-03   0.269006E-01   0.305407E-02   0.200000E-03
 456  -0.562355E-03   0.222712E-03   0.287948E-01   0.316294E-02   0.350000E-03
 457  -0.914755E-03  -0.259529E-03   0.304212E-01   0.322600E-02   0.300000E-03
 458  -0.793907E-03   0.764329E-03   0.306833E-01   0.381046E-02   0.350000E-03
 459  -0.162274E-02  -0.462945E-04   0.317570E-01   0.374178E-02   0.350000E-03
 460  -0.180177E-02  -0.132794E-03   0.341932E-01   0.382997E-02   0.250000E-03
 461  -0.157258E-02  -0.247931E-03   0.364793E-01   0.357724E-02   0.250000E-03
 462  -0.576051E-03  -0.252622E-03   0.376564E-01   0.428663E-02   0.300000E-03
 463  -0.729076E-03  -0.370100E-03   0.382892E-01   0.258313E-02   0.300000E-03
 464  -0.378948E-03  -0.394727E-03   0.390280E-01   0.264469E-02   0.450000E-03
 465   0.111658E-03   0.947425E-04   0.407126E-01   0.238724E-02   0.300000E-03
 466   0.386549E-03   0.713244E-04   0.411680E-01   0.258924E-02   0.200000E-03
 467   0.118984E-02   0.765262E-03   0.435615E-01   0.256009E-02   0.250000E-03
 468  -0.485384E-03   0.185761E-03   0.435848E-01   0.383544E-02   0.350000E-03
 469  -0.298546E-03   0.357737E-03   0.105508E-02   0.443177E-02   0.450000E-03
 470   0.872820E-04  -0.746578E-04   0.217396E-02   0.288753E-02   0.300000E-03
 471  -0.301300E-03   0.375720E-03   0.388750E-02   0.319777E-02   0.400000E-03
 472  -0.832576E-03  -0.530481E-03   0.459114E-02   0.306494E-02   0.300000E-03
 473  -0.113852E-03   0.620062E-03   0.506567E-02   0.357887E-02   0.400000E-03
 474  -0.499162E-03   0.254816E-04   0.745201E-02   0.403596E-02   0.250000E-03
 475  -0.507626E-03   0.360708E-03   0.807691E-02   0.433765E-02   0.350000E-03
 476   0.452451E-03   0.205936E-03   0.953258E-02   0.407968E-02   0.300000E-03
 477   0.171234E-04   0.257984E-03   0.112888E-01   0.298552E-02   0.200000E-03
 478  -0.668282E-03   0.458372E-05   0.122358E-01   0.402755E-02   0.350000E-03
 479  -0.132605E-03  -0.157335E-03   0.141821E-01   0.405276E-02   0.250000E-03
 480  -0.591532E-03   0.103428E-03   0.146477E-01   0.387180E-02   0.250000E-03
 481  -0.457904E-03   0.538693E-03   0.147829E-01   0.435280E-02   0.250000E-03
 482  -0.376526E-03   0.533054E-03   0.162356E-01   0.510779E-02   0.400000E-03
 483  -0.303675E-03   0.561697E-03   0.169321E-01   0.517669E-02   0.300000E-03
 484  -0.567278E-03   0.772451E-03   0.185230E-01   0.522643E-02   0.300000E-03
 485  -0.305690E-03   0.402327E-03   0.195188E-01   0.509910E-02   0.350000E-03
 486  -0.103462E-02  -0.175011E-03   0.201597E-01   0.496758E-02   0.300000E-03
 487  -0.810169E-03  -0.364386E-04   0.212385E-01   0.497992E-02   0.350000E-03
 488  -0.462386E-03  -0.300103E-04   0.217539E-01   0.516827E-02   0.200000E-03
 489  -0.699591E-03  -0.393520E-03   0.245339E-01   0.400254E-02   0.250000E-03
 490  -0.461685E-03  -0.108720E-02   0.271970E-01   0.340349E-02   0.250000E-03
 491  -0.979641E-03   0.156133E-04   0.282179E-01   0.345697E-02   0.300000E-03
 492  -0.724199E-03  -0.313440E-03   0.291941E-01   0.379462E-02   0.400000E-03
 493  -0.598296E-03  -0.542995E-03   0.299381E-01   0.358135E-02   0.300000E-03
 494   0.101924E-02   0.254471E-03   0.312150E-01   0.371337E-02   0.200000E-03
 495  -0.164089E-02  -0.552822E-03   0.328838E-01   0.399690E-02   0.200000E-03
 496  -0.108999E-02  -0.282500E-03   0.359348E-01   0.418906E-02   0.350000E-03
 497  -0.104784E-02  -0.299080E-03   0.361083E-01   0.372235E-02   0.150000E-03
 498  -0.715983E-03  -0.243385E-03   0.373704E-01   0.381682E-02   0.250000E-03
 499  -0.696906E-03  -0.971846E-04   0.375404E-01   0.334740E-02   0.250000E-03
 500   0.195624E-03   0.243030E-04   0.394091E-01   0.310793E-02   0.150000E-03
 501  -0.459994E-03   0.150494E-03   0.401706E-01   0.246360E-02   0.250000E-03
 502   0.192107E-03   0.392052E-03   0.413239E-01   0.211812E-02   0.300000E-03
 503   0.758411E-03   0.807676E-03   0.429680E-01   0.263610E-02   0.350000E-03
 504   0.117467E-02   0.566784E-03   0.433038E-01   0.208031E-02   0.300000E-03
 505  -0.368255E-04   0.301137E-03   0.165061E-02   0.390073E-02   0.350000E-03
 506   0.102842E-03   0.332593E-04   0.186880E-02   0.334358E-02   0.250000E-03
 507  -0.816031E-04   0.411203E-03   0.333151E-02   0.354467E-02   0.250000E-03
 508  -0.524496E-03   0.566725E-03   0.437728E-02   0.369628E-02   0.300000E-03
 509  -0.221551E-03   0.399059E-03   0.606814E-02   0.430277E-02   0.250000E-03
 510  -0.532889E-03   0.369121E-03   0.747409E-02   0.457883E-02   0.300000E-03
 511  -0.683160E-03  -0.826434E-04   0.873384E-02   0.423669E-02   0.300000E-03
 512  -0.493310E-04   0.306843E-03   0.103181E-01   0.378086E-02   0.350000E-03
 513  -0.213655E-03   0.417561E-03   0.114424E-01   0.353393E-02   0.300000E-03
 514   0.245850E-03   0.430335E-03   0.128521E-01   0.444579E-02   0.400000E-03
 515  -0.274777E-03  -0.139372E-03   0.135919E-01   0.415922E-02   0.350000E-03
 516  -0.254438E-04   0.313587E-03   0.142619E-01   0.464496E-02   0.350000E-03
 517  -0.515167E-03   0.484191E-03   0.151002E-01   0.459605E-02   0.150000E-03
 518  -0.329909E-03   0.475951E-03   0.154565E-01   0.528711E-02   0.400000E-03
 519  -0.528258E-03   0.502232E-03   0.176449E-01   0.505912E-02   0.350000E-03
 520  -0.654350E-03   0.707480E-03   0.190360E-01   0.553367E-02   0.300000E-03
 521  -0.101526E-02  -0.317629E-03   0.200225E-01   0.565295E-02   0.400000E-03
 522  -0.100411E-02  -0.214934E-03   0.205917E-01   0.530521E-02   0.250000E-03
 523  -0.416200E-03  -0.677770E-04   0.217352E-01   0.561555E-02   0.250000E-03
 524  -0.113256E-02  -0.140146E-03   0.230247E-01   0.415596E-02   0.300000E-03
 525  -0.738286E-03  -0.299876E-03   0.250864E-01   0.440864E-02   0.400000E-03
 526  -0.409044E-03  -0.819341E-03   0.255462E-01   0.395505E-02   0.250000E-03
 527  -0.106538E-02   0.178953E-02   0.276751E-01   0.373057E-02   0.300000E-03
 528  -0.714240E-03   0.864006E-04   0.290794E-01   0.453513E-02   0.350000E-03
 529  -0.408274E-03   0.927116E-04   0.304149E-01   0.439205E-02   0.300000E-03
 530  -0.824558E-03   0.228852E-03   0.321404E-01   0.406256E-02   0.150000E-03
 531  -0.204933E-02  -0.221668E-03   0.330387E-01   0.356406E-02   0.200000E-03
 532  -0.137821E-02  -0.189341E-03   0.351906E-01   0.426927E-02   0.400000E-03
 533  -0.132802E-02  -0.734488E-04   0.368460E-01   0.398175E-02   0.300000E-03
 534  -0.810830E-03   0.379234E-03   0.382336E-01   0.445177E-02   0.300000E-03
 535  -0.588848E-03  -0.186032E-03   0.379181E-01   0.374678E-02   0.300000E-03
 536  -0.780929E-03   0.148613E-03   0.387107E-01   0.314999E-02   0.150000E-03
 537  -0.160681E-03   0.168471E-03   0.404508E-01   0.274829E-02   0.150000E-03
 538   0.279445E-03   0.641225E-03   0.417688E-01   0.251497E-02   0.300000E-03
 539   0.155101E-03   0.613583E-03   0.423585E-01   0.241468E-02   0.300000E-03
 540   0.162118E-04   0.597916E-04   0.439683E-01   0.284469E-02   0.250000E-03
 541  -0.619466E-03  -0.162764E-03   0.471354E-02   0.860099E-02   0.300000E-03
 542   0.253729E-03   0.386211E-03   0.258239E-02   0.357036E-02   0.500000E-03
 543  -0.414445E-03   0.137724E-03   0.376431E-02   0.388293E-02   0.300000E-03
 544  -0.380668E-03   0.172675E-03   0.420150E-02   0.421611E-02   0.250000E-03
 545  -0.270473E-03   0.854221E-04   0.531030E-02   0.417836E-02   0.250000E-03
 546  -0.753106E-03  -0.848388E-05   0.856459E-02   0.496626E-02   0.450000E-03
 547   0.179954E-03   0.595327E-03   0.921839E-02   0.458900E-02   0.300000E-03
 548   0.441262E-03   0.277988E-03   0.975035E-02   0.452658E-02   0.200000E-03
 549   0.513257E-04   0.683537E-03   0.110680E-01   0.435418E-02   0.400000E-03
 550  -0.144865E-03   0.554828E-03   0.116377E-01   0.404317E-02   0.250000E-03
 551  -0.265421E-03   0.193919E-03   0.135260E-01   0.495538E-02   0.450000E-03
 552  -0.941735E-04   0.369657E-03   0.142241E-01   0.534105E-02   0.350000E-03
 553  -0.220363E-04   0.686407E-05   0.148152E-01   0.487663E-02   0.250000E-03
 554  -0.288177E-03   0.165774E-03   0.150917E-01   0.581951E-02   0.250000E-03
 555  -0.319195E-03   0.948317E-04   0.160041E-01   0.587204E-02   0.400000E-03
 556  -0.420598E-03   0.654319E-03   0.180359E-01   0.557298E-02   0.300000E-03
 557  -0.612527E-03   0.730920E-03   0.187792E-01   0.485723E-02   0.150000E-03
 558  -0.647376E-03   0.136327E-03   0.210964E-01   0.571249E-02   0.400000E-03
 559  -0.847476E-03   0.246923E-03   0.225249E-01   0.468453E-02   0.250000E-03
 560  -0.107060E-02  -0.494917E-03   0.236069E-01   0.446365E-02   0.250000E-03
 561  -0.881216E-03  -0.404663E-03   0.258324E-01   0.448098E-02   0.350000E-03
 562  -0.661324E-03  -0.540685E-03   0.261333E-01   0.385087E-02   0.350000E-03
 563  -0.101882E-02  -0.120580E-03   0.284626E-01   0.411028E-02   0.400000E-03
 564  -0.957610E-03   0.104539E-02   0.284899E-01   0.480926E-02   0.300000E-03
 565  -0.423756E-03  -0.915932E-04   0.297882E-01   0.424596E-02   0.350000E-03
 566  -0.156323E-02  -0.110599E-03   0.312585E-01   0.436606E-02   0.450000E-03
 567  -0.107959E-02  -0.150734E-02   0.332487E-01   0.328443E-02   0.150000E-03
 568  -0.200687E-02  -0.202998E-03   0.338498E-01   0.381808E-02   0.100000E-03
 569  -0.135647E-02  -0.148136E-03   0.369768E-01   0.451274E-02   0.250000E-03
 570  -0.102941E-02   0.446568E-03   0.378101E-01   0.487513E-02   0.300000E-03
 571  -0.685528E-03  -0.184483E-04   0.384768E-01   0.352857E-02   0.300000E-03
 572   0.595842E-03  -0.149296E-03   0.390766E-01   0.341047E-02   0.300000E-03
 573   0.171397E-03  -0.255407E-03   0.397533E-01   0.281850E-02   0.300000E-03
 574   0.329404E-03   0.302367E-03   0.414292E-01   0.323540E-02   0.500000E-03
 575   0.185517E-03   0.590081E-03   0.421412E-01   0.291791E-02   0.250000E-03
 576   0.147840E-03   0.956022E-04   0.444196E-01   0.385703E-02   0.300000E-03
 577  -0.382679E-03   0.435287E-03   0.305416E-03   0.471323E-02   0.300000E-03
 578   0.426487E-03   0.495573E-03   0.261500E-02   0.441370E-02   0.350000E-03
 579  -0.461355E-03   0.186212E-03   0.476558E-02   0.441896E-02   0.350000E-03
 580  -0.338634E-03   0.694378E-04   0.542243E-02   0.466451E-02   0.250000E-03
 581  -0.524671E-03  -0.156957E-03   0.707982E-02   0.418179E-02   0.150000E-03
 582  -0.472211E-03   0.195525E-04   0.792274E-02   0.486487E-02   0.200000E-03
 583   0.545847E-03   0.299754E-03   0.994049E-02   0.493164E-02   0.250000E-03
 584   0.370321E-04   0.693568E-03   0.103308E-01   0.447843E-02   0.350000E-03
 585   0.124783E-03   0.956348E-03   0.106885E-01   0.519111E-02   0.450000E-03
 586  -0.419261E-03  -0.794154E-04   0.118501E-01   0.454777E-02   0.300000E-03
 587   0.835450E-03   0.310687E-03   0.123189E-01   0.472005E-02   0.200000E-03
 588  -0.133855E-03   0.887409E-03   0.136635E-01   0.559044E-02   0.200000E-03
 589   0.135998E-03   0.444232E-03   0.148186E-01   0.540091E-02   0.250000E-03
 590  -0.313820E-03   0.164783E-03   0.154471E-01   0.609415E-02   0.200000E-03
 591  -0.651263E-03   0.476277E-03   0.173487E-01   0.557365E-02   0.250000E-03
 592  -0.507509E-03   0.202546E-03   0.180988E-01   0.616723E-02   0.300000E-03
 593  -0.144887E-02  -0.214750E-03   0.194090E-01   0.600171E-02   0.300000E-03
 594  -0.649009E-03   0.562738E-04   0.205325E-01   0.620153E-02   0.350000E-03
 595  -0.450064E-03   0.163805E-04   0.221427E-01   0.508108E-02   0.200000E-03
 596  -0.104369E-02  -0.145801E-03   0.231138E-01   0.479781E-02   0.350000E-03
 597  -0.878542E-03  -0.286890E-03   0.243162E-01   0.461275E-02   0.400000E-03
 598  -0.628702E-03  -0.438066E-03   0.265300E-01   0.442283E-02   0.350000E-03
 599  -0.633985E-03  -0.733269E-03   0.270782E-01   0.398896E-02   0.350000E-03
 600  -0.422239E-03  -0.414308E-03   0.298293E-01   0.489239E-02   0.300000E-03
 601  -0.438740E-03  -0.482110E-03   0.304620E-01   0.503170E-02   0.350000E-03
 602   0.125781E-03  -0.694687E-03   0.309350E-01   0.487100E-02   0.150000E-03
 603  -0.163549E-02  -0.174421E-03   0.330223E-01   0.452727E-02   0.350000E-03
 604  -0.132965E-02  -0.517610E-03   0.334289E-01   0.395822E-02   0.350000E-03
 605  -0.958085E-03  -0.491394E-03   0.363897E-01   0.478311E-02   0.400000E-03
 606  -0.413632E-03   0.763469E-03   0.385039E-01   0.515172E-02   0.450000E-03
 607  -0.614965E-03   0.145396E-03   0.386117E-01   0.405594E-02   0.250000E-03
 608   0.482123E-03  -0.737767E-03   0.396745E-01   0.347118E-02   0.300000E-03
 609  -0.102971E-03  -0.421289E-03   0.402701E-01   0.321012E-02   0.350000E-03
 610  -0.752878E-04   0.319624E-03   0.408894E-01   0.280057E-02   0.150000E-03
 611   0.609453E-03   0.397538E-03   0.428150E-01   0.362701E-02   0.450000E-03
 612   0.113366E-02   0.237032E-03   0.434483E-01   0.314471E-02   0.350000E-03
 613  -0.870622E-04   0.347392E-03   0.103942E-01   0.865816E-02   0.350000E-03
 614  -0.473556E-03   0.158431E-03   0.313615E-02   0.457923E-02   0.200000E-03
 615  -0.547195E-03   0.232918E-03   0.368062E-02   0.452398E-02   0.350000E-03
 616  -0.368176E-03   0.120281E-03   0.567291E-02   0.435691E-02   0.150000E-03
 617  -0.417990E-03   0.351276E-03   0.662336E-02   0.452070E-02   0.350000E-03
 618  -0.855401E-03  -0.139528E-04   0.811905E-02   0.556516E-02   0.300000E-03
 619   0.364324E-04   0.277951E-03   0.928117E-02   0.518464E-02   0.300000E-03
 620   0.697055E-03   0.502336E-03   0.985693E-02   0.557390E-02   0.400000E-03
 621  -0.664345E-03   0.545262E-03   0.113773E-01   0.538073E-02   0.250000E-03
 622  -0.426494E-03  -0.780260E-04   0.114250E-01   0.489041E-02   0.250000E-03
 623   0.194237E-03   0.401560E-03   0.126447E-01   0.516595E-02   0.350000E-03
 624   0.124531E-03   0.219491E-03   0.139814E-01   0.583304E-02   0.200000E-03
 625  -0.216591E-03   0.175617E-03   0.145128E-01   0.597287E-02   0.350000E-03
 626  -0.199146E-03   0.666069E-03   0.166129E-01   0.550360E-02   0.150000E-03
 627  -0.506875E-03   0.403397E-03   0.169139E-01   0.567628E-02   0.200000E-03
 628  -0.471203E-03   0.766945E-03   0.175037E-01   0.609665E-02   0.300000E-03
 629  -0.606308E-03   0.158189E-03   0.186997E-01   0.660760E-02   0.450000E-03
 630  -0.482822E-03  -0.222351E-04   0.217497E-01   0.616498E-02   0.300000E-03
 631  -0.102873E-02  -0.117234E-03   0.226412E-01   0.530939E-02   0.350000E-03
 632  -0.102641E-02  -0.192417E-03   0.237319E-01   0.499713E-02   0.300000E-03
 633  -0.840165E-03  -0.101616E-03   0.245590E-01   0.521350E-02   0.250000E-03
 634  -0.513971E-03  -0.373121E-03   0.270644E-01   0.453606E-02   0.200000E-03
 635  -0.298017E-03  -0.332401E-03   0.277063E-01   0.448042E-02   0.450000E-03
 636  -0.808736E-03  -0.314677E-03   0.292894E-01   0.514929E-02   0.300000E-03
 637  -0.679108E-03  -0.109299E-03   0.302632E-01   0.564600E-02   0.300000E-03
 638  -0.148098E-02  -0.205587E-03   0.321393E-01   0.474516E-02   0.350000E-03
 639  -0.172139E-02  -0.437334E-03   0.342783E-01   0.479219E-02   0.250000E-03
 640  -0.181412E-02  -0.245376E-03   0.344924E-01   0.428947E-02   0.300000E-03
 641  -0.721550E-03   0.424960E-04   0.368690E-01   0.529077E-02   0.300000E-03
 642  -0.106059E-02   0.436053E-03   0.372655E-01   0.491333E-02   0.250000E-03
 643  -0.437539E-03   0.722250E-03   0.387962E-01   0.451669E-02   0.250000E-03
 644   0.665772E-03   0.547249E-04   0.392782E-01   0.408041E-02   0.400000E-03
 645   0.666421E-03   0.100665E-02   0.417305E-01   0.386650E-02   0.200000E-03
 646  -0.663444E-03   0.650533E-03   0.407912E-01   0.336051E-02   0.150000E-03
 647   0.812145E-03   0.748496E-03   0.425781E-01   0.302248E-02   0.200000E-03
 648  -0.251893E-03   0.354040E-03   0.448021E-01   0.353830E-02   0.200000E-03
 649  -0.353652E-03  -0.366079E-04   0.722094E-03   0.498947E-02   0.200000E-03
 650   0.259684E-03  -0.650250E-05   0.266047E-02   0.510571E-02   0.350000E-03
 651  -0.200409E-03   0.269560E-04   0.319817E-02   0.408086E-02   0.300000E-03
 652  -0.525606E-03   0.179326E-03   0.457919E-02   0.501220E-02   0.200000E-03
 653  -0.246413E-03   0.179850E-03   0.655179E-02   0.501305E-02   0.150000E-03
 654  -0.567858E-03   0.717071E-04   0.748424E-02   0.527334E-02   0.400000E-03
 655  -0.763650E-03   0.435136E-03   0.874334E-02   0.574559E-02   0.350000E-03
 656   0.344968E-03   0.553949E-03   0.931399E-02   0.593027E-02   0.250000E-03
 657  -0.902193E-05   0.199780E-03   0.104297E-01   0.597048E-02   0.300000E-03
 658  -0.262906E-03   0.421904E-03   0.119455E-01   0.518948E-02   0.350000E-03
 659  -0.186580E-03   0.127646E-03   0.131238E-01   0.552609E-02   0.250000E-03
 660  -0.129988E-03   0.589789E-03   0.135939E-01   0.628909E-02   0.400000E-03
 661  -0.378526E-03   0.160779E-03   0.150271E-01   0.636439E-02   0.300000E-03
 662  -0.296129E-03   0.102367E-03   0.163368E-01   0.648504E-02   0.300000E-03
 663  -0.126952E-03  -0.936238E-04   0.166387E-01   0.602837E-02   0.250000E-03
 664  -0.848951E-03   0.478128E-03   0.177458E-01   0.658729E-02   0.250000E-03
 665  -0.104151E-02   0.122154E-03   0.199014E-01   0.634189E-02   0.300000E-03
 666  -0.612982E-03  -0.172895E-03   0.211571E-01   0.640829E-02   0.300000E-03
 667  -0.108203E-02  -0.254759E-03   0.222429E-01   0.581808E-02   0.300000E-03
 668  -0.107432E-02   0.695492E-04   0.233061E-01   0.541847E-02   0.300000E-03
 669  -0.793967E-03  -0.187506E-03   0.247786E-01   0.480214E-02   0.100000E-03
 670  -0.913545E-03  -0.158686E-04   0.262661E-01   0.490154E-02   0.200000E-03
 671  -0.370268E-03  -0.200444E-03   0.284132E-01   0.530335E-02   0.200000E-03
 672  -0.173476E-03  -0.785080E-04   0.280131E-01   0.510782E-02   0.250000E-03
 673  -0.521451E-03  -0.306994E-03   0.309685E-01   0.550344E-02   0.350000E-03
 674  -0.152810E-02  -0.189106E-03   0.315445E-01   0.511155E-02   0.350000E-03
 675  -0.141192E-02  -0.194347E-03   0.324871E-01   0.426152E-02   0.250000E-03
 676  -0.111695E-02  -0.520760E-03   0.347768E-01   0.476918E-02   0.250000E-03
 677  -0.703023E-03  -0.764768E-04   0.369612E-01   0.598301E-02   0.400000E-03
 678  -0.118831E-02  -0.603991E-04   0.374083E-01   0.539072E-02   0.250000E-03
 679  -0.368859E-03   0.794382E-03   0.390950E-01   0.541876E-02   0.200000E-03
 680  -0.924147E-04   0.933017E-03   0.392601E-01   0.489519E-02   0.350000E-03
 681   0.521955E-03   0.862496E-04   0.411000E-01   0.390537E-02   0.250000E-03
 682   0.136839E-03   0.338788E-03   0.421525E-01   0.341626E-02   0.250000E-03
 683  -0.210228E-03   0.602225E-03   0.440305E-01   0.455346E-02   0.500000E-03
 684   0.504564E-04  -0.132528E-03   0.440482E-01   0.338785E-02   0.300000E-03
 685   0.700427E-04  -0.730919E-04   0.348492E-03   0.743458E-02   0.350000E-03
 686  -0.470392E-03   0.148891E-03   0.332472E-02   0.569429E-02   0.350000E-03
 687  -0.487335E-03   0.100674E-03   0.330539E-02   0.504857E-02   0.300000E-03
 688  -0.474675E-03   0.142213E-03   0.502389E-02   0.496017E-02   0.250000E-03
 689  -0.443460E-03   0.271585E-03   0.705802E-02   0.485259E-02   0.200000E-03
 690  -0.515287E-03   0.288097E-03   0.760369E-02   0.600702E-02   0.350000E-03
 691  -0.448431E-03   0.397041E-03   0.875634E-02   0.653408E-02   0.350000E-03
 692   0.477178E-03   0.299455E-03   0.986830E-02   0.627128E-02   0.300000E-03
 693  -0.428622E-04   0.133813E-04   0.103581E-01   0.651405E-02   0.250000E-03
 694  -0.300085E-03   0.170628E-03   0.110736E-01   0.589113E-02   0.350000E-03
 695  -0.284225E-03   0.307725E-03   0.128731E-01   0.607055E-02   0.350000E-03
 696  -0.458479E-03   0.258698E-03   0.146024E-01   0.728573E-02   0.250000E-03
 697  -0.370802E-03   0.480835E-03   0.143052E-01   0.669035E-02   0.400000E-03
 698  -0.370504E-03   0.148728E-03   0.156609E-01   0.665340E-02   0.400000E-03
 699   0.771248E-04   0.139053E-03   0.170541E-01   0.669380E-02   0.450000E-03
 700  -0.908019E-03   0.370035E-03   0.180764E-01   0.702292E-02   0.300000E-03
 701  -0.990226E-03   0.100878E-03   0.194399E-01   0.672015E-02   0.300000E-03
 702  -0.749947E-03   0.379632E-03   0.203081E-01   0.691127E-02   0.400000E-03
 703  -0.914423E-03   0.148963E-03   0.229211E-01   0.600233E-02   0.400000E-03
 704  -0.890326E-03  -0.670493E-04   0.240534E-01   0.561745E-02   0.400000E-03
 705  -0.753448E-03  -0.142259E-03   0.250322E-01   0.505532E-02   0.250000E-03
 706  -0.836246E-03  -0.945187E-04   0.258535E-01   0.507859E-02   0.250000E-03
 707  -0.562235E-03  -0.976765E-04   0.268708E-01   0.510052E-02   0.400000E-03
 708  -0.502472E-03  -0.121133E-03   0.297561E-01   0.543663E-02   0.250000E-03
 709  -0.149724E-02  -0.281704E-03   0.320641E-01   0.528924E-02   0.200000E-03
 710  -0.156274E-02  -0.277425E-03   0.326743E-01   0.501442E-02   0.250000E-03
 711  -0.533608E-03  -0.420468E-04   0.337156E-01   0.459403E-02   0.350000E-03
 712  -0.101647E-02  -0.421788E-03   0.351016E-01   0.521263E-02   0.300000E-03
 713  -0.390236E-03   0.104340E-03   0.381497E-01   0.635932E-02   0.350000E-03
 714  -0.183518E-03   0.523314E-03   0.379208E-01   0.569850E-02   0.350000E-03
 715  -0.417993E-03   0.839240E-03   0.388330E-01   0.564806E-02   0.150000E-03
 716   0.112389E-02   0.392372E-04   0.397374E-01   0.454017E-02   0.250000E-03
 717   0.174368E-03  -0.896650E-03   0.400773E-01   0.367134E-02   0.150000E-03
 718   0.195271E-03   0.461320E-03   0.421779E-01   0.391471E-02   0.250000E-03
 719   0.205184E-03  -0.158921E-03   0.448012E-01   0.547363E-02   0.200000E-03
 720   0.983871E-03   0.353102E-03   0.433963E-01   0.732084E-02   0.350000E-03
 721  -0.162591E-04   0.268025E-03   0.215315E-02   0.412164E-02   0.200000E-03
 722  -0.216707E-03   0.601828E-04   0.201889E-02   0.519920E-02   0.300000E-03
 723  -0.444463E-03   0.271819E-03   0.424753E-02   0.471334E-02   0.250000E-03
 724  -0.195810E-03   0.170962E-03   0.600608E-02   0.494893E-02   0.400000E-03
 725  -0.853556E-03   0.124446E-02   0.692256E-02   0.517466E-02   0.150000E-03
 726  -0.304180E-03   0.559345E-03   0.653176E-02   0.556037E-02   0.400000E-03
 727  -0.779587E-03   0.193534E-03   0.823598E-02   0.615188E-02   0.300000E-03
 728   0.348945E-03   0.290020E-03   0.934450E-02   0.642902E-02   0.250000E-03
 729   0.147479E-03   0.736890E-03   0.970174E-02   0.684743E-02   0.300000E-03
 730   0.428660E-04   0.601182E-03   0.123114E-01   0.566444E-02   0.250000E-03
 731  -0.575089E-03   0.543590E-03   0.121824E-01   0.626390E-02   0.350000E-03
 732  -0.162726E-03   0.645966E-03   0.130725E-01   0.667324E-02   0.250000E-03
 733  -0.252787E-03  -0.174398E-03   0.149199E-01   0.690164E-02   0.250000E-03
 734  -0.604702E-03   0.676327E-03   0.161778E-01   0.695857E-02   0.200000E-03
 735  -0.921270E-04  -0.143498E-03   0.175142E-01   0.734652E-02   0.350000E-03
 736  -0.606731E-03   0.363074E-03   0.190172E-01   0.739541E-02   0.400000E-03
 737  -0.817080E-03   0.349301E-03   0.197018E-01   0.725889E-02   0.300000E-03
 738  -0.581593E-03  -0.150471E-03   0.213814E-01   0.707017E-02   0.400000E-03
 739  -0.102445E-02   0.249028E-03   0.223288E-01   0.646036E-02   0.350000E-03
 740  -0.989314E-03   0.124166E-03   0.236331E-01   0.623680E-02   0.350000E-03
 741  -0.853171E-03  -0.723979E-04   0.247284E-01   0.568083E-02   0.250000E-03
 742  -0.894077E-03   0.669347E-04   0.262745E-01   0.535044E-02   0.250000E-03
 743  -0.427902E-03  -0.498429E-04   0.275169E-01   0.515301E-02   0.250000E-03
 744   0.100760E-02  -0.525367E-03   0.287968E-01   0.520419E-02   0.200000E-03
 745  -0.153425E-02   0.106455E-03   0.315553E-01   0.571062E-02   0.250000E-03
 746  -0.156620E-02  -0.194640E-03   0.327943E-01   0.560026E-02   0.350000E-03
 747  -0.155759E-02  -0.498375E-04   0.332479E-01   0.513558E-02   0.300000E-03
 748  -0.139146E-02  -0.276068E-03   0.356461E-01   0.486086E-02   0.350000E-03
 749  -0.101260E-02   0.209916E-03   0.363020E-01   0.547614E-02   0.300000E-03
 750   0.424279E-04   0.546906E-03   0.384971E-01   0.586438E-02   0.250000E-03
 751  -0.872164E-03   0.320152E-03   0.391592E-01   0.595154E-02   0.300000E-03
 752   0.227939E-03   0.688138E-03   0.401927E-01   0.424167E-02   0.300000E-03
 753  -0.744809E-03   0.678540E-04   0.407482E-01   0.306414E-02   0.150000E-03
 754   0.150051E-03   0.458385E-03   0.418945E-01   0.419552E-02   0.150000E-03
 755   0.491262E-03   0.624764E-03   0.425390E-01   0.415788E-02   0.150000E-03
 756   0.734648E-03  -0.127704E-03   0.431114E-01   0.673682E-02   0.300000E-03
 757  -0.120657E-03   0.367407E-03   0.184156E-02   0.457420E-02   0.350000E-03
 758  -0.484119E-03   0.154174E-03   0.401909E-02   0.577319E-02   0.350000E-03
 759  -0.453625E-03   0.244105E-03   0.389769E-02   0.513597E-02   0.300000E-03
 760  -0.350211E-03   0.359437E-03   0.473403E-02   0.566305E-02   0.300000E-03
 761  -0.370891E-03   0.351670E-03   0.540900E-02   0.547940E-02   0.400000E-03
 762  -0.198666E-03   0.502942E-03   0.593431E-02   0.601089E-02   0.350000E-03
 763  -0.455668E-03   0.248621E-03   0.690175E-02   0.626759E-02   0.400000E-03
 764  -0.866968E-03   0.275819E-03   0.816512E-02   0.680301E-02   0.300000E-03
 765  -0.813202E-04   0.382576E-03   0.115038E-01   0.643838E-02   0.350000E-03
 766  -0.409294E-03   0.770292E-03   0.117274E-01   0.580104E-02   0.300000E-03
 767  -0.465003E-03   0.635919E-03   0.126378E-01   0.656651E-02   0.200000E-03
 768  -0.152135E-03   0.368526E-03   0.136937E-01   0.693065E-02   0.250000E-03
 769   0.281194E-03   0.247656E-03   0.152177E-01   0.742124E-02   0.350000E-03
 770  -0.360563E-03   0.382454E-03   0.158017E-01   0.728615E-02   0.250000E-03
 771  -0.813818E-03   0.481313E-03   0.165238E-01   0.683822E-02   0.100000E-03
 772  -0.874122E-03   0.404159E-03   0.183751E-01   0.748158E-02   0.250000E-03
 773  -0.544265E-03   0.438641E-03   0.200552E-01   0.786200E-02   0.400000E-03
 774  -0.102278E-02   0.112883E-03   0.207674E-01   0.749907E-02   0.350000E-03
 775  -0.892287E-03   0.235406E-03   0.231624E-01   0.660489E-02   0.250000E-03
 776  -0.834695E-03   0.241815E-03   0.247558E-01   0.612695E-02   0.200000E-03
 777  -0.621374E-03  -0.176037E-03   0.254481E-01   0.488550E-02   0.200000E-03
 778  -0.914776E-03  -0.302143E-04   0.258639E-01   0.552599E-02   0.200000E-03
 779  -0.447047E-03   0.912825E-04   0.275585E-01   0.569944E-02   0.300000E-03
 780  -0.865195E-03   0.142791E-03   0.292806E-01   0.579875E-02   0.350000E-03
 781  -0.540851E-03   0.536276E-05   0.306548E-01   0.595343E-02   0.200000E-03
 782  -0.160701E-02  -0.906395E-03   0.320995E-01   0.578724E-02   0.300000E-03
 783  -0.399901E-03   0.183290E-03   0.338826E-01   0.527240E-02   0.350000E-03
 784  -0.139881E-02   0.279028E-03   0.344277E-01   0.521328E-02   0.200000E-03
 785  -0.138872E-02   0.275376E-03   0.356604E-01   0.555896E-02   0.350000E-03
 786   0.179131E-03   0.256979E-03   0.375754E-01   0.619221E-02   0.250000E-03
 787  -0.724367E-03   0.407830E-03   0.397222E-01   0.615208E-02   0.300000E-03
 788  -0.396112E-03   0.731261E-03   0.396353E-01   0.550711E-02   0.350000E-03
 789   0.505790E-03   0.187844E-03   0.405690E-01   0.377792E-02   0.300000E-03
 790   0.644306E-03   0.390788E-03   0.414608E-01   0.430849E-02   0.300000E-03
 791  -0.451014E-03   0.334919E-04   0.431278E-01   0.436335E-02   0.350000E-03
 792   0.491712E-04   0.523155E-03   0.438887E-01   0.518758E-02   0.150000E-03
 793   0.129883E-03   0.235329E-03   0.284157E-02   0.556977E-02   0.150000E-03
 794   0.311582E-03  -0.134456E-03   0.241909E-02   0.553894E-02   0.150000E-03
 795  -0.533777E-03   0.215974E-03   0.435365E-02   0.533927E-02   0.200000E-03
 796  -0.594049E-03   0.146420E-03   0.265233E-02   0.656502E-02   0.300000E-03
 797  -0.376498E-03   0.332913E-03   0.451018E-02   0.633830E-02   0.400000E-03
 798  -0.349914E-03   0.305305E-03   0.518066E-02   0.613915E-02   0.300000E-03
 799  -0.462403E-03   0.299673E-03   0.752390E-02   0.669802E-02   0.350000E-03
 800  -0.435827E-03   0.679623E-03   0.882571E-02   0.712894E-02   0.250000E-03
 801  -0.278120E-04   0.243675E-04   0.107696E-01   0.679627E-02   0.250000E-03
 802  -0.667400E-05   0.184597E-03   0.112365E-01   0.697494E-02   0.250000E-03
 803  -0.390523E-03   0.144313E-03   0.119616E-01   0.682110E-02   0.250000E-03
 804  -0.279306E-03   0.231744E-03   0.132162E-01   0.720344E-02   0.300000E-03
 805  -0.240417E-03   0.262319E-03   0.140570E-01   0.734329E-02   0.300000E-03
 806  -0.336111E-03   0.286100E-03   0.157023E-01   0.772442E-02   0.200000E-03
 807  -0.284563E-04  -0.621524E-04   0.179333E-01   0.777474E-02   0.250000E-03
 808  -0.632805E-03  -0.291789E-03   0.190371E-01   0.824363E-02   0.450000E-03
 809  -0.112018E-02   0.372211E-04   0.213480E-01   0.778692E-02   0.300000E-03
 810  -0.858548E-03  -0.102303E-03   0.220804E-01   0.705898E-02   0.300000E-03
 811  -0.971343E-03   0.209175E-03   0.236537E-01   0.688462E-02   0.300000E-03
 812  -0.775348E-03   0.160253E-03   0.242810E-01   0.627885E-02   0.300000E-03
 813  -0.704667E-03  -0.548907E-04   0.253186E-01   0.558189E-02   0.350000E-03
 814  -0.617304E-03   0.436512E-04   0.270595E-01   0.566967E-02   0.200000E-03
 815  -0.286193E-03   0.658230E-04   0.285372E-01   0.588826E-02   0.400000E-03
 816  -0.428723E-03   0.235182E-05   0.312055E-01   0.599337E-02   0.200000E-03
 817  -0.639890E-03  -0.246435E-03   0.302074E-01   0.624184E-02   0.300000E-03
 818  -0.133907E-02  -0.711803E-03   0.325383E-01   0.619541E-02   0.300000E-03
 819   0.510330E-03  -0.241274E-03   0.334291E-01   0.573647E-02   0.300000E-03
 820  -0.150140E-02   0.180120E-03   0.346842E-01   0.563881E-02   0.300000E-03
 821  -0.990116E-03   0.221767E-03   0.361782E-01   0.606116E-02   0.300000E-03
 822  -0.102007E-02   0.213251E-03   0.378103E-01   0.691340E-02   0.300000E-03
 823  -0.511305E-03   0.801792E-04   0.387460E-01   0.631188E-02   0.250000E-03
 824   0.957528E-03  -0.226719E-03   0.408176E-01   0.557761E-02   0.350000E-03
 825   0.856278E-03  -0.286606E-03   0.402586E-01   0.500639E-02   0.450000E-03
 826   0.131811E-03   0.520532E-03   0.408139E-01   0.443164E-02   0.350000E-03
 827   0.241543E-03   0.524482E-03   0.422308E-01   0.441134E-02   0.250000E-03
 828  -0.704708E-03   0.276589E-03   0.402860E-01   0.694014E-02   0.350000E-03
 829   0.244218E-04   0.338931E-03   0.262998E-02   0.596577E-02   0.300000E-03
 830  -0.363616E-03   0.342466E-04   0.298796E-03   0.531188E-02   0.300000E-03
 831  -0.358398E-03  -0.209161E-03   0.313289E-03   0.581109E-02   0.200000E-03
 832  -0.393591E-03   0.605847E-04   0.310044E-02   0.624978E-02   0.250000E-03
 833  -0.377269E-03   0.807009E-04   0.329313E-02   0.676355E-02   0.300000E-03
 834  -0.346121E-03   0.356204E-03   0.508797E-02   0.673144E-02   0.300000E-03
 835  -0.437253E-03   0.209147E-03   0.577026E-02   0.689689E-02   0.300000E-03
 836  -0.478701E-03   0.276240E-03   0.760363E-02   0.739107E-02   0.350000E-03
 837  -0.512800E-04  -0.333498E-04   0.107747E-01   0.634851E-02   0.200000E-03
 838  -0.389768E-03   0.169069E-03   0.117185E-01   0.736861E-02   0.350000E-03
 839  -0.361636E-03   0.191204E-03   0.125190E-01   0.715344E-02   0.400000E-03
 840  -0.282173E-03   0.181733E-04   0.141194E-01   0.793937E-02   0.300000E-03
 841  -0.359912E-03   0.739338E-03   0.147083E-01   0.782461E-02   0.300000E-03
 842  -0.441868E-03   0.581906E-04   0.169612E-01   0.768327E-02   0.300000E-03
 843  -0.819234E-03  -0.398268E-03   0.183892E-01   0.797944E-02   0.250000E-03
 844  -0.314860E-03  -0.346238E-04   0.197457E-01   0.848919E-02   0.300000E-03
 845  -0.104434E-02   0.144191E-03   0.207263E-01   0.819622E-02   0.350000E-03
 846  -0.844233E-03  -0.118435E-03   0.218460E-01   0.755591E-02   0.250000E-03
 847  -0.836278E-03   0.116907E-03   0.231175E-01   0.715215E-02   0.300000E-03
 848  -0.788680E-03   0.199349E-03   0.243474E-01   0.697397E-02   0.400000E-03
 849  -0.913476E-03   0.150172E-03   0.252808E-01   0.628735E-02   0.350000E-03
 850  -0.186726E-03  -0.936272E-03   0.266188E-01   0.563999E-02   0.200000E-03
 851  -0.546142E-03   0.176840E-03   0.264624E-01   0.611060E-02   0.300000E-03
 852  -0.586638E-03  -0.177835E-03   0.298502E-01   0.582521E-02   0.150000E-03
 853  -0.179196E-03   0.172179E-03   0.316542E-01   0.630680E-02   0.350000E-03
 854  -0.127511E-02  -0.463467E-03   0.327309E-01   0.681431E-02   0.350000E-03
 855   0.663169E-03  -0.492579E-03   0.331346E-01   0.625875E-02   0.300000E-03
 856  -0.530919E-03  -0.354820E-03   0.340847E-01   0.599299E-02   0.400000E-03
 857  -0.139028E-02   0.272611E-03   0.351752E-01   0.605948E-02   0.350000E-03
 858  -0.950190E-03   0.266988E-03   0.365393E-01   0.653910E-02   0.300000E-03
 859  -0.662939E-03   0.288402E-03   0.392851E-01   0.648584E-02   0.250000E-03
 860  -0.884139E-03   0.501327E-03   0.402110E-01   0.580445E-02   0.300000E-03
 861   0.724659E-03  -0.184999E-03   0.415150E-01   0.558912E-02   0.350000E-03
 862   0.131353E-03   0.521055E-03   0.409927E-01   0.500399E-02   0.250000E-03
 863  -0.277640E-03   0.684349E-03   0.432905E-01   0.514621E-02   0.450000E-03
 864   0.177108E-03  -0.459925E-04   0.445515E-01   0.607256E-02   0.450000E-03
 865  -0.470249E-03   0.507652E-04   0.137130E-02   0.515943E-02   0.350000E-03
 866  -0.314781E-03   0.227995E-03   0.170918E-02   0.559044E-02   0.200000E-03
 867  -0.180627E-03   0.257442E-03   0.203077E-02   0.638072E-02   0.350000E-03
 868  -0.486996E-03   0.183940E-03   0.373147E-02   0.635502E-02   0.300000E-03
 869  -0.372186E-03   0.218052E-03   0.338507E-02   0.730345E-02   0.250000E-03
 870  -0.403941E-03   0.197072E-03   0.627027E-02   0.656596E-02   0.300000E-03
 871  -0.435617E-03   0.258731E-03   0.693301E-02   0.696615E-02   0.300000E-03
 872   0.156890E-03   0.757785E-03   0.920187E-02   0.685448E-02   0.200000E-03
 873  -0.692005E-04   0.308151E-03   0.102731E-01   0.705399E-02   0.300000E-03
 874   0.214489E-03   0.226164E-03   0.116694E-01   0.802646E-02   0.300000E-03
 875  -0.380527E-03   0.186776E-03   0.122180E-01   0.778368E-02   0.300000E-03
 876  -0.262900E-03   0.286138E-03   0.135682E-01   0.768664E-02   0.300000E-03
 877  -0.344735E-03   0.206482E-05   0.146955E-01   0.842369E-02   0.300000E-03
 878  -0.933309E-03  -0.201935E-04   0.163208E-01   0.758429E-02   0.350000E-03
 879  -0.135382E-03  -0.300779E-03   0.174473E-01   0.794119E-02   0.250000E-03
 880   0.695124E-04   0.724830E-04   0.177076E-01   0.842474E-02   0.300000E-03
 881  -0.402055E-03   0.932682E-04   0.218139E-01   0.816407E-02   0.300000E-03
 882  -0.146390E-03  -0.324476E-04   0.225838E-01   0.727602E-02   0.250000E-03
 883  -0.101220E-02   0.266431E-03   0.227724E-01   0.668928E-02   0.150000E-03
 884  -0.952805E-03   0.329017E-03   0.238252E-01   0.751094E-02   0.350000E-03
 885  -0.897741E-03   0.631138E-04   0.257092E-01   0.740497E-02   0.400000E-03
 886  -0.864765E-03   0.128834E-03   0.258711E-01   0.602273E-02   0.300000E-03
 887  -0.291228E-03   0.100404E-03   0.282483E-01   0.657745E-02   0.350000E-03
 888  -0.958857E-03  -0.951292E-04   0.295275E-01   0.655750E-02   0.450000E-03
 889  -0.484845E-03   0.144867E-03   0.308878E-01   0.655860E-02   0.450000E-03
 890  -0.150309E-02  -0.523771E-03   0.321726E-01   0.660493E-02   0.250000E-03
 891  -0.504325E-03  -0.425856E-03   0.336815E-01   0.662335E-02   0.350000E-03
 892  -0.576328E-03  -0.499513E-03   0.346323E-01   0.657515E-02   0.400000E-03
 893  -0.118375E-02   0.409703E-03   0.357062E-01   0.643067E-02   0.300000E-03
 894  -0.472629E-03  -0.282826E-04   0.385748E-01   0.678150E-02   0.250000E-03
 895  -0.525582E-03  -0.495432E-04   0.390809E-01   0.699598E-02   0.300000E-03
 896   0.631541E-03   0.104093E-03   0.419236E-01   0.696691E-02   0.300000E-03
 897   0.147679E-02   0.445333E-04   0.424741E-01   0.662089E-02   0.350000E-03
 898  -0.314184E-04  -0.137196E-03   0.426353E-01   0.460681E-02   0.200000E-03
 899   0.137972E-02   0.541536E-03   0.424951E-01   0.520614E-02   0.350000E-03
 900  -0.160935E-02  -0.778185E-03   0.438285E-01   0.573342E-02   0.350000E-03
 901  -0.493801E-03   0.255608E-03   0.129140E-02   0.575122E-02   0.250000E-03
 902  -0.489196E-03   0.342837E-03   0.310056E-02   0.771402E-02   0.250000E-03
 903  -0.204748E-03   0.272986E-03   0.211030E-02   0.578747E-02   0.250000E-03
 904  -0.597457E-03   0.174372E-03   0.279481E-02   0.719792E-02   0.350000E-03
 905  -0.423714E-03   0.332762E-03   0.403368E-02   0.704110E-02   0.450000E-03
 906  -0.193301E-03   0.113285E-03   0.589227E-02   0.743428E-02   0.250000E-03
 907  -0.146177E-03   0.458646E-03   0.558374E-02   0.643349E-02   0.200000E-03
 908  -0.491912E-03   0.153712E-03   0.885145E-02   0.767756E-02   0.300000E-03
 909   0.841762E-04   0.472510E-03   0.934229E-02   0.733270E-02   0.300000E-03
 910  -0.122212E-03   0.290085E-03   0.100790E-01   0.808986E-02   0.300000E-03
 911  -0.143375E-03  -0.800398E-05   0.112238E-01   0.770604E-02   0.250000E-03
 912   0.169374E-03   0.443080E-03   0.152137E-01   0.870523E-02   0.250000E-03
 913   0.301896E-03   0.467184E-03   0.153133E-01   0.811391E-02   0.350000E-03
 914  -0.861589E-03  -0.271013E-03   0.160789E-01   0.834594E-02   0.450000E-03
 915  -0.445700E-03  -0.439651E-03   0.169701E-01   0.838281E-02   0.400000E-03
 916  -0.978782E-03   0.643374E-04   0.203096E-01   0.869312E-02   0.300000E-03
 917  -0.953345E-03   0.275512E-04   0.199022E-01   0.913239E-02   0.300000E-03
 918  -0.125327E-03  -0.662403E-04   0.223753E-01   0.783751E-02   0.350000E-03
 919  -0.812320E-03  -0.203592E-04   0.230738E-01   0.780010E-02   0.350000E-03
 920  -0.704807E-03  -0.826219E-03   0.247160E-01   0.647420E-02   0.150000E-03
 921  -0.727425E-03  -0.343716E-03   0.232440E-01   0.854288E-02   0.350000E-03
 922  -0.807825E-03   0.335789E-03   0.258650E-01   0.667163E-02   0.350000E-03
 923  -0.432379E-03  -0.412846E-04   0.275887E-01   0.634751E-02   0.350000E-03
 924  -0.621069E-03  -0.151677E-03   0.288298E-01   0.712543E-02   0.450000E-03
 925  -0.516674E-03   0.293355E-04   0.310647E-01   0.733835E-02   0.350000E-03
 926  -0.120647E-02  -0.680828E-03   0.315878E-01   0.695250E-02   0.300000E-03
 927  -0.157963E-02  -0.853074E-03   0.335999E-01   0.717117E-02   0.200000E-03
 928  -0.520010E-03   0.110020E-03   0.341323E-01   0.649005E-02   0.100000E-03
 929  -0.657682E-03   0.812657E-04   0.371985E-01   0.669408E-02   0.350000E-03
 930  -0.658844E-03   0.310318E-03   0.412176E-01   0.664790E-02   0.300000E-03
 931   0.784316E-03  -0.318254E-03   0.411890E-01   0.608924E-02   0.250000E-03
 932  -0.725187E-03   0.260726E-03   0.397361E-01   0.670098E-02   0.250000E-03
 933   0.539751E-03  -0.451618E-03   0.418105E-01   0.627655E-02   0.400000E-03
 934   0.946686E-03  -0.331292E-03   0.412646E-01   0.471165E-02   0.150000E-03
 935   0.536950E-03   0.162732E-03   0.418109E-01   0.490650E-02   0.400000E-03
 936   0.167335E-03  -0.650041E-04   0.433701E-01   0.619543E-02   0.300000E-03
 937  -0.303809E-03   0.226540E-04   0.102783E-02   0.727254E-02   0.350000E-03
 938  -0.190780E-03   0.166944E-03   0.296567E-03   0.631070E-02   0.300000E-03
 939  -0.373810E-03   0.194995E-03   0.374033E-02   0.778516E-02   0.350000E-03
 940  -0.583972E-04   0.651752E-04   0.790456E-03   0.597466E-02   0.300000E-03
 941   0.303434E-04  -0.104832E-03   0.165934E-02   0.697263E-02   0.350000E-03
 942  -0.569780E-03   0.176064E-03   0.458972E-02   0.781080E-02   0.500000E-03
 943  -0.425729E-03   0.861190E-04   0.530020E-02   0.734550E-02   0.350000E-03
 944  -0.391639E-03   0.247927E-03   0.636504E-02   0.715665E-02   0.300000E-03
 945  -0.162612E-04   0.127711E-03   0.108114E-01   0.734351E-02   0.300000E-03
 946  -0.261665E-03   0.159379E-03   0.982586E-02   0.759333E-02   0.250000E-03
 947  -0.183332E-03   0.248562E-03   0.129165E-01   0.805528E-02   0.450000E-03
 948  -0.206373E-03   0.282732E-03   0.125234E-01   0.863393E-02   0.250000E-03
 949  -0.912692E-03  -0.197336E-03   0.156871E-01   0.898481E-02   0.300000E-03
 950  -0.388870E-03   0.453067E-03   0.139649E-01   0.862168E-02   0.400000E-03
 951  -0.372220E-03  -0.538092E-03   0.165413E-01   0.893569E-02   0.300000E-03
 952  -0.944344E-03   0.163727E-04   0.182561E-01   0.845979E-02   0.250000E-03
 953  -0.893563E-03   0.561883E-03   0.209326E-01   0.875916E-02   0.250000E-03
 954  -0.858369E-03  -0.306896E-03   0.224092E-01   0.869762E-02   0.500000E-03
 955  -0.616349E-03  -0.546043E-03   0.236100E-01   0.806895E-02   0.250000E-03
 956  -0.910909E-03   0.736932E-04   0.250697E-01   0.728878E-02   0.250000E-03
 957  -0.965090E-03   0.146812E-03   0.267953E-01   0.767124E-02   0.350000E-03
 958  -0.912667E-03   0.237405E-03   0.264416E-01   0.706775E-02   0.350000E-03
 959  -0.725104E-03   0.435367E-04   0.269247E-01   0.656201E-02   0.350000E-03
 960  -0.661901E-03   0.200464E-03   0.302275E-01   0.679030E-02   0.250000E-03
 961  -0.113613E-02  -0.153428E-03   0.320849E-01   0.797960E-02   0.400000E-03
 962  -0.146057E-02  -0.425483E-03   0.316392E-01   0.750703E-02   0.250000E-03
 963  -0.630158E-03  -0.278270E-03   0.332567E-01   0.696765E-02   0.200000E-03
 964  -0.349674E-03  -0.400788E-03   0.352765E-01   0.684809E-02   0.300000E-03
 965  -0.118713E-02   0.432534E-03   0.360773E-01   0.683582E-02   0.250000E-03
 966  -0.996446E-03  -0.978857E-04   0.366690E-01   0.722595E-02   0.400000E-03
 967  -0.717879E-03   0.366916E-03   0.406458E-01   0.634041E-02   0.350000E-03
 968  -0.869893E-03   0.342511E-03   0.401575E-01   0.625083E-02   0.150000E-03
 969   0.627985E-03   0.180863E-03   0.447507E-01   0.715446E-02   0.250000E-03
 970   0.214026E-03  -0.109076E-03   0.442570E-01   0.681446E-02   0.350000E-03
 971   0.133918E-02   0.440062E-03   0.427290E-01   0.591603E-02   0.400000E-03
 972  -0.804822E-03  -0.198061E-03   0.436597E-01   0.676484E-02   0.250000E-03
 973  -0.387834E-03   0.142008E-04   0.835485E-03   0.542657E-02   0.250000E-03
 974  -0.356901E-03   0.225513E-03   0.403036E-02   0.830993E-02   0.250000E-03
 975  -0.479741E-03   0.254196E-03   0.133257E-02   0.634876E-02   0.350000E-03
 976  -0.258427E-03   0.128036E-03   0.771481E-03   0.667548E-02   0.300000E-03
 977  -0.455773E-03   0.248270E-03   0.737145E-02   0.794321E-02   0.250000E-03
 978  -0.453281E-03  -0.772501E-04   0.697355E-02   0.756408E-02   0.300000E-03
 979  -0.446781E-03  -0.763810E-04   0.644100E-02   0.770026E-02   0.250000E-03
 980  -0.530883E-03   0.163885E-03   0.817910E-02   0.787037E-02   0.400000E-03
 981  -0.748449E-04   0.162761E-03   0.103251E-01   0.759903E-02   0.250000E-03
 982  -0.331790E-03   0.332273E-03   0.934490E-02   0.824176E-02   0.450000E-03
 983  -0.355635E-03   0.170526E-03   0.121300E-01   0.832598E-02   0.250000E-03
 984  -0.122386E-04   0.223145E-03   0.107275E-01   0.804269E-02   0.350000E-03
 985  -0.247802E-03   0.315298E-03   0.135533E-01   0.818528E-02   0.200000E-03
 986  -0.197544E-03  -0.147148E-03   0.189154E-01   0.951138E-02   0.300000E-03
 987  -0.861468E-03   0.124054E-03   0.186278E-01   0.892938E-02   0.350000E-03
 988  -0.448084E-03   0.203144E-03   0.193381E-01   0.892864E-02   0.300000E-03
 989  -0.500625E-03  -0.104938E-04   0.194634E-01   0.946345E-02   0.250000E-03
 990  -0.720413E-03   0.228299E-03   0.213020E-01   0.836156E-02   0.250000E-03
 991   0.469349E-03  -0.287272E-03   0.241930E-01   0.820966E-02   0.350000E-03
 992   0.946065E-04   0.353134E-03   0.245223E-01   0.765015E-02   0.300000E-03
 993  -0.892376E-03   0.224722E-03   0.249718E-01   0.679910E-02   0.250000E-03
 994  -0.809931E-03  -0.139110E-03   0.270763E-01   0.714151E-02   0.250000E-03
 995  -0.387195E-04  -0.167148E-03   0.277251E-01   0.711366E-02   0.400000E-03
 996  -0.517198E-03   0.270824E-04   0.304162E-01   0.730588E-02   0.300000E-03
 997  -0.988127E-03  -0.108518E-03   0.298877E-01   0.715692E-02   0.250000E-03
 998  -0.108007E-02  -0.624089E-03   0.321728E-01   0.723507E-02   0.350000E-03
 999  -0.928445E-03   0.124649E-03   0.330118E-01   0.734420E-02   0.250000E-03
1000  -0.194470E-03  -0.908424E-03   0.341483E-01   0.714509E-02   0.350000E-03
