   1   0.220276E-03  -0.374820E-03   0.112439E-01   0.851470E-02   0.350000E-03
   2  -0.211257E-02  -0.954366E-03   0.149599E-03   0.149883E-03   0.150000E-03
   3   0.141486E-02   0.127870E-02   0.446476E-02   0.448326E-03   0.450000E-03
   4  -0.198660E-02   0.423931E-03   0.563965E-02   0.524435E-03   0.200000E-03
   5  -0.512133E-02   0.655615E-03   0.572665E-02   0.999446E-04   0.100000E-03
   6   0.339794E-03  -0.202968E-02   0.741350E-02   0.249557E-03   0.250000E-03
   7  -0.259035E-03  -0.142745E-02   0.804555E-02   0.398962E-03   0.400000E-03
   8   0.152376E-02   0.253982E-03   0.881155E-02   0.347268E-03   0.350000E-03
   9   0.112190E-02   0.652405E-03   0.925342E-02   0.575079E-03   0.150000E-03
  10   0.147502E-03   0.498973E-03   0.117544E-01   0.297095E-03   0.300000E-03
  11  -0.977293E-03   0.506184E-03   0.129953E-01   0.350294E-03   0.350000E-03
  12   0.805956E-03  -0.865356E-03   0.147276E-01   0.195176E-03   0.200000E-03
  13  -0.705782E-03  -0.881864E-03   0.168524E-01   0.343639E-03   0.350000E-03
  14   0.688904E-03  -0.128219E-02   0.175504E-01   0.348753E-03   0.350000E-03
  15  -0.534388E-04  -0.211080E-02   0.187695E-01   0.399437E-03   0.400000E-03
  16  -0.676491E-03  -0.111264E-02   0.195156E-01   0.348616E-03   0.350000E-03
  17  -0.128916E-03  -0.566287E-03   0.204300E-01   0.338362E-03   0.350000E-03
  18  -0.147169E-02  -0.139510E-02   0.218805E-01   0.349103E-03   0.350000E-03
  19  -0.138480E-02  -0.121120E-02   0.224696E-01   0.241272E-03   0.250000E-03
  20  -0.147716E-02  -0.103036E-02   0.229692E-01   0.248570E-03   0.250000E-03
  21   0.954383E-03  -0.299446E-02   0.244198E-01   0.249961E-03   0.250000E-03
  22  -0.116424E-03   0.109514E-02   0.257273E-01   0.199946E-03   0.200000E-03
  23  -0.172926E-02   0.603068E-04   0.267642E-01   0.100011E-03   0.100000E-03
  24   0.522509E-03  -0.147993E-02   0.282559E-01   0.395756E-03   0.400000E-03
  25  -0.200133E-02   0.446149E-03   0.297626E-01   0.396610E-03   0.400000E-03
  26   0.156986E-03  -0.697074E-04   0.305098E-01   0.342277E-03   0.350000E-03
  27  -0.492029E-03  -0.355246E-03   0.318538E-01   0.297694E-03   0.300000E-03
  28  -0.369581E-03  -0.158091E-02   0.333561E-01   0.299719E-03   0.300000E-03
  29  -0.108137E-02  -0.837154E-03   0.355583E-01   0.447186E-03   0.450000E-03
  30   0.132121E-02   0.941937E-04   0.374024E-01   0.346082E-03   0.350000E-03
  31  -0.860046E-03   0.550139E-03   0.379944E-01   0.249529E-03   0.250000E-03
  32   0.121254E-02  -0.425132E-03   0.401260E-01   0.196649E-03   0.200000E-03
  33  -0.710110E-05   0.571258E-03   0.410159E-01   0.194431E-03   0.200000E-03
  34   0.593238E-03   0.681170E-03   0.446055E-01   0.882053E-03   0.400000E-03
  35   0.526317E-03  -0.657795E-03   0.446513E-01   0.192533E-02   0.350000E-03
  36  -0.121373E-03   0.870369E-04   0.861706E-02   0.841497E-02   0.300000E-03
  37   0.130094E-03   0.371738E-02   0.248698E-03   0.186165E-02   0.250000E-03
  38   0.754573E-03  -0.226529E-02   0.762391E-03   0.793419E-03   0.300000E-03
  39   0.567756E-03  -0.857009E-03   0.254044E-02   0.395248E-03   0.400000E-03
  40   0.186422E-02   0.716436E-03   0.608679E-02   0.299967E-03   0.300000E-03
  41  -0.577154E-03  -0.124827E-02   0.678036E-02   0.394355E-03   0.400000E-03
  42  -0.158790E-02   0.659140E-04   0.721275E-02   0.100307E-02   0.350000E-03
  43   0.193098E-02  -0.714393E-04   0.851232E-02   0.918184E-03   0.300000E-03
  44   0.598489E-03   0.254622E-03   0.932183E-02   0.967878E-03   0.250000E-03
  45   0.159713E-02  -0.183782E-03   0.989587E-02   0.491427E-03   0.500000E-03
  46   0.159299E-03   0.405078E-03   0.108416E-01   0.299741E-03   0.300000E-03
  47   0.357357E-03   0.893079E-03   0.151385E-01   0.149932E-03   0.150000E-03
  48   0.177148E-04   0.211543E-03   0.157460E-01   0.448240E-03   0.450000E-03
  49  -0.632013E-04   0.691234E-04   0.164170E-01   0.879299E-03   0.350000E-03
  50   0.413034E-03  -0.149870E-02   0.181398E-01   0.247454E-03   0.250000E-03
  51  -0.103911E-02   0.147913E-03   0.192455E-01   0.880866E-03   0.250000E-03
  52  -0.341455E-03  -0.153412E-02   0.199706E-01   0.147968E-03   0.150000E-03
  53   0.126816E-02   0.640331E-03   0.204381E-01   0.100411E-02   0.200000E-03
  54  -0.651035E-03   0.246812E-03   0.211009E-01   0.298434E-03   0.300000E-03
  55   0.110486E-02  -0.430348E-03   0.233831E-01   0.999628E-04   0.100000E-03
  56  -0.877437E-03  -0.249736E-02   0.237867E-01   0.396512E-03   0.400000E-03
  57  -0.306677E-04  -0.128964E-03   0.244719E-01   0.938732E-03   0.400000E-03
  58  -0.859500E-03   0.145667E-03   0.250534E-01   0.394577E-03   0.400000E-03
  59   0.319757E-02   0.160221E-03   0.270715E-01   0.200071E-03   0.200000E-03
  60  -0.141805E-02  -0.815831E-03   0.275634E-01   0.298043E-03   0.300000E-03
  61   0.391148E-03   0.907123E-03   0.290702E-01   0.297875E-03   0.300000E-03
  62   0.504635E-03  -0.327889E-03   0.312079E-01   0.346996E-03   0.350000E-03
  63  -0.172047E-02  -0.145420E-02   0.328683E-01   0.196909E-03   0.200000E-03
  64  -0.233385E-03  -0.780096E-03   0.347668E-01   0.345836E-03   0.350000E-03
  65   0.627651E-03  -0.411132E-03   0.363376E-01   0.619767E-03   0.350000E-03
  66   0.520641E-03   0.454068E-03   0.364310E-01   0.139229E-03   0.150000E-03
  67   0.182529E-03  -0.113752E-02   0.391404E-01   0.299326E-03   0.300000E-03
  68   0.867526E-03  -0.332442E-03   0.423040E-01   0.225129E-03   0.200000E-03
  69  -0.364548E-03   0.554205E-03   0.438637E-01   0.819792E-03   0.350000E-03
  70   0.394072E-03  -0.732583E-03   0.424163E-01   0.721866E-02   0.250000E-03
  71  -0.677383E-03  -0.273817E-03   0.447021E-01   0.498479E-02   0.300000E-03
  72   0.177323E-02  -0.431403E-02   0.447503E-01   0.249091E-03   0.250000E-03
  73  -0.572019E-03  -0.194462E-03   0.258423E-02   0.801837E-02   0.350000E-03
  74   0.812390E-03  -0.255516E-03   0.108429E-02   0.293793E-03   0.300000E-03
  75  -0.595546E-03   0.103265E-02   0.379403E-02   0.249882E-03   0.250000E-03
  76   0.183736E-02  -0.306700E-02   0.516483E-02   0.928385E-03   0.350000E-03
  77  -0.108693E-03  -0.243699E-02   0.639826E-02   0.846463E-03   0.200000E-03
  78   0.168966E-03  -0.166345E-02   0.659034E-02   0.135880E-02   0.350000E-03
  79   0.438755E-06  -0.689624E-03   0.789970E-02   0.113420E-02   0.350000E-03
  80   0.749772E-03   0.707867E-03   0.901009E-02   0.135190E-02   0.250000E-03
  81   0.605432E-03   0.290078E-03   0.106259E-01   0.912362E-03   0.350000E-03
  82   0.685157E-03   0.815399E-03   0.132431E-01   0.981787E-03   0.300000E-03
  83  -0.556142E-03   0.118634E-03   0.136919E-01   0.346427E-03   0.350000E-03
  84   0.104856E-02  -0.552598E-03   0.142820E-01   0.245180E-03   0.250000E-03
  85  -0.381593E-04  -0.809436E-04   0.153539E-01   0.102454E-02   0.250000E-03
  86   0.272754E-03  -0.698825E-04   0.171945E-01   0.106340E-02   0.450000E-03
  87  -0.299852E-03  -0.501928E-03   0.187753E-01   0.104820E-02   0.250000E-03
  88  -0.407121E-03  -0.695347E-04   0.199814E-01   0.800853E-03   0.300000E-03
  89  -0.208025E-03   0.434034E-03   0.202394E-01   0.160895E-02   0.400000E-03
  90  -0.971320E-03  -0.158804E-02   0.214135E-01   0.866213E-03   0.350000E-03
  91  -0.966469E-03   0.334508E-03   0.225434E-01   0.727219E-03   0.250000E-03
  92  -0.105436E-02  -0.131062E-03   0.231324E-01   0.824414E-03   0.350000E-03
  93  -0.138293E-02   0.405015E-04   0.237532E-01   0.114225E-02   0.350000E-03
  94  -0.118709E-02  -0.709603E-03   0.251961E-01   0.112690E-02   0.350000E-03
  95  -0.160265E-02  -0.200357E-03   0.272863E-01   0.883832E-03   0.350000E-03
  96   0.781507E-04   0.416047E-03   0.279882E-01   0.114680E-02   0.400000E-03
  97  -0.865598E-03  -0.110020E-02   0.294732E-01   0.973075E-03   0.250000E-03
  98   0.223114E-03   0.230875E-02   0.302508E-01   0.109075E-02   0.450000E-03
  99   0.155784E-02  -0.455153E-03   0.323993E-01   0.244705E-03   0.250000E-03
 100  -0.349012E-03  -0.333087E-02   0.327240E-01   0.616712E-03   0.250000E-03
 101   0.100534E-03  -0.896042E-04   0.349727E-01   0.106356E-02   0.400000E-03
 102  -0.624684E-05   0.130788E-03   0.368121E-01   0.253043E-03   0.250000E-03
 103   0.726052E-03  -0.102438E-02   0.376468E-01   0.889205E-03   0.250000E-03
 104  -0.121154E-02  -0.779021E-03   0.385425E-01   0.295447E-03   0.300000E-03
 105   0.367809E-03  -0.425843E-03   0.405710E-01   0.245519E-03   0.250000E-03
 106  -0.226949E-03  -0.376191E-03   0.431893E-01   0.297605E-03   0.300000E-03
 107  -0.303317E-03  -0.296190E-03   0.440783E-01   0.749058E-02   0.350000E-03
 108   0.420787E-03  -0.651838E-03   0.348778E-01   0.748236E-02   0.450000E-03
 109  -0.144629E-02  -0.304524E-02   0.240777E-03   0.646889E-03   0.250000E-03
 110  -0.279440E-02  -0.798819E-03   0.537093E-03   0.247553E-03   0.250000E-03
 111   0.971964E-03  -0.120587E-02   0.174930E-02   0.483227E-03   0.400000E-03
 112  -0.107261E-02  -0.199276E-02   0.306730E-02   0.921335E-03   0.350000E-03
 113   0.157447E-03  -0.257116E-02   0.587828E-02   0.113853E-02   0.400000E-03
 114   0.460408E-03  -0.128321E-02   0.708950E-02   0.157572E-02   0.200000E-03
 115   0.991855E-03  -0.467113E-04   0.845372E-02   0.155989E-02   0.350000E-03
 116   0.633558E-03  -0.168897E-03   0.980597E-02   0.133101E-02   0.350000E-03
 117  -0.435161E-03   0.145927E-03   0.113051E-01   0.755273E-03   0.350000E-03
 118  -0.727515E-03   0.633183E-03   0.123512E-01   0.289569E-03   0.300000E-03
 119   0.106334E-02   0.760436E-03   0.142201E-01   0.787070E-03   0.300000E-03
 120   0.598600E-03   0.717776E-04   0.150119E-01   0.599866E-03   0.300000E-03
 121   0.138514E-03   0.917924E-03   0.166307E-01   0.138396E-02   0.200000E-03
 122   0.168496E-04  -0.194799E-03   0.180843E-01   0.943521E-03   0.450000E-03
 123   0.101470E-04  -0.387162E-03   0.185236E-01   0.141710E-02   0.200000E-03
 124  -0.657352E-03   0.199088E-03   0.196234E-01   0.127879E-02   0.300000E-03
 125   0.142617E-03  -0.888926E-03   0.208245E-01   0.772973E-03   0.250000E-03
 126  -0.139034E-03   0.427544E-03   0.208728E-01   0.131579E-02   0.300000E-03
 127  -0.588447E-03  -0.479098E-03   0.226696E-01   0.120531E-02   0.250000E-03
 128  -0.722677E-03  -0.805737E-03   0.230193E-01   0.162437E-02   0.300000E-03
 129  -0.116604E-03  -0.922079E-03   0.235628E-01   0.170083E-02   0.250000E-03
 130  -0.137272E-02  -0.230033E-03   0.256815E-01   0.699622E-03   0.300000E-03
 131  -0.119496E-02  -0.513570E-03   0.263067E-01   0.393941E-03   0.400000E-03
 132  -0.734297E-03   0.104028E-02   0.274973E-01   0.148954E-02   0.200000E-03
 133   0.147837E-02  -0.138488E-02   0.288248E-01   0.951325E-03   0.400000E-03
 134   0.753143E-03  -0.124349E-02   0.311451E-01   0.109118E-02   0.400000E-03
 135  -0.819301E-03  -0.150012E-02   0.319918E-01   0.103255E-02   0.450000E-03
 136   0.446006E-03  -0.108635E-02   0.340329E-01   0.469995E-03   0.400000E-03
 137   0.706426E-03   0.371964E-03   0.372299E-01   0.761356E-03   0.100000E-03
 138   0.279503E-03  -0.302337E-03   0.374133E-01   0.132497E-02   0.250000E-03
 139  -0.782423E-03  -0.207358E-03   0.381805E-01   0.766553E-03   0.300000E-03
 140   0.724436E-03  -0.114725E-02   0.396849E-01   0.261859E-03   0.250000E-03
 141   0.465359E-03  -0.115996E-03   0.414615E-01   0.248863E-03   0.250000E-03
 142   0.378204E-03   0.137534E-04   0.419069E-01   0.197969E-03   0.200000E-03
 143   0.631361E-04  -0.118109E-03   0.439028E-01   0.632846E-02   0.250000E-03
 144  -0.386755E-03   0.148203E-03   0.294754E-01   0.751788E-02   0.300000E-03
 145   0.401539E-04   0.281707E-03   0.294428E-03   0.341869E-02   0.300000E-03
 146   0.860728E-03   0.150135E-02   0.660319E-03   0.143067E-02   0.350000E-03
 147   0.177874E-02   0.588229E-03   0.394936E-02   0.844023E-03   0.200000E-03
 148   0.150089E-02   0.126285E-02   0.519743E-02   0.289572E-03   0.300000E-03
 149   0.300711E-03  -0.107006E-03   0.606814E-02   0.196427E-02   0.450000E-03
 150  -0.762002E-03  -0.770250E-03   0.747381E-02   0.148042E-02   0.200000E-03
 151   0.760473E-03   0.806531E-03   0.935835E-02   0.163181E-02   0.200000E-03
 152   0.425575E-03   0.165221E-03   0.103490E-01   0.138356E-02   0.200000E-03
 153   0.420754E-03   0.449630E-03   0.110871E-01   0.136588E-02   0.300000E-03
 154  -0.154340E-02   0.703827E-03   0.125466E-01   0.950867E-03   0.400000E-03
 155  -0.656818E-03   0.105251E-02   0.137312E-01   0.887452E-03   0.200000E-03
 156   0.256674E-03   0.267741E-04   0.147459E-01   0.124685E-02   0.400000E-03
 157  -0.702332E-03  -0.258676E-03   0.158815E-01   0.139771E-02   0.400000E-03
 158   0.348669E-03  -0.932094E-03   0.172958E-01   0.185340E-02   0.350000E-03
 159  -0.193065E-03   0.581027E-03   0.177021E-01   0.146908E-02   0.200000E-03
 160   0.184907E-03   0.148767E-03   0.181340E-01   0.164152E-02   0.250000E-03
 161  -0.931906E-03  -0.357144E-03   0.195292E-01   0.181544E-02   0.250000E-03
 162   0.717208E-04   0.713035E-03   0.208211E-01   0.180890E-02   0.200000E-03
 163   0.425280E-03  -0.929969E-03   0.220728E-01   0.109280E-02   0.350000E-03
 164  -0.470600E-03  -0.143838E-02   0.226838E-01   0.216965E-02   0.300000E-03
 165  -0.586975E-03  -0.101239E-02   0.247652E-01   0.154252E-02   0.250000E-03
 166  -0.114865E-02  -0.101763E-02   0.255287E-01   0.161433E-02   0.250000E-03
 167  -0.152284E-02  -0.410175E-03   0.265806E-01   0.113407E-02   0.400000E-03
 168   0.107717E-03   0.973460E-05   0.285373E-01   0.153215E-02   0.250000E-03
 169   0.222082E-03   0.471746E-05   0.301590E-01   0.172935E-02   0.200000E-03
 170   0.108955E-04  -0.283008E-03   0.307528E-01   0.178431E-02   0.400000E-03
 171   0.126611E-02  -0.144577E-02   0.334871E-01   0.902108E-03   0.300000E-03
 172  -0.181354E-02   0.591259E-03   0.342022E-01   0.127394E-02   0.400000E-03
 173  -0.614517E-03  -0.265308E-03   0.356599E-01   0.118513E-02   0.300000E-03
 174   0.866358E-03   0.136259E-03   0.368847E-01   0.104965E-02   0.350000E-03
 175  -0.126799E-03   0.314712E-03   0.390349E-01   0.889091E-03   0.300000E-03
 176   0.142231E-02   0.600899E-03   0.400950E-01   0.988078E-03   0.200000E-03
 177   0.504001E-03  -0.437017E-04   0.406094E-01   0.788694E-03   0.300000E-03
 178   0.780678E-03  -0.169317E-03   0.443949E-01   0.144139E-02   0.200000E-03
 179   0.114760E-02  -0.151344E-03   0.427007E-01   0.196433E-03   0.200000E-03
 180  -0.197156E-03  -0.316007E-04   0.400236E-01   0.753488E-02   0.300000E-03
 181   0.148716E-03  -0.732375E-03   0.202536E-03   0.109585E-02   0.200000E-03
 182   0.315163E-03  -0.831063E-03   0.135262E-02   0.223921E-02   0.200000E-03
 183  -0.191669E-02   0.117455E-02   0.324645E-02   0.298303E-03   0.300000E-03
 184   0.117230E-02  -0.173882E-03   0.524844E-02   0.161796E-02   0.350000E-03
 185   0.379476E-04  -0.105459E-03   0.622731E-02   0.264388E-02   0.250000E-03
 186   0.121809E-03  -0.189830E-04   0.677562E-02   0.187514E-02   0.200000E-03
 187   0.548667E-03  -0.233875E-03   0.785563E-02   0.179132E-02   0.300000E-03
 188   0.113942E-02   0.844282E-03   0.960194E-02   0.200866E-02   0.250000E-03
 189  -0.293930E-03   0.519181E-03   0.116232E-01   0.126126E-02   0.250000E-03
 190  -0.121001E-03  -0.457648E-03   0.119090E-01   0.824740E-03   0.250000E-03
 191   0.189743E-03   0.278819E-02   0.139553E-01   0.126780E-02   0.250000E-03
 192  -0.114384E-02   0.132132E-02   0.142296E-01   0.185185E-02   0.400000E-03
 193  -0.753162E-04   0.408830E-03   0.152609E-01   0.172079E-02   0.300000E-03
 194  -0.277607E-04   0.143672E-02   0.164539E-01   0.195486E-02   0.400000E-03
 195  -0.976735E-04   0.678560E-03   0.179014E-01   0.208384E-02   0.250000E-03
 196  -0.643479E-03  -0.131979E-03   0.190722E-01   0.151040E-02   0.300000E-03
 197  -0.181154E-03   0.446547E-03   0.199064E-01   0.228053E-02   0.350000E-03
 198   0.140203E-03   0.495580E-03   0.206052E-01   0.225551E-02   0.300000E-03
 199  -0.111595E-02  -0.667271E-04   0.214350E-01   0.151286E-02   0.300000E-03
 200  -0.233882E-02  -0.144474E-02   0.221850E-01   0.216265E-02   0.200000E-03
 201  -0.180281E-02  -0.789059E-03   0.242202E-01   0.159260E-02   0.300000E-03
 202   0.317299E-03  -0.673237E-03   0.259329E-01   0.118877E-02   0.250000E-03
 203  -0.135643E-02  -0.917487E-03   0.264947E-01   0.182017E-02   0.300000E-03
 204   0.434016E-03   0.988984E-03   0.270559E-01   0.157192E-02   0.250000E-03
 205  -0.677138E-03  -0.176566E-03   0.295769E-01   0.160991E-02   0.400000E-03
 206  -0.632152E-03  -0.793505E-03   0.322081E-01   0.180131E-02   0.350000E-03
 207  -0.259474E-03  -0.105343E-02   0.328507E-01   0.129541E-02   0.450000E-03
 208   0.813121E-03  -0.823475E-03   0.335617E-01   0.165954E-02   0.350000E-03
 209   0.211061E-03  -0.594835E-03   0.362535E-01   0.125993E-02   0.300000E-03
 210   0.763547E-03   0.742196E-04   0.366534E-01   0.154730E-02   0.200000E-03
 211   0.175808E-04   0.302794E-04   0.370745E-01   0.168801E-02   0.250000E-03
 212   0.120299E-02  -0.100068E-03   0.400779E-01   0.590949E-03   0.200000E-03
 213   0.995731E-04   0.173929E-04   0.411330E-01   0.623329E-03   0.250000E-03
 214   0.430776E-03  -0.146678E-03   0.420805E-01   0.556082E-03   0.200000E-03
 215   0.209159E-02  -0.863963E-04   0.442281E-01   0.149680E-03   0.150000E-03
 216  -0.458645E-03  -0.317067E-03   0.215543E-01   0.896041E-02   0.400000E-03
 217  -0.110848E-03   0.529107E-03   0.140674E-01   0.936233E-02   0.350000E-03
 218   0.334497E-03  -0.696713E-03   0.821294E-03   0.210823E-02   0.350000E-03
 219   0.216094E-03  -0.305870E-03   0.359732E-02   0.654501E-03   0.200000E-03
 220   0.695486E-05  -0.172748E-02   0.451827E-02   0.129468E-02   0.400000E-03
 221   0.117710E-02   0.256057E-03   0.532410E-02   0.220307E-02   0.250000E-03
 222   0.418324E-03  -0.234780E-03   0.728187E-02   0.208909E-02   0.350000E-03
 223   0.747071E-03   0.134085E-03   0.897850E-02   0.201584E-02   0.350000E-03
 224   0.812538E-03   0.980116E-03   0.101937E-01   0.191036E-02   0.350000E-03
 225   0.531232E-03   0.226873E-03   0.106633E-01   0.162470E-02   0.200000E-03
 226  -0.614483E-03   0.439510E-03   0.121169E-01   0.149215E-02   0.300000E-03
 227  -0.472493E-03   0.125093E-02   0.129477E-01   0.145660E-02   0.250000E-03
 228   0.249160E-03   0.343898E-03   0.148168E-01   0.179075E-02   0.150000E-03
 229  -0.361239E-03   0.137940E-02   0.158107E-01   0.203899E-02   0.250000E-03
 230   0.436475E-03  -0.322920E-03   0.175042E-01   0.246391E-02   0.300000E-03
 231   0.569641E-04  -0.926056E-03   0.183100E-01   0.228667E-02   0.200000E-03
 232  -0.271104E-03  -0.822320E-03   0.186204E-01   0.190203E-02   0.300000E-03
 233  -0.350100E-03  -0.954035E-03   0.191587E-01   0.234698E-02   0.400000E-03
 234   0.357000E-03   0.952429E-03   0.212398E-01   0.208149E-02   0.300000E-03
 235   0.126923E-03  -0.869898E-03   0.223726E-01   0.166425E-02   0.300000E-03
 236  -0.981106E-03  -0.122540E-02   0.232798E-01   0.216300E-02   0.300000E-03
 237  -0.135110E-02  -0.149624E-02   0.239287E-01   0.217222E-02   0.350000E-03
 238  -0.641240E-03  -0.113737E-02   0.251249E-01   0.181224E-02   0.200000E-03
 239  -0.120306E-02  -0.550247E-03   0.266655E-01   0.233783E-02   0.250000E-03
 240   0.118998E-02  -0.633602E-04   0.289865E-01   0.152607E-02   0.200000E-03
 241   0.330473E-04  -0.150100E-03   0.301860E-01   0.227344E-02   0.350000E-03
 242   0.221940E-03   0.981226E-04   0.315104E-01   0.174616E-02   0.350000E-03
 243   0.576129E-04  -0.277447E-03   0.329376E-01   0.223525E-02   0.500000E-03
 244   0.144537E-05  -0.419268E-04   0.354632E-01   0.199295E-02   0.200000E-03
 245  -0.130442E-04  -0.227817E-03   0.349461E-01   0.181099E-02   0.350000E-03
 246   0.100862E-02  -0.825548E-03   0.366124E-01   0.214225E-02   0.400000E-03
 247   0.554433E-03   0.352173E-06   0.380067E-01   0.139173E-02   0.350000E-03
 248   0.449768E-03   0.190851E-03   0.396287E-01   0.808530E-03   0.300000E-03
 249   0.562461E-03  -0.119441E-03   0.416493E-01   0.801825E-03   0.300000E-03
 250  -0.549828E-03  -0.528636E-03   0.437356E-01   0.241838E-03   0.250000E-03
 251  -0.170156E-03  -0.831173E-03   0.446053E-01   0.297459E-02   0.400000E-03
 252  -0.188265E-03  -0.134668E-02   0.336259E-01   0.772211E-02   0.350000E-03
 253   0.610640E-04  -0.259036E-03   0.215034E-02   0.746906E-02   0.350000E-03
 254   0.100101E-02  -0.991326E-03   0.133135E-02   0.110558E-02   0.350000E-03
 255   0.582648E-03  -0.866090E-03   0.220623E-02   0.100961E-02   0.300000E-03
 256   0.568295E-03   0.929722E-04   0.470240E-02   0.196925E-02   0.300000E-03
 257  -0.120175E-03  -0.158170E-03   0.669878E-02   0.236836E-02   0.300000E-03
 258   0.511259E-03   0.740416E-04   0.831956E-02   0.224457E-02   0.350000E-03
 259   0.248901E-03   0.248432E-03   0.906846E-02   0.280645E-02   0.450000E-03
 260   0.104571E-02   0.826456E-04   0.988652E-02   0.259191E-02   0.400000E-03
 261  -0.177651E-02   0.107879E-02   0.116204E-01   0.181876E-02   0.300000E-03
 262  -0.723410E-03   0.237792E-04   0.121888E-01   0.213656E-02   0.350000E-03
 263  -0.696816E-03   0.128779E-02   0.135031E-01   0.167366E-02   0.350000E-03
 264   0.250465E-03   0.217413E-02   0.148059E-01   0.223924E-02   0.300000E-03
 265  -0.700765E-04  -0.113726E-03   0.165577E-01   0.254541E-02   0.200000E-03
 266  -0.856629E-03   0.784686E-03   0.169638E-01   0.235166E-02   0.250000E-03
 267  -0.676295E-03   0.792711E-03   0.171014E-01   0.282972E-02   0.250000E-03
 268  -0.641565E-04  -0.116725E-02   0.185825E-01   0.264310E-02   0.250000E-03
 269  -0.660267E-03  -0.298907E-03   0.190357E-01   0.298489E-02   0.250000E-03
 270   0.233195E-03  -0.547414E-03   0.196322E-01   0.292335E-02   0.350000E-03
 271  -0.119454E-02  -0.299351E-03   0.218595E-01   0.185335E-02   0.250000E-03
 272  -0.197124E-02   0.238605E-03   0.223026E-01   0.274961E-02   0.400000E-03
 273  -0.691341E-03  -0.196049E-02   0.235289E-01   0.280583E-02   0.400000E-03
 274  -0.135634E-02  -0.322774E-04   0.257200E-01   0.206534E-02   0.250000E-03
 275  -0.162265E-02  -0.536289E-03   0.261736E-01   0.226154E-02   0.250000E-03
 276  -0.662326E-03  -0.158722E-03   0.274174E-01   0.198229E-02   0.300000E-03
 277  -0.544105E-03  -0.602238E-03   0.293813E-01   0.217493E-02   0.200000E-03
 278  -0.850633E-03  -0.595432E-03   0.318194E-01   0.238237E-02   0.350000E-03
 279  -0.615306E-04  -0.283637E-03   0.323379E-01   0.267929E-02   0.250000E-03
 280  -0.701781E-03   0.603823E-04   0.343171E-01   0.196657E-02   0.300000E-03
 281  -0.525436E-03   0.170242E-03   0.358894E-01   0.173356E-02   0.300000E-03
 282  -0.618953E-04  -0.396464E-04   0.375553E-01   0.180001E-02   0.250000E-03
 283  -0.546828E-04  -0.396089E-03   0.385114E-01   0.161085E-02   0.200000E-03
 284  -0.263176E-03   0.266774E-03   0.385595E-01   0.116362E-02   0.250000E-03
 285   0.631243E-03   0.342055E-03   0.410973E-01   0.121739E-02   0.350000E-03
 286  -0.291615E-03  -0.162585E-03   0.432222E-01   0.894086E-03   0.300000E-03
 287   0.513421E-03  -0.117455E-02   0.428461E-01   0.122099E-02   0.200000E-03
 288   0.474223E-03   0.676812E-03   0.592904E-02   0.803115E-02   0.350000E-03
 289  -0.270316E-03  -0.236603E-03   0.248057E-03   0.236030E-02   0.250000E-03
 290   0.568733E-03  -0.153021E-02   0.183996E-02   0.150374E-02   0.300000E-03
 291   0.303845E-03  -0.173681E-02   0.252536E-02   0.162620E-02   0.400000E-03
 292  -0.131983E-02  -0.105144E-02   0.315539E-02   0.151094E-02   0.250000E-03
 293   0.709916E-03  -0.153524E-03   0.568417E-02   0.260676E-02   0.300000E-03
 294   0.348174E-03   0.388187E-03   0.823991E-02   0.298658E-02   0.400000E-03
 295  -0.186445E-03  -0.570997E-03   0.967644E-02   0.339612E-02   0.400000E-03
 296   0.127807E-03   0.813654E-03   0.110815E-01   0.191395E-02   0.250000E-03
 297   0.663662E-03   0.872216E-03   0.106876E-01   0.196986E-02   0.150000E-03
 298   0.115910E-03   0.748494E-03   0.125687E-01   0.169855E-02   0.200000E-03
 299  -0.109929E-03   0.512738E-03   0.138212E-01   0.235195E-02   0.250000E-03
 300   0.208750E-03   0.804487E-03   0.148782E-01   0.273038E-02   0.200000E-03
 301  -0.218297E-03   0.189949E-02   0.153829E-01   0.237310E-02   0.300000E-03
 302  -0.491394E-03   0.719394E-03   0.169986E-01   0.336546E-02   0.300000E-03
 303  -0.673594E-03  -0.685744E-03   0.179948E-01   0.252432E-02   0.200000E-03
 304  -0.506027E-03  -0.712200E-03   0.181773E-01   0.293320E-02   0.250000E-03
 305  -0.585543E-03   0.694616E-03   0.193520E-01   0.333679E-02   0.150000E-03
 306  -0.127737E-03   0.688465E-03   0.203300E-01   0.283629E-02   0.350000E-03
 307  -0.110441E-02   0.188265E-03   0.217276E-01   0.233270E-02   0.250000E-03
 308  -0.150869E-02   0.113676E-02   0.226750E-01   0.339616E-02   0.350000E-03
 309  -0.478561E-03  -0.800602E-03   0.244740E-01   0.267913E-02   0.400000E-03
 310  -0.821570E-03   0.359794E-03   0.250672E-01   0.230852E-02   0.300000E-03
 311  -0.539425E-03  -0.379695E-03   0.272030E-01   0.259168E-02   0.350000E-03
 312   0.434078E-04  -0.154785E-03   0.280593E-01   0.189113E-02   0.350000E-03
 313  -0.305044E-03  -0.226051E-03   0.296479E-01   0.253268E-02   0.250000E-03
 314  -0.229689E-03  -0.408182E-03   0.311740E-01   0.234051E-02   0.300000E-03
 315   0.316092E-03  -0.723681E-03   0.334172E-01   0.286641E-02   0.300000E-03
 316  -0.154740E-03  -0.172550E-03   0.337811E-01   0.233064E-02   0.350000E-03
 317  -0.307982E-03  -0.787142E-03   0.350844E-01   0.254719E-02   0.400000E-03
 318  -0.312212E-03  -0.634080E-03   0.358710E-01   0.242943E-02   0.400000E-03
 319  -0.124391E-04   0.420638E-03   0.389757E-01   0.143564E-02   0.250000E-03
 320   0.190970E-02  -0.344171E-03   0.398325E-01   0.141263E-02   0.300000E-03
 321   0.572396E-03  -0.227452E-03   0.404283E-01   0.135547E-02   0.300000E-03
 322   0.104654E-02   0.156748E-03   0.425952E-01   0.733466E-03   0.350000E-03
 323  -0.800994E-03  -0.738894E-03   0.439542E-01   0.211090E-02   0.350000E-03
 324   0.128631E-03  -0.301899E-04   0.396008E-01   0.718297E-02   0.250000E-03
 325   0.923882E-04  -0.349050E-03   0.153468E-02   0.767699E-02   0.300000E-03
 326   0.121639E-02  -0.154441E-02   0.126220E-02   0.170159E-02   0.250000E-03
 327  -0.396233E-03  -0.943368E-03   0.210224E-02   0.224190E-02   0.350000E-03
 328  -0.432760E-03  -0.682575E-03   0.380607E-02   0.173221E-02   0.450000E-03
 329   0.530160E-04   0.328021E-03   0.656249E-02   0.319324E-02   0.400000E-03
 330   0.345106E-04   0.364810E-03   0.719918E-02   0.278143E-02   0.350000E-03
 331   0.420230E-03   0.144860E-03   0.775749E-02   0.245445E-02   0.250000E-03
 332   0.686773E-03   0.194690E-03   0.108017E-01   0.255366E-02   0.450000E-03
 333  -0.170021E-02  -0.514520E-04   0.116027E-01   0.241554E-02   0.300000E-03
 334  -0.380850E-03   0.419128E-03   0.129344E-01   0.195568E-02   0.250000E-03
 335  -0.460581E-03   0.454010E-03   0.133368E-01   0.224964E-02   0.250000E-03
 336  -0.974825E-03   0.142837E-02   0.143179E-01   0.258778E-02   0.300000E-03
 337  -0.393649E-03   0.130121E-02   0.160257E-01   0.254210E-02   0.300000E-03
 338  -0.740501E-03   0.608610E-03   0.166144E-01   0.374888E-02   0.250000E-03
 339   0.814675E-03   0.490647E-03   0.176144E-01   0.314069E-02   0.350000E-03
 340  -0.840885E-03   0.833052E-03   0.189444E-01   0.352688E-02   0.300000E-03
 341   0.619193E-03  -0.390688E-03   0.200473E-01   0.341761E-02   0.300000E-03
 342  -0.617194E-04   0.667822E-03   0.205817E-01   0.332238E-02   0.200000E-03
 343  -0.112245E-02  -0.251047E-04   0.216133E-01   0.286784E-02   0.300000E-03
 344   0.565351E-03   0.333550E-03   0.237847E-01   0.339122E-02   0.250000E-03
 345  -0.265216E-03  -0.836556E-03   0.250855E-01   0.301542E-02   0.300000E-03
 346  -0.111641E-02   0.342300E-03   0.256198E-01   0.264999E-02   0.350000E-03
 347  -0.193623E-02  -0.217969E-04   0.263279E-01   0.289054E-02   0.400000E-03
 348   0.134705E-02   0.120287E-03   0.289084E-01   0.201729E-02   0.300000E-03
 349   0.121992E-03   0.996478E-04   0.300321E-01   0.284926E-02   0.250000E-03
 350  -0.839794E-05  -0.310307E-03   0.320632E-01   0.315169E-02   0.300000E-03
 351   0.350085E-03  -0.714788E-03   0.328019E-01   0.307142E-02   0.350000E-03
 352   0.335134E-03  -0.117895E-02   0.344974E-01   0.308436E-02   0.400000E-03
 353  -0.494393E-03   0.282428E-03   0.359026E-01   0.302362E-02   0.200000E-03
 354   0.551348E-03  -0.965831E-03   0.372585E-01   0.220158E-02   0.250000E-03
 355   0.292559E-03   0.427713E-03   0.380455E-01   0.203913E-02   0.300000E-03
 356   0.449826E-05   0.456316E-03   0.393824E-01   0.162339E-02   0.200000E-03
 357   0.463435E-03  -0.404496E-03   0.408228E-01   0.180102E-02   0.300000E-03
 358   0.504107E-03   0.404027E-03   0.416785E-01   0.134872E-02   0.250000E-03
 359   0.239766E-03   0.176724E-03   0.442665E-01   0.532038E-02   0.250000E-03
 360  -0.214535E-03  -0.607487E-03   0.448001E-01   0.418390E-02   0.200000E-03
 361   0.780649E-04   0.203917E-03   0.679524E-03   0.284179E-02   0.400000E-03
 362   0.632475E-03   0.345479E-03   0.147786E-02   0.282428E-02   0.400000E-03
 363  -0.841518E-03  -0.170469E-02   0.311331E-02   0.200904E-02   0.250000E-03
 364   0.591750E-03   0.499178E-03   0.490786E-02   0.255568E-02   0.300000E-03
 365   0.727686E-03   0.135845E-03   0.586432E-02   0.317271E-02   0.300000E-03
 366   0.198602E-04   0.519589E-03   0.615566E-02   0.375846E-02   0.300000E-03
 367  -0.196089E-03   0.990661E-03   0.871817E-02   0.334828E-02   0.200000E-03
 368   0.541548E-03  -0.982352E-03   0.103236E-01   0.313215E-02   0.300000E-03
 369  -0.134739E-02   0.399463E-04   0.118373E-01   0.301839E-02   0.350000E-03
 370  -0.380184E-03   0.272545E-03   0.127850E-01   0.258762E-02   0.400000E-03
 371  -0.259639E-03   0.440621E-03   0.137231E-01   0.288955E-02   0.300000E-03
 372   0.870797E-04   0.747239E-03   0.149869E-01   0.331709E-02   0.400000E-03
 373  -0.566682E-03   0.114030E-02   0.155732E-01   0.293569E-02   0.300000E-03
 374  -0.950220E-03   0.377705E-03   0.163268E-01   0.317117E-02   0.400000E-03
 375  -0.947509E-03   0.193085E-03   0.174731E-01   0.393997E-02   0.450000E-03
 376  -0.774278E-05  -0.224687E-03   0.185988E-01   0.309174E-02   0.200000E-03
 377  -0.557348E-03   0.463686E-03   0.195307E-01   0.380595E-02   0.350000E-03
 378   0.226203E-03   0.530284E-03   0.210540E-01   0.265277E-02   0.300000E-03
 379  -0.190465E-02   0.785599E-03   0.211307E-01   0.330145E-02   0.350000E-03
 380  -0.145714E-02  -0.718362E-03   0.219612E-01   0.341467E-02   0.350000E-03
 381  -0.673929E-03   0.411346E-03   0.243790E-01   0.342105E-02   0.350000E-03
 382  -0.982937E-03   0.784316E-03   0.266694E-01   0.349247E-02   0.300000E-03
 383  -0.495624E-03   0.507482E-03   0.277779E-01   0.242081E-02   0.250000E-03
 384   0.769420E-03   0.398501E-03   0.284549E-01   0.240087E-02   0.300000E-03
 385  -0.448999E-03  -0.310037E-03   0.290996E-01   0.258586E-02   0.300000E-03
 386  -0.392291E-03  -0.472939E-03   0.306837E-01   0.268389E-02   0.300000E-03
 387  -0.202182E-04  -0.385723E-03   0.324509E-01   0.366866E-02   0.350000E-03
 388   0.833122E-03  -0.791270E-03   0.354257E-01   0.345392E-02   0.450000E-03
 389  -0.238387E-03  -0.161933E-03   0.360848E-01   0.337616E-02   0.200000E-03
 390   0.951736E-03  -0.577027E-04   0.364927E-01   0.292953E-02   0.400000E-03
 391   0.116374E-02  -0.417453E-03   0.376986E-01   0.252801E-02   0.300000E-03
 392   0.282225E-04   0.459111E-03   0.390545E-01   0.192875E-02   0.250000E-03
 393  -0.715584E-04   0.450093E-03   0.396227E-01   0.211674E-02   0.350000E-03
 394   0.698924E-03   0.393380E-03   0.422190E-01   0.126157E-02   0.300000E-03
 395  -0.590945E-03  -0.108539E-03   0.438971E-01   0.146614E-02   0.300000E-03
 396   0.244562E-03  -0.862852E-04   0.444059E-01   0.241472E-02   0.200000E-03
 397   0.495132E-04   0.499845E-04   0.972724E-03   0.358448E-02   0.400000E-03
 398  -0.821910E-03   0.203016E-03   0.273146E-02   0.240478E-02   0.300000E-03
 399  -0.190040E-03  -0.895787E-03   0.349343E-02   0.240602E-02   0.300000E-03
 400   0.284858E-03   0.567201E-03   0.421791E-02   0.247166E-02   0.400000E-03
 401   0.286548E-03   0.398738E-03   0.572697E-02   0.401268E-02   0.200000E-03
 402   0.917086E-04   0.616642E-03   0.724816E-02   0.347665E-02   0.350000E-03
 403   0.125456E-03   0.441209E-03   0.850647E-02   0.374042E-02   0.250000E-03
 404  -0.748616E-03   0.374592E-03   0.905489E-02   0.371692E-02   0.300000E-03
 405  -0.823679E-03  -0.148293E-02   0.119476E-01   0.355711E-02   0.200000E-03
 406  -0.446405E-03   0.450593E-03   0.125148E-01   0.333611E-02   0.400000E-03
 407  -0.250289E-04   0.467810E-03   0.131894E-01   0.315845E-02   0.300000E-03
 408  -0.144880E-03   0.695461E-03   0.141950E-01   0.340306E-02   0.400000E-03
 409  -0.670536E-03   0.368979E-03   0.156908E-01   0.356934E-02   0.350000E-03
 410  -0.422038E-03   0.442165E-03   0.161466E-01   0.402743E-02   0.300000E-03
 411  -0.753432E-03   0.490133E-03   0.166857E-01   0.428812E-02   0.300000E-03
 412  -0.658786E-03   0.821613E-03   0.182473E-01   0.357691E-02   0.400000E-03
 413   0.533489E-03  -0.118805E-03   0.202133E-01   0.399030E-02   0.300000E-03
 414  -0.639918E-03  -0.570023E-03   0.207292E-01   0.374534E-02   0.250000E-03
 415  -0.863624E-03  -0.818007E-03   0.207842E-01   0.438991E-02   0.400000E-03
 416  -0.936007E-03  -0.898950E-04   0.223363E-01   0.406248E-02   0.400000E-03
 417  -0.118539E-02   0.121529E-02   0.232862E-01   0.361303E-02   0.300000E-03
 418  -0.448664E-03   0.349573E-03   0.250307E-01   0.366072E-02   0.350000E-03
 419   0.109634E-03   0.308527E-03   0.276953E-01   0.308046E-02   0.350000E-03
 420   0.812976E-03   0.169857E-03   0.282636E-01   0.290746E-02   0.250000E-03
 421  -0.165900E-03  -0.309143E-03   0.294965E-01   0.311057E-02   0.350000E-03
 422  -0.486016E-05  -0.323498E-03   0.313185E-01   0.307533E-02   0.450000E-03
 423   0.192906E-03  -0.872983E-03   0.338102E-01   0.337405E-02   0.350000E-03
 424   0.600134E-03  -0.751172E-03   0.347359E-01   0.374115E-02   0.300000E-03
 425   0.971075E-03  -0.215547E-03   0.370023E-01   0.340357E-02   0.300000E-03
 426   0.667112E-03  -0.585496E-04   0.371847E-01   0.283225E-02   0.300000E-03
 427  -0.117614E-04  -0.990587E-04   0.380398E-01   0.312423E-02   0.300000E-03
 428   0.104314E-02   0.240903E-03   0.385886E-01   0.210450E-02   0.250000E-03
 429   0.491148E-03   0.351854E-03   0.402379E-01   0.191963E-02   0.300000E-03
 430   0.344051E-03  -0.179752E-03   0.419309E-01   0.188842E-02   0.350000E-03
 431   0.329234E-03  -0.218175E-03   0.426713E-01   0.179309E-02   0.400000E-03
 432  -0.163729E-03  -0.111567E-03   0.432997E-01   0.148666E-02   0.300000E-03
 433  -0.497114E-04   0.260371E-03   0.347137E-03   0.406405E-02   0.350000E-03
 434   0.121817E-03  -0.628630E-03   0.163296E-02   0.195682E-02   0.200000E-03
 435  -0.479171E-03  -0.285770E-03   0.317421E-02   0.296401E-02   0.350000E-03
 436   0.114443E-03   0.113036E-03   0.527071E-02   0.296519E-02   0.250000E-03
 437   0.330211E-03   0.377199E-03   0.566115E-02   0.362340E-02   0.200000E-03
 438   0.293860E-03   0.444888E-03   0.674202E-02   0.388189E-02   0.300000E-03
 439   0.388974E-03   0.608808E-03   0.791637E-02   0.365826E-02   0.350000E-03
 440  -0.289884E-04   0.180788E-03   0.108659E-01   0.379169E-02   0.200000E-03
 441   0.357676E-03  -0.107287E-02   0.108983E-01   0.329563E-02   0.300000E-03
 442   0.862609E-04   0.725866E-03   0.130599E-01   0.377439E-02   0.300000E-03
 443   0.157446E-03   0.624851E-03   0.135650E-01   0.355824E-02   0.250000E-03
 444   0.115123E-03   0.512622E-03   0.151911E-01   0.398438E-02   0.300000E-03
 445  -0.262630E-03   0.225927E-03   0.156454E-01   0.451310E-02   0.400000E-03
 446  -0.630619E-03   0.225886E-03   0.162430E-01   0.451312E-02   0.200000E-03
 447  -0.107064E-02   0.264261E-03   0.171725E-01   0.462565E-02   0.300000E-03
 448  -0.708835E-03   0.288704E-03   0.182562E-01   0.447426E-02   0.500000E-03
 449  -0.589183E-03   0.501579E-03   0.191495E-01   0.444820E-02   0.400000E-03
 450   0.743281E-04   0.471796E-03   0.198447E-01   0.446041E-02   0.300000E-03
 451  -0.215765E-02  -0.313094E-04   0.214665E-01   0.397441E-02   0.400000E-03
 452  -0.180418E-02   0.743046E-03   0.218415E-01   0.462306E-02   0.350000E-03
 453  -0.635337E-04  -0.262961E-03   0.239408E-01   0.396649E-02   0.350000E-03
 454  -0.895611E-03   0.109977E-03   0.256541E-01   0.334703E-02   0.350000E-03
 455  -0.111252E-02   0.538574E-03   0.269056E-01   0.305317E-02   0.200000E-03
 456  -0.281980E-03  -0.362240E-03   0.288015E-01   0.316254E-02   0.350000E-03
 457  -0.663530E-03  -0.410141E-03   0.304281E-01   0.322469E-02   0.300000E-03
 458  -0.566434E-03  -0.263618E-03   0.306879E-01   0.381046E-02   0.350000E-03
 459  -0.533795E-03  -0.203262E-03   0.317599E-01   0.374287E-02   0.350000E-03
 460   0.467059E-03  -0.585136E-03   0.341967E-01   0.383070E-02   0.250000E-03
 461   0.869900E-03  -0.136327E-03   0.364831E-01   0.357782E-02   0.250000E-03
 462  -0.127179E-03  -0.142920E-03   0.376588E-01   0.428835E-02   0.300000E-03
 463   0.128445E-03  -0.248002E-03   0.382920E-01   0.258292E-02   0.300000E-03
 464   0.525189E-03  -0.297024E-03   0.390298E-01   0.264474E-02   0.450000E-03
 465   0.586718E-03  -0.196688E-03   0.407148E-01   0.238782E-02   0.300000E-03
 466   0.243813E-03  -0.339191E-03   0.411698E-01   0.259028E-02   0.200000E-03
 467  -0.367846E-03  -0.634240E-03   0.435628E-01   0.256227E-02   0.250000E-03
 468  -0.389672E-03  -0.471539E-03   0.435851E-01   0.383685E-02   0.350000E-03
 469   0.194207E-03   0.168221E-03   0.105491E-02   0.442966E-02   0.450000E-03
 470  -0.138744E-03   0.391720E-03   0.217425E-02   0.288526E-02   0.300000E-03
 471   0.314244E-03  -0.276569E-04   0.388631E-02   0.319544E-02   0.400000E-03
 472   0.476864E-03   0.771784E-03   0.458959E-02   0.306419E-02   0.300000E-03
 473   0.226999E-05   0.404125E-03   0.506444E-02   0.357800E-02   0.400000E-03
 474   0.124262E-03   0.471433E-03   0.745198E-02   0.403530E-02   0.250000E-03
 475   0.294589E-03   0.256823E-03   0.807768E-02   0.433786E-02   0.350000E-03
 476  -0.482621E-03   0.507645E-03   0.953328E-02   0.407808E-02   0.300000E-03
 477   0.287169E-03   0.113590E-03   0.112888E-01   0.298347E-02   0.200000E-03
 478  -0.285399E-03   0.461854E-03   0.122361E-01   0.402538E-02   0.350000E-03
 479  -0.581757E-04   0.712453E-03   0.141818E-01   0.405042E-02   0.250000E-03
 480   0.144638E-03   0.655538E-03   0.146478E-01   0.387042E-02   0.250000E-03
 481  -0.245496E-03   0.799054E-03   0.147836E-01   0.435150E-02   0.250000E-03
 482  -0.615192E-03   0.488901E-03   0.162366E-01   0.510679E-02   0.400000E-03
 483  -0.901136E-03  -0.126254E-03   0.169331E-01   0.517525E-02   0.300000E-03
 484  -0.565985E-03   0.332076E-03   0.185262E-01   0.522501E-02   0.300000E-03
 485  -0.102505E-02  -0.249927E-03   0.195227E-01   0.509691E-02   0.350000E-03
 486  -0.664896E-03  -0.583336E-03   0.201645E-01   0.496610E-02   0.300000E-03
 487  -0.171530E-03  -0.103918E-03   0.212427E-01   0.497869E-02   0.350000E-03
 488  -0.130622E-02  -0.513353E-03   0.217586E-01   0.516624E-02   0.200000E-03
 489   0.100980E-03  -0.419240E-04   0.245388E-01   0.400129E-02   0.250000E-03
 490  -0.958981E-04   0.751040E-03   0.272031E-01   0.340280E-02   0.250000E-03
 491  -0.692074E-03  -0.426208E-03   0.282240E-01   0.345660E-02   0.300000E-03
 492  -0.147608E-03  -0.208007E-03   0.292008E-01   0.379432E-02   0.400000E-03
 493   0.945019E-04  -0.188595E-03   0.299452E-01   0.358048E-02   0.300000E-03
 494   0.133034E-05  -0.293444E-04   0.312202E-01   0.371367E-02   0.200000E-03
 495  -0.469881E-03  -0.414893E-03   0.328859E-01   0.399840E-02   0.200000E-03
 496   0.271041E-03  -0.600389E-03   0.359376E-01   0.418940E-02   0.350000E-03
 497  -0.116631E-03   0.276256E-03   0.361128E-01   0.372346E-02   0.150000E-03
 498   0.229399E-04   0.121130E-03   0.373740E-01   0.381799E-02   0.250000E-03
 499  -0.528688E-04  -0.118062E-03   0.375437E-01   0.334822E-02   0.250000E-03
 500   0.488822E-03  -0.501119E-03   0.394108E-01   0.310767E-02   0.150000E-03
 501   0.444427E-03  -0.197171E-03   0.401725E-01   0.246400E-02   0.250000E-03
 502   0.264267E-03  -0.418653E-03   0.413261E-01   0.211957E-02   0.300000E-03
 503  -0.337415E-03  -0.580328E-03   0.429694E-01   0.263832E-02   0.350000E-03
 504  -0.302907E-03  -0.542786E-03   0.433057E-01   0.208268E-02   0.300000E-03
 505   0.200002E-03   0.217041E-03   0.165060E-02   0.389850E-02   0.350000E-03
 506   0.255950E-03  -0.145816E-04   0.186850E-02   0.334109E-02   0.250000E-03
 507   0.332029E-04  -0.328973E-04   0.333092E-02   0.354249E-02   0.250000E-03
 508   0.590982E-03   0.263079E-03   0.437591E-02   0.369417E-02   0.300000E-03
 509  -0.759939E-05   0.622823E-04   0.606870E-02   0.430087E-02   0.250000E-03
 510   0.956486E-04   0.163205E-03   0.747468E-02   0.457804E-02   0.300000E-03
 511   0.272486E-03   0.612571E-03   0.873522E-02   0.423642E-02   0.300000E-03
 512   0.385784E-03   0.857822E-04   0.103188E-01   0.377955E-02   0.350000E-03
 513  -0.272351E-03  -0.122036E-02   0.114436E-01   0.353241E-02   0.300000E-03
 514   0.238332E-03   0.646106E-03   0.128528E-01   0.444299E-02   0.400000E-03
 515   0.159009E-03   0.663309E-03   0.135915E-01   0.415657E-02   0.350000E-03
 516   0.119487E-03   0.607484E-03   0.142620E-01   0.464257E-02   0.350000E-03
 517   0.303000E-03   0.221712E-03   0.151018E-01   0.459369E-02   0.150000E-03
 518  -0.151431E-03   0.376261E-03   0.154574E-01   0.528541E-02   0.400000E-03
 519  -0.101557E-02   0.493881E-03   0.176478E-01   0.505784E-02   0.350000E-03
 520  -0.100449E-02   0.705929E-04   0.190398E-01   0.553160E-02   0.300000E-03
 521  -0.824851E-03   0.380872E-04   0.200257E-01   0.565134E-02   0.400000E-03
 522   0.948756E-04  -0.774323E-04   0.205959E-01   0.530441E-02   0.250000E-03
 523  -0.124531E-02  -0.172558E-03   0.217401E-01   0.561371E-02   0.250000E-03
 524  -0.694569E-03  -0.696650E-04   0.230295E-01   0.415345E-02   0.300000E-03
 525  -0.739264E-03   0.314432E-03   0.250905E-01   0.440707E-02   0.400000E-03
 526  -0.568446E-03   0.334716E-03   0.255511E-01   0.395369E-02   0.250000E-03
 527  -0.270602E-03   0.176559E-03   0.276803E-01   0.373006E-02   0.300000E-03
 528  -0.297685E-03  -0.426001E-04   0.290856E-01   0.453481E-02   0.350000E-03
 529  -0.433177E-03  -0.440603E-03   0.304207E-01   0.439333E-02   0.300000E-03
 530   0.110353E-02   0.894246E-03   0.321435E-01   0.406305E-02   0.150000E-03
 531   0.484728E-03  -0.270253E-03   0.330437E-01   0.356523E-02   0.200000E-03
 532   0.711470E-03  -0.562659E-03   0.351935E-01   0.427010E-02   0.400000E-03
 533   0.111107E-02   0.594298E-04   0.368493E-01   0.398230E-02   0.300000E-03
 534   0.473894E-03  -0.326779E-03   0.382366E-01   0.445255E-02   0.300000E-03
 535  -0.144038E-03  -0.984164E-04   0.379204E-01   0.374847E-02   0.300000E-03
 536   0.188084E-03  -0.152806E-03   0.387126E-01   0.314999E-02   0.150000E-03
 537   0.447457E-03  -0.776776E-04   0.404520E-01   0.274833E-02   0.150000E-03
 538   0.379677E-03  -0.408130E-03   0.417702E-01   0.251680E-02   0.300000E-03
 539   0.290447E-03  -0.399912E-03   0.423599E-01   0.241677E-02   0.300000E-03
 540  -0.809626E-03  -0.101539E-02   0.439696E-01   0.284618E-02   0.250000E-03
 541   0.331308E-03   0.364089E-03   0.471421E-02   0.859861E-02   0.300000E-03
 542  -0.391840E-03  -0.263322E-03   0.258177E-02   0.356868E-02   0.500000E-03
 543   0.216620E-03   0.139834E-03   0.376357E-02   0.388088E-02   0.300000E-03
 544   0.565269E-03   0.343018E-03   0.420067E-02   0.421426E-02   0.250000E-03
 545   0.907087E-04   0.464190E-03   0.531039E-02   0.417707E-02   0.250000E-03
 546   0.278576E-03   0.517425E-03   0.856560E-02   0.496596E-02   0.450000E-03
 547  -0.216111E-03   0.172889E-03   0.922000E-02   0.458831E-02   0.300000E-03
 548  -0.343921E-03   0.820093E-03   0.975137E-02   0.452488E-02   0.200000E-03
 549   0.209357E-03   0.559139E-03   0.110683E-01   0.435346E-02   0.400000E-03
 550   0.267011E-03   0.469029E-03   0.116379E-01   0.404238E-02   0.250000E-03
 551   0.140191E-03   0.567074E-03   0.135260E-01   0.495304E-02   0.450000E-03
 552   0.599157E-04   0.568807E-03   0.142243E-01   0.533847E-02   0.350000E-03
 553   0.352922E-03   0.394794E-03   0.148157E-01   0.487316E-02   0.250000E-03
 554   0.224929E-04   0.652661E-04   0.150911E-01   0.581696E-02   0.250000E-03
 555  -0.584327E-03   0.120908E-03   0.160038E-01   0.587042E-02   0.400000E-03
 556  -0.871646E-03   0.515085E-03   0.180386E-01   0.557134E-02   0.300000E-03
 557  -0.452184E-03   0.307127E-03   0.187822E-01   0.485561E-02   0.150000E-03
 558  -0.126841E-03  -0.398789E-03   0.211010E-01   0.571135E-02   0.400000E-03
 559  -0.113566E-02  -0.172919E-03   0.225290E-01   0.468297E-02   0.250000E-03
 560  -0.560990E-03   0.353437E-03   0.236115E-01   0.446151E-02   0.250000E-03
 561  -0.710595E-03   0.453114E-03   0.258369E-01   0.447975E-02   0.350000E-03
 562  -0.583278E-03   0.406313E-03   0.261388E-01   0.384992E-02   0.350000E-03
 563  -0.417918E-03   0.118280E-03   0.284689E-01   0.410981E-02   0.400000E-03
 564  -0.938868E-03  -0.363383E-03   0.284936E-01   0.480893E-02   0.300000E-03
 565  -0.428590E-03  -0.292669E-03   0.297944E-01   0.424597E-02   0.350000E-03
 566  -0.598203E-03  -0.325225E-03   0.312616E-01   0.436722E-02   0.450000E-03
 567   0.638359E-03  -0.107206E-02   0.332537E-01   0.328545E-02   0.150000E-03
 568   0.186207E-03  -0.635922E-03   0.338523E-01   0.381937E-02   0.100000E-03
 569   0.742525E-03  -0.839364E-03   0.369801E-01   0.451337E-02   0.250000E-03
 570   0.205644E-03  -0.336346E-03   0.378124E-01   0.487529E-02   0.300000E-03
 571   0.111384E-03  -0.855078E-04   0.384783E-01   0.352870E-02   0.300000E-03
 572   0.512821E-04  -0.163104E-03   0.390786E-01   0.341033E-02   0.300000E-03
 573   0.762406E-03  -0.225985E-03   0.397549E-01   0.281840E-02   0.300000E-03
 574   0.127528E-03  -0.466176E-03   0.414300E-01   0.323700E-02   0.500000E-03
 575   0.318483E-03  -0.469875E-03   0.421419E-01   0.291985E-02   0.250000E-03
 576   0.649748E-04   0.920842E-03   0.444203E-01   0.385875E-02   0.300000E-03
 577   0.599387E-04   0.172196E-03   0.305002E-03   0.471086E-02   0.300000E-03
 578  -0.280107E-03   0.288503E-05   0.261479E-02   0.441209E-02   0.350000E-03
 579   0.230444E-03   0.459526E-03   0.476513E-02   0.441676E-02   0.350000E-03
 580   0.229761E-03   0.286612E-03   0.542303E-02   0.466309E-02   0.250000E-03
 581   0.338555E-03   0.484540E-03   0.707924E-02   0.417956E-02   0.150000E-03
 582   0.305704E-03   0.237398E-03   0.792353E-02   0.486509E-02   0.200000E-03
 583  -0.169278E-03   0.127872E-02   0.994063E-02   0.493048E-02   0.250000E-03
 584   0.422793E-03   0.517282E-03   0.103311E-01   0.447723E-02   0.350000E-03
 585   0.411105E-03   0.480272E-03   0.106893E-01   0.518963E-02   0.450000E-03
 586   0.146599E-03   0.212103E-03   0.118515E-01   0.454659E-02   0.300000E-03
 587   0.300791E-03   0.553477E-03   0.123204E-01   0.471872E-02   0.200000E-03
 588   0.150707E-03   0.402197E-03   0.136635E-01   0.558772E-02   0.200000E-03
 589   0.183564E-03   0.364879E-03   0.148190E-01   0.539805E-02   0.250000E-03
 590  -0.170274E-03  -0.294688E-04   0.154466E-01   0.609140E-02   0.200000E-03
 591  -0.903644E-03   0.913223E-04   0.173502E-01   0.557172E-02   0.250000E-03
 592  -0.105612E-02  -0.244935E-03   0.181002E-01   0.616570E-02   0.300000E-03
 593  -0.943086E-03   0.190777E-03   0.194115E-01   0.600066E-02   0.300000E-03
 594  -0.102221E-02   0.815192E-04   0.205363E-01   0.619964E-02   0.350000E-03
 595  -0.245451E-02  -0.230090E-03   0.221476E-01   0.507865E-02   0.200000E-03
 596  -0.736613E-03   0.322602E-03   0.231183E-01   0.479564E-02   0.350000E-03
 597  -0.162520E-04   0.686461E-04   0.243199E-01   0.461122E-02   0.400000E-03
 598  -0.752138E-03   0.237811E-03   0.265348E-01   0.442220E-02   0.350000E-03
 599  -0.428881E-03   0.128340E-02   0.270839E-01   0.398824E-02   0.350000E-03
 600  -0.379602E-03   0.145108E-03   0.298352E-01   0.489251E-02   0.300000E-03
 601  -0.317568E-03   0.359624E-03   0.304677E-01   0.503341E-02   0.350000E-03
 602  -0.126065E-02   0.688868E-03   0.309416E-01   0.487461E-02   0.150000E-03
 603  -0.185775E-03  -0.311756E-04   0.330246E-01   0.452868E-02   0.350000E-03
 604   0.376515E-03  -0.497816E-03   0.334307E-01   0.395913E-02   0.350000E-03
 605   0.860642E-03  -0.668424E-03   0.363922E-01   0.478370E-02   0.400000E-03
 606   0.844198E-03   0.302798E-04   0.385056E-01   0.515231E-02   0.450000E-03
 607   0.225281E-03  -0.884102E-04   0.386137E-01   0.405587E-02   0.250000E-03
 608   0.984016E-03  -0.577904E-03   0.396754E-01   0.347138E-02   0.300000E-03
 609   0.590373E-03  -0.412839E-03   0.402714E-01   0.321037E-02   0.350000E-03
 610   0.493915E-03  -0.491716E-03   0.408912E-01   0.280126E-02   0.150000E-03
 611  -0.872739E-04  -0.441723E-03   0.428152E-01   0.362918E-02   0.450000E-03
 612  -0.481135E-03  -0.993753E-05   0.434491E-01   0.314739E-02   0.350000E-03
 613   0.557583E-03   0.439001E-03   0.103958E-01   0.865649E-02   0.350000E-03
 614   0.554901E-04   0.380593E-04   0.313601E-02   0.457747E-02   0.200000E-03
 615   0.224018E-03   0.510800E-04   0.368047E-02   0.452204E-02   0.350000E-03
 616   0.406295E-03  -0.557393E-04   0.567364E-02   0.435561E-02   0.150000E-03
 617   0.408711E-03   0.101128E-03   0.662403E-02   0.451844E-02   0.350000E-03
 618   0.358964E-03   0.349328E-03   0.811868E-02   0.556432E-02   0.300000E-03
 619  -0.168332E-03   0.354836E-03   0.928229E-02   0.518395E-02   0.300000E-03
 620  -0.181266E-03   0.451973E-03   0.985824E-02   0.557302E-02   0.400000E-03
 621   0.143113E-03   0.736088E-03   0.113787E-01   0.537901E-02   0.250000E-03
 622   0.911631E-04   0.349241E-03   0.114265E-01   0.488882E-02   0.250000E-03
 623   0.398448E-03   0.387554E-03   0.126459E-01   0.516308E-02   0.350000E-03
 624   0.292439E-03   0.214465E-03   0.139814E-01   0.583008E-02   0.200000E-03
 625   0.111415E-04   0.477890E-04   0.145123E-01   0.597039E-02   0.350000E-03
 626  -0.417135E-03   0.669594E-03   0.166130E-01   0.550364E-02   0.150000E-03
 627  -0.106348E-02   0.190810E-03   0.169155E-01   0.567466E-02   0.200000E-03
 628  -0.991161E-03  -0.306529E-03   0.175051E-01   0.609409E-02   0.300000E-03
 629  -0.615561E-03  -0.126597E-03   0.187026E-01   0.660477E-02   0.450000E-03
 630  -0.530811E-03  -0.493753E-03   0.217542E-01   0.616326E-02   0.300000E-03
 631  -0.772413E-03   0.607344E-03   0.226459E-01   0.530760E-02   0.350000E-03
 632  -0.561099E-03   0.398706E-03   0.237357E-01   0.499535E-02   0.300000E-03
 633  -0.152192E-03  -0.308356E-03   0.245636E-01   0.521157E-02   0.250000E-03
 634  -0.436646E-03   0.415455E-03   0.270697E-01   0.453552E-02   0.200000E-03
 635  -0.131217E-02   0.416291E-03   0.277115E-01   0.447998E-02   0.450000E-03
 636  -0.293173E-03   0.616344E-04   0.292951E-01   0.514913E-02   0.300000E-03
 637  -0.236751E-03   0.187978E-03   0.302680E-01   0.564734E-02   0.300000E-03
 638   0.493358E-03  -0.329224E-03   0.321414E-01   0.474512E-02   0.350000E-03
 639   0.444472E-03  -0.183149E-03   0.342809E-01   0.479320E-02   0.250000E-03
 640   0.548738E-03  -0.584176E-03   0.344953E-01   0.429061E-02   0.300000E-03
 641   0.137847E-02  -0.246558E-03   0.368713E-01   0.529148E-02   0.300000E-03
 642   0.125149E-02  -0.382495E-03   0.372680E-01   0.491429E-02   0.250000E-03
 643   0.512254E-03   0.538824E-03   0.387982E-01   0.451709E-02   0.250000E-03
 644   0.393552E-03   0.985468E-03   0.392803E-01   0.408036E-02   0.400000E-03
 645   0.230728E-03  -0.472317E-03   0.417310E-01   0.386826E-02   0.200000E-03
 646   0.396008E-03  -0.178861E-03   0.407919E-01   0.336039E-02   0.150000E-03
 647  -0.149602E-03  -0.600557E-03   0.425789E-01   0.302430E-02   0.200000E-03
 648   0.523171E-03   0.555606E-03   0.448023E-01   0.354014E-02   0.200000E-03
 649   0.103268E-03   0.205338E-03   0.721595E-03   0.498716E-02   0.200000E-03
 650  -0.220931E-03   0.251200E-03   0.266038E-02   0.510430E-02   0.350000E-03
 651   0.430315E-04   0.218768E-03   0.319756E-02   0.407924E-02   0.300000E-03
 652   0.689507E-03   0.171502E-03   0.457908E-02   0.501031E-02   0.200000E-03
 653   0.364329E-03   0.256060E-04   0.655255E-02   0.501086E-02   0.150000E-03
 654   0.202407E-03   0.248263E-03   0.748378E-02   0.527237E-02   0.400000E-03
 655   0.233399E-03   0.328486E-03   0.874366E-02   0.574537E-02   0.350000E-03
 656   0.252810E-03   0.193799E-03   0.931478E-02   0.592849E-02   0.250000E-03
 657   0.160268E-03   0.554382E-03   0.104313E-01   0.596912E-02   0.300000E-03
 658   0.188005E-03   0.509606E-03   0.119469E-01   0.518825E-02   0.350000E-03
 659   0.301452E-03   0.313186E-03   0.131240E-01   0.552371E-02   0.250000E-03
 660   0.111228E-03   0.405094E-03   0.135946E-01   0.628646E-02   0.400000E-03
 661   0.679679E-04   0.613498E-04   0.150267E-01   0.636163E-02   0.300000E-03
 662  -0.687710E-03  -0.187597E-04   0.163376E-01   0.648298E-02   0.300000E-03
 663  -0.267123E-03  -0.780966E-03   0.166397E-01   0.602658E-02   0.250000E-03
 664  -0.952790E-03  -0.344743E-03   0.177467E-01   0.658522E-02   0.250000E-03
 665  -0.866110E-03   0.190063E-03   0.199044E-01   0.634003E-02   0.300000E-03
 666  -0.136012E-03   0.374504E-03   0.211605E-01   0.640739E-02   0.300000E-03
 667  -0.463371E-03   0.196739E-03   0.222479E-01   0.581644E-02   0.300000E-03
 668  -0.785298E-03   0.165241E-03   0.233097E-01   0.541639E-02   0.300000E-03
 669  -0.100373E-02  -0.179836E-03   0.247825E-01   0.480045E-02   0.100000E-03
 670  -0.725303E-03   0.242487E-03   0.262710E-01   0.490097E-02   0.200000E-03
 671  -0.969609E-03   0.190355E-03   0.284182E-01   0.530323E-02   0.200000E-03
 672  -0.149480E-02  -0.258721E-04   0.280185E-01   0.510750E-02   0.250000E-03
 673  -0.505654E-03   0.239567E-03   0.309747E-01   0.550621E-02   0.350000E-03
 674  -0.377711E-03   0.961308E-04   0.315472E-01   0.511122E-02   0.350000E-03
 675   0.231670E-03   0.178992E-03   0.324890E-01   0.426215E-02   0.250000E-03
 676   0.425169E-03  -0.175133E-03   0.347799E-01   0.477079E-02   0.250000E-03
 677   0.139797E-02  -0.349855E-03   0.369633E-01   0.598356E-02   0.400000E-03
 678   0.131855E-02  -0.183490E-03   0.374111E-01   0.539104E-02   0.250000E-03
 679   0.485956E-03  -0.135554E-03   0.390965E-01   0.541981E-02   0.200000E-03
 680   0.496298E-03   0.486120E-03   0.392617E-01   0.489615E-02   0.350000E-03
 681  -0.881269E-04   0.204308E-04   0.411011E-01   0.390691E-02   0.250000E-03
 682   0.230323E-03  -0.348173E-03   0.421531E-01   0.341813E-02   0.250000E-03
 683   0.116358E-03   0.254911E-03   0.440308E-01   0.455468E-02   0.500000E-03
 684  -0.726136E-03  -0.167438E-03   0.440490E-01   0.338953E-02   0.300000E-03
 685   0.337346E-03   0.195087E-03   0.348386E-03   0.743248E-02   0.350000E-03
 686   0.230334E-03   0.426299E-03   0.332467E-02   0.569242E-02   0.350000E-03
 687   0.163553E-03   0.166551E-03   0.330528E-02   0.504683E-02   0.300000E-03
 688   0.145185E-03   0.207575E-03   0.502375E-02   0.495789E-02   0.250000E-03
 689   0.266482E-03   0.121354E-03   0.705814E-02   0.485111E-02   0.200000E-03
 690   0.151938E-03   0.134043E-03   0.760396E-02   0.600583E-02   0.350000E-03
 691   0.412645E-03   0.297066E-03   0.875675E-02   0.653258E-02   0.350000E-03
 692  -0.993888E-04   0.509239E-03   0.986949E-02   0.627047E-02   0.300000E-03
 693   0.172129E-03   0.639583E-03   0.103596E-01   0.651249E-02   0.250000E-03
 694   0.365141E-03   0.509635E-03   0.110748E-01   0.588940E-02   0.350000E-03
 695   0.512313E-03  -0.164838E-03   0.128742E-01   0.606842E-02   0.350000E-03
 696   0.990456E-04   0.191087E-03   0.146026E-01   0.728291E-02   0.250000E-03
 697  -0.186036E-03   0.313701E-03   0.143050E-01   0.668753E-02   0.400000E-03
 698  -0.422157E-03  -0.994919E-04   0.156611E-01   0.665034E-02   0.400000E-03
 699  -0.107129E-02  -0.162498E-03   0.170552E-01   0.669092E-02   0.450000E-03
 700  -0.730802E-03  -0.549756E-04   0.180787E-01   0.701989E-02   0.300000E-03
 701  -0.485799E-03  -0.598605E-04   0.194424E-01   0.671866E-02   0.300000E-03
 702  -0.869705E-03  -0.248958E-03   0.203111E-01   0.690952E-02   0.400000E-03
 703  -0.900758E-03   0.324264E-03   0.229252E-01   0.600050E-02   0.400000E-03
 704  -0.670242E-03   0.105324E-03   0.240577E-01   0.561507E-02   0.400000E-03
 705  -0.710185E-03  -0.805731E-04   0.250370E-01   0.505381E-02   0.250000E-03
 706  -0.804498E-03   0.217838E-03   0.258583E-01   0.507744E-02   0.250000E-03
 707  -0.377369E-03   0.129713E-03   0.268757E-01   0.509975E-02   0.400000E-03
 708  -0.316531E-03   0.136239E-03   0.297615E-01   0.543670E-02   0.250000E-03
 709   0.378032E-03   0.118183E-04   0.320666E-01   0.528960E-02   0.200000E-03
 710   0.305653E-03  -0.441948E-03   0.326764E-01   0.501483E-02   0.250000E-03
 711   0.739216E-03  -0.878275E-04   0.337180E-01   0.459480E-02   0.350000E-03
 712   0.284781E-03  -0.353189E-03   0.351048E-01   0.521446E-02   0.300000E-03
 713   0.765497E-03  -0.539330E-03   0.381521E-01   0.636054E-02   0.350000E-03
 714   0.818473E-03  -0.492257E-03   0.379229E-01   0.569981E-02   0.350000E-03
 715   0.597573E-03  -0.209120E-03   0.388344E-01   0.564918E-02   0.150000E-03
 716   0.424829E-03   0.633733E-03   0.397387E-01   0.454112E-02   0.250000E-03
 717   0.502492E-03  -0.820918E-03   0.400783E-01   0.367140E-02   0.150000E-03
 718   0.229727E-03  -0.621235E-03   0.421782E-01   0.391644E-02   0.250000E-03
 719  -0.784280E-03   0.800058E-03   0.448013E-01   0.547339E-02   0.200000E-03
 720   0.144377E-02  -0.657080E-03   0.433993E-01   0.731911E-02   0.350000E-03
 721  -0.332577E-03   0.105743E-04   0.215285E-02   0.412012E-02   0.200000E-03
 722  -0.302448E-03   0.201993E-03   0.201875E-02   0.519730E-02   0.300000E-03
 723   0.594956E-03   0.211737E-03   0.424731E-02   0.471140E-02   0.250000E-03
 724  -0.119688E-04   0.169200E-04   0.600685E-02   0.494713E-02   0.400000E-03
 725   0.556637E-04   0.600064E-03   0.692296E-02   0.517307E-02   0.150000E-03
 726   0.328686E-03   0.263985E-03   0.653176E-02   0.555810E-02   0.400000E-03
 727   0.294948E-03   0.235297E-03   0.823599E-02   0.615108E-02   0.300000E-03
 728   0.325328E-03   0.322043E-03   0.934529E-02   0.642726E-02   0.250000E-03
 729   0.197664E-03   0.219639E-03   0.970201E-02   0.684631E-02   0.300000E-03
 730   0.298596E-03   0.548680E-03   0.123138E-01   0.566258E-02   0.250000E-03
 731   0.263589E-04   0.571275E-03   0.121835E-01   0.626175E-02   0.350000E-03
 732  -0.964609E-04   0.614751E-03   0.130736E-01   0.667081E-02   0.250000E-03
 733  -0.350186E-04   0.405223E-03   0.149194E-01   0.689877E-02   0.250000E-03
 734  -0.667228E-03   0.300547E-05   0.161773E-01   0.695620E-02   0.200000E-03
 735  -0.830901E-03   0.801488E-04   0.175161E-01   0.734297E-02   0.350000E-03
 736  -0.706724E-03  -0.434708E-03   0.190197E-01   0.739260E-02   0.400000E-03
 737  -0.661130E-03  -0.395532E-03   0.197047E-01   0.725740E-02   0.300000E-03
 738  -0.267657E-03  -0.623013E-04   0.213855E-01   0.706910E-02   0.400000E-03
 739  -0.479275E-03  -0.476318E-04   0.223332E-01   0.645885E-02   0.350000E-03
 740  -0.914821E-03   0.291676E-03   0.236372E-01   0.623407E-02   0.350000E-03
 741  -0.765324E-04  -0.215150E-04   0.247326E-01   0.567894E-02   0.250000E-03
 742  -0.702690E-03   0.221891E-03   0.262788E-01   0.534969E-02   0.250000E-03
 743  -0.122150E-02   0.153050E-04   0.275222E-01   0.515227E-02   0.250000E-03
 744  -0.707823E-03   0.294044E-04   0.288006E-01   0.520340E-02   0.200000E-03
 745  -0.332138E-03   0.146750E-03   0.315569E-01   0.570979E-02   0.250000E-03
 746   0.165376E-03  -0.116144E-02   0.327962E-01   0.560145E-02   0.350000E-03
 747  -0.435372E-03  -0.669852E-03   0.332507E-01   0.513715E-02   0.300000E-03
 748   0.787440E-03  -0.606405E-03   0.356486E-01   0.486180E-02   0.350000E-03
 749   0.835055E-03   0.132066E-04   0.363042E-01   0.547639E-02   0.300000E-03
 750   0.101991E-02  -0.436309E-03   0.384991E-01   0.586580E-02   0.250000E-03
 751   0.221069E-03  -0.465430E-03   0.391605E-01   0.595277E-02   0.300000E-03
 752   0.180175E-02  -0.314439E-03   0.401943E-01   0.424342E-02   0.300000E-03
 753   0.402710E-03  -0.339327E-03   0.407490E-01   0.306386E-02   0.150000E-03
 754   0.218329E-05  -0.435247E-03   0.418952E-01   0.419736E-02   0.150000E-03
 755  -0.531682E-03   0.425785E-03   0.425407E-01   0.416100E-02   0.150000E-03
 756  -0.720835E-03  -0.879742E-03   0.431123E-01   0.673607E-02   0.300000E-03
 757  -0.333124E-03   0.990181E-04   0.184109E-02   0.457245E-02   0.350000E-03
 758   0.562048E-03   0.425683E-03   0.401894E-02   0.577138E-02   0.350000E-03
 759   0.532467E-03   0.216892E-03   0.389760E-02   0.513416E-02   0.300000E-03
 760   0.215428E-03  -0.106840E-04   0.473400E-02   0.566094E-02   0.300000E-03
 761  -0.517302E-06  -0.993255E-05   0.540889E-02   0.547707E-02   0.400000E-03
 762   0.212907E-03   0.336812E-03   0.593417E-02   0.600854E-02   0.350000E-03
 763   0.239349E-03   0.117536E-03   0.690170E-02   0.626559E-02   0.400000E-03
 764   0.779141E-04   0.417392E-03   0.816545E-02   0.680055E-02   0.300000E-03
 765   0.267751E-03   0.385905E-03   0.115057E-01   0.643607E-02   0.350000E-03
 766   0.111829E-03   0.736358E-03   0.117278E-01   0.579948E-02   0.300000E-03
 767   0.143246E-03   0.703013E-03   0.126391E-01   0.656437E-02   0.200000E-03
 768   0.781948E-04   0.237192E-03   0.136947E-01   0.692788E-02   0.250000E-03
 769  -0.826680E-04   0.335836E-03   0.152177E-01   0.741794E-02   0.350000E-03
 770  -0.311232E-03   0.382302E-03   0.158017E-01   0.728315E-02   0.250000E-03
 771  -0.771282E-03  -0.238889E-03   0.165250E-01   0.683579E-02   0.100000E-03
 772  -0.100512E-02  -0.400261E-03   0.183773E-01   0.747861E-02   0.250000E-03
 773  -0.740939E-03  -0.534269E-03   0.200593E-01   0.786007E-02   0.400000E-03
 774  -0.628626E-03   0.126899E-03   0.207709E-01   0.749732E-02   0.350000E-03
 775  -0.911195E-03   0.280618E-03   0.231670E-01   0.660305E-02   0.250000E-03
 776  -0.628098E-04   0.147610E-03   0.247605E-01   0.612494E-02   0.200000E-03
 777  -0.979995E-03   0.314126E-04   0.254531E-01   0.488345E-02   0.200000E-03
 778  -0.811760E-03   0.160698E-03   0.258683E-01   0.552489E-02   0.200000E-03
 779  -0.943340E-03  -0.721596E-04   0.275651E-01   0.569885E-02   0.300000E-03
 780  -0.544018E-03   0.272395E-03   0.292856E-01   0.579867E-02   0.350000E-03
 781  -0.357711E-03   0.980581E-04   0.306597E-01   0.595531E-02   0.200000E-03
 782   0.228915E-03  -0.169973E-03   0.321009E-01   0.578799E-02   0.300000E-03
 783   0.524487E-03  -0.900345E-03   0.338856E-01   0.527287E-02   0.350000E-03
 784   0.496848E-03  -0.921678E-03   0.344305E-01   0.521410E-02   0.200000E-03
 785   0.763381E-03  -0.245116E-04   0.356625E-01   0.555975E-02   0.350000E-03
 786   0.840223E-03  -0.529469E-03   0.375784E-01   0.619068E-02   0.250000E-03
 787   0.260723E-03  -0.556044E-03   0.397237E-01   0.615334E-02   0.300000E-03
 788   0.198871E-03  -0.171930E-03   0.396368E-01   0.550778E-02   0.350000E-03
 789   0.114712E-02   0.333107E-03   0.405702E-01   0.377926E-02   0.300000E-03
 790  -0.422742E-03  -0.360883E-03   0.414618E-01   0.431004E-02   0.300000E-03
 791  -0.413579E-03  -0.520558E-03   0.431280E-01   0.436493E-02   0.350000E-03
 792   0.921708E-05   0.456222E-03   0.438891E-01   0.518867E-02   0.150000E-03
 793  -0.563155E-04   0.374913E-03   0.284145E-02   0.556824E-02   0.150000E-03
 794  -0.433639E-03   0.905523E-03   0.241940E-02   0.553769E-02   0.150000E-03
 795   0.590641E-03   0.308501E-03   0.435354E-02   0.533743E-02   0.200000E-03
 796   0.692016E-04   0.169448E-03   0.265200E-02   0.656339E-02   0.300000E-03
 797   0.255983E-03   0.651232E-04   0.451013E-02   0.633643E-02   0.400000E-03
 798  -0.715577E-04   0.162903E-03   0.518050E-02   0.613672E-02   0.300000E-03
 799   0.151439E-03   0.465097E-03   0.752402E-02   0.669708E-02   0.350000E-03
 800   0.434211E-03   0.509032E-03   0.882609E-02   0.712741E-02   0.250000E-03
 801   0.330546E-03   0.771176E-03   0.107709E-01   0.679433E-02   0.250000E-03
 802   0.473554E-03  -0.109874E-03   0.112382E-01   0.697260E-02   0.250000E-03
 803   0.161230E-03   0.266215E-03   0.119632E-01   0.681907E-02   0.250000E-03
 804  -0.125910E-03   0.351286E-03   0.132176E-01   0.720086E-02   0.300000E-03
 805  -0.148867E-03   0.265959E-03   0.140573E-01   0.734069E-02   0.300000E-03
 806  -0.335447E-03   0.499066E-04   0.157010E-01   0.772136E-02   0.200000E-03
 807  -0.756025E-03  -0.568687E-04   0.179362E-01   0.777052E-02   0.250000E-03
 808  -0.750237E-03  -0.641830E-04   0.190397E-01   0.824066E-02   0.450000E-03
 809  -0.394865E-03   0.214442E-03   0.213521E-01   0.778488E-02   0.300000E-03
 810  -0.515115E-03  -0.600795E-04   0.220847E-01   0.705761E-02   0.300000E-03
 811  -0.938655E-03  -0.284681E-03   0.236582E-01   0.688214E-02   0.300000E-03
 812  -0.622734E-03   0.307255E-03   0.242851E-01   0.627648E-02   0.300000E-03
 813  -0.605740E-03   0.948268E-04   0.253228E-01   0.558075E-02   0.350000E-03
 814  -0.654216E-03  -0.447612E-03   0.270660E-01   0.566848E-02   0.200000E-03
 815  -0.930440E-03   0.336025E-03   0.285422E-01   0.588814E-02   0.400000E-03
 816  -0.538680E-03   0.208109E-03   0.312102E-01   0.599519E-02   0.200000E-03
 817  -0.258455E-03  -0.128393E-03   0.302115E-01   0.624301E-02   0.300000E-03
 818  -0.997362E-05  -0.371003E-03   0.325390E-01   0.619716E-02   0.300000E-03
 819   0.652516E-03  -0.105319E-02   0.334315E-01   0.573647E-02   0.300000E-03
 820   0.598612E-03  -0.593470E-03   0.346862E-01   0.564015E-02   0.300000E-03
 821   0.108158E-02  -0.114636E-02   0.361801E-01   0.606163E-02   0.300000E-03
 822  -0.423482E-03  -0.102205E-02   0.378123E-01   0.691437E-02   0.300000E-03
 823   0.292497E-03  -0.474687E-03   0.387483E-01   0.631352E-02   0.250000E-03
 824  -0.363269E-03  -0.188548E-03   0.408188E-01   0.557911E-02   0.350000E-03
 825  -0.930942E-04   0.914507E-04   0.402597E-01   0.500755E-02   0.450000E-03
 826   0.705284E-03  -0.729867E-03   0.408148E-01   0.443321E-02   0.350000E-03
 827   0.308742E-03  -0.280491E-03   0.422315E-01   0.441306E-02   0.250000E-03
 828   0.408137E-04  -0.476841E-03   0.402875E-01   0.694097E-02   0.350000E-03
 829   0.144011E-03   0.790512E-05   0.262955E-02   0.596413E-02   0.300000E-03
 830   0.881849E-04   0.158154E-03   0.298702E-03   0.530933E-02   0.300000E-03
 831   0.882600E-04  -0.732942E-04   0.313556E-03   0.580854E-02   0.200000E-03
 832   0.338542E-03   0.363870E-04   0.310025E-02   0.624791E-02   0.250000E-03
 833   0.454974E-03   0.456305E-03   0.329273E-02   0.676182E-02   0.300000E-03
 834  -0.122010E-04  -0.129035E-03   0.508808E-02   0.672907E-02   0.300000E-03
 835  -0.334026E-05   0.264316E-03   0.576999E-02   0.689458E-02   0.300000E-03
 836   0.177102E-03   0.490211E-03   0.760334E-02   0.739032E-02   0.350000E-03
 837   0.375513E-03   0.539097E-03   0.107758E-01   0.634653E-02   0.200000E-03
 838   0.232326E-03   0.126039E-03   0.117191E-01   0.736622E-02   0.350000E-03
 839   0.227931E-03   0.370988E-03   0.125204E-01   0.715128E-02   0.400000E-03
 840  -0.199473E-03   0.216147E-03   0.141198E-01   0.793679E-02   0.300000E-03
 841   0.865160E-04   0.163552E-03   0.147084E-01   0.782160E-02   0.300000E-03
 842  -0.910395E-03   0.954422E-04   0.169623E-01   0.767948E-02   0.300000E-03
 843  -0.989393E-03  -0.163922E-03   0.183917E-01   0.797637E-02   0.250000E-03
 844  -0.931419E-03  -0.156215E-03   0.197477E-01   0.848649E-02   0.300000E-03
 845  -0.574234E-03  -0.440556E-03   0.207301E-01   0.819447E-02   0.350000E-03
 846  -0.697598E-03   0.368950E-03   0.218501E-01   0.755412E-02   0.250000E-03
 847  -0.881922E-03  -0.285353E-03   0.231225E-01   0.715026E-02   0.300000E-03
 848  -0.726993E-03  -0.245856E-03   0.243517E-01   0.697210E-02   0.400000E-03
 849  -0.725063E-03  -0.470137E-04   0.252856E-01   0.628548E-02   0.350000E-03
 850  -0.584103E-03   0.415946E-03   0.266237E-01   0.563932E-02   0.200000E-03
 851  -0.408172E-03  -0.535050E-05   0.264681E-01   0.611033E-02   0.300000E-03
 852  -0.434510E-03  -0.320829E-03   0.298549E-01   0.582536E-02   0.150000E-03
 853   0.177986E-03   0.122925E-03   0.316565E-01   0.631108E-02   0.350000E-03
 854   0.428919E-03   0.119292E-03   0.327332E-01   0.681700E-02   0.350000E-03
 855   0.245414E-03  -0.355110E-03   0.331357E-01   0.625818E-02   0.300000E-03
 856   0.615559E-03  -0.595602E-03   0.340861E-01   0.599411E-02   0.400000E-03
 857   0.108295E-02  -0.279114E-03   0.351774E-01   0.606036E-02   0.350000E-03
 858   0.154537E-02  -0.535504E-03   0.365413E-01   0.653957E-02   0.300000E-03
 859   0.269034E-03  -0.409451E-03   0.392867E-01   0.648687E-02   0.250000E-03
 860  -0.473095E-04  -0.319717E-03   0.402122E-01   0.580550E-02   0.300000E-03
 861   0.896138E-04  -0.174565E-03   0.415157E-01   0.559061E-02   0.350000E-03
 862  -0.186650E-03  -0.760285E-03   0.409938E-01   0.500550E-02   0.250000E-03
 863  -0.219531E-03   0.479041E-03   0.432908E-01   0.514744E-02   0.450000E-03
 864  -0.519766E-03   0.129141E-03   0.445524E-01   0.607247E-02   0.450000E-03
 865   0.158516E-03   0.156515E-03   0.137120E-02   0.515724E-02   0.350000E-03
 866  -0.112181E-03  -0.122096E-03   0.170901E-02   0.558836E-02   0.200000E-03
 867   0.503967E-03   0.269265E-03   0.203072E-02   0.637873E-02   0.350000E-03
 868   0.472515E-03   0.435728E-03   0.373096E-02   0.635305E-02   0.300000E-03
 869   0.350556E-03  -0.105648E-03   0.338475E-02   0.730164E-02   0.250000E-03
 870   0.116614E-03   0.183968E-03   0.627001E-02   0.656370E-02   0.300000E-03
 871   0.266201E-03   0.404983E-03   0.693268E-02   0.696432E-02   0.300000E-03
 872   0.352528E-03   0.189403E-03   0.920220E-02   0.685275E-02   0.200000E-03
 873   0.227420E-03   0.305816E-03   0.102740E-01   0.705232E-02   0.300000E-03
 874  -0.177690E-03  -0.558127E-04   0.116704E-01   0.802419E-02   0.300000E-03
 875   0.311924E-03   0.196784E-03   0.122187E-01   0.778110E-02   0.300000E-03
 876  -0.185656E-03   0.290927E-03   0.135691E-01   0.768458E-02   0.300000E-03
 877   0.540992E-04  -0.219160E-03   0.146957E-01   0.842078E-02   0.300000E-03
 878  -0.791163E-03   0.904137E-04   0.163222E-01   0.757876E-02   0.350000E-03
 879  -0.860786E-03   0.596228E-04   0.174481E-01   0.793743E-02   0.250000E-03
 880  -0.942069E-03  -0.885490E-04   0.177075E-01   0.842162E-02   0.300000E-03
 881  -0.105758E-02  -0.343289E-03   0.218189E-01   0.816099E-02   0.300000E-03
 882  -0.101368E-02  -0.287707E-03   0.225883E-01   0.727347E-02   0.250000E-03
 883  -0.826936E-04   0.110409E-03   0.227768E-01   0.668749E-02   0.150000E-03
 884  -0.883182E-03  -0.609787E-04   0.238293E-01   0.750858E-02   0.350000E-03
 885  -0.980570E-03   0.236538E-03   0.257140E-01   0.740430E-02   0.400000E-03
 886  -0.751164E-03  -0.835636E-04   0.258765E-01   0.602186E-02   0.300000E-03
 887  -0.539004E-03  -0.529797E-03   0.282548E-01   0.657779E-02   0.350000E-03
 888  -0.627044E-03   0.550781E-04   0.295316E-01   0.655806E-02   0.450000E-03
 889  -0.336508E-03   0.148785E-03   0.308917E-01   0.656107E-02   0.450000E-03
 890  -0.212995E-03  -0.160530E-03   0.321748E-01   0.660870E-02   0.250000E-03
 891   0.268179E-03  -0.783624E-05   0.336843E-01   0.662552E-02   0.350000E-03
 892   0.992973E-03  -0.166319E-03   0.346343E-01   0.657573E-02   0.400000E-03
 893   0.521951E-03  -0.686641E-03   0.357085E-01   0.643146E-02   0.300000E-03
 894   0.414650E-03  -0.926696E-03   0.385769E-01   0.678287E-02   0.250000E-03
 895   0.475829E-03  -0.900324E-03   0.390832E-01   0.699712E-02   0.300000E-03
 896  -0.234417E-03  -0.134054E-02   0.419248E-01   0.696805E-02   0.300000E-03
 897   0.406004E-03  -0.640228E-03   0.424750E-01   0.662175E-02   0.350000E-03
 898  -0.264554E-03  -0.564260E-03   0.426358E-01   0.460870E-02   0.200000E-03
 899   0.299599E-03   0.387640E-03   0.424960E-01   0.520701E-02   0.350000E-03
 900  -0.591927E-03   0.545184E-04   0.438304E-01   0.573252E-02   0.350000E-03
 901   0.196787E-03  -0.252323E-03   0.129097E-02   0.574921E-02   0.250000E-03
 902   0.167566E-03   0.135019E-03   0.310015E-02   0.771221E-02   0.250000E-03
 903   0.511256E-03   0.189899E-03   0.211004E-02   0.578549E-02   0.250000E-03
 904  -0.386734E-04  -0.209369E-03   0.279456E-02   0.719616E-02   0.350000E-03
 905   0.283440E-03   0.747522E-05   0.403330E-02   0.703893E-02   0.450000E-03
 906   0.451435E-03   0.257395E-03   0.589185E-02   0.743247E-02   0.250000E-03
 907   0.179184E-03   0.381020E-03   0.558351E-02   0.643115E-02   0.200000E-03
 908   0.417508E-03   0.410915E-03   0.885190E-02   0.767593E-02   0.300000E-03
 909   0.418474E-03   0.384465E-03   0.934272E-02   0.733110E-02   0.300000E-03
 910   0.400961E-03   0.103420E-03   0.100804E-01   0.808839E-02   0.300000E-03
 911   0.420192E-03   0.393644E-03   0.112246E-01   0.770405E-02   0.250000E-03
 912  -0.329334E-03   0.180792E-03   0.152101E-01   0.870149E-02   0.250000E-03
 913  -0.168808E-03  -0.104891E-03   0.153128E-01   0.811071E-02   0.350000E-03
 914  -0.836570E-03   0.177437E-03   0.160801E-01   0.834049E-02   0.450000E-03
 915  -0.924451E-03   0.133385E-03   0.169713E-01   0.837899E-02   0.400000E-03
 916  -0.833644E-03  -0.131424E-03   0.203116E-01   0.868984E-02   0.300000E-03
 917  -0.132547E-02   0.314356E-03   0.199042E-01   0.912893E-02   0.300000E-03
 918  -0.980404E-03  -0.379928E-03   0.223807E-01   0.783513E-02   0.350000E-03
 919  -0.867845E-03  -0.393868E-03   0.230793E-01   0.779836E-02   0.350000E-03
 920  -0.707042E-03  -0.187450E-03   0.247191E-01   0.647159E-02   0.150000E-03
 921  -0.869996E-03  -0.263067E-03   0.232496E-01   0.854099E-02   0.350000E-03
 922  -0.847613E-03  -0.210876E-03   0.258694E-01   0.667092E-02   0.350000E-03
 923  -0.978574E-03  -0.690392E-03   0.275955E-01   0.634686E-02   0.350000E-03
 924   0.123333E-04  -0.167463E-04   0.288349E-01   0.712766E-02   0.450000E-03
 925  -0.297832E-03   0.297774E-03   0.310677E-01   0.734125E-02   0.350000E-03
 926   0.179464E-03  -0.557109E-04   0.315905E-01   0.695554E-02   0.300000E-03
 927  -0.840060E-05  -0.622944E-04   0.336030E-01   0.717264E-02   0.200000E-03
 928   0.635498E-03  -0.388366E-03   0.341337E-01   0.649124E-02   0.100000E-03
 929   0.159980E-02   0.228037E-03   0.372007E-01   0.669455E-02   0.350000E-03
 930  -0.408461E-03  -0.796772E-03   0.412190E-01   0.664855E-02   0.300000E-03
 931   0.447263E-03  -0.777224E-03   0.411900E-01   0.609059E-02   0.250000E-03
 932   0.238167E-03  -0.397008E-03   0.397375E-01   0.670229E-02   0.250000E-03
 933  -0.178176E-03  -0.972626E-03   0.418117E-01   0.627762E-02   0.400000E-03
 934  -0.136503E-03  -0.824005E-03   0.412669E-01   0.471417E-02   0.150000E-03
 935  -0.134177E-03   0.187844E-03   0.418117E-01   0.490827E-02   0.400000E-03
 936  -0.338616E-03  -0.194870E-03   0.433712E-01   0.619186E-02   0.300000E-03
 937   0.680171E-03   0.126935E-03   0.102768E-02   0.727049E-02   0.350000E-03
 938   0.344829E-04  -0.162099E-03   0.296798E-03   0.630846E-02   0.300000E-03
 939   0.434531E-03   0.282438E-04   0.374004E-02   0.778300E-02   0.350000E-03
 940   0.204341E-03  -0.260615E-03   0.790758E-03   0.597195E-02   0.300000E-03
 941   0.539512E-03   0.214746E-03   0.165913E-02   0.697052E-02   0.350000E-03
 942   0.281242E-03   0.291792E-04   0.458940E-02   0.780860E-02   0.500000E-03
 943   0.649468E-04   0.183254E-03   0.529993E-02   0.734323E-02   0.350000E-03
 944   0.109564E-03   0.434940E-03   0.636451E-02   0.715439E-02   0.300000E-03
 945   0.313274E-03   0.328788E-03   0.108124E-01   0.734147E-02   0.300000E-03
 946   0.423279E-03   0.375844E-03   0.982693E-02   0.759027E-02   0.250000E-03
 947   0.785255E-04   0.107189E-03   0.129173E-01   0.805283E-02   0.450000E-03
 948   0.921832E-04   0.870148E-04   0.125244E-01   0.863144E-02   0.250000E-03
 949  -0.706310E-03  -0.375770E-04   0.156856E-01   0.897763E-02   0.300000E-03
 950  -0.174592E-03   0.950945E-04   0.139659E-01   0.861927E-02   0.400000E-03
 951  -0.898069E-03   0.984640E-04   0.165417E-01   0.893093E-02   0.300000E-03
 952  -0.105969E-02  -0.928297E-04   0.182561E-01   0.845619E-02   0.250000E-03
 953  -0.546301E-03  -0.337070E-03   0.209371E-01   0.875729E-02   0.250000E-03
 954  -0.966771E-03  -0.254043E-03   0.224142E-01   0.869475E-02   0.500000E-03
 955  -0.778282E-03  -0.356741E-03   0.236153E-01   0.806695E-02   0.250000E-03
 956  -0.742823E-03  -0.764086E-03   0.250749E-01   0.728588E-02   0.250000E-03
 957  -0.898506E-03  -0.687997E-03   0.267997E-01   0.767030E-02   0.350000E-03
 958  -0.953728E-03  -0.785678E-03   0.264467E-01   0.706619E-02   0.350000E-03
 959  -0.110991E-02  -0.651192E-03   0.269312E-01   0.656154E-02   0.350000E-03
 960  -0.374415E-03   0.127512E-03   0.302310E-01   0.679151E-02   0.250000E-03
 961   0.602192E-03   0.331571E-03   0.320880E-01   0.798257E-02   0.400000E-03
 962   0.375057E-03   0.917466E-04   0.316419E-01   0.751048E-02   0.250000E-03
 963   0.222108E-03   0.641677E-04   0.332591E-01   0.697030E-02   0.200000E-03
 964   0.301019E-03  -0.467534E-03   0.352786E-01   0.684853E-02   0.300000E-03
 965   0.975356E-03  -0.179321E-03   0.360795E-01   0.683668E-02   0.250000E-03
 966   0.166883E-02   0.121797E-03   0.366718E-01   0.722628E-02   0.400000E-03
 967   0.272799E-04  -0.564847E-03   0.406471E-01   0.634127E-02   0.350000E-03
 968  -0.100323E-04  -0.584022E-03   0.401589E-01   0.625192E-02   0.150000E-03
 969  -0.167508E-03  -0.826301E-03   0.447508E-01   0.715359E-02   0.250000E-03
 970  -0.174439E-03  -0.811636E-03   0.442574E-01   0.681397E-02   0.350000E-03
 971   0.174184E-03   0.839365E-05   0.427283E-01   0.591724E-02   0.400000E-03
 972   0.663254E-03  -0.759451E-03   0.436603E-01   0.676462E-02   0.250000E-03
 973   0.134812E-03   0.169199E-03   0.835432E-03   0.542391E-02   0.250000E-03
 974   0.584370E-03   0.291436E-03   0.402994E-02   0.830781E-02   0.250000E-03
 975   0.239559E-03   0.247338E-03   0.133279E-02   0.634664E-02   0.350000E-03
 976   0.427990E-03   0.138617E-03   0.771529E-03   0.667298E-02   0.300000E-03
 977   0.367389E-03   0.107370E-03   0.737036E-02   0.794229E-02   0.250000E-03
 978   0.227245E-03  -0.116047E-03   0.697329E-02   0.756238E-02   0.300000E-03
 979   0.239842E-04  -0.631299E-04   0.644055E-02   0.769822E-02   0.250000E-03
 980   0.196655E-03   0.476804E-03   0.817958E-02   0.786863E-02   0.400000E-03
 981   0.249791E-03   0.379227E-03   0.103260E-01   0.759737E-02   0.250000E-03
 982   0.201532E-03   0.146323E-03   0.934614E-02   0.823911E-02   0.450000E-03
 983   0.300766E-03   0.257398E-03   0.121310E-01   0.832365E-02   0.250000E-03
 984   0.323246E-03   0.456606E-03   0.107286E-01   0.804089E-02   0.350000E-03
 985  -0.200633E-03   0.104049E-03   0.135541E-01   0.818316E-02   0.200000E-03
 986  -0.104956E-02  -0.166827E-03   0.189183E-01   0.950632E-02   0.300000E-03
 987  -0.919135E-03   0.958637E-04   0.186286E-01   0.892558E-02   0.350000E-03
 988  -0.541003E-03   0.290371E-03   0.193395E-01   0.892613E-02   0.300000E-03
 989  -0.652551E-03  -0.192437E-03   0.194662E-01   0.946052E-02   0.250000E-03
 990  -0.526019E-03  -0.538654E-03   0.213062E-01   0.835818E-02   0.250000E-03
 991  -0.826082E-03  -0.371626E-03   0.241992E-01   0.820454E-02   0.350000E-03
 992  -0.749055E-03  -0.372433E-03   0.245311E-01   0.764671E-02   0.300000E-03
 993  -0.620696E-03  -0.244341E-03   0.249758E-01   0.679638E-02   0.250000E-03
 994  -0.105317E-02  -0.350252E-03   0.270819E-01   0.714120E-02   0.250000E-03
 995  -0.682504E-03  -0.373366E-03   0.277309E-01   0.711343E-02   0.400000E-03
 996  -0.368934E-03   0.297890E-03   0.304200E-01   0.730667E-02   0.300000E-03
 997  -0.502647E-03   0.263250E-03   0.298911E-01   0.715797E-02   0.250000E-03
 998   0.650460E-03  -0.428092E-04   0.321754E-01   0.723804E-02   0.350000E-03
 999   0.314523E-03  -0.621043E-04   0.330139E-01   0.734686E-02   0.250000E-03
1000   0.924169E-03  -0.972877E-04   0.341515E-01   0.714682E-02   0.350000E-03
