   1   0.145440E-03   0.147614E-03   0.112508E-01   0.851065E-02   0.350000E-03
   2  -0.216302E-02   0.248540E-03   0.153448E-03   0.149990E-03   0.150000E-03
   3   0.207498E-02   0.203074E-03   0.447884E-02   0.448075E-03   0.450000E-03
   4   0.864158E-03  -0.100963E-03   0.564787E-02   0.535339E-03   0.200000E-03
   5   0.318800E-02  -0.183208E-03   0.564683E-02   0.999858E-04   0.100000E-03
   6  -0.172841E-02   0.119319E-02   0.741677E-02   0.249608E-03   0.250000E-03
   7  -0.176766E-03   0.990207E-03   0.804892E-02   0.398834E-03   0.400000E-03
   8   0.921318E-03  -0.738824E-03   0.881648E-02   0.347303E-03   0.350000E-03
   9   0.169117E-02  -0.297899E-03   0.925841E-02   0.575909E-03   0.150000E-03
  10   0.163579E-02   0.420347E-04   0.117596E-01   0.297068E-03   0.300000E-03
  11   0.199665E-02  -0.309934E-03   0.130021E-01   0.349993E-03   0.350000E-03
  12  -0.517861E-03  -0.252401E-03   0.147360E-01   0.195123E-03   0.200000E-03
  13  -0.142738E-02   0.635804E-03   0.168630E-01   0.343554E-03   0.350000E-03
  14  -0.924819E-03   0.219215E-03   0.175613E-01   0.348487E-03   0.350000E-03
  15  -0.431290E-03  -0.109599E-03   0.187808E-01   0.399329E-03   0.400000E-03
  16  -0.743814E-03   0.110828E-02   0.195271E-01   0.348533E-03   0.350000E-03
  17   0.222941E-03  -0.444389E-03   0.204419E-01   0.338297E-03   0.350000E-03
  18  -0.434687E-03   0.948189E-04   0.218923E-01   0.348963E-03   0.350000E-03
  19  -0.235317E-03   0.356273E-03   0.224813E-01   0.241179E-03   0.250000E-03
  20   0.139702E-02   0.526161E-03   0.229808E-01   0.248665E-03   0.250000E-03
  21  -0.333191E-02  -0.119896E-02   0.244314E-01   0.249773E-03   0.250000E-03
  22  -0.116424E-03  -0.521223E-03   0.257273E-01   0.199919E-03   0.200000E-03
  23   0.702181E-03  -0.271994E-03   0.267393E-01   0.999461E-04   0.100000E-03
  24   0.465743E-03  -0.142692E-02   0.282533E-01   0.396133E-03   0.400000E-03
  25   0.906008E-04  -0.248434E-02   0.297647E-01   0.397174E-03   0.400000E-03
  26   0.777474E-03  -0.153853E-02   0.305117E-01   0.342183E-03   0.350000E-03
  27   0.164242E-03  -0.296593E-02   0.318546E-01   0.298150E-03   0.300000E-03
  28  -0.150917E-02  -0.924962E-03   0.333472E-01   0.299609E-03   0.300000E-03
  29   0.274709E-03  -0.892044E-03   0.355513E-01   0.447072E-03   0.450000E-03
  30   0.184783E-02   0.138489E-03   0.373977E-01   0.345930E-03   0.350000E-03
  31  -0.138386E-02  -0.425415E-03   0.379901E-01   0.249407E-03   0.250000E-03
  32  -0.464691E-03   0.711987E-03   0.401226E-01   0.196652E-03   0.200000E-03
  33  -0.122839E-02   0.119285E-02   0.410123E-01   0.194446E-03   0.200000E-03
  34  -0.553283E-03  -0.113770E-02   0.446051E-01   0.881433E-03   0.400000E-03
  35   0.107216E-03   0.138139E-02   0.446510E-01   0.192426E-02   0.350000E-03
  36   0.907435E-04  -0.267512E-03   0.862211E-02   0.840654E-02   0.300000E-03
  37  -0.394367E-03   0.929766E-02   0.248447E-03   0.185740E-02   0.250000E-03
  38   0.356824E-02   0.623586E-03   0.761282E-03   0.788670E-03   0.300000E-03
  39  -0.230325E-04  -0.167828E-02   0.254980E-02   0.395239E-03   0.400000E-03
  40   0.263064E-02  -0.164474E-03   0.609000E-02   0.299932E-03   0.300000E-03
  41   0.318571E-03  -0.362482E-03   0.678354E-02   0.394286E-03   0.400000E-03
  42   0.377413E-03   0.291729E-03   0.721580E-02   0.100310E-02   0.350000E-03
  43   0.308671E-03   0.308646E-03   0.851568E-02   0.917956E-03   0.300000E-03
  44   0.145748E-02  -0.151638E-02   0.932768E-02   0.968493E-03   0.250000E-03
  45   0.484504E-03   0.793075E-05   0.990082E-02   0.491377E-03   0.500000E-03
  46  -0.242067E-03  -0.704746E-04   0.108446E-01   0.299627E-03   0.300000E-03
  47   0.357357E-03   0.318218E-03   0.151385E-01   0.150020E-03   0.150000E-03
  48   0.784154E-03   0.452284E-03   0.157570E-01   0.448070E-03   0.450000E-03
  49   0.472520E-04  -0.347210E-03   0.164277E-01   0.879475E-03   0.350000E-03
  50  -0.109112E-02   0.674669E-04   0.181508E-01   0.247304E-03   0.250000E-03
  51  -0.335540E-03   0.161063E-03   0.192560E-01   0.880338E-03   0.250000E-03
  52   0.466673E-03  -0.164390E-03   0.199824E-01   0.148067E-03   0.150000E-03
  53   0.337505E-02  -0.244721E-04   0.204504E-01   0.100317E-02   0.200000E-03
  54  -0.490560E-03   0.109115E-02   0.211144E-01   0.298422E-03   0.300000E-03
  55   0.112057E-02   0.416602E-03   0.233174E-01   0.999337E-04   0.100000E-03
  56   0.614475E-03  -0.245036E-02   0.237984E-01   0.396622E-03   0.400000E-03
  57  -0.105870E-02  -0.347983E-03   0.244817E-01   0.936906E-03   0.400000E-03
  58  -0.862065E-03  -0.260800E-03   0.250648E-01   0.394850E-03   0.400000E-03
  59   0.186879E-02   0.213566E-03   0.270587E-01   0.199919E-03   0.200000E-03
  60   0.612778E-03  -0.996701E-03   0.275608E-01   0.298101E-03   0.300000E-03
  61   0.661221E-03  -0.179237E-02   0.290723E-01   0.298205E-03   0.300000E-03
  62   0.142116E-02  -0.204877E-02   0.312093E-01   0.347521E-03   0.350000E-03
  63  -0.381194E-02  -0.100493E-02   0.328590E-01   0.196429E-03   0.200000E-03
  64   0.119930E-03  -0.284266E-03   0.347597E-01   0.345735E-03   0.350000E-03
  65   0.944221E-04  -0.402558E-03   0.363306E-01   0.618720E-03   0.350000E-03
  66  -0.227706E-03  -0.136612E-02   0.364256E-01   0.138710E-03   0.150000E-03
  67  -0.449236E-03   0.262260E-03   0.391369E-01   0.298831E-03   0.300000E-03
  68  -0.110523E-02   0.298636E-03   0.423025E-01   0.224113E-03   0.200000E-03
  69  -0.197998E-02  -0.142093E-02   0.438626E-01   0.819491E-03   0.350000E-03
  70  -0.128826E-02  -0.983250E-03   0.424127E-01   0.721860E-02   0.250000E-03
  71   0.415096E-03   0.450009E-03   0.447020E-01   0.498384E-02   0.300000E-03
  72  -0.275450E-03  -0.157701E-02   0.447500E-01   0.249051E-03   0.250000E-03
  73  -0.540818E-03   0.434571E-04   0.258447E-02   0.801291E-02   0.350000E-03
  74   0.368008E-02  -0.239490E-03   0.108977E-02   0.293630E-03   0.300000E-03
  75   0.101603E-02   0.202682E-03   0.380774E-02   0.249861E-03   0.250000E-03
  76   0.247737E-02   0.131262E-03   0.516621E-02   0.927464E-03   0.350000E-03
  77   0.327954E-03   0.442563E-03   0.639948E-02   0.844845E-03   0.200000E-03
  78  -0.545118E-05  -0.374306E-03   0.659192E-02   0.135715E-02   0.350000E-03
  79  -0.819843E-03   0.445200E-04   0.790287E-02   0.113388E-02   0.350000E-03
  80  -0.576103E-03   0.419908E-03   0.901297E-02   0.135052E-02   0.250000E-03
  81  -0.512248E-03   0.503736E-03   0.106307E-01   0.912940E-03   0.350000E-03
  82  -0.331001E-02  -0.618490E-03   0.132499E-01   0.987565E-03   0.300000E-03
  83  -0.126979E-02  -0.295166E-04   0.137003E-01   0.346324E-03   0.350000E-03
  84  -0.631502E-03  -0.142330E-03   0.142903E-01   0.245260E-03   0.250000E-03
  85   0.142864E-03   0.680764E-03   0.153636E-01   0.102348E-02   0.250000E-03
  86  -0.115693E-02   0.819980E-04   0.172055E-01   0.106293E-02   0.450000E-03
  87  -0.195121E-03   0.262820E-03   0.187866E-01   0.104790E-02   0.250000E-03
  88  -0.666445E-03   0.122756E-02   0.199930E-01   0.800445E-03   0.300000E-03
  89   0.858230E-05   0.815705E-03   0.202500E-01   0.160865E-02   0.400000E-03
  90  -0.109941E-02   0.132168E-02   0.214258E-01   0.866762E-03   0.350000E-03
  91  -0.874290E-03  -0.359528E-03   0.225548E-01   0.727240E-03   0.250000E-03
  92   0.136595E-02  -0.178995E-03   0.231432E-01   0.824912E-03   0.350000E-03
  93  -0.391355E-03  -0.969489E-03   0.237639E-01   0.114225E-02   0.350000E-03
  94  -0.416457E-03   0.155207E-03   0.252046E-01   0.112816E-02   0.350000E-03
  95  -0.350136E-03   0.169382E-02   0.272905E-01   0.887094E-03   0.350000E-03
  96  -0.272195E-03   0.163802E-02   0.279923E-01   0.114985E-02   0.400000E-03
  97  -0.474924E-03  -0.137358E-02   0.294718E-01   0.972306E-03   0.250000E-03
  98   0.255075E-03  -0.201845E-02   0.302540E-01   0.109092E-02   0.450000E-03
  99   0.304911E-02  -0.221467E-02   0.323998E-01   0.245412E-03   0.250000E-03
 100  -0.585428E-03  -0.742858E-02   0.327230E-01   0.618591E-03   0.250000E-03
 101   0.855025E-03  -0.520999E-03   0.349674E-01   0.106299E-02   0.400000E-03
 102   0.633883E-02   0.636624E-03   0.368067E-01   0.253608E-03   0.250000E-03
 103   0.119149E-02  -0.170876E-02   0.376427E-01   0.888534E-03   0.250000E-03
 104  -0.213785E-03   0.454226E-03   0.385382E-01   0.294705E-03   0.300000E-03
 105  -0.613408E-04   0.102592E-02   0.405676E-01   0.245374E-03   0.250000E-03
 106  -0.446399E-03   0.363701E-03   0.431887E-01   0.297709E-03   0.300000E-03
 107  -0.586183E-04  -0.175614E-05   0.440805E-01   0.749012E-02   0.350000E-03
 108  -0.100764E-02  -0.466817E-03   0.348817E-01   0.748373E-02   0.450000E-03
 109  -0.222269E-02   0.503266E-03   0.240446E-03   0.642644E-03   0.250000E-03
 110  -0.126235E-02  -0.465620E-03   0.542369E-03   0.247314E-03   0.250000E-03
 111   0.671568E-03  -0.162958E-02   0.175753E-02   0.475136E-03   0.400000E-03
 112  -0.141979E-03  -0.799887E-03   0.307811E-02   0.920505E-03   0.350000E-03
 113   0.576229E-03  -0.877899E-03   0.587969E-02   0.113728E-02   0.400000E-03
 114  -0.296376E-03  -0.243352E-03   0.709196E-02   0.157264E-02   0.200000E-03
 115   0.628518E-04   0.563099E-03   0.845673E-02   0.155959E-02   0.350000E-03
 116   0.198327E-03  -0.935302E-04   0.980986E-02   0.133095E-02   0.350000E-03
 117   0.119510E-02   0.429667E-03   0.113094E-01   0.753838E-03   0.350000E-03
 118   0.256119E-02  -0.816971E-04   0.123566E-01   0.289501E-03   0.300000E-03
 119  -0.652625E-03  -0.446995E-03   0.142262E-01   0.786889E-03   0.300000E-03
 120   0.255668E-03   0.567152E-03   0.150228E-01   0.597775E-03   0.300000E-03
 121   0.490606E-04  -0.699553E-04   0.166421E-01   0.138379E-02   0.200000E-03
 122  -0.887414E-03   0.672304E-04   0.180953E-01   0.943105E-03   0.450000E-03
 123  -0.898974E-03   0.458525E-03   0.185346E-01   0.141673E-02   0.200000E-03
 124  -0.467257E-03   0.280498E-03   0.196345E-01   0.127792E-02   0.300000E-03
 125   0.431983E-03   0.104774E-02   0.208371E-01   0.772424E-03   0.250000E-03
 126   0.585553E-03   0.129622E-02   0.208832E-01   0.131535E-02   0.300000E-03
 127  -0.257338E-03   0.662847E-03   0.226801E-01   0.120535E-02   0.250000E-03
 128   0.462864E-03   0.157137E-02   0.230313E-01   0.162310E-02   0.300000E-03
 129  -0.101687E-02   0.875900E-03   0.235744E-01   0.170073E-02   0.250000E-03
 130  -0.133994E-03   0.245914E-03   0.256918E-01   0.700844E-03   0.300000E-03
 131  -0.804387E-03   0.502232E-03   0.263153E-01   0.394275E-03   0.400000E-03
 132  -0.820258E-03   0.165472E-02   0.274994E-01   0.148978E-02   0.200000E-03
 133   0.304328E-03  -0.110104E-02   0.288234E-01   0.950476E-03   0.400000E-03
 134   0.585088E-03  -0.944967E-03   0.311444E-01   0.109202E-02   0.400000E-03
 135   0.654839E-03  -0.916663E-03   0.319906E-01   0.103381E-02   0.450000E-03
 136  -0.451896E-03  -0.995575E-03   0.340250E-01   0.465006E-03   0.400000E-03
 137   0.373959E-02  -0.356322E-02   0.372261E-01   0.761436E-03   0.100000E-03
 138   0.465603E-03   0.218253E-03   0.374086E-01   0.132375E-02   0.250000E-03
 139   0.172941E-04  -0.885760E-03   0.381770E-01   0.766107E-03   0.300000E-03
 140  -0.224695E-02   0.396424E-03   0.396815E-01   0.261661E-03   0.250000E-03
 141  -0.427723E-03   0.543416E-03   0.414586E-01   0.248293E-03   0.250000E-03
 142   0.171721E-02   0.208568E-03   0.419045E-01   0.197839E-03   0.200000E-03
 143   0.398598E-05   0.349673E-04   0.439014E-01   0.632666E-02   0.250000E-03
 144  -0.673747E-03   0.118308E-04   0.294829E-01   0.752512E-02   0.300000E-03
 145  -0.186849E-03   0.869682E-05   0.294571E-03   0.341248E-02   0.300000E-03
 146   0.299879E-02   0.639842E-02   0.659072E-03   0.142553E-02   0.350000E-03
 147   0.730830E-03   0.114775E-02   0.396321E-02   0.843564E-03   0.200000E-03
 148   0.246562E-02   0.564797E-03   0.521182E-02   0.289546E-03   0.300000E-03
 149   0.757986E-03  -0.144711E-03   0.606975E-02   0.196294E-02   0.450000E-03
 150   0.195830E-03  -0.505063E-03   0.747707E-02   0.148031E-02   0.200000E-03
 151  -0.672766E-03   0.370484E-03   0.936138E-02   0.163055E-02   0.200000E-03
 152  -0.343621E-03  -0.352518E-03   0.103529E-01   0.138343E-02   0.200000E-03
 153   0.447493E-03   0.114468E-02   0.110938E-01   0.136520E-02   0.300000E-03
 154   0.255923E-02  -0.231074E-03   0.125535E-01   0.950058E-03   0.400000E-03
 155  -0.104992E-02  -0.132086E-02   0.137370E-01   0.887087E-03   0.200000E-03
 156   0.501542E-04   0.207404E-03   0.147546E-01   0.124375E-02   0.400000E-03
 157   0.683910E-03   0.288029E-03   0.158911E-01   0.139694E-02   0.400000E-03
 158  -0.948281E-03   0.258008E-03   0.173083E-01   0.185254E-02   0.350000E-03
 159   0.844509E-03   0.110880E-02   0.177131E-01   0.146874E-02   0.200000E-03
 160  -0.305046E-03   0.406720E-03   0.181448E-01   0.164113E-02   0.250000E-03
 161  -0.357242E-03  -0.260523E-03   0.195404E-01   0.181501E-02   0.250000E-03
 162   0.182732E-03  -0.804213E-03   0.208396E-01   0.180950E-02   0.200000E-03
 163  -0.119515E-02   0.495040E-03   0.220849E-01   0.109338E-02   0.350000E-03
 164  -0.840044E-03   0.127596E-02   0.226954E-01   0.217041E-02   0.300000E-03
 165   0.436765E-03  -0.822814E-03   0.247771E-01   0.154753E-02   0.250000E-03
 166  -0.412836E-03  -0.234920E-03   0.255453E-01   0.161009E-02   0.250000E-03
 167   0.111512E-03   0.150029E-02   0.265848E-01   0.113650E-02   0.400000E-03
 168  -0.503762E-03   0.100027E-02   0.285411E-01   0.153390E-02   0.250000E-03
 169  -0.106939E-05   0.102195E-02   0.301617E-01   0.172940E-02   0.200000E-03
 170  -0.498588E-04   0.918876E-03   0.307547E-01   0.178653E-02   0.400000E-03
 171   0.600273E-03  -0.135664E-02   0.334856E-01   0.904215E-03   0.300000E-03
 172   0.420172E-03  -0.378506E-03   0.341968E-01   0.127073E-02   0.400000E-03
 173  -0.192481E-03  -0.529980E-03   0.356545E-01   0.118527E-02   0.300000E-03
 174  -0.213936E-03  -0.316299E-03   0.368796E-01   0.104758E-02   0.350000E-03
 175  -0.304150E-03  -0.252436E-03   0.390307E-01   0.888274E-03   0.300000E-03
 176  -0.490359E-03  -0.429506E-03   0.400918E-01   0.987879E-03   0.200000E-03
 177   0.120227E-03   0.469963E-03   0.406079E-01   0.788041E-03   0.300000E-03
 178  -0.831114E-03  -0.302738E-03   0.443947E-01   0.144066E-02   0.200000E-03
 179  -0.155040E-02   0.141565E-03   0.427001E-01   0.195887E-03   0.200000E-03
 180  -0.563204E-03  -0.497353E-03   0.400227E-01   0.753529E-02   0.300000E-03
 181   0.783165E-03   0.181677E-02   0.200581E-03   0.109099E-02   0.200000E-03
 182   0.135205E-03  -0.126709E-02   0.135415E-02   0.223220E-02   0.200000E-03
 183  -0.408534E-03   0.387881E-03   0.326019E-02   0.298237E-03   0.300000E-03
 184   0.199049E-02  -0.263896E-03   0.525435E-02   0.161644E-02   0.350000E-03
 185   0.616816E-03  -0.499980E-04   0.622873E-02   0.264267E-02   0.250000E-03
 186   0.126335E-03   0.291561E-03   0.677634E-02   0.187386E-02   0.200000E-03
 187   0.376278E-03   0.492067E-03   0.785861E-02   0.179155E-02   0.300000E-03
 188  -0.560097E-03   0.506618E-03   0.960591E-02   0.200718E-02   0.250000E-03
 189   0.156275E-02   0.112534E-02   0.116303E-01   0.125836E-02   0.250000E-03
 190   0.275061E-03   0.134795E-02   0.119155E-01   0.824228E-03   0.250000E-03
 191  -0.108355E-02  -0.361549E-03   0.139607E-01   0.126728E-02   0.250000E-03
 192  -0.966697E-03   0.772036E-03   0.142387E-01   0.184929E-02   0.400000E-03
 193   0.253510E-03  -0.676075E-03   0.152695E-01   0.171795E-02   0.300000E-03
 194  -0.680840E-04   0.890643E-03   0.164636E-01   0.195396E-02   0.400000E-03
 195  -0.307545E-04  -0.108198E-03   0.179092E-01   0.208192E-02   0.250000E-03
 196  -0.261056E-03   0.137794E-03   0.190835E-01   0.150993E-02   0.300000E-03
 197   0.324903E-04   0.283266E-03   0.199171E-01   0.228021E-02   0.350000E-03
 198  -0.564866E-03   0.808199E-04   0.206166E-01   0.225293E-02   0.300000E-03
 199  -0.946700E-03   0.653659E-03   0.214451E-01   0.151341E-02   0.300000E-03
 200  -0.187998E-03   0.117356E-02   0.221967E-01   0.216150E-02   0.200000E-03
 201   0.772475E-03  -0.888109E-03   0.242310E-01   0.159282E-02   0.300000E-03
 202   0.176885E-02   0.273497E-02   0.259372E-01   0.119306E-02   0.250000E-03
 203   0.196971E-03  -0.739114E-03   0.265012E-01   0.182361E-02   0.300000E-03
 204  -0.485393E-03   0.159113E-02   0.270586E-01   0.157552E-02   0.250000E-03
 205   0.174786E-03   0.125608E-02   0.295797E-01   0.160911E-02   0.400000E-03
 206   0.631940E-03   0.247261E-03   0.322079E-01   0.180239E-02   0.350000E-03
 207   0.335738E-03  -0.918928E-03   0.328492E-01   0.129706E-02   0.450000E-03
 208   0.102145E-02  -0.526255E-03   0.335595E-01   0.166057E-02   0.350000E-03
 209  -0.429707E-04  -0.634388E-03   0.362486E-01   0.125890E-02   0.300000E-03
 210  -0.900438E-04  -0.415838E-03   0.366495E-01   0.154606E-02   0.200000E-03
 211   0.363786E-03   0.169939E-03   0.370711E-01   0.168735E-02   0.250000E-03
 212  -0.432802E-03  -0.916428E-03   0.400745E-01   0.590923E-03   0.200000E-03
 213  -0.609268E-03   0.870318E-03   0.411312E-01   0.622781E-03   0.250000E-03
 214   0.148069E-02  -0.205370E-03   0.420789E-01   0.555556E-03   0.200000E-03
 215  -0.235474E-02   0.211555E-02   0.442707E-01   0.149901E-03   0.150000E-03
 216   0.665679E-03  -0.104017E-03   0.215678E-01   0.895217E-02   0.400000E-03
 217   0.369768E-04  -0.562087E-03   0.140792E-01   0.935808E-02   0.350000E-03
 218   0.268686E-03  -0.136384E-02   0.822606E-03   0.210277E-02   0.350000E-03
 219   0.128112E-03   0.836875E-03   0.361092E-02   0.654311E-03   0.200000E-03
 220   0.851490E-03   0.703221E-03   0.452029E-02   0.129492E-02   0.400000E-03
 221   0.184471E-02   0.281531E-03   0.532472E-02   0.220231E-02   0.250000E-03
 222   0.740844E-04   0.463805E-03   0.728337E-02   0.208630E-02   0.350000E-03
 223  -0.589541E-03   0.143711E-03   0.898199E-02   0.201529E-02   0.350000E-03
 224  -0.383631E-03   0.853441E-04   0.101978E-01   0.191033E-02   0.350000E-03
 225   0.800816E-03   0.775951E-03   0.106687E-01   0.162276E-02   0.200000E-03
 226   0.110123E-02   0.971941E-03   0.121235E-01   0.149193E-02   0.300000E-03
 227   0.639215E-03   0.241287E-03   0.129566E-01   0.145312E-02   0.250000E-03
 228   0.244058E-03  -0.689914E-03   0.148253E-01   0.178773E-02   0.150000E-03
 229   0.776727E-03   0.679435E-03   0.158204E-01   0.203822E-02   0.250000E-03
 230  -0.965129E-03   0.640546E-03   0.175137E-01   0.246398E-02   0.300000E-03
 231  -0.423382E-03   0.117394E-03   0.183204E-01   0.228539E-02   0.200000E-03
 232  -0.455340E-03   0.207262E-03   0.186318E-01   0.190129E-02   0.300000E-03
 233  -0.624805E-03   0.649249E-04   0.191695E-01   0.234661E-02   0.400000E-03
 234  -0.588661E-03  -0.124372E-02   0.212577E-01   0.208307E-02   0.300000E-03
 235  -0.857226E-03   0.160114E-02   0.223842E-01   0.166500E-02   0.300000E-03
 236   0.171340E-03   0.103496E-02   0.232909E-01   0.216211E-02   0.300000E-03
 237  -0.154546E-03   0.963574E-03   0.239396E-01   0.217253E-02   0.350000E-03
 238   0.345462E-03  -0.100261E-02   0.251423E-01   0.180964E-02   0.200000E-03
 239   0.161545E-03  -0.945625E-06   0.266721E-01   0.234162E-02   0.250000E-03
 240   0.711294E-03   0.106084E-02   0.289898E-01   0.152415E-02   0.200000E-03
 241   0.224891E-05   0.681608E-03   0.301871E-01   0.227373E-02   0.350000E-03
 242   0.106039E-02   0.472347E-03   0.315100E-01   0.174632E-02   0.350000E-03
 243   0.274940E-03   0.299481E-03   0.329368E-01   0.223714E-02   0.500000E-03
 244  -0.307997E-03  -0.709018E-03   0.354592E-01   0.199146E-02   0.200000E-03
 245   0.207808E-03  -0.383481E-03   0.349420E-01   0.180960E-02   0.350000E-03
 246  -0.688358E-04   0.385615E-03   0.366087E-01   0.214138E-02   0.400000E-03
 247  -0.600742E-04  -0.424325E-03   0.380026E-01   0.139082E-02   0.350000E-03
 248  -0.231178E-02   0.509195E-04   0.396250E-01   0.808461E-03   0.300000E-03
 249  -0.546717E-03   0.104617E-02   0.416481E-01   0.801436E-03   0.300000E-03
 250  -0.159009E-02   0.467806E-03   0.437350E-01   0.241575E-03   0.250000E-03
 251  -0.747397E-03  -0.644121E-03   0.446050E-01   0.297490E-02   0.400000E-03
 252  -0.286918E-03  -0.435926E-03   0.336314E-01   0.772287E-02   0.350000E-03
 253   0.433808E-04   0.565842E-03   0.215045E-02   0.746378E-02   0.350000E-03
 254  -0.128527E-03   0.610753E-03   0.133387E-02   0.109381E-02   0.350000E-03
 255  -0.549654E-03  -0.236222E-02   0.220940E-02   0.100627E-02   0.300000E-03
 256   0.725317E-03   0.288568E-03   0.470854E-02   0.196841E-02   0.300000E-03
 257   0.224440E-03   0.387809E-03   0.669999E-02   0.236720E-02   0.300000E-03
 258   0.263022E-04  -0.129381E-03   0.832308E-02   0.224431E-02   0.350000E-03
 259  -0.103002E-02   0.223228E-03   0.907039E-02   0.280617E-02   0.450000E-03
 260  -0.307641E-03   0.120147E-03   0.988900E-02   0.259138E-02   0.400000E-03
 261   0.892942E-03   0.495574E-03   0.116248E-01   0.181513E-02   0.300000E-03
 262   0.767865E-03   0.531138E-03   0.121890E-01   0.213760E-02   0.350000E-03
 263  -0.198749E-03   0.941406E-04   0.135124E-01   0.166959E-02   0.350000E-03
 264   0.867346E-04   0.100940E-02   0.148154E-01   0.223628E-02   0.300000E-03
 265   0.196227E-03  -0.152539E-03   0.165687E-01   0.254458E-02   0.200000E-03
 266  -0.105057E-02   0.391239E-03   0.169745E-01   0.234916E-02   0.250000E-03
 267  -0.652655E-03   0.499670E-03   0.171089E-01   0.282796E-02   0.250000E-03
 268  -0.463946E-03   0.775651E-04   0.185929E-01   0.264198E-02   0.250000E-03
 269  -0.260988E-03  -0.741126E-03   0.190461E-01   0.298423E-02   0.250000E-03
 270  -0.265994E-03   0.389658E-03   0.196429E-01   0.292307E-02   0.350000E-03
 271   0.470708E-04   0.110890E-02   0.218706E-01   0.185284E-02   0.250000E-03
 272  -0.286138E-03   0.306414E-03   0.223119E-01   0.274895E-02   0.400000E-03
 273   0.334327E-03   0.548364E-04   0.235383E-01   0.280509E-02   0.400000E-03
 274  -0.518187E-03   0.341728E-04   0.257295E-01   0.206473E-02   0.250000E-03
 275  -0.337342E-03  -0.135157E-03   0.261807E-01   0.226510E-02   0.250000E-03
 276  -0.896725E-03   0.103695E-02   0.274226E-01   0.198324E-02   0.300000E-03
 277   0.309151E-03   0.953550E-03   0.293861E-01   0.217527E-02   0.200000E-03
 278   0.423495E-03   0.684539E-03   0.318219E-01   0.238496E-02   0.350000E-03
 279   0.241138E-03   0.699442E-03   0.323398E-01   0.268273E-02   0.250000E-03
 280   0.769761E-03  -0.559122E-03   0.343121E-01   0.196122E-02   0.300000E-03
 281   0.108729E-03  -0.582398E-03   0.358863E-01   0.173302E-02   0.300000E-03
 282   0.466770E-03  -0.223873E-03   0.375525E-01   0.179855E-02   0.250000E-03
 283   0.442741E-03  -0.128687E-02   0.385067E-01   0.161048E-02   0.200000E-03
 284   0.357403E-03  -0.533704E-03   0.385554E-01   0.116336E-02   0.250000E-03
 285  -0.485577E-03  -0.527403E-03   0.410967E-01   0.121627E-02   0.350000E-03
 286  -0.765907E-03  -0.115598E-02   0.432213E-01   0.894032E-03   0.300000E-03
 287  -0.103919E-02  -0.675244E-03   0.428449E-01   0.122027E-02   0.200000E-03
 288  -0.164558E-03  -0.627234E-03   0.593187E-02   0.802566E-02   0.350000E-03
 289  -0.939084E-03  -0.109256E-02   0.247739E-03   0.235607E-02   0.250000E-03
 290  -0.108089E-02  -0.901964E-04   0.184043E-02   0.149381E-02   0.300000E-03
 291   0.902485E-03   0.389984E-03   0.252333E-02   0.162630E-02   0.400000E-03
 292  -0.334432E-03   0.830659E-03   0.315353E-02   0.151192E-02   0.250000E-03
 293   0.110466E-02  -0.361508E-03   0.568576E-02   0.260532E-02   0.300000E-03
 294   0.536748E-04   0.176872E-03   0.824150E-02   0.298604E-02   0.400000E-03
 295  -0.499577E-04   0.103522E-02   0.968122E-02   0.339306E-02   0.400000E-03
 296   0.328204E-03   0.601089E-03   0.110865E-01   0.191319E-02   0.250000E-03
 297   0.624264E-03   0.422589E-03   0.106923E-01   0.196785E-02   0.150000E-03
 298  -0.418692E-04   0.123899E-04   0.125770E-01   0.169495E-02   0.200000E-03
 299   0.170257E-03  -0.303327E-03   0.138288E-01   0.234824E-02   0.250000E-03
 300   0.910457E-04  -0.119724E-02   0.148867E-01   0.272764E-02   0.200000E-03
 301   0.514761E-03   0.103187E-02   0.153921E-01   0.237198E-02   0.300000E-03
 302  -0.412766E-03   0.341497E-03   0.170092E-01   0.336418E-02   0.300000E-03
 303  -0.864749E-03   0.319265E-03   0.180043E-01   0.252191E-02   0.200000E-03
 304  -0.625212E-03   0.352074E-03   0.181868E-01   0.293078E-02   0.250000E-03
 305   0.418173E-03  -0.556003E-03   0.193606E-01   0.333537E-02   0.150000E-03
 306  -0.136749E-03  -0.295884E-03   0.203421E-01   0.283463E-02   0.350000E-03
 307   0.549142E-03  -0.677183E-03   0.217450E-01   0.233441E-02   0.250000E-03
 308  -0.664895E-03  -0.563162E-03   0.226874E-01   0.339425E-02   0.350000E-03
 309  -0.739946E-03   0.487572E-03   0.244869E-01   0.267774E-02   0.400000E-03
 310   0.518227E-04   0.582907E-03   0.250791E-01   0.230525E-02   0.300000E-03
 311  -0.231407E-03  -0.550611E-03   0.272105E-01   0.259320E-02   0.350000E-03
 312  -0.487979E-03   0.952848E-03   0.280646E-01   0.189436E-02   0.350000E-03
 313   0.328834E-04   0.714323E-03   0.296508E-01   0.253464E-02   0.250000E-03
 314  -0.376568E-03   0.500912E-03   0.311768E-01   0.234225E-02   0.300000E-03
 315  -0.526989E-03   0.330309E-03   0.334182E-01   0.286807E-02   0.300000E-03
 316  -0.200386E-03   0.234171E-03   0.337801E-01   0.233109E-02   0.350000E-03
 317   0.397579E-03   0.960440E-04   0.350800E-01   0.254516E-02   0.400000E-03
 318  -0.296518E-03   0.378779E-03   0.358670E-01   0.242853E-02   0.400000E-03
 319  -0.239338E-03  -0.933131E-03   0.389727E-01   0.143444E-02   0.250000E-03
 320  -0.323775E-03  -0.471457E-03   0.398309E-01   0.141292E-02   0.300000E-03
 321   0.286802E-03  -0.104867E-03   0.404270E-01   0.135363E-02   0.300000E-03
 322  -0.124677E-02  -0.128517E-02   0.425947E-01   0.732157E-03   0.350000E-03
 323  -0.156646E-02  -0.162786E-03   0.439542E-01   0.211072E-02   0.350000E-03
 324   0.314397E-03   0.731045E-04   0.396007E-01   0.718237E-02   0.250000E-03
 325   0.102708E-04   0.559357E-03   0.153467E-02   0.767113E-02   0.300000E-03
 326  -0.978307E-03   0.548279E-04   0.125731E-02   0.168884E-02   0.250000E-03
 327   0.330545E-03   0.145658E-02   0.209287E-02   0.223711E-02   0.350000E-03
 328   0.278404E-03   0.771408E-03   0.380569E-02   0.172830E-02   0.450000E-03
 329   0.471301E-03  -0.459543E-05   0.656664E-02   0.319049E-02   0.400000E-03
 330   0.255157E-03  -0.546068E-04   0.720189E-02   0.277899E-02   0.350000E-03
 331  -0.693423E-04  -0.951011E-06   0.775987E-02   0.245067E-02   0.250000E-03
 332   0.573207E-03   0.361178E-03   0.108045E-01   0.255156E-02   0.450000E-03
 333   0.741855E-03   0.560961E-03   0.116001E-01   0.241171E-02   0.300000E-03
 334   0.616048E-03   0.365867E-03   0.129424E-01   0.195153E-02   0.250000E-03
 335  -0.223000E-04  -0.311211E-03   0.133445E-01   0.224545E-02   0.250000E-03
 336  -0.390085E-03  -0.262524E-04   0.143259E-01   0.258305E-02   0.300000E-03
 337   0.336806E-03   0.302234E-03   0.160372E-01   0.254076E-02   0.300000E-03
 338  -0.297511E-04  -0.146331E-03   0.166251E-01   0.374819E-02   0.250000E-03
 339  -0.748757E-03   0.423070E-03   0.176234E-01   0.313649E-02   0.350000E-03
 340  -0.369741E-03  -0.137945E-03   0.189532E-01   0.352587E-02   0.300000E-03
 341  -0.591032E-03  -0.808477E-04   0.200595E-01   0.341617E-02   0.300000E-03
 342  -0.213145E-03  -0.522097E-04   0.205917E-01   0.332196E-02   0.200000E-03
 343  -0.476014E-03   0.163867E-03   0.216228E-01   0.286795E-02   0.300000E-03
 344  -0.335543E-03  -0.890286E-04   0.237982E-01   0.338861E-02   0.250000E-03
 345  -0.700453E-03   0.353712E-03   0.250984E-01   0.301439E-02   0.300000E-03
 346  -0.275563E-03   0.449749E-03   0.256298E-01   0.264953E-02   0.350000E-03
 347   0.132779E-03   0.395364E-03   0.263344E-01   0.289424E-02   0.400000E-03
 348   0.953233E-03   0.124550E-02   0.289140E-01   0.201591E-02   0.300000E-03
 349   0.189972E-03   0.792181E-03   0.300370E-01   0.285013E-02   0.250000E-03
 350   0.369575E-03   0.457722E-03   0.320650E-01   0.315435E-02   0.300000E-03
 351   0.760401E-04   0.811064E-04   0.328026E-01   0.307268E-02   0.350000E-03
 352  -0.194205E-03   0.378288E-03   0.344975E-01   0.308565E-02   0.400000E-03
 353  -0.146136E-03   0.196582E-03   0.358997E-01   0.302258E-02   0.200000E-03
 354  -0.165837E-03   0.299285E-03   0.372552E-01   0.219975E-02   0.250000E-03
 355  -0.151985E-03  -0.207750E-03   0.380435E-01   0.203742E-02   0.300000E-03
 356   0.269546E-03  -0.725407E-03   0.393801E-01   0.162141E-02   0.200000E-03
 357   0.872255E-04  -0.339101E-03   0.408214E-01   0.179903E-02   0.300000E-03
 358  -0.665215E-03  -0.374068E-03   0.416780E-01   0.134787E-02   0.250000E-03
 359  -0.101316E-02  -0.553136E-03   0.442661E-01   0.531902E-02   0.250000E-03
 360  -0.127721E-02  -0.606477E-03   0.448001E-01   0.418355E-02   0.200000E-03
 361  -0.532652E-04  -0.111391E-03   0.680744E-03   0.283625E-02   0.400000E-03
 362   0.375716E-03  -0.952467E-05   0.147903E-02   0.281727E-02   0.400000E-03
 363  -0.977680E-04   0.227998E-03   0.311309E-02   0.200990E-02   0.250000E-03
 364   0.845802E-03   0.963784E-03   0.490871E-02   0.255533E-02   0.300000E-03
 365   0.116781E-02  -0.344117E-03   0.586838E-02   0.317084E-02   0.300000E-03
 366   0.552609E-03  -0.465565E-03   0.615674E-02   0.375344E-02   0.300000E-03
 367  -0.164806E-03  -0.100434E-02   0.871980E-02   0.334783E-02   0.200000E-03
 368   0.214883E-03   0.843602E-03   0.103287E-01   0.313006E-02   0.300000E-03
 369   0.779454E-03   0.666126E-03   0.118419E-01   0.301192E-02   0.350000E-03
 370   0.442561E-03  -0.245642E-03   0.127906E-01   0.258240E-02   0.400000E-03
 371   0.134838E-03   0.310379E-03   0.137282E-01   0.288510E-02   0.300000E-03
 372   0.331095E-03  -0.365714E-04   0.149968E-01   0.331379E-02   0.400000E-03
 373   0.361963E-03   0.125365E-03   0.155847E-01   0.293392E-02   0.300000E-03
 374   0.298893E-03   0.333331E-03   0.163369E-01   0.317066E-02   0.400000E-03
 375  -0.119145E-02  -0.423942E-03   0.174859E-01   0.393724E-02   0.450000E-03
 376  -0.559554E-03  -0.644601E-03   0.186091E-01   0.309076E-02   0.200000E-03
 377  -0.460743E-03  -0.188727E-03   0.195404E-01   0.380192E-02   0.350000E-03
 378  -0.504506E-03   0.139256E-03   0.210643E-01   0.265102E-02   0.300000E-03
 379  -0.325496E-03  -0.121360E-04   0.211406E-01   0.330227E-02   0.350000E-03
 380  -0.298236E-03   0.348625E-03   0.219710E-01   0.341451E-02   0.350000E-03
 381  -0.699544E-03   0.737684E-04   0.243916E-01   0.341934E-02   0.350000E-03
 382  -0.361165E-05   0.415801E-03   0.266794E-01   0.349457E-02   0.300000E-03
 383  -0.937137E-03   0.125433E-02   0.277866E-01   0.242593E-02   0.250000E-03
 384   0.630592E-04   0.164605E-02   0.284632E-01   0.240200E-02   0.300000E-03
 385   0.467554E-03   0.704086E-03   0.291031E-01   0.258534E-02   0.300000E-03
 386  -0.267391E-03   0.317679E-03   0.306860E-01   0.268385E-02   0.300000E-03
 387  -0.122374E-03   0.155210E-03   0.324534E-01   0.366985E-02   0.350000E-03
 388  -0.344497E-03   0.296154E-03   0.354264E-01   0.345491E-02   0.450000E-03
 389  -0.536850E-03  -0.576408E-03   0.360827E-01   0.337527E-02   0.200000E-03
 390  -0.170651E-03   0.251772E-03   0.364906E-01   0.292812E-02   0.400000E-03
 391  -0.502088E-03   0.122463E-03   0.376961E-01   0.252562E-02   0.300000E-03
 392  -0.264141E-04  -0.503131E-03   0.390527E-01   0.192717E-02   0.250000E-03
 393   0.640191E-03  -0.258957E-03   0.396212E-01   0.211450E-02   0.350000E-03
 394  -0.127709E-02  -0.301638E-03   0.422185E-01   0.126064E-02   0.300000E-03
 395  -0.185009E-02  -0.274108E-03   0.438972E-01   0.146580E-02   0.300000E-03
 396  -0.792686E-04   0.104689E-02   0.444068E-01   0.241448E-02   0.200000E-03
 397   0.241835E-04   0.303717E-03   0.972890E-03   0.357911E-02   0.400000E-03
 398  -0.154925E-03  -0.182533E-03   0.272259E-02   0.239709E-02   0.300000E-03
 399   0.540363E-03  -0.117517E-03   0.349700E-02   0.240350E-02   0.300000E-03
 400   0.130213E-03   0.785419E-03   0.421919E-02   0.246686E-02   0.400000E-03
 401   0.679826E-03  -0.221049E-03   0.572857E-02   0.400861E-02   0.200000E-03
 402   0.159966E-03  -0.148089E-03   0.725258E-02   0.347403E-02   0.350000E-03
 403  -0.486801E-03  -0.276123E-03   0.851069E-02   0.374147E-02   0.250000E-03
 404   0.723426E-03  -0.143572E-03   0.905928E-02   0.371372E-02   0.300000E-03
 405   0.156629E-03  -0.194826E-03   0.119554E-01   0.355001E-02   0.200000E-03
 406   0.223416E-03   0.347878E-03   0.125193E-01   0.333056E-02   0.400000E-03
 407   0.578079E-03   0.179744E-03   0.131943E-01   0.315380E-02   0.300000E-03
 408  -0.489856E-04  -0.406053E-04   0.142029E-01   0.339765E-02   0.400000E-03
 409   0.153942E-03  -0.365391E-04   0.156995E-01   0.356761E-02   0.350000E-03
 410  -0.963498E-04  -0.302064E-03   0.161557E-01   0.402550E-02   0.300000E-03
 411  -0.170368E-04  -0.327406E-03   0.166943E-01   0.428759E-02   0.300000E-03
 412  -0.899347E-03  -0.134448E-03   0.182558E-01   0.357459E-02   0.400000E-03
 413  -0.552262E-03  -0.360738E-03   0.202252E-01   0.398883E-02   0.300000E-03
 414  -0.163801E-03  -0.127048E-03   0.207377E-01   0.374538E-02   0.250000E-03
 415  -0.982268E-04   0.316728E-04   0.207944E-01   0.439035E-02   0.400000E-03
 416  -0.582682E-03  -0.219817E-03   0.223486E-01   0.406089E-02   0.400000E-03
 417   0.191051E-05  -0.212813E-03   0.232993E-01   0.360901E-02   0.300000E-03
 418  -0.468360E-03   0.397171E-04   0.250426E-01   0.365962E-02   0.350000E-03
 419   0.347242E-03   0.457238E-04   0.277033E-01   0.308122E-02   0.350000E-03
 420   0.668019E-03   0.231491E-03   0.282712E-01   0.290897E-02   0.250000E-03
 421   0.406622E-03   0.559663E-03   0.295031E-01   0.311310E-02   0.350000E-03
 422  -0.442846E-03   0.209585E-03   0.313214E-01   0.307688E-02   0.450000E-03
 423  -0.190705E-03   0.510070E-03   0.338114E-01   0.337600E-02   0.350000E-03
 424  -0.161983E-03   0.285375E-03   0.347368E-01   0.374199E-02   0.300000E-03
 425  -0.622885E-03  -0.183140E-03   0.370015E-01   0.340174E-02   0.300000E-03
 426  -0.734443E-03   0.358059E-03   0.371826E-01   0.283029E-02   0.300000E-03
 427   0.122728E-03   0.267261E-03   0.380387E-01   0.312259E-02   0.300000E-03
 428  -0.629046E-03  -0.249927E-03   0.385869E-01   0.210271E-02   0.250000E-03
 429   0.261171E-03  -0.139949E-03   0.402367E-01   0.191750E-02   0.300000E-03
 430  -0.613464E-03  -0.487058E-03   0.419311E-01   0.188728E-02   0.350000E-03
 431  -0.115272E-02  -0.341469E-03   0.426716E-01   0.179244E-02   0.400000E-03
 432  -0.689440E-03  -0.335216E-03   0.432997E-01   0.148599E-02   0.300000E-03
 433  -0.160106E-03   0.483937E-03   0.347354E-03   0.405794E-02   0.350000E-03
 434  -0.135515E-02   0.272540E-03   0.162853E-02   0.194431E-02   0.200000E-03
 435   0.294281E-03   0.281863E-03   0.317250E-02   0.295824E-02   0.350000E-03
 436   0.273420E-03   0.394504E-03   0.527242E-02   0.296401E-02   0.250000E-03
 437   0.812756E-03   0.109014E-03   0.566012E-02   0.361962E-02   0.200000E-03
 438   0.296615E-03  -0.407122E-03   0.674340E-02   0.387560E-02   0.300000E-03
 439   0.382847E-04  -0.107942E-03   0.792055E-02   0.365904E-02   0.350000E-03
 440   0.642274E-03   0.875889E-03   0.108714E-01   0.378925E-02   0.200000E-03
 441   0.673421E-03   0.113968E-02   0.109042E-01   0.329316E-02   0.300000E-03
 442  -0.190357E-03   0.881370E-04   0.130663E-01   0.376685E-02   0.300000E-03
 443   0.283916E-03  -0.124814E-03   0.135721E-01   0.355179E-02   0.250000E-03
 444   0.206374E-03  -0.991834E-04   0.151998E-01   0.398104E-02   0.300000E-03
 445   0.710705E-04  -0.295634E-03   0.156524E-01   0.450991E-02   0.400000E-03
 446  -0.315550E-03  -0.247404E-03   0.162512E-01   0.451161E-02   0.200000E-03
 447  -0.100761E-02  -0.860592E-03   0.171830E-01   0.462246E-02   0.300000E-03
 448  -0.690274E-03  -0.133258E-03   0.182688E-01   0.447169E-02   0.500000E-03
 449  -0.464695E-03  -0.263410E-03   0.191619E-01   0.444569E-02   0.400000E-03
 450  -0.709532E-03  -0.237789E-03   0.198573E-01   0.445962E-02   0.300000E-03
 451  -0.236575E-03   0.146080E-03   0.214753E-01   0.397308E-02   0.400000E-03
 452  -0.528892E-03  -0.343091E-03   0.218524E-01   0.462055E-02   0.350000E-03
 453   0.122583E-03  -0.119483E-03   0.239528E-01   0.396396E-02   0.350000E-03
 454  -0.324957E-03   0.265960E-04   0.256657E-01   0.334543E-02   0.350000E-03
 455  -0.447633E-03   0.151762E-03   0.269126E-01   0.305427E-02   0.200000E-03
 456   0.892309E-03   0.329858E-03   0.288086E-01   0.316399E-02   0.350000E-03
 457  -0.430634E-03   0.385340E-03   0.304329E-01   0.322527E-02   0.300000E-03
 458  -0.563238E-03   0.304920E-03   0.306881E-01   0.381256E-02   0.350000E-03
 459   0.264944E-03   0.148956E-03   0.317619E-01   0.374391E-02   0.350000E-03
 460  -0.313949E-03   0.512472E-03   0.341974E-01   0.383272E-02   0.250000E-03
 461  -0.185546E-03  -0.222825E-03   0.364822E-01   0.357597E-02   0.250000E-03
 462  -0.177451E-03  -0.141034E-02   0.376581E-01   0.428832E-02   0.300000E-03
 463  -0.766876E-04   0.436562E-03   0.382899E-01   0.258078E-02   0.300000E-03
 464  -0.106359E-03   0.436921E-03   0.390285E-01   0.264224E-02   0.450000E-03
 465  -0.228980E-03  -0.239141E-03   0.407134E-01   0.238562E-02   0.300000E-03
 466  -0.303908E-03  -0.413091E-03   0.411688E-01   0.258768E-02   0.200000E-03
 467  -0.120941E-02  -0.657854E-03   0.435627E-01   0.256177E-02   0.250000E-03
 468  -0.820453E-03  -0.382511E-03   0.435833E-01   0.383573E-02   0.350000E-03
 469   0.129813E-03   0.495712E-03   0.105506E-02   0.442409E-02   0.450000E-03
 470   0.133564E-03   0.748732E-04   0.217526E-02   0.287954E-02   0.300000E-03
 471   0.308536E-03   0.250236E-03   0.388477E-02   0.318942E-02   0.400000E-03
 472   0.175837E-03  -0.507491E-03   0.458740E-02   0.306202E-02   0.300000E-03
 473   0.275707E-03   0.634748E-04   0.506292E-02   0.357566E-02   0.400000E-03
 474   0.165371E-03  -0.565828E-03   0.745392E-02   0.403330E-02   0.250000E-03
 475  -0.248513E-04  -0.101308E-04   0.808209E-02   0.433857E-02   0.350000E-03
 476   0.190276E-03  -0.478840E-03   0.953764E-02   0.407509E-02   0.300000E-03
 477   0.886290E-03   0.624852E-03   0.112933E-01   0.297936E-02   0.200000E-03
 478   0.342951E-03  -0.454933E-03   0.122408E-01   0.402009E-02   0.350000E-03
 479   0.316399E-04   0.114407E-03   0.141872E-01   0.404467E-02   0.250000E-03
 480   0.376986E-03   0.396850E-05   0.146538E-01   0.386550E-02   0.250000E-03
 481   0.214171E-03  -0.555274E-04   0.147906E-01   0.434652E-02   0.250000E-03
 482  -0.222725E-03  -0.143748E-03   0.162454E-01   0.510567E-02   0.400000E-03
 483  -0.919917E-03  -0.104482E-02   0.169423E-01   0.517196E-02   0.300000E-03
 484  -0.863484E-03  -0.286458E-03   0.185377E-01   0.522281E-02   0.300000E-03
 485  -0.102660E-02  -0.103935E-02   0.195359E-01   0.509351E-02   0.350000E-03
 486  -0.207880E-03   0.483006E-03   0.201779E-01   0.496489E-02   0.300000E-03
 487  -0.466243E-03  -0.458961E-03   0.212544E-01   0.497787E-02   0.350000E-03
 488  -0.122132E-04  -0.381737E-03   0.217708E-01   0.516382E-02   0.200000E-03
 489  -0.767286E-05  -0.145605E-03   0.245504E-01   0.399961E-02   0.250000E-03
 490  -0.858620E-04   0.303301E-03   0.272129E-01   0.340433E-02   0.250000E-03
 491   0.607957E-03   0.485009E-03   0.282316E-01   0.345793E-02   0.300000E-03
 492   0.587967E-03   0.125300E-03   0.292082E-01   0.379583E-02   0.400000E-03
 493   0.719395E-03   0.867424E-03   0.299515E-01   0.358321E-02   0.300000E-03
 494  -0.338013E-03  -0.565678E-05   0.312203E-01   0.371601E-02   0.200000E-03
 495   0.527427E-03   0.723684E-03   0.328864E-01   0.400157E-02   0.200000E-03
 496  -0.457332E-03   0.131137E-03   0.359384E-01   0.418921E-02   0.350000E-03
 497  -0.472723E-03   0.639357E-04   0.361125E-01   0.372236E-02   0.150000E-03
 498   0.169602E-02  -0.115233E-02   0.373741E-01   0.381719E-02   0.250000E-03
 499   0.133405E-02  -0.401430E-03   0.375434E-01   0.334756E-02   0.250000E-03
 500  -0.644514E-03  -0.677416E-03   0.394097E-01   0.310562E-02   0.150000E-03
 501   0.318343E-03  -0.215772E-03   0.401709E-01   0.246154E-02   0.250000E-03
 502  -0.292893E-03  -0.525783E-03   0.413256E-01   0.211709E-02   0.300000E-03
 503  -0.134692E-02  -0.694427E-03   0.429688E-01   0.263703E-02   0.350000E-03
 504  -0.837845E-03  -0.164838E-03   0.433060E-01   0.208193E-02   0.300000E-03
 505   0.277876E-03   0.338241E-03   0.165107E-02   0.389277E-02   0.350000E-03
 506   0.337767E-03   0.558386E-04   0.186853E-02   0.333495E-02   0.250000E-03
 507   0.156095E-03   0.803437E-04   0.333051E-02   0.353644E-02   0.250000E-03
 508  -0.283664E-04   0.127604E-04   0.437383E-02   0.368854E-02   0.300000E-03
 509   0.645308E-03   0.478476E-06   0.607123E-02   0.429606E-02   0.250000E-03
 510   0.165145E-03  -0.121742E-03   0.747791E-02   0.457556E-02   0.300000E-03
 511   0.921492E-04   0.900177E-03   0.874157E-02   0.423657E-02   0.300000E-03
 512   0.274116E-03   0.919171E-03   0.103238E-01   0.377689E-02   0.350000E-03
 513   0.560705E-03   0.101823E-02   0.114509E-01   0.352862E-02   0.300000E-03
 514   0.218250E-03  -0.528025E-03   0.128595E-01   0.443569E-02   0.400000E-03
 515   0.294250E-03   0.634253E-04   0.135968E-01   0.415037E-02   0.350000E-03
 516   0.191038E-03   0.179114E-04   0.142682E-01   0.463652E-02   0.350000E-03
 517  -0.595971E-04  -0.293913E-03   0.151086E-01   0.458866E-02   0.150000E-03
 518   0.100701E-03  -0.117018E-03   0.154662E-01   0.528315E-02   0.400000E-03
 519  -0.451522E-03  -0.378721E-03   0.176567E-01   0.505636E-02   0.350000E-03
 520  -0.158911E-03   0.107862E-03   0.190523E-01   0.552782E-02   0.300000E-03
 521  -0.666831E-04  -0.705892E-05   0.200371E-01   0.564961E-02   0.400000E-03
 522   0.219038E-03   0.779411E-03   0.206118E-01   0.530076E-02   0.250000E-03
 523  -0.311151E-04  -0.360011E-04   0.217526E-01   0.561158E-02   0.250000E-03
 524   0.108526E-04  -0.156784E-03   0.230422E-01   0.414917E-02   0.300000E-03
 525  -0.400727E-03   0.155158E-03   0.251009E-01   0.440623E-02   0.400000E-03
 526  -0.283210E-03   0.229029E-03   0.255620E-01   0.395333E-02   0.250000E-03
 527  -0.397474E-03  -0.140106E-02   0.276918E-01   0.373126E-02   0.300000E-03
 528   0.182684E-03  -0.139635E-03   0.290940E-01   0.453655E-02   0.350000E-03
 529  -0.387565E-03  -0.935615E-04   0.304271E-01   0.439756E-02   0.300000E-03
 530   0.774854E-04  -0.790938E-03   0.321459E-01   0.406413E-02   0.150000E-03
 531   0.194572E-03  -0.102629E-03   0.330440E-01   0.356659E-02   0.200000E-03
 532  -0.273250E-03   0.214770E-03   0.351947E-01   0.427067E-02   0.400000E-03
 533  -0.386869E-03  -0.554559E-03   0.368491E-01   0.398012E-02   0.300000E-03
 534  -0.105426E-02   0.384323E-03   0.382359E-01   0.445003E-02   0.300000E-03
 535   0.146959E-02  -0.567880E-03   0.379199E-01   0.374848E-02   0.300000E-03
 536   0.259654E-03  -0.291426E-03   0.387112E-01   0.314828E-02   0.150000E-03
 537  -0.726826E-04  -0.528742E-03   0.404506E-01   0.274622E-02   0.150000E-03
 538  -0.496264E-03  -0.568705E-03   0.417691E-01   0.251512E-02   0.300000E-03
 539  -0.930949E-03  -0.521562E-03   0.423591E-01   0.241560E-02   0.300000E-03
 540  -0.993622E-03  -0.600230E-03   0.439691E-01   0.284636E-02   0.250000E-03
 541   0.179828E-03  -0.582792E-03   0.471737E-02   0.859222E-02   0.300000E-03
 542   0.240638E-03   0.229028E-03   0.258122E-02   0.356398E-02   0.500000E-03
 543   0.175361E-03   0.945525E-04   0.376303E-02   0.387515E-02   0.300000E-03
 544  -0.550843E-06  -0.619494E-04   0.419996E-02   0.420893E-02   0.250000E-03
 545   0.279495E-03   0.379542E-04   0.531200E-02   0.417341E-02   0.250000E-03
 546   0.256995E-03   0.264888E-03   0.857083E-02   0.496590E-02   0.450000E-03
 547  -0.364226E-03   0.556784E-03   0.922749E-02   0.458697E-02   0.300000E-03
 548   0.831541E-03   0.642286E-03   0.975579E-02   0.452207E-02   0.200000E-03
 549   0.155221E-03  -0.578519E-03   0.110729E-01   0.435126E-02   0.400000E-03
 550  -0.175619E-04  -0.506594E-03   0.116427E-01   0.404003E-02   0.250000E-03
 551   0.488494E-03  -0.271198E-03   0.135325E-01   0.494710E-02   0.450000E-03
 552   0.811973E-04  -0.346930E-03   0.142311E-01   0.533260E-02   0.350000E-03
 553  -0.670473E-03   0.288175E-03   0.148218E-01   0.486736E-02   0.250000E-03
 554   0.768455E-04  -0.288743E-03   0.150966E-01   0.581221E-02   0.250000E-03
 555  -0.177416E-03  -0.332140E-03   0.160101E-01   0.586869E-02   0.400000E-03
 556  -0.537667E-03  -0.459104E-03   0.180505E-01   0.557000E-02   0.300000E-03
 557  -0.643138E-03  -0.172737E-03   0.187942E-01   0.485352E-02   0.150000E-03
 558  -0.410167E-03   0.235456E-03   0.211143E-01   0.571109E-02   0.400000E-03
 559  -0.418824E-03   0.967482E-04   0.225401E-01   0.468159E-02   0.250000E-03
 560  -0.204869E-03   0.376185E-03   0.236239E-01   0.445912E-02   0.250000E-03
 561  -0.142558E-04   0.244478E-03   0.258465E-01   0.447979E-02   0.350000E-03
 562   0.104470E-03   0.366444E-03   0.261487E-01   0.385020E-02   0.350000E-03
 563   0.600366E-03   0.301527E-03   0.284772E-01   0.411118E-02   0.400000E-03
 564   0.567253E-03   0.706178E-03   0.284989E-01   0.481014E-02   0.300000E-03
 565   0.327390E-04  -0.198663E-03   0.298010E-01   0.424800E-02   0.350000E-03
 566  -0.381951E-04   0.583094E-03   0.312630E-01   0.436834E-02   0.450000E-03
 567  -0.638222E-03  -0.996061E-03   0.332543E-01   0.328675E-02   0.150000E-03
 568  -0.274417E-03   0.493138E-03   0.338537E-01   0.382208E-02   0.100000E-03
 569  -0.366764E-03  -0.402123E-03   0.369805E-01   0.451083E-02   0.250000E-03
 570  -0.677510E-03   0.192761E-03   0.378113E-01   0.487228E-02   0.300000E-03
 571   0.252381E-04   0.933825E-04   0.384777E-01   0.352754E-02   0.300000E-03
 572   0.256012E-03  -0.294778E-03   0.390773E-01   0.340825E-02   0.300000E-03
 573  -0.388162E-03   0.474268E-03   0.397537E-01   0.281625E-02   0.300000E-03
 574  -0.471541E-03  -0.424851E-03   0.414280E-01   0.323473E-02   0.500000E-03
 575  -0.762608E-03  -0.851197E-03   0.421409E-01   0.291844E-02   0.250000E-03
 576  -0.846598E-03   0.102485E-04   0.444202E-01   0.385842E-02   0.300000E-03
 577  -0.438455E-04  -0.129308E-03   0.304224E-03   0.470467E-02   0.300000E-03
 578   0.537189E-04   0.370092E-03   0.261503E-02   0.440740E-02   0.350000E-03
 579   0.435274E-03  -0.115130E-04   0.476540E-02   0.441051E-02   0.350000E-03
 580   0.408559E-03   0.234401E-03   0.542563E-02   0.465921E-02   0.250000E-03
 581   0.422777E-03  -0.252895E-03   0.707986E-02   0.417422E-02   0.150000E-03
 582  -0.179906E-03   0.158961E-03   0.792864E-02   0.486619E-02   0.200000E-03
 583   0.343778E-03  -0.558628E-03   0.994469E-02   0.492798E-02   0.250000E-03
 584   0.246739E-03  -0.568808E-03   0.103350E-01   0.447455E-02   0.350000E-03
 585   0.726504E-03   0.313065E-03   0.106949E-01   0.518698E-02   0.450000E-03
 586   0.190174E-03   0.101801E-03   0.118590E-01   0.454338E-02   0.300000E-03
 587  -0.409613E-03  -0.175133E-03   0.123283E-01   0.471348E-02   0.200000E-03
 588   0.449558E-03  -0.141591E-03   0.136685E-01   0.558227E-02   0.200000E-03
 589  -0.483950E-06  -0.368249E-03   0.148267E-01   0.539156E-02   0.250000E-03
 590  -0.858840E-04  -0.382857E-03   0.154521E-01   0.608698E-02   0.200000E-03
 591  -0.714415E-03   0.447323E-04   0.173575E-01   0.556899E-02   0.250000E-03
 592  -0.691005E-03  -0.501676E-03   0.181090E-01   0.616440E-02   0.300000E-03
 593  -0.922256E-03  -0.763816E-03   0.194247E-01   0.599660E-02   0.300000E-03
 594  -0.284646E-03  -0.748568E-04   0.205481E-01   0.619776E-02   0.350000E-03
 595  -0.528923E-03  -0.251179E-03   0.221599E-01   0.507526E-02   0.200000E-03
 596   0.777849E-04   0.313172E-03   0.231299E-01   0.479159E-02   0.350000E-03
 597   0.934180E-04   0.931974E-04   0.243302E-01   0.460964E-02   0.400000E-03
 598   0.154426E-03   0.394203E-03   0.265454E-01   0.442272E-02   0.350000E-03
 599   0.715278E-06   0.549552E-03   0.270943E-01   0.398968E-02   0.350000E-03
 600   0.548245E-04   0.507648E-03   0.298412E-01   0.489440E-02   0.300000E-03
 601  -0.277680E-03   0.296152E-03   0.304730E-01   0.503670E-02   0.350000E-03
 602   0.461863E-03  -0.500265E-04   0.309468E-01   0.487786E-02   0.150000E-03
 603   0.453581E-03   0.537485E-04   0.330276E-01   0.453120E-02   0.350000E-03
 604  -0.103888E-03   0.566259E-03   0.334315E-01   0.396086E-02   0.350000E-03
 605  -0.762703E-03  -0.201783E-03   0.363943E-01   0.478223E-02   0.400000E-03
 606  -0.974593E-03   0.327573E-05   0.385043E-01   0.515033E-02   0.450000E-03
 607  -0.198570E-03  -0.560634E-03   0.386147E-01   0.405486E-02   0.250000E-03
 608   0.939671E-04   0.189404E-03   0.396744E-01   0.346916E-02   0.300000E-03
 609  -0.430979E-03   0.192125E-03   0.402701E-01   0.320823E-02   0.350000E-03
 610  -0.300974E-03  -0.534656E-03   0.408904E-01   0.279891E-02   0.150000E-03
 611  -0.115451E-02  -0.592455E-03   0.428138E-01   0.362775E-02   0.450000E-03
 612  -0.137940E-02  -0.324700E-03   0.434483E-01   0.314667E-02   0.350000E-03
 613  -0.141036E-03  -0.269806E-03   0.104025E-01   0.865216E-02   0.350000E-03
 614   0.159506E-03   0.275085E-03   0.313639E-02   0.457230E-02   0.200000E-03
 615   0.834003E-04   0.163945E-03   0.368100E-02   0.451662E-02   0.350000E-03
 616   0.638103E-03   0.659718E-04   0.567631E-02   0.435167E-02   0.150000E-03
 617   0.313346E-03  -0.164375E-03   0.662718E-02   0.451265E-02   0.350000E-03
 618   0.418082E-03  -0.279629E-04   0.811984E-02   0.556171E-02   0.300000E-03
 619  -0.417758E-03   0.408163E-04   0.928791E-02   0.518282E-02   0.300000E-03
 620   0.103747E-03   0.280306E-03   0.986481E-02   0.557066E-02   0.400000E-03
 621   0.568058E-03  -0.280859E-03   0.113851E-01   0.537501E-02   0.250000E-03
 622   0.448136E-03  -0.120501E-03   0.114333E-01   0.488488E-02   0.250000E-03
 623   0.712669E-04  -0.515099E-04   0.126535E-01   0.515659E-02   0.350000E-03
 624   0.571600E-04  -0.437913E-03   0.139871E-01   0.582368E-02   0.200000E-03
 625   0.165833E-03  -0.266262E-03   0.145177E-01   0.596570E-02   0.350000E-03
 626   0.544282E-03   0.687213E-03   0.166199E-01   0.550464E-02   0.150000E-03
 627  -0.666199E-03   0.518149E-04   0.169236E-01   0.567265E-02   0.200000E-03
 628  -0.743569E-03  -0.365721E-03   0.175139E-01   0.609131E-02   0.300000E-03
 629  -0.403074E-03  -0.401689E-03   0.187139E-01   0.660022E-02   0.450000E-03
 630  -0.465123E-04   0.126481E-02   0.217662E-01   0.616117E-02   0.300000E-03
 631   0.115607E-03   0.508076E-04   0.226573E-01   0.530563E-02   0.350000E-03
 632  -0.243249E-03   0.310061E-03   0.237460E-01   0.499383E-02   0.300000E-03
 633   0.180978E-03   0.558999E-04   0.245754E-01   0.520942E-02   0.250000E-03
 634  -0.860039E-05   0.333158E-03   0.270800E-01   0.453638E-02   0.200000E-03
 635  -0.133983E-03   0.419243E-03   0.277216E-01   0.448105E-02   0.450000E-03
 636   0.313870E-03   0.388465E-03   0.293011E-01   0.515109E-02   0.300000E-03
 637  -0.279490E-03   0.368363E-04   0.302747E-01   0.565114E-02   0.300000E-03
 638  -0.295390E-03   0.344693E-03   0.321444E-01   0.474619E-02   0.350000E-03
 639  -0.489849E-03  -0.105950E-03   0.342831E-01   0.479435E-02   0.250000E-03
 640  -0.576852E-03   0.200826E-03   0.344969E-01   0.429152E-02   0.300000E-03
 641  -0.257430E-03   0.321602E-03   0.368714E-01   0.529167E-02   0.300000E-03
 642  -0.901737E-04   0.119737E-03   0.372666E-01   0.491291E-02   0.250000E-03
 643   0.117482E-03   0.379587E-03   0.387983E-01   0.451598E-02   0.250000E-03
 644   0.385902E-03   0.126156E-03   0.392788E-01   0.407832E-02   0.400000E-03
 645  -0.322852E-03  -0.257500E-03   0.417291E-01   0.386608E-02   0.200000E-03
 646  -0.283665E-03  -0.396386E-03   0.407898E-01   0.335790E-02   0.150000E-03
 647  -0.119163E-02  -0.852145E-03   0.425782E-01   0.302270E-02   0.200000E-03
 648  -0.645065E-03  -0.970950E-04   0.448027E-01   0.354008E-02   0.200000E-03
 649   0.536596E-03   0.266446E-03   0.720669E-03   0.498106E-02   0.200000E-03
 650   0.113025E-03   0.526578E-04   0.266089E-02   0.509978E-02   0.350000E-03
 651  -0.430200E-04   0.110676E-03   0.319719E-02   0.407422E-02   0.300000E-03
 652  -0.957794E-05   0.146870E-03   0.457972E-02   0.500469E-02   0.200000E-03
 653   0.232842E-03   0.204476E-03   0.655586E-02   0.500526E-02   0.150000E-03
 654   0.475402E-05  -0.139941E-03   0.748495E-02   0.526949E-02   0.400000E-03
 655   0.120282E-03   0.391419E-03   0.874784E-02   0.574533E-02   0.350000E-03
 656   0.165905E-03   0.301203E-03   0.932015E-02   0.592397E-02   0.250000E-03
 657  -0.347292E-03  -0.116453E-03   0.104384E-01   0.596589E-02   0.300000E-03
 658   0.611883E-04  -0.516033E-04   0.119543E-01   0.518534E-02   0.350000E-03
 659   0.250352E-03   0.778976E-04   0.131311E-01   0.551895E-02   0.250000E-03
 660   0.643243E-04  -0.275753E-03   0.136006E-01   0.628138E-02   0.400000E-03
 661   0.631584E-04  -0.410374E-03   0.150323E-01   0.635690E-02   0.300000E-03
 662  -0.307652E-03  -0.504158E-03   0.163444E-01   0.648077E-02   0.300000E-03
 663  -0.209565E-03  -0.636226E-03   0.166461E-01   0.602338E-02   0.250000E-03
 664  -0.897535E-03  -0.280680E-03   0.177538E-01   0.658288E-02   0.250000E-03
 665  -0.406256E-04  -0.916015E-04   0.199162E-01   0.633806E-02   0.300000E-03
 666  -0.729982E-03  -0.406638E-03   0.211725E-01   0.640753E-02   0.300000E-03
 667   0.254577E-03   0.113935E-03   0.222611E-01   0.581571E-02   0.300000E-03
 668   0.100894E-03  -0.112913E-03   0.233181E-01   0.541333E-02   0.300000E-03
 669  -0.324257E-03  -0.106022E-03   0.247926E-01   0.479924E-02   0.100000E-03
 670   0.105834E-03   0.434004E-03   0.262817E-01   0.490160E-02   0.200000E-03
 671  -0.374947E-03   0.335908E-03   0.284256E-01   0.530484E-02   0.200000E-03
 672  -0.245183E-03   0.257418E-03   0.280265E-01   0.510916E-02   0.250000E-03
 673  -0.239906E-03   0.383602E-03   0.309775E-01   0.550951E-02   0.350000E-03
 674  -0.143911E-03   0.242914E-03   0.315508E-01   0.511382E-02   0.350000E-03
 675  -0.692310E-05  -0.173542E-03   0.324936E-01   0.426350E-02   0.250000E-03
 676   0.101847E-03  -0.138071E-03   0.347816E-01   0.477145E-02   0.250000E-03
 677  -0.325114E-03  -0.270718E-03   0.369627E-01   0.598380E-02   0.400000E-03
 678  -0.235449E-04   0.223392E-03   0.374110E-01   0.539063E-02   0.250000E-03
 679  -0.558877E-03  -0.195103E-03   0.390944E-01   0.541895E-02   0.200000E-03
 680  -0.564322E-03  -0.151258E-03   0.392610E-01   0.489588E-02   0.350000E-03
 681  -0.456970E-03  -0.268808E-03   0.410992E-01   0.390443E-02   0.250000E-03
 682  -0.739129E-03  -0.490897E-03   0.421512E-01   0.341660E-02   0.250000E-03
 683  -0.783059E-03  -0.145037E-03   0.440300E-01   0.455365E-02   0.500000E-03
 684  -0.103558E-02  -0.293273E-03   0.440486E-01   0.338975E-02   0.300000E-03
 685   0.443806E-03   0.306850E-03   0.348553E-03   0.742642E-02   0.350000E-03
 686   0.140144E-03   0.100195E-04   0.332533E-02   0.568745E-02   0.350000E-03
 687   0.150940E-03   0.854297E-04   0.330577E-02   0.504164E-02   0.300000E-03
 688   0.503473E-03   0.830450E-04   0.502453E-02   0.495146E-02   0.250000E-03
 689   0.168669E-03  -0.160414E-03   0.706057E-02   0.484671E-02   0.200000E-03
 690   0.542337E-04   0.141364E-03   0.760620E-02   0.600273E-02   0.350000E-03
 691   0.371618E-03   0.153202E-03   0.876115E-02   0.652783E-02   0.350000E-03
 692   0.100546E-03   0.249470E-03   0.987525E-02   0.626824E-02   0.300000E-03
 693  -0.335355E-03   0.114210E-04   0.103660E-01   0.650935E-02   0.250000E-03
 694   0.482735E-03  -0.250770E-03   0.110823E-01   0.588599E-02   0.350000E-03
 695  -0.117150E-03   0.805538E-03   0.128801E-01   0.606332E-02   0.350000E-03
 696   0.338997E-03  -0.183944E-03   0.146085E-01   0.727874E-02   0.250000E-03
 697   0.865805E-05   0.328304E-03   0.143111E-01   0.668346E-02   0.400000E-03
 698  -0.177987E-03  -0.513682E-03   0.156669E-01   0.664572E-02   0.400000E-03
 699  -0.654065E-03  -0.617915E-03   0.170626E-01   0.668758E-02   0.450000E-03
 700  -0.785008E-03  -0.105504E-03   0.180900E-01   0.701591E-02   0.300000E-03
 701   0.513770E-04  -0.227081E-03   0.194536E-01   0.671595E-02   0.300000E-03
 702  -0.191058E-03  -0.424119E-03   0.203221E-01   0.690782E-02   0.400000E-03
 703   0.277409E-05   0.322092E-04   0.229370E-01   0.599970E-02   0.400000E-03
 704  -0.261961E-03   0.326368E-03   0.240695E-01   0.561283E-02   0.400000E-03
 705  -0.331513E-03   0.237213E-03   0.250491E-01   0.505320E-02   0.250000E-03
 706   0.682269E-04   0.479044E-03   0.258686E-01   0.507724E-02   0.250000E-03
 707   0.525678E-04   0.831635E-04   0.268848E-01   0.510031E-02   0.400000E-03
 708   0.113903E-03   0.244935E-03   0.297685E-01   0.543856E-02   0.250000E-03
 709  -0.395650E-03  -0.112472E-03   0.320711E-01   0.529066E-02   0.200000E-03
 710   0.118152E-03   0.533176E-03   0.326787E-01   0.501739E-02   0.250000E-03
 711  -0.165563E-03  -0.944139E-04   0.337213E-01   0.459493E-02   0.350000E-03
 712  -0.867787E-04  -0.407480E-03   0.351066E-01   0.521483E-02   0.300000E-03
 713  -0.915831E-03  -0.486990E-03   0.381517E-01   0.636054E-02   0.350000E-03
 714  -0.854858E-03  -0.254392E-03   0.379237E-01   0.569918E-02   0.350000E-03
 715  -0.113258E-02  -0.353353E-03   0.388321E-01   0.564785E-02   0.150000E-03
 716  -0.214215E-03  -0.462257E-03   0.397370E-01   0.453906E-02   0.250000E-03
 717  -0.650343E-03  -0.706945E-03   0.400774E-01   0.366945E-02   0.150000E-03
 718  -0.723875E-03  -0.509772E-03   0.421764E-01   0.391490E-02   0.250000E-03
 719   0.307701E-03  -0.443192E-03   0.448014E-01   0.547284E-02   0.200000E-03
 720   0.131255E-02  -0.852814E-03   0.434028E-01   0.731368E-02   0.350000E-03
 721   0.167925E-04   0.348644E-03   0.215279E-02   0.411561E-02   0.200000E-03
 722  -0.376750E-03   0.206065E-03   0.201910E-02   0.519216E-02   0.300000E-03
 723   0.270505E-04   0.259238E-03   0.424788E-02   0.470591E-02   0.250000E-03
 724   0.606686E-03   0.261589E-03   0.600991E-02   0.494252E-02   0.400000E-03
 725   0.915603E-04  -0.274259E-04   0.692523E-02   0.516852E-02   0.150000E-03
 726   0.253212E-03  -0.142130E-03   0.653321E-02   0.555264E-02   0.400000E-03
 727   0.483180E-03   0.225888E-03   0.823822E-02   0.614844E-02   0.300000E-03
 728   0.148122E-03   0.206603E-03   0.935000E-02   0.642245E-02   0.250000E-03
 729   0.378951E-03  -0.424558E-05   0.970687E-02   0.684387E-02   0.300000E-03
 730   0.932158E-04   0.538474E-04   0.123238E-01   0.565757E-02   0.250000E-03
 731   0.229902E-03  -0.464869E-03   0.121910E-01   0.625707E-02   0.350000E-03
 732   0.157149E-03  -0.332832E-03   0.130810E-01   0.666726E-02   0.250000E-03
 733  -0.614741E-04   0.303064E-03   0.149257E-01   0.689447E-02   0.250000E-03
 734  -0.526561E-03  -0.997661E-04   0.161821E-01   0.695328E-02   0.200000E-03
 735  -0.444067E-03  -0.287362E-03   0.175266E-01   0.733782E-02   0.350000E-03
 736  -0.473547E-03  -0.443235E-03   0.190297E-01   0.738861E-02   0.400000E-03
 737  -0.988189E-04  -0.525541E-03   0.197153E-01   0.725498E-02   0.300000E-03
 738  -0.527148E-03   0.175385E-03   0.213974E-01   0.706934E-02   0.400000E-03
 739   0.264944E-03  -0.125833E-03   0.223452E-01   0.645881E-02   0.350000E-03
 740  -0.561169E-04   0.258659E-04   0.236492E-01   0.623201E-02   0.350000E-03
 741   0.177470E-03  -0.103934E-04   0.247432E-01   0.567766E-02   0.250000E-03
 742  -0.293547E-04   0.692300E-04   0.262889E-01   0.535035E-02   0.250000E-03
 743  -0.805384E-04   0.221905E-03   0.275307E-01   0.515311E-02   0.250000E-03
 744  -0.717383E-03   0.491907E-03   0.288082E-01   0.520301E-02   0.200000E-03
 745  -0.212913E-03   0.216157E-03   0.315591E-01   0.571325E-02   0.250000E-03
 746  -0.304840E-04  -0.162264E-03   0.327984E-01   0.560309E-02   0.350000E-03
 747   0.304590E-03  -0.444894E-03   0.332532E-01   0.513972E-02   0.300000E-03
 748  -0.291746E-03  -0.205309E-03   0.356500E-01   0.486100E-02   0.350000E-03
 749  -0.842025E-03   0.387342E-03   0.363051E-01   0.547563E-02   0.300000E-03
 750   0.116167E-02   0.243668E-03   0.384990E-01   0.586850E-02   0.250000E-03
 751  -0.819095E-03  -0.401260E-03   0.391586E-01   0.595059E-02   0.300000E-03
 752  -0.620699E-03  -0.401187E-04   0.401922E-01   0.424025E-02   0.300000E-03
 753  -0.429854E-03  -0.289944E-03   0.407477E-01   0.306124E-02   0.150000E-03
 754  -0.972310E-03  -0.215916E-03   0.418933E-01   0.419581E-02   0.150000E-03
 755  -0.132330E-02   0.207087E-03   0.425393E-01   0.415963E-02   0.150000E-03
 756  -0.832771E-03  -0.624597E-03   0.431112E-01   0.673302E-02   0.300000E-03
 757  -0.240044E-03   0.661877E-03   0.184086E-02   0.456760E-02   0.350000E-03
 758   0.978423E-04  -0.816765E-05   0.401994E-02   0.576628E-02   0.350000E-03
 759   0.129836E-03   0.991795E-04   0.389819E-02   0.512889E-02   0.300000E-03
 760   0.314336E-03   0.268471E-03   0.473500E-02   0.565506E-02   0.300000E-03
 761   0.565832E-03   0.190544E-03   0.540986E-02   0.547060E-02   0.400000E-03
 762   0.250246E-03  -0.121422E-03   0.593502E-02   0.600279E-02   0.350000E-03
 763   0.370745E-03   0.625733E-04   0.690299E-02   0.626041E-02   0.400000E-03
 764   0.401182E-03  -0.230505E-04   0.816787E-02   0.679211E-02   0.300000E-03
 765   0.575931E-03  -0.133900E-03   0.115134E-01   0.643287E-02   0.350000E-03
 766   0.212961E-03  -0.461231E-03   0.117340E-01   0.579614E-02   0.300000E-03
 767   0.406192E-03  -0.318925E-03   0.126464E-01   0.656042E-02   0.200000E-03
 768   0.877015E-04  -0.303951E-03   0.137022E-01   0.692252E-02   0.250000E-03
 769  -0.339954E-03  -0.232366E-03   0.152241E-01   0.741371E-02   0.350000E-03
 770  -0.940009E-04  -0.293774E-03   0.158076E-01   0.727851E-02   0.250000E-03
 771  -0.382313E-03  -0.607113E-03   0.165324E-01   0.683331E-02   0.100000E-03
 772  -0.106234E-02  -0.365473E-03   0.183875E-01   0.747500E-02   0.250000E-03
 773   0.398386E-03   0.327681E-03   0.200719E-01   0.785659E-02   0.400000E-03
 774  -0.313418E-04  -0.174260E-03   0.207816E-01   0.749566E-02   0.350000E-03
 775   0.159850E-04   0.276320E-04   0.231795E-01   0.660173E-02   0.250000E-03
 776   0.201892E-03  -0.364560E-04   0.247722E-01   0.612376E-02   0.200000E-03
 777  -0.386158E-03   0.249581E-03   0.254645E-01   0.488137E-02   0.200000E-03
 778  -0.116470E-04   0.742924E-04   0.258782E-01   0.552457E-02   0.200000E-03
 779  -0.194198E-04   0.454170E-03   0.275752E-01   0.569944E-02   0.300000E-03
 780   0.254480E-03   0.167416E-03   0.292927E-01   0.580033E-02   0.350000E-03
 781  -0.217562E-03   0.204494E-03   0.306653E-01   0.596052E-02   0.200000E-03
 782  -0.406141E-03   0.256638E-03   0.321037E-01   0.578903E-02   0.300000E-03
 783  -0.245832E-03  -0.569541E-03   0.338889E-01   0.527314E-02   0.350000E-03
 784  -0.553028E-03  -0.512048E-03   0.344346E-01   0.521455E-02   0.200000E-03
 785  -0.363874E-03   0.236892E-03   0.356639E-01   0.555928E-02   0.350000E-03
 786   0.822807E-04  -0.189005E-03   0.375782E-01   0.619026E-02   0.250000E-03
 787  -0.558181E-03  -0.382427E-03   0.397216E-01   0.615203E-02   0.300000E-03
 788  -0.914994E-03  -0.248465E-03   0.396354E-01   0.550516E-02   0.350000E-03
 789  -0.532615E-03  -0.242700E-03   0.405684E-01   0.377647E-02   0.300000E-03
 790  -0.606351E-03  -0.265593E-03   0.414599E-01   0.430787E-02   0.300000E-03
 791  -0.677167E-03  -0.865291E-03   0.431267E-01   0.436362E-02   0.350000E-03
 792  -0.137368E-02  -0.683144E-03   0.438884E-01   0.518785E-02   0.150000E-03
 793   0.924712E-04   0.133847E-04   0.284204E-02   0.556372E-02   0.150000E-03
 794  -0.490293E-04   0.493077E-03   0.242067E-02   0.553341E-02   0.150000E-03
 795   0.847341E-04   0.703357E-04   0.435418E-02   0.533200E-02   0.200000E-03
 796   0.190744E-03  -0.911388E-04   0.265219E-02   0.655844E-02   0.300000E-03
 797   0.343222E-03   0.289297E-03   0.451123E-02   0.633116E-02   0.400000E-03
 798   0.557150E-03   0.208738E-03   0.518127E-02   0.613053E-02   0.300000E-03
 799   0.806787E-04  -0.878048E-04   0.752555E-02   0.669361E-02   0.350000E-03
 800   0.371880E-03   0.394961E-04   0.883054E-02   0.712258E-02   0.250000E-03
 801   0.285900E-03   0.321252E-03   0.107781E-01   0.679044E-02   0.250000E-03
 802   0.393190E-03   0.338617E-03   0.112450E-01   0.696915E-02   0.250000E-03
 803   0.173338E-03  -0.396772E-03   0.119717E-01   0.681499E-02   0.250000E-03
 804   0.169238E-03  -0.344563E-03   0.132259E-01   0.719717E-02   0.300000E-03
 805   0.191204E-03  -0.168790E-03   0.140633E-01   0.733673E-02   0.300000E-03
 806  -0.515977E-03  -0.107414E-03   0.157067E-01   0.771671E-02   0.200000E-03
 807  -0.266373E-03  -0.135848E-03   0.179480E-01   0.776378E-02   0.250000E-03
 808  -0.462574E-03  -0.106393E-03   0.190499E-01   0.823675E-02   0.450000E-03
 809  -0.179057E-03   0.165116E-04   0.213634E-01   0.778119E-02   0.300000E-03
 810   0.133532E-03   0.164021E-03   0.220962E-01   0.705748E-02   0.300000E-03
 811  -0.389690E-04   0.241961E-03   0.236712E-01   0.687979E-02   0.300000E-03
 812  -0.275128E-03   0.970782E-04   0.242970E-01   0.627433E-02   0.300000E-03
 813  -0.362615E-03   0.124542E-03   0.253334E-01   0.558088E-02   0.350000E-03
 814  -0.282119E-03  -0.479520E-03   0.270763E-01   0.566885E-02   0.200000E-03
 815  -0.405603E-03   0.234102E-03   0.285495E-01   0.588945E-02   0.400000E-03
 816  -0.583490E-03   0.445320E-04   0.312122E-01   0.600002E-02   0.200000E-03
 817  -0.251778E-03  -0.829940E-04   0.302176E-01   0.624668E-02   0.300000E-03
 818  -0.265838E-03   0.366001E-03   0.325425E-01   0.619767E-02   0.300000E-03
 819  -0.534884E-03  -0.287768E-03   0.334344E-01   0.573608E-02   0.300000E-03
 820  -0.347486E-03  -0.170035E-03   0.346891E-01   0.564149E-02   0.300000E-03
 821  -0.523384E-03  -0.114366E-02   0.361828E-01   0.606128E-02   0.300000E-03
 822  -0.863713E-03  -0.279998E-03   0.378124E-01   0.691474E-02   0.300000E-03
 823  -0.608452E-03  -0.524097E-03   0.387483E-01   0.631426E-02   0.250000E-03
 824  -0.172669E-03  -0.419639E-03   0.408169E-01   0.557721E-02   0.350000E-03
 825  -0.405189E-03  -0.654953E-03   0.402586E-01   0.500510E-02   0.450000E-03
 826  -0.558331E-03  -0.429303E-03   0.408134E-01   0.443071E-02   0.350000E-03
 827  -0.707978E-03  -0.298285E-03   0.422300E-01   0.441151E-02   0.250000E-03
 828  -0.472369E-03  -0.655301E-03   0.402851E-01   0.694067E-02   0.350000E-03
 829  -0.400640E-05   0.199243E-03   0.262963E-02   0.595923E-02   0.300000E-03
 830  -0.282178E-04   0.101357E-03   0.298649E-03   0.530323E-02   0.300000E-03
 831   0.574460E-04  -0.773421E-04   0.313338E-03   0.580262E-02   0.200000E-03
 832   0.724124E-04   0.125885E-04   0.310055E-02   0.624285E-02   0.250000E-03
 833   0.100965E-03   0.489922E-04   0.329306E-02   0.675672E-02   0.300000E-03
 834   0.504643E-03   0.369297E-03   0.508956E-02   0.672311E-02   0.300000E-03
 835   0.268640E-03   0.113730E-03   0.577071E-02   0.688857E-02   0.300000E-03
 836   0.774615E-04  -0.178479E-03   0.760368E-02   0.738697E-02   0.350000E-03
 837   0.300345E-03  -0.163242E-03   0.107822E-01   0.634263E-02   0.200000E-03
 838   0.848740E-04  -0.216688E-03   0.117261E-01   0.736172E-02   0.350000E-03
 839   0.399799E-03  -0.318669E-03   0.125286E-01   0.714774E-02   0.400000E-03
 840   0.128906E-03  -0.682064E-03   0.141265E-01   0.793282E-02   0.300000E-03
 841   0.251930E-03  -0.693925E-03   0.147150E-01   0.781725E-02   0.300000E-03
 842  -0.947378E-04  -0.508892E-03   0.169711E-01   0.767195E-02   0.300000E-03
 843  -0.104805E-02  -0.324261E-03   0.184020E-01   0.797269E-02   0.250000E-03
 844   0.463139E-03   0.219550E-03   0.197581E-01   0.848181E-02   0.300000E-03
 845  -0.551586E-04   0.126489E-03   0.207417E-01   0.819273E-02   0.350000E-03
 846  -0.434589E-04   0.440898E-03   0.218631E-01   0.755456E-02   0.250000E-03
 847   0.381286E-04   0.188821E-03   0.231357E-01   0.714896E-02   0.300000E-03
 848  -0.294287E-03   0.216640E-03   0.243650E-01   0.696965E-02   0.400000E-03
 849   0.262774E-03   0.113338E-03   0.252974E-01   0.628321E-02   0.350000E-03
 850   0.930915E-04   0.262101E-03   0.266336E-01   0.563904E-02   0.200000E-03
 851   0.880034E-04   0.312103E-03   0.264805E-01   0.610986E-02   0.300000E-03
 852  -0.569662E-04  -0.756880E-04   0.298608E-01   0.582747E-02   0.150000E-03
 853  -0.231982E-03   0.268960E-03   0.316611E-01   0.631297E-02   0.350000E-03
 854  -0.306140E-03   0.288497E-03   0.327394E-01   0.681531E-02   0.350000E-03
 855   0.847421E-03   0.451347E-03   0.331392E-01   0.625805E-02   0.300000E-03
 856  -0.137126E-03  -0.285297E-03   0.340895E-01   0.599451E-02   0.400000E-03
 857  -0.141847E-03   0.465770E-04   0.351811E-01   0.606121E-02   0.350000E-03
 858  -0.108302E-03  -0.581651E-03   0.365418E-01   0.654096E-02   0.300000E-03
 859  -0.785642E-03  -0.206535E-03   0.392849E-01   0.648500E-02   0.250000E-03
 860  -0.775598E-03  -0.176025E-03   0.402104E-01   0.580459E-02   0.300000E-03
 861  -0.582500E-03  -0.414981E-03   0.415144E-01   0.558892E-02   0.350000E-03
 862  -0.577496E-03  -0.374129E-03   0.409918E-01   0.500333E-02   0.250000E-03
 863  -0.382743E-03  -0.441831E-03   0.432897E-01   0.514594E-02   0.450000E-03
 864   0.292651E-03  -0.138534E-03   0.445517E-01   0.607186E-02   0.450000E-03
 865  -0.884225E-04   0.222171E-03   0.137154E-02   0.515157E-02   0.350000E-03
 866  -0.265470E-03   0.594930E-04   0.170897E-02   0.558280E-02   0.200000E-03
 867   0.253676E-03  -0.945540E-04   0.203099E-02   0.637289E-02   0.350000E-03
 868   0.104620E-03   0.288679E-05   0.373073E-02   0.634746E-02   0.300000E-03
 869   0.159426E-03   0.435489E-03   0.338522E-02   0.729649E-02   0.250000E-03
 870   0.382456E-03   0.375354E-04   0.627111E-02   0.655801E-02   0.300000E-03
 871   0.353476E-03  -0.200778E-03   0.693356E-02   0.695925E-02   0.300000E-03
 872   0.214172E-03   0.264611E-04   0.920704E-02   0.684762E-02   0.200000E-03
 873  -0.369806E-03  -0.108034E-03   0.102798E-01   0.704930E-02   0.300000E-03
 874   0.365045E-03  -0.109381E-03   0.116773E-01   0.802018E-02   0.300000E-03
 875   0.276674E-03  -0.675015E-04   0.122256E-01   0.777694E-02   0.300000E-03
 876   0.262929E-03  -0.190269E-03   0.135760E-01   0.768189E-02   0.300000E-03
 877   0.240186E-03  -0.458287E-03   0.147023E-01   0.841668E-02   0.300000E-03
 878  -0.329389E-03  -0.556033E-03   0.163311E-01   0.756902E-02   0.350000E-03
 879  -0.518373E-03   0.423249E-03   0.174574E-01   0.793198E-02   0.250000E-03
 880  -0.102711E-02  -0.537657E-03   0.177133E-01   0.841782E-02   0.300000E-03
 881   0.295178E-03   0.384535E-03   0.218320E-01   0.815492E-02   0.300000E-03
 882   0.122216E-03   0.134314E-03   0.226016E-01   0.727020E-02   0.250000E-03
 883   0.299078E-03  -0.862125E-04   0.227895E-01   0.668571E-02   0.150000E-03
 884  -0.109123E-03   0.679314E-04   0.238421E-01   0.750584E-02   0.350000E-03
 885  -0.116933E-03   0.379886E-03   0.257265E-01   0.740424E-02   0.400000E-03
 886  -0.211183E-04   0.288732E-03   0.258888E-01   0.602120E-02   0.300000E-03
 887  -0.221497E-03   0.919929E-04   0.282657E-01   0.658071E-02   0.350000E-03
 888   0.691062E-04  -0.274576E-03   0.295373E-01   0.656000E-02   0.450000E-03
 889  -0.428648E-03  -0.243526E-03   0.308972E-01   0.656642E-02   0.450000E-03
 890  -0.219516E-03   0.291524E-03   0.321800E-01   0.660975E-02   0.250000E-03
 891   0.187291E-03  -0.775124E-03   0.336887E-01   0.662540E-02   0.350000E-03
 892   0.117938E-04  -0.103531E-03   0.346375E-01   0.657599E-02   0.400000E-03
 893  -0.570063E-03  -0.247564E-03   0.357121E-01   0.643255E-02   0.300000E-03
 894  -0.697820E-03  -0.287299E-03   0.385763E-01   0.678348E-02   0.250000E-03
 895  -0.733199E-03  -0.303279E-03   0.390833E-01   0.699624E-02   0.300000E-03
 896  -0.667394E-03  -0.937948E-03   0.419225E-01   0.696695E-02   0.300000E-03
 897  -0.569678E-03  -0.553409E-03   0.424732E-01   0.662116E-02   0.350000E-03
 898  -0.154719E-02  -0.628951E-03   0.426345E-01   0.460747E-02   0.200000E-03
 899  -0.664841E-03  -0.446364E-03   0.424942E-01   0.520498E-02   0.350000E-03
 900  -0.220172E-03  -0.335115E-03   0.438296E-01   0.573106E-02   0.350000E-03
 901  -0.606495E-04  -0.412943E-06   0.129079E-02   0.574347E-02   0.250000E-03
 902   0.246746E-03   0.337673E-03   0.310073E-02   0.770717E-02   0.250000E-03
 903   0.243871E-03   0.284508E-03   0.211012E-02   0.577981E-02   0.250000E-03
 904   0.313419E-03   0.457261E-03   0.279478E-02   0.719129E-02   0.350000E-03
 905   0.283997E-03   0.375255E-03   0.403349E-02   0.703331E-02   0.450000E-03
 906  -0.128062E-03   0.108223E-03   0.589267E-02   0.742707E-02   0.250000E-03
 907   0.201668E-03  -0.499359E-04   0.558406E-02   0.642517E-02   0.200000E-03
 908   0.352665E-03  -0.336277E-03   0.885642E-02   0.767110E-02   0.300000E-03
 909   0.179087E-03  -0.113869E-03   0.934731E-02   0.732614E-02   0.300000E-03
 910  -0.180503E-03  -0.262809E-03   0.100866E-01   0.808428E-02   0.300000E-03
 911   0.155069E-03  -0.252364E-03   0.112317E-01   0.769980E-02   0.250000E-03
 912  -0.525922E-03  -0.219390E-04   0.152067E-01   0.869560E-02   0.250000E-03
 913  -0.401350E-03  -0.441593E-03   0.153187E-01   0.810652E-02   0.350000E-03
 914  -0.398294E-03  -0.357495E-03   0.160870E-01   0.832999E-02   0.450000E-03
 915  -0.975730E-04   0.191079E-04   0.169789E-01   0.837152E-02   0.400000E-03
 916  -0.158956E-03   0.246663E-03   0.203248E-01   0.868889E-02   0.300000E-03
 917  -0.103453E-04   0.995831E-04   0.199148E-01   0.912515E-02   0.300000E-03
 918  -0.243903E-04   0.564169E-03   0.223950E-01   0.783175E-02   0.350000E-03
 919   0.155863E-04   0.561796E-03   0.230934E-01   0.779731E-02   0.350000E-03
 920  -0.880532E-04   0.157838E-02   0.247274E-01   0.647017E-02   0.150000E-03
 921   0.609354E-06   0.956188E-04   0.232645E-01   0.853964E-02   0.350000E-03
 922  -0.112648E-04  -0.597962E-04   0.258797E-01   0.667035E-02   0.350000E-03
 923  -0.334684E-04   0.168284E-03   0.276072E-01   0.634706E-02   0.350000E-03
 924  -0.301240E-03   0.245403E-04   0.288435E-01   0.713315E-02   0.450000E-03
 925  -0.508599E-03  -0.615327E-03   0.310715E-01   0.734670E-02   0.350000E-03
 926  -0.822906E-03  -0.557660E-03   0.315924E-01   0.695807E-02   0.300000E-03
 927  -0.257008E-03   0.456462E-03   0.336073E-01   0.717371E-02   0.200000E-03
 928  -0.148233E-03  -0.227751E-03   0.341381E-01   0.649115E-02   0.100000E-03
 929  -0.320548E-03  -0.843281E-04   0.372012E-01   0.669429E-02   0.350000E-03
 930  -0.632819E-03  -0.545741E-03   0.412173E-01   0.664853E-02   0.300000E-03
 931  -0.481786E-03  -0.532399E-03   0.411882E-01   0.608916E-02   0.250000E-03
 932  -0.545493E-03  -0.225779E-03   0.397355E-01   0.670103E-02   0.250000E-03
 933  -0.630417E-03  -0.565580E-03   0.418098E-01   0.627659E-02   0.400000E-03
 934  -0.385400E-03  -0.593732E-03   0.412651E-01   0.471208E-02   0.150000E-03
 935  -0.641685E-03  -0.365953E-03   0.418096E-01   0.490600E-02   0.400000E-03
 936  -0.182358E-03  -0.180886E-03   0.433694E-01   0.619035E-02   0.300000E-03
 937  -0.115916E-03   0.454773E-03   0.102796E-02   0.726425E-02   0.350000E-03
 938  -0.175427E-03   0.123694E-03   0.296840E-03   0.630235E-02   0.300000E-03
 939   0.252571E-04   0.224403E-03   0.374059E-02   0.777778E-02   0.350000E-03
 940   0.170970E-03  -0.878833E-04   0.790397E-03   0.596558E-02   0.300000E-03
 941  -0.618400E-04   0.463004E-03   0.165966E-02   0.696488E-02   0.350000E-03
 942   0.315782E-03   0.256637E-03   0.459006E-02   0.780257E-02   0.500000E-03
 943   0.415013E-03   0.176494E-03   0.530085E-02   0.733744E-02   0.350000E-03
 944   0.323785E-03  -0.195848E-03   0.636523E-02   0.714891E-02   0.300000E-03
 945   0.224063E-03  -0.214597E-03   0.108189E-01   0.733770E-02   0.300000E-03
 946   0.506777E-03   0.567202E-04   0.983355E-02   0.758158E-02   0.250000E-03
 947   0.307762E-03  -0.221413E-03   0.129238E-01   0.804986E-02   0.450000E-03
 948   0.273720E-03  -0.153854E-03   0.125305E-01   0.862810E-02   0.250000E-03
 949  -0.599687E-03  -0.624638E-04   0.156868E-01   0.896365E-02   0.300000E-03
 950   0.691186E-04  -0.397647E-03   0.139734E-01   0.861559E-02   0.400000E-03
 951  -0.105095E-03   0.206844E-04   0.165472E-01   0.892176E-02   0.300000E-03
 952  -0.100802E-02  -0.538577E-03   0.182617E-01   0.845135E-02   0.250000E-03
 953   0.100539E-03   0.519524E-03   0.209483E-01   0.875558E-02   0.250000E-03
 954   0.198643E-04   0.954279E-04   0.224281E-01   0.868802E-02   0.500000E-03
 955  -0.252451E-03   0.433908E-03   0.236298E-01   0.806487E-02   0.250000E-03
 956   0.454237E-03   0.486052E-03   0.250877E-01   0.728545E-02   0.250000E-03
 957  -0.151550E-03  -0.412045E-03   0.268081E-01   0.766991E-02   0.350000E-03
 958   0.110958E-03   0.379092E-04   0.264573E-01   0.706464E-02   0.350000E-03
 959  -0.398072E-04   0.180621E-03   0.269424E-01   0.656177E-02   0.350000E-03
 960  -0.317683E-03  -0.279957E-03   0.302358E-01   0.679526E-02   0.250000E-03
 961   0.177016E-03  -0.230138E-03   0.320960E-01   0.797922E-02   0.400000E-03
 962   0.682764E-03  -0.283688E-03   0.316477E-01   0.750876E-02   0.250000E-03
 963  -0.876563E-03   0.107864E-03   0.332650E-01   0.696918E-02   0.200000E-03
 964  -0.488961E-03  -0.322094E-03   0.352815E-01   0.684911E-02   0.300000E-03
 965  -0.750225E-03  -0.149639E-03   0.360810E-01   0.683971E-02   0.250000E-03
 966  -0.770182E-04  -0.471946E-03   0.366715E-01   0.722774E-02   0.400000E-03
 967  -0.631148E-03  -0.426772E-03   0.406454E-01   0.634108E-02   0.350000E-03
 968  -0.743968E-03  -0.444753E-03   0.401570E-01   0.625102E-02   0.150000E-03
 969   0.112002E-02  -0.114491E-02   0.447503E-01   0.715281E-02   0.250000E-03
 970   0.439330E-03  -0.513053E-03   0.442565E-01   0.681268E-02   0.350000E-03
 971  -0.632394E-03  -0.349400E-03   0.427260E-01   0.591571E-02   0.400000E-03
 972   0.261057E-03  -0.544808E-03   0.436593E-01   0.676317E-02   0.250000E-03
 973   0.107751E-03   0.116342E-03   0.835295E-03   0.541759E-02   0.250000E-03
 974   0.126119E-03   0.426190E-03   0.403130E-02   0.830205E-02   0.250000E-03
 975  -0.752473E-04  -0.925679E-04   0.133284E-02   0.634024E-02   0.350000E-03
 976  -0.292816E-03   0.355993E-04   0.771764E-03   0.666711E-02   0.300000E-03
 977   0.131214E-03  -0.285956E-03   0.736994E-02   0.793876E-02   0.250000E-03
 978   0.363509E-03  -0.642842E-04   0.697431E-02   0.755728E-02   0.300000E-03
 979   0.365611E-03   0.408347E-04   0.644127E-02   0.769268E-02   0.250000E-03
 980   0.974463E-04  -0.259920E-03   0.818335E-02   0.786117E-02   0.400000E-03
 981  -0.332329E-03   0.911849E-04   0.103328E-01   0.759358E-02   0.250000E-03
 982   0.353002E-03  -0.354621E-03   0.935184E-02   0.823344E-02   0.450000E-03
 983   0.237524E-03  -0.194075E-03   0.121380E-01   0.831949E-02   0.250000E-03
 984  -0.336453E-03   0.925904E-04   0.107357E-01   0.803669E-02   0.350000E-03
 985   0.292826E-03  -0.123171E-03   0.135606E-01   0.818046E-02   0.200000E-03
 986  -0.502227E-03   0.379939E-03   0.189289E-01   0.949852E-02   0.300000E-03
 987  -0.867024E-03  -0.350543E-03   0.186354E-01   0.891965E-02   0.350000E-03
 988  -0.427503E-03  -0.391541E-04   0.193503E-01   0.892210E-02   0.300000E-03
 989  -0.327469E-03   0.367444E-03   0.194767E-01   0.945653E-02   0.250000E-03
 990   0.555761E-03   0.278302E-03   0.213193E-01   0.835131E-02   0.250000E-03
 991  -0.109596E-03   0.446236E-03   0.242151E-01   0.819614E-02   0.350000E-03
 992  -0.126613E-03   0.480655E-03   0.245528E-01   0.764188E-02   0.300000E-03
 993   0.398129E-03   0.458696E-04   0.249895E-01   0.679579E-02   0.250000E-03
 994  -0.260835E-03  -0.143157E-03   0.270920E-01   0.714167E-02   0.250000E-03
 995   0.168750E-04  -0.147366E-03   0.277407E-01   0.711468E-02   0.400000E-03
 996  -0.433771E-03  -0.610588E-03   0.304236E-01   0.731087E-02   0.300000E-03
 997  -0.773343E-04  -0.515384E-03   0.298949E-01   0.716090E-02   0.250000E-03
 998   0.165258E-03  -0.115955E-03   0.321802E-01   0.723447E-02   0.350000E-03
 999  -0.400906E-03   0.111585E-03   0.330194E-01   0.734513E-02   0.250000E-03
1000  -0.420107E-03   0.455809E-03   0.341557E-01   0.714786E-02   0.350000E-03
