   1   0.114726E-02  -0.192421E-03   0.112490E-01   0.851096E-02   0.350000E-03
   2   0.335140E-02  -0.564707E-02   0.152269E-03   0.151271E-03   0.150000E-03
   3   0.183664E-02   0.677713E-03   0.448136E-02   0.448185E-03   0.450000E-03
   4   0.428053E-02   0.130714E-02   0.564748E-02   0.539496E-03   0.200000E-03
   5   0.318800E-02  -0.203095E-04   0.569247E-02   0.999886E-04   0.100000E-03
   6  -0.136015E-02  -0.325106E-03   0.741557E-02   0.249380E-03   0.250000E-03
   7  -0.589254E-03  -0.602153E-03   0.804764E-02   0.398733E-03   0.400000E-03
   8  -0.180263E-03   0.915827E-03   0.881523E-02   0.347177E-03   0.350000E-03
   9  -0.676867E-03   0.372813E-03   0.925674E-02   0.576272E-03   0.150000E-03
  10   0.965295E-03   0.437674E-03   0.117564E-01   0.296557E-03   0.300000E-03
  11   0.593722E-03   0.768148E-03   0.129990E-01   0.349640E-03   0.350000E-03
  12   0.100725E-02   0.777394E-04   0.147328E-01   0.194914E-03   0.200000E-03
  13  -0.205852E-03  -0.585383E-03   0.168587E-01   0.343498E-03   0.350000E-03
  14  -0.234716E-04  -0.354228E-04   0.175569E-01   0.348549E-03   0.350000E-03
  15   0.111372E-02   0.688737E-03   0.187761E-01   0.399274E-03   0.400000E-03
  16   0.421084E-03   0.187967E-02   0.195223E-01   0.348478E-03   0.350000E-03
  17  -0.319947E-04   0.251746E-02   0.204370E-01   0.338151E-03   0.350000E-03
  18   0.123083E-02   0.390000E-03   0.218871E-01   0.348978E-03   0.350000E-03
  19   0.713452E-03   0.360832E-03   0.224763E-01   0.241117E-03   0.250000E-03
  20  -0.152150E-02   0.216067E-03   0.229760E-01   0.248700E-03   0.250000E-03
  21   0.395471E-02   0.126645E-03   0.244275E-01   0.249693E-03   0.250000E-03
  22  -0.116424E-03  -0.891539E-03   0.257273E-01   0.199964E-03   0.200000E-03
  23   0.702181E-03   0.382218E-03   0.267393E-01   0.999680E-04   0.100000E-03
  24   0.929307E-03   0.551568E-03   0.282485E-01   0.396045E-03   0.400000E-03
  25  -0.898426E-03   0.231566E-03   0.297614E-01   0.397004E-03   0.400000E-03
  26  -0.430687E-03  -0.650167E-03   0.305084E-01   0.341898E-03   0.350000E-03
  27  -0.203397E-02   0.153712E-02   0.318517E-01   0.298249E-03   0.300000E-03
  28   0.162886E-02   0.221981E-02   0.333426E-01   0.299598E-03   0.300000E-03
  29   0.686367E-03   0.136666E-02   0.355496E-01   0.445451E-03   0.450000E-03
  30   0.211623E-02  -0.778668E-03   0.373962E-01   0.345324E-03   0.350000E-03
  31  -0.800120E-03   0.476151E-03   0.379883E-01   0.249588E-03   0.250000E-03
  32  -0.857831E-03  -0.868985E-03   0.401218E-01   0.196632E-03   0.200000E-03
  33   0.452959E-03  -0.324101E-03   0.410115E-01   0.194529E-03   0.200000E-03
  34  -0.125592E-02  -0.873522E-03   0.446050E-01   0.881318E-03   0.400000E-03
  35  -0.925893E-03   0.196887E-07   0.446508E-01   0.192367E-02   0.350000E-03
  36   0.439602E-03   0.177532E-03   0.862053E-02   0.840619E-02   0.300000E-03
  37   0.352031E-03  -0.102339E-01   0.248592E-03   0.185671E-02   0.250000E-03
  38  -0.431370E-02  -0.351825E-02   0.760987E-03   0.787821E-03   0.300000E-03
  39   0.867109E-03  -0.137674E-02   0.255229E-02   0.395593E-03   0.400000E-03
  40  -0.662202E-03   0.966822E-03   0.608673E-02   0.300034E-03   0.300000E-03
  41   0.366561E-03   0.768192E-03   0.678245E-02   0.394082E-03   0.400000E-03
  42  -0.198506E-02  -0.180435E-02   0.721440E-02   0.100317E-02   0.350000E-03
  43  -0.249824E-03  -0.210145E-03   0.851431E-02   0.917826E-03   0.300000E-03
  44  -0.482888E-04   0.178818E-02   0.932621E-02   0.968711E-03   0.250000E-03
  45   0.255511E-02   0.410725E-04   0.989907E-02   0.491181E-03   0.500000E-03
  46   0.105751E-03   0.542337E-03   0.108421E-01   0.299616E-03   0.300000E-03
  47   0.357357E-03   0.131372E-03   0.151385E-01   0.150024E-03   0.150000E-03
  48   0.592613E-03  -0.254927E-03   0.157533E-01   0.447876E-03   0.450000E-03
  49  -0.498661E-03  -0.120017E-02   0.164237E-01   0.879761E-03   0.350000E-03
  50   0.116722E-02   0.392983E-03   0.181463E-01   0.247273E-03   0.250000E-03
  51  -0.185429E-03   0.435871E-03   0.192512E-01   0.880219E-03   0.250000E-03
  52   0.784096E-03   0.738777E-03   0.199774E-01   0.147816E-03   0.150000E-03
  53  -0.435499E-03  -0.231887E-03   0.204456E-01   0.100242E-02   0.200000E-03
  54   0.844950E-03   0.506104E-03   0.211097E-01   0.298526E-03   0.300000E-03
  55   0.112057E-02  -0.761730E-04   0.233434E-01   0.998689E-04   0.100000E-03
  56   0.868312E-03   0.708244E-03   0.237946E-01   0.396485E-03   0.400000E-03
  57   0.192332E-02   0.721635E-03   0.244770E-01   0.936240E-03   0.400000E-03
  58   0.152891E-02   0.908290E-03   0.250609E-01   0.394776E-03   0.400000E-03
  59  -0.326840E-02  -0.977625E-03   0.270377E-01   0.199925E-03   0.200000E-03
  60  -0.285496E-03  -0.315273E-03   0.275559E-01   0.298086E-03   0.300000E-03
  61  -0.392983E-03   0.673680E-03   0.290692E-01   0.297927E-03   0.300000E-03
  62   0.145511E-03   0.434257E-03   0.312061E-01   0.347202E-03   0.350000E-03
  63   0.103673E-02   0.203351E-02   0.328541E-01   0.196546E-03   0.200000E-03
  64   0.932736E-03   0.128697E-02   0.347574E-01   0.344985E-03   0.350000E-03
  65   0.568558E-03   0.120120E-02   0.363281E-01   0.618192E-03   0.350000E-03
  66   0.113952E-02  -0.944763E-03   0.364240E-01   0.138519E-03   0.150000E-03
  67  -0.151924E-02  -0.151605E-02   0.391357E-01   0.298731E-03   0.300000E-03
  68  -0.175442E-02  -0.501637E-03   0.423017E-01   0.223597E-03   0.200000E-03
  69  -0.696577E-03  -0.677890E-03   0.438625E-01   0.819236E-03   0.350000E-03
  70  -0.532804E-03   0.597032E-03   0.424127E-01   0.721664E-02   0.250000E-03
  71  -0.324501E-03   0.407787E-03   0.447020E-01   0.498278E-02   0.300000E-03
  72  -0.526496E-03  -0.407693E-02   0.447501E-01   0.248945E-03   0.250000E-03
  73   0.311481E-03  -0.107107E-02   0.258383E-02   0.801222E-02   0.350000E-03
  74  -0.538808E-02  -0.140092E-02   0.109158E-02   0.293939E-03   0.300000E-03
  75  -0.505182E-04   0.517978E-03   0.381054E-02   0.249789E-03   0.250000E-03
  76   0.227534E-02   0.106093E-02   0.516539E-02   0.927259E-03   0.350000E-03
  77   0.525576E-04   0.684535E-03   0.639846E-02   0.844607E-03   0.200000E-03
  78  -0.996720E-03  -0.131125E-02   0.659070E-02   0.135694E-02   0.350000E-03
  79  -0.659841E-03  -0.899250E-03   0.790153E-02   0.113372E-02   0.350000E-03
  80   0.145043E-02  -0.618701E-03   0.901121E-02   0.135033E-02   0.250000E-03
  81   0.347526E-03   0.635799E-04   0.106287E-01   0.912980E-03   0.350000E-03
  82  -0.425871E-03  -0.241795E-03   0.132471E-01   0.988180E-03   0.300000E-03
  83   0.131621E-02   0.390732E-03   0.136972E-01   0.346106E-03   0.350000E-03
  84   0.834127E-03   0.240669E-03   0.142872E-01   0.245196E-03   0.250000E-03
  85   0.576628E-03  -0.277007E-03   0.153600E-01   0.102348E-02   0.250000E-03
  86   0.589232E-03   0.840690E-04   0.172012E-01   0.106318E-02   0.450000E-03
  87   0.933471E-03  -0.720358E-04   0.187818E-01   0.104794E-02   0.250000E-03
  88   0.506055E-03   0.148923E-02   0.199882E-01   0.800449E-03   0.300000E-03
  89   0.247389E-03   0.120336E-02   0.202448E-01   0.160852E-02   0.400000E-03
  90   0.530710E-03   0.641328E-03   0.214210E-01   0.867181E-03   0.350000E-03
  91   0.585214E-03  -0.518034E-03   0.225497E-01   0.727057E-03   0.250000E-03
  92  -0.183241E-02  -0.510006E-03   0.231385E-01   0.824893E-03   0.350000E-03
  93   0.151671E-02   0.823905E-03   0.237595E-01   0.114221E-02   0.350000E-03
  94   0.165218E-02   0.801101E-03   0.251998E-01   0.112815E-02   0.350000E-03
  95  -0.202483E-03  -0.670856E-05   0.272865E-01   0.887512E-03   0.350000E-03
  96   0.982027E-03   0.451574E-03   0.279885E-01   0.115000E-02   0.400000E-03
  97  -0.314164E-03  -0.598255E-03   0.294678E-01   0.971646E-03   0.250000E-03
  98  -0.930349E-03   0.118796E-02   0.302509E-01   0.109039E-02   0.450000E-03
  99  -0.184397E-02   0.795793E-03   0.323966E-01   0.245179E-03   0.250000E-03
 100   0.131279E-02   0.360435E-02   0.327193E-01   0.619059E-03   0.250000E-03
 101   0.444181E-03   0.245177E-03   0.349657E-01   0.106171E-02   0.400000E-03
 102   0.182111E-02  -0.925845E-03   0.368050E-01   0.254157E-03   0.250000E-03
 103   0.180814E-02  -0.284275E-02   0.376416E-01   0.887333E-03   0.250000E-03
 104  -0.145616E-02  -0.173795E-02   0.385371E-01   0.294215E-03   0.300000E-03
 105  -0.173620E-03  -0.753044E-03   0.405668E-01   0.245171E-03   0.250000E-03
 106  -0.106360E-02  -0.393674E-03   0.431885E-01   0.297234E-03   0.300000E-03
 107  -0.850546E-03   0.112224E-02   0.440806E-01   0.748912E-02   0.350000E-03
 108  -0.731761E-03  -0.627986E-03   0.348822E-01   0.748318E-02   0.450000E-03
 109  -0.191624E-02  -0.255592E-02   0.240360E-03   0.641282E-03   0.250000E-03
 110  -0.304880E-02  -0.631951E-03   0.544116E-03   0.247483E-03   0.250000E-03
 111  -0.448577E-02  -0.128106E-02   0.175970E-02   0.473702E-03   0.400000E-03
 112   0.104528E-02  -0.139694E-02   0.308054E-02   0.920387E-03   0.350000E-03
 113   0.558946E-03  -0.674759E-05   0.587879E-02   0.113722E-02   0.400000E-03
 114  -0.229009E-03  -0.835397E-03   0.709063E-02   0.157209E-02   0.200000E-03
 115  -0.188532E-03   0.470238E-03   0.845523E-02   0.155959E-02   0.350000E-03
 116   0.758471E-03  -0.259430E-03   0.980801E-02   0.133084E-02   0.350000E-03
 117   0.333621E-03   0.773654E-03   0.113071E-01   0.753502E-03   0.350000E-03
 118   0.741262E-03   0.629700E-03   0.123533E-01   0.289336E-03   0.300000E-03
 119   0.780298E-03   0.724943E-03   0.142228E-01   0.786926E-03   0.300000E-03
 120   0.492202E-03  -0.302397E-03   0.150193E-01   0.597626E-03   0.300000E-03
 121   0.767785E-03  -0.224508E-03   0.166380E-01   0.138436E-02   0.200000E-03
 122   0.892972E-03  -0.306021E-04   0.180908E-01   0.943194E-03   0.450000E-03
 123   0.141489E-02  -0.173299E-03   0.185300E-01   0.141694E-02   0.200000E-03
 124   0.403065E-03   0.116778E-02   0.196295E-01   0.127785E-02   0.300000E-03
 125   0.861681E-03   0.105004E-02   0.208322E-01   0.772360E-03   0.250000E-03
 126   0.115797E-02   0.967406E-03   0.208781E-01   0.131546E-02   0.300000E-03
 127   0.786454E-04  -0.905570E-03   0.226749E-01   0.120538E-02   0.250000E-03
 128   0.146133E-02   0.794321E-03   0.230265E-01   0.162297E-02   0.300000E-03
 129   0.208054E-02   0.167869E-02   0.235699E-01   0.170068E-02   0.250000E-03
 130   0.160284E-02   0.514825E-03   0.256880E-01   0.701407E-03   0.300000E-03
 131   0.167946E-02   0.797313E-03   0.263119E-01   0.394143E-03   0.400000E-03
 132   0.547235E-03   0.672615E-03   0.274950E-01   0.148872E-02   0.200000E-03
 133   0.147811E-03  -0.343798E-03   0.288194E-01   0.949616E-03   0.400000E-03
 134   0.385511E-03   0.176584E-04   0.311413E-01   0.109146E-02   0.400000E-03
 135  -0.158821E-02  -0.139325E-03   0.319880E-01   0.103404E-02   0.450000E-03
 136  -0.918442E-03   0.162885E-02   0.340220E-01   0.462203E-03   0.400000E-03
 137   0.144268E-02   0.852186E-03   0.372266E-01   0.761241E-03   0.100000E-03
 138  -0.440902E-03   0.262357E-03   0.374081E-01   0.132321E-02   0.250000E-03
 139  -0.141210E-02  -0.191806E-02   0.381763E-01   0.766023E-03   0.300000E-03
 140   0.765073E-03  -0.133660E-02   0.396805E-01   0.261261E-03   0.250000E-03
 141   0.352807E-03  -0.724940E-03   0.414576E-01   0.248206E-03   0.250000E-03
 142  -0.130234E-02  -0.531616E-03   0.419032E-01   0.197730E-03   0.200000E-03
 143  -0.327419E-03   0.307007E-03   0.439014E-01   0.632564E-02   0.250000E-03
 144  -0.414178E-03  -0.488112E-03   0.294819E-01   0.752406E-02   0.300000E-03
 145  -0.136041E-03  -0.361653E-03   0.294563E-03   0.341118E-02   0.300000E-03
 146  -0.387832E-02  -0.673235E-02   0.658838E-03   0.142448E-02   0.350000E-03
 147  -0.272011E-03  -0.127731E-02   0.396574E-02   0.843961E-03   0.200000E-03
 148   0.342031E-02   0.276477E-03   0.521440E-02   0.289524E-03   0.300000E-03
 149   0.387840E-03   0.718538E-03   0.606885E-02   0.196289E-02   0.450000E-03
 150  -0.922406E-03  -0.891968E-03   0.747588E-02   0.148034E-02   0.200000E-03
 151   0.186705E-02  -0.701192E-04   0.935936E-02   0.163037E-02   0.200000E-03
 152   0.643113E-03  -0.439384E-03   0.103508E-01   0.138348E-02   0.200000E-03
 153   0.768263E-03   0.423700E-03   0.110920E-01   0.136488E-02   0.300000E-03
 154  -0.408726E-03  -0.100030E-03   0.125508E-01   0.949841E-03   0.400000E-03
 155   0.631335E-03  -0.386320E-03   0.137338E-01   0.886740E-03   0.200000E-03
 156   0.356481E-03   0.242490E-03   0.147512E-01   0.124355E-02   0.400000E-03
 157  -0.112771E-04  -0.741158E-03   0.158873E-01   0.139740E-02   0.400000E-03
 158   0.378975E-03   0.105575E-03   0.173047E-01   0.185271E-02   0.350000E-03
 159   0.868639E-03  -0.333153E-03   0.177086E-01   0.146886E-02   0.200000E-03
 160   0.113653E-02  -0.583592E-03   0.181401E-01   0.164124E-02   0.250000E-03
 161   0.374376E-03  -0.874747E-04   0.195359E-01   0.181493E-02   0.250000E-03
 162   0.111592E-02   0.415844E-03   0.208364E-01   0.180998E-02   0.200000E-03
 163  -0.107504E-02   0.411152E-03   0.220799E-01   0.109372E-02   0.350000E-03
 164  -0.827683E-03   0.125221E-02   0.226907E-01   0.217040E-02   0.300000E-03
 165   0.169637E-02   0.780992E-03   0.247729E-01   0.154839E-02   0.250000E-03
 166   0.104331E-02  -0.386659E-03   0.255427E-01   0.160845E-02   0.250000E-03
 167   0.109774E-02  -0.428079E-03   0.265807E-01   0.113645E-02   0.400000E-03
 168  -0.410520E-03   0.141654E-03   0.285378E-01   0.153332E-02   0.250000E-03
 169  -0.886475E-03   0.731003E-04   0.301588E-01   0.172888E-02   0.200000E-03
 170  -0.143968E-03   0.159802E-03   0.307523E-01   0.178651E-02   0.400000E-03
 171   0.253811E-02  -0.922452E-03   0.334825E-01   0.901443E-03   0.300000E-03
 172   0.122818E-02   0.543513E-04   0.341945E-01   0.126820E-02   0.400000E-03
 173   0.326781E-03   0.237705E-03   0.356533E-01   0.118410E-02   0.300000E-03
 174  -0.796541E-03   0.207648E-03   0.368791E-01   0.104571E-02   0.350000E-03
 175  -0.183005E-02   0.252623E-03   0.390300E-01   0.888088E-03   0.300000E-03
 176  -0.603959E-03  -0.412321E-04   0.400917E-01   0.987876E-03   0.200000E-03
 177  -0.603460E-04  -0.492939E-03   0.406076E-01   0.787818E-03   0.300000E-03
 178  -0.151726E-02  -0.229430E-03   0.443944E-01   0.144012E-02   0.200000E-03
 179  -0.188501E-02  -0.566751E-03   0.426997E-01   0.195751E-03   0.200000E-03
 180  -0.756955E-03   0.777974E-03   0.400227E-01   0.753408E-02   0.300000E-03
 181   0.160544E-03  -0.307537E-03   0.200543E-03   0.109084E-02   0.200000E-03
 182   0.163042E-02   0.418227E-02   0.135429E-02   0.223059E-02   0.200000E-03
 183   0.897209E-03   0.425425E-03   0.326309E-02   0.298278E-03   0.300000E-03
 184   0.174308E-02  -0.253139E-03   0.525450E-02   0.161628E-02   0.350000E-03
 185  -0.127133E-03  -0.657118E-03   0.622772E-02   0.264271E-02   0.250000E-03
 186  -0.980823E-03  -0.863002E-03   0.677467E-02   0.187370E-02   0.200000E-03
 187  -0.464647E-03  -0.249589E-03   0.785729E-02   0.179175E-02   0.300000E-03
 188   0.130661E-02  -0.384812E-03   0.960359E-02   0.200700E-02   0.250000E-03
 189   0.183893E-03   0.524958E-03   0.116282E-01   0.125764E-02   0.250000E-03
 190  -0.326146E-03  -0.106062E-02   0.119133E-01   0.823532E-03   0.250000E-03
 191   0.751979E-03   0.143911E-03   0.139572E-01   0.126754E-02   0.250000E-03
 192   0.783432E-03   0.354288E-05   0.142360E-01   0.184934E-02   0.400000E-03
 193   0.168162E-02  -0.480191E-03   0.152656E-01   0.171818E-02   0.300000E-03
 194   0.743616E-03  -0.166509E-03   0.164597E-01   0.195459E-02   0.400000E-03
 195   0.865816E-03  -0.590584E-04   0.179035E-01   0.208152E-02   0.250000E-03
 196   0.141357E-02   0.727640E-03   0.190787E-01   0.151018E-02   0.300000E-03
 197   0.642326E-03   0.229445E-03   0.199128E-01   0.228053E-02   0.350000E-03
 198   0.115490E-02   0.889584E-03   0.206123E-01   0.225292E-02   0.300000E-03
 199   0.531058E-03   0.803673E-03   0.214399E-01   0.151386E-02   0.300000E-03
 200   0.618635E-03   0.133091E-02   0.221918E-01   0.216153E-02   0.200000E-03
 201   0.148864E-02   0.794900E-03   0.242268E-01   0.159281E-02   0.300000E-03
 202   0.171246E-02   0.760578E-03   0.259332E-01   0.119372E-02   0.250000E-03
 203   0.934410E-03   0.712593E-03   0.264976E-01   0.182331E-02   0.300000E-03
 204   0.161153E-02   0.312083E-03   0.270545E-01   0.157558E-02   0.250000E-03
 205   0.340694E-03   0.211031E-03   0.295766E-01   0.160824E-02   0.400000E-03
 206  -0.160579E-02   0.351930E-04   0.322063E-01   0.180228E-02   0.350000E-03
 207  -0.125375E-03   0.576176E-03   0.328476E-01   0.129658E-02   0.450000E-03
 208   0.146462E-03   0.683331E-03   0.335586E-01   0.165983E-02   0.350000E-03
 209  -0.216745E-03   0.521384E-03   0.362475E-01   0.125836E-02   0.300000E-03
 210  -0.909958E-03   0.291673E-03   0.366491E-01   0.154472E-02   0.200000E-03
 211  -0.838387E-03   0.465299E-03   0.370707E-01   0.168672E-02   0.250000E-03
 212  -0.799012E-03   0.459064E-04   0.400743E-01   0.590996E-03   0.200000E-03
 213   0.346409E-03  -0.374924E-03   0.411309E-01   0.622905E-03   0.250000E-03
 214  -0.114176E-02   0.528597E-04   0.420782E-01   0.555049E-03   0.200000E-03
 215  -0.235474E-02   0.910566E-03   0.442185E-01   0.150079E-03   0.150000E-03
 216   0.844817E-03  -0.360188E-03   0.215660E-01   0.895038E-02   0.400000E-03
 217   0.642966E-03  -0.194836E-03   0.140769E-01   0.935724E-02   0.350000E-03
 218  -0.669157E-03   0.373909E-02   0.822651E-03   0.210140E-02   0.350000E-03
 219   0.280803E-03  -0.274176E-03   0.361385E-02   0.654368E-03   0.200000E-03
 220   0.553842E-03   0.119139E-02   0.451975E-02   0.129528E-02   0.400000E-03
 221   0.175739E-02   0.585289E-03   0.532354E-02   0.220243E-02   0.250000E-03
 222   0.183849E-03  -0.312904E-03   0.728156E-02   0.208603E-02   0.350000E-03
 223   0.393954E-03   0.923948E-03   0.898037E-02   0.201537E-02   0.350000E-03
 224   0.596697E-03   0.586739E-04   0.101957E-01   0.191041E-02   0.350000E-03
 225   0.110449E-02   0.228992E-03   0.106668E-01   0.162206E-02   0.200000E-03
 226  -0.141429E-03   0.607821E-03   0.121211E-01   0.149186E-02   0.300000E-03
 227   0.311791E-04  -0.591877E-03   0.129538E-01   0.145298E-02   0.250000E-03
 228   0.396375E-03  -0.706328E-03   0.148212E-01   0.178754E-02   0.150000E-03
 229  -0.112317E-03   0.165814E-03   0.158167E-01   0.203900E-02   0.250000E-03
 230   0.577814E-03   0.558855E-03   0.175095E-01   0.246469E-02   0.300000E-03
 231   0.154993E-02   0.306978E-04   0.183160E-01   0.228595E-02   0.200000E-03
 232   0.148085E-02   0.617705E-03   0.186273E-01   0.190191E-02   0.300000E-03
 233   0.481065E-03  -0.265145E-03   0.191656E-01   0.234672E-02   0.400000E-03
 234   0.735483E-03   0.210355E-03   0.212542E-01   0.208385E-02   0.300000E-03
 235  -0.101433E-02   0.891982E-03   0.223792E-01   0.166523E-02   0.300000E-03
 236   0.151047E-02   0.118046E-02   0.232862E-01   0.216200E-02   0.300000E-03
 237   0.141424E-02   0.999014E-03   0.239349E-01   0.217280E-02   0.350000E-03
 238   0.518298E-03  -0.138379E-03   0.251399E-01   0.180816E-02   0.200000E-03
 239   0.797299E-03   0.378846E-03   0.266687E-01   0.234137E-02   0.250000E-03
 240   0.446598E-03   0.178679E-03   0.289866E-01   0.152306E-02   0.200000E-03
 241  -0.996060E-03   0.240310E-03   0.301845E-01   0.227304E-02   0.350000E-03
 242   0.168038E-02   0.106636E-02   0.315084E-01   0.174533E-02   0.350000E-03
 243   0.472939E-03   0.775779E-03   0.329356E-01   0.223615E-02   0.500000E-03
 244  -0.115945E-03   0.168746E-03   0.354581E-01   0.199033E-02   0.200000E-03
 245   0.303667E-03   0.256231E-03   0.349406E-01   0.180827E-02   0.350000E-03
 246  -0.879345E-03   0.705126E-03   0.366083E-01   0.214061E-02   0.400000E-03
 247  -0.170763E-02   0.477468E-04   0.380023E-01   0.139070E-02   0.350000E-03
 248   0.377419E-03  -0.101748E-03   0.396244E-01   0.808243E-03   0.300000E-03
 249  -0.225425E-03  -0.417510E-03   0.416481E-01   0.801843E-03   0.300000E-03
 250  -0.532802E-03  -0.362838E-03   0.437348E-01   0.241342E-03   0.250000E-03
 251  -0.767140E-03   0.190249E-03   0.446049E-01   0.297390E-02   0.400000E-03
 252  -0.187208E-03   0.444762E-03   0.336314E-01   0.772355E-02   0.350000E-03
 253   0.611676E-04  -0.752933E-03   0.214979E-02   0.746310E-02   0.350000E-03
 254   0.689119E-03  -0.167475E-03   0.133449E-02   0.109122E-02   0.350000E-03
 255  -0.158934E-02   0.270799E-02   0.221020E-02   0.100603E-02   0.300000E-03
 256  -0.478097E-03   0.846223E-03   0.470885E-02   0.196864E-02   0.300000E-03
 257  -0.115326E-02   0.198478E-03   0.669921E-02   0.236701E-02   0.300000E-03
 258   0.152035E-03   0.763317E-03   0.832162E-02   0.224451E-02   0.350000E-03
 259   0.388768E-03  -0.678222E-03   0.906825E-02   0.280633E-02   0.450000E-03
 260   0.916127E-03  -0.805233E-03   0.988655E-02   0.259139E-02   0.400000E-03
 261   0.296072E-03   0.263239E-03   0.116221E-01   0.181401E-02   0.300000E-03
 262  -0.147954E-03  -0.295756E-03   0.121855E-01   0.213778E-02   0.350000E-03
 263  -0.260172E-03  -0.634003E-03   0.135098E-01   0.166940E-02   0.350000E-03
 264   0.791752E-03  -0.157920E-03   0.148125E-01   0.223624E-02   0.300000E-03
 265   0.877642E-03  -0.500789E-03   0.165654E-01   0.254497E-02   0.200000E-03
 266   0.732787E-03  -0.201539E-03   0.169707E-01   0.234932E-02   0.250000E-03
 267   0.627446E-03   0.185614E-03   0.171046E-01   0.282828E-02   0.250000E-03
 268   0.107089E-02  -0.564123E-03   0.185891E-01   0.264203E-02   0.250000E-03
 269  -0.149188E-03   0.730848E-04   0.190422E-01   0.298464E-02   0.250000E-03
 270   0.892962E-03  -0.435563E-04   0.196388E-01   0.292349E-02   0.350000E-03
 271  -0.234112E-03   0.469634E-03   0.218658E-01   0.185286E-02   0.250000E-03
 272   0.868898E-04  -0.353464E-03   0.223075E-01   0.274880E-02   0.400000E-03
 273   0.982289E-03   0.153074E-02   0.235330E-01   0.280521E-02   0.400000E-03
 274   0.864717E-03   0.426571E-03   0.257256E-01   0.206342E-02   0.250000E-03
 275   0.112529E-02   0.433578E-03   0.261769E-01   0.226516E-02   0.250000E-03
 276   0.726247E-03  -0.639573E-03   0.274196E-01   0.198219E-02   0.300000E-03
 277   0.276723E-03   0.453311E-04   0.293838E-01   0.217470E-02   0.200000E-03
 278  -0.102712E-02   0.436266E-03   0.318194E-01   0.238484E-02   0.350000E-03
 279  -0.197326E-03   0.109316E-02   0.323382E-01   0.268140E-02   0.250000E-03
 280  -0.975458E-03   0.474630E-03   0.343103E-01   0.195883E-02   0.300000E-03
 281  -0.109717E-04   0.104261E-03   0.358856E-01   0.173249E-02   0.300000E-03
 282  -0.110776E-03   0.369161E-03   0.375522E-01   0.179834E-02   0.250000E-03
 283  -0.117486E-02   0.130443E-03   0.385067E-01   0.161044E-02   0.200000E-03
 284  -0.399841E-03  -0.420108E-03   0.385546E-01   0.116331E-02   0.250000E-03
 285   0.393037E-03  -0.855270E-03   0.410964E-01   0.121612E-02   0.350000E-03
 286  -0.902080E-03  -0.118640E-03   0.432212E-01   0.893309E-03   0.300000E-03
 287  -0.134913E-02   0.353401E-03   0.428449E-01   0.121955E-02   0.200000E-03
 288   0.114603E-03  -0.716526E-04   0.593129E-02   0.802484E-02   0.350000E-03
 289   0.269379E-04  -0.150895E-03   0.247719E-03   0.235508E-02   0.250000E-03
 290   0.394411E-02   0.245222E-02   0.184000E-02   0.149146E-02   0.300000E-03
 291  -0.203185E-02   0.176232E-02   0.252244E-02   0.162658E-02   0.400000E-03
 292   0.119698E-02   0.149599E-02   0.315258E-02   0.151222E-02   0.250000E-03
 293   0.883948E-03  -0.839405E-03   0.568473E-02   0.260532E-02   0.300000E-03
 294   0.250934E-03  -0.363921E-03   0.823950E-02   0.298621E-02   0.400000E-03
 295   0.152974E-03  -0.774087E-03   0.967944E-02   0.339273E-02   0.400000E-03
 296   0.620583E-03   0.427657E-03   0.110842E-01   0.191289E-02   0.250000E-03
 297   0.120808E-02   0.283078E-03   0.106900E-01   0.196716E-02   0.150000E-03
 298  -0.563593E-03   0.195152E-03   0.125744E-01   0.169429E-02   0.200000E-03
 299   0.114660E-03   0.981390E-03   0.138261E-01   0.234816E-02   0.250000E-03
 300   0.658720E-03   0.860905E-03   0.148836E-01   0.272748E-02   0.200000E-03
 301   0.591007E-03  -0.340406E-03   0.153888E-01   0.237231E-02   0.300000E-03
 302   0.318304E-03  -0.383031E-03   0.170058E-01   0.336476E-02   0.300000E-03
 303   0.126326E-02   0.577172E-03   0.180001E-01   0.252221E-02   0.200000E-03
 304   0.768725E-03  -0.417232E-03   0.181830E-01   0.293092E-02   0.250000E-03
 305   0.111445E-02  -0.491902E-03   0.193561E-01   0.333533E-02   0.150000E-03
 306   0.108784E-02   0.623630E-03   0.203384E-01   0.283491E-02   0.350000E-03
 307   0.198712E-03  -0.776625E-04   0.217419E-01   0.233488E-02   0.250000E-03
 308   0.534517E-04  -0.271262E-03   0.226835E-01   0.339350E-02   0.350000E-03
 309   0.299683E-03   0.103562E-03   0.244838E-01   0.267658E-02   0.400000E-03
 310   0.480798E-03   0.145925E-03   0.250760E-01   0.230374E-02   0.300000E-03
 311   0.581208E-03   0.394325E-04   0.272079E-01   0.259199E-02   0.350000E-03
 312   0.730981E-03  -0.351481E-03   0.280616E-01   0.189415E-02   0.350000E-03
 313   0.207265E-03   0.151682E-03   0.296485E-01   0.253446E-02   0.250000E-03
 314   0.439213E-04   0.672481E-03   0.311747E-01   0.234175E-02   0.300000E-03
 315  -0.808766E-03  -0.105302E-03   0.334177E-01   0.286720E-02   0.300000E-03
 316  -0.127002E-02   0.685639E-03   0.337790E-01   0.232975E-02   0.350000E-03
 317   0.802314E-04   0.342806E-03   0.350790E-01   0.254350E-02   0.400000E-03
 318   0.242459E-03   0.681361E-03   0.358663E-01   0.242746E-02   0.400000E-03
 319  -0.171530E-02  -0.641876E-03   0.389723E-01   0.143421E-02   0.250000E-03
 320  -0.257121E-03  -0.574381E-03   0.398300E-01   0.141183E-02   0.300000E-03
 321   0.233079E-04   0.316959E-03   0.404269E-01   0.135339E-02   0.300000E-03
 322  -0.185989E-02  -0.282460E-03   0.425941E-01   0.731668E-03   0.350000E-03
 323  -0.208503E-03  -0.298973E-03   0.439541E-01   0.211031E-02   0.350000E-03
 324   0.572054E-03   0.117874E-02   0.396007E-01   0.718111E-02   0.250000E-03
 325  -0.203934E-03  -0.679533E-03   0.153388E-02   0.767042E-02   0.300000E-03
 326   0.353751E-03   0.606738E-02   0.125573E-02   0.168580E-02   0.250000E-03
 327  -0.309262E-03  -0.112950E-02   0.209017E-02   0.223618E-02   0.350000E-03
 328  -0.495478E-03   0.827935E-03   0.380488E-02   0.172756E-02   0.450000E-03
 329   0.374865E-03  -0.144896E-03   0.656603E-02   0.319009E-02   0.400000E-03
 330   0.285290E-03   0.117435E-02   0.720053E-02   0.277856E-02   0.350000E-03
 331  -0.914037E-03  -0.340805E-03   0.775797E-02   0.245036E-02   0.250000E-03
 332   0.812287E-03  -0.824719E-03   0.108019E-01   0.255109E-02   0.450000E-03
 333  -0.176524E-03  -0.237659E-03   0.115960E-01   0.241083E-02   0.300000E-03
 334   0.428791E-04   0.961348E-03   0.129398E-01   0.195113E-02   0.250000E-03
 335  -0.769265E-03   0.647129E-03   0.133417E-01   0.224522E-02   0.250000E-03
 336   0.125697E-02  -0.990265E-04   0.143233E-01   0.258316E-02   0.300000E-03
 337   0.207482E-03   0.241367E-03   0.160341E-01   0.254117E-02   0.300000E-03
 338  -0.228144E-03  -0.159539E-03   0.166223E-01   0.374849E-02   0.250000E-03
 339   0.929230E-03  -0.352305E-03   0.176193E-01   0.313636E-02   0.350000E-03
 340  -0.145283E-03   0.926017E-04   0.189491E-01   0.352638E-02   0.300000E-03
 341   0.735664E-03   0.344625E-03   0.200558E-01   0.341634E-02   0.300000E-03
 342   0.101870E-02   0.685750E-03   0.205873E-01   0.332259E-02   0.200000E-03
 343   0.170485E-03  -0.798278E-04   0.216188E-01   0.286833E-02   0.300000E-03
 344   0.257802E-03  -0.329515E-03   0.237946E-01   0.338791E-02   0.250000E-03
 345   0.574298E-03   0.396076E-03   0.250952E-01   0.301370E-02   0.300000E-03
 346   0.101140E-02  -0.133320E-03   0.256267E-01   0.264830E-02   0.350000E-03
 347   0.720597E-03   0.857703E-04   0.263309E-01   0.289450E-02   0.400000E-03
 348   0.344623E-03   0.329357E-04   0.289117E-01   0.201486E-02   0.300000E-03
 349  -0.701749E-03   0.228388E-03   0.300352E-01   0.284934E-02   0.250000E-03
 350   0.156616E-03   0.528158E-03   0.320642E-01   0.315377E-02   0.300000E-03
 351   0.387220E-03  -0.585185E-04   0.328018E-01   0.307155E-02   0.350000E-03
 352  -0.534011E-03   0.676229E-03   0.344974E-01   0.308472E-02   0.400000E-03
 353  -0.449950E-04  -0.118713E-03   0.358993E-01   0.302134E-02   0.200000E-03
 354  -0.350846E-03   0.776102E-03   0.372546E-01   0.219941E-02   0.250000E-03
 355  -0.172459E-02   0.215833E-03   0.380433E-01   0.203702E-02   0.300000E-03
 356  -0.125297E-02  -0.335920E-03   0.393799E-01   0.162116E-02   0.200000E-03
 357  -0.128534E-04   0.468541E-03   0.408213E-01   0.179893E-02   0.300000E-03
 358  -0.771133E-04  -0.109994E-02   0.416780E-01   0.134774E-02   0.250000E-03
 359   0.295605E-03  -0.673870E-04   0.442659E-01   0.531768E-02   0.250000E-03
 360   0.160005E-03   0.887780E-03   0.448001E-01   0.418261E-02   0.200000E-03
 361   0.156337E-03  -0.669141E-04   0.680819E-03   0.283493E-02   0.400000E-03
 362   0.786872E-03  -0.104000E-03   0.147895E-02   0.281569E-02   0.400000E-03
 363   0.139003E-02  -0.257139E-03   0.311286E-02   0.201027E-02   0.250000E-03
 364   0.101273E-02   0.115376E-02   0.490771E-02   0.255549E-02   0.300000E-03
 365   0.772101E-03  -0.125434E-03   0.586774E-02   0.317069E-02   0.300000E-03
 366   0.277628E-04   0.678319E-04   0.615534E-02   0.375258E-02   0.300000E-03
 367   0.193396E-03  -0.921423E-04   0.871760E-02   0.334789E-02   0.200000E-03
 368   0.786584E-03  -0.102687E-02   0.103267E-01   0.312976E-02   0.300000E-03
 369  -0.418172E-03  -0.107860E-02   0.118393E-01   0.301088E-02   0.350000E-03
 370   0.284721E-03  -0.190202E-03   0.127878E-01   0.258185E-02   0.400000E-03
 371   0.421709E-03  -0.603887E-03   0.137250E-01   0.288488E-02   0.300000E-03
 372   0.379608E-03  -0.375552E-03   0.149939E-01   0.331394E-02   0.400000E-03
 373   0.747763E-03  -0.323545E-03   0.155814E-01   0.293404E-02   0.300000E-03
 374  -0.273734E-03  -0.589583E-03   0.163336E-01   0.317111E-02   0.400000E-03
 375   0.203308E-03  -0.923364E-03   0.174826E-01   0.393797E-02   0.450000E-03
 376   0.110514E-02  -0.213588E-03   0.186052E-01   0.309102E-02   0.200000E-03
 377   0.506014E-03   0.391467E-03   0.195369E-01   0.380207E-02   0.350000E-03
 378   0.344564E-04  -0.150246E-04   0.210599E-01   0.265157E-02   0.300000E-03
 379  -0.650360E-04   0.269939E-03   0.211367E-01   0.330294E-02   0.350000E-03
 380   0.105840E-03  -0.537360E-03   0.219678E-01   0.341481E-02   0.350000E-03
 381   0.253280E-03  -0.306534E-03   0.243886E-01   0.341846E-02   0.350000E-03
 382   0.764999E-03   0.208989E-04   0.266775E-01   0.349389E-02   0.300000E-03
 383   0.321860E-03   0.216268E-03   0.277840E-01   0.242583E-02   0.250000E-03
 384   0.670166E-03  -0.359734E-03   0.284612E-01   0.240121E-02   0.300000E-03
 385   0.363436E-03  -0.593045E-04   0.291002E-01   0.258437E-02   0.300000E-03
 386  -0.700072E-05   0.805062E-03   0.306839E-01   0.268335E-02   0.300000E-03
 387  -0.192027E-03   0.184509E-03   0.324530E-01   0.366890E-02   0.350000E-03
 388  -0.583112E-03   0.738416E-03   0.354261E-01   0.345363E-02   0.450000E-03
 389  -0.236720E-03  -0.624290E-04   0.360820E-01   0.337425E-02   0.200000E-03
 390  -0.902340E-03  -0.329150E-04   0.364902E-01   0.292709E-02   0.400000E-03
 391  -0.133215E-02   0.169257E-03   0.376958E-01   0.252457E-02   0.300000E-03
 392  -0.159512E-02  -0.593483E-05   0.390524E-01   0.192688E-02   0.250000E-03
 393  -0.965278E-03   0.226676E-03   0.396212E-01   0.211390E-02   0.350000E-03
 394  -0.136017E-02  -0.852263E-03   0.422185E-01   0.126048E-02   0.300000E-03
 395  -0.234019E-03  -0.232634E-03   0.438972E-01   0.146540E-02   0.300000E-03
 396  -0.104483E-02  -0.107227E-02   0.444068E-01   0.241386E-02   0.200000E-03
 397  -0.770690E-04  -0.350637E-03   0.972697E-03   0.357796E-02   0.400000E-03
 398   0.119809E-02  -0.655992E-03   0.271995E-02   0.239502E-02   0.300000E-03
 399   0.390160E-03  -0.163910E-02   0.349724E-02   0.240331E-02   0.300000E-03
 400  -0.707972E-03   0.864276E-03   0.421855E-02   0.246601E-02   0.400000E-03
 401   0.524467E-03  -0.205638E-03   0.572733E-02   0.400798E-02   0.200000E-03
 402   0.113893E-03  -0.464219E-03   0.725165E-02   0.347361E-02   0.350000E-03
 403   0.164820E-04  -0.130202E-03   0.850920E-02   0.374195E-02   0.250000E-03
 404   0.125043E-04  -0.204531E-03   0.905764E-02   0.371330E-02   0.300000E-03
 405  -0.398358E-03  -0.772358E-03   0.119532E-01   0.354888E-02   0.200000E-03
 406   0.353350E-03  -0.683784E-03   0.125162E-01   0.332978E-02   0.400000E-03
 407   0.444106E-04  -0.425766E-03   0.131912E-01   0.315353E-02   0.300000E-03
 408   0.711101E-03  -0.335158E-03   0.142000E-01   0.339695E-02   0.400000E-03
 409   0.559842E-03  -0.123146E-03   0.156966E-01   0.356811E-02   0.350000E-03
 410   0.559247E-03  -0.383924E-03   0.161532E-01   0.402534E-02   0.300000E-03
 411   0.180896E-03  -0.315339E-03   0.166912E-01   0.428810E-02   0.300000E-03
 412   0.970490E-03   0.968884E-05   0.182519E-01   0.357483E-02   0.400000E-03
 413   0.845291E-03  -0.571245E-03   0.202215E-01   0.398910E-02   0.300000E-03
 414   0.664605E-03  -0.309451E-03   0.207340E-01   0.374585E-02   0.250000E-03
 415   0.500917E-03  -0.427369E-03   0.207908E-01   0.439076E-02   0.400000E-03
 416   0.153689E-03  -0.630701E-03   0.223460E-01   0.406069E-02   0.400000E-03
 417   0.287995E-03  -0.345285E-03   0.232957E-01   0.360804E-02   0.300000E-03
 418   0.751862E-03  -0.168577E-03   0.250401E-01   0.365897E-02   0.350000E-03
 419   0.458418E-03   0.129532E-03   0.277011E-01   0.307980E-02   0.350000E-03
 420   0.567974E-03  -0.164506E-03   0.282693E-01   0.290775E-02   0.250000E-03
 421   0.339583E-03  -0.184249E-03   0.295015E-01   0.311296E-02   0.350000E-03
 422  -0.947850E-03   0.295106E-03   0.313206E-01   0.307602E-02   0.450000E-03
 423  -0.410259E-03   0.546918E-03   0.338114E-01   0.337522E-02   0.350000E-03
 424  -0.618601E-03   0.600411E-03   0.347366E-01   0.374108E-02   0.300000E-03
 425  -0.119649E-02  -0.116515E-03   0.370014E-01   0.340071E-02   0.300000E-03
 426  -0.129140E-02   0.894340E-04   0.371823E-01   0.282927E-02   0.300000E-03
 427  -0.105488E-02   0.275946E-03   0.380387E-01   0.312188E-02   0.300000E-03
 428  -0.122866E-02  -0.156296E-03   0.385867E-01   0.210265E-02   0.250000E-03
 429  -0.100753E-03   0.445071E-04   0.402365E-01   0.191705E-02   0.300000E-03
 430   0.879160E-04  -0.533570E-03   0.419311E-01   0.188680E-02   0.350000E-03
 431  -0.822209E-03  -0.335602E-03   0.426716E-01   0.179183E-02   0.400000E-03
 432  -0.951914E-03  -0.212908E-03   0.432997E-01   0.148553E-02   0.300000E-03
 433   0.323163E-03   0.147131E-03   0.347271E-03   0.405662E-02   0.350000E-03
 434   0.429891E-02   0.139155E-02   0.162692E-02   0.194140E-02   0.200000E-03
 435  -0.421491E-03  -0.368132E-03   0.317140E-02   0.295711E-02   0.350000E-03
 436   0.229281E-03   0.131353E-03   0.527157E-02   0.296401E-02   0.250000E-03
 437   0.465518E-03  -0.194007E-03   0.565834E-02   0.361893E-02   0.200000E-03
 438  -0.377449E-03   0.244223E-04   0.674204E-02   0.387454E-02   0.300000E-03
 439   0.494122E-03  -0.222568E-03   0.791917E-02   0.365937E-02   0.350000E-03
 440   0.539984E-03  -0.374402E-03   0.108692E-01   0.378886E-02   0.200000E-03
 441   0.687492E-03  -0.100104E-02   0.109021E-01   0.329274E-02   0.300000E-03
 442   0.135755E-03  -0.616008E-03   0.130633E-01   0.376562E-02   0.300000E-03
 443   0.129285E-03  -0.305188E-03   0.135693E-01   0.355090E-02   0.250000E-03
 444   0.529190E-03  -0.174347E-03   0.151965E-01   0.398151E-02   0.300000E-03
 445   0.344355E-03  -0.333978E-03   0.156503E-01   0.450963E-02   0.400000E-03
 446   0.456812E-03  -0.506659E-03   0.162482E-01   0.451181E-02   0.200000E-03
 447  -0.138698E-03  -0.333012E-03   0.171798E-01   0.462279E-02   0.300000E-03
 448   0.809803E-03  -0.380076E-03   0.182660E-01   0.447197E-02   0.500000E-03
 449   0.892611E-03  -0.297352E-03   0.191589E-01   0.444593E-02   0.400000E-03
 450   0.474470E-03  -0.271615E-03   0.198541E-01   0.446031E-02   0.300000E-03
 451  -0.262174E-03  -0.542764E-04   0.214720E-01   0.397347E-02   0.400000E-03
 452  -0.302635E-03  -0.134860E-03   0.218494E-01   0.462018E-02   0.350000E-03
 453   0.462797E-03  -0.360829E-04   0.239499E-01   0.396323E-02   0.350000E-03
 454   0.926312E-03  -0.720652E-04   0.256636E-01   0.334453E-02   0.350000E-03
 455   0.726089E-03   0.254403E-04   0.269093E-01   0.305277E-02   0.200000E-03
 456   0.410624E-03  -0.246642E-03   0.288067E-01   0.316342E-02   0.350000E-03
 457  -0.153223E-03   0.786541E-03   0.304315E-01   0.322458E-02   0.300000E-03
 458  -0.438514E-03   0.215706E-03   0.306866E-01   0.381215E-02   0.350000E-03
 459  -0.101191E-02   0.259366E-03   0.317611E-01   0.374322E-02   0.350000E-03
 460  -0.488070E-03   0.462157E-03   0.341972E-01   0.383219E-02   0.250000E-03
 461  -0.989561E-03  -0.241553E-03   0.364819E-01   0.357472E-02   0.250000E-03
 462  -0.369537E-03  -0.105785E-02   0.376582E-01   0.428732E-02   0.300000E-03
 463  -0.114352E-02   0.138036E-03   0.382899E-01   0.258051E-02   0.300000E-03
 464  -0.793920E-03   0.598061E-03   0.390284E-01   0.264182E-02   0.450000E-03
 465  -0.413588E-03  -0.542803E-04   0.407134E-01   0.238538E-02   0.300000E-03
 466  -0.768483E-03  -0.195524E-03   0.411688E-01   0.258700E-02   0.200000E-03
 467  -0.746229E-03   0.187430E-03   0.435627E-01   0.256133E-02   0.250000E-03
 468  -0.770623E-03   0.392212E-03   0.435833E-01   0.383500E-02   0.350000E-03
 469  -0.129946E-03   0.186544E-03   0.105479E-02   0.442289E-02   0.450000E-03
 470  -0.693569E-05  -0.414629E-04   0.217507E-02   0.287825E-02   0.300000E-03
 471  -0.135936E-03  -0.302603E-03   0.388350E-02   0.318822E-02   0.400000E-03
 472  -0.118105E-03  -0.531991E-03   0.458590E-02   0.306166E-02   0.300000E-03
 473   0.291880E-03  -0.244154E-03   0.506132E-02   0.357525E-02   0.400000E-03
 474   0.108281E-03  -0.124286E-03   0.745224E-02   0.403322E-02   0.250000E-03
 475   0.206450E-03  -0.442176E-03   0.808058E-02   0.433892E-02   0.350000E-03
 476   0.599466E-04  -0.168095E-03   0.953596E-02   0.407462E-02   0.300000E-03
 477   0.555272E-03  -0.100446E-02   0.112908E-01   0.297862E-02   0.200000E-03
 478   0.201821E-03  -0.252740E-03   0.122381E-01   0.401919E-02   0.350000E-03
 479   0.660801E-03  -0.474347E-03   0.141840E-01   0.404404E-02   0.250000E-03
 480   0.573421E-03  -0.481515E-03   0.146510E-01   0.386559E-02   0.250000E-03
 481   0.495231E-03  -0.189558E-03   0.147874E-01   0.434670E-02   0.250000E-03
 482   0.508053E-03  -0.762335E-04   0.162423E-01   0.510563E-02   0.400000E-03
 483   0.468731E-03  -0.723215E-03   0.169392E-01   0.517247E-02   0.300000E-03
 484   0.905374E-03  -0.577755E-03   0.185352E-01   0.522290E-02   0.300000E-03
 485   0.190039E-03  -0.139793E-02   0.195326E-01   0.509407E-02   0.350000E-03
 486   0.506499E-03  -0.376516E-03   0.201753E-01   0.496508E-02   0.300000E-03
 487   0.495562E-03  -0.568552E-03   0.212515E-01   0.497784E-02   0.350000E-03
 488  -0.541331E-03  -0.903967E-03   0.217680E-01   0.516363E-02   0.200000E-03
 489   0.484717E-03   0.258067E-04   0.245477E-01   0.399904E-02   0.250000E-03
 490   0.998976E-03  -0.584857E-04   0.272108E-01   0.340372E-02   0.250000E-03
 491   0.202571E-03   0.253841E-04   0.282291E-01   0.345715E-02   0.300000E-03
 492   0.293077E-03  -0.133968E-03   0.292067E-01   0.379503E-02   0.400000E-03
 493   0.675564E-03   0.558412E-03   0.299504E-01   0.358268E-02   0.300000E-03
 494  -0.845810E-03   0.512715E-03   0.312191E-01   0.371574E-02   0.200000E-03
 495  -0.171957E-03   0.475279E-04   0.328862E-01   0.400116E-02   0.200000E-03
 496  -0.789294E-03   0.641340E-03   0.359383E-01   0.418813E-02   0.350000E-03
 497  -0.358040E-03  -0.538120E-03   0.361119E-01   0.372125E-02   0.150000E-03
 498  -0.111862E-03  -0.484353E-03   0.373741E-01   0.381646E-02   0.250000E-03
 499  -0.258495E-03  -0.746011E-04   0.375434E-01   0.334678E-02   0.250000E-03
 500  -0.775247E-03   0.337605E-03   0.394095E-01   0.310511E-02   0.150000E-03
 501  -0.191434E-03  -0.118011E-03   0.401707E-01   0.246108E-02   0.250000E-03
 502  -0.755690E-03  -0.148069E-03   0.413256E-01   0.211625E-02   0.300000E-03
 503  -0.168265E-02   0.222116E-03   0.429688E-01   0.263627E-02   0.350000E-03
 504  -0.119548E-02  -0.397526E-03   0.433060E-01   0.208143E-02   0.300000E-03
 505   0.250784E-03  -0.194502E-03   0.165076E-02   0.389157E-02   0.350000E-03
 506   0.330570E-03  -0.531781E-03   0.186814E-02   0.333366E-02   0.250000E-03
 507   0.103997E-03  -0.272505E-03   0.332986E-02   0.353515E-02   0.250000E-03
 508   0.182696E-04  -0.193492E-03   0.437233E-02   0.368751E-02   0.300000E-03
 509   0.137070E-03  -0.500590E-03   0.607023E-02   0.429540E-02   0.250000E-03
 510  -0.102502E-03  -0.455314E-03   0.747654E-02   0.457528E-02   0.300000E-03
 511   0.182911E-03   0.380647E-04   0.874029E-02   0.423689E-02   0.300000E-03
 512   0.632298E-03  -0.395080E-03   0.103218E-01   0.377658E-02   0.350000E-03
 513  -0.193755E-03  -0.138431E-02   0.114490E-01   0.352799E-02   0.300000E-03
 514   0.706131E-04  -0.403265E-03   0.128570E-01   0.443436E-02   0.400000E-03
 515   0.133478E-03  -0.346874E-03   0.135934E-01   0.414946E-02   0.350000E-03
 516   0.605889E-03  -0.388079E-03   0.142653E-01   0.463585E-02   0.350000E-03
 517   0.396682E-03  -0.272514E-03   0.151066E-01   0.458715E-02   0.150000E-03
 518   0.266863E-03  -0.447233E-04   0.154631E-01   0.528232E-02   0.400000E-03
 519   0.536268E-03   0.122357E-03   0.176536E-01   0.505623E-02   0.350000E-03
 520  -0.864904E-04  -0.116292E-02   0.190493E-01   0.552830E-02   0.300000E-03
 521   0.609985E-03  -0.885567E-03   0.200342E-01   0.564978E-02   0.400000E-03
 522   0.341704E-03  -0.465899E-03   0.206088E-01   0.530077E-02   0.250000E-03
 523  -0.534165E-03  -0.818170E-04   0.217500E-01   0.561128E-02   0.250000E-03
 524   0.454014E-03  -0.651612E-03   0.230391E-01   0.414849E-02   0.300000E-03
 525   0.587384E-03   0.578993E-04   0.250984E-01   0.440561E-02   0.400000E-03
 526   0.762871E-03   0.344882E-04   0.255594E-01   0.395294E-02   0.250000E-03
 527   0.660283E-03  -0.102432E-02   0.276914E-01   0.372920E-02   0.300000E-03
 528   0.109739E-03   0.160820E-03   0.290931E-01   0.453571E-02   0.350000E-03
 529  -0.452943E-03  -0.210242E-03   0.304264E-01   0.439732E-02   0.300000E-03
 530  -0.415351E-03   0.516871E-03   0.321454E-01   0.406294E-02   0.150000E-03
 531  -0.633329E-03  -0.499475E-03   0.330434E-01   0.356540E-02   0.200000E-03
 532  -0.526045E-03   0.481219E-03   0.351946E-01   0.426964E-02   0.400000E-03
 533  -0.121314E-02  -0.283084E-03   0.368490E-01   0.397902E-02   0.300000E-03
 534  -0.671197E-03   0.329857E-03   0.382359E-01   0.444924E-02   0.300000E-03
 535  -0.345000E-03  -0.127628E-03   0.379200E-01   0.374717E-02   0.300000E-03
 536  -0.730717E-03  -0.206313E-05   0.387110E-01   0.314771E-02   0.150000E-03
 537  -0.252452E-03  -0.226629E-03   0.404506E-01   0.274568E-02   0.150000E-03
 538  -0.283074E-03   0.280946E-03   0.417691E-01   0.251453E-02   0.300000E-03
 539  -0.116577E-02   0.419122E-03   0.423591E-01   0.241499E-02   0.300000E-03
 540  -0.521586E-03   0.343532E-03   0.439691E-01   0.284575E-02   0.250000E-03
 541   0.866918E-04  -0.121657E-02   0.471633E-02   0.859117E-02   0.300000E-03
 542  -0.243389E-03  -0.552510E-03   0.258063E-02   0.356309E-02   0.500000E-03
 543  -0.139351E-03  -0.481694E-03   0.376201E-02   0.387411E-02   0.300000E-03
 544   0.120824E-03  -0.343596E-03   0.419882E-02   0.420798E-02   0.250000E-03
 545   0.446496E-03  -0.161012E-03   0.531093E-02   0.417290E-02   0.250000E-03
 546   0.226928E-03  -0.385363E-03   0.856947E-02   0.496612E-02   0.450000E-03
 547  -0.221947E-04  -0.635281E-04   0.922632E-02   0.458695E-02   0.300000E-03
 548   0.134870E-03   0.520594E-04   0.975386E-02   0.452170E-02   0.200000E-03
 549   0.538485E-03  -0.194597E-03   0.110705E-01   0.435101E-02   0.400000E-03
 550   0.226302E-03  -0.110959E-03   0.116400E-01   0.403957E-02   0.250000E-03
 551   0.206687E-03  -0.221815E-03   0.135296E-01   0.494631E-02   0.450000E-03
 552   0.613279E-03  -0.145741E-03   0.142283E-01   0.533180E-02   0.350000E-03
 553   0.630805E-03  -0.328044E-03   0.148194E-01   0.486538E-02   0.250000E-03
 554   0.412295E-03  -0.273403E-03   0.150930E-01   0.581109E-02   0.250000E-03
 555   0.461005E-03  -0.196671E-03   0.160069E-01   0.586840E-02   0.400000E-03
 556   0.521103E-03  -0.239050E-03   0.180478E-01   0.556968E-02   0.300000E-03
 557   0.943095E-03  -0.508453E-03   0.187915E-01   0.485365E-02   0.150000E-03
 558   0.552007E-03  -0.107216E-03   0.211114E-01   0.571110E-02   0.400000E-03
 559   0.457266E-03  -0.244688E-03   0.225368E-01   0.468167E-02   0.250000E-03
 560   0.512457E-03  -0.585538E-04   0.236215E-01   0.445898E-02   0.250000E-03
 561   0.556678E-03   0.272369E-03   0.258444E-01   0.447921E-02   0.350000E-03
 562   0.813370E-03  -0.265885E-03   0.261465E-01   0.384965E-02   0.350000E-03
 563   0.241269E-03   0.155569E-03   0.284758E-01   0.411045E-02   0.400000E-03
 564  -0.452756E-03  -0.213735E-02   0.284970E-01   0.480960E-02   0.300000E-03
 565   0.653911E-04  -0.220500E-03   0.298000E-01   0.424678E-02   0.350000E-03
 566  -0.844109E-03  -0.193723E-03   0.312625E-01   0.436789E-02   0.450000E-03
 567  -0.446186E-03  -0.131909E-02   0.332536E-01   0.328579E-02   0.150000E-03
 568  -0.843030E-03   0.372848E-03   0.338535E-01   0.382125E-02   0.100000E-03
 569  -0.770628E-03   0.557521E-03   0.369804E-01   0.450984E-02   0.250000E-03
 570  -0.575277E-03   0.452503E-03   0.378110E-01   0.487125E-02   0.300000E-03
 571  -0.928349E-03   0.359747E-03   0.384777E-01   0.352684E-02   0.300000E-03
 572  -0.512665E-03   0.139689E-03   0.390773E-01   0.340751E-02   0.300000E-03
 573  -0.661866E-03   0.339517E-03   0.397537E-01   0.281596E-02   0.300000E-03
 574  -0.632638E-03   0.347563E-03   0.414280E-01   0.323389E-02   0.500000E-03
 575  -0.762701E-03  -0.280106E-03   0.421409E-01   0.291770E-02   0.250000E-03
 576  -0.680853E-03   0.162669E-03   0.444202E-01   0.385766E-02   0.300000E-03
 577   0.321151E-03  -0.695878E-03   0.303940E-03   0.470329E-02   0.300000E-03
 578  -0.377159E-03  -0.489367E-03   0.261445E-02   0.440650E-02   0.350000E-03
 579   0.277215E-03  -0.198024E-03   0.476418E-02   0.440932E-02   0.350000E-03
 580   0.403419E-03  -0.377285E-03   0.542474E-02   0.465870E-02   0.250000E-03
 581  -0.315423E-03  -0.119420E-03   0.707811E-02   0.417372E-02   0.150000E-03
 582   0.227055E-03  -0.673655E-03   0.792719E-02   0.486652E-02   0.200000E-03
 583   0.228052E-03   0.274042E-03   0.994264E-02   0.492763E-02   0.250000E-03
 584   0.668300E-03  -0.171050E-03   0.103328E-01   0.447421E-02   0.350000E-03
 585   0.515177E-03  -0.271646E-03   0.106929E-01   0.518640E-02   0.450000E-03
 586   0.203602E-03  -0.192672E-03   0.118567E-01   0.454275E-02   0.300000E-03
 587  -0.380016E-03  -0.431679E-03   0.123260E-01   0.471233E-02   0.200000E-03
 588   0.970603E-04  -0.856273E-04   0.136652E-01   0.558166E-02   0.200000E-03
 589   0.531084E-03  -0.143181E-03   0.148237E-01   0.539025E-02   0.250000E-03
 590   0.517000E-03  -0.213572E-03   0.154485E-01   0.608553E-02   0.200000E-03
 591   0.320902E-03   0.165945E-03   0.173537E-01   0.556876E-02   0.250000E-03
 592   0.471019E-03  -0.185635E-03   0.181056E-01   0.616429E-02   0.300000E-03
 593   0.595744E-03  -0.218523E-03   0.194212E-01   0.599704E-02   0.300000E-03
 594   0.897358E-03  -0.422038E-03   0.205452E-01   0.619792E-02   0.350000E-03
 595  -0.777655E-03  -0.921268E-03   0.221567E-01   0.507515E-02   0.200000E-03
 596   0.523971E-03  -0.236552E-03   0.231266E-01   0.479062E-02   0.350000E-03
 597   0.536844E-03  -0.633222E-04   0.243276E-01   0.460901E-02   0.400000E-03
 598   0.988469E-03   0.261322E-04   0.265432E-01   0.442195E-02   0.350000E-03
 599   0.975558E-03   0.224501E-03   0.270924E-01   0.398915E-02   0.350000E-03
 600   0.560877E-04   0.698973E-04   0.298402E-01   0.489313E-02   0.300000E-03
 601  -0.574975E-03   0.104757E-03   0.304722E-01   0.503584E-02   0.350000E-03
 602  -0.681221E-03   0.994713E-04   0.309457E-01   0.487673E-02   0.150000E-03
 603  -0.183568E-04   0.616691E-03   0.330275E-01   0.453071E-02   0.350000E-03
 604  -0.180556E-03   0.140042E-03   0.334314E-01   0.395979E-02   0.350000E-03
 605  -0.940471E-03   0.562364E-03   0.363943E-01   0.478137E-02   0.400000E-03
 606  -0.815879E-03   0.591099E-03   0.385043E-01   0.514899E-02   0.450000E-03
 607  -0.943309E-03   0.520160E-03   0.386147E-01   0.405393E-02   0.250000E-03
 608  -0.378422E-03  -0.129967E-03   0.396744E-01   0.346856E-02   0.300000E-03
 609  -0.650789E-03   0.521165E-03   0.402701E-01   0.320766E-02   0.350000E-03
 610  -0.304372E-03   0.314267E-03   0.408904E-01   0.279838E-02   0.150000E-03
 611  -0.987467E-03   0.301590E-03   0.428138E-01   0.362704E-02   0.450000E-03
 612  -0.696341E-03   0.191843E-03   0.434483E-01   0.314595E-02   0.350000E-03
 613  -0.142162E-04   0.340009E-03   0.104008E-01   0.865188E-02   0.350000E-03
 614  -0.946452E-04  -0.403939E-03   0.313576E-02   0.457131E-02   0.200000E-03
 615   0.506990E-05  -0.381334E-03   0.368008E-02   0.451563E-02   0.350000E-03
 616   0.527336E-03  -0.603342E-03   0.567531E-02   0.435117E-02   0.150000E-03
 617  -0.235473E-03  -0.592685E-03   0.662620E-02   0.451178E-02   0.350000E-03
 618   0.126861E-03  -0.233573E-03   0.811781E-02   0.556149E-02   0.300000E-03
 619   0.874848E-05  -0.589658E-03   0.928648E-02   0.518283E-02   0.300000E-03
 620   0.297097E-03  -0.298564E-03   0.986333E-02   0.557043E-02   0.400000E-03
 621   0.489082E-03   0.912847E-05   0.113830E-01   0.537430E-02   0.250000E-03
 622   0.599385E-03  -0.480275E-03   0.114312E-01   0.488437E-02   0.250000E-03
 623  -0.356894E-04   0.215537E-04   0.126511E-01   0.515538E-02   0.350000E-03
 624   0.497964E-03  -0.209541E-03   0.139841E-01   0.582291E-02   0.200000E-03
 625   0.424805E-03  -0.313115E-03   0.145143E-01   0.596495E-02   0.350000E-03
 626   0.692041E-03   0.154648E-03   0.166148E-01   0.550637E-02   0.150000E-03
 627   0.519947E-03   0.954424E-04   0.169199E-01   0.567240E-02   0.200000E-03
 628   0.210345E-03  -0.101588E-03   0.175106E-01   0.609072E-02   0.300000E-03
 629   0.184691E-03  -0.511980E-03   0.187109E-01   0.659930E-02   0.450000E-03
 630  -0.289795E-04  -0.796381E-03   0.217644E-01   0.616125E-02   0.300000E-03
 631   0.667501E-03  -0.271227E-03   0.226544E-01   0.530499E-02   0.350000E-03
 632   0.445095E-03   0.131761E-04   0.237434E-01   0.499332E-02   0.300000E-03
 633   0.711386E-03   0.295775E-03   0.245733E-01   0.520857E-02   0.250000E-03
 634   0.863546E-03   0.102416E-04   0.270780E-01   0.453582E-02   0.200000E-03
 635   0.522545E-03  -0.222215E-04   0.277199E-01   0.448046E-02   0.450000E-03
 636   0.531456E-04   0.483770E-04   0.293004E-01   0.515035E-02   0.300000E-03
 637  -0.364470E-03  -0.156481E-03   0.302741E-01   0.565040E-02   0.300000E-03
 638  -0.107351E-02   0.903185E-03   0.321444E-01   0.474508E-02   0.350000E-03
 639  -0.319493E-03   0.614854E-03   0.342830E-01   0.479369E-02   0.250000E-03
 640  -0.375629E-03   0.617317E-03   0.344966E-01   0.429090E-02   0.300000E-03
 641  -0.844238E-03   0.600170E-03   0.368714E-01   0.529098E-02   0.300000E-03
 642  -0.905393E-03   0.496803E-03   0.372666E-01   0.491258E-02   0.250000E-03
 643  -0.773639E-03   0.817694E-03   0.387983E-01   0.451489E-02   0.250000E-03
 644  -0.355924E-03   0.639962E-03   0.392788E-01   0.407739E-02   0.400000E-03
 645  -0.879086E-03  -0.438417E-03   0.417291E-01   0.386532E-02   0.200000E-03
 646  -0.300224E-03   0.678419E-03   0.407898E-01   0.335740E-02   0.150000E-03
 647  -0.119240E-02  -0.269339E-03   0.425782E-01   0.302188E-02   0.200000E-03
 648  -0.761192E-03   0.259881E-03   0.448027E-01   0.353913E-02   0.200000E-03
 649   0.459761E-03  -0.626219E-03   0.720333E-03   0.497983E-02   0.200000E-03
 650  -0.413029E-03  -0.383853E-03   0.266033E-02   0.509889E-02   0.350000E-03
 651  -0.792940E-04  -0.392934E-03   0.319641E-02   0.407359E-02   0.300000E-03
 652   0.182621E-03  -0.336933E-03   0.457868E-02   0.500363E-02   0.200000E-03
 653  -0.223943E-03  -0.553359E-03   0.655491E-02   0.500443E-02   0.150000E-03
 654  -0.658576E-04  -0.352883E-03   0.748301E-02   0.526924E-02   0.400000E-03
 655   0.198145E-03  -0.200822E-03   0.874625E-02   0.574543E-02   0.350000E-03
 656   0.129465E-03  -0.229683E-03   0.931863E-02   0.592339E-02   0.250000E-03
 657   0.253818E-03  -0.191522E-03   0.104367E-01   0.596537E-02   0.300000E-03
 658   0.138071E-03   0.568432E-05   0.119519E-01   0.518470E-02   0.350000E-03
 659  -0.133717E-04   0.731127E-04   0.131286E-01   0.551809E-02   0.250000E-03
 660   0.158868E-03   0.115478E-03   0.135982E-01   0.628003E-02   0.400000E-03
 661   0.513550E-03  -0.181407E-03   0.150291E-01   0.635598E-02   0.300000E-03
 662   0.577264E-03  -0.163016E-03   0.163410E-01   0.648027E-02   0.300000E-03
 663   0.123142E-03   0.576044E-03   0.166420E-01   0.602289E-02   0.250000E-03
 664   0.243017E-03  -0.158784E-03   0.177501E-01   0.658278E-02   0.250000E-03
 665   0.512365E-03  -0.282345E-03   0.199131E-01   0.633821E-02   0.300000E-03
 666   0.545338E-03   0.907608E-04   0.211690E-01   0.640725E-02   0.300000E-03
 667   0.231356E-03   0.262861E-03   0.222585E-01   0.581532E-02   0.300000E-03
 668   0.407475E-03  -0.826688E-04   0.233151E-01   0.541239E-02   0.300000E-03
 669   0.507319E-03  -0.718394E-04   0.247899E-01   0.479860E-02   0.100000E-03
 670   0.918465E-03   0.564612E-04   0.262795E-01   0.490069E-02   0.200000E-03
 671   0.122075E-03   0.246525E-04   0.284244E-01   0.530435E-02   0.200000E-03
 672   0.700874E-03   0.232378E-03   0.280251E-01   0.510866E-02   0.250000E-03
 673  -0.100651E-03   0.272797E-03   0.309764E-01   0.550948E-02   0.350000E-03
 674  -0.539250E-03   0.561610E-03   0.315507E-01   0.511347E-02   0.350000E-03
 675  -0.367553E-03   0.415612E-03   0.324934E-01   0.426223E-02   0.250000E-03
 676  -0.586237E-03   0.624365E-03   0.347816E-01   0.477038E-02   0.250000E-03
 677  -0.767798E-03   0.605018E-03   0.369627E-01   0.598327E-02   0.400000E-03
 678  -0.702044E-03   0.626228E-03   0.374110E-01   0.538985E-02   0.250000E-03
 679  -0.885941E-03   0.408071E-03   0.390944E-01   0.541779E-02   0.200000E-03
 680  -0.897685E-03   0.531477E-03   0.392610E-01   0.489492E-02   0.350000E-03
 681  -0.549019E-03   0.131640E-03   0.410992E-01   0.390349E-02   0.250000E-03
 682  -0.884131E-03   0.316101E-03   0.421512E-01   0.341591E-02   0.250000E-03
 683  -0.786731E-03   0.278178E-03   0.440300E-01   0.455285E-02   0.500000E-03
 684  -0.603141E-03   0.213983E-03   0.440486E-01   0.338921E-02   0.300000E-03
 685  -0.360984E-03  -0.427986E-03   0.348323E-03   0.742529E-02   0.350000E-03
 686  -0.139325E-03  -0.315811E-03   0.332458E-02   0.568657E-02   0.350000E-03
 687  -0.106122E-03  -0.355663E-03   0.330504E-02   0.504065E-02   0.300000E-03
 688   0.352177E-03  -0.430413E-03   0.502334E-02   0.495025E-02   0.250000E-03
 689  -0.149806E-03  -0.425131E-03   0.705905E-02   0.484608E-02   0.200000E-03
 690  -0.109316E-04  -0.296404E-03   0.760456E-02   0.600250E-02   0.350000E-03
 691   0.413520E-03  -0.477865E-04   0.875943E-02   0.652744E-02   0.350000E-03
 692   0.105904E-03   0.108991E-03   0.987359E-02   0.626817E-02   0.300000E-03
 693   0.191394E-03   0.706903E-04   0.103642E-01   0.650880E-02   0.250000E-03
 694   0.477912E-03  -0.217436E-03   0.110803E-01   0.588532E-02   0.350000E-03
 695  -0.172661E-03   0.426997E-03   0.128774E-01   0.606231E-02   0.350000E-03
 696   0.744154E-03  -0.274328E-03   0.146056E-01   0.727754E-02   0.250000E-03
 697   0.297388E-03   0.533329E-04   0.143082E-01   0.668257E-02   0.400000E-03
 698   0.463173E-03  -0.190818E-03   0.156638E-01   0.664417E-02   0.400000E-03
 699   0.357401E-03  -0.242821E-03   0.170589E-01   0.668689E-02   0.450000E-03
 700   0.659709E-04  -0.361097E-03   0.180872E-01   0.701498E-02   0.300000E-03
 701   0.509206E-03  -0.358665E-03   0.194505E-01   0.671560E-02   0.300000E-03
 702   0.761601E-03  -0.243534E-03   0.203192E-01   0.690784E-02   0.400000E-03
 703   0.527297E-03  -0.297679E-03   0.229345E-01   0.599908E-02   0.400000E-03
 704   0.590817E-03   0.330574E-03   0.240677E-01   0.561222E-02   0.400000E-03
 705   0.615994E-03   0.296298E-03   0.250472E-01   0.505260E-02   0.250000E-03
 706   0.586114E-03   0.233977E-03   0.258665E-01   0.507677E-02   0.250000E-03
 707   0.735701E-03   0.306110E-03   0.268829E-01   0.509947E-02   0.400000E-03
 708  -0.280335E-04  -0.120637E-03   0.297678E-01   0.543746E-02   0.250000E-03
 709  -0.101125E-02   0.307924E-03   0.320711E-01   0.528952E-02   0.200000E-03
 710  -0.470339E-03   0.117608E-02   0.326787E-01   0.501656E-02   0.250000E-03
 711   0.109092E-03   0.646408E-03   0.337213E-01   0.459390E-02   0.350000E-03
 712  -0.627611E-03   0.564487E-03   0.351066E-01   0.521384E-02   0.300000E-03
 713  -0.849615E-03   0.509647E-03   0.381517E-01   0.635950E-02   0.350000E-03
 714  -0.812730E-03   0.530225E-03   0.379237E-01   0.569815E-02   0.350000E-03
 715  -0.873537E-03   0.389604E-03   0.388321E-01   0.564659E-02   0.150000E-03
 716  -0.115496E-02   0.610936E-03   0.397370E-01   0.453831E-02   0.250000E-03
 717  -0.417621E-03   0.652286E-05   0.400774E-01   0.366875E-02   0.150000E-03
 718  -0.872248E-03   0.327798E-03   0.421764E-01   0.391396E-02   0.250000E-03
 719  -0.415606E-03   0.301749E-04   0.448014E-01   0.547160E-02   0.200000E-03
 720   0.151921E-02   0.968835E-03   0.434033E-01   0.731218E-02   0.350000E-03
 721  -0.600279E-03  -0.610721E-03   0.215235E-02   0.411479E-02   0.200000E-03
 722  -0.108283E-02  -0.345150E-03   0.201875E-02   0.519126E-02   0.300000E-03
 723   0.277869E-03  -0.277137E-03   0.424684E-02   0.470490E-02   0.250000E-03
 724   0.118971E-03  -0.525868E-03   0.600906E-02   0.494197E-02   0.400000E-03
 725  -0.112642E-03  -0.585856E-03   0.692369E-02   0.516798E-02   0.150000E-03
 726  -0.216681E-03  -0.499789E-03   0.653170E-02   0.555196E-02   0.400000E-03
 727   0.113582E-03  -0.212560E-03   0.823656E-02   0.614824E-02   0.300000E-03
 728   0.732755E-04   0.139188E-04   0.934824E-02   0.642190E-02   0.250000E-03
 729   0.153991E-03  -0.338432E-03   0.970528E-02   0.684383E-02   0.300000E-03
 730   0.383651E-04  -0.115108E-03   0.123219E-01   0.565663E-02   0.250000E-03
 731   0.250691E-03  -0.197566E-03   0.121886E-01   0.625635E-02   0.350000E-03
 732   0.567427E-03  -0.166554E-03   0.130785E-01   0.666635E-02   0.250000E-03
 733   0.433748E-03   0.327220E-04   0.149228E-01   0.689338E-02   0.250000E-03
 734   0.582871E-03  -0.185018E-04   0.161784E-01   0.695255E-02   0.200000E-03
 735   0.260181E-03  -0.418812E-03   0.175235E-01   0.733634E-02   0.350000E-03
 736   0.215929E-03  -0.109596E-03   0.190266E-01   0.738765E-02   0.400000E-03
 737   0.595326E-03  -0.187050E-03   0.197122E-01   0.725453E-02   0.300000E-03
 738   0.454597E-03  -0.230171E-03   0.213948E-01   0.706868E-02   0.400000E-03
 739   0.246671E-03  -0.431016E-04   0.223427E-01   0.645811E-02   0.350000E-03
 740   0.916535E-03  -0.191118E-03   0.236468E-01   0.623099E-02   0.350000E-03
 741   0.753354E-03   0.416267E-03   0.247407E-01   0.567697E-02   0.250000E-03
 742   0.952012E-03   0.297583E-03   0.262868E-01   0.534960E-02   0.250000E-03
 743   0.547898E-03   0.210672E-03   0.275288E-01   0.515239E-02   0.250000E-03
 744   0.108565E-02  -0.192120E-03   0.288069E-01   0.520162E-02   0.200000E-03
 745  -0.575321E-03   0.515331E-04   0.315589E-01   0.571284E-02   0.250000E-03
 746  -0.558459E-03   0.513472E-03   0.327984E-01   0.560237E-02   0.350000E-03
 747  -0.161163E-03   0.159043E-03   0.332532E-01   0.513914E-02   0.300000E-03
 748  -0.538418E-03   0.472236E-03   0.356500E-01   0.486004E-02   0.350000E-03
 749  -0.868201E-03   0.569690E-03   0.363051E-01   0.547479E-02   0.300000E-03
 750  -0.670251E-03   0.549044E-03   0.384991E-01   0.586726E-02   0.250000E-03
 751  -0.619694E-03   0.447597E-03   0.391586E-01   0.594947E-02   0.300000E-03
 752  -0.123247E-02   0.757290E-03   0.401922E-01   0.423959E-02   0.300000E-03
 753  -0.342556E-03   0.359143E-03   0.407477E-01   0.306085E-02   0.150000E-03
 754  -0.732138E-03   0.228055E-03   0.418933E-01   0.419487E-02   0.150000E-03
 755  -0.468840E-03  -0.479275E-04   0.425390E-01   0.415906E-02   0.150000E-03
 756   0.766301E-03   0.857333E-03   0.431112E-01   0.673186E-02   0.300000E-03
 757  -0.985847E-03  -0.377248E-04   0.184042E-02   0.456675E-02   0.350000E-03
 758   0.200018E-03  -0.331601E-03   0.401898E-02   0.576526E-02   0.350000E-03
 759   0.210658E-03  -0.238176E-03   0.389729E-02   0.512783E-02   0.300000E-03
 760  -0.118914E-03  -0.492583E-03   0.473417E-02   0.565394E-02   0.300000E-03
 761   0.198074E-03  -0.606343E-03   0.540882E-02   0.546947E-02   0.400000E-03
 762   0.160898E-04  -0.747209E-03   0.593370E-02   0.600181E-02   0.350000E-03
 763  -0.155041E-03  -0.331640E-03   0.690135E-02   0.625973E-02   0.400000E-03
 764   0.801292E-03  -0.249977E-03   0.816605E-02   0.679124E-02   0.300000E-03
 765   0.356525E-03  -0.432543E-03   0.115110E-01   0.643211E-02   0.350000E-03
 766   0.196300E-03  -0.253936E-03   0.117314E-01   0.579559E-02   0.300000E-03
 767   0.139369E-03  -0.225800E-03   0.126440E-01   0.655959E-02   0.200000E-03
 768   0.169056E-03  -0.287778E-03   0.136999E-01   0.692093E-02   0.250000E-03
 769   0.515669E-03   0.126917E-03   0.152209E-01   0.741254E-02   0.350000E-03
 770   0.503335E-03   0.112766E-03   0.158043E-01   0.727700E-02   0.250000E-03
 771   0.691418E-03  -0.202312E-04   0.165287E-01   0.683285E-02   0.100000E-03
 772   0.107019E-04  -0.963594E-04   0.183846E-01   0.747395E-02   0.250000E-03
 773   0.387644E-03  -0.594362E-03   0.200696E-01   0.785565E-02   0.400000E-03
 774   0.615111E-03  -0.359110E-03   0.207791E-01   0.749508E-02   0.350000E-03
 775   0.762683E-03  -0.435654E-04   0.231775E-01   0.660118E-02   0.250000E-03
 776   0.730124E-03  -0.344162E-03   0.247700E-01   0.612327E-02   0.200000E-03
 777   0.730842E-03   0.246716E-03   0.254624E-01   0.488069E-02   0.200000E-03
 778   0.489290E-03   0.484896E-03   0.258759E-01   0.552426E-02   0.200000E-03
 779   0.515024E-03  -0.414580E-03   0.275730E-01   0.569845E-02   0.300000E-03
 780  -0.950592E-05  -0.364624E-03   0.292919E-01   0.579971E-02   0.350000E-03
 781  -0.799110E-04   0.665626E-04   0.306641E-01   0.596103E-02   0.200000E-03
 782  -0.102658E-02  -0.428156E-06   0.321037E-01   0.578782E-02   0.300000E-03
 783   0.166793E-03   0.205062E-03   0.338889E-01   0.527226E-02   0.350000E-03
 784  -0.415693E-03   0.313972E-03   0.344346E-01   0.521372E-02   0.200000E-03
 785  -0.653555E-03   0.506820E-03   0.356639E-01   0.555795E-02   0.350000E-03
 786  -0.493272E-03   0.651414E-03   0.375780E-01   0.618999E-02   0.250000E-03
 787  -0.370532E-03   0.496494E-03   0.397216E-01   0.615081E-02   0.300000E-03
 788  -0.248622E-03   0.507979E-03   0.396354E-01   0.550394E-02   0.350000E-03
 789  -0.824422E-03   0.179606E-03   0.405684E-01   0.377577E-02   0.300000E-03
 790  -0.387787E-03   0.562891E-04   0.414599E-01   0.430676E-02   0.300000E-03
 791  -0.773128E-03   0.196909E-03   0.431267E-01   0.436286E-02   0.350000E-03
 792  -0.599316E-03  -0.375118E-03   0.438881E-01   0.518694E-02   0.150000E-03
 793  -0.338554E-03  -0.364562E-03   0.284133E-02   0.556285E-02   0.150000E-03
 794  -0.566155E-03   0.593556E-04   0.242021E-02   0.553263E-02   0.150000E-03
 795   0.119748E-03  -0.276531E-03   0.435323E-02   0.533084E-02   0.200000E-03
 796   0.156166E-03  -0.746495E-03   0.265154E-02   0.655761E-02   0.300000E-03
 797  -0.618161E-04  -0.600669E-03   0.451031E-02   0.633030E-02   0.400000E-03
 798   0.185866E-03  -0.699281E-03   0.518023E-02   0.612932E-02   0.300000E-03
 799  -0.102459E-03  -0.373409E-03   0.752369E-02   0.669344E-02   0.350000E-03
 800   0.333879E-03  -0.556424E-03   0.882872E-02   0.712236E-02   0.250000E-03
 801   0.130501E-03  -0.786812E-04   0.107762E-01   0.678983E-02   0.250000E-03
 802   0.298110E-03  -0.366555E-03   0.112431E-01   0.696854E-02   0.250000E-03
 803   0.372784E-03  -0.477377E-03   0.119694E-01   0.681423E-02   0.250000E-03
 804   0.473305E-03  -0.489955E-03   0.132239E-01   0.719605E-02   0.300000E-03
 805   0.387242E-03  -0.246703E-03   0.140604E-01   0.733571E-02   0.300000E-03
 806   0.706715E-04   0.461422E-03   0.157033E-01   0.771508E-02   0.200000E-03
 807   0.186194E-03  -0.541455E-03   0.179456E-01   0.776179E-02   0.250000E-03
 808   0.196120E-03  -0.558576E-03   0.190470E-01   0.823593E-02   0.450000E-03
 809   0.611759E-03  -0.359035E-03   0.213609E-01   0.778072E-02   0.300000E-03
 810   0.267997E-03  -0.188245E-03   0.220936E-01   0.705671E-02   0.300000E-03
 811   0.906063E-03  -0.279720E-04   0.236693E-01   0.687883E-02   0.300000E-03
 812   0.379033E-03  -0.260166E-03   0.242946E-01   0.627379E-02   0.300000E-03
 813   0.692916E-03   0.457028E-03   0.253311E-01   0.558047E-02   0.350000E-03
 814   0.502863E-03  -0.395062E-03   0.270742E-01   0.566752E-02   0.200000E-03
 815  -0.378609E-04  -0.368438E-03   0.285482E-01   0.588871E-02   0.400000E-03
 816  -0.467862E-03  -0.331345E-03   0.312112E-01   0.600025E-02   0.200000E-03
 817  -0.369109E-03  -0.243398E-03   0.302169E-01   0.624613E-02   0.300000E-03
 818  -0.401018E-03   0.988024E-04   0.325425E-01   0.619651E-02   0.300000E-03
 819  -0.116590E-03   0.545415E-03   0.334343E-01   0.573491E-02   0.300000E-03
 820  -0.390064E-03   0.286881E-03   0.346891E-01   0.564045E-02   0.300000E-03
 821  -0.658397E-03  -0.178270E-03   0.361828E-01   0.606045E-02   0.300000E-03
 822  -0.427955E-03  -0.212746E-03   0.378128E-01   0.691388E-02   0.300000E-03
 823  -0.593093E-03   0.500409E-03   0.387483E-01   0.631306E-02   0.250000E-03
 824  -0.996179E-03   0.655460E-03   0.408169E-01   0.557603E-02   0.350000E-03
 825  -0.782172E-03   0.927273E-03   0.402586E-01   0.500397E-02   0.450000E-03
 826  -0.854272E-03   0.944513E-03   0.408134E-01   0.442969E-02   0.350000E-03
 827  -0.890866E-03   0.308716E-03   0.422300E-01   0.441060E-02   0.250000E-03
 828  -0.703455E-03   0.649079E-03   0.402851E-01   0.693947E-02   0.350000E-03
 829  -0.119383E-03  -0.743929E-03   0.262886E-02   0.595836E-02   0.300000E-03
 830   0.360805E-03  -0.411380E-03   0.298563E-03   0.530181E-02   0.300000E-03
 831   0.419891E-03  -0.112434E-02   0.313391E-03   0.580111E-02   0.200000E-03
 832   0.498672E-04  -0.687466E-03   0.309967E-02   0.624184E-02   0.250000E-03
 833   0.200727E-03  -0.344921E-03   0.329216E-02   0.675575E-02   0.300000E-03
 834   0.171189E-03  -0.439493E-03   0.508899E-02   0.672189E-02   0.300000E-03
 835   0.132470E-03  -0.472451E-03   0.576930E-02   0.688753E-02   0.300000E-03
 836  -0.138068E-03   0.116133E-03   0.760139E-02   0.738704E-02   0.350000E-03
 837   0.141876E-03   0.928931E-04   0.107801E-01   0.634192E-02   0.200000E-03
 838   0.183524E-03  -0.103654E-03   0.117237E-01   0.736058E-02   0.350000E-03
 839   0.230052E-03  -0.526143E-03   0.125264E-01   0.714675E-02   0.400000E-03
 840   0.439865E-03   0.139392E-03   0.141235E-01   0.793187E-02   0.300000E-03
 841   0.626958E-03   0.401689E-04   0.147122E-01   0.781623E-02   0.300000E-03
 842   0.367685E-03  -0.485829E-03   0.169683E-01   0.767032E-02   0.300000E-03
 843  -0.851163E-05  -0.652311E-03   0.183991E-01   0.797173E-02   0.250000E-03
 844   0.195064E-03  -0.227862E-03   0.197556E-01   0.848090E-02   0.300000E-03
 845   0.627626E-03  -0.465377E-03   0.207394E-01   0.819217E-02   0.350000E-03
 846   0.111422E-03  -0.656276E-04   0.218610E-01   0.755400E-02   0.250000E-03
 847   0.752738E-03   0.355195E-04   0.231340E-01   0.714824E-02   0.300000E-03
 848   0.379657E-03  -0.120216E-03   0.243629E-01   0.696884E-02   0.400000E-03
 849   0.576706E-03  -0.329471E-03   0.252954E-01   0.628267E-02   0.350000E-03
 850   0.829327E-03   0.377143E-03   0.266314E-01   0.563853E-02   0.200000E-03
 851   0.986022E-03  -0.148167E-03   0.264787E-01   0.610986E-02   0.300000E-03
 852  -0.390423E-04  -0.125550E-03   0.298600E-01   0.582625E-02   0.150000E-03
 853  -0.667094E-03  -0.566993E-03   0.316609E-01   0.631192E-02   0.350000E-03
 854  -0.201665E-03  -0.296947E-03   0.327394E-01   0.681401E-02   0.350000E-03
 855   0.329712E-03   0.172412E-03   0.331392E-01   0.625684E-02   0.300000E-03
 856   0.839627E-04  -0.183324E-04   0.340895E-01   0.599353E-02   0.400000E-03
 857  -0.410987E-03   0.296091E-03   0.351811E-01   0.606022E-02   0.350000E-03
 858  -0.339064E-03   0.696379E-04   0.365418E-01   0.654040E-02   0.300000E-03
 859  -0.593170E-03   0.684417E-03   0.392849E-01   0.648386E-02   0.250000E-03
 860  -0.264871E-03   0.410871E-03   0.402104E-01   0.580342E-02   0.300000E-03
 861  -0.867831E-03   0.667980E-03   0.415144E-01   0.558793E-02   0.350000E-03
 862  -0.919188E-03   0.724210E-03   0.409918E-01   0.500226E-02   0.250000E-03
 863  -0.723277E-03   0.197313E-03   0.432897E-01   0.514526E-02   0.450000E-03
 864  -0.510107E-03   0.401998E-03   0.445517E-01   0.607080E-02   0.450000E-03
 865  -0.190214E-03  -0.306125E-03   0.137128E-02   0.515050E-02   0.350000E-03
 866  -0.619061E-03  -0.941652E-03   0.170856E-02   0.558176E-02   0.200000E-03
 867   0.248372E-03  -0.710604E-03   0.203052E-02   0.637192E-02   0.350000E-03
 868   0.188702E-03  -0.353397E-03   0.372966E-02   0.634627E-02   0.300000E-03
 869   0.117426E-03  -0.779503E-03   0.338435E-02   0.729566E-02   0.250000E-03
 870   0.156282E-03  -0.471936E-03   0.626956E-02   0.655701E-02   0.300000E-03
 871  -0.188760E-03  -0.420536E-03   0.693174E-02   0.695866E-02   0.300000E-03
 872   0.142503E-03  -0.229458E-03   0.920532E-02   0.684719E-02   0.200000E-03
 873   0.204373E-03  -0.104671E-06   0.102777E-01   0.704867E-02   0.300000E-03
 874   0.203005E-03  -0.433702E-03   0.116749E-01   0.801992E-02   0.300000E-03
 875   0.203494E-04  -0.227927E-03   0.122231E-01   0.777616E-02   0.300000E-03
 876   0.514319E-03  -0.341829E-03   0.135734E-01   0.768107E-02   0.300000E-03
 877   0.641613E-03  -0.681311E-03   0.146994E-01   0.841532E-02   0.300000E-03
 878   0.558671E-03  -0.476609E-03   0.163282E-01   0.756664E-02   0.350000E-03
 879   0.117790E-03   0.339710E-03   0.174544E-01   0.793059E-02   0.250000E-03
 880  -0.380232E-03  -0.612667E-03   0.177092E-01   0.841707E-02   0.300000E-03
 881   0.460545E-03  -0.457191E-03   0.218299E-01   0.815406E-02   0.300000E-03
 882   0.561215E-04  -0.289180E-03   0.225994E-01   0.726881E-02   0.250000E-03
 883   0.591485E-03  -0.113899E-05   0.227871E-01   0.668515E-02   0.150000E-03
 884   0.779033E-03  -0.547096E-03   0.238403E-01   0.750525E-02   0.350000E-03
 885   0.473651E-03  -0.698741E-03   0.257245E-01   0.740390E-02   0.400000E-03
 886   0.502575E-03  -0.258879E-03   0.258871E-01   0.602096E-02   0.300000E-03
 887  -0.802835E-04  -0.310217E-03   0.282647E-01   0.658026E-02   0.350000E-03
 888  -0.305964E-04  -0.377034E-03   0.295361E-01   0.655954E-02   0.450000E-03
 889  -0.310323E-03  -0.524565E-03   0.308963E-01   0.656660E-02   0.450000E-03
 890  -0.170916E-03  -0.203567E-03   0.321800E-01   0.660822E-02   0.250000E-03
 891   0.602871E-03  -0.779981E-03   0.336884E-01   0.662451E-02   0.350000E-03
 892  -0.341639E-04  -0.477628E-04   0.346375E-01   0.657524E-02   0.400000E-03
 893  -0.851055E-03  -0.743960E-05   0.357121E-01   0.643165E-02   0.300000E-03
 894  -0.661043E-03   0.724650E-03   0.385763E-01   0.678230E-02   0.250000E-03
 895  -0.612043E-03   0.747205E-03   0.390833E-01   0.699499E-02   0.300000E-03
 896  -0.806502E-03   0.132481E-02   0.419225E-01   0.696580E-02   0.300000E-03
 897  -0.624195E-04   0.828081E-03   0.424732E-01   0.661958E-02   0.350000E-03
 898  -0.109809E-02   0.315690E-03   0.426344E-01   0.460649E-02   0.200000E-03
 899  -0.426503E-04   0.195374E-03   0.424942E-01   0.520415E-02   0.350000E-03
 900  -0.398331E-03   0.539203E-03   0.438296E-01   0.573009E-02   0.350000E-03
 901  -0.752614E-04  -0.121292E-02   0.129041E-02   0.574227E-02   0.250000E-03
 902   0.112219E-03  -0.740161E-03   0.310009E-02   0.770650E-02   0.250000E-03
 903   0.173176E-03  -0.569424E-03   0.210965E-02   0.577875E-02   0.250000E-03
 904   0.128244E-03  -0.783156E-03   0.279413E-02   0.719056E-02   0.350000E-03
 905   0.367355E-04  -0.742971E-03   0.403240E-02   0.703218E-02   0.450000E-03
 906   0.732091E-04  -0.517329E-03   0.589150E-02   0.742627E-02   0.250000E-03
 907   0.194770E-04  -0.760398E-03   0.558288E-02   0.642407E-02   0.200000E-03
 908   0.368542E-03  -0.181421E-03   0.885454E-02   0.767097E-02   0.300000E-03
 909  -0.117315E-04  -0.745439E-03   0.934515E-02   0.732558E-02   0.300000E-03
 910  -0.973913E-04  -0.115975E-03   0.100848E-01   0.808392E-02   0.300000E-03
 911   0.390735E-03  -0.310630E-03   0.112298E-01   0.769899E-02   0.250000E-03
 912   0.301198E-03   0.987856E-04   0.152019E-01   0.869409E-02   0.250000E-03
 913   0.448197E-03  -0.397585E-03   0.153153E-01   0.810536E-02   0.350000E-03
 914   0.515385E-03  -0.368460E-03   0.160838E-01   0.832756E-02   0.450000E-03
 915   0.402997E-03   0.234722E-04   0.169757E-01   0.837001E-02   0.400000E-03
 916   0.108158E-05   0.226988E-03   0.203222E-01   0.868804E-02   0.300000E-03
 917   0.583350E-03  -0.398721E-03   0.199115E-01   0.912411E-02   0.300000E-03
 918   0.350506E-04  -0.215372E-03   0.223929E-01   0.783052E-02   0.350000E-03
 919   0.774914E-03  -0.257388E-03   0.230917E-01   0.779646E-02   0.350000E-03
 920   0.508879E-03   0.589042E-03   0.247246E-01   0.646966E-02   0.150000E-03
 921   0.674635E-03  -0.294856E-03   0.232625E-01   0.853854E-02   0.350000E-03
 922   0.434217E-03  -0.396272E-03   0.258778E-01   0.667003E-02   0.350000E-03
 923   0.529779E-03  -0.102165E-03   0.276058E-01   0.634628E-02   0.350000E-03
 924  -0.103903E-03  -0.305591E-03   0.288423E-01   0.713247E-02   0.450000E-03
 925  -0.358392E-03  -0.705835E-03   0.310708E-01   0.734683E-02   0.350000E-03
 926  -0.772730E-03  -0.421319E-03   0.315916E-01   0.695746E-02   0.300000E-03
 927  -0.257115E-03  -0.355596E-03   0.336070E-01   0.717416E-02   0.200000E-03
 928   0.237711E-03   0.153658E-02   0.341381E-01   0.649039E-02   0.100000E-03
 929  -0.108229E-02  -0.445884E-03   0.372012E-01   0.669398E-02   0.350000E-03
 930  -0.649995E-03   0.307368E-03   0.412173E-01   0.664714E-02   0.300000E-03
 931  -0.666826E-03   0.458489E-03   0.411882E-01   0.608804E-02   0.250000E-03
 932  -0.356672E-03   0.802108E-03   0.397355E-01   0.669973E-02   0.250000E-03
 933  -0.971185E-03   0.334554E-03   0.418098E-01   0.627533E-02   0.400000E-03
 934  -0.672761E-03   0.502996E-03   0.412651E-01   0.471106E-02   0.150000E-03
 935  -0.529662E-03  -0.268606E-04   0.418096E-01   0.490489E-02   0.400000E-03
 936  -0.770184E-03   0.906573E-04   0.433694E-01   0.618902E-02   0.300000E-03
 937  -0.860596E-05  -0.514540E-03   0.102748E-02   0.726321E-02   0.350000E-03
 938  -0.446072E-03  -0.101095E-02   0.296563E-03   0.630113E-02   0.300000E-03
 939   0.311781E-03  -0.541136E-03   0.373988E-02   0.777683E-02   0.350000E-03
 940  -0.597892E-04  -0.128042E-02   0.790140E-03   0.596434E-02   0.300000E-03
 941   0.218806E-03  -0.638814E-03   0.165919E-02   0.696400E-02   0.350000E-03
 942   0.200170E-03  -0.528519E-03   0.458914E-02   0.780147E-02   0.500000E-03
 943   0.164422E-03  -0.500270E-03   0.529972E-02   0.733647E-02   0.350000E-03
 944   0.992822E-04  -0.520156E-03   0.636361E-02   0.714798E-02   0.300000E-03
 945   0.112344E-03  -0.535626E-03   0.108168E-01   0.733706E-02   0.300000E-03
 946   0.385324E-03  -0.552420E-03   0.983157E-02   0.758041E-02   0.250000E-03
 947   0.152747E-03  -0.169933E-03   0.129212E-01   0.804912E-02   0.450000E-03
 948   0.274522E-03  -0.343248E-03   0.125281E-01   0.862775E-02   0.250000E-03
 949   0.316441E-03  -0.686203E-04   0.156827E-01   0.896078E-02   0.300000E-03
 950   0.542953E-03  -0.370722E-03   0.139704E-01   0.861474E-02   0.400000E-03
 951   0.609461E-03  -0.240710E-03   0.165432E-01   0.891964E-02   0.300000E-03
 952  -0.829150E-04  -0.593983E-03   0.182578E-01   0.844969E-02   0.250000E-03
 953   0.592528E-03  -0.456429E-03   0.209462E-01   0.875489E-02   0.250000E-03
 954   0.647186E-03  -0.295449E-03   0.224263E-01   0.868646E-02   0.500000E-03
 955   0.687740E-03  -0.297054E-03   0.236283E-01   0.806436E-02   0.250000E-03
 956   0.448286E-03  -0.291254E-03   0.250856E-01   0.728462E-02   0.250000E-03
 957   0.515923E-03  -0.702915E-03   0.268067E-01   0.766958E-02   0.350000E-03
 958   0.838268E-03  -0.138736E-03   0.264557E-01   0.706451E-02   0.350000E-03
 959   0.927304E-03  -0.225597E-03   0.269411E-01   0.656128E-02   0.350000E-03
 960  -0.380415E-03  -0.500291E-03   0.302350E-01   0.679457E-02   0.250000E-03
 961  -0.929533E-04  -0.235996E-03   0.320960E-01   0.797770E-02   0.400000E-03
 962   0.242846E-03  -0.562946E-03   0.316476E-01   0.750733E-02   0.250000E-03
 963  -0.683640E-04  -0.235596E-03   0.332650E-01   0.696841E-02   0.200000E-03
 964  -0.337173E-03  -0.496797E-03   0.352815E-01   0.684840E-02   0.300000E-03
 965  -0.602624E-03   0.330829E-03   0.360810E-01   0.683881E-02   0.250000E-03
 966  -0.418514E-03  -0.381778E-03   0.366715E-01   0.722719E-02   0.400000E-03
 967  -0.596550E-03   0.430270E-03   0.406454E-01   0.633995E-02   0.350000E-03
 968  -0.267135E-03   0.515714E-03   0.401570E-01   0.624977E-02   0.150000E-03
 969  -0.388287E-03   0.938264E-03   0.447504E-01   0.715118E-02   0.250000E-03
 970  -0.656014E-03   0.760684E-03   0.442565E-01   0.681162E-02   0.350000E-03
 971   0.682538E-04   0.456780E-03   0.427260E-01   0.591448E-02   0.400000E-03
 972  -0.492764E-03   0.778384E-03   0.436593E-01   0.676208E-02   0.250000E-03
 973   0.182621E-03  -0.467101E-03   0.835036E-03   0.541629E-02   0.250000E-03
 974   0.312542E-03  -0.551853E-03   0.403040E-02   0.830125E-02   0.250000E-03
 975  -0.378658E-04  -0.777634E-03   0.133246E-02   0.633908E-02   0.350000E-03
 976  -0.107744E-03  -0.749494E-03   0.771411E-03   0.666604E-02   0.300000E-03
 977  -0.159106E-03   0.592584E-04   0.736764E-02   0.793874E-02   0.250000E-03
 978  -0.163789E-03   0.509772E-04   0.697253E-02   0.755678E-02   0.300000E-03
 979   0.175207E-03  -0.497390E-05   0.643950E-02   0.769185E-02   0.250000E-03
 980  -0.283284E-03  -0.171708E-05   0.818172E-02   0.786073E-02   0.400000E-03
 981   0.132307E-03  -0.549764E-03   0.103308E-01   0.759341E-02   0.250000E-03
 982   0.318792E-03  -0.208291E-03   0.935029E-02   0.823329E-02   0.450000E-03
 983   0.693885E-04  -0.526875E-03   0.121355E-01   0.831882E-02   0.250000E-03
 984   0.356360E-03  -0.289629E-03   0.107343E-01   0.803651E-02   0.350000E-03
 985   0.519528E-03  -0.305326E-03   0.135579E-01   0.817958E-02   0.200000E-03
 986   0.205245E-03  -0.134536E-03   0.189252E-01   0.949673E-02   0.300000E-03
 987   0.864526E-04  -0.387079E-03   0.186313E-01   0.891811E-02   0.350000E-03
 988   0.192154E-03  -0.550185E-03   0.193470E-01   0.892133E-02   0.300000E-03
 989   0.257208E-03  -0.148266E-03   0.194735E-01   0.945587E-02   0.250000E-03
 990   0.518351E-03  -0.484650E-03   0.213170E-01   0.834971E-02   0.250000E-03
 991   0.174836E-03  -0.492080E-03   0.242138E-01   0.819458E-02   0.350000E-03
 992   0.551125E-03  -0.110257E-02   0.245524E-01   0.764068E-02   0.300000E-03
 993   0.470561E-03  -0.143295E-03   0.249875E-01   0.679501E-02   0.250000E-03
 994   0.829315E-03  -0.592690E-03   0.270902E-01   0.714118E-02   0.250000E-03
 995   0.154298E-03  -0.560503E-03   0.277391E-01   0.711407E-02   0.400000E-03
 996  -0.446463E-03  -0.736582E-03   0.304225E-01   0.731063E-02   0.300000E-03
 997  -0.214495E-03  -0.675278E-03   0.298942E-01   0.716019E-02   0.250000E-03
 998  -0.730163E-04  -0.400514E-03   0.321801E-01   0.723300E-02   0.350000E-03
 999  -0.125038E-03  -0.155803E-03   0.330194E-01   0.734432E-02   0.250000E-03
1000   0.314356E-03  -0.428957E-03   0.341557E-01   0.714805E-02   0.350000E-03
