   1  -0.166997E-02  -0.701687E-03   0.112530E-01   0.850906E-02   0.350000E-03
   2  -0.547180E-02  -0.123327E-02   0.152408E-03   0.150199E-03   0.150000E-03
   3  -0.712572E-03  -0.112565E-03   0.448710E-02   0.447883E-03   0.450000E-03
   4   0.138426E-03  -0.584773E-03   0.565379E-02   0.541867E-03   0.200000E-03
   5   0.318800E-02   0.260185E-04   0.574136E-02   0.999890E-04   0.100000E-03
   6  -0.106125E-02   0.165852E-02   0.741860E-02   0.249664E-03   0.250000E-03
   7  -0.107972E-02   0.801819E-03   0.805079E-02   0.398712E-03   0.400000E-03
   8   0.778106E-03  -0.515596E-03   0.881894E-02   0.347304E-03   0.350000E-03
   9  -0.106948E-03  -0.675770E-03   0.926070E-02   0.576121E-03   0.150000E-03
  10   0.814878E-03  -0.320102E-03   0.117621E-01   0.296848E-03   0.300000E-03
  11  -0.106442E-03  -0.343053E-03   0.130048E-01   0.349745E-03   0.350000E-03
  12  -0.950403E-03  -0.247440E-03   0.147387E-01   0.194961E-03   0.200000E-03
  13   0.901649E-04   0.151382E-02   0.168654E-01   0.343528E-03   0.350000E-03
  14  -0.796320E-03   0.740130E-03   0.175637E-01   0.348436E-03   0.350000E-03
  15  -0.643902E-03   0.112325E-02   0.187830E-01   0.399372E-03   0.400000E-03
  16  -0.106476E-02  -0.197877E-03   0.195292E-01   0.348451E-03   0.350000E-03
  17  -0.116855E-02   0.106740E-02   0.204437E-01   0.338294E-03   0.350000E-03
  18  -0.318247E-03   0.262828E-02   0.218940E-01   0.349102E-03   0.350000E-03
  19  -0.752907E-03   0.279508E-02   0.224831E-01   0.240945E-03   0.250000E-03
  20  -0.153864E-02   0.280793E-02   0.229825E-01   0.248640E-03   0.250000E-03
  21  -0.495680E-03   0.186168E-03   0.244344E-01   0.249881E-03   0.250000E-03
  22  -0.116424E-03   0.241529E-03   0.257273E-01   0.199911E-03   0.200000E-03
  23   0.278783E-02   0.121814E-02   0.267266E-01   0.100308E-03   0.100000E-03
  24   0.761455E-03   0.313241E-03   0.282521E-01   0.395596E-03   0.400000E-03
  25  -0.138637E-02   0.359208E-02   0.297657E-01   0.396898E-03   0.400000E-03
  26  -0.512546E-03   0.296073E-02   0.305128E-01   0.341678E-03   0.350000E-03
  27  -0.156306E-03   0.270281E-02   0.318563E-01   0.297789E-03   0.300000E-03
  28   0.148869E-02   0.168994E-02   0.333457E-01   0.299881E-03   0.300000E-03
  29   0.108434E-02   0.320344E-03   0.355509E-01   0.446857E-03   0.450000E-03
  30  -0.414991E-03  -0.793470E-03   0.373975E-01   0.345614E-03   0.350000E-03
  31  -0.962948E-03  -0.909195E-03   0.379895E-01   0.249338E-03   0.250000E-03
  32   0.456280E-03  -0.627924E-03   0.401229E-01   0.196708E-03   0.200000E-03
  33  -0.236018E-03  -0.653510E-03   0.410137E-01   0.194231E-03   0.200000E-03
  34   0.145364E-02  -0.687910E-03   0.446056E-01   0.882243E-03   0.400000E-03
  35   0.350932E-03  -0.166994E-02   0.446515E-01   0.192471E-02   0.350000E-03
  36  -0.116194E-02   0.494506E-03   0.862392E-02   0.840304E-02   0.300000E-03
  37   0.177378E-02   0.743583E-02   0.248537E-03   0.185388E-02   0.250000E-03
  38   0.615438E-02   0.335699E-02   0.761066E-03   0.785453E-03   0.300000E-03
  39   0.154661E-02   0.153183E-02   0.255580E-02   0.395245E-03   0.400000E-03
  40  -0.363333E-02  -0.122833E-04   0.609182E-02   0.300026E-03   0.300000E-03
  41  -0.100334E-02   0.985338E-03   0.678539E-02   0.394278E-03   0.400000E-03
  42  -0.272821E-02   0.136974E-02   0.721764E-02   0.100289E-02   0.350000E-03
  43  -0.449031E-03   0.145937E-02   0.851764E-02   0.917710E-03   0.300000E-03
  44  -0.634233E-03  -0.754685E-03   0.933017E-02   0.968675E-03   0.250000E-03
  45   0.560265E-03  -0.172217E-03   0.990307E-02   0.491278E-03   0.500000E-03
  46   0.764561E-03   0.338307E-03   0.108457E-01   0.299621E-03   0.300000E-03
  47   0.357357E-03  -0.935073E-03   0.151385E-01   0.149973E-03   0.150000E-03
  48  -0.119976E-02  -0.477919E-03   0.157604E-01   0.447990E-03   0.450000E-03
  49  -0.204342E-03   0.492517E-03   0.164305E-01   0.879851E-03   0.350000E-03
  50  -0.891289E-03   0.761215E-03   0.181532E-01   0.247246E-03   0.250000E-03
  51  -0.133335E-02   0.205395E-03   0.192580E-01   0.880163E-03   0.250000E-03
  52  -0.312555E-03   0.763143E-04   0.199843E-01   0.148007E-03   0.150000E-03
  53  -0.117920E-02   0.899607E-03   0.204523E-01   0.100248E-02   0.200000E-03
  54   0.314657E-03  -0.532146E-04   0.211162E-01   0.298396E-03   0.300000E-03
  55   0.112057E-02   0.441778E-03   0.233714E-01   0.999293E-04   0.100000E-03
  56  -0.191683E-02   0.450333E-03   0.238012E-01   0.396402E-03   0.400000E-03
  57  -0.698002E-03   0.673663E-03   0.244834E-01   0.935118E-03   0.400000E-03
  58   0.648214E-03  -0.387614E-04   0.250680E-01   0.394517E-03   0.400000E-03
  59   0.190330E-02   0.321503E-03   0.270214E-01   0.199902E-03   0.200000E-03
  60  -0.178277E-02   0.195871E-03   0.275597E-01   0.297733E-03   0.300000E-03
  61  -0.978247E-04   0.369807E-02   0.290735E-01   0.297731E-03   0.300000E-03
  62   0.114447E-02   0.313052E-02   0.312106E-01   0.347010E-03   0.350000E-03
  63   0.296062E-02   0.145852E-02   0.328580E-01   0.196647E-03   0.200000E-03
  64  -0.127691E-03  -0.166059E-04   0.347591E-01   0.345761E-03   0.350000E-03
  65   0.802351E-03  -0.148278E-03   0.363304E-01   0.618647E-03   0.350000E-03
  66   0.766792E-03  -0.122935E-02   0.364261E-01   0.138772E-03   0.150000E-03
  67   0.299885E-03  -0.382523E-03   0.391370E-01   0.299300E-03   0.300000E-03
  68  -0.167658E-02   0.594990E-03   0.423031E-01   0.223824E-03   0.200000E-03
  69   0.359917E-03  -0.934502E-03   0.438634E-01   0.820549E-03   0.350000E-03
  70   0.119643E-02   0.193682E-02   0.424127E-01   0.721644E-02   0.250000E-03
  71   0.879325E-03  -0.398186E-03   0.447020E-01   0.498255E-02   0.300000E-03
  72   0.112562E-02   0.167349E-02   0.447501E-01   0.249396E-03   0.250000E-03
  73  -0.690162E-03  -0.723190E-03   0.258535E-02   0.800916E-02   0.350000E-03
  74   0.382948E-02   0.217723E-02   0.109415E-02   0.293588E-03   0.300000E-03
  75  -0.226484E-02  -0.822329E-03   0.381595E-02   0.249755E-03   0.250000E-03
  76  -0.171309E-02   0.183542E-02   0.516684E-02   0.926626E-03   0.350000E-03
  77   0.248973E-03   0.834484E-03   0.640048E-02   0.843924E-03   0.200000E-03
  78  -0.633290E-03   0.340434E-03   0.659307E-02   0.135614E-02   0.350000E-03
  79  -0.180893E-02   0.179957E-03   0.790474E-02   0.113364E-02   0.350000E-03
  80  -0.782832E-04   0.101751E-03   0.901447E-02   0.134988E-02   0.250000E-03
  81   0.733507E-03   0.148759E-03   0.106329E-01   0.913055E-03   0.350000E-03
  82  -0.565877E-03   0.251712E-03   0.132529E-01   0.988178E-03   0.300000E-03
  83  -0.253204E-02  -0.213213E-04   0.137031E-01   0.346052E-03   0.350000E-03
  84  -0.651757E-03  -0.535144E-03   0.142932E-01   0.245236E-03   0.250000E-03
  85  -0.100736E-02  -0.735006E-03   0.153666E-01   0.102320E-02   0.250000E-03
  86   0.161530E-03   0.602486E-03   0.172081E-01   0.106297E-02   0.450000E-03
  87  -0.854375E-03   0.134988E-03   0.187889E-01   0.104807E-02   0.250000E-03
  88  -0.974907E-03   0.591573E-03   0.199950E-01   0.800411E-03   0.300000E-03
  89  -0.946960E-03   0.766919E-03   0.202515E-01   0.160871E-02   0.400000E-03
  90   0.114112E-02   0.123368E-02   0.214276E-01   0.867010E-03   0.350000E-03
  91  -0.117568E-03   0.172265E-02   0.225563E-01   0.726794E-03   0.250000E-03
  92  -0.166266E-02   0.117063E-02   0.231448E-01   0.824864E-03   0.350000E-03
  93  -0.148109E-02   0.166415E-02   0.237659E-01   0.114199E-02   0.350000E-03
  94  -0.130275E-03   0.121842E-02   0.252061E-01   0.112796E-02   0.350000E-03
  95  -0.174809E-02   0.207858E-05   0.272914E-01   0.887532E-03   0.350000E-03
  96   0.210441E-04   0.579838E-03   0.279934E-01   0.114987E-02   0.400000E-03
  97   0.479140E-04   0.139720E-02   0.294716E-01   0.971293E-03   0.250000E-03
  98  -0.137619E-02   0.489522E-02   0.302554E-01   0.109012E-02   0.450000E-03
  99  -0.211405E-02   0.359546E-02   0.324016E-01   0.244568E-03   0.250000E-03
 100   0.714336E-05   0.740726E-02   0.327235E-01   0.619330E-03   0.250000E-03
 101  -0.138085E-03   0.654074E-03   0.349673E-01   0.106259E-02   0.400000E-03
 102   0.144141E-02  -0.872034E-03   0.368068E-01   0.254518E-03   0.250000E-03
 103   0.194178E-04  -0.535705E-03   0.376430E-01   0.887915E-03   0.250000E-03
 104  -0.125215E-02  -0.496158E-03   0.385392E-01   0.295410E-03   0.300000E-03
 105   0.118167E-02  -0.477345E-03   0.405681E-01   0.245017E-03   0.250000E-03
 106   0.161793E-03   0.242575E-03   0.431889E-01   0.297725E-03   0.300000E-03
 107   0.769667E-03   0.187892E-03   0.440810E-01   0.748931E-02   0.350000E-03
 108  -0.145251E-02  -0.112571E-02   0.348821E-01   0.748406E-02   0.450000E-03
 109  -0.365709E-03   0.545771E-03   0.240209E-03   0.639146E-03   0.250000E-03
 110  -0.115771E-02   0.184624E-02   0.546472E-03   0.247378E-03   0.250000E-03
 111   0.266565E-03   0.112154E-02   0.176308E-02   0.471102E-03   0.400000E-03
 112  -0.777115E-03  -0.154857E-02   0.308448E-02   0.919642E-03   0.350000E-03
 113  -0.911214E-04   0.170717E-02   0.588066E-02   0.113637E-02   0.400000E-03
 114  -0.109999E-02   0.199421E-03   0.709356E-02   0.157068E-02   0.200000E-03
 115  -0.642324E-03   0.656495E-04   0.845850E-02   0.155929E-02   0.350000E-03
 116   0.477093E-03  -0.185037E-03   0.981173E-02   0.133079E-02   0.350000E-03
 117  -0.102626E-03   0.243499E-03   0.113114E-01   0.752847E-03   0.350000E-03
 118  -0.272595E-03  -0.226418E-04   0.123590E-01   0.289296E-03   0.300000E-03
 119  -0.858639E-03  -0.452474E-03   0.142284E-01   0.786882E-03   0.300000E-03
 120  -0.113980E-02  -0.301333E-03   0.150261E-01   0.597151E-03   0.300000E-03
 121  -0.131892E-03   0.239498E-03   0.166449E-01   0.138420E-02   0.200000E-03
 122  -0.759021E-03   0.672434E-03   0.180978E-01   0.943134E-03   0.450000E-03
 123  -0.161135E-02   0.480293E-03   0.185369E-01   0.141703E-02   0.200000E-03
 124  -0.119017E-02   0.823158E-03   0.196362E-01   0.127775E-02   0.300000E-03
 125  -0.226775E-03   0.175780E-02   0.208388E-01   0.772313E-03   0.250000E-03
 126  -0.765419E-03   0.543203E-03   0.208844E-01   0.131533E-02   0.300000E-03
 127  -0.271825E-03  -0.307011E-03   0.226814E-01   0.120498E-02   0.250000E-03
 128  -0.908594E-03  -0.702636E-03   0.230335E-01   0.162182E-02   0.300000E-03
 129  -0.132618E-02  -0.877319E-03   0.235766E-01   0.169992E-02   0.250000E-03
 130   0.108232E-02   0.192098E-03   0.256945E-01   0.701532E-03   0.300000E-03
 131  -0.139381E-02   0.112995E-02   0.263180E-01   0.393971E-03   0.400000E-03
 132  -0.367120E-03   0.124148E-03   0.274993E-01   0.148774E-02   0.200000E-03
 133   0.108035E-02   0.108081E-02   0.288230E-01   0.949070E-03   0.400000E-03
 134   0.137216E-02  -0.219441E-02   0.311445E-01   0.109088E-02   0.400000E-03
 135  -0.991002E-03  -0.154481E-02   0.319903E-01   0.103344E-02   0.450000E-03
 136  -0.254706E-02   0.539801E-03   0.340239E-01   0.462362E-03   0.400000E-03
 137  -0.144973E-02   0.890907E-03   0.372278E-01   0.762469E-03   0.100000E-03
 138  -0.592123E-03  -0.280076E-03   0.374083E-01   0.132313E-02   0.250000E-03
 139  -0.869173E-03  -0.455120E-03   0.381769E-01   0.765782E-03   0.300000E-03
 140   0.107233E-02  -0.652082E-03   0.396818E-01   0.262164E-03   0.250000E-03
 141  -0.107379E-02   0.792818E-03   0.414599E-01   0.248557E-03   0.250000E-03
 142  -0.311895E-03   0.772665E-03   0.419055E-01   0.198075E-03   0.200000E-03
 143  -0.406350E-05   0.106201E-02   0.439014E-01   0.632547E-02   0.250000E-03
 144   0.464894E-03   0.100692E-02   0.294834E-01   0.752617E-02   0.300000E-03
 145   0.799537E-03   0.453023E-03   0.294934E-03   0.340806E-02   0.300000E-03
 146   0.416242E-02   0.568959E-02   0.658774E-03   0.142202E-02   0.350000E-03
 147  -0.566238E-03   0.870090E-03   0.397143E-02   0.843399E-03   0.200000E-03
 148  -0.576188E-03   0.735701E-03   0.521998E-02   0.289269E-03   0.300000E-03
 149  -0.640779E-03   0.336689E-03   0.607078E-02   0.196188E-02   0.450000E-03
 150  -0.200428E-02  -0.852636E-05   0.747896E-02   0.147994E-02   0.200000E-03
 151   0.364285E-03   0.994179E-03   0.936283E-02   0.162992E-02   0.200000E-03
 152   0.553396E-03   0.134646E-03   0.103547E-01   0.138334E-02   0.200000E-03
 153   0.352891E-03  -0.335191E-03   0.110968E-01   0.136442E-02   0.300000E-03
 154  -0.581830E-03   0.759916E-03   0.125564E-01   0.949626E-03   0.400000E-03
 155  -0.180543E-02   0.179087E-03   0.137394E-01   0.886492E-03   0.200000E-03
 156  -0.105580E-02  -0.509518E-03   0.147574E-01   0.124284E-02   0.400000E-03
 157   0.169265E-03   0.345268E-03   0.158936E-01   0.139709E-02   0.400000E-03
 158  -0.246643E-03   0.713790E-03   0.173121E-01   0.185245E-02   0.350000E-03
 159  -0.828275E-03   0.763373E-03   0.177158E-01   0.146874E-02   0.200000E-03
 160  -0.760403E-03   0.644037E-03   0.181468E-01   0.164117E-02   0.250000E-03
 161  -0.114016E-02   0.561584E-03   0.195429E-01   0.181481E-02   0.250000E-03
 162  -0.643926E-03  -0.530440E-04   0.208443E-01   0.180990E-02   0.200000E-03
 163   0.716277E-03   0.902655E-03   0.220867E-01   0.109352E-02   0.350000E-03
 164  -0.470482E-03  -0.899209E-03   0.226970E-01   0.217009E-02   0.300000E-03
 165   0.911741E-03   0.762127E-03   0.247798E-01   0.154877E-02   0.250000E-03
 166  -0.474639E-03  -0.790920E-03   0.255512E-01   0.160637E-02   0.250000E-03
 167  -0.133501E-02  -0.889850E-04   0.265851E-01   0.113627E-02   0.400000E-03
 168   0.537405E-03  -0.506736E-03   0.285422E-01   0.153304E-02   0.250000E-03
 169  -0.348262E-04  -0.536267E-03   0.301631E-01   0.172849E-02   0.200000E-03
 170   0.639833E-03  -0.404098E-03   0.307563E-01   0.178593E-02   0.400000E-03
 171  -0.415569E-03  -0.148547E-02   0.334853E-01   0.904455E-03   0.300000E-03
 172   0.290130E-03   0.503599E-03   0.341959E-01   0.126871E-02   0.400000E-03
 173   0.128195E-02   0.971898E-03   0.356543E-01   0.118496E-02   0.300000E-03
 174   0.203827E-03  -0.247980E-03   0.368792E-01   0.104725E-02   0.350000E-03
 175   0.192153E-03  -0.362887E-03   0.390312E-01   0.888659E-03   0.300000E-03
 176   0.910437E-03  -0.324841E-03   0.400918E-01   0.988088E-03   0.200000E-03
 177   0.142355E-02  -0.324370E-03   0.406082E-01   0.787701E-03   0.300000E-03
 178   0.142107E-02   0.119747E-03   0.443948E-01   0.144132E-02   0.200000E-03
 179   0.144333E-02   0.434255E-03   0.427003E-01   0.196231E-03   0.200000E-03
 180   0.686017E-03   0.602226E-03   0.400227E-01   0.753459E-02   0.300000E-03
 181   0.539902E-03  -0.143336E-02   0.200318E-03   0.108736E-02   0.200000E-03
 182  -0.390339E-04  -0.272067E-02   0.135537E-02   0.222775E-02   0.200000E-03
 183  -0.128118E-02  -0.893050E-03   0.326835E-02   0.298101E-03   0.300000E-03
 184   0.144487E-03   0.913554E-04   0.525737E-02   0.161539E-02   0.350000E-03
 185  -0.493322E-03   0.627296E-03   0.622969E-02   0.264164E-02   0.250000E-03
 186  -0.230571E-04   0.123417E-02   0.677717E-02   0.187295E-02   0.200000E-03
 187  -0.983898E-03   0.447959E-03   0.786046E-02   0.179131E-02   0.300000E-03
 188  -0.641558E-03  -0.272887E-03   0.960740E-02   0.200634E-02   0.250000E-03
 189  -0.672650E-03  -0.380991E-03   0.116333E-01   0.125666E-02   0.250000E-03
 190  -0.266578E-03   0.322803E-03   0.119184E-01   0.824076E-03   0.250000E-03
 191  -0.147938E-02   0.122556E-02   0.139623E-01   0.126708E-02   0.250000E-03
 192  -0.126991E-02  -0.390805E-04   0.142419E-01   0.184843E-02   0.400000E-03
 193  -0.133486E-02   0.795761E-03   0.152718E-01   0.171754E-02   0.300000E-03
 194  -0.105801E-03   0.279596E-03   0.164660E-01   0.195422E-02   0.400000E-03
 195  -0.841736E-03   0.809111E-03   0.179101E-01   0.208138E-02   0.250000E-03
 196  -0.731072E-03   0.585882E-03   0.190857E-01   0.151029E-02   0.300000E-03
 197  -0.915646E-03   0.768658E-03   0.199190E-01   0.228046E-02   0.350000E-03
 198  -0.562691E-03   0.512909E-04   0.206183E-01   0.225183E-02   0.300000E-03
 199   0.104723E-02   0.755544E-03   0.214459E-01   0.151375E-02   0.300000E-03
 200  -0.112362E-02  -0.105347E-02   0.221982E-01   0.216075E-02   0.200000E-03
 201  -0.169134E-02   0.959428E-03   0.242335E-01   0.159227E-02   0.300000E-03
 202   0.648356E-03  -0.612192E-03   0.259377E-01   0.119469E-02   0.250000E-03
 203  -0.121879E-02  -0.199252E-03   0.265026E-01   0.182307E-02   0.300000E-03
 204  -0.592264E-03   0.125383E-03   0.270588E-01   0.157494E-02   0.250000E-03
 205  -0.404439E-03  -0.637705E-03   0.295811E-01   0.160781E-02   0.400000E-03
 206  -0.488130E-03   0.137699E-03   0.322076E-01   0.180192E-02   0.350000E-03
 207  -0.738702E-03  -0.140664E-02   0.328485E-01   0.129743E-02   0.450000E-03
 208   0.140660E-02  -0.155454E-03   0.335598E-01   0.166082E-02   0.350000E-03
 209   0.884459E-03   0.795735E-03   0.362485E-01   0.125879E-02   0.300000E-03
 210  -0.156331E-03   0.117987E-03   0.366491E-01   0.154567E-02   0.200000E-03
 211  -0.226482E-03   0.130896E-03   0.370707E-01   0.168696E-02   0.250000E-03
 212   0.765007E-03  -0.483194E-03   0.400745E-01   0.591006E-03   0.200000E-03
 213   0.287593E-03  -0.273948E-03   0.411315E-01   0.622483E-03   0.250000E-03
 214  -0.469503E-03   0.652824E-04   0.420801E-01   0.555750E-03   0.200000E-03
 215  -0.235474E-02   0.954024E-04   0.441626E-01   0.149578E-03   0.150000E-03
 216  -0.109555E-02   0.532069E-03   0.215725E-01   0.894928E-02   0.400000E-03
 217  -0.101303E-02  -0.313897E-04   0.140818E-01   0.935578E-02   0.350000E-03
 218   0.115874E-02  -0.257435E-02   0.823541E-03   0.209888E-02   0.350000E-03
 219  -0.255749E-03   0.299575E-03   0.361900E-02   0.654258E-03   0.200000E-03
 220  -0.101454E-03   0.343765E-03   0.452168E-02   0.129474E-02   0.400000E-03
 221   0.688550E-03   0.666873E-03   0.532529E-02   0.220144E-02   0.250000E-03
 222  -0.106714E-02   0.313853E-03   0.728453E-02   0.208457E-02   0.350000E-03
 223  -0.383844E-03   0.601714E-03   0.898381E-02   0.201486E-02   0.350000E-03
 224   0.211227E-03   0.111317E-03   0.101996E-01   0.191013E-02   0.350000E-03
 225  -0.979346E-04  -0.638637E-03   0.106713E-01   0.162128E-02   0.200000E-03
 226  -0.392570E-05  -0.142679E-03   0.121262E-01   0.149153E-02   0.300000E-03
 227  -0.544180E-03   0.431617E-03   0.129595E-01   0.145251E-02   0.250000E-03
 228  -0.914446E-03   0.731321E-03   0.148274E-01   0.178679E-02   0.150000E-03
 229  -0.491127E-04   0.233426E-03   0.158230E-01   0.203840E-02   0.250000E-03
 230  -0.715847E-03   0.729613E-03   0.175156E-01   0.246450E-02   0.300000E-03
 231  -0.621183E-03   0.744591E-03   0.183224E-01   0.228589E-02   0.200000E-03
 232  -0.874569E-03   0.789138E-03   0.186341E-01   0.190193E-02   0.300000E-03
 233  -0.103026E-02   0.333466E-03   0.191722E-01   0.234666E-02   0.400000E-03
 234   0.757887E-03   0.799174E-03   0.212619E-01   0.208433E-02   0.300000E-03
 235  -0.308777E-03  -0.550576E-03   0.223857E-01   0.166495E-02   0.300000E-03
 236  -0.850054E-03  -0.977337E-03   0.232926E-01   0.216117E-02   0.300000E-03
 237  -0.960611E-03  -0.747575E-03   0.239414E-01   0.217178E-02   0.350000E-03
 238  -0.453141E-03  -0.368726E-03   0.251484E-01   0.180638E-02   0.200000E-03
 239  -0.100012E-02  -0.204837E-03   0.266736E-01   0.234088E-02   0.250000E-03
 240   0.906665E-04  -0.663618E-03   0.289910E-01   0.152192E-02   0.200000E-03
 241  -0.600347E-03  -0.101712E-03   0.301885E-01   0.227281E-02   0.350000E-03
 242   0.593543E-03  -0.251589E-03   0.315099E-01   0.174581E-02   0.350000E-03
 243  -0.453432E-04   0.240460E-03   0.329362E-01   0.223717E-02   0.500000E-03
 244   0.670702E-03   0.599392E-03   0.354590E-01   0.199118E-02   0.200000E-03
 245  -0.372856E-04   0.263958E-03   0.349417E-01   0.180923E-02   0.350000E-03
 246  -0.376825E-03   0.555388E-03   0.366082E-01   0.214063E-02   0.400000E-03
 247  -0.792174E-03  -0.289952E-03   0.380020E-01   0.139065E-02   0.350000E-03
 248   0.473339E-03  -0.411493E-03   0.396253E-01   0.809171E-03   0.300000E-03
 249   0.698568E-03  -0.235781E-03   0.416479E-01   0.801153E-03   0.300000E-03
 250   0.207787E-03   0.145721E-03   0.437353E-01   0.242234E-03   0.250000E-03
 251   0.302211E-03   0.762917E-03   0.446054E-01   0.297457E-02   0.400000E-03
 252  -0.715532E-04  -0.376206E-03   0.336314E-01   0.772476E-02   0.350000E-03
 253  -0.329264E-03  -0.429238E-03   0.215103E-02   0.746027E-02   0.350000E-03
 254   0.662091E-03   0.136171E-02   0.133563E-02   0.108683E-02   0.350000E-03
 255   0.175078E-02   0.348438E-02   0.221221E-02   0.100436E-02   0.300000E-03
 256   0.172097E-03   0.286396E-03   0.471201E-02   0.196776E-02   0.300000E-03
 257   0.142050E-03   0.247975E-03   0.670087E-02   0.236625E-02   0.300000E-03
 258  -0.910128E-03   0.629504E-03   0.832498E-02   0.224389E-02   0.350000E-03
 259  -0.305417E-03   0.101986E-02   0.907135E-02   0.280576E-02   0.450000E-03
 260  -0.355260E-04   0.821896E-03   0.989003E-02   0.259089E-02   0.400000E-03
 261  -0.318357E-03  -0.231334E-03   0.116266E-01   0.181280E-02   0.300000E-03
 262  -0.806972E-04   0.538214E-03   0.121893E-01   0.213764E-02   0.350000E-03
 263  -0.306905E-03   0.442668E-03   0.135155E-01   0.166879E-02   0.350000E-03
 264  -0.384477E-03  -0.172645E-03   0.148185E-01   0.223527E-02   0.300000E-03
 265  -0.777974E-03   0.937044E-04   0.165725E-01   0.254449E-02   0.200000E-03
 266  -0.265369E-03   0.325474E-03   0.169776E-01   0.234861E-02   0.250000E-03
 267  -0.630974E-03   0.278254E-03   0.171103E-01   0.282787E-02   0.250000E-03
 268  -0.877020E-03   0.353494E-03   0.185958E-01   0.264191E-02   0.250000E-03
 269  -0.616540E-03   0.955439E-04   0.190482E-01   0.298426E-02   0.250000E-03
 270  -0.932670E-03   0.411583E-03   0.196448E-01   0.292351E-02   0.350000E-03
 271  -0.784319E-03  -0.311816E-03   0.218721E-01   0.185211E-02   0.250000E-03
 272  -0.967767E-03   0.143464E-03   0.223128E-01   0.274827E-02   0.400000E-03
 273  -0.245763E-03  -0.485998E-04   0.235388E-01   0.280434E-02   0.400000E-03
 274  -0.422974E-03  -0.501965E-03   0.257315E-01   0.206199E-02   0.250000E-03
 275  -0.887050E-03  -0.675262E-03   0.261819E-01   0.226471E-02   0.250000E-03
 276  -0.602962E-03   0.947939E-04   0.274241E-01   0.198149E-02   0.300000E-03
 277  -0.614613E-03  -0.617734E-04   0.293883E-01   0.217416E-02   0.200000E-03
 278   0.246697E-03  -0.931204E-03   0.318221E-01   0.238540E-02   0.350000E-03
 279   0.103395E-02  -0.373230E-03   0.323394E-01   0.268339E-02   0.250000E-03
 280   0.169296E-03  -0.135190E-04   0.343111E-01   0.195901E-02   0.300000E-03
 281   0.101620E-02   0.466469E-03   0.358857E-01   0.173254E-02   0.300000E-03
 282   0.400304E-03  -0.303832E-04   0.375523E-01   0.179840E-02   0.250000E-03
 283  -0.147394E-03   0.381347E-03   0.385067E-01   0.161053E-02   0.200000E-03
 284  -0.690040E-03  -0.210936E-03   0.385554E-01   0.116337E-02   0.250000E-03
 285   0.204552E-03   0.706510E-03   0.410969E-01   0.121639E-02   0.350000E-03
 286  -0.253804E-03  -0.191455E-03   0.432215E-01   0.894358E-03   0.300000E-03
 287   0.667284E-03  -0.843537E-03   0.428450E-01   0.122053E-02   0.200000E-03
 288  -0.306152E-03   0.226649E-03   0.593373E-02   0.802198E-02   0.350000E-03
 289   0.126765E-02   0.166265E-02   0.247909E-03   0.235272E-02   0.250000E-03
 290  -0.179917E-02  -0.500291E-03   0.184121E-02   0.148805E-02   0.300000E-03
 291   0.658601E-04   0.268646E-03   0.252291E-02   0.162585E-02   0.400000E-03
 292  -0.775647E-03   0.138107E-03   0.315313E-02   0.151174E-02   0.250000E-03
 293  -0.133181E-03   0.359498E-03   0.568677E-02   0.260418E-02   0.300000E-03
 294  -0.685784E-03   0.111439E-02   0.824241E-02   0.298538E-02   0.400000E-03
 295  -0.721683E-03   0.376451E-03   0.968311E-02   0.339167E-02   0.400000E-03
 296  -0.405379E-04  -0.325435E-03   0.110885E-01   0.191233E-02   0.250000E-03
 297  -0.226295E-03  -0.165987E-03   0.106941E-01   0.196631E-02   0.150000E-03
 298   0.207960E-03  -0.803725E-04   0.125798E-01   0.169342E-02   0.200000E-03
 299  -0.121318E-02  -0.346725E-03   0.138316E-01   0.234700E-02   0.250000E-03
 300  -0.946487E-03   0.384373E-03   0.148889E-01   0.272652E-02   0.200000E-03
 301  -0.464797E-03   0.271557E-03   0.153951E-01   0.237196E-02   0.300000E-03
 302  -0.493140E-03   0.533337E-03   0.170123E-01   0.336444E-02   0.300000E-03
 303  -0.552619E-03   0.579852E-03   0.180062E-01   0.252158E-02   0.200000E-03
 304  -0.428918E-03   0.221200E-03   0.181891E-01   0.293021E-02   0.250000E-03
 305  -0.828090E-03   0.118464E-03   0.193620E-01   0.333501E-02   0.150000E-03
 306  -0.123188E-02   0.650200E-03   0.203449E-01   0.283416E-02   0.350000E-03
 307  -0.723329E-03  -0.105764E-04   0.217497E-01   0.233516E-02   0.250000E-03
 308  -0.676023E-03   0.552200E-03   0.226897E-01   0.339283E-02   0.350000E-03
 309  -0.278238E-03  -0.241347E-03   0.244900E-01   0.267473E-02   0.400000E-03
 310  -0.474583E-03  -0.104580E-03   0.250818E-01   0.230160E-02   0.300000E-03
 311  -0.495289E-03  -0.118942E-04   0.272126E-01   0.259122E-02   0.350000E-03
 312  -0.382609E-03   0.158346E-03   0.280662E-01   0.189416E-02   0.350000E-03
 313  -0.449198E-03   0.210857E-04   0.296521E-01   0.253414E-02   0.250000E-03
 314   0.366944E-03  -0.973796E-03   0.311779E-01   0.234149E-02   0.300000E-03
 315   0.221113E-04   0.173062E-05   0.334178E-01   0.286797E-02   0.300000E-03
 316  -0.231780E-03   0.408354E-03   0.337798E-01   0.233038E-02   0.350000E-03
 317  -0.106915E-03   0.139101E-03   0.350797E-01   0.254478E-02   0.400000E-03
 318   0.105486E-02   0.390002E-05   0.358665E-01   0.242816E-02   0.400000E-03
 319   0.996507E-04   0.334542E-03   0.389724E-01   0.143496E-02   0.250000E-03
 320   0.501478E-03   0.157633E-05   0.398313E-01   0.141366E-02   0.300000E-03
 321   0.121969E-02  -0.148212E-03   0.404269E-01   0.135396E-02   0.300000E-03
 322   0.132831E-02   0.400195E-03   0.425947E-01   0.733075E-03   0.350000E-03
 323   0.586549E-04  -0.308662E-03   0.439545E-01   0.211133E-02   0.350000E-03
 324   0.976584E-03   0.324358E-03   0.396008E-01   0.718147E-02   0.250000E-03
 325  -0.119967E-03  -0.608651E-03   0.153499E-02   0.766735E-02   0.300000E-03
 326  -0.178083E-02   0.691254E-03   0.125546E-02   0.168169E-02   0.250000E-03
 327   0.700722E-04   0.519186E-03   0.208872E-02   0.223419E-02   0.350000E-03
 328  -0.576388E-03   0.433289E-03   0.380614E-02   0.172573E-02   0.450000E-03
 329  -0.529607E-03   0.383363E-03   0.656883E-02   0.318854E-02   0.400000E-03
 330  -0.497491E-03  -0.291881E-03   0.720365E-02   0.277719E-02   0.350000E-03
 331  -0.178184E-03   0.111793E-02   0.776113E-02   0.244857E-02   0.250000E-03
 332  -0.425772E-05   0.273200E-03   0.108056E-01   0.255018E-02   0.450000E-03
 333  -0.221236E-03   0.318524E-03   0.115993E-01   0.240940E-02   0.300000E-03
 334  -0.367329E-03  -0.573751E-03   0.129452E-01   0.195036E-02   0.250000E-03
 335  -0.142859E-03  -0.154515E-03   0.133471E-01   0.224454E-02   0.250000E-03
 336  -0.392909E-03   0.396000E-03   0.143288E-01   0.258162E-02   0.300000E-03
 337  -0.103297E-03   0.739857E-04   0.160409E-01   0.254062E-02   0.300000E-03
 338  -0.452998E-03   0.233971E-03   0.166281E-01   0.374847E-02   0.250000E-03
 339  -0.184065E-02  -0.264682E-03   0.176254E-01   0.313556E-02   0.350000E-03
 340  -0.599896E-03   0.711582E-04   0.189546E-01   0.352590E-02   0.300000E-03
 341  -0.984631E-03   0.654159E-03   0.200625E-01   0.341580E-02   0.300000E-03
 342  -0.119945E-02   0.513493E-03   0.205931E-01   0.332194E-02   0.200000E-03
 343  -0.874022E-03   0.536265E-05   0.216240E-01   0.286805E-02   0.300000E-03
 344  -0.234300E-03   0.534147E-03   0.238012E-01   0.338649E-02   0.250000E-03
 345  -0.516371E-03  -0.329357E-03   0.251006E-01   0.301238E-02   0.300000E-03
 346  -0.361259E-03  -0.368326E-03   0.256321E-01   0.264694E-02   0.350000E-03
 347  -0.101336E-02  -0.235435E-03   0.263359E-01   0.289375E-02   0.400000E-03
 348   0.202093E-03   0.314843E-03   0.289167E-01   0.201367E-02   0.300000E-03
 349  -0.917676E-04  -0.807189E-03   0.300396E-01   0.284915E-02   0.250000E-03
 350   0.514254E-03   0.167601E-03   0.320643E-01   0.315493E-02   0.300000E-03
 351  -0.265267E-03  -0.226504E-03   0.328023E-01   0.307289E-02   0.350000E-03
 352  -0.135050E-03   0.382368E-03   0.344974E-01   0.308541E-02   0.400000E-03
 353   0.822402E-03  -0.787559E-03   0.358995E-01   0.302197E-02   0.200000E-03
 354   0.161151E-03   0.576782E-03   0.372544E-01   0.219946E-02   0.250000E-03
 355  -0.730031E-03  -0.495581E-03   0.380432E-01   0.203758E-02   0.300000E-03
 356  -0.116917E-03   0.289543E-03   0.393798E-01   0.162169E-02   0.200000E-03
 357   0.786456E-03  -0.220044E-03   0.408213E-01   0.179917E-02   0.300000E-03
 358   0.920380E-03   0.601567E-03   0.416778E-01   0.134824E-02   0.250000E-03
 359   0.565656E-03   0.153406E-03   0.442659E-01   0.531752E-02   0.250000E-03
 360   0.194506E-03   0.683019E-03   0.448002E-01   0.418265E-02   0.200000E-03
 361   0.750149E-03   0.477061E-03   0.681617E-03   0.283219E-02   0.400000E-03
 362   0.557081E-03   0.547568E-03   0.148005E-02   0.281278E-02   0.400000E-03
 363  -0.115588E-02   0.125264E-02   0.311422E-02   0.201002E-02   0.250000E-03
 364  -0.179879E-03   0.124255E-02   0.490951E-02   0.255441E-02   0.300000E-03
 365  -0.325445E-03  -0.699065E-04   0.587051E-02   0.316935E-02   0.300000E-03
 366  -0.575169E-03   0.193831E-03   0.615749E-02   0.375024E-02   0.300000E-03
 367  -0.424760E-03   0.114363E-02   0.872040E-02   0.334720E-02   0.200000E-03
 368  -0.543226E-03   0.489504E-03   0.103305E-01   0.312895E-02   0.300000E-03
 369  -0.231579E-03   0.887100E-04   0.118436E-01   0.300889E-02   0.350000E-03
 370  -0.693395E-03   0.521112E-04   0.127926E-01   0.258063E-02   0.400000E-03
 371  -0.148298E-02   0.930659E-04   0.137297E-01   0.288364E-02   0.300000E-03
 372  -0.813926E-03   0.554598E-03   0.149993E-01   0.331256E-02   0.400000E-03
 373  -0.511494E-03   0.406050E-03   0.155883E-01   0.293357E-02   0.300000E-03
 374   0.128268E-03   0.102276E-02   0.163397E-01   0.317088E-02   0.400000E-03
 375  -0.803821E-03   0.837392E-04   0.174890E-01   0.393735E-02   0.450000E-03
 376  -0.891267E-03   0.160730E-03   0.186114E-01   0.309089E-02   0.200000E-03
 377  -0.399662E-03   0.274924E-03   0.195430E-01   0.380074E-02   0.350000E-03
 378   0.515358E-03   0.877875E-03   0.210650E-01   0.265112E-02   0.300000E-03
 379  -0.123609E-02   0.363026E-03   0.211417E-01   0.330226E-02   0.350000E-03
 380  -0.859558E-03  -0.185508E-03   0.219728E-01   0.341434E-02   0.350000E-03
 381  -0.311020E-03   0.376369E-03   0.243945E-01   0.341676E-02   0.350000E-03
 382  -0.350279E-03   0.110472E-03   0.266821E-01   0.349282E-02   0.300000E-03
 383  -0.816509E-03   0.486894E-03   0.277891E-01   0.242609E-02   0.250000E-03
 384   0.423867E-04   0.466383E-03   0.284658E-01   0.240028E-02   0.300000E-03
 385  -0.592221E-03  -0.310355E-03   0.291045E-01   0.258373E-02   0.300000E-03
 386  -0.617606E-03  -0.354568E-03   0.306874E-01   0.268275E-02   0.300000E-03
 387   0.315401E-03  -0.157473E-03   0.324530E-01   0.366996E-02   0.350000E-03
 388   0.133324E-04  -0.228675E-03   0.354262E-01   0.345442E-02   0.450000E-03
 389   0.695898E-03  -0.724046E-03   0.360820E-01   0.337501E-02   0.200000E-03
 390  -0.227885E-03  -0.528566E-03   0.364901E-01   0.292753E-02   0.400000E-03
 391  -0.987510E-03  -0.163946E-03   0.376958E-01   0.252477E-02   0.300000E-03
 392   0.827840E-04   0.389465E-05   0.390525E-01   0.192760E-02   0.250000E-03
 393  -0.133205E-03   0.199895E-03   0.396214E-01   0.211426E-02   0.350000E-03
 394   0.987875E-03   0.853610E-03   0.422185E-01   0.126120E-02   0.300000E-03
 395  -0.379642E-05   0.173395E-03   0.438975E-01   0.146656E-02   0.300000E-03
 396   0.160336E-03  -0.169890E-03   0.444072E-01   0.241425E-02   0.200000E-03
 397   0.174928E-03   0.979019E-04   0.973374E-03   0.357513E-02   0.400000E-03
 398   0.108928E-02  -0.433844E-03   0.271900E-02   0.239205E-02   0.300000E-03
 399  -0.840958E-03   0.455750E-03   0.349956E-02   0.240178E-02   0.300000E-03
 400  -0.384437E-03   0.109821E-02   0.422038E-02   0.246393E-02   0.400000E-03
 401  -0.724702E-03   0.213417E-03   0.572960E-02   0.400571E-02   0.200000E-03
 402  -0.500330E-03   0.149566E-03   0.725501E-02   0.347218E-02   0.350000E-03
 403   0.125032E-03   0.134067E-03   0.851263E-02   0.374150E-02   0.250000E-03
 404  -0.843121E-03   0.400729E-03   0.906108E-02   0.371211E-02   0.300000E-03
 405  -0.169845E-05   0.528802E-03   0.119584E-01   0.354658E-02   0.200000E-03
 406  -0.700012E-03  -0.239145E-03   0.125206E-01   0.332826E-02   0.400000E-03
 407  -0.927269E-03  -0.164814E-03   0.131958E-01   0.315217E-02   0.300000E-03
 408  -0.111441E-02   0.550376E-03   0.142053E-01   0.339516E-02   0.400000E-03
 409  -0.372220E-03   0.511272E-03   0.157015E-01   0.356730E-02   0.350000E-03
 410  -0.636264E-03   0.267850E-03   0.161579E-01   0.402486E-02   0.300000E-03
 411  -0.421691E-03   0.587496E-03   0.166961E-01   0.428789E-02   0.300000E-03
 412  -0.639081E-03   0.450130E-04   0.182573E-01   0.357418E-02   0.400000E-03
 413  -0.103317E-02   0.159788E-03   0.202278E-01   0.398856E-02   0.300000E-03
 414  -0.116834E-02   0.186525E-03   0.207389E-01   0.374552E-02   0.250000E-03
 415  -0.109960E-02   0.811477E-04   0.207967E-01   0.439050E-02   0.400000E-03
 416  -0.512059E-03   0.323972E-03   0.223520E-01   0.405991E-02   0.400000E-03
 417  -0.984568E-03   0.560101E-03   0.233013E-01   0.360652E-02   0.300000E-03
 418  -0.439751E-03   0.148142E-03   0.250453E-01   0.365760E-02   0.350000E-03
 419  -0.420585E-03  -0.496754E-03   0.277060E-01   0.307854E-02   0.350000E-03
 420   0.742292E-04  -0.374734E-03   0.282745E-01   0.290719E-02   0.250000E-03
 421  -0.260456E-03  -0.334668E-03   0.295060E-01   0.311257E-02   0.350000E-03
 422   0.350831E-03   0.196481E-03   0.313206E-01   0.307683E-02   0.450000E-03
 423   0.445449E-04   0.240201E-03   0.338114E-01   0.337555E-02   0.350000E-03
 424  -0.286725E-03  -0.356880E-04   0.347366E-01   0.374187E-02   0.300000E-03
 425  -0.475460E-03  -0.921244E-03   0.370014E-01   0.340108E-02   0.300000E-03
 426  -0.565025E-03  -0.456059E-03   0.371822E-01   0.282956E-02   0.300000E-03
 427  -0.654840E-03  -0.554905E-03   0.380388E-01   0.312269E-02   0.300000E-03
 428   0.707395E-04  -0.276528E-03   0.385866E-01   0.210331E-02   0.250000E-03
 429   0.102987E-02  -0.357696E-03   0.402364E-01   0.191714E-02   0.300000E-03
 430   0.440110E-03   0.700115E-04   0.419311E-01   0.188733E-02   0.350000E-03
 431   0.323570E-03  -0.480361E-04   0.426716E-01   0.179247E-02   0.400000E-03
 432  -0.324124E-04   0.141285E-03   0.432998E-01   0.148639E-02   0.300000E-03
 433   0.400926E-03   0.248693E-03   0.347787E-03   0.405344E-02   0.350000E-03
 434  -0.186133E-02  -0.753404E-03   0.162702E-02   0.193731E-02   0.200000E-03
 435  -0.117972E-02   0.531888E-03   0.317224E-02   0.295457E-02   0.350000E-03
 436  -0.635343E-03   0.807318E-03   0.527363E-02   0.296272E-02   0.250000E-03
 437  -0.624427E-03   0.413935E-03   0.565990E-02   0.361687E-02   0.200000E-03
 438  -0.642758E-03   0.262908E-03   0.674439E-02   0.387190E-02   0.300000E-03
 439  -0.829106E-04   0.234927E-03   0.792247E-02   0.365877E-02   0.350000E-03
 440  -0.558596E-03   0.597695E-03   0.108733E-01   0.378762E-02   0.200000E-03
 441  -0.466842E-03   0.483697E-03   0.109063E-01   0.329156E-02   0.300000E-03
 442  -0.181875E-03   0.204911E-03   0.130683E-01   0.376358E-02   0.300000E-03
 443  -0.431121E-03   0.320757E-03   0.135745E-01   0.354923E-02   0.250000E-03
 444  -0.890954E-03   0.930519E-03   0.152017E-01   0.398005E-02   0.300000E-03
 445  -0.969420E-03   0.646461E-03   0.156542E-01   0.450883E-02   0.400000E-03
 446  -0.702404E-03   0.648106E-03   0.162527E-01   0.451097E-02   0.200000E-03
 447  -0.100617E-02   0.402585E-03   0.171857E-01   0.462205E-02   0.300000E-03
 448  -0.458255E-03   0.333351E-03   0.182722E-01   0.447150E-02   0.500000E-03
 449  -0.212699E-03   0.108651E-03   0.191653E-01   0.444523E-02   0.400000E-03
 450  -0.805732E-03   0.336934E-04   0.198608E-01   0.445990E-02   0.300000E-03
 451  -0.129807E-02   0.235106E-03   0.214773E-01   0.397280E-02   0.400000E-03
 452  -0.100650E-02   0.769588E-03   0.218549E-01   0.461903E-02   0.350000E-03
 453  -0.465768E-03  -0.452148E-03   0.239558E-01   0.396191E-02   0.350000E-03
 454  -0.569398E-03   0.115418E-03   0.256685E-01   0.334323E-02   0.350000E-03
 455  -0.301611E-03  -0.138302E-03   0.269145E-01   0.305222E-02   0.200000E-03
 456  -0.614883E-03  -0.527647E-03   0.288114E-01   0.316307E-02   0.350000E-03
 457  -0.380389E-03  -0.815181E-03   0.304359E-01   0.322406E-02   0.300000E-03
 458   0.182471E-04   0.908845E-04   0.306897E-01   0.381231E-02   0.350000E-03
 459   0.143759E-02  -0.212056E-03   0.317617E-01   0.374418E-02   0.350000E-03
 460   0.227720E-03   0.287226E-04   0.341972E-01   0.383289E-02   0.250000E-03
 461  -0.661925E-04  -0.113366E-02   0.364819E-01   0.357531E-02   0.250000E-03
 462   0.690230E-03  -0.153169E-04   0.376584E-01   0.428762E-02   0.300000E-03
 463  -0.702824E-03  -0.136378E-03   0.382900E-01   0.258110E-02   0.300000E-03
 464   0.176509E-03  -0.102171E-03   0.390284E-01   0.264225E-02   0.450000E-03
 465   0.481567E-03  -0.225847E-03   0.407133E-01   0.238591E-02   0.300000E-03
 466   0.679366E-03  -0.418253E-04   0.411690E-01   0.258737E-02   0.200000E-03
 467  -0.186808E-03  -0.793645E-04   0.435627E-01   0.256171E-02   0.250000E-03
 468   0.130571E-02  -0.319173E-03   0.435833E-01   0.383495E-02   0.350000E-03
 469  -0.205641E-04   0.186523E-03   0.105574E-02   0.441997E-02   0.450000E-03
 470   0.697817E-04   0.386877E-03   0.217625E-02   0.287579E-02   0.300000E-03
 471  -0.472605E-03   0.806434E-03   0.388457E-02   0.318571E-02   0.400000E-03
 472  -0.495952E-03   0.122325E-02   0.458695E-02   0.305998E-02   0.300000E-03
 473  -0.473898E-03   0.459569E-03   0.506271E-02   0.357353E-02   0.400000E-03
 474  -0.473172E-03   0.292582E-03   0.745497E-02   0.403166E-02   0.250000E-03
 475  -0.300108E-03   0.780202E-04   0.808402E-02   0.433831E-02   0.350000E-03
 476  -0.789390E-03   0.348563E-03   0.953953E-02   0.407335E-02   0.300000E-03
 477  -0.522496E-03   0.206667E-03   0.112949E-01   0.297725E-02   0.200000E-03
 478  -0.819443E-03   0.164256E-03   0.122422E-01   0.401763E-02   0.350000E-03
 479  -0.118246E-02   0.114487E-03   0.141885E-01   0.404211E-02   0.250000E-03
 480  -0.554785E-03  -0.120199E-03   0.146555E-01   0.386380E-02   0.250000E-03
 481  -0.560412E-03   0.490207E-03   0.147921E-01   0.434498E-02   0.250000E-03
 482  -0.628824E-03  -0.700218E-05   0.162474E-01   0.510491E-02   0.400000E-03
 483  -0.747951E-03  -0.445690E-05   0.169443E-01   0.517110E-02   0.300000E-03
 484  -0.440973E-03   0.470160E-03   0.185412E-01   0.522252E-02   0.300000E-03
 485  -0.323838E-03  -0.102407E-03   0.195393E-01   0.509341E-02   0.350000E-03
 486  -0.103507E-02  -0.615927E-03   0.201820E-01   0.496467E-02   0.300000E-03
 487  -0.601924E-03   0.465655E-03   0.212574E-01   0.497729E-02   0.350000E-03
 488  -0.980958E-03   0.263367E-03   0.217741E-01   0.516249E-02   0.200000E-03
 489   0.207374E-03  -0.314330E-03   0.245534E-01   0.399823E-02   0.250000E-03
 490  -0.868827E-03   0.110586E-03   0.272152E-01   0.340242E-02   0.250000E-03
 491  -0.682141E-03  -0.526999E-03   0.282334E-01   0.345663E-02   0.300000E-03
 492  -0.298120E-03  -0.171955E-03   0.292105E-01   0.379494E-02   0.400000E-03
 493  -0.374906E-03  -0.128324E-03   0.299549E-01   0.358233E-02   0.300000E-03
 494   0.440552E-03  -0.546917E-04   0.312217E-01   0.371639E-02   0.200000E-03
 495   0.909902E-04   0.734450E-04   0.328862E-01   0.400217E-02   0.200000E-03
 496   0.343117E-04   0.214627E-03   0.359383E-01   0.418893E-02   0.350000E-03
 497   0.675005E-03  -0.129547E-02   0.361119E-01   0.372213E-02   0.150000E-03
 498  -0.655213E-04  -0.124618E-02   0.373741E-01   0.381704E-02   0.250000E-03
 499  -0.188064E-03  -0.874271E-03   0.375433E-01   0.334743E-02   0.250000E-03
 500  -0.339094E-03   0.459512E-03   0.394093E-01   0.310558E-02   0.150000E-03
 501   0.959168E-03  -0.390564E-03   0.401706E-01   0.246148E-02   0.250000E-03
 502   0.858789E-03  -0.194009E-03   0.413256E-01   0.211664E-02   0.300000E-03
 503   0.508506E-04  -0.128068E-03   0.429689E-01   0.263663E-02   0.350000E-03
 504  -0.216171E-04  -0.217575E-03   0.433061E-01   0.208216E-02   0.300000E-03
 505   0.865204E-04   0.108670E-03   0.165180E-02   0.388877E-02   0.350000E-03
 506   0.149023E-03   0.394301E-04   0.186910E-02   0.333085E-02   0.250000E-03
 507  -0.140241E-02  -0.887853E-03   0.333095E-02   0.353248E-02   0.250000E-03
 508  -0.933248E-03   0.478391E-03   0.437351E-02   0.368495E-02   0.300000E-03
 509  -0.585139E-03   0.217212E-03   0.607265E-02   0.429289E-02   0.250000E-03
 510  -0.349124E-03   0.228110E-03   0.747958E-02   0.457372E-02   0.300000E-03
 511  -0.124812E-05  -0.288993E-03   0.874415E-02   0.423611E-02   0.300000E-03
 512  -0.561854E-03   0.580110E-03   0.103256E-01   0.377547E-02   0.350000E-03
 513  -0.496602E-03   0.505021E-03   0.114537E-01   0.352648E-02   0.300000E-03
 514  -0.340149E-03   0.407595E-03   0.128614E-01   0.443245E-02   0.400000E-03
 515  -0.490009E-03  -0.217061E-04   0.135981E-01   0.414786E-02   0.350000E-03
 516  -0.102560E-02   0.598700E-03   0.142695E-01   0.463399E-02   0.350000E-03
 517  -0.705537E-03   0.378025E-03   0.151104E-01   0.458673E-02   0.150000E-03
 518  -0.811763E-03   0.254344E-04   0.154681E-01   0.528181E-02   0.400000E-03
 519  -0.100661E-02   0.626451E-03   0.176597E-01   0.505581E-02   0.350000E-03
 520  -0.105225E-03   0.721942E-03   0.190558E-01   0.552698E-02   0.300000E-03
 521  -0.966877E-03  -0.754756E-03   0.200402E-01   0.564927E-02   0.400000E-03
 522  -0.170256E-02  -0.129248E-02   0.206160E-01   0.529959E-02   0.250000E-03
 523  -0.971592E-03  -0.356635E-03   0.217560E-01   0.561029E-02   0.250000E-03
 524  -0.823778E-03   0.266283E-03   0.230455E-01   0.414624E-02   0.300000E-03
 525  -0.453128E-03   0.211770E-03   0.251028E-01   0.440426E-02   0.400000E-03
 526  -0.441954E-03   0.383774E-03   0.255642E-01   0.395182E-02   0.250000E-03
 527  -0.451078E-03   0.147861E-02   0.276940E-01   0.372796E-02   0.300000E-03
 528  -0.142908E-03  -0.452322E-04   0.290955E-01   0.453561E-02   0.350000E-03
 529  -0.576970E-04   0.118588E-03   0.304289E-01   0.439732E-02   0.300000E-03
 530   0.136607E-02  -0.227011E-04   0.321457E-01   0.406424E-02   0.150000E-03
 531   0.108073E-02  -0.239325E-03   0.330441E-01   0.356673E-02   0.200000E-03
 532  -0.432550E-04   0.311077E-03   0.351946E-01   0.427035E-02   0.400000E-03
 533  -0.245477E-03  -0.136351E-02   0.368490E-01   0.397963E-02   0.300000E-03
 534  -0.206361E-03  -0.268045E-03   0.382359E-01   0.444919E-02   0.300000E-03
 535   0.402858E-03  -0.158328E-03   0.379200E-01   0.374763E-02   0.300000E-03
 536  -0.286865E-03   0.357986E-03   0.387104E-01   0.314812E-02   0.150000E-03
 537   0.651821E-03  -0.632450E-03   0.404505E-01   0.274607E-02   0.150000E-03
 538   0.510784E-03  -0.534988E-03   0.417691E-01   0.251510E-02   0.300000E-03
 539   0.697956E-03  -0.453866E-03   0.423591E-01   0.241547E-02   0.300000E-03
 540   0.395258E-03   0.230763E-03   0.439696E-01   0.284605E-02   0.250000E-03
 541  -0.187554E-03   0.410182E-04   0.471825E-02   0.858817E-02   0.300000E-03
 542  -0.336678E-03  -0.179437E-03   0.258164E-02   0.356074E-02   0.500000E-03
 543  -0.132370E-03  -0.411965E-03   0.376339E-02   0.387139E-02   0.300000E-03
 544  -0.546922E-03  -0.624521E-03   0.420027E-02   0.420523E-02   0.250000E-03
 545  -0.470306E-03   0.122589E-03   0.531316E-02   0.417072E-02   0.250000E-03
 546  -0.137392E-03   0.296286E-03   0.857290E-02   0.496522E-02   0.450000E-03
 547  -0.363698E-03  -0.501559E-03   0.923045E-02   0.458590E-02   0.300000E-03
 548  -0.964688E-03  -0.165750E-04   0.975770E-02   0.452034E-02   0.200000E-03
 549  -0.625895E-03   0.487441E-03   0.110742E-01   0.434999E-02   0.400000E-03
 550  -0.660891E-03   0.398654E-03   0.116440E-01   0.403845E-02   0.250000E-03
 551  -0.564944E-03   0.363340E-03   0.135336E-01   0.494464E-02   0.450000E-03
 552  -0.956293E-03   0.116699E-04   0.142325E-01   0.532999E-02   0.350000E-03
 553  -0.627002E-03  -0.112596E-03   0.148232E-01   0.486488E-02   0.250000E-03
 554  -0.769001E-03   0.326484E-04   0.150968E-01   0.580977E-02   0.250000E-03
 555  -0.753465E-03   0.137607E-03   0.160109E-01   0.586752E-02   0.400000E-03
 556  -0.726989E-03   0.737017E-03   0.180540E-01   0.556908E-02   0.300000E-03
 557  -0.391840E-03   0.376376E-03   0.187978E-01   0.485324E-02   0.150000E-03
 558  -0.572324E-03  -0.500508E-03   0.211177E-01   0.571075E-02   0.400000E-03
 559  -0.637075E-03   0.208995E-03   0.225421E-01   0.468115E-02   0.250000E-03
 560  -0.890108E-03   0.163977E-03   0.236269E-01   0.445710E-02   0.250000E-03
 561  -0.600060E-03   0.132121E-03   0.258485E-01   0.447816E-02   0.350000E-03
 562  -0.460850E-03   0.266945E-03   0.261510E-01   0.384860E-02   0.350000E-03
 563  -0.594510E-03  -0.305385E-03   0.284793E-01   0.410973E-02   0.400000E-03
 564  -0.488520E-03   0.144679E-02   0.284996E-01   0.480919E-02   0.300000E-03
 565  -0.300824E-03   0.302754E-06   0.298034E-01   0.424660E-02   0.350000E-03
 566   0.936701E-03   0.837477E-03   0.312629E-01   0.436950E-02   0.450000E-03
 567   0.838778E-03  -0.199917E-03   0.332541E-01   0.328679E-02   0.150000E-03
 568  -0.456928E-04  -0.108602E-03   0.338535E-01   0.382173E-02   0.100000E-03
 569   0.250537E-03   0.322343E-03   0.369804E-01   0.451041E-02   0.250000E-03
 570  -0.396086E-03   0.298273E-04   0.378110E-01   0.487135E-02   0.300000E-03
 571   0.137814E-05  -0.560257E-04   0.384777E-01   0.352742E-02   0.300000E-03
 572  -0.269263E-03   0.399908E-03   0.390773E-01   0.340779E-02   0.300000E-03
 573   0.564707E-03  -0.445932E-05   0.397535E-01   0.281675E-02   0.300000E-03
 574   0.424067E-03  -0.577972E-03   0.414280E-01   0.323432E-02   0.500000E-03
 575   0.602159E-03  -0.305621E-03   0.421409E-01   0.291817E-02   0.250000E-03
 576   0.102478E-02   0.133070E-02   0.444206E-01   0.385768E-02   0.300000E-03
 577   0.350784E-03   0.182596E-03   0.304268E-03   0.470000E-02   0.300000E-03
 578  -0.325578E-03   0.370544E-04   0.261561E-02   0.440409E-02   0.350000E-03
 579  -0.707163E-03   0.101069E-03   0.476598E-02   0.440635E-02   0.350000E-03
 580  -0.373879E-03   0.411469E-04   0.542727E-02   0.465636E-02   0.250000E-03
 581  -0.585182E-03   0.411963E-03   0.708036E-02   0.417098E-02   0.150000E-03
 582  -0.409512E-03   0.366628E-03   0.793079E-02   0.486604E-02   0.200000E-03
 583  -0.826865E-03   0.641577E-03   0.994607E-02   0.492648E-02   0.250000E-03
 584  -0.705090E-03   0.481570E-03   0.103363E-01   0.447310E-02   0.350000E-03
 585  -0.827470E-03   0.113472E-03   0.106972E-01   0.518481E-02   0.450000E-03
 586  -0.701734E-03   0.356031E-04   0.118612E-01   0.454148E-02   0.300000E-03
 587  -0.121009E-05   0.248637E-03   0.123305E-01   0.471058E-02   0.200000E-03
 588  -0.647011E-03   0.144108E-03   0.136687E-01   0.557995E-02   0.200000E-03
 589  -0.798342E-03   0.144937E-04   0.148282E-01   0.538837E-02   0.250000E-03
 590  -0.681006E-03   0.114714E-03   0.154524E-01   0.608446E-02   0.200000E-03
 591  -0.807052E-03   0.295360E-03   0.173587E-01   0.556749E-02   0.250000E-03
 592  -0.848663E-03   0.614379E-04   0.181107E-01   0.616367E-02   0.300000E-03
 593  -0.116273E-02  -0.420930E-03   0.194284E-01   0.599544E-02   0.300000E-03
 594  -0.736891E-03  -0.454641E-03   0.205511E-01   0.619733E-02   0.350000E-03
 595  -0.126495E-02   0.262433E-03   0.221630E-01   0.507293E-02   0.200000E-03
 596  -0.103370E-02   0.307908E-03   0.231323E-01   0.478884E-02   0.350000E-03
 597  -0.389076E-04   0.605021E-04   0.243325E-01   0.460792E-02   0.400000E-03
 598  -0.792126E-03  -0.656184E-04   0.265469E-01   0.442070E-02   0.350000E-03
 599  -0.807463E-03  -0.154525E-03   0.270959E-01   0.398780E-02   0.350000E-03
 600  -0.254560E-03   0.713549E-03   0.298424E-01   0.489337E-02   0.300000E-03
 601   0.313358E-04   0.683501E-03   0.304742E-01   0.503685E-02   0.350000E-03
 602   0.510337E-03   0.108780E-02   0.309491E-01   0.488063E-02   0.150000E-03
 603   0.121754E-03   0.183029E-03   0.330275E-01   0.453162E-02   0.350000E-03
 604   0.304815E-03  -0.125190E-03   0.334314E-01   0.396051E-02   0.350000E-03
 605   0.232964E-03   0.306192E-03   0.363943E-01   0.478208E-02   0.400000E-03
 606   0.120014E-03   0.269078E-03   0.385043E-01   0.514915E-02   0.450000E-03
 607  -0.129508E-03  -0.305292E-03   0.386147E-01   0.405417E-02   0.250000E-03
 608  -0.137759E-04   0.884538E-03   0.396744E-01   0.346866E-02   0.300000E-03
 609   0.619879E-03  -0.287247E-03   0.402700E-01   0.320825E-02   0.350000E-03
 610   0.511952E-03   0.171917E-03   0.408907E-01   0.279894E-02   0.150000E-03
 611   0.699727E-03  -0.459078E-03   0.428138E-01   0.362722E-02   0.450000E-03
 612  -0.212118E-03   0.286886E-03   0.434483E-01   0.314625E-02   0.350000E-03
 613  -0.600692E-03  -0.453970E-03   0.104050E-01   0.865012E-02   0.350000E-03
 614  -0.420185E-03  -0.624123E-05   0.313719E-02   0.456867E-02   0.200000E-03
 615  -0.343278E-03   0.812598E-04   0.368174E-02   0.451286E-02   0.350000E-03
 616  -0.601211E-03   0.175581E-03   0.567779E-02   0.434879E-02   0.150000E-03
 617  -0.542871E-03   0.181608E-03   0.662889E-02   0.450915E-02   0.350000E-03
 618  -0.463888E-03   0.546932E-03   0.812047E-02   0.555975E-02   0.300000E-03
 619  -0.349233E-03   0.322178E-03   0.929019E-02   0.518172E-02   0.300000E-03
 620  -0.629708E-03   0.610546E-04   0.986721E-02   0.556925E-02   0.400000E-03
 621  -0.816185E-03   0.292009E-03   0.113872E-01   0.537275E-02   0.250000E-03
 622  -0.904129E-03   0.658146E-04   0.114356E-01   0.488306E-02   0.250000E-03
 623  -0.205016E-03  -0.474708E-04   0.126556E-01   0.515348E-02   0.350000E-03
 624  -0.942845E-03   0.465864E-04   0.139878E-01   0.582073E-02   0.200000E-03
 625  -0.858038E-03   0.571416E-04   0.145179E-01   0.596358E-02   0.350000E-03
 626   0.169499E-03   0.877654E-03   0.166207E-01   0.550465E-02   0.150000E-03
 627  -0.723228E-03   0.396890E-03   0.169248E-01   0.567154E-02   0.200000E-03
 628  -0.703245E-03   0.222162E-04   0.175155E-01   0.608953E-02   0.300000E-03
 629  -0.110574E-02  -0.275648E-03   0.187163E-01   0.659789E-02   0.450000E-03
 630  -0.942162E-03   0.465115E-03   0.217704E-01   0.615978E-02   0.300000E-03
 631  -0.100149E-02   0.442956E-03   0.226602E-01   0.530351E-02   0.350000E-03
 632  -0.602619E-03   0.426626E-03   0.237483E-01   0.499200E-02   0.300000E-03
 633  -0.131223E-03  -0.150550E-03   0.245786E-01   0.520751E-02   0.250000E-03
 634  -0.776996E-03  -0.302656E-04   0.270815E-01   0.453475E-02   0.200000E-03
 635  -0.647311E-03  -0.123220E-03   0.277230E-01   0.447943E-02   0.450000E-03
 636   0.680622E-04   0.561297E-03   0.293024E-01   0.515035E-02   0.300000E-03
 637   0.198430E-03   0.470699E-03   0.302750E-01   0.565118E-02   0.300000E-03
 638   0.341934E-03   0.475819E-03   0.321444E-01   0.474591E-02   0.350000E-03
 639   0.620604E-03   0.144986E-03   0.342830E-01   0.479472E-02   0.250000E-03
 640   0.576844E-03   0.284055E-03   0.344966E-01   0.429174E-02   0.300000E-03
 641  -0.627360E-04  -0.166163E-03   0.368714E-01   0.529187E-02   0.300000E-03
 642  -0.745465E-04  -0.572398E-04   0.372666E-01   0.491323E-02   0.250000E-03
 643   0.113603E-03   0.248839E-03   0.387983E-01   0.451517E-02   0.250000E-03
 644  -0.208763E-03   0.569698E-03   0.392790E-01   0.407775E-02   0.400000E-03
 645   0.586526E-03  -0.215177E-03   0.417291E-01   0.386567E-02   0.200000E-03
 646   0.554314E-03  -0.563815E-04   0.407898E-01   0.335790E-02   0.150000E-03
 647   0.472812E-03  -0.547393E-03   0.425782E-01   0.302223E-02   0.200000E-03
 648   0.706360E-03   0.154256E-02   0.448031E-01   0.354000E-02   0.200000E-03
 649   0.496634E-04   0.149312E-04   0.720707E-03   0.497648E-02   0.200000E-03
 650  -0.395358E-03  -0.268564E-04   0.266174E-02   0.509634E-02   0.350000E-03
 651  -0.855673E-03  -0.492104E-03   0.319770E-02   0.407082E-02   0.300000E-03
 652  -0.330089E-03   0.585907E-04   0.458054E-02   0.500082E-02   0.200000E-03
 653  -0.496358E-03  -0.111960E-03   0.655752E-02   0.500173E-02   0.150000E-03
 654  -0.411832E-03   0.414672E-03   0.748555E-02   0.526749E-02   0.400000E-03
 655  -0.226583E-03   0.364379E-03   0.874953E-02   0.574454E-02   0.350000E-03
 656  -0.784724E-03   0.182521E-03   0.932229E-02   0.592170E-02   0.250000E-03
 657  -0.690258E-03   0.175136E-03   0.104409E-01   0.596411E-02   0.300000E-03
 658  -0.698601E-03   0.305889E-04   0.119565E-01   0.518345E-02   0.350000E-03
 659  -0.265082E-03  -0.917711E-04   0.131326E-01   0.551664E-02   0.250000E-03
 660  -0.922742E-03   0.181249E-04   0.136016E-01   0.627868E-02   0.400000E-03
 661  -0.677512E-03   0.217076E-03   0.150328E-01   0.635438E-02   0.300000E-03
 662  -0.742931E-03   0.127338E-03   0.163451E-01   0.647932E-02   0.300000E-03
 663  -0.105745E-02   0.651012E-03   0.166477E-01   0.602270E-02   0.250000E-03
 664  -0.749535E-03   0.835839E-04   0.177545E-01   0.658156E-02   0.250000E-03
 665  -0.106288E-02  -0.378002E-03   0.199189E-01   0.633767E-02   0.300000E-03
 666  -0.565674E-03  -0.199553E-02   0.211735E-01   0.640678E-02   0.300000E-03
 667  -0.461418E-03  -0.147551E-03   0.222646E-01   0.581450E-02   0.300000E-03
 668  -0.856842E-03  -0.113214E-04   0.233200E-01   0.541081E-02   0.300000E-03
 669  -0.571403E-03  -0.111964E-05   0.247948E-01   0.479759E-02   0.100000E-03
 670  -0.100393E-02   0.264424E-03   0.262843E-01   0.490054E-02   0.200000E-03
 671   0.488980E-03   0.355241E-03   0.284269E-01   0.530366E-02   0.200000E-03
 672  -0.688409E-03  -0.131928E-03   0.280286E-01   0.510735E-02   0.250000E-03
 673   0.246561E-04   0.737067E-03   0.309784E-01   0.551085E-02   0.350000E-03
 674   0.641862E-03   0.333550E-03   0.315507E-01   0.511345E-02   0.350000E-03
 675   0.459786E-03   0.331015E-03   0.324934E-01   0.426309E-02   0.250000E-03
 676   0.110474E-03   0.158900E-03   0.347817E-01   0.477135E-02   0.250000E-03
 677  -0.467604E-04  -0.919847E-05   0.369627E-01   0.598411E-02   0.400000E-03
 678  -0.196811E-03  -0.128262E-03   0.374110E-01   0.539053E-02   0.250000E-03
 679   0.573957E-04  -0.661098E-04   0.390944E-01   0.541802E-02   0.200000E-03
 680   0.393110E-04   0.193842E-03   0.392610E-01   0.489507E-02   0.350000E-03
 681   0.325702E-03  -0.233063E-03   0.410992E-01   0.390398E-02   0.250000E-03
 682   0.629015E-03  -0.460105E-03   0.421512E-01   0.341625E-02   0.250000E-03
 683   0.165528E-02   0.148700E-03   0.440300E-01   0.455285E-02   0.500000E-03
 684   0.427168E-03   0.560700E-03   0.440490E-01   0.338928E-02   0.300000E-03
 685   0.733671E-03  -0.551028E-03   0.348705E-03   0.742241E-02   0.350000E-03
 686  -0.440713E-03   0.147161E-03   0.332621E-02   0.568375E-02   0.350000E-03
 687  -0.406195E-03  -0.734353E-04   0.330666E-02   0.503797E-02   0.300000E-03
 688  -0.713868E-03   0.111679E-03   0.502533E-02   0.494716E-02   0.250000E-03
 689  -0.506639E-03   0.225147E-03   0.706182E-02   0.484399E-02   0.200000E-03
 690  -0.356053E-03   0.516194E-03   0.760741E-02   0.600067E-02   0.350000E-03
 691  -0.989124E-03   0.151675E-03   0.876284E-02   0.652549E-02   0.350000E-03
 692  -0.659048E-03   0.198930E-03   0.987715E-02   0.626676E-02   0.300000E-03
 693  -0.736270E-03   0.822846E-04   0.103683E-01   0.650741E-02   0.250000E-03
 694  -0.715062E-03   0.195961E-03   0.110844E-01   0.588373E-02   0.350000E-03
 695  -0.342016E-03  -0.713953E-04   0.128814E-01   0.606094E-02   0.350000E-03
 696  -0.971428E-03   0.386677E-03   0.146095E-01   0.727659E-02   0.250000E-03
 697  -0.774546E-03  -0.406591E-04   0.143117E-01   0.668135E-02   0.400000E-03
 698  -0.877206E-03   0.121817E-03   0.156675E-01   0.664326E-02   0.400000E-03
 699  -0.889562E-03   0.107890E-03   0.170634E-01   0.668527E-02   0.450000E-03
 700  -0.104575E-02  -0.298383E-03   0.180927E-01   0.701327E-02   0.300000E-03
 701  -0.113266E-02  -0.301154E-03   0.194554E-01   0.671478E-02   0.300000E-03
 702  -0.832942E-03   0.424420E-04   0.203245E-01   0.690722E-02   0.400000E-03
 703  -0.103861E-02   0.213624E-03   0.229398E-01   0.599772E-02   0.400000E-03
 704  -0.626091E-03   0.244848E-03   0.240729E-01   0.561040E-02   0.400000E-03
 705  -0.375907E-03  -0.109280E-03   0.250522E-01   0.505131E-02   0.250000E-03
 706  -0.499355E-03   0.197325E-04   0.258710E-01   0.507567E-02   0.250000E-03
 707  -0.815454E-03  -0.291659E-03   0.268865E-01   0.509833E-02   0.400000E-03
 708  -0.324113E-03   0.259545E-03   0.297697E-01   0.543753E-02   0.250000E-03
 709   0.313239E-03   0.316132E-03   0.320711E-01   0.529033E-02   0.200000E-03
 710   0.702942E-04   0.313454E-03   0.326787E-01   0.501742E-02   0.250000E-03
 711   0.422156E-03   0.487073E-04   0.337213E-01   0.459438E-02   0.350000E-03
 712   0.651920E-04   0.105432E-03   0.351067E-01   0.521483E-02   0.300000E-03
 713   0.526771E-03   0.119374E-03   0.381517E-01   0.636010E-02   0.350000E-03
 714   0.598283E-03   0.320019E-03   0.379237E-01   0.569855E-02   0.350000E-03
 715   0.179624E-04  -0.104343E-03   0.388321E-01   0.564674E-02   0.150000E-03
 716  -0.379433E-03   0.390628E-03   0.397373E-01   0.453856E-02   0.250000E-03
 717  -0.325761E-04   0.878748E-03   0.400770E-01   0.366935E-02   0.150000E-03
 718   0.682392E-03  -0.233170E-03   0.421764E-01   0.391414E-02   0.250000E-03
 719   0.948623E-03   0.156569E-03   0.448014E-01   0.547144E-02   0.200000E-03
 720   0.107795E-02   0.258571E-04   0.434040E-01   0.731155E-02   0.350000E-03
 721  -0.527491E-03  -0.134730E-03   0.215326E-02   0.411222E-02   0.200000E-03
 722  -0.627015E-03   0.663253E-04   0.201998E-02   0.518855E-02   0.300000E-03
 723  -0.508537E-03  -0.463950E-04   0.424869E-02   0.470217E-02   0.250000E-03
 724  -0.532731E-03  -0.873442E-04   0.601158E-02   0.493940E-02   0.400000E-03
 725  -0.517733E-03   0.201551E-03   0.692644E-02   0.516570E-02   0.150000E-03
 726  -0.576946E-03   0.244133E-03   0.653389E-02   0.554922E-02   0.400000E-03
 727  -0.430622E-03   0.512233E-03   0.823931E-02   0.614653E-02   0.300000E-03
 728  -0.772024E-03   0.143985E-03   0.935164E-02   0.642007E-02   0.250000E-03
 729  -0.601313E-03   0.334308E-03   0.970863E-02   0.684231E-02   0.300000E-03
 730  -0.407320E-03   0.285810E-03   0.123269E-01   0.565502E-02   0.250000E-03
 731  -0.625967E-03   0.307986E-03   0.121928E-01   0.625495E-02   0.350000E-03
 732  -0.124057E-02   0.231248E-03   0.130824E-01   0.666519E-02   0.250000E-03
 733  -0.630744E-03  -0.393162E-04   0.149263E-01   0.689227E-02   0.250000E-03
 734  -0.818401E-03   0.105242E-03   0.161820E-01   0.695168E-02   0.200000E-03
 735  -0.106512E-02  -0.247744E-03   0.175288E-01   0.733442E-02   0.350000E-03
 736  -0.926678E-03   0.374817E-04   0.190318E-01   0.738642E-02   0.400000E-03
 737  -0.982478E-03   0.829290E-04   0.197174E-01   0.725371E-02   0.300000E-03
 738  -0.928534E-04  -0.946194E-03   0.213997E-01   0.706823E-02   0.400000E-03
 739  -0.482489E-03  -0.289521E-03   0.223487E-01   0.645754E-02   0.350000E-03
 740  -0.672929E-03   0.324466E-03   0.236516E-01   0.622975E-02   0.350000E-03
 741  -0.386234E-03  -0.391130E-03   0.247452E-01   0.567552E-02   0.250000E-03
 742  -0.114414E-02  -0.177837E-03   0.262910E-01   0.534939E-02   0.250000E-03
 743  -0.553924E-03  -0.229320E-03   0.275325E-01   0.515118E-02   0.250000E-03
 744  -0.623549E-03   0.659335E-03   0.288094E-01   0.520187E-02   0.200000E-03
 745   0.647986E-03   0.953319E-03   0.315589E-01   0.571265E-02   0.250000E-03
 746   0.102682E-03   0.319893E-03   0.327984E-01   0.560339E-02   0.350000E-03
 747   0.294890E-03   0.178893E-03   0.332532E-01   0.514000E-02   0.300000E-03
 748   0.287022E-04   0.250849E-03   0.356500E-01   0.486067E-02   0.350000E-03
 749   0.227562E-03  -0.321278E-03   0.363051E-01   0.547568E-02   0.300000E-03
 750   0.611565E-03   0.207606E-03   0.384991E-01   0.586755E-02   0.250000E-03
 751   0.563181E-03   0.188317E-03   0.391586E-01   0.594986E-02   0.300000E-03
 752   0.625630E-03  -0.111158E-03   0.401925E-01   0.424004E-02   0.300000E-03
 753   0.571103E-03   0.473729E-04   0.407477E-01   0.306134E-02   0.150000E-03
 754   0.221914E-03   0.191846E-03   0.418933E-01   0.419505E-02   0.150000E-03
 755  -0.295760E-03   0.161664E-02   0.425393E-01   0.415922E-02   0.150000E-03
 756   0.103451E-02   0.377952E-03   0.431112E-01   0.673151E-02   0.300000E-03
 757  -0.684300E-03   0.952951E-04   0.184144E-02   0.456417E-02   0.350000E-03
 758  -0.444308E-03   0.192657E-03   0.402083E-02   0.576245E-02   0.350000E-03
 759  -0.515561E-03  -0.741956E-04   0.389914E-02   0.512511E-02   0.300000E-03
 760  -0.561719E-03  -0.449331E-04   0.473613E-02   0.565090E-02   0.300000E-03
 761  -0.738412E-03   0.670317E-04   0.541088E-02   0.546618E-02   0.400000E-03
 762  -0.551472E-03   0.237425E-03   0.593565E-02   0.599888E-02   0.350000E-03
 763  -0.506596E-03   0.377102E-03   0.690378E-02   0.625700E-02   0.400000E-03
 764  -0.580679E-03  -0.989109E-04   0.816896E-02   0.678816E-02   0.300000E-03
 765  -0.110016E-02  -0.184202E-03   0.115153E-01   0.643048E-02   0.350000E-03
 766  -0.790800E-03   0.254333E-03   0.117356E-01   0.579425E-02   0.300000E-03
 767  -0.580439E-03   0.344573E-03   0.126481E-01   0.655837E-02   0.200000E-03
 768  -0.904332E-03  -0.601071E-04   0.137038E-01   0.691967E-02   0.250000E-03
 769  -0.744731E-03  -0.235206E-03   0.152248E-01   0.741157E-02   0.350000E-03
 770  -0.970149E-03  -0.177041E-03   0.158082E-01   0.727593E-02   0.250000E-03
 771  -0.737725E-03   0.111552E-03   0.165335E-01   0.683175E-02   0.100000E-03
 772  -0.866353E-03  -0.812963E-05   0.183898E-01   0.747277E-02   0.250000E-03
 773  -0.708128E-03   0.520774E-03   0.200753E-01   0.785455E-02   0.400000E-03
 774  -0.110011E-02  -0.237828E-03   0.207843E-01   0.749458E-02   0.350000E-03
 775  -0.837135E-03   0.465034E-03   0.231827E-01   0.660001E-02   0.250000E-03
 776  -0.318173E-03   0.327486E-03   0.247751E-01   0.612149E-02   0.200000E-03
 777  -0.563019E-03  -0.190680E-04   0.254672E-01   0.487908E-02   0.200000E-03
 778  -0.507004E-03  -0.385774E-03   0.258803E-01   0.552299E-02   0.200000E-03
 779  -0.584010E-03  -0.999909E-03   0.275773E-01   0.569703E-02   0.300000E-03
 780   0.157346E-03  -0.101256E-03   0.292937E-01   0.579932E-02   0.350000E-03
 781   0.110044E-03   0.614055E-03   0.306654E-01   0.596173E-02   0.200000E-03
 782   0.299740E-03   0.319707E-03   0.321037E-01   0.578881E-02   0.300000E-03
 783   0.471339E-03   0.152664E-03   0.338889E-01   0.527262E-02   0.350000E-03
 784   0.701186E-03   0.157130E-03   0.344346E-01   0.521465E-02   0.200000E-03
 785   0.827165E-05  -0.239264E-03   0.356639E-01   0.555850E-02   0.350000E-03
 786  -0.399914E-03  -0.143286E-03   0.375781E-01   0.619034E-02   0.250000E-03
 787   0.983877E-03   0.328479E-03   0.397216E-01   0.615120E-02   0.300000E-03
 788   0.270973E-03  -0.632173E-04   0.396354E-01   0.550409E-02   0.350000E-03
 789   0.618498E-03  -0.202693E-03   0.405685E-01   0.377625E-02   0.300000E-03
 790   0.507288E-03   0.167181E-03   0.414599E-01   0.430689E-02   0.300000E-03
 791   0.862687E-03   0.232712E-03   0.431267E-01   0.436282E-02   0.350000E-03
 792   0.110927E-02   0.335425E-03   0.438881E-01   0.518703E-02   0.150000E-03
 793  -0.383297E-03   0.146997E-03   0.284276E-02   0.556036E-02   0.150000E-03
 794  -0.298035E-03  -0.438917E-04   0.242166E-02   0.553014E-02   0.150000E-03
 795  -0.377280E-03   0.105848E-03   0.435510E-02   0.532810E-02   0.200000E-03
 796  -0.292355E-03  -0.146555E-03   0.265286E-02   0.655492E-02   0.300000E-03
 797  -0.491295E-03   0.736124E-04   0.451225E-02   0.632749E-02   0.400000E-03
 798  -0.781727E-03   0.174732E-03   0.518223E-02   0.612600E-02   0.300000E-03
 799  -0.308352E-03  -0.793885E-04   0.752637E-02   0.669135E-02   0.350000E-03
 800  -0.109045E-02  -0.449115E-03   0.883186E-02   0.712027E-02   0.250000E-03
 801  -0.539471E-03   0.214994E-03   0.107805E-01   0.678824E-02   0.250000E-03
 802  -0.121329E-02  -0.176395E-03   0.112475E-01   0.696695E-02   0.250000E-03
 803  -0.639816E-03   0.208767E-03   0.119737E-01   0.681274E-02   0.250000E-03
 804  -0.124074E-02   0.150840E-03   0.132280E-01   0.719493E-02   0.300000E-03
 805  -0.968979E-03   0.344491E-03   0.140640E-01   0.733463E-02   0.300000E-03
 806  -0.859340E-03  -0.337523E-03   0.157063E-01   0.771370E-02   0.200000E-03
 807  -0.181321E-03   0.649576E-03   0.179517E-01   0.775886E-02   0.250000E-03
 808  -0.956403E-03   0.296714E-03   0.190522E-01   0.823466E-02   0.450000E-03
 809  -0.420102E-03   0.476426E-04   0.213659E-01   0.778013E-02   0.300000E-03
 810  -0.205292E-03  -0.921658E-03   0.220987E-01   0.705607E-02   0.300000E-03
 811  -0.645858E-03   0.387358E-04   0.236745E-01   0.687742E-02   0.300000E-03
 812  -0.576117E-03   0.348092E-03   0.242998E-01   0.627207E-02   0.300000E-03
 813  -0.524630E-03  -0.374257E-03   0.253355E-01   0.557914E-02   0.350000E-03
 814  -0.109951E-02  -0.152093E-02   0.270781E-01   0.566639E-02   0.200000E-03
 815   0.406001E-03  -0.138401E-03   0.285504E-01   0.588820E-02   0.400000E-03
 816  -0.577760E-04   0.414076E-03   0.312122E-01   0.600071E-02   0.200000E-03
 817   0.128046E-03   0.451878E-03   0.302178E-01   0.624665E-02   0.300000E-03
 818   0.142481E-03   0.189225E-03   0.325425E-01   0.619761E-02   0.300000E-03
 819   0.279150E-03   0.362903E-03   0.334343E-01   0.573550E-02   0.300000E-03
 820   0.471030E-03  -0.368684E-03   0.346891E-01   0.564141E-02   0.300000E-03
 821   0.259187E-03  -0.306986E-03   0.361828E-01   0.606127E-02   0.300000E-03
 822   0.562378E-03   0.194041E-03   0.378128E-01   0.691448E-02   0.300000E-03
 823   0.765995E-03   0.117883E-03   0.387483E-01   0.631348E-02   0.250000E-03
 824   0.133708E-03   0.628974E-03   0.408169E-01   0.557622E-02   0.350000E-03
 825  -0.341367E-03   0.410267E-03   0.402586E-01   0.500431E-02   0.450000E-03
 826   0.376012E-03  -0.299373E-03   0.408134E-01   0.443011E-02   0.350000E-03
 827   0.863601E-03   0.609391E-03   0.422300E-01   0.441062E-02   0.250000E-03
 828   0.105591E-02   0.382503E-03   0.402851E-01   0.693995E-02   0.350000E-03
 829  -0.249571E-03  -0.118933E-03   0.263008E-02   0.595572E-02   0.300000E-03
 830   0.358528E-03  -0.151799E-03   0.299215E-03   0.529920E-02   0.300000E-03
 831   0.339956E-03  -0.522656E-03   0.314017E-03   0.579842E-02   0.200000E-03
 832  -0.338304E-03  -0.129408E-03   0.310118E-02   0.623901E-02   0.250000E-03
 833  -0.309517E-03  -0.134313E-03   0.329371E-02   0.675284E-02   0.300000E-03
 834  -0.393096E-03   0.115487E-03   0.509119E-02   0.671870E-02   0.300000E-03
 835  -0.736834E-03  -0.942638E-05   0.577132E-02   0.688458E-02   0.300000E-03
 836  -0.339830E-03  -0.210473E-03   0.760356E-02   0.738501E-02   0.350000E-03
 837  -0.582283E-03  -0.451555E-04   0.107843E-01   0.634029E-02   0.200000E-03
 838  -0.608238E-03   0.115568E-03   0.117279E-01   0.735903E-02   0.350000E-03
 839  -0.562235E-03   0.213621E-03   0.125306E-01   0.714559E-02   0.400000E-03
 840  -0.100402E-02   0.161486E-04   0.141274E-01   0.793071E-02   0.300000E-03
 841  -0.103541E-02   0.990342E-05   0.147160E-01   0.781549E-02   0.300000E-03
 842  -0.643311E-03  -0.472148E-03   0.169733E-01   0.766820E-02   0.300000E-03
 843  -0.812823E-03   0.342899E-03   0.184045E-01   0.797021E-02   0.250000E-03
 844  -0.643601E-03  -0.351708E-03   0.197610E-01   0.847970E-02   0.300000E-03
 845  -0.112069E-02   0.470911E-03   0.207449E-01   0.819174E-02   0.350000E-03
 846  -0.624084E-03   0.114640E-03   0.218660E-01   0.755367E-02   0.250000E-03
 847  -0.829075E-03   0.128751E-03   0.231395E-01   0.714705E-02   0.300000E-03
 848  -0.598447E-03   0.140413E-04   0.243682E-01   0.696737E-02   0.400000E-03
 849  -0.837099E-03   0.211399E-03   0.253002E-01   0.628103E-02   0.350000E-03
 850  -0.905702E-03   0.581114E-04   0.266356E-01   0.563796E-02   0.200000E-03
 851  -0.882735E-03   0.473272E-04   0.264834E-01   0.610944E-02   0.300000E-03
 852  -0.223106E-03   0.669819E-03   0.298607E-01   0.582660E-02   0.150000E-03
 853  -0.677076E-04   0.316846E-03   0.316609E-01   0.631368E-02   0.350000E-03
 854   0.291000E-03   0.192224E-03   0.327394E-01   0.681549E-02   0.350000E-03
 855   0.341824E-03   0.219021E-03   0.331394E-01   0.625757E-02   0.300000E-03
 856   0.324495E-03  -0.309404E-03   0.340895E-01   0.599425E-02   0.400000E-03
 857   0.244595E-03  -0.466179E-03   0.351811E-01   0.606079E-02   0.350000E-03
 858   0.224221E-03  -0.369109E-03   0.365418E-01   0.654102E-02   0.300000E-03
 859   0.649024E-03   0.547761E-03   0.392849E-01   0.648427E-02   0.250000E-03
 860   0.102569E-02   0.305875E-03   0.402104E-01   0.580366E-02   0.300000E-03
 861   0.868612E-03   0.610124E-03   0.415144E-01   0.558820E-02   0.350000E-03
 862   0.403038E-03  -0.225280E-03   0.409918E-01   0.500256E-02   0.250000E-03
 863   0.960331E-03   0.715047E-03   0.432897E-01   0.514509E-02   0.450000E-03
 864   0.689596E-03   0.823395E-03   0.445517E-01   0.607061E-02   0.450000E-03
 865  -0.317262E-04   0.124668E-03   0.137243E-02   0.514756E-02   0.350000E-03
 866  -0.323265E-03  -0.189560E-03   0.170965E-02   0.557897E-02   0.200000E-03
 867  -0.312610E-03  -0.154615E-03   0.203174E-02   0.636914E-02   0.350000E-03
 868  -0.226158E-03  -0.267622E-03   0.373118E-02   0.634336E-02   0.300000E-03
 869  -0.355550E-03  -0.430935E-03   0.338589E-02   0.729262E-02   0.250000E-03
 870  -0.721111E-03  -0.200602E-04   0.627172E-02   0.655418E-02   0.300000E-03
 871  -0.514364E-03  -0.400451E-04   0.693404E-02   0.695586E-02   0.300000E-03
 872  -0.840518E-03   0.337439E-03   0.920879E-02   0.684525E-02   0.200000E-03
 873  -0.809760E-03   0.214265E-03   0.102813E-01   0.704710E-02   0.300000E-03
 874  -0.630984E-03   0.152897E-03   0.116791E-01   0.801816E-02   0.300000E-03
 875  -0.568773E-03   0.136271E-03   0.122273E-01   0.777458E-02   0.300000E-03
 876  -0.103053E-02   0.461298E-03   0.135771E-01   0.768052E-02   0.300000E-03
 877  -0.104488E-02   0.352606E-03   0.147033E-01   0.841498E-02   0.300000E-03
 878  -0.510652E-03  -0.460597E-03   0.163331E-01   0.756391E-02   0.350000E-03
 879  -0.115075E-02   0.443196E-03   0.174584E-01   0.792841E-02   0.250000E-03
 880  -0.117013E-02   0.381152E-03   0.177131E-01   0.841501E-02   0.300000E-03
 881   0.269223E-03   0.586964E-03   0.218354E-01   0.815298E-02   0.300000E-03
 882   0.114819E-02  -0.359069E-03   0.226049E-01   0.726754E-02   0.250000E-03
 883   0.465880E-03   0.181947E-03   0.227928E-01   0.668439E-02   0.150000E-03
 884  -0.625646E-03   0.730580E-04   0.238455E-01   0.750370E-02   0.350000E-03
 885  -0.500312E-03   0.296606E-03   0.257296E-01   0.740321E-02   0.400000E-03
 886  -0.458436E-03   0.111078E-03   0.258920E-01   0.602011E-02   0.300000E-03
 887   0.181135E-03   0.803884E-03   0.282682E-01   0.657991E-02   0.350000E-03
 888   0.283393E-03   0.350597E-03   0.295374E-01   0.655969E-02   0.450000E-03
 889  -0.179963E-04   0.282424E-03   0.308971E-01   0.656786E-02   0.450000E-03
 890   0.256517E-05   0.375802E-03   0.321800E-01   0.660972E-02   0.250000E-03
 891   0.319061E-03  -0.910079E-04   0.336887E-01   0.662575E-02   0.350000E-03
 892   0.193775E-03  -0.454930E-03   0.346375E-01   0.657615E-02   0.400000E-03
 893   0.386185E-03  -0.368355E-03   0.357121E-01   0.643229E-02   0.300000E-03
 894   0.777615E-03   0.377054E-03   0.385763E-01   0.678274E-02   0.250000E-03
 895   0.841140E-03   0.409847E-03   0.390833E-01   0.699534E-02   0.300000E-03
 896   0.660551E-03  -0.377990E-03   0.419225E-01   0.696612E-02   0.300000E-03
 897   0.135550E-02   0.468305E-03   0.424732E-01   0.661958E-02   0.350000E-03
 898   0.485185E-03   0.435929E-03   0.426344E-01   0.460575E-02   0.200000E-03
 899   0.878298E-03   0.694958E-03   0.424942E-01   0.520386E-02   0.350000E-03
 900   0.142235E-02   0.121016E-02   0.438296E-01   0.572989E-02   0.350000E-03
 901   0.695250E-05  -0.356872E-03   0.129162E-02   0.573929E-02   0.250000E-03
 902  -0.342207E-03  -0.464100E-03   0.310160E-02   0.770346E-02   0.250000E-03
 903  -0.286539E-03  -0.147672E-03   0.211082E-02   0.577593E-02   0.250000E-03
 904  -0.338811E-03  -0.421698E-03   0.279547E-02   0.718769E-02   0.350000E-03
 905  -0.240144E-03  -0.304084E-03   0.403395E-02   0.702913E-02   0.450000E-03
 906  -0.344459E-03  -0.228395E-03   0.589344E-02   0.742355E-02   0.250000E-03
 907  -0.607266E-03   0.309964E-03   0.558487E-02   0.642118E-02   0.200000E-03
 908  -0.106219E-02  -0.213970E-03   0.885772E-02   0.766867E-02   0.300000E-03
 909  -0.858871E-03   0.340710E-03   0.934882E-02   0.732386E-02   0.300000E-03
 910  -0.756603E-03   0.380725E-03   0.100887E-01   0.808243E-02   0.300000E-03
 911  -0.633452E-03   0.164314E-03   0.112339E-01   0.769738E-02   0.250000E-03
 912  -0.884772E-03  -0.440718E-03   0.152038E-01   0.869288E-02   0.250000E-03
 913  -0.794033E-03  -0.606004E-03   0.153190E-01   0.810446E-02   0.350000E-03
 914  -0.594455E-03  -0.208523E-03   0.160883E-01   0.832477E-02   0.450000E-03
 915  -0.639845E-03  -0.304762E-03   0.169798E-01   0.836782E-02   0.400000E-03
 916  -0.538902E-03  -0.211732E-03   0.203293E-01   0.868937E-02   0.300000E-03
 917  -0.479841E-03  -0.261117E-03   0.199169E-01   0.912353E-02   0.300000E-03
 918   0.957569E-03   0.196338E-03   0.223985E-01   0.782962E-02   0.350000E-03
 919  -0.855742E-03   0.123684E-03   0.230974E-01   0.779517E-02   0.350000E-03
 920  -0.513079E-03   0.351808E-03   0.247276E-01   0.646770E-02   0.150000E-03
 921  -0.806191E-03   0.357575E-03   0.232690E-01   0.853797E-02   0.350000E-03
 922  -0.518766E-03   0.395239E-03   0.258821E-01   0.666921E-02   0.350000E-03
 923  -0.471440E-03   0.542210E-03   0.276104E-01   0.634497E-02   0.350000E-03
 924   0.274495E-03   0.890178E-03   0.288445E-01   0.713368E-02   0.450000E-03
 925  -0.135089E-04   0.364053E-03   0.310713E-01   0.734825E-02   0.350000E-03
 926  -0.746586E-04   0.415484E-03   0.315916E-01   0.695895E-02   0.300000E-03
 927  -0.545351E-04   0.194283E-04   0.336070E-01   0.717554E-02   0.200000E-03
 928   0.481636E-03   0.928149E-03   0.341381E-01   0.649122E-02   0.100000E-03
 929   0.771822E-05   0.202296E-03   0.372012E-01   0.669466E-02   0.350000E-03
 930   0.141898E-02   0.251357E-03   0.412173E-01   0.664777E-02   0.300000E-03
 931   0.109004E-02   0.315598E-03   0.411882E-01   0.608831E-02   0.250000E-03
 932   0.980424E-03   0.347059E-03   0.397355E-01   0.670017E-02   0.250000E-03
 933   0.743433E-03   0.170763E-03   0.418098E-01   0.627559E-02   0.400000E-03
 934   0.100315E-02  -0.876755E-03   0.412651E-01   0.471116E-02   0.150000E-03
 935   0.794483E-03   0.725642E-03   0.418096E-01   0.490487E-02   0.400000E-03
 936   0.124224E-02   0.139809E-02   0.433694E-01   0.618852E-02   0.300000E-03
 937  -0.262700E-03  -0.292619E-03   0.102844E-02   0.726021E-02   0.350000E-03
 938  -0.151816E-03  -0.721916E-04   0.297864E-03   0.629850E-02   0.300000E-03
 939  -0.310618E-03  -0.364179E-03   0.374157E-02   0.777380E-02   0.350000E-03
 940   0.523043E-03  -0.583381E-03   0.791881E-03   0.596095E-02   0.300000E-03
 941  -0.228349E-03  -0.321260E-03   0.166043E-02   0.696110E-02   0.350000E-03
 942  -0.303697E-03  -0.381275E-03   0.459087E-02   0.779845E-02   0.500000E-03
 943  -0.513176E-03  -0.259712E-03   0.530155E-02   0.733342E-02   0.350000E-03
 944  -0.705293E-03   0.421178E-05   0.636574E-02   0.714493E-02   0.300000E-03
 945  -0.551089E-03   0.233018E-03   0.108208E-01   0.733566E-02   0.300000E-03
 946  -0.852616E-03   0.349075E-03   0.983568E-02   0.757810E-02   0.250000E-03
 947  -0.529380E-03   0.147676E-03   0.129249E-01   0.804853E-02   0.450000E-03
 948  -0.585933E-03   0.225828E-03   0.125319E-01   0.862699E-02   0.250000E-03
 949  -0.682945E-03  -0.332171E-03   0.156859E-01   0.895708E-02   0.300000E-03
 950  -0.999965E-03   0.712864E-04   0.139748E-01   0.861353E-02   0.400000E-03
 951  -0.657661E-03  -0.289905E-03   0.165473E-01   0.891763E-02   0.300000E-03
 952  -0.876356E-03   0.404052E-03   0.182616E-01   0.844772E-02   0.250000E-03
 953  -0.105067E-02   0.587393E-03   0.209525E-01   0.875423E-02   0.250000E-03
 954  -0.129689E-03   0.235743E-03   0.224326E-01   0.868481E-02   0.500000E-03
 955  -0.674544E-03   0.213398E-03   0.236338E-01   0.806317E-02   0.250000E-03
 956  -0.737569E-03   0.258344E-03   0.250909E-01   0.728357E-02   0.250000E-03
 957  -0.686999E-03   0.439766E-03   0.268100E-01   0.766876E-02   0.350000E-03
 958  -0.811411E-03   0.201154E-03   0.264605E-01   0.706280E-02   0.350000E-03
 959  -0.403602E-03   0.521551E-03   0.269465E-01   0.656009E-02   0.350000E-03
 960   0.103825E-03   0.412342E-03   0.302354E-01   0.679510E-02   0.250000E-03
 961  -0.840292E-05   0.192861E-03   0.320960E-01   0.797933E-02   0.400000E-03
 962   0.187675E-03   0.395257E-03   0.316477E-01   0.750919E-02   0.250000E-03
 963   0.580630E-04   0.106912E-03   0.332650E-01   0.696988E-02   0.200000E-03
 964   0.394939E-03  -0.377676E-03   0.352817E-01   0.684916E-02   0.300000E-03
 965   0.299465E-03  -0.436923E-03   0.360810E-01   0.683975E-02   0.250000E-03
 966   0.450119E-03  -0.599351E-03   0.366715E-01   0.722807E-02   0.400000E-03
 967   0.108417E-02   0.293989E-03   0.406454E-01   0.634040E-02   0.350000E-03
 968   0.110060E-02   0.304331E-03   0.401570E-01   0.625016E-02   0.150000E-03
 969   0.997964E-03   0.569866E-03   0.447504E-01   0.715153E-02   0.250000E-03
 970   0.815821E-03   0.443931E-03   0.442565E-01   0.681169E-02   0.350000E-03
 971   0.106289E-02   0.131304E-02   0.427260E-01   0.591445E-02   0.400000E-03
 972   0.484590E-03   0.386820E-03   0.436593E-01   0.676196E-02   0.250000E-03
 973   0.493243E-03  -0.140805E-03   0.835985E-03   0.541306E-02   0.250000E-03
 974  -0.262330E-03  -0.470784E-03   0.403205E-02   0.829845E-02   0.250000E-03
 975   0.104269E-04  -0.158491E-03   0.133356E-02   0.633622E-02   0.350000E-03
 976  -0.158443E-03  -0.705351E-04   0.772296E-03   0.666323E-02   0.300000E-03
 977  -0.563458E-03   0.263620E-03   0.736959E-02   0.793641E-02   0.250000E-03
 978  -0.506310E-03   0.945822E-04   0.697477E-02   0.755396E-02   0.300000E-03
 979  -0.735632E-03  -0.228590E-03   0.644164E-02   0.768863E-02   0.250000E-03
 980  -0.642815E-03  -0.472222E-03   0.818439E-02   0.785831E-02   0.400000E-03
 981  -0.754679E-03   0.359350E-03   0.103347E-01   0.759186E-02   0.250000E-03
 982  -0.535395E-03   0.341008E-03   0.935372E-02   0.823051E-02   0.450000E-03
 983  -0.572229E-03   0.188074E-03   0.121400E-01   0.831714E-02   0.250000E-03
 984  -0.815467E-03   0.290722E-03   0.107382E-01   0.803465E-02   0.350000E-03
 985  -0.100243E-02   0.690684E-04   0.135615E-01   0.817900E-02   0.200000E-03
 986  -0.859694E-03   0.559762E-03   0.189301E-01   0.949407E-02   0.300000E-03
 987  -0.107769E-02   0.144104E-03   0.186348E-01   0.891612E-02   0.350000E-03
 988  -0.126345E-02  -0.359621E-03   0.193526E-01   0.891983E-02   0.300000E-03
 989  -0.115103E-02   0.373623E-03   0.194784E-01   0.945434E-02   0.250000E-03
 990  -0.138325E-03   0.736429E-03   0.213227E-01   0.834866E-02   0.250000E-03
 991  -0.560667E-03   0.235419E-03   0.242199E-01   0.819104E-02   0.350000E-03
 992  -0.398728E-03  -0.213970E-04   0.245608E-01   0.763854E-02   0.300000E-03
 993  -0.763840E-03   0.908216E-04   0.249930E-01   0.679372E-02   0.250000E-03
 994  -0.520440E-03   0.139256E-03   0.270941E-01   0.714066E-02   0.250000E-03
 995   0.894526E-03   0.811937E-04   0.277429E-01   0.711391E-02   0.400000E-03
 996   0.321517E-03   0.386912E-03   0.304231E-01   0.731084E-02   0.300000E-03
 997   0.296645E-03   0.375595E-03   0.298945E-01   0.716082E-02   0.250000E-03
 998  -0.407804E-04   0.432990E-03   0.321801E-01   0.723448E-02   0.350000E-03
 999   0.144829E-03   0.102172E-04   0.330194E-01   0.734578E-02   0.250000E-03
1000  -0.187812E-03   0.249504E-05   0.341557E-01   0.714889E-02   0.350000E-03
