   1  -0.601208E-03  -0.342961E-03   0.112572E-01   0.850730E-02   0.350000E-03
   2  -0.674208E-02  -0.136145E-02   0.158058E-03   0.149910E-03   0.150000E-03
   3   0.248413E-03  -0.445022E-03   0.449495E-02   0.447552E-03   0.450000E-03
   4   0.399778E-02  -0.282650E-03   0.565856E-02   0.547403E-03   0.200000E-03
   5  -0.174415E-02  -0.421005E-04   0.570539E-02   0.999704E-04   0.100000E-03
   6  -0.347070E-02  -0.193457E-03   0.742165E-02   0.249531E-03   0.250000E-03
   7  -0.111433E-02   0.118663E-02   0.805391E-02   0.398518E-03   0.400000E-03
   8  -0.259320E-02  -0.950905E-04   0.882270E-02   0.347128E-03   0.350000E-03
   9  -0.126469E-02   0.272183E-03   0.926467E-02   0.576054E-03   0.150000E-03
  10   0.168480E-03  -0.259168E-02   0.117671E-01   0.296856E-03   0.300000E-03
  11   0.220270E-02  -0.898131E-03   0.130100E-01   0.349706E-03   0.350000E-03
  12   0.517661E-03  -0.685900E-03   0.147441E-01   0.194881E-03   0.200000E-03
  13  -0.127409E-03   0.704221E-03   0.168712E-01   0.343496E-03   0.350000E-03
  14   0.973784E-03   0.124786E-02   0.175696E-01   0.348357E-03   0.350000E-03
  15   0.189995E-02   0.476215E-03   0.187891E-01   0.399336E-03   0.400000E-03
  16   0.189755E-02   0.954110E-03   0.195354E-01   0.348304E-03   0.350000E-03
  17   0.220212E-03  -0.622513E-03   0.204502E-01   0.338351E-03   0.350000E-03
  18  -0.961935E-03   0.986374E-03   0.219003E-01   0.349206E-03   0.350000E-03
  19   0.980266E-03   0.892172E-03   0.224893E-01   0.241065E-03   0.250000E-03
  20   0.469027E-02   0.200774E-02   0.229891E-01   0.248865E-03   0.250000E-03
  21   0.490364E-03  -0.207252E-02   0.244410E-01   0.249838E-03   0.250000E-03
  22  -0.116424E-03   0.888251E-03   0.257273E-01   0.199968E-03   0.200000E-03
  23   0.278783E-02   0.651283E-03   0.267676E-01   0.100057E-03   0.100000E-03
  24  -0.128295E-03  -0.348612E-03   0.282548E-01   0.396033E-03   0.400000E-03
  25   0.100621E-02  -0.159179E-03   0.297703E-01   0.397137E-03   0.400000E-03
  26   0.135072E-02  -0.112136E-02   0.305172E-01   0.341803E-03   0.350000E-03
  27   0.151211E-02   0.111550E-03   0.318605E-01   0.297900E-03   0.300000E-03
  28   0.953894E-02   0.402957E-02   0.333465E-01   0.300077E-03   0.300000E-03
  29   0.857443E-03   0.586287E-03   0.355518E-01   0.447067E-03   0.450000E-03
  30  -0.804553E-03  -0.134253E-02   0.373981E-01   0.345713E-03   0.350000E-03
  31   0.675011E-03  -0.125236E-02   0.379900E-01   0.249286E-03   0.250000E-03
  32   0.134298E-02  -0.187094E-02   0.401236E-01   0.196902E-03   0.200000E-03
  33  -0.684794E-03  -0.102599E-02   0.410142E-01   0.194378E-03   0.200000E-03
  34  -0.277390E-02  -0.422498E-03   0.446054E-01   0.882324E-03   0.400000E-03
  35  -0.121568E-02   0.163821E-02   0.446516E-01   0.192497E-02   0.350000E-03
  36   0.716702E-03  -0.819147E-03   0.862685E-02   0.840024E-02   0.300000E-03
  37   0.159345E-04   0.247571E-02   0.248631E-03   0.185249E-02   0.250000E-03
  38   0.814990E-03   0.116717E-02   0.761546E-03   0.782916E-03   0.300000E-03
  39   0.454092E-02  -0.161920E-03   0.256122E-02   0.395120E-03   0.400000E-03
  40   0.176374E-02  -0.195880E-02   0.609445E-02   0.300056E-03   0.300000E-03
  41  -0.385072E-03  -0.267233E-03   0.678831E-02   0.394021E-03   0.400000E-03
  42  -0.204807E-02  -0.162846E-03   0.722077E-02   0.100260E-02   0.350000E-03
  43  -0.133697E-02   0.921859E-03   0.852094E-02   0.917347E-03   0.300000E-03
  44  -0.762497E-04   0.202097E-02   0.933436E-02   0.968567E-03   0.250000E-03
  45   0.247043E-02   0.301790E-04   0.990717E-02   0.491100E-03   0.500000E-03
  46   0.199681E-03  -0.355844E-03   0.108491E-01   0.299576E-03   0.300000E-03
  47   0.357357E-03  -0.443407E-04   0.151385E-01   0.150025E-03   0.150000E-03
  48  -0.510486E-05   0.851833E-03   0.157664E-01   0.447851E-03   0.450000E-03
  49   0.562555E-03   0.159011E-02   0.164364E-01   0.879952E-03   0.350000E-03
  50   0.145350E-02   0.750494E-03   0.181591E-01   0.247166E-03   0.250000E-03
  51   0.194960E-02   0.156431E-02   0.192640E-01   0.879722E-03   0.250000E-03
  52   0.241780E-02   0.792788E-03   0.199907E-01   0.147937E-03   0.150000E-03
  53   0.667924E-03  -0.405889E-03   0.204581E-01   0.100302E-02   0.200000E-03
  54   0.114716E-03  -0.267346E-03   0.211224E-01   0.298453E-03   0.300000E-03
  55   0.301744E-03  -0.121906E-03   0.233996E-01   0.999400E-04   0.100000E-03
  56   0.188337E-02  -0.233397E-02   0.238081E-01   0.396542E-03   0.400000E-03
  57   0.116354E-03  -0.618330E-03   0.244891E-01   0.934327E-03   0.400000E-03
  58   0.132978E-02  -0.140883E-02   0.250744E-01   0.394753E-03   0.400000E-03
  59   0.190330E-02   0.615842E-05   0.270624E-01   0.200016E-03   0.200000E-03
  60   0.107731E-02  -0.568404E-03   0.275623E-01   0.298337E-03   0.300000E-03
  61   0.518890E-03  -0.946602E-04   0.290781E-01   0.297856E-03   0.300000E-03
  62   0.123348E-02  -0.913915E-03   0.312148E-01   0.347144E-03   0.350000E-03
  63  -0.170492E-02   0.145159E-02   0.328590E-01   0.196969E-03   0.200000E-03
  64   0.216516E-02   0.135961E-02   0.347601E-01   0.346196E-03   0.350000E-03
  65   0.826377E-03   0.928444E-03   0.363310E-01   0.619141E-03   0.350000E-03
  66   0.164085E-02  -0.292056E-03   0.364271E-01   0.139076E-03   0.150000E-03
  67   0.888859E-03  -0.957133E-03   0.391382E-01   0.299498E-03   0.300000E-03
  68  -0.216589E-02  -0.952124E-03   0.423033E-01   0.224277E-03   0.200000E-03
  69   0.590995E-03   0.666209E-03   0.438632E-01   0.821131E-03   0.350000E-03
  70   0.203000E-03  -0.288194E-02   0.424127E-01   0.721739E-02   0.250000E-03
  71  -0.807717E-03  -0.162074E-03   0.447019E-01   0.498293E-02   0.300000E-03
  72  -0.208791E-02  -0.115268E-02   0.447501E-01   0.249114E-03   0.250000E-03
  73  -0.380624E-03   0.190647E-03   0.258602E-02   0.800704E-02   0.350000E-03
  74   0.298272E-02   0.222402E-02   0.109840E-02   0.293490E-03   0.300000E-03
  75  -0.150408E-02  -0.105479E-02   0.382373E-02   0.249794E-03   0.250000E-03
  76   0.364801E-03  -0.693782E-04   0.516893E-02   0.925854E-03   0.350000E-03
  77  -0.102784E-02  -0.818419E-03   0.640275E-02   0.843140E-03   0.200000E-03
  78  -0.116616E-02  -0.718200E-03   0.659530E-02   0.135531E-02   0.350000E-03
  79  -0.816620E-03  -0.405816E-03   0.790793E-02   0.113334E-02   0.350000E-03
  80   0.104792E-03  -0.267781E-03   0.901776E-02   0.134906E-02   0.250000E-03
  81   0.503153E-03   0.105231E-03   0.106371E-01   0.913238E-03   0.350000E-03
  82   0.805018E-03   0.760208E-03   0.132581E-01   0.988102E-03   0.300000E-03
  83   0.119191E-02  -0.671778E-03   0.137084E-01   0.345900E-03   0.350000E-03
  84   0.258406E-02  -0.101203E-02   0.142986E-01   0.245224E-03   0.250000E-03
  85   0.609552E-03   0.151119E-03   0.153723E-01   0.102274E-02   0.250000E-03
  86   0.129829E-03   0.127094E-02   0.172140E-01   0.106284E-02   0.450000E-03
  87   0.198377E-02   0.125367E-02   0.187948E-01   0.104797E-02   0.250000E-03
  88   0.763650E-03   0.103604E-03   0.200011E-01   0.800477E-03   0.300000E-03
  89   0.417108E-03   0.896377E-04   0.202571E-01   0.160883E-02   0.400000E-03
  90   0.210035E-03   0.722988E-03   0.214338E-01   0.867037E-03   0.350000E-03
  91   0.445282E-03  -0.110604E-02   0.225623E-01   0.726921E-03   0.250000E-03
  92   0.432343E-02  -0.337064E-05   0.231511E-01   0.825368E-03   0.350000E-03
  93   0.269682E-02  -0.123241E-02   0.237723E-01   0.114225E-02   0.350000E-03
  94   0.139376E-02  -0.119214E-02   0.252113E-01   0.112847E-02   0.350000E-03
  95   0.890809E-03   0.173242E-03   0.272958E-01   0.888727E-03   0.350000E-03
  96   0.569668E-03  -0.719812E-04   0.279980E-01   0.115057E-02   0.400000E-03
  97   0.938609E-03  -0.141698E-03   0.294746E-01   0.971259E-03   0.250000E-03
  98   0.547070E-03   0.780112E-03   0.302600E-01   0.109038E-02   0.450000E-03
  99   0.491686E-02  -0.923062E-04   0.324059E-01   0.244555E-03   0.250000E-03
 100   0.932683E-03  -0.582015E-02   0.327265E-01   0.620350E-03   0.250000E-03
 101   0.250909E-02  -0.291753E-04   0.349680E-01   0.106320E-02   0.400000E-03
 102   0.129404E-02  -0.472108E-03   0.368076E-01   0.254602E-03   0.250000E-03
 103  -0.407469E-03   0.192716E-03   0.376432E-01   0.888110E-03   0.250000E-03
 104   0.770142E-03  -0.654840E-03   0.385404E-01   0.295759E-03   0.300000E-03
 105   0.125841E-02  -0.153482E-02   0.405689E-01   0.245136E-03   0.250000E-03
 106   0.111391E-02  -0.142742E-02   0.431893E-01   0.298058E-03   0.300000E-03
 107  -0.306917E-03  -0.175656E-02   0.440812E-01   0.748945E-02   0.350000E-03
 108   0.129217E-02   0.240253E-03   0.348824E-01   0.748536E-02   0.450000E-03
 109   0.206061E-02   0.309541E-02   0.240680E-03   0.636177E-03   0.250000E-03
 110   0.473222E-02   0.140732E-02   0.550667E-03   0.247129E-03   0.250000E-03
 111  -0.310949E-02  -0.839961E-04   0.176806E-02   0.467858E-03   0.400000E-03
 112   0.137358E-02  -0.422033E-02   0.309062E-02   0.918983E-03   0.350000E-03
 113  -0.412101E-03  -0.448014E-03   0.588287E-02   0.113552E-02   0.400000E-03
 114  -0.421547E-03  -0.217843E-03   0.709623E-02   0.156914E-02   0.200000E-03
 115  -0.625890E-03   0.769073E-03   0.846171E-02   0.155883E-02   0.350000E-03
 116   0.136506E-02  -0.455662E-04   0.981527E-02   0.133052E-02   0.350000E-03
 117  -0.521653E-03  -0.127922E-03   0.113153E-01   0.752128E-03   0.350000E-03
 118   0.121018E-02  -0.112977E-02   0.123642E-01   0.289237E-03   0.300000E-03
 119   0.228057E-02   0.465937E-03   0.142335E-01   0.786730E-03   0.300000E-03
 120   0.108542E-02   0.406769E-03   0.150322E-01   0.596501E-03   0.300000E-03
 121   0.241800E-03   0.155452E-02   0.166510E-01   0.138428E-02   0.200000E-03
 122   0.121172E-02   0.158099E-02   0.181037E-01   0.942954E-03   0.450000E-03
 123   0.158451E-02   0.181133E-02   0.185428E-01   0.141709E-02   0.200000E-03
 124   0.271858E-03   0.100214E-03   0.196419E-01   0.127761E-02   0.300000E-03
 125   0.230829E-03   0.169064E-03   0.208451E-01   0.772476E-03   0.250000E-03
 126   0.179167E-03   0.700342E-03   0.208900E-01   0.131571E-02   0.300000E-03
 127   0.987208E-03  -0.200297E-03   0.226870E-01   0.120539E-02   0.250000E-03
 128   0.206948E-02   0.124917E-02   0.230398E-01   0.162177E-02   0.300000E-03
 129   0.132380E-02   0.159737E-02   0.235831E-01   0.170033E-02   0.250000E-03
 130   0.599664E-03  -0.176277E-02   0.257000E-01   0.702977E-03   0.300000E-03
 131   0.300162E-03  -0.196132E-02   0.263238E-01   0.393879E-03   0.400000E-03
 132   0.156032E-02  -0.660341E-03   0.275030E-01   0.148698E-02   0.200000E-03
 133   0.100391E-02  -0.274911E-03   0.288261E-01   0.948798E-03   0.400000E-03
 134   0.133866E-02   0.263106E-03   0.311476E-01   0.109105E-02   0.400000E-03
 135   0.175489E-02   0.302643E-03   0.319931E-01   0.103385E-02   0.450000E-03
 136  -0.835091E-06   0.114240E-02   0.340246E-01   0.461938E-03   0.400000E-03
 137  -0.502714E-03   0.112336E-02   0.372291E-01   0.762483E-03   0.100000E-03
 138  -0.291529E-03  -0.405889E-04   0.374081E-01   0.132329E-02   0.250000E-03
 139   0.956148E-03  -0.124296E-03   0.381768E-01   0.765850E-03   0.300000E-03
 140   0.131617E-02  -0.101712E-02   0.396828E-01   0.262486E-03   0.250000E-03
 141   0.991507E-03  -0.859869E-03   0.414603E-01   0.249086E-03   0.250000E-03
 142   0.610487E-04  -0.987194E-03   0.419058E-01   0.198518E-03   0.200000E-03
 143  -0.274964E-03  -0.162272E-03   0.439014E-01   0.632549E-02   0.250000E-03
 144   0.843838E-03   0.231672E-03   0.294872E-01   0.752953E-02   0.300000E-03
 145   0.590290E-04  -0.319916E-03   0.295118E-03   0.340555E-02   0.300000E-03
 146   0.565454E-03   0.132031E-02   0.658931E-03   0.142004E-02   0.350000E-03
 147  -0.860554E-03  -0.327888E-03   0.397933E-02   0.843117E-03   0.200000E-03
 148   0.252134E-03   0.789329E-03   0.522905E-02   0.289346E-03   0.300000E-03
 149  -0.518674E-03   0.142592E-03   0.607293E-02   0.196108E-02   0.450000E-03
 150  -0.161615E-02   0.524040E-03   0.748208E-02   0.147963E-02   0.200000E-03
 151   0.116575E-02   0.755743E-03   0.936614E-02   0.162916E-02   0.200000E-03
 152   0.361886E-03   0.236770E-03   0.103584E-01   0.138323E-02   0.200000E-03
 153  -0.321298E-03   0.175301E-03   0.111018E-01   0.136404E-02   0.300000E-03
 154   0.132633E-02   0.161928E-02   0.125615E-01   0.949578E-03   0.400000E-03
 155   0.687106E-03   0.562797E-03   0.137445E-01   0.886053E-03   0.200000E-03
 156   0.127608E-02  -0.125146E-03   0.147630E-01   0.124200E-02   0.400000E-03
 157   0.365174E-03   0.573248E-03   0.158993E-01   0.139686E-02   0.400000E-03
 158   0.194684E-03  -0.276953E-03   0.173186E-01   0.185220E-02   0.350000E-03
 159   0.317507E-03  -0.658376E-04   0.177216E-01   0.146850E-02   0.200000E-03
 160   0.988149E-03  -0.623129E-03   0.181525E-01   0.164098E-02   0.250000E-03
 161   0.568498E-03  -0.614292E-03   0.195484E-01   0.181479E-02   0.250000E-03
 162   0.292745E-03   0.711125E-03   0.208526E-01   0.181076E-02   0.200000E-03
 163  -0.117554E-02  -0.168666E-03   0.220928E-01   0.109401E-02   0.350000E-03
 164  -0.322309E-03   0.142255E-02   0.227019E-01   0.217066E-02   0.300000E-03
 165  -0.539839E-04  -0.988620E-03   0.247865E-01   0.155087E-02   0.250000E-03
 166   0.196199E-02  -0.601585E-04   0.255598E-01   0.160466E-02   0.250000E-03
 167   0.404507E-03   0.277200E-03   0.265893E-01   0.113677E-02   0.400000E-03
 168   0.343945E-03   0.111225E-02   0.285468E-01   0.153340E-02   0.250000E-03
 169   0.119038E-02   0.139429E-02   0.301672E-01   0.172882E-02   0.200000E-03
 170   0.899459E-03   0.141168E-02   0.307602E-01   0.178650E-02   0.400000E-03
 171   0.325557E-03   0.107952E-02   0.334883E-01   0.906461E-03   0.300000E-03
 172   0.189644E-02   0.765753E-04   0.341962E-01   0.126757E-02   0.400000E-03
 173   0.949932E-03   0.704148E-05   0.356552E-01   0.118511E-02   0.300000E-03
 174   0.850466E-03   0.742336E-03   0.368798E-01   0.104717E-02   0.350000E-03
 175   0.555329E-03   0.457323E-03   0.390310E-01   0.888893E-03   0.300000E-03
 176   0.831363E-03   0.237749E-03   0.400911E-01   0.988244E-03   0.200000E-03
 177   0.137664E-02   0.410756E-03   0.406089E-01   0.788042E-03   0.300000E-03
 178  -0.244009E-02  -0.728786E-04   0.443948E-01   0.144136E-02   0.200000E-03
 179   0.138422E-02  -0.134124E-02   0.427008E-01   0.196432E-03   0.200000E-03
 180   0.275408E-03  -0.129324E-02   0.400227E-01   0.753503E-02   0.300000E-03
 181   0.154250E-03  -0.111927E-02   0.200068E-03   0.108407E-02   0.200000E-03
 182  -0.580141E-03  -0.138143E-02   0.135625E-02   0.222461E-02   0.200000E-03
 183   0.132772E-03  -0.124157E-02   0.327619E-02   0.298058E-03   0.300000E-03
 184   0.862906E-03  -0.120243E-02   0.526103E-02   0.161448E-02   0.350000E-03
 185  -0.345690E-03   0.747671E-04   0.623181E-02   0.264083E-02   0.250000E-03
 186  -0.722096E-03  -0.510459E-04   0.677929E-02   0.187205E-02   0.200000E-03
 187  -0.771938E-03   0.865471E-03   0.786357E-02   0.179094E-02   0.300000E-03
 188   0.823831E-03   0.205686E-03   0.961075E-02   0.200554E-02   0.250000E-03
 189  -0.339604E-05   0.176785E-03   0.116382E-01   0.125545E-02   0.250000E-03
 190   0.308012E-03  -0.137001E-03   0.119237E-01   0.823888E-03   0.250000E-03
 191   0.179621E-02   0.853155E-03   0.139670E-01   0.126674E-02   0.250000E-03
 192   0.120300E-02   0.773421E-04   0.142473E-01   0.184765E-02   0.400000E-03
 193   0.609378E-03  -0.320483E-04   0.152771E-01   0.171693E-02   0.300000E-03
 194   0.511457E-03   0.581659E-03   0.164713E-01   0.195400E-02   0.400000E-03
 195   0.540546E-03  -0.757621E-03   0.179143E-01   0.208052E-02   0.250000E-03
 196   0.107577E-02  -0.255685E-03   0.190913E-01   0.151020E-02   0.300000E-03
 197   0.784966E-03  -0.383095E-03   0.199248E-01   0.228070E-02   0.350000E-03
 198   0.562680E-03  -0.379317E-04   0.206232E-01   0.225143E-02   0.300000E-03
 199   0.673914E-03   0.923000E-03   0.214514E-01   0.151395E-02   0.300000E-03
 200   0.731167E-03   0.142679E-02   0.222030E-01   0.216059E-02   0.200000E-03
 201   0.230672E-02  -0.129871E-02   0.242400E-01   0.159260E-02   0.300000E-03
 202   0.162071E-02  -0.177454E-03   0.259420E-01   0.119729E-02   0.250000E-03
 203   0.793156E-04   0.735090E-03   0.265076E-01   0.182431E-02   0.300000E-03
 204  -0.256302E-03  -0.392835E-03   0.270630E-01   0.157516E-02   0.250000E-03
 205   0.113598E-02   0.107181E-02   0.295856E-01   0.160768E-02   0.400000E-03
 206   0.230983E-02   0.859646E-03   0.322102E-01   0.180214E-02   0.350000E-03
 207   0.145756E-02   0.256595E-03   0.328507E-01   0.129874E-02   0.450000E-03
 208   0.145157E-02   0.488930E-03   0.335618E-01   0.166254E-02   0.350000E-03
 209   0.192621E-02   0.348265E-03   0.362492E-01   0.125920E-02   0.300000E-03
 210   0.127680E-02  -0.158519E-04   0.366495E-01   0.154579E-02   0.200000E-03
 211   0.805317E-03   0.186322E-04   0.370708E-01   0.168718E-02   0.250000E-03
 212   0.883773E-03   0.562904E-03   0.400738E-01   0.591169E-03   0.200000E-03
 213  -0.692963E-04   0.735941E-03   0.411320E-01   0.622717E-03   0.250000E-03
 214   0.545218E-03   0.509582E-03   0.420801E-01   0.556632E-03   0.200000E-03
 215   0.303580E-02  -0.911790E-04   0.441651E-01   0.149926E-03   0.150000E-03
 216   0.783235E-03   0.615119E-03   0.215792E-01   0.894743E-02   0.400000E-03
 217   0.738420E-03   0.876023E-03   0.140875E-01   0.935448E-02   0.350000E-03
 218   0.365244E-03  -0.910157E-03   0.824466E-03   0.209614E-02   0.350000E-03
 219   0.416584E-03   0.344990E-03   0.362685E-02   0.654382E-03   0.200000E-03
 220  -0.773076E-03   0.160818E-02   0.452391E-02   0.129477E-02   0.400000E-03
 221   0.106946E-02   0.172864E-02   0.532684E-02   0.220052E-02   0.250000E-03
 222  -0.560509E-03   0.133091E-03   0.728686E-02   0.208312E-02   0.350000E-03
 223  -0.546166E-04   0.947351E-03   0.898724E-02   0.201428E-02   0.350000E-03
 224   0.969990E-03   0.101735E-02   0.102032E-01   0.191007E-02   0.350000E-03
 225   0.170257E-03   0.345754E-04   0.106758E-01   0.162028E-02   0.200000E-03
 226   0.156660E-02   0.772404E-03   0.121310E-01   0.149154E-02   0.300000E-03
 227   0.873001E-03   0.106449E-03   0.129646E-01   0.145224E-02   0.250000E-03
 228   0.125567E-02  -0.156051E-03   0.148327E-01   0.178585E-02   0.150000E-03
 229   0.468453E-03   0.265682E-03   0.158284E-01   0.203814E-02   0.250000E-03
 230   0.237593E-03   0.186076E-03   0.175207E-01   0.246462E-02   0.300000E-03
 231   0.122849E-02  -0.122978E-03   0.183281E-01   0.228511E-02   0.200000E-03
 232   0.125684E-02  -0.232836E-04   0.186401E-01   0.190189E-02   0.300000E-03
 233   0.559867E-03  -0.732083E-03   0.191779E-01   0.234685E-02   0.400000E-03
 234   0.811530E-03   0.115958E-02   0.212697E-01   0.208567E-02   0.300000E-03
 235  -0.375611E-03   0.128923E-02   0.223910E-01   0.166591E-02   0.300000E-03
 236   0.210395E-02   0.133348E-02   0.232990E-01   0.216107E-02   0.300000E-03
 237   0.114151E-02   0.118065E-02   0.239476E-01   0.217215E-02   0.350000E-03
 238   0.101077E-02  -0.279990E-03   0.251574E-01   0.180534E-02   0.200000E-03
 239  -0.467198E-04   0.200552E-03   0.266788E-01   0.234199E-02   0.250000E-03
 240   0.119253E-02   0.110600E-02   0.289956E-01   0.152126E-02   0.200000E-03
 241   0.678301E-03   0.692687E-03   0.301926E-01   0.227299E-02   0.350000E-03
 242   0.150148E-02  -0.123533E-02   0.315123E-01   0.174640E-02   0.350000E-03
 243   0.153900E-02   0.479905E-03   0.329383E-01   0.223856E-02   0.500000E-03
 244   0.209650E-02   0.665254E-03   0.354594E-01   0.199143E-02   0.200000E-03
 245   0.229109E-02   0.505039E-03   0.349420E-01   0.181015E-02   0.350000E-03
 246   0.122030E-02  -0.166126E-03   0.366081E-01   0.214065E-02   0.400000E-03
 247   0.318265E-03   0.149747E-03   0.380016E-01   0.139056E-02   0.350000E-03
 248   0.133074E-02   0.333480E-03   0.396248E-01   0.809122E-03   0.300000E-03
 249   0.570095E-03   0.695806E-03   0.416480E-01   0.801487E-03   0.300000E-03
 250   0.643708E-03  -0.150339E-02   0.437355E-01   0.242716E-03   0.250000E-03
 251  -0.534648E-03  -0.107813E-02   0.446052E-01   0.297485E-02   0.400000E-03
 252   0.590912E-03  -0.400500E-03   0.336316E-01   0.772671E-02   0.350000E-03
 253  -0.668310E-03  -0.192060E-03   0.215140E-02   0.745840E-02   0.350000E-03
 254  -0.291408E-02   0.732772E-03   0.133726E-02   0.108151E-02   0.350000E-03
 255  -0.249552E-02   0.146749E-02   0.221524E-02   0.100298E-02   0.300000E-03
 256  -0.978683E-03   0.975339E-03   0.471573E-02   0.196747E-02   0.300000E-03
 257  -0.425480E-03   0.192921E-03   0.670322E-02   0.236525E-02   0.300000E-03
 258  -0.466750E-04   0.102228E-02   0.832829E-02   0.224347E-02   0.350000E-03
 259  -0.259985E-03   0.733632E-03   0.907402E-02   0.280534E-02   0.450000E-03
 260   0.950447E-03   0.380042E-03   0.989302E-02   0.259053E-02   0.400000E-03
 261   0.119499E-02   0.993080E-03   0.116303E-01   0.181140E-02   0.300000E-03
 262   0.110013E-02   0.660794E-03   0.121921E-01   0.213796E-02   0.350000E-03
 263  -0.892297E-03  -0.497153E-03   0.135205E-01   0.166846E-02   0.350000E-03
 264   0.769056E-03  -0.158067E-03   0.148241E-01   0.223423E-02   0.300000E-03
 265   0.686140E-03  -0.988745E-03   0.165783E-01   0.254422E-02   0.200000E-03
 266  -0.182784E-03  -0.256587E-04   0.169833E-01   0.234771E-02   0.250000E-03
 267   0.779196E-04   0.619315E-03   0.171145E-01   0.282733E-02   0.250000E-03
 268   0.872904E-03  -0.692531E-03   0.186008E-01   0.264146E-02   0.250000E-03
 269   0.434963E-03  -0.536205E-04   0.190535E-01   0.298446E-02   0.250000E-03
 270   0.985985E-03  -0.560027E-03   0.196501E-01   0.292323E-02   0.350000E-03
 271   0.507661E-03   0.918130E-03   0.218771E-01   0.185275E-02   0.250000E-03
 272   0.429528E-03   0.220282E-03   0.223168E-01   0.274784E-02   0.400000E-03
 273   0.219973E-02   0.468485E-03   0.235443E-01   0.280429E-02   0.400000E-03
 274   0.168974E-02   0.800158E-03   0.257372E-01   0.206160E-02   0.250000E-03
 275   0.186558E-03   0.113692E-03   0.261868E-01   0.226596E-02   0.250000E-03
 276   0.758752E-03   0.588675E-03   0.274289E-01   0.198078E-02   0.300000E-03
 277   0.137778E-02   0.667293E-03   0.293936E-01   0.217423E-02   0.200000E-03
 278   0.241061E-02   0.736189E-03   0.318261E-01   0.238644E-02   0.350000E-03
 279   0.192684E-02   0.444991E-03   0.323423E-01   0.268571E-02   0.250000E-03
 280   0.110505E-02   0.821720E-03   0.343113E-01   0.195846E-02   0.300000E-03
 281   0.121189E-02   0.114395E-02   0.358861E-01   0.173308E-02   0.300000E-03
 282  -0.737697E-03  -0.748412E-03   0.375524E-01   0.179830E-02   0.250000E-03
 283   0.129291E-02   0.825143E-05   0.385067E-01   0.161076E-02   0.200000E-03
 284   0.114315E-02  -0.892466E-04   0.385552E-01   0.116340E-02   0.250000E-03
 285  -0.301140E-04   0.730570E-03   0.410974E-01   0.121655E-02   0.350000E-03
 286   0.100775E-02   0.424702E-03   0.432217E-01   0.894955E-03   0.300000E-03
 287   0.114178E-02   0.408971E-03   0.428451E-01   0.122067E-02   0.200000E-03
 288   0.348465E-03   0.898466E-03   0.593593E-02   0.802018E-02   0.350000E-03
 289   0.246805E-05  -0.117986E-03   0.247991E-03   0.235081E-02   0.250000E-03
 290  -0.199801E-02   0.172484E-02   0.184189E-02   0.148353E-02   0.300000E-03
 291  -0.252823E-02   0.168424E-02   0.252317E-02   0.162564E-02   0.400000E-03
 292   0.126189E-02   0.149162E-02   0.315351E-02   0.151175E-02   0.250000E-03
 293  -0.314345E-03   0.107372E-03   0.568877E-02   0.260326E-02   0.300000E-03
 294  -0.315511E-03   0.575939E-03   0.824485E-02   0.298492E-02   0.400000E-03
 295  -0.345113E-03   0.227123E-03   0.968664E-02   0.339057E-02   0.400000E-03
 296  -0.515305E-03   0.113997E-02   0.110924E-01   0.191216E-02   0.250000E-03
 297   0.787196E-04   0.941729E-03   0.106980E-01   0.196554E-02   0.150000E-03
 298   0.788573E-03   0.305511E-03   0.125848E-01   0.169274E-02   0.200000E-03
 299   0.756765E-03   0.528414E-03   0.138366E-01   0.234611E-02   0.250000E-03
 300   0.911045E-03  -0.518069E-03   0.148938E-01   0.272562E-02   0.200000E-03
 301   0.127813E-02   0.347494E-04   0.154006E-01   0.237175E-02   0.300000E-03
 302   0.450416E-03   0.226074E-03   0.170176E-01   0.336435E-02   0.300000E-03
 303   0.802231E-03  -0.914057E-04   0.180115E-01   0.252106E-02   0.200000E-03
 304   0.568413E-03  -0.459007E-03   0.181946E-01   0.292983E-02   0.250000E-03
 305   0.785549E-03   0.340817E-03   0.193658E-01   0.333414E-02   0.150000E-03
 306   0.413077E-03  -0.576612E-04   0.203506E-01   0.283477E-02   0.350000E-03
 307   0.461977E-03   0.948200E-03   0.217571E-01   0.233675E-02   0.250000E-03
 308   0.779065E-03   0.737611E-03   0.226952E-01   0.339191E-02   0.350000E-03
 309   0.103718E-03   0.469946E-03   0.244963E-01   0.267426E-02   0.400000E-03
 310   0.940822E-03  -0.824841E-04   0.250877E-01   0.230023E-02   0.300000E-03
 311   0.872523E-03   0.308848E-03   0.272179E-01   0.259135E-02   0.350000E-03
 312   0.794756E-03   0.601056E-03   0.280712E-01   0.189479E-02   0.350000E-03
 313   0.143481E-02   0.801605E-03   0.296566E-01   0.253480E-02   0.250000E-03
 314   0.245723E-03   0.479404E-03   0.311817E-01   0.234250E-02   0.300000E-03
 315   0.187656E-02   0.767678E-03   0.334191E-01   0.286962E-02   0.300000E-03
 316   0.209668E-02   0.454666E-03   0.337817E-01   0.233184E-02   0.350000E-03
 317   0.199643E-02  -0.168427E-03   0.350801E-01   0.254581E-02   0.400000E-03
 318   0.151397E-02  -0.251580E-03   0.358668E-01   0.242870E-02   0.400000E-03
 319   0.855152E-03  -0.384499E-03   0.389718E-01   0.143523E-02   0.250000E-03
 320  -0.558041E-03   0.535731E-03   0.398313E-01   0.141449E-02   0.300000E-03
 321   0.135404E-02   0.124695E-03   0.404265E-01   0.135412E-02   0.300000E-03
 322   0.118080E-02   0.432709E-03   0.425951E-01   0.733180E-03   0.350000E-03
 323   0.884398E-03  -0.509162E-03   0.439550E-01   0.211163E-02   0.350000E-03
 324   0.972455E-04  -0.144522E-02   0.396009E-01   0.718210E-02   0.250000E-03
 325  -0.573329E-04  -0.395224E-03   0.153523E-02   0.766509E-02   0.300000E-03
 326  -0.105614E-02  -0.468040E-02   0.125313E-02   0.167560E-02   0.250000E-03
 327  -0.164334E-03  -0.145963E-02   0.208598E-02   0.223216E-02   0.350000E-03
 328  -0.380849E-03   0.169230E-02   0.380728E-02   0.172377E-02   0.450000E-03
 329  -0.337968E-03   0.354651E-03   0.657190E-02   0.318701E-02   0.400000E-03
 330  -0.491964E-03  -0.642259E-04   0.720641E-02   0.277578E-02   0.350000E-03
 331  -0.120654E-03   0.469666E-03   0.776388E-02   0.244674E-02   0.250000E-03
 332   0.522100E-04   0.461236E-03   0.108089E-01   0.254999E-02   0.450000E-03
 333   0.104179E-02   0.629535E-03   0.116011E-01   0.240797E-02   0.300000E-03
 334   0.784381E-03   0.613897E-03   0.129501E-01   0.194991E-02   0.250000E-03
 335   0.651546E-03   0.376487E-03   0.133518E-01   0.224438E-02   0.250000E-03
 336  -0.195875E-03  -0.861409E-04   0.143341E-01   0.258022E-02   0.300000E-03
 337   0.537815E-03  -0.341011E-03   0.160463E-01   0.254025E-02   0.300000E-03
 338   0.548278E-03  -0.356538E-03   0.166332E-01   0.374856E-02   0.250000E-03
 339  -0.271628E-02   0.527561E-03   0.176306E-01   0.313459E-02   0.350000E-03
 340   0.811572E-03   0.298540E-03   0.189593E-01   0.352608E-02   0.300000E-03
 341   0.158119E-02  -0.638476E-03   0.200685E-01   0.341578E-02   0.300000E-03
 342   0.754545E-03   0.471943E-03   0.205971E-01   0.332327E-02   0.200000E-03
 343   0.705775E-03   0.197960E-03   0.216280E-01   0.286839E-02   0.300000E-03
 344   0.155892E-02   0.400210E-03   0.238076E-01   0.338606E-02   0.250000E-03
 345   0.765681E-03   0.866521E-03   0.251066E-01   0.301213E-02   0.300000E-03
 346   0.162984E-02   0.413626E-03   0.256376E-01   0.264649E-02   0.350000E-03
 347   0.407983E-03  -0.195080E-03   0.263409E-01   0.289477E-02   0.400000E-03
 348   0.131012E-02   0.735127E-03   0.289222E-01   0.201314E-02   0.300000E-03
 349   0.117174E-02   0.103563E-02   0.300445E-01   0.284962E-02   0.250000E-03
 350   0.182601E-02   0.412397E-03   0.320655E-01   0.315641E-02   0.300000E-03
 351   0.122869E-02   0.589896E-03   0.328041E-01   0.307474E-02   0.350000E-03
 352   0.158854E-02   0.479121E-03   0.344978E-01   0.308679E-02   0.400000E-03
 353   0.206973E-02   0.634254E-05   0.359001E-01   0.302263E-02   0.200000E-03
 354  -0.915158E-03  -0.411358E-03   0.372546E-01   0.219912E-02   0.250000E-03
 355   0.342472E-03   0.222689E-04   0.380430E-01   0.203750E-02   0.300000E-03
 356   0.121527E-02  -0.156225E-03   0.393791E-01   0.162167E-02   0.200000E-03
 357   0.579335E-03  -0.279362E-04   0.408211E-01   0.179929E-02   0.300000E-03
 358   0.401132E-03   0.866963E-03   0.416780E-01   0.134825E-02   0.250000E-03
 359   0.147072E-02  -0.197832E-04   0.442657E-01   0.531781E-02   0.250000E-03
 360  -0.244929E-03  -0.111248E-02   0.448001E-01   0.418359E-02   0.200000E-03
 361   0.650726E-04  -0.258946E-03   0.682332E-03   0.282973E-02   0.400000E-03
 362  -0.150974E-03  -0.234785E-03   0.148067E-02   0.280999E-02   0.400000E-03
 363   0.160413E-02  -0.222228E-02   0.311492E-02   0.200997E-02   0.250000E-03
 364   0.197931E-02   0.951524E-03   0.491097E-02   0.255374E-02   0.300000E-03
 365   0.897802E-04   0.543291E-03   0.587343E-02   0.316825E-02   0.300000E-03
 366  -0.261708E-03  -0.635115E-04   0.615935E-02   0.374808E-02   0.300000E-03
 367  -0.377358E-04   0.728021E-03   0.872299E-02   0.334665E-02   0.200000E-03
 368   0.454664E-03  -0.859028E-04   0.103343E-01   0.312796E-02   0.300000E-03
 369   0.828854E-03  -0.317166E-03   0.118476E-01   0.300666E-02   0.350000E-03
 370   0.758566E-03   0.318296E-03   0.127965E-01   0.257968E-02   0.400000E-03
 371   0.641881E-03  -0.678640E-04   0.137339E-01   0.288266E-02   0.300000E-03
 372   0.795600E-03  -0.169496E-03   0.150046E-01   0.331160E-02   0.400000E-03
 373   0.883326E-03  -0.694375E-03   0.155944E-01   0.293318E-02   0.300000E-03
 374   0.573189E-03  -0.443794E-03   0.163449E-01   0.317079E-02   0.400000E-03
 375   0.733244E-03   0.314930E-03   0.174944E-01   0.393743E-02   0.450000E-03
 376   0.859375E-03  -0.141123E-03   0.186164E-01   0.309048E-02   0.200000E-03
 377   0.585418E-03  -0.139473E-04   0.195480E-01   0.380000E-02   0.350000E-03
 378   0.789379E-03   0.203200E-03   0.210693E-01   0.265139E-02   0.300000E-03
 379   0.793770E-03   0.157401E-03   0.211459E-01   0.330299E-02   0.350000E-03
 380   0.543333E-03  -0.191425E-03   0.219773E-01   0.341421E-02   0.350000E-03
 381   0.164087E-03   0.247570E-03   0.244007E-01   0.341617E-02   0.350000E-03
 382   0.714744E-03   0.701221E-03   0.266877E-01   0.349281E-02   0.300000E-03
 383   0.218680E-02  -0.556870E-03   0.277952E-01   0.242722E-02   0.250000E-03
 384   0.933634E-03   0.801642E-03   0.284721E-01   0.240020E-02   0.300000E-03
 385   0.102614E-02   0.113125E-02   0.291087E-01   0.258339E-02   0.300000E-03
 386   0.608786E-03   0.302066E-03   0.306902E-01   0.268281E-02   0.300000E-03
 387   0.172378E-02   0.248584E-03   0.324542E-01   0.367155E-02   0.350000E-03
 388   0.147637E-02   0.130172E-03   0.354265E-01   0.345526E-02   0.450000E-03
 389   0.174623E-02   0.195232E-03   0.360822E-01   0.337580E-02   0.200000E-03
 390   0.131709E-02  -0.754350E-04   0.364902E-01   0.292779E-02   0.400000E-03
 391   0.259884E-03   0.321024E-03   0.376954E-01   0.252504E-02   0.300000E-03
 392   0.992533E-03   0.844621E-04   0.390522E-01   0.192807E-02   0.250000E-03
 393   0.122727E-02  -0.377837E-04   0.396211E-01   0.211411E-02   0.350000E-03
 394   0.105232E-02   0.610425E-03   0.422184E-01   0.126128E-02   0.300000E-03
 395   0.711377E-03  -0.189763E-03   0.438977E-01   0.146700E-02   0.300000E-03
 396  -0.697369E-05  -0.947366E-03   0.444074E-01   0.241471E-02   0.200000E-03
 397   0.206281E-03  -0.289851E-03   0.973688E-03   0.357283E-02   0.400000E-03
 398  -0.137387E-02  -0.222493E-03   0.271660E-02   0.238936E-02   0.300000E-03
 399   0.242742E-03  -0.229733E-03   0.350205E-02   0.240063E-02   0.300000E-03
 400  -0.662357E-03   0.546506E-03   0.422204E-02   0.246165E-02   0.400000E-03
 401  -0.112192E-03  -0.950585E-04   0.573140E-02   0.400392E-02   0.200000E-03
 402  -0.211459E-03   0.593864E-03   0.725812E-02   0.347077E-02   0.350000E-03
 403   0.131681E-03   0.543028E-03   0.851605E-02   0.374137E-02   0.250000E-03
 404  -0.550460E-03   0.166371E-03   0.906462E-02   0.371073E-02   0.300000E-03
 405   0.917701E-03   0.225847E-03   0.119628E-01   0.354436E-02   0.200000E-03
 406   0.820307E-03  -0.187976E-03   0.125244E-01   0.332683E-02   0.400000E-03
 407   0.505297E-03  -0.106653E-03   0.131998E-01   0.315115E-02   0.300000E-03
 408   0.554335E-03  -0.198742E-03   0.142104E-01   0.339338E-02   0.400000E-03
 409   0.818494E-03  -0.239980E-04   0.157060E-01   0.356695E-02   0.350000E-03
 410   0.673396E-03  -0.223304E-03   0.161625E-01   0.402452E-02   0.300000E-03
 411   0.317636E-03  -0.546832E-04   0.167004E-01   0.428799E-02   0.300000E-03
 412   0.618865E-03   0.333153E-03   0.182622E-01   0.357399E-02   0.400000E-03
 413   0.121296E-02  -0.384247E-03   0.202336E-01   0.398858E-02   0.300000E-03
 414   0.792794E-03   0.251954E-03   0.207431E-01   0.374644E-02   0.250000E-03
 415   0.823205E-03  -0.539422E-03   0.208018E-01   0.439113E-02   0.400000E-03
 416   0.963087E-03   0.389521E-03   0.223573E-01   0.405934E-02   0.400000E-03
 417   0.780265E-03   0.675429E-03   0.233069E-01   0.360516E-02   0.300000E-03
 418   0.767403E-03   0.792109E-03   0.250512E-01   0.365722E-02   0.350000E-03
 419   0.107844E-02   0.500248E-03   0.277115E-01   0.307830E-02   0.350000E-03
 420   0.114167E-02   0.671640E-03   0.282802E-01   0.290741E-02   0.250000E-03
 421   0.140317E-02   0.805084E-03   0.295107E-01   0.311301E-02   0.350000E-03
 422   0.606709E-03   0.340263E-03   0.313214E-01   0.307803E-02   0.450000E-03
 423   0.152861E-02   0.594088E-03   0.338117E-01   0.337705E-02   0.350000E-03
 424   0.147483E-02   0.297159E-03   0.347370E-01   0.374298E-02   0.300000E-03
 425   0.115604E-02  -0.180524E-03   0.370014E-01   0.340144E-02   0.300000E-03
 426   0.918070E-03  -0.227171E-04   0.371821E-01   0.282989E-02   0.300000E-03
 427   0.593139E-03  -0.432964E-03   0.380391E-01   0.312302E-02   0.300000E-03
 428   0.930256E-03  -0.882682E-04   0.385861E-01   0.210333E-02   0.250000E-03
 429   0.133440E-02  -0.279631E-04   0.402361E-01   0.191705E-02   0.300000E-03
 430   0.235461E-03  -0.559164E-04   0.419310E-01   0.188713E-02   0.350000E-03
 431   0.130521E-02  -0.235926E-03   0.426716E-01   0.179262E-02   0.400000E-03
 432   0.790202E-03  -0.218929E-03   0.433000E-01   0.148603E-02   0.300000E-03
 433   0.865511E-04  -0.387075E-03   0.347872E-03   0.405098E-02   0.350000E-03
 434  -0.552931E-03  -0.177296E-02   0.162570E-02   0.193228E-02   0.200000E-03
 435   0.443372E-04  -0.415055E-04   0.317236E-02   0.295210E-02   0.350000E-03
 436   0.534406E-03  -0.612554E-03   0.527550E-02   0.296193E-02   0.250000E-03
 437   0.676113E-05   0.808706E-03   0.566072E-02   0.361517E-02   0.200000E-03
 438   0.192947E-04   0.134031E-04   0.674635E-02   0.386935E-02   0.300000E-03
 439   0.491885E-04   0.577269E-03   0.792556E-02   0.365855E-02   0.350000E-03
 440  -0.294667E-03   0.618651E-03   0.108770E-01   0.378627E-02   0.200000E-03
 441  -0.154920E-04  -0.463563E-03   0.109103E-01   0.328998E-02   0.300000E-03
 442   0.108652E-02  -0.272617E-03   0.130731E-01   0.376105E-02   0.300000E-03
 443   0.449684E-03  -0.159563E-03   0.135797E-01   0.354739E-02   0.250000E-03
 444   0.710445E-03   0.630599E-05   0.152065E-01   0.397924E-02   0.300000E-03
 445   0.687716E-03  -0.218688E-03   0.156579E-01   0.450812E-02   0.400000E-03
 446   0.767839E-03  -0.276142E-03   0.162567E-01   0.451054E-02   0.200000E-03
 447   0.901760E-03  -0.678532E-04   0.171927E-01   0.462286E-02   0.300000E-03
 448   0.612977E-03   0.315243E-03   0.182781E-01   0.447144E-02   0.500000E-03
 449   0.484744E-03   0.341123E-03   0.191712E-01   0.444494E-02   0.400000E-03
 450   0.748534E-03   0.201058E-03   0.198666E-01   0.446023E-02   0.300000E-03
 451   0.605120E-03  -0.346783E-03   0.214819E-01   0.397276E-02   0.400000E-03
 452   0.105907E-02   0.371462E-03   0.218600E-01   0.461836E-02   0.350000E-03
 453   0.113888E-02   0.345897E-03   0.239620E-01   0.396144E-02   0.350000E-03
 454   0.129002E-02   0.681987E-03   0.256743E-01   0.334277E-02   0.350000E-03
 455   0.637383E-03   0.691456E-03   0.269199E-01   0.305210E-02   0.200000E-03
 456   0.143097E-02   0.724579E-03   0.288167E-01   0.316349E-02   0.350000E-03
 457   0.770703E-03   0.201315E-03   0.304402E-01   0.322454E-02   0.300000E-03
 458   0.848837E-03   0.424584E-03   0.306924E-01   0.381311E-02   0.350000E-03
 459   0.131951E-02   0.646304E-03   0.317635E-01   0.374556E-02   0.350000E-03
 460   0.130375E-02   0.392469E-03   0.341977E-01   0.383408E-02   0.250000E-03
 461   0.133246E-02  -0.427376E-04   0.364821E-01   0.357576E-02   0.250000E-03
 462  -0.348023E-03   0.830761E-03   0.376587E-01   0.428827E-02   0.300000E-03
 463   0.276639E-03   0.835136E-04   0.382897E-01   0.258108E-02   0.300000E-03
 464   0.898490E-03   0.339668E-03   0.390284E-01   0.264184E-02   0.450000E-03
 465   0.628990E-03   0.350036E-03   0.407132E-01   0.238632E-02   0.300000E-03
 466   0.726953E-03   0.413081E-03   0.411690E-01   0.258710E-02   0.200000E-03
 467   0.631651E-03  -0.392939E-03   0.435630E-01   0.256177E-02   0.250000E-03
 468  -0.857240E-03  -0.427589E-03   0.435833E-01   0.383481E-02   0.350000E-03
 469   0.120555E-03  -0.207050E-03   0.105590E-02   0.441760E-02   0.450000E-03
 470   0.123215E-03  -0.916079E-04   0.217702E-02   0.287337E-02   0.300000E-03
 471  -0.275697E-03  -0.191805E-03   0.388486E-02   0.318324E-02   0.400000E-03
 472  -0.950441E-03  -0.515964E-03   0.458722E-02   0.305870E-02   0.300000E-03
 473  -0.633384E-05   0.844687E-03   0.506332E-02   0.357244E-02   0.400000E-03
 474  -0.146746E-03   0.641120E-03   0.745712E-02   0.403070E-02   0.250000E-03
 475  -0.302994E-04  -0.315469E-04   0.808694E-02   0.433823E-02   0.350000E-03
 476  -0.377119E-03   0.295691E-03   0.954295E-02   0.407221E-02   0.300000E-03
 477  -0.489530E-03  -0.365267E-03   0.112990E-01   0.297563E-02   0.200000E-03
 478   0.534748E-03   0.408388E-03   0.122458E-01   0.401595E-02   0.350000E-03
 479   0.448061E-03   0.214587E-03   0.141928E-01   0.404042E-02   0.250000E-03
 480   0.699359E-03   0.413849E-04   0.146601E-01   0.386251E-02   0.250000E-03
 481   0.626316E-03  -0.331551E-04   0.147964E-01   0.434394E-02   0.250000E-03
 482   0.915763E-03   0.218353E-03   0.162519E-01   0.510460E-02   0.400000E-03
 483  -0.180174E-03   0.219305E-02   0.169490E-01   0.517095E-02   0.300000E-03
 484   0.604640E-03   0.150541E-03   0.185473E-01   0.522209E-02   0.300000E-03
 485   0.261259E-03   0.241099E-04   0.195452E-01   0.509273E-02   0.350000E-03
 486   0.947246E-03   0.223925E-03   0.201887E-01   0.496422E-02   0.300000E-03
 487   0.119408E-02   0.260351E-03   0.212633E-01   0.497736E-02   0.350000E-03
 488   0.104584E-02   0.279330E-03   0.217801E-01   0.516185E-02   0.200000E-03
 489   0.117513E-02   0.448332E-03   0.245596E-01   0.399810E-02   0.250000E-03
 490   0.903245E-03   0.623532E-03   0.272206E-01   0.340228E-02   0.250000E-03
 491   0.105907E-02   0.880891E-03   0.282382E-01   0.345692E-02   0.300000E-03
 492   0.121920E-02   0.564671E-03   0.292154E-01   0.379579E-02   0.400000E-03
 493   0.459542E-03  -0.184304E-03   0.299592E-01   0.358304E-02   0.300000E-03
 494   0.572369E-03   0.819253E-03   0.312242E-01   0.371753E-02   0.200000E-03
 495   0.139177E-02  -0.733225E-04   0.328870E-01   0.400387E-02   0.200000E-03
 496   0.158416E-02   0.293815E-04   0.359386E-01   0.419002E-02   0.350000E-03
 497   0.162392E-02  -0.171676E-03   0.361121E-01   0.372295E-02   0.150000E-03
 498  -0.741406E-03   0.207592E-03   0.373744E-01   0.381784E-02   0.250000E-03
 499  -0.653964E-03   0.867424E-04   0.375435E-01   0.334812E-02   0.250000E-03
 500   0.135566E-02   0.363201E-03   0.394087E-01   0.310556E-02   0.150000E-03
 501   0.122064E-02   0.318103E-03   0.401706E-01   0.246175E-02   0.250000E-03
 502   0.862411E-03  -0.150837E-03   0.413255E-01   0.211639E-02   0.300000E-03
 503   0.925186E-03  -0.378114E-03   0.429688E-01   0.263671E-02   0.350000E-03
 504   0.844369E-03  -0.349735E-03   0.433062E-01   0.208207E-02   0.300000E-03
 505   0.195676E-03  -0.301894E-03   0.165216E-02   0.388635E-02   0.350000E-03
 506   0.455332E-04   0.860057E-04   0.186944E-02   0.332840E-02   0.250000E-03
 507   0.289586E-03   0.552514E-03   0.333136E-02   0.352993E-02   0.250000E-03
 508   0.285933E-03   0.448151E-03   0.437365E-02   0.368257E-02   0.300000E-03
 509  -0.274327E-03  -0.185509E-03   0.607487E-02   0.429095E-02   0.250000E-03
 510  -0.242016E-03  -0.486665E-04   0.748216E-02   0.457277E-02   0.300000E-03
 511  -0.907357E-04  -0.102743E-03   0.874811E-02   0.423598E-02   0.300000E-03
 512   0.464624E-03   0.659617E-03   0.103293E-01   0.377440E-02   0.350000E-03
 513   0.693552E-03  -0.132928E-03   0.114580E-01   0.352468E-02   0.300000E-03
 514   0.493332E-03   0.257164E-03   0.128658E-01   0.443012E-02   0.400000E-03
 515   0.453814E-03   0.267729E-03   0.136023E-01   0.414628E-02   0.350000E-03
 516   0.503381E-03   0.239258E-04   0.142737E-01   0.463233E-02   0.350000E-03
 517   0.420415E-03  -0.149369E-03   0.151147E-01   0.458535E-02   0.150000E-03
 518   0.400175E-03   0.255354E-03   0.154732E-01   0.528107E-02   0.400000E-03
 519   0.882007E-03   0.769393E-04   0.176652E-01   0.505544E-02   0.350000E-03
 520   0.285158E-03   0.116477E-04   0.190618E-01   0.552671E-02   0.300000E-03
 521   0.910890E-03   0.620494E-03   0.200461E-01   0.564847E-02   0.400000E-03
 522   0.283935E-03  -0.335423E-03   0.206227E-01   0.529926E-02   0.250000E-03
 523   0.106229E-02   0.315495E-03   0.217619E-01   0.560983E-02   0.250000E-03
 524   0.927912E-03   0.398016E-03   0.230511E-01   0.414504E-02   0.300000E-03
 525   0.731009E-03   0.659741E-03   0.251081E-01   0.440388E-02   0.400000E-03
 526   0.798109E-03   0.866570E-03   0.255698E-01   0.395169E-02   0.250000E-03
 527   0.958692E-03  -0.908164E-03   0.276991E-01   0.372819E-02   0.300000E-03
 528   0.110887E-02   0.940795E-03   0.291002E-01   0.453644E-02   0.350000E-03
 529   0.137904E-02   0.677702E-03   0.304328E-01   0.439888E-02   0.300000E-03
 530   0.230222E-02  -0.717493E-03   0.321472E-01   0.406622E-02   0.150000E-03
 531   0.243330E-02   0.378317E-03   0.330459E-01   0.356866E-02   0.200000E-03
 532   0.135745E-02   0.111152E-03   0.351949E-01   0.427154E-02   0.400000E-03
 533   0.981244E-03  -0.287471E-03   0.368493E-01   0.398018E-02   0.300000E-03
 534   0.158066E-02   0.187509E-03   0.382361E-01   0.444941E-02   0.300000E-03
 535  -0.189074E-03   0.634795E-03   0.379203E-01   0.374833E-02   0.300000E-03
 536   0.874280E-03   0.209327E-03   0.387102E-01   0.314759E-02   0.150000E-03
 537   0.100598E-02   0.186157E-03   0.404502E-01   0.274605E-02   0.150000E-03
 538   0.240533E-03  -0.988192E-04   0.417691E-01   0.251502E-02   0.300000E-03
 539   0.128621E-02  -0.245132E-03   0.423594E-01   0.241548E-02   0.300000E-03
 540  -0.171216E-03  -0.937323E-03   0.439696E-01   0.284591E-02   0.250000E-03
 541   0.210976E-03   0.315611E-03   0.472004E-02   0.858557E-02   0.300000E-03
 542   0.290682E-03   0.698158E-05   0.258204E-02   0.355872E-02   0.500000E-03
 543  -0.303508E-03   0.344004E-03   0.376392E-02   0.386907E-02   0.300000E-03
 544   0.212276E-03   0.716694E-03   0.420071E-02   0.420308E-02   0.250000E-03
 545  -0.280251E-03  -0.804723E-04   0.531485E-02   0.416912E-02   0.250000E-03
 546  -0.774423E-04   0.315321E-04   0.857633E-02   0.496505E-02   0.450000E-03
 547  -0.109148E-03  -0.764450E-04   0.923466E-02   0.458531E-02   0.300000E-03
 548  -0.157868E-03   0.675148E-03   0.976121E-02   0.451925E-02   0.200000E-03
 549  -0.861050E-04   0.934307E-03   0.110776E-01   0.434888E-02   0.400000E-03
 550   0.855126E-03   0.496297E-03   0.116474E-01   0.403732E-02   0.250000E-03
 551   0.404794E-03   0.226323E-03   0.135379E-01   0.494326E-02   0.450000E-03
 552   0.647650E-03   0.241415E-03   0.142370E-01   0.532844E-02   0.350000E-03
 553   0.252680E-03   0.242996E-04   0.148272E-01   0.486320E-02   0.250000E-03
 554   0.366403E-03   0.108758E-03   0.151009E-01   0.580830E-02   0.250000E-03
 555   0.973841E-03   0.435511E-03   0.160150E-01   0.586724E-02   0.400000E-03
 556   0.835092E-03  -0.110763E-03   0.180601E-01   0.556844E-02   0.300000E-03
 557   0.155437E-02  -0.126573E-02   0.188046E-01   0.485330E-02   0.150000E-03
 558   0.102708E-02   0.317615E-03   0.211240E-01   0.571089E-02   0.400000E-03
 559   0.820574E-03   0.414363E-03   0.225472E-01   0.468057E-02   0.250000E-03
 560   0.117759E-02   0.519882E-04   0.236328E-01   0.445685E-02   0.250000E-03
 561   0.899591E-03   0.793059E-03   0.258538E-01   0.447804E-02   0.350000E-03
 562   0.104296E-02   0.622144E-03   0.261565E-01   0.384843E-02   0.350000E-03
 563   0.977778E-03   0.709542E-03   0.284841E-01   0.411032E-02   0.400000E-03
 564   0.822437E-03  -0.155920E-04   0.285045E-01   0.480967E-02   0.300000E-03
 565   0.121170E-02   0.855062E-03   0.298081E-01   0.424734E-02   0.350000E-03
 566   0.162517E-02   0.277508E-03   0.312650E-01   0.437070E-02   0.450000E-03
 567   0.216623E-02   0.258805E-03   0.332559E-01   0.328872E-02   0.150000E-03
 568   0.154784E-02   0.304223E-03   0.338537E-01   0.382287E-02   0.100000E-03
 569   0.121327E-02  -0.426472E-04   0.369810E-01   0.451103E-02   0.250000E-03
 570   0.131169E-02   0.166768E-03   0.378113E-01   0.487148E-02   0.300000E-03
 571   0.103299E-02  -0.437842E-04   0.384777E-01   0.352716E-02   0.300000E-03
 572   0.120751E-02   0.880253E-03   0.390765E-01   0.340776E-02   0.300000E-03
 573   0.143308E-02   0.195046E-03   0.397530E-01   0.281663E-02   0.300000E-03
 574   0.432970E-03  -0.203628E-03   0.414278E-01   0.323425E-02   0.500000E-03
 575   0.896421E-03   0.762060E-03   0.421409E-01   0.291807E-02   0.250000E-03
 576  -0.207369E-04  -0.103716E-02   0.444207E-01   0.385810E-02   0.300000E-03
 577   0.622366E-04  -0.281953E-03   0.304110E-03   0.469780E-02   0.300000E-03
 578   0.138550E-03  -0.237427E-03   0.261597E-02   0.440209E-02   0.350000E-03
 579  -0.288616E-03  -0.791284E-04   0.476689E-02   0.440375E-02   0.350000E-03
 580  -0.265164E-03  -0.236460E-03   0.542932E-02   0.465460E-02   0.250000E-03
 581   0.144116E-03   0.635132E-04   0.708194E-02   0.416891E-02   0.150000E-03
 582   0.120493E-03  -0.721235E-04   0.793384E-02   0.486619E-02   0.200000E-03
 583   0.121254E-03   0.137228E-02   0.994939E-02   0.492540E-02   0.250000E-03
 584   0.463112E-03   0.839791E-03   0.103397E-01   0.447206E-02   0.350000E-03
 585  -0.917313E-04  -0.508713E-03   0.107014E-01   0.518334E-02   0.450000E-03
 586   0.723742E-03   0.420483E-03   0.118655E-01   0.454022E-02   0.300000E-03
 587   0.532872E-03   0.284790E-03   0.123350E-01   0.470854E-02   0.200000E-03
 588   0.457068E-03   0.554308E-04   0.136720E-01   0.557886E-02   0.200000E-03
 589   0.621939E-03   0.240386E-03   0.148329E-01   0.538641E-02   0.250000E-03
 590   0.477315E-03   0.176113E-03   0.154566E-01   0.608303E-02   0.200000E-03
 591   0.447012E-03   0.453399E-03   0.173636E-01   0.556683E-02   0.250000E-03
 592   0.750631E-03   0.193386E-03   0.181158E-01   0.616292E-02   0.300000E-03
 593   0.303224E-03   0.894665E-04   0.194346E-01   0.599446E-02   0.300000E-03
 594   0.664206E-03   0.398453E-03   0.205570E-01   0.619664E-02   0.350000E-03
 595   0.889471E-03   0.370476E-03   0.221687E-01   0.507203E-02   0.200000E-03
 596   0.941166E-03   0.220849E-03   0.231373E-01   0.478794E-02   0.350000E-03
 597   0.118731E-02   0.567599E-03   0.243379E-01   0.460775E-02   0.400000E-03
 598   0.119936E-02   0.761270E-03   0.265521E-01   0.442085E-02   0.350000E-03
 599   0.907646E-03   0.956144E-03   0.271010E-01   0.398786E-02   0.350000E-03
 600   0.111537E-02  -0.221805E-05   0.298464E-01   0.489428E-02   0.300000E-03
 601   0.123858E-02   0.866664E-05   0.304778E-01   0.503870E-02   0.350000E-03
 602   0.855024E-03   0.522272E-03   0.309530E-01   0.488321E-02   0.150000E-03
 603   0.128549E-02  -0.673119E-03   0.330283E-01   0.453346E-02   0.350000E-03
 604   0.186776E-02   0.221462E-04   0.334317E-01   0.396172E-02   0.350000E-03
 605   0.150846E-02  -0.140478E-03   0.363951E-01   0.478325E-02   0.400000E-03
 606   0.120604E-02  -0.683236E-04   0.385040E-01   0.514980E-02   0.450000E-03
 607   0.127878E-02   0.519651E-03   0.386148E-01   0.405421E-02   0.250000E-03
 608   0.137289E-02   0.370633E-03   0.396741E-01   0.346846E-02   0.300000E-03
 609   0.972193E-03   0.497367E-04   0.402696E-01   0.320802E-02   0.350000E-03
 610   0.571098E-03   0.599947E-03   0.408909E-01   0.279909E-02   0.150000E-03
 611  -0.384049E-03  -0.244503E-03   0.428137E-01   0.362730E-02   0.450000E-03
 612   0.660289E-03  -0.871135E-03   0.434485E-01   0.314672E-02   0.350000E-03
 613   0.259215E-03  -0.435122E-03   0.104081E-01   0.864844E-02   0.350000E-03
 614  -0.386540E-04  -0.366449E-03   0.313787E-02   0.456646E-02   0.200000E-03
 615  -0.146029E-03  -0.396726E-03   0.368266E-02   0.451063E-02   0.350000E-03
 616  -0.122822E-03  -0.271635E-03   0.567989E-02   0.434707E-02   0.150000E-03
 617   0.880777E-04  -0.775632E-04   0.663139E-02   0.450688E-02   0.350000E-03
 618  -0.182570E-03   0.123270E-04   0.812249E-02   0.555884E-02   0.300000E-03
 619  -0.109070E-03  -0.626750E-04   0.929366E-02   0.518130E-02   0.300000E-03
 620   0.241113E-03   0.279461E-03   0.987136E-02   0.556841E-02   0.400000E-03
 621   0.322882E-03   0.313895E-03   0.113915E-01   0.537125E-02   0.250000E-03
 622   0.102709E-03   0.939228E-03   0.114400E-01   0.488160E-02   0.250000E-03
 623   0.412564E-03   0.113865E-03   0.126602E-01   0.515134E-02   0.350000E-03
 624   0.733550E-03   0.173784E-03   0.139916E-01   0.581900E-02   0.200000E-03
 625   0.583121E-03   0.154483E-03   0.145220E-01   0.596221E-02   0.350000E-03
 626   0.140511E-02   0.687844E-03   0.166256E-01   0.550407E-02   0.150000E-03
 627   0.643064E-03   0.337916E-03   0.169298E-01   0.567119E-02   0.200000E-03
 628   0.374386E-03   0.215774E-03   0.175209E-01   0.608845E-02   0.300000E-03
 629   0.907320E-03   0.325602E-03   0.187221E-01   0.659616E-02   0.450000E-03
 630   0.934712E-03   0.134672E-03   0.217758E-01   0.615948E-02   0.300000E-03
 631   0.866639E-03   0.350694E-03   0.226656E-01   0.530298E-02   0.350000E-03
 632   0.124723E-02   0.432734E-03   0.237533E-01   0.499157E-02   0.300000E-03
 633   0.102596E-02   0.139180E-03   0.245847E-01   0.520682E-02   0.250000E-03
 634   0.101058E-02   0.613978E-03   0.270863E-01   0.453482E-02   0.200000E-03
 635   0.878198E-03   0.770347E-03   0.277278E-01   0.447960E-02   0.450000E-03
 636   0.783127E-03   0.699963E-04   0.293066E-01   0.515135E-02   0.300000E-03
 637   0.110896E-02   0.342785E-03   0.302785E-01   0.565263E-02   0.300000E-03
 638   0.208429E-02  -0.694306E-03   0.321453E-01   0.474736E-02   0.350000E-03
 639   0.153905E-02  -0.615673E-03   0.342835E-01   0.479590E-02   0.250000E-03
 640   0.122563E-02   0.731788E-04   0.344971E-01   0.429302E-02   0.300000E-03
 641   0.170313E-02   0.553550E-04   0.368719E-01   0.529295E-02   0.300000E-03
 642   0.140500E-02   0.105668E-03   0.372669E-01   0.491387E-02   0.250000E-03
 643   0.113987E-02   0.191365E-03   0.387983E-01   0.451548E-02   0.250000E-03
 644   0.189452E-02  -0.151850E-02   0.392800E-01   0.407746E-02   0.400000E-03
 645   0.573414E-03   0.145399E-03   0.417292E-01   0.386520E-02   0.200000E-03
 646   0.517938E-03   0.591785E-03   0.407895E-01   0.335820E-02   0.150000E-03
 647  -0.382385E-04   0.568978E-03   0.425781E-01   0.302225E-02   0.200000E-03
 648  -0.220304E-03  -0.934974E-03   0.448029E-01   0.354016E-02   0.200000E-03
 649   0.998062E-04  -0.216757E-03   0.720546E-03   0.497395E-02   0.200000E-03
 650   0.182132E-03  -0.201755E-03   0.266247E-02   0.509426E-02   0.350000E-03
 651   0.233350E-03   0.251352E-03   0.319824E-02   0.406866E-02   0.300000E-03
 652   0.142628E-03  -0.329547E-03   0.458173E-02   0.499846E-02   0.200000E-03
 653   0.699745E-04  -0.220942E-03   0.656011E-02   0.499958E-02   0.150000E-03
 654  -0.117872E-03   0.161637E-04   0.748727E-02   0.526658E-02   0.400000E-03
 655   0.114980E-03   0.219916E-03   0.875286E-02   0.574456E-02   0.350000E-03
 656   0.224651E-03   0.231188E-03   0.932606E-02   0.592039E-02   0.250000E-03
 657   0.306726E-03   0.218812E-03   0.104452E-01   0.596309E-02   0.300000E-03
 658   0.680480E-03   0.936727E-04   0.119611E-01   0.518235E-02   0.350000E-03
 659   0.478707E-03   0.156711E-03   0.131367E-01   0.551531E-02   0.250000E-03
 660   0.737571E-03   0.235315E-03   0.136058E-01   0.627738E-02   0.400000E-03
 661   0.434015E-03   0.779523E-04   0.150372E-01   0.635298E-02   0.300000E-03
 662   0.793486E-03   0.141184E-03   0.163494E-01   0.647923E-02   0.300000E-03
 663   0.783726E-03   0.169641E-03   0.166528E-01   0.602297E-02   0.250000E-03
 664   0.540485E-03   0.343172E-03   0.177594E-01   0.658061E-02   0.250000E-03
 665   0.867976E-03   0.450494E-03   0.199248E-01   0.633687E-02   0.300000E-03
 666   0.107932E-02   0.772678E-03   0.211799E-01   0.640740E-02   0.300000E-03
 667   0.879532E-03   0.340197E-03   0.222703E-01   0.581461E-02   0.300000E-03
 668   0.925909E-03   0.485269E-03   0.233246E-01   0.540999E-02   0.300000E-03
 669   0.911180E-03   0.475107E-03   0.248002E-01   0.479720E-02   0.100000E-03
 670   0.137849E-02   0.332395E-03   0.262897E-01   0.490054E-02   0.200000E-03
 671   0.586875E-03  -0.116370E-03   0.284318E-01   0.530421E-02   0.200000E-03
 672   0.501466E-03  -0.149551E-03   0.280335E-01   0.510748E-02   0.250000E-03
 673   0.100237E-02  -0.852987E-04   0.309820E-01   0.551306E-02   0.350000E-03
 674   0.144631E-02  -0.297530E-03   0.315515E-01   0.511419E-02   0.350000E-03
 675   0.178540E-02  -0.383712E-03   0.324943E-01   0.426480E-02   0.250000E-03
 676   0.227151E-02  -0.656947E-03   0.347822E-01   0.477232E-02   0.250000E-03
 677   0.164539E-02  -0.201344E-03   0.369628E-01   0.598513E-02   0.400000E-03
 678   0.103412E-02  -0.562104E-03   0.374116E-01   0.539118E-02   0.250000E-03
 679   0.119731E-02  -0.163588E-03   0.390941E-01   0.541856E-02   0.200000E-03
 680   0.111415E-02   0.674130E-04   0.392609E-01   0.489569E-02   0.350000E-03
 681   0.425583E-03  -0.215217E-03   0.410992E-01   0.390401E-02   0.250000E-03
 682   0.890628E-03  -0.593588E-04   0.421512E-01   0.341635E-02   0.250000E-03
 683  -0.524131E-03   0.198693E-06   0.440300E-01   0.455276E-02   0.500000E-03
 684  -0.200505E-03  -0.120679E-02   0.440490E-01   0.338948E-02   0.300000E-03
 685  -0.830437E-04  -0.137005E-03   0.348833E-03   0.742009E-02   0.350000E-03
 686  -0.138022E-03  -0.129928E-03   0.332716E-02   0.568166E-02   0.350000E-03
 687  -0.169362E-03  -0.209665E-03   0.330755E-02   0.503574E-02   0.300000E-03
 688  -0.391438E-03  -0.277051E-03   0.502658E-02   0.494449E-02   0.250000E-03
 689  -0.582201E-04  -0.143913E-03   0.706409E-02   0.484234E-02   0.200000E-03
 690  -0.808585E-04   0.257196E-03   0.760959E-02   0.599966E-02   0.350000E-03
 691   0.215622E-03   0.372362E-03   0.876596E-02   0.652387E-02   0.350000E-03
 692   0.272857E-03   0.403695E-03   0.988091E-02   0.626609E-02   0.300000E-03
 693   0.235112E-03   0.359446E-03   0.103725E-01   0.650618E-02   0.250000E-03
 694   0.290814E-03   0.184165E-03   0.110889E-01   0.588238E-02   0.350000E-03
 695   0.564705E-03  -0.328230E-04   0.128855E-01   0.605968E-02   0.350000E-03
 696   0.626125E-03   0.844674E-04   0.146136E-01   0.727539E-02   0.250000E-03
 697   0.569793E-03   0.236858E-03   0.143161E-01   0.668019E-02   0.400000E-03
 698   0.622396E-03   0.167792E-03   0.156710E-01   0.664207E-02   0.400000E-03
 699   0.514478E-03   0.547772E-04   0.170679E-01   0.668413E-02   0.450000E-03
 700   0.745232E-03   0.415667E-03   0.180982E-01   0.701151E-02   0.300000E-03
 701   0.907609E-03   0.429592E-03   0.194615E-01   0.671363E-02   0.300000E-03
 702   0.820950E-03   0.415525E-03   0.203305E-01   0.690647E-02   0.400000E-03
 703   0.918458E-03   0.350370E-03   0.229452E-01   0.599724E-02   0.400000E-03
 704   0.103708E-02   0.973351E-04   0.240791E-01   0.560945E-02   0.400000E-03
 705   0.782593E-03   0.217104E-03   0.250583E-01   0.505064E-02   0.250000E-03
 706   0.800634E-03   0.502425E-03   0.258764E-01   0.507570E-02   0.250000E-03
 707   0.123960E-02  -0.975205E-04   0.268912E-01   0.509839E-02   0.400000E-03
 708   0.116965E-02   0.378933E-03   0.297735E-01   0.543847E-02   0.250000E-03
 709   0.191587E-02  -0.646880E-04   0.320716E-01   0.529200E-02   0.200000E-03
 710   0.166589E-02  -0.911731E-03   0.326790E-01   0.501902E-02   0.250000E-03
 711   0.163660E-02  -0.623119E-03   0.337218E-01   0.459581E-02   0.350000E-03
 712   0.232553E-02  -0.659827E-03   0.351073E-01   0.521569E-02   0.300000E-03
 713   0.141498E-02  -0.309127E-03   0.381517E-01   0.636069E-02   0.350000E-03
 714   0.145682E-02  -0.327616E-03   0.379236E-01   0.569947E-02   0.350000E-03
 715   0.102907E-02  -0.606416E-04   0.388319E-01   0.564736E-02   0.150000E-03
 716   0.160323E-02  -0.429394E-03   0.397376E-01   0.453953E-02   0.250000E-03
 717   0.981920E-03   0.175084E-03   0.400767E-01   0.366901E-02   0.150000E-03
 718   0.857587E-03  -0.787304E-03   0.421764E-01   0.391425E-02   0.250000E-03
 719  -0.721587E-03   0.665113E-05   0.448015E-01   0.547182E-02   0.200000E-03
 720   0.181625E-02  -0.742987E-03   0.434042E-01   0.731129E-02   0.350000E-03
 721   0.556823E-03  -0.374812E-04   0.215358E-02   0.411028E-02   0.200000E-03
 722   0.877808E-03  -0.235497E-03   0.202064E-02   0.518642E-02   0.300000E-03
 723   0.117988E-03  -0.404510E-03   0.424959E-02   0.469999E-02   0.250000E-03
 724  -0.213855E-03  -0.237964E-03   0.601400E-02   0.493749E-02   0.400000E-03
 725  -0.263992E-04  -0.203027E-03   0.692888E-02   0.516424E-02   0.150000E-03
 726   0.693074E-04  -0.288896E-03   0.653564E-02   0.554709E-02   0.400000E-03
 727  -0.235149E-04   0.241562E-03   0.824178E-02   0.614566E-02   0.300000E-03
 728   0.198964E-03   0.379863E-03   0.935508E-02   0.641869E-02   0.250000E-03
 729   0.184341E-03   0.726428E-03   0.971203E-02   0.684159E-02   0.300000E-03
 730   0.402054E-03   0.149275E-03   0.123323E-01   0.565339E-02   0.250000E-03
 731   0.470478E-03   0.463734E-03   0.121972E-01   0.625330E-02   0.350000E-03
 732   0.557410E-03   0.434053E-03   0.130868E-01   0.666409E-02   0.250000E-03
 733   0.423855E-03   0.215473E-03   0.149307E-01   0.689092E-02   0.250000E-03
 734   0.386179E-03   0.892099E-03   0.161855E-01   0.695118E-02   0.200000E-03
 735   0.605715E-03   0.139888E-03   0.175339E-01   0.733247E-02   0.350000E-03
 736   0.943292E-03   0.406332E-03   0.190373E-01   0.738472E-02   0.400000E-03
 737   0.844576E-03   0.373689E-03   0.197231E-01   0.725279E-02   0.300000E-03
 738   0.944745E-03   0.323080E-03   0.214060E-01   0.706799E-02   0.400000E-03
 739   0.932652E-03   0.333705E-03   0.223537E-01   0.645700E-02   0.350000E-03
 740   0.888196E-03   0.299840E-03   0.236574E-01   0.622861E-02   0.350000E-03
 741   0.960474E-03   0.838306E-04   0.247504E-01   0.567510E-02   0.250000E-03
 742   0.137897E-02  -0.717431E-04   0.262957E-01   0.534935E-02   0.250000E-03
 743   0.111687E-02  -0.117924E-03   0.275371E-01   0.515127E-02   0.250000E-03
 744  -0.340430E-03   0.667776E-04   0.288140E-01   0.520262E-02   0.200000E-03
 745   0.144088E-02  -0.948993E-05   0.315597E-01   0.571344E-02   0.250000E-03
 746   0.182826E-02  -0.266965E-03   0.327986E-01   0.560509E-02   0.350000E-03
 747   0.147715E-02   0.698193E-04   0.332539E-01   0.514198E-02   0.300000E-03
 748   0.124394E-02  -0.663488E-04   0.356505E-01   0.486167E-02   0.350000E-03
 749   0.178905E-02   0.103698E-03   0.363054E-01   0.547685E-02   0.300000E-03
 750   0.152957E-02  -0.241467E-03   0.384991E-01   0.586765E-02   0.250000E-03
 751   0.789901E-03  -0.305242E-03   0.391586E-01   0.595008E-02   0.300000E-03
 752   0.150342E-02  -0.289657E-03   0.401922E-01   0.424052E-02   0.300000E-03
 753   0.455716E-03   0.132404E-03   0.407476E-01   0.306167E-02   0.150000E-03
 754   0.774239E-03  -0.724775E-03   0.418933E-01   0.419531E-02   0.150000E-03
 755  -0.797080E-03   0.605082E-03   0.425392E-01   0.415890E-02   0.150000E-03
 756  -0.589921E-03  -0.111401E-02   0.431110E-01   0.673148E-02   0.300000E-03
 757   0.714136E-03  -0.185638E-03   0.184174E-02   0.456209E-02   0.350000E-03
 758  -0.166713E-04  -0.141423E-03   0.402190E-02   0.576029E-02   0.350000E-03
 759  -0.790788E-04  -0.209101E-03   0.390006E-02   0.512294E-02   0.300000E-03
 760  -0.234772E-03  -0.409480E-03   0.473741E-02   0.564868E-02   0.300000E-03
 761  -0.311902E-03  -0.171392E-03   0.541220E-02   0.546360E-02   0.400000E-03
 762  -0.226454E-03  -0.946538E-04   0.593699E-02   0.599658E-02   0.350000E-03
 763   0.281705E-03   0.108394E-03   0.690539E-02   0.625513E-02   0.400000E-03
 764   0.240981E-03  -0.140971E-03   0.817143E-02   0.678529E-02   0.300000E-03
 765   0.292327E-03   0.130144E-03   0.115199E-01   0.642914E-02   0.350000E-03
 766   0.505863E-03   0.540352E-03   0.117396E-01   0.579293E-02   0.300000E-03
 767   0.406272E-03   0.363269E-03   0.126523E-01   0.655719E-02   0.200000E-03
 768   0.723364E-03   0.198586E-03   0.137086E-01   0.691814E-02   0.250000E-03
 769   0.679030E-03   0.652501E-03   0.152289E-01   0.741031E-02   0.350000E-03
 770   0.736559E-03   0.650369E-03   0.158119E-01   0.727466E-02   0.250000E-03
 771   0.864590E-03   0.283765E-03   0.165381E-01   0.683140E-02   0.100000E-03
 772   0.770207E-03   0.382831E-03   0.183951E-01   0.747107E-02   0.250000E-03
 773   0.936119E-03   0.556925E-03   0.200817E-01   0.785291E-02   0.400000E-03
 774   0.829363E-03   0.456677E-03   0.207900E-01   0.749345E-02   0.350000E-03
 775   0.941396E-03   0.277189E-03   0.231883E-01   0.659885E-02   0.250000E-03
 776   0.995782E-03   0.374814E-03   0.247804E-01   0.612101E-02   0.200000E-03
 777   0.496095E-03   0.349256E-03   0.254732E-01   0.487820E-02   0.200000E-03
 778   0.834328E-03   0.884901E-04   0.258852E-01   0.552309E-02   0.200000E-03
 779   0.115192E-02  -0.618370E-04   0.275827E-01   0.569749E-02   0.300000E-03
 780   0.707394E-03   0.718488E-03   0.292979E-01   0.580015E-02   0.350000E-03
 781   0.855302E-03   0.153642E-03   0.306685E-01   0.596344E-02   0.200000E-03
 782   0.187747E-02   0.440970E-03   0.321042E-01   0.579072E-02   0.300000E-03
 783   0.190433E-02   0.115025E-03   0.338895E-01   0.527396E-02   0.350000E-03
 784   0.190301E-02   0.123373E-03   0.344352E-01   0.521617E-02   0.200000E-03
 785   0.130512E-02   0.228353E-03   0.356644E-01   0.556021E-02   0.350000E-03
 786   0.826411E-03  -0.470080E-03   0.375785E-01   0.618995E-02   0.250000E-03
 787   0.222388E-03  -0.543497E-03   0.397215E-01   0.615171E-02   0.300000E-03
 788   0.448351E-03  -0.339901E-03   0.396352E-01   0.550446E-02   0.350000E-03
 789   0.114669E-02   0.961720E-04   0.405682E-01   0.377660E-02   0.300000E-03
 790  -0.507822E-04  -0.537250E-03   0.414597E-01   0.430700E-02   0.300000E-03
 791  -0.664894E-03  -0.856558E-03   0.431267E-01   0.436270E-02   0.350000E-03
 792  -0.148842E-02  -0.235479E-03   0.438881E-01   0.518680E-02   0.150000E-03
 793   0.257628E-03  -0.142364E-04   0.284353E-02   0.555831E-02   0.150000E-03
 794   0.673866E-03  -0.107101E-02   0.242248E-02   0.552835E-02   0.150000E-03
 795   0.832983E-05  -0.180973E-03   0.435618E-02   0.532571E-02   0.200000E-03
 796  -0.335535E-03   0.215584E-03   0.265348E-02   0.655287E-02   0.300000E-03
 797  -0.614477E-04  -0.145426E-03   0.451342E-02   0.632546E-02   0.400000E-03
 798  -0.362497E-03  -0.572355E-04   0.518333E-02   0.612339E-02   0.300000E-03
 799  -0.775983E-04   0.890786E-03   0.752845E-02   0.669030E-02   0.350000E-03
 800   0.137027E-03  -0.113771E-04   0.883485E-02   0.711874E-02   0.250000E-03
 801   0.336885E-03   0.463029E-03   0.107847E-01   0.678681E-02   0.250000E-03
 802   0.135689E-03   0.438387E-03   0.112516E-01   0.696538E-02   0.250000E-03
 803   0.493969E-03   0.349650E-03   0.119784E-01   0.681132E-02   0.250000E-03
 804   0.512733E-03   0.294947E-03   0.132328E-01   0.719364E-02   0.300000E-03
 805   0.644004E-03   0.548461E-04   0.140684E-01   0.733351E-02   0.300000E-03
 806   0.650866E-03   0.106351E-02   0.157096E-01   0.771224E-02   0.200000E-03
 807   0.171369E-03  -0.310036E-03   0.179575E-01   0.775644E-02   0.250000E-03
 808   0.903199E-03   0.430671E-03   0.190581E-01   0.823293E-02   0.450000E-03
 809   0.707069E-03   0.386556E-03   0.213720E-01   0.777863E-02   0.300000E-03
 810   0.966076E-03   0.273647E-03   0.221049E-01   0.705476E-02   0.300000E-03
 811   0.895350E-03   0.311352E-03   0.236804E-01   0.687581E-02   0.300000E-03
 812   0.109093E-02   0.355725E-03   0.243051E-01   0.627110E-02   0.300000E-03
 813   0.732231E-03   0.101080E-03   0.253413E-01   0.557898E-02   0.350000E-03
 814   0.119265E-02  -0.697171E-04   0.270838E-01   0.566636E-02   0.200000E-03
 815   0.680518E-03   0.680698E-03   0.285547E-01   0.588895E-02   0.400000E-03
 816   0.107122E-02   0.249402E-03   0.312150E-01   0.600250E-02   0.200000E-03
 817   0.102622E-02   0.799589E-04   0.302207E-01   0.624810E-02   0.300000E-03
 818   0.151723E-02   0.451412E-03   0.325426E-01   0.620008E-02   0.300000E-03
 819   0.197084E-02  -0.836490E-04   0.334348E-01   0.573715E-02   0.300000E-03
 820   0.177109E-02   0.200054E-05   0.346899E-01   0.564308E-02   0.300000E-03
 821   0.187789E-02  -0.249106E-03   0.361832E-01   0.606249E-02   0.300000E-03
 822   0.144937E-02  -0.366322E-03   0.378132E-01   0.691529E-02   0.300000E-03
 823   0.743608E-03  -0.258937E-03   0.387484E-01   0.631413E-02   0.250000E-03
 824   0.132703E-02  -0.939713E-03   0.408168E-01   0.557634E-02   0.350000E-03
 825   0.115431E-02  -0.911816E-03   0.402586E-01   0.500471E-02   0.450000E-03
 826   0.678121E-03  -0.491158E-03   0.408133E-01   0.443027E-02   0.350000E-03
 827   0.824493E-03  -0.691963E-03   0.422300E-01   0.441060E-02   0.250000E-03
 828   0.201842E-03  -0.113891E-02   0.402851E-01   0.694045E-02   0.350000E-03
 829   0.204063E-03   0.793555E-04   0.263067E-02   0.595366E-02   0.300000E-03
 830   0.650353E-04  -0.258859E-03   0.299355E-03   0.529636E-02   0.300000E-03
 831   0.539173E-04   0.157140E-03   0.314369E-03   0.579563E-02   0.200000E-03
 832  -0.105078E-03  -0.874078E-04   0.310188E-02   0.623690E-02   0.250000E-03
 833  -0.814139E-04   0.487281E-04   0.329440E-02   0.675076E-02   0.300000E-03
 834  -0.233253E-03  -0.272446E-03   0.509286E-02   0.671622E-02   0.300000E-03
 835  -0.161962E-03   0.329893E-03   0.577251E-02   0.688235E-02   0.300000E-03
 836  -0.140084E-03   0.219786E-03   0.760514E-02   0.738389E-02   0.350000E-03
 837   0.326596E-03   0.288644E-03   0.107882E-01   0.633876E-02   0.200000E-03
 838   0.681555E-03  -0.212555E-03   0.117319E-01   0.735760E-02   0.350000E-03
 839   0.431760E-03   0.323108E-03   0.125354E-01   0.714436E-02   0.400000E-03
 840   0.699048E-03   0.628593E-03   0.141315E-01   0.792950E-02   0.300000E-03
 841   0.703624E-03   0.628459E-03   0.147201E-01   0.781426E-02   0.300000E-03
 842   0.201837E-03   0.360891E-03   0.169784E-01   0.766621E-02   0.300000E-03
 843   0.777585E-03   0.576982E-03   0.184101E-01   0.796828E-02   0.250000E-03
 844   0.104112E-02   0.331778E-03   0.197668E-01   0.847777E-02   0.300000E-03
 845   0.843057E-03   0.533712E-03   0.207507E-01   0.819059E-02   0.350000E-03
 846   0.977988E-03   0.254299E-03   0.218722E-01   0.755219E-02   0.250000E-03
 847   0.924178E-03   0.312914E-03   0.231458E-01   0.714601E-02   0.300000E-03
 848   0.109558E-02   0.356050E-03   0.243737E-01   0.696575E-02   0.400000E-03
 849   0.991075E-03   0.396075E-03   0.253055E-01   0.628028E-02   0.350000E-03
 850   0.966969E-03   0.494442E-03   0.266405E-01   0.563813E-02   0.200000E-03
 851   0.981200E-03   0.526052E-03   0.264889E-01   0.610995E-02   0.300000E-03
 852   0.114628E-02   0.285342E-03   0.298641E-01   0.582773E-02   0.150000E-03
 853   0.601401E-03  -0.369759E-04   0.316619E-01   0.631695E-02   0.350000E-03
 854   0.165378E-02   0.660389E-03   0.327399E-01   0.681811E-02   0.350000E-03
 855   0.167002E-02   0.452981E-03   0.331394E-01   0.625928E-02   0.300000E-03
 856   0.180546E-02  -0.489232E-05   0.340898E-01   0.599549E-02   0.400000E-03
 857   0.173537E-02  -0.580412E-04   0.351816E-01   0.606236E-02   0.350000E-03
 858   0.178776E-02  -0.426769E-03   0.365423E-01   0.654211E-02   0.300000E-03
 859   0.670592E-03  -0.100258E-02   0.392849E-01   0.648476E-02   0.250000E-03
 860   0.183986E-03  -0.519911E-03   0.402102E-01   0.580414E-02   0.300000E-03
 861   0.532700E-03  -0.973705E-03   0.415144E-01   0.558842E-02   0.350000E-03
 862   0.834939E-03   0.190722E-04   0.409918E-01   0.500263E-02   0.250000E-03
 863  -0.479350E-03  -0.122418E-03   0.432897E-01   0.514492E-02   0.450000E-03
 864  -0.647012E-03  -0.249886E-04   0.445517E-01   0.607076E-02   0.450000E-03
 865   0.157903E-03  -0.310808E-03   0.137296E-02   0.514508E-02   0.350000E-03
 866   0.523373E-03   0.245743E-03   0.171021E-02   0.557662E-02   0.200000E-03
 867  -0.467713E-03   0.195039E-03   0.203229E-02   0.636706E-02   0.350000E-03
 868  -0.174313E-03   0.150726E-03   0.373181E-02   0.634100E-02   0.300000E-03
 869  -0.940101E-04  -0.192368E-03   0.338651E-02   0.729064E-02   0.250000E-03
 870  -0.347695E-04   0.247756E-03   0.627306E-02   0.655195E-02   0.300000E-03
 871   0.290603E-03   0.361022E-03   0.693542E-02   0.695393E-02   0.300000E-03
 872   0.233127E-03   0.414863E-03   0.921209E-02   0.684384E-02   0.200000E-03
 873   0.184377E-03   0.601754E-03   0.102851E-01   0.704568E-02   0.300000E-03
 874   0.110820E-03   0.157929E-03   0.116833E-01   0.801601E-02   0.300000E-03
 875   0.664421E-03  -0.208507E-03   0.122315E-01   0.777300E-02   0.300000E-03
 876   0.452499E-03   0.185958E-03   0.135816E-01   0.767943E-02   0.300000E-03
 877   0.618728E-03   0.152138E-03   0.147073E-01   0.841383E-02   0.300000E-03
 878   0.417276E-03   0.386085E-03   0.163385E-01   0.756029E-02   0.350000E-03
 879   0.525299E-03   0.670686E-03   0.174630E-01   0.792614E-02   0.250000E-03
 880   0.383152E-03   0.405659E-03   0.177177E-01   0.841240E-02   0.300000E-03
 881   0.710962E-03   0.332377E-03   0.218419E-01   0.815077E-02   0.300000E-03
 882   0.102136E-02   0.264572E-03   0.226109E-01   0.726535E-02   0.250000E-03
 883   0.757290E-03   0.244670E-03   0.227983E-01   0.668362E-02   0.150000E-03
 884   0.106308E-02   0.346466E-03   0.238505E-01   0.750198E-02   0.350000E-03
 885   0.886259E-03  -0.415597E-04   0.257348E-01   0.740300E-02   0.400000E-03
 886   0.843218E-03   0.474717E-03   0.258978E-01   0.602005E-02   0.300000E-03
 887   0.861419E-03   0.324551E-03   0.282737E-01   0.658103E-02   0.350000E-03
 888   0.559764E-03   0.265414E-03   0.295401E-01   0.656086E-02   0.450000E-03
 889   0.921418E-03   0.335786E-03   0.308994E-01   0.656985E-02   0.450000E-03
 890   0.183187E-02   0.730237E-03   0.321808E-01   0.661302E-02   0.250000E-03
 891   0.195030E-02  -0.137821E-04   0.336901E-01   0.662818E-02   0.350000E-03
 892   0.183945E-02  -0.153064E-03   0.346375E-01   0.657757E-02   0.400000E-03
 893   0.204888E-02  -0.292750E-03   0.357123E-01   0.643370E-02   0.300000E-03
 894   0.922675E-03  -0.696190E-03   0.385763E-01   0.678323E-02   0.250000E-03
 895   0.590440E-03  -0.774223E-03   0.390834E-01   0.699549E-02   0.300000E-03
 896   0.575968E-03  -0.997281E-03   0.419225E-01   0.696610E-02   0.300000E-03
 897   0.736931E-03  -0.847473E-03   0.424728E-01   0.662017E-02   0.350000E-03
 898  -0.119002E-03  -0.113876E-02   0.426344E-01   0.460584E-02   0.200000E-03
 899  -0.219548E-03  -0.128680E-03   0.424943E-01   0.520367E-02   0.350000E-03
 900  -0.185238E-03   0.148199E-03   0.438298E-01   0.572996E-02   0.350000E-03
 901   0.451385E-04   0.398644E-03   0.129225E-02   0.573694E-02   0.250000E-03
 902  -0.230991E-03   0.100907E-03   0.310229E-02   0.770148E-02   0.250000E-03
 903  -0.413388E-03  -0.228534E-03   0.211132E-02   0.577386E-02   0.250000E-03
 904  -0.448407E-03  -0.282524E-03   0.279594E-02   0.718585E-02   0.350000E-03
 905  -0.320957E-04  -0.203257E-03   0.403468E-02   0.702693E-02   0.450000E-03
 906   0.301073E-03   0.270897E-03   0.589453E-02   0.742166E-02   0.250000E-03
 907  -0.301897E-03  -0.175477E-04   0.558591E-02   0.641891E-02   0.200000E-03
 908   0.171544E-03   0.613750E-03   0.886054E-02   0.766723E-02   0.300000E-03
 909   0.344889E-03   0.760121E-03   0.935137E-02   0.732260E-02   0.300000E-03
 910   0.260680E-03   0.348938E-03   0.100918E-01   0.808068E-02   0.300000E-03
 911   0.104268E-03   0.169914E-03   0.112375E-01   0.769602E-02   0.250000E-03
 912   0.570989E-03   0.315011E-03   0.152045E-01   0.869093E-02   0.250000E-03
 913   0.645169E-03   0.417004E-03   0.153229E-01   0.810315E-02   0.350000E-03
 914   0.570409E-03  -0.117729E-03   0.160926E-01   0.832093E-02   0.450000E-03
 915   0.199742E-03   0.546848E-03   0.169845E-01   0.836569E-02   0.400000E-03
 916   0.550358E-03   0.904508E-03   0.203354E-01   0.868863E-02   0.300000E-03
 917   0.911883E-03   0.531878E-03   0.199230E-01   0.912252E-02   0.300000E-03
 918   0.107757E-02   0.126385E-03   0.224051E-01   0.782758E-02   0.350000E-03
 919   0.928109E-03   0.407196E-03   0.231040E-01   0.779399E-02   0.350000E-03
 920   0.694305E-03  -0.427195E-03   0.247311E-01   0.646729E-02   0.150000E-03
 921   0.957748E-03   0.544675E-03   0.232763E-01   0.853727E-02   0.350000E-03
 922   0.819649E-03   0.334590E-03   0.258871E-01   0.666902E-02   0.350000E-03
 923   0.116248E-02   0.416204E-03   0.276161E-01   0.634524E-02   0.350000E-03
 924   0.859154E-03   0.303341E-03   0.288484E-01   0.713623E-02   0.450000E-03
 925   0.945957E-03   0.455639E-03   0.310728E-01   0.735033E-02   0.350000E-03
 926   0.429604E-03   0.132345E-02   0.315929E-01   0.696139E-02   0.300000E-03
 927   0.100585E-02   0.359908E-03   0.336077E-01   0.717726E-02   0.200000E-03
 928   0.182680E-02  -0.567749E-05   0.341385E-01   0.649248E-02   0.100000E-03
 929   0.144614E-02  -0.368672E-03   0.372018E-01   0.669560E-02   0.350000E-03
 930   0.429643E-04  -0.607592E-03   0.412175E-01   0.664767E-02   0.300000E-03
 931   0.555647E-03  -0.964957E-03   0.411881E-01   0.608871E-02   0.250000E-03
 932   0.213427E-03  -0.113504E-02   0.397355E-01   0.670071E-02   0.250000E-03
 933   0.560667E-03  -0.954599E-03   0.418098E-01   0.627573E-02   0.400000E-03
 934  -0.191191E-03  -0.289163E-03   0.412651E-01   0.471115E-02   0.150000E-03
 935   0.134321E-03  -0.227124E-04   0.418095E-01   0.490493E-02   0.400000E-03
 936   0.251921E-04  -0.601204E-04   0.433696E-01   0.618824E-02   0.300000E-03
 937   0.179989E-03  -0.192808E-03   0.102858E-02   0.725816E-02   0.350000E-03
 938   0.405738E-03   0.176872E-03   0.298178E-03   0.629615E-02   0.300000E-03
 939   0.134811E-03   0.768995E-04   0.374238E-02   0.777155E-02   0.350000E-03
 940  -0.383968E-04   0.429059E-03   0.792202E-03   0.595829E-02   0.300000E-03
 941  -0.406989E-03   0.766277E-04   0.166081E-02   0.695921E-02   0.350000E-03
 942   0.174843E-03   0.678491E-04   0.459176E-02   0.779606E-02   0.500000E-03
 943  -0.622596E-04   0.215391E-03   0.530265E-02   0.733121E-02   0.350000E-03
 944   0.346120E-05   0.428100E-03   0.636690E-02   0.714302E-02   0.300000E-03
 945   0.320788E-03   0.393657E-03   0.108244E-01   0.733415E-02   0.300000E-03
 946  -0.153613E-04  -0.104323E-03   0.983957E-02   0.757476E-02   0.250000E-03
 947   0.957319E-03  -0.996682E-04   0.129293E-01   0.804685E-02   0.450000E-03
 948   0.592379E-03   0.462799E-03   0.125360E-01   0.862531E-02   0.250000E-03
 949   0.362256E-03   0.199930E-03   0.156883E-01   0.895205E-02   0.300000E-03
 950   0.696738E-03   0.623684E-03   0.139796E-01   0.861238E-02   0.400000E-03
 951   0.576121E-03   0.380282E-04   0.165508E-01   0.891434E-02   0.300000E-03
 952   0.832746E-03   0.428995E-03   0.182659E-01   0.844507E-02   0.250000E-03
 953   0.795145E-03   0.274983E-03   0.209591E-01   0.875268E-02   0.250000E-03
 954   0.100986E-02   0.544129E-03   0.224391E-01   0.868242E-02   0.500000E-03
 955   0.102324E-02   0.454178E-03   0.236405E-01   0.806173E-02   0.250000E-03
 956   0.921651E-03  -0.122206E-03   0.250961E-01   0.728254E-02   0.250000E-03
 957   0.908450E-03   0.376958E-03   0.268142E-01   0.766923E-02   0.350000E-03
 958   0.993153E-03   0.454195E-03   0.264652E-01   0.706285E-02   0.350000E-03
 959   0.976853E-03   0.476837E-03   0.269520E-01   0.656080E-02   0.350000E-03
 960   0.780372E-03   0.312644E-03   0.302373E-01   0.679678E-02   0.250000E-03
 961   0.163781E-02   0.647558E-03   0.320976E-01   0.798192E-02   0.400000E-03
 962   0.166000E-02   0.665631E-03   0.316493E-01   0.751162E-02   0.250000E-03
 963   0.129875E-02   0.538954E-03   0.332654E-01   0.697221E-02   0.200000E-03
 964   0.140230E-02   0.360157E-05   0.352817E-01   0.685050E-02   0.300000E-03
 965   0.187693E-02  -0.485008E-03   0.360811E-01   0.684109E-02   0.250000E-03
 966   0.177398E-02  -0.495435E-03   0.366716E-01   0.722838E-02   0.400000E-03
 967  -0.828603E-04  -0.643015E-03   0.406454E-01   0.634087E-02   0.350000E-03
 968   0.201480E-03  -0.566492E-03   0.401569E-01   0.625058E-02   0.150000E-03
 969   0.385342E-03  -0.693914E-03   0.447504E-01   0.715119E-02   0.250000E-03
 970  -0.221172E-03  -0.110697E-02   0.442563E-01   0.681171E-02   0.350000E-03
 971  -0.187738E-03  -0.146234E-03   0.427259E-01   0.591480E-02   0.400000E-03
 972   0.711399E-03  -0.103965E-02   0.436591E-01   0.676161E-02   0.250000E-03
 973   0.502317E-04  -0.265468E-03   0.836295E-03   0.541019E-02   0.250000E-03
 974   0.169772E-03   0.978905E-04   0.403320E-02   0.829587E-02   0.250000E-03
 975   0.415015E-04   0.227902E-03   0.133409E-02   0.633408E-02   0.350000E-03
 976   0.289959E-03   0.880636E-04   0.772787E-03   0.666090E-02   0.300000E-03
 977  -0.640962E-04   0.823993E-04   0.737047E-02   0.793516E-02   0.250000E-03
 978   0.282639E-03   0.226784E-03   0.697612E-02   0.755193E-02   0.300000E-03
 979  -0.221323E-04   0.152416E-03   0.644298E-02   0.768678E-02   0.250000E-03
 980   0.419635E-03   0.540524E-03   0.818693E-02   0.785576E-02   0.400000E-03
 981   0.179864E-03   0.465636E-03   0.103387E-01   0.759044E-02   0.250000E-03
 982   0.313643E-05   0.403308E-03   0.935696E-02   0.822869E-02   0.450000E-03
 983   0.558811E-03   0.445824E-03   0.121442E-01   0.831538E-02   0.250000E-03
 984  -0.141610E-04   0.245660E-03   0.107420E-01   0.803348E-02   0.350000E-03
 985   0.463545E-03   0.389295E-03   0.135660E-01   0.817803E-02   0.200000E-03
 986   0.896168E-03   0.486613E-03   0.189354E-01   0.949087E-02   0.300000E-03
 987   0.882562E-03   0.481825E-03   0.186392E-01   0.891328E-02   0.350000E-03
 988   0.962981E-03   0.480275E-03   0.193591E-01   0.891796E-02   0.300000E-03
 989   0.965880E-03   0.483153E-03   0.194839E-01   0.945290E-02   0.250000E-03
 990   0.474063E-03   0.415852E-03   0.213289E-01   0.834649E-02   0.250000E-03
 991   0.122251E-02   0.695540E-04   0.242273E-01   0.818711E-02   0.350000E-03
 992   0.120151E-02   0.463039E-03   0.245698E-01   0.763586E-02   0.300000E-03
 993   0.101373E-02   0.369688E-03   0.249982E-01   0.679272E-02   0.250000E-03
 994   0.945514E-03   0.325139E-03   0.270990E-01   0.714146E-02   0.250000E-03
 995   0.795710E-03   0.337077E-03   0.277479E-01   0.711464E-02   0.400000E-03
 996   0.746174E-03   0.439978E-03   0.304252E-01   0.731259E-02   0.300000E-03
 997   0.648056E-03   0.408319E-03   0.298967E-01   0.716257E-02   0.250000E-03
 998   0.128685E-02   0.880409E-03   0.321812E-01   0.723695E-02   0.350000E-03
 999   0.145747E-02   0.660697E-03   0.330198E-01   0.734833E-02   0.250000E-03
1000   0.179348E-02   0.324547E-03   0.341562E-01   0.715014E-02   0.350000E-03
