   1   0.434063E-03  -0.771193E-03   0.112574E-01   0.850659E-02   0.350000E-03
   2   0.137790E-02   0.939603E-04   0.158211E-03   0.150308E-03   0.150000E-03
   3   0.310579E-03   0.604956E-03   0.450500E-02   0.447706E-03   0.450000E-03
   4   0.248350E-02   0.464884E-03   0.566375E-02   0.555439E-03   0.200000E-03
   5  -0.174415E-02  -0.259746E-04   0.565510E-02   0.999892E-04   0.100000E-03
   6  -0.574365E-03   0.117054E-02   0.742216E-02   0.249551E-03   0.250000E-03
   7   0.376666E-03   0.851131E-03   0.805433E-02   0.398617E-03   0.400000E-03
   8   0.186174E-02  -0.189645E-02   0.882407E-02   0.347369E-03   0.350000E-03
   9   0.615511E-02   0.468275E-03   0.926568E-02   0.576666E-03   0.150000E-03
  10   0.129704E-02   0.311802E-03   0.117676E-01   0.296766E-03   0.300000E-03
  11   0.281159E-03  -0.135799E-02   0.130102E-01   0.349693E-03   0.350000E-03
  12   0.755203E-03  -0.719376E-03   0.147441E-01   0.194877E-03   0.200000E-03
  13  -0.230836E-03   0.300636E-03   0.168720E-01   0.343426E-03   0.350000E-03
  14   0.528609E-03   0.445165E-03   0.175704E-01   0.348306E-03   0.350000E-03
  15   0.124882E-02   0.723151E-03   0.187898E-01   0.399201E-03   0.400000E-03
  16   0.556003E-03  -0.540970E-03   0.195360E-01   0.348197E-03   0.350000E-03
  17   0.585835E-03  -0.113353E-02   0.204508E-01   0.338287E-03   0.350000E-03
  18  -0.813908E-03   0.231880E-02   0.219004E-01   0.349041E-03   0.350000E-03
  19   0.159041E-02   0.194612E-02   0.224897E-01   0.240938E-03   0.250000E-03
  20   0.275376E-02   0.158340E-02   0.229892E-01   0.248889E-03   0.250000E-03
  21   0.159806E-02  -0.266823E-03   0.244421E-01   0.249685E-03   0.250000E-03
  22  -0.116424E-03  -0.167460E-03   0.257273E-01   0.200019E-03   0.200000E-03
  23  -0.233381E-02   0.325991E-03   0.267547E-01   0.999457E-04   0.100000E-03
  24  -0.348672E-03   0.593886E-03   0.282515E-01   0.396013E-03   0.400000E-03
  25   0.283746E-03  -0.638763E-03   0.297699E-01   0.397378E-03   0.400000E-03
  26   0.412145E-03  -0.194834E-03   0.305169E-01   0.341882E-03   0.350000E-03
  27  -0.150071E-02  -0.455312E-04   0.318601E-01   0.298383E-03   0.300000E-03
  28   0.271154E-02   0.691151E-03   0.333410E-01   0.299764E-03   0.300000E-03
  29   0.205373E-04   0.484849E-03   0.355484E-01   0.445726E-03   0.450000E-03
  30  -0.109195E-02   0.710658E-03   0.373951E-01   0.345438E-03   0.350000E-03
  31   0.140890E-02   0.453018E-03   0.379873E-01   0.249750E-03   0.250000E-03
  32   0.123170E-02   0.343282E-02   0.401209E-01   0.196897E-03   0.200000E-03
  33   0.607076E-03   0.191485E-02   0.410109E-01   0.194621E-03   0.200000E-03
  34  -0.861296E-03   0.215348E-03   0.446049E-01   0.881392E-03   0.400000E-03
  35  -0.209600E-03   0.643478E-03   0.446506E-01   0.192250E-02   0.350000E-03
  36   0.113162E-02  -0.101639E-02   0.862690E-02   0.839775E-02   0.300000E-03
  37  -0.242479E-03   0.420823E-02   0.248612E-03   0.184929E-02   0.250000E-03
  38   0.383936E-02  -0.387810E-03   0.761243E-03   0.779677E-03   0.300000E-03
  39   0.135933E-03   0.228576E-02   0.256736E-02   0.395350E-03   0.400000E-03
  40   0.315453E-02   0.260929E-03   0.609489E-02   0.299995E-03   0.300000E-03
  41   0.214195E-02   0.133092E-02   0.678894E-02   0.394040E-03   0.400000E-03
  42   0.766722E-03  -0.561663E-04   0.722147E-02   0.100256E-02   0.350000E-03
  43   0.115478E-02   0.893726E-03   0.852136E-02   0.917255E-03   0.300000E-03
  44   0.463597E-02  -0.409426E-02   0.933548E-02   0.969174E-03   0.250000E-03
  45   0.169824E-02   0.417416E-04   0.990818E-02   0.491385E-03   0.500000E-03
  46   0.610612E-03  -0.289629E-03   0.108489E-01   0.299680E-03   0.300000E-03
  47   0.357357E-03   0.544839E-03   0.151385E-01   0.150010E-03   0.150000E-03
  48  -0.188168E-03   0.569718E-03   0.157675E-01   0.447812E-03   0.450000E-03
  49  -0.645580E-03  -0.124768E-03   0.164372E-01   0.879937E-03   0.350000E-03
  50   0.797603E-03   0.124253E-03   0.181599E-01   0.247135E-03   0.250000E-03
  51   0.946325E-03   0.614253E-03   0.192642E-01   0.879344E-03   0.250000E-03
  52   0.177193E-03  -0.191505E-03   0.199913E-01   0.147879E-03   0.150000E-03
  53  -0.571624E-03  -0.346038E-03   0.204593E-01   0.100398E-02   0.200000E-03
  54   0.544952E-03   0.645782E-03   0.211228E-01   0.298583E-03   0.300000E-03
  55   0.301744E-03   0.276769E-03   0.233996E-01   0.998994E-04   0.100000E-03
  56   0.127479E-02  -0.905395E-04   0.238092E-01   0.396349E-03   0.400000E-03
  57   0.143908E-02  -0.275405E-03   0.244887E-01   0.932697E-03   0.400000E-03
  58   0.132178E-02   0.371462E-03   0.250755E-01   0.394687E-03   0.400000E-03
  59  -0.195081E-02  -0.365444E-03   0.270516E-01   0.200018E-03   0.200000E-03
  60   0.986450E-03  -0.113059E-03   0.275589E-01   0.298391E-03   0.300000E-03
  61  -0.284657E-03  -0.651676E-03   0.290778E-01   0.298001E-03   0.300000E-03
  62   0.732365E-04  -0.605099E-03   0.312145E-01   0.347272E-03   0.350000E-03
  63  -0.119991E-02   0.850434E-04   0.328527E-01   0.196631E-03   0.200000E-03
  64  -0.199711E-03   0.181893E-03   0.347566E-01   0.345810E-03   0.350000E-03
  65   0.119837E-02   0.509233E-03   0.363261E-01   0.619172E-03   0.350000E-03
  66   0.111912E-02   0.992906E-03   0.364227E-01   0.139295E-03   0.150000E-03
  67   0.135208E-02   0.234113E-02   0.391344E-01   0.299014E-03   0.300000E-03
  68  -0.193519E-02   0.891884E-03   0.423009E-01   0.223444E-03   0.200000E-03
  69   0.756765E-04   0.108467E-02   0.438618E-01   0.819582E-03   0.350000E-03
  70   0.784952E-03  -0.982782E-03   0.424149E-01   0.721567E-02   0.250000E-03
  71  -0.161778E-02   0.172339E-03   0.447015E-01   0.498107E-02   0.300000E-03
  72   0.586131E-04  -0.131873E-02   0.447501E-01   0.248941E-03   0.250000E-03
  73   0.482034E-03  -0.128777E-02   0.258570E-02   0.800431E-02   0.350000E-03
  74   0.175614E-02   0.208702E-02   0.110299E-02   0.293600E-03   0.300000E-03
  75   0.188511E-02   0.683229E-03   0.383376E-02   0.249831E-03   0.250000E-03
  76   0.138795E-03   0.168889E-02   0.516941E-02   0.925167E-03   0.350000E-03
  77   0.432076E-03   0.243701E-02   0.640284E-02   0.842276E-03   0.200000E-03
  78   0.150590E-03   0.122136E-02   0.659537E-02   0.135452E-02   0.350000E-03
  79  -0.119348E-03   0.856947E-03   0.790853E-02   0.113348E-02   0.350000E-03
  80   0.146736E-02   0.146139E-03   0.901785E-02   0.134866E-02   0.250000E-03
  81   0.663694E-03   0.164950E-03   0.106378E-01   0.913980E-03   0.350000E-03
  82   0.273961E-03   0.626416E-03   0.132584E-01   0.987794E-03   0.300000E-03
  83   0.296146E-03  -0.877876E-03   0.137085E-01   0.345760E-03   0.350000E-03
  84   0.520106E-03  -0.984820E-03   0.142986E-01   0.245227E-03   0.250000E-03
  85   0.362036E-03   0.282692E-03   0.153728E-01   0.102237E-02   0.250000E-03
  86   0.300318E-03   0.405781E-03   0.172149E-01   0.106287E-02   0.450000E-03
  87   0.165635E-02   0.653248E-03   0.187953E-01   0.104780E-02   0.250000E-03
  88   0.311160E-03  -0.921355E-04   0.200017E-01   0.800382E-03   0.300000E-03
  89   0.480020E-03  -0.189607E-03   0.202568E-01   0.160852E-02   0.400000E-03
  90   0.553227E-03   0.897242E-03   0.214344E-01   0.867073E-03   0.350000E-03
  91   0.110228E-02  -0.130646E-03   0.225623E-01   0.726754E-03   0.250000E-03
  92   0.209674E-02   0.388252E-03   0.231506E-01   0.825539E-03   0.350000E-03
  93   0.316903E-03  -0.752718E-03   0.237723E-01   0.114173E-02   0.350000E-03
  94   0.829592E-03   0.571047E-04   0.252103E-01   0.112902E-02   0.350000E-03
  95   0.109619E-02  -0.287656E-03   0.272950E-01   0.890523E-03   0.350000E-03
  96   0.644277E-03  -0.504219E-03   0.279974E-01   0.115176E-02   0.400000E-03
  97  -0.632615E-04   0.123364E-03   0.294725E-01   0.970769E-03   0.250000E-03
  98   0.467174E-03  -0.501550E-03   0.302600E-01   0.109052E-02   0.450000E-03
  99   0.674649E-03  -0.812963E-03   0.324053E-01   0.245048E-03   0.250000E-03
 100  -0.221142E-03  -0.247731E-02   0.327249E-01   0.621690E-03   0.250000E-03
 101  -0.770901E-03  -0.732435E-04   0.349654E-01   0.106276E-02   0.400000E-03
 102   0.164294E-02   0.102264E-02   0.368036E-01   0.255659E-03   0.250000E-03
 103  -0.515972E-03   0.188655E-02   0.376411E-01   0.887668E-03   0.250000E-03
 104   0.912410E-03   0.286504E-02   0.385360E-01   0.294284E-03   0.300000E-03
 105  -0.173139E-02   0.216071E-02   0.405660E-01   0.245182E-03   0.250000E-03
 106  -0.340340E-03   0.844483E-03   0.431877E-01   0.297125E-03   0.300000E-03
 107  -0.849836E-03  -0.305377E-03   0.440838E-01   0.748854E-02   0.350000E-03
 108   0.352033E-03   0.413752E-03   0.348858E-01   0.748480E-02   0.450000E-03
 109  -0.306933E-03  -0.958142E-03   0.240552E-03   0.632265E-03   0.250000E-03
 110  -0.954599E-03   0.419125E-03   0.555250E-03   0.247149E-03   0.250000E-03
 111   0.509098E-02   0.219118E-02   0.177385E-02   0.464030E-03   0.400000E-03
 112   0.105002E-04   0.187668E-02   0.309813E-02   0.918947E-03   0.350000E-03
 113   0.769886E-03   0.138438E-02   0.588311E-02   0.113474E-02   0.400000E-03
 114   0.575315E-03   0.961882E-03   0.709654E-02   0.156759E-02   0.200000E-03
 115   0.694829E-03   0.128823E-02   0.846216E-02   0.155889E-02   0.350000E-03
 116   0.674508E-03   0.560037E-03   0.981567E-02   0.133086E-02   0.350000E-03
 117   0.108765E-02   0.165328E-03   0.113158E-01   0.751685E-03   0.350000E-03
 118  -0.135700E-02  -0.871341E-03   0.123644E-01   0.289379E-03   0.300000E-03
 119   0.263719E-03  -0.212025E-03   0.142333E-01   0.786759E-03   0.300000E-03
 120   0.841041E-03   0.126482E-03   0.150331E-01   0.595838E-03   0.300000E-03
 121  -0.365945E-03   0.713713E-03   0.166519E-01   0.138436E-02   0.200000E-03
 122   0.116709E-02   0.294564E-03   0.181044E-01   0.942908E-03   0.450000E-03
 123   0.123545E-02   0.100576E-02   0.185434E-01   0.141661E-02   0.200000E-03
 124   0.838064E-03   0.203161E-03   0.196421E-01   0.127715E-02   0.300000E-03
 125  -0.366941E-04   0.623856E-03   0.208457E-01   0.772648E-03   0.250000E-03
 126   0.350838E-03  -0.381199E-04   0.208903E-01   0.131597E-02   0.300000E-03
 127   0.160499E-02   0.358675E-03   0.226863E-01   0.120514E-02   0.250000E-03
 128   0.698806E-03  -0.398099E-03   0.230398E-01   0.162078E-02   0.300000E-03
 129   0.610662E-03  -0.386780E-03   0.235829E-01   0.169955E-02   0.250000E-03
 130   0.829800E-03   0.472379E-03   0.257003E-01   0.704697E-03   0.300000E-03
 131   0.183561E-02   0.289226E-03   0.263245E-01   0.393978E-03   0.400000E-03
 132   0.944546E-03  -0.842229E-03   0.275018E-01   0.148678E-02   0.200000E-03
 133  -0.419809E-03   0.197373E-03   0.288241E-01   0.948231E-03   0.400000E-03
 134  -0.720292E-03  -0.122093E-02   0.311465E-01   0.109114E-02   0.400000E-03
 135  -0.119100E-02  -0.137651E-02   0.319927E-01   0.103472E-02   0.450000E-03
 136  -0.100659E-02  -0.457330E-03   0.340207E-01   0.458786E-03   0.400000E-03
 137  -0.139132E-02   0.193437E-02   0.372265E-01   0.762015E-03   0.100000E-03
 138   0.140596E-03   0.640121E-03   0.374066E-01   0.132339E-02   0.250000E-03
 139   0.183961E-02   0.118412E-02   0.381755E-01   0.766258E-03   0.300000E-03
 140  -0.192350E-02   0.271605E-02   0.396795E-01   0.261764E-03   0.250000E-03
 141  -0.883302E-03   0.125600E-02   0.414571E-01   0.248091E-03   0.250000E-03
 142  -0.896540E-04   0.998061E-03   0.419029E-01   0.197550E-03   0.200000E-03
 143  -0.619522E-03  -0.313868E-03   0.439016E-01   0.632380E-02   0.250000E-03
 144   0.154597E-04   0.424785E-03   0.294874E-01   0.753217E-02   0.300000E-03
 145  -0.567419E-03  -0.796310E-03   0.295249E-03   0.340194E-02   0.300000E-03
 146   0.124606E-02   0.371269E-02   0.658463E-03   0.141635E-02   0.350000E-03
 147   0.320244E-03   0.280974E-03   0.398912E-02   0.843189E-03   0.200000E-03
 148  -0.268251E-03   0.245711E-03   0.524042E-02   0.289435E-03   0.300000E-03
 149   0.570895E-03   0.754447E-03   0.607311E-02   0.196030E-02   0.450000E-03
 150   0.358959E-03   0.108878E-02   0.748266E-02   0.147984E-02   0.200000E-03
 151   0.799838E-03  -0.743242E-03   0.936610E-02   0.162889E-02   0.200000E-03
 152   0.392344E-03   0.120554E-03   0.103586E-01   0.138369E-02   0.200000E-03
 153   0.958306E-03   0.165859E-03   0.111034E-01   0.136407E-02   0.300000E-03
 154  -0.142043E-02   0.332569E-03   0.125620E-01   0.949711E-03   0.400000E-03
 155   0.101429E-02   0.571899E-04   0.137444E-01   0.885756E-03   0.200000E-03
 156   0.729659E-03   0.186438E-03   0.147634E-01   0.124111E-02   0.400000E-03
 157   0.361953E-03   0.933493E-04   0.158997E-01   0.139640E-02   0.400000E-03
 158   0.223624E-03   0.107054E-02   0.173204E-01   0.185215E-02   0.350000E-03
 159   0.874200E-03  -0.560078E-03   0.177225E-01   0.146872E-02   0.200000E-03
 160   0.113969E-02  -0.125740E-02   0.181535E-01   0.164096E-02   0.250000E-03
 161   0.834542E-03  -0.280503E-03   0.195489E-01   0.181451E-02   0.250000E-03
 162   0.489145E-03  -0.184933E-02   0.208555E-01   0.181137E-02   0.200000E-03
 163   0.927303E-03   0.835709E-03   0.220932E-01   0.109418E-02   0.350000E-03
 164   0.878428E-03   0.258914E-03   0.227013E-01   0.217139E-02   0.300000E-03
 165   0.467769E-03   0.132018E-03   0.247873E-01   0.155323E-02   0.250000E-03
 166   0.148859E-02   0.594776E-03   0.255632E-01   0.160217E-02   0.250000E-03
 167   0.853750E-03  -0.262316E-03   0.265881E-01   0.113767E-02   0.400000E-03
 168   0.979633E-04  -0.630976E-05   0.285466E-01   0.153405E-02   0.250000E-03
 169  -0.462615E-04   0.220972E-03   0.301668E-01   0.172879E-02   0.200000E-03
 170  -0.725349E-03  -0.183703E-03   0.307604E-01   0.178760E-02   0.400000E-03
 171  -0.762913E-03   0.177616E-03   0.334864E-01   0.904222E-03   0.300000E-03
 172  -0.181592E-02   0.169696E-03   0.341929E-01   0.126443E-02   0.400000E-03
 173   0.169166E-03   0.463277E-04   0.356523E-01   0.118514E-02   0.300000E-03
 174   0.240899E-03   0.546659E-03   0.368776E-01   0.104547E-02   0.350000E-03
 175   0.187053E-02   0.389640E-03   0.390288E-01   0.888383E-03   0.300000E-03
 176   0.736246E-03   0.658287E-03   0.400902E-01   0.988516E-03   0.200000E-03
 177  -0.167494E-02   0.873205E-03   0.406074E-01   0.787617E-03   0.300000E-03
 178  -0.515686E-03   0.322762E-03   0.443935E-01   0.143957E-02   0.200000E-03
 179   0.542365E-03   0.878206E-03   0.426988E-01   0.195863E-03   0.200000E-03
 180  -0.458783E-03  -0.290140E-03   0.400245E-01   0.753425E-02   0.300000E-03
 181  -0.912047E-03   0.507241E-03   0.199995E-03   0.108037E-02   0.200000E-03
 182  -0.194310E-03  -0.234771E-02   0.135754E-02   0.222080E-02   0.200000E-03
 183   0.860273E-03   0.786954E-03   0.328611E-02   0.298146E-03   0.300000E-03
 184  -0.396028E-03  -0.213852E-03   0.526357E-02   0.161357E-02   0.350000E-03
 185   0.738811E-03   0.925301E-03   0.623200E-02   0.264023E-02   0.250000E-03
 186  -0.123150E-03   0.906068E-04   0.677893E-02   0.187129E-02   0.200000E-03
 187   0.124611E-03   0.121544E-02   0.786403E-02   0.179116E-02   0.300000E-03
 188   0.670998E-03  -0.702601E-03   0.961087E-02   0.200527E-02   0.250000E-03
 189   0.976215E-03  -0.251813E-03   0.116395E-01   0.125444E-02   0.250000E-03
 190   0.102404E-02  -0.381863E-03   0.119243E-01   0.823878E-03   0.250000E-03
 191   0.986047E-03  -0.943081E-03   0.139663E-01   0.126659E-02   0.250000E-03
 192   0.119211E-02  -0.613075E-03   0.142479E-01   0.184691E-02   0.400000E-03
 193   0.448965E-03   0.212467E-03   0.152776E-01   0.171598E-02   0.300000E-03
 194   0.749745E-04  -0.498005E-03   0.164716E-01   0.195399E-02   0.400000E-03
 195   0.600491E-03  -0.367434E-03   0.179120E-01   0.207866E-02   0.250000E-03
 196   0.107131E-02  -0.332045E-04   0.190918E-01   0.151011E-02   0.300000E-03
 197   0.614272E-03  -0.389882E-03   0.199249E-01   0.228052E-02   0.350000E-03
 198  -0.139058E-03  -0.971187E-03   0.206228E-01   0.225026E-02   0.300000E-03
 199   0.166352E-03   0.290280E-03   0.214517E-01   0.151393E-02   0.300000E-03
 200   0.606370E-03   0.383639E-03   0.222027E-01   0.216074E-02   0.200000E-03
 201   0.180570E-02  -0.411943E-04   0.242402E-01   0.159197E-02   0.300000E-03
 202   0.874395E-03  -0.520825E-04   0.259407E-01   0.119940E-02   0.250000E-03
 203   0.744179E-03  -0.697022E-03   0.265070E-01   0.182508E-02   0.300000E-03
 204   0.220606E-03  -0.868637E-03   0.270621E-01   0.157563E-02   0.250000E-03
 205  -0.212899E-03  -0.653357E-04   0.295849E-01   0.160728E-02   0.400000E-03
 206  -0.103694E-02  -0.101572E-02   0.322098E-01   0.180323E-02   0.350000E-03
 207  -0.147368E-03  -0.499208E-03   0.328510E-01   0.129920E-02   0.450000E-03
 208  -0.400139E-03  -0.600891E-03   0.335616E-01   0.166282E-02   0.350000E-03
 209   0.766518E-03   0.147554E-03   0.362461E-01   0.125952E-02   0.300000E-03
 210   0.578092E-03   0.130190E-03   0.366490E-01   0.154464E-02   0.200000E-03
 211   0.279965E-03   0.776884E-04   0.370701E-01   0.168763E-02   0.250000E-03
 212   0.994586E-03   0.779434E-03   0.400729E-01   0.591257E-03   0.200000E-03
 213   0.168747E-03   0.443034E-03   0.411306E-01   0.622851E-03   0.250000E-03
 214  -0.200733E-03   0.102988E-02   0.420772E-01   0.554972E-03   0.200000E-03
 215   0.303580E-02   0.593330E-03   0.442656E-01   0.149773E-03   0.150000E-03
 216   0.987242E-03   0.780891E-04   0.215799E-01   0.894240E-02   0.400000E-03
 217   0.699832E-03  -0.732032E-03   0.140864E-01   0.935290E-02   0.350000E-03
 218  -0.153416E-03  -0.227201E-02   0.825333E-03   0.209273E-02   0.350000E-03
 219   0.973388E-03   0.638493E-03   0.363670E-02   0.654325E-03   0.200000E-03
 220   0.699652E-03   0.155344E-03   0.452522E-02   0.129516E-02   0.400000E-03
 221  -0.536029E-03   0.169196E-03   0.532695E-02   0.220052E-02   0.250000E-03
 222   0.389483E-03   0.104991E-02   0.728668E-02   0.208180E-02   0.350000E-03
 223   0.419964E-03   0.703353E-03   0.898758E-02   0.201436E-02   0.350000E-03
 224   0.763256E-03  -0.638476E-03   0.102033E-01   0.191049E-02   0.350000E-03
 225   0.612892E-03   0.111325E-03   0.106770E-01   0.161954E-02   0.200000E-03
 226   0.740313E-04  -0.360535E-03   0.121313E-01   0.149168E-02   0.300000E-03
 227   0.260638E-03  -0.462529E-04   0.129652E-01   0.145210E-02   0.250000E-03
 228   0.989961E-03   0.124062E-03   0.148334E-01   0.178483E-02   0.150000E-03
 229   0.234078E-03  -0.873954E-04   0.158285E-01   0.203789E-02   0.250000E-03
 230  -0.990762E-04   0.340015E-03   0.175208E-01   0.246522E-02   0.300000E-03
 231   0.888286E-03   0.376173E-03   0.183279E-01   0.228439E-02   0.200000E-03
 232   0.129328E-02   0.111072E-04   0.186403E-01   0.190135E-02   0.300000E-03
 233   0.887586E-03  -0.412779E-03   0.191780E-01   0.234624E-02   0.400000E-03
 234   0.795424E-03  -0.173386E-02   0.212726E-01   0.208626E-02   0.300000E-03
 235   0.100916E-02   0.106548E-02   0.223910E-01   0.166608E-02   0.300000E-03
 236   0.590830E-03   0.689628E-04   0.232987E-01   0.216010E-02   0.300000E-03
 237   0.136883E-02   0.559366E-03   0.239473E-01   0.217140E-02   0.350000E-03
 238   0.189850E-02   0.735332E-03   0.251611E-01   0.180331E-02   0.200000E-03
 239   0.851608E-03  -0.652439E-03   0.266782E-01   0.234286E-02   0.250000E-03
 240  -0.335190E-03   0.715851E-04   0.289951E-01   0.152043E-02   0.200000E-03
 241   0.115415E-03  -0.839156E-03   0.301914E-01   0.227310E-02   0.350000E-03
 242  -0.993617E-03  -0.116581E-02   0.315122E-01   0.174574E-02   0.350000E-03
 243  -0.332517E-03  -0.603701E-03   0.329384E-01   0.223910E-02   0.500000E-03
 244   0.109395E-02   0.691445E-03   0.354576E-01   0.199206E-02   0.200000E-03
 245  -0.690891E-03   0.194890E-03   0.349405E-01   0.180949E-02   0.350000E-03
 246   0.550666E-03  -0.398725E-04   0.366071E-01   0.214058E-02   0.400000E-03
 247   0.828639E-03   0.846043E-03   0.380008E-01   0.139069E-02   0.350000E-03
 248   0.123563E-02   0.494279E-03   0.396232E-01   0.809018E-03   0.300000E-03
 249   0.424590E-03   0.563695E-03   0.416474E-01   0.802192E-03   0.300000E-03
 250  -0.798839E-04   0.891170E-03   0.437341E-01   0.241426E-03   0.250000E-03
 251  -0.179550E-03   0.188081E-03   0.446053E-01   0.297373E-02   0.400000E-03
 252   0.597533E-03   0.143891E-03   0.336365E-01   0.772692E-02   0.350000E-03
 253   0.358273E-03  -0.350311E-03   0.215112E-02   0.745565E-02   0.350000E-03
 254  -0.830887E-03  -0.142831E-02   0.133885E-02   0.107480E-02   0.350000E-03
 255   0.770795E-03  -0.270018E-02   0.221818E-02   0.100166E-02   0.300000E-03
 256   0.772316E-03  -0.878961E-03   0.471869E-02   0.196725E-02   0.300000E-03
 257   0.246597E-03   0.112820E-02   0.670335E-02   0.236455E-02   0.300000E-03
 258  -0.152485E-03   0.971997E-03   0.832877E-02   0.224362E-02   0.350000E-03
 259   0.618019E-03  -0.332227E-03   0.907331E-02   0.280544E-02   0.450000E-03
 260   0.349312E-03  -0.336847E-03   0.989195E-02   0.259050E-02   0.400000E-03
 261   0.269133E-03  -0.168333E-03   0.116299E-01   0.180970E-02   0.300000E-03
 262   0.121542E-03  -0.204465E-03   0.121903E-01   0.213837E-02   0.350000E-03
 263   0.418651E-03  -0.180129E-03   0.135210E-01   0.166865E-02   0.350000E-03
 264   0.127723E-02  -0.428347E-03   0.148249E-01   0.223306E-02   0.300000E-03
 265   0.724266E-03   0.222786E-03   0.165792E-01   0.254407E-02   0.200000E-03
 266   0.725823E-03   0.137506E-03   0.169839E-01   0.234720E-02   0.250000E-03
 267   0.817158E-03  -0.375535E-03   0.171138E-01   0.282714E-02   0.250000E-03
 268   0.501892E-03  -0.134693E-03   0.186008E-01   0.264056E-02   0.250000E-03
 269   0.103100E-02  -0.639170E-03   0.190533E-01   0.298372E-02   0.250000E-03
 270   0.526062E-03  -0.622603E-03   0.196500E-01   0.292291E-02   0.350000E-03
 271   0.120381E-02   0.908297E-03   0.218770E-01   0.185295E-02   0.250000E-03
 272   0.764341E-03   0.419210E-03   0.223152E-01   0.274768E-02   0.400000E-03
 273   0.153633E-02   0.148873E-02   0.235435E-01   0.280345E-02   0.400000E-03
 274   0.887022E-03  -0.220367E-03   0.257371E-01   0.206071E-02   0.250000E-03
 275   0.658184E-03  -0.513356E-03   0.261862E-01   0.226670E-02   0.250000E-03
 276   0.990446E-03  -0.967466E-04   0.274285E-01   0.198091E-02   0.300000E-03
 277  -0.124456E-03  -0.375057E-03   0.293941E-01   0.217455E-02   0.200000E-03
 278  -0.138972E-02  -0.300390E-03   0.318264E-01   0.238801E-02   0.350000E-03
 279  -0.101376E-02   0.662881E-04   0.323427E-01   0.268675E-02   0.250000E-03
 280  -0.270858E-03  -0.138729E-03   0.343094E-01   0.195562E-02   0.300000E-03
 281   0.482537E-03   0.939724E-03   0.358851E-01   0.173388E-02   0.300000E-03
 282  -0.195326E-03   0.216786E-03   0.375510E-01   0.179931E-02   0.250000E-03
 283   0.541235E-03   0.321125E-03   0.385077E-01   0.161144E-02   0.200000E-03
 284   0.130703E-02   0.731315E-03   0.385535E-01   0.116387E-02   0.250000E-03
 285  -0.315433E-03   0.448998E-03   0.410960E-01   0.121640E-02   0.350000E-03
 286  -0.126018E-03   0.101476E-02   0.432203E-01   0.893261E-03   0.300000E-03
 287   0.110565E-03   0.966430E-03   0.428436E-01   0.121896E-02   0.200000E-03
 288   0.709245E-03   0.242201E-04   0.593732E-02   0.801738E-02   0.350000E-03
 289   0.190113E-04  -0.572422E-03   0.247739E-03   0.234759E-02   0.250000E-03
 290  -0.145896E-02  -0.157643E-02   0.184285E-02   0.147834E-02   0.300000E-03
 291   0.204104E-02  -0.576556E-03   0.252264E-02   0.162614E-02   0.400000E-03
 292  -0.256941E-03   0.430866E-03   0.315288E-02   0.151244E-02   0.250000E-03
 293   0.133658E-03   0.511808E-03   0.568902E-02   0.260271E-02   0.300000E-03
 294  -0.890045E-04  -0.188761E-03   0.824424E-02   0.298487E-02   0.400000E-03
 295   0.761340E-03  -0.484773E-03   0.968679E-02   0.338966E-02   0.400000E-03
 296   0.941783E-03  -0.552506E-03   0.110925E-01   0.191194E-02   0.250000E-03
 297   0.484522E-03  -0.455893E-03   0.106981E-01   0.196478E-02   0.150000E-03
 298   0.569652E-03  -0.271400E-03   0.125854E-01   0.169233E-02   0.200000E-03
 299   0.674069E-03   0.461871E-04   0.138367E-01   0.234509E-02   0.250000E-03
 300   0.136702E-02  -0.435288E-03   0.148936E-01   0.272471E-02   0.200000E-03
 301   0.873198E-03  -0.581661E-03   0.154009E-01   0.237128E-02   0.300000E-03
 302   0.782362E-03  -0.616738E-03   0.170180E-01   0.336412E-02   0.300000E-03
 303   0.915340E-03   0.552959E-03   0.180116E-01   0.252024E-02   0.200000E-03
 304   0.368882E-03  -0.136687E-03   0.181944E-01   0.292884E-02   0.250000E-03
 305   0.125909E-03  -0.267865E-04   0.193646E-01   0.333268E-02   0.150000E-03
 306   0.435233E-04  -0.858221E-03   0.203506E-01   0.283404E-02   0.350000E-03
 307   0.176124E-02  -0.122021E-02   0.217599E-01   0.233781E-02   0.250000E-03
 308   0.789854E-03   0.333659E-03   0.226951E-01   0.339068E-02   0.350000E-03
 309   0.122797E-02   0.292315E-03   0.244975E-01   0.267206E-02   0.400000E-03
 310   0.201259E-02  -0.160432E-03   0.250888E-01   0.229795E-02   0.300000E-03
 311   0.113807E-02  -0.270989E-03   0.272180E-01   0.259161E-02   0.350000E-03
 312   0.136088E-05   0.109069E-04   0.280709E-01   0.189605E-02   0.350000E-03
 313  -0.435604E-03  -0.553664E-03   0.296562E-01   0.253600E-02   0.250000E-03
 314  -0.861978E-03  -0.201731E-03   0.311822E-01   0.234336E-02   0.300000E-03
 315   0.140238E-03   0.605488E-05   0.334205E-01   0.286990E-02   0.300000E-03
 316   0.637806E-03  -0.721005E-03   0.337818E-01   0.233198E-02   0.350000E-03
 317  -0.740976E-03   0.374716E-03   0.350791E-01   0.254496E-02   0.400000E-03
 318   0.254161E-03   0.231372E-03   0.358658E-01   0.242882E-02   0.400000E-03
 319   0.188660E-02   0.139545E-02   0.389713E-01   0.143476E-02   0.250000E-03
 320  -0.146705E-03   0.213715E-02   0.398294E-01   0.141290E-02   0.300000E-03
 321  -0.127094E-02  -0.111044E-02   0.404268E-01   0.135312E-02   0.300000E-03
 322   0.230106E-03   0.134936E-02   0.425928E-01   0.731862E-03   0.350000E-03
 323   0.176017E-03   0.290662E-04   0.439543E-01   0.211056E-02   0.350000E-03
 324  -0.211938E-03  -0.875956E-04   0.396031E-01   0.718101E-02   0.250000E-03
 325   0.469460E-03  -0.363237E-03   0.153485E-02   0.766221E-02   0.300000E-03
 326  -0.125987E-02   0.176195E-02   0.125130E-02   0.166951E-02   0.250000E-03
 327   0.417913E-03   0.148536E-02   0.208158E-02   0.222947E-02   0.350000E-03
 328   0.861520E-03   0.636309E-03   0.380715E-02   0.172189E-02   0.450000E-03
 329   0.296858E-03   0.293421E-04   0.657313E-02   0.318579E-02   0.400000E-03
 330   0.618543E-03   0.116296E-02   0.720682E-02   0.277458E-02   0.350000E-03
 331   0.460004E-03   0.239907E-03   0.776384E-02   0.244524E-02   0.250000E-03
 332   0.726898E-03  -0.250911E-03   0.108083E-01   0.254926E-02   0.450000E-03
 333   0.160498E-03  -0.915144E-03   0.115982E-01   0.240636E-02   0.300000E-03
 334   0.532206E-03  -0.453153E-03   0.129507E-01   0.194952E-02   0.250000E-03
 335   0.879308E-03  -0.244115E-05   0.133517E-01   0.224475E-02   0.250000E-03
 336   0.259712E-03   0.273490E-03   0.143346E-01   0.257851E-02   0.300000E-03
 337   0.709495E-03   0.574049E-03   0.160475E-01   0.253946E-02   0.300000E-03
 338   0.502065E-03   0.159502E-03   0.166332E-01   0.374810E-02   0.250000E-03
 339   0.784807E-03  -0.571281E-03   0.176301E-01   0.313263E-02   0.350000E-03
 340   0.100313E-02  -0.418155E-03   0.189585E-01   0.352514E-02   0.300000E-03
 341   0.422803E-03  -0.753397E-03   0.200694E-01   0.341492E-02   0.300000E-03
 342   0.650920E-03   0.703492E-03   0.205952E-01   0.332335E-02   0.200000E-03
 343   0.137093E-02   0.625875E-04   0.216264E-01   0.286851E-02   0.300000E-03
 344   0.124885E-02  -0.390526E-03   0.238078E-01   0.338471E-02   0.250000E-03
 345   0.100034E-02   0.326578E-03   0.251069E-01   0.301133E-02   0.300000E-03
 346   0.117834E-02   0.356743E-04   0.256377E-01   0.264574E-02   0.350000E-03
 347   0.248906E-03  -0.184459E-03   0.263403E-01   0.289553E-02   0.400000E-03
 348  -0.438761E-03  -0.549075E-03   0.289228E-01   0.201256E-02   0.300000E-03
 349  -0.162807E-03  -0.802513E-03   0.300446E-01   0.284993E-02   0.250000E-03
 350  -0.451570E-03  -0.113392E-02   0.320664E-01   0.315760E-02   0.300000E-03
 351  -0.329520E-03  -0.154547E-04   0.328052E-01   0.307524E-02   0.350000E-03
 352   0.421819E-03  -0.661644E-03   0.344983E-01   0.308756E-02   0.400000E-03
 353   0.269437E-03   0.492205E-03   0.358998E-01   0.302276E-02   0.200000E-03
 354   0.124629E-03  -0.154798E-03   0.372535E-01   0.220045E-02   0.250000E-03
 355   0.105011E-02   0.844019E-03   0.380427E-01   0.203692E-02   0.300000E-03
 356   0.121972E-02   0.117622E-02   0.393786E-01   0.162131E-02   0.200000E-03
 357  -0.563954E-04   0.279028E-03   0.408206E-01   0.179905E-02   0.300000E-03
 358   0.451601E-03   0.537763E-03   0.416774E-01   0.134794E-02   0.250000E-03
 359  -0.445073E-03   0.342168E-03   0.442653E-01   0.531580E-02   0.250000E-03
 360  -0.458814E-03  -0.238126E-03   0.448001E-01   0.418061E-02   0.200000E-03
 361  -0.450157E-03  -0.112990E-02   0.682828E-03   0.282616E-02   0.400000E-03
 362   0.533084E-04  -0.779963E-03   0.148129E-02   0.280612E-02   0.400000E-03
 363   0.280227E-04  -0.244566E-03   0.311506E-02   0.201069E-02   0.250000E-03
 364   0.135842E-03  -0.409486E-03   0.491120E-02   0.255363E-02   0.300000E-03
 365  -0.195341E-03  -0.370642E-04   0.587466E-02   0.316750E-02   0.300000E-03
 366   0.655184E-03  -0.413176E-03   0.615903E-02   0.374580E-02   0.300000E-03
 367   0.356608E-03   0.252271E-03   0.872205E-02   0.334663E-02   0.200000E-03
 368   0.622564E-03  -0.299777E-03   0.103344E-01   0.312731E-02   0.300000E-03
 369   0.492862E-03  -0.957135E-04   0.118473E-01   0.300428E-02   0.350000E-03
 370   0.520530E-03   0.113904E-03   0.127958E-01   0.257872E-02   0.400000E-03
 371   0.738823E-03   0.100166E-03   0.137329E-01   0.288149E-02   0.300000E-03
 372   0.124541E-02  -0.244317E-03   0.150047E-01   0.331042E-02   0.400000E-03
 373   0.114858E-02   0.199118E-03   0.155955E-01   0.293216E-02   0.300000E-03
 374   0.240591E-03  -0.766837E-04   0.163457E-01   0.317007E-02   0.400000E-03
 375   0.102878E-02  -0.216812E-03   0.174944E-01   0.393706E-02   0.450000E-03
 376   0.480358E-03  -0.492877E-03   0.186162E-01   0.308969E-02   0.200000E-03
 377   0.469941E-03  -0.827263E-03   0.195477E-01   0.379788E-02   0.350000E-03
 378   0.102167E-02  -0.408848E-04   0.210685E-01   0.265059E-02   0.300000E-03
 379   0.934056E-03   0.537681E-03   0.211440E-01   0.330281E-02   0.350000E-03
 380   0.122855E-02  -0.279317E-03   0.219760E-01   0.341394E-02   0.350000E-03
 381   0.123629E-02  -0.560287E-04   0.244012E-01   0.341423E-02   0.350000E-03
 382   0.520574E-03  -0.402350E-03   0.266882E-01   0.349278E-02   0.300000E-03
 383   0.933910E-03  -0.839609E-03   0.277952E-01   0.242877E-02   0.250000E-03
 384  -0.271742E-03  -0.523423E-03   0.284731E-01   0.240071E-02   0.300000E-03
 385   0.327342E-04  -0.788883E-03   0.291075E-01   0.258324E-02   0.300000E-03
 386  -0.132457E-03  -0.842469E-03   0.306904E-01   0.268267E-02   0.300000E-03
 387  -0.112924E-03  -0.419938E-04   0.324558E-01   0.367222E-02   0.350000E-03
 388   0.781423E-03  -0.461371E-03   0.354267E-01   0.345576E-02   0.450000E-03
 389  -0.772862E-04   0.789457E-04   0.360811E-01   0.337609E-02   0.200000E-03
 390   0.354078E-03   0.241585E-03   0.364900E-01   0.292732E-02   0.400000E-03
 391   0.745848E-03   0.154471E-03   0.376957E-01   0.252494E-02   0.300000E-03
 392   0.180360E-02   0.605238E-03   0.390522E-01   0.192751E-02   0.250000E-03
 393   0.537504E-05  -0.122522E-03   0.396208E-01   0.211379E-02   0.350000E-03
 394   0.812345E-03   0.583067E-03   0.422179E-01   0.126129E-02   0.300000E-03
 395   0.196112E-03   0.363622E-03   0.438964E-01   0.146581E-02   0.300000E-03
 396  -0.488265E-03  -0.422423E-03   0.444076E-01   0.241332E-02   0.200000E-03
 397   0.921764E-04  -0.339278E-03   0.973683E-03   0.356949E-02   0.400000E-03
 398   0.183168E-03  -0.372857E-03   0.271240E-02   0.238496E-02   0.300000E-03
 399   0.437132E-03   0.338837E-03   0.350410E-02   0.239926E-02   0.300000E-03
 400   0.361815E-03  -0.401720E-03   0.422252E-02   0.245949E-02   0.400000E-03
 401   0.415276E-03  -0.289965E-03   0.573141E-02   0.400208E-02   0.200000E-03
 402   0.489382E-03  -0.145019E-03   0.725900E-02   0.346955E-02   0.350000E-03
 403   0.501192E-03  -0.182751E-03   0.851610E-02   0.374184E-02   0.250000E-03
 404  -0.315648E-03  -0.357648E-03   0.906466E-02   0.370967E-02   0.300000E-03
 405   0.155584E-02   0.343164E-03   0.119632E-01   0.354190E-02   0.200000E-03
 406   0.634195E-03   0.181931E-03   0.125236E-01   0.332530E-02   0.400000E-03
 407   0.473794E-03   0.126344E-03   0.131991E-01   0.315019E-02   0.300000E-03
 408   0.551437E-03  -0.120577E-03   0.142105E-01   0.339125E-02   0.400000E-03
 409   0.937379E-03  -0.309154E-03   0.157061E-01   0.356607E-02   0.350000E-03
 410   0.108953E-02  -0.283708E-03   0.161625E-01   0.402366E-02   0.300000E-03
 411  -0.716736E-04  -0.509234E-03   0.167000E-01   0.428770E-02   0.300000E-03
 412   0.324198E-03  -0.360127E-03   0.182615E-01   0.357285E-02   0.400000E-03
 413   0.662578E-03  -0.380189E-04   0.202338E-01   0.398797E-02   0.300000E-03
 414   0.711680E-03   0.616887E-03   0.207413E-01   0.374654E-02   0.250000E-03
 415   0.806034E-03   0.118847E-03   0.208010E-01   0.439133E-02   0.400000E-03
 416   0.120530E-02  -0.408228E-03   0.223573E-01   0.405813E-02   0.400000E-03
 417   0.542127E-03   0.106363E-03   0.233069E-01   0.360314E-02   0.300000E-03
 418   0.101089E-02  -0.372717E-03   0.250514E-01   0.365635E-02   0.350000E-03
 419   0.643531E-03  -0.787062E-03   0.277121E-01   0.307856E-02   0.350000E-03
 420  -0.553650E-03  -0.437812E-03   0.282806E-01   0.290759E-02   0.250000E-03
 421  -0.329607E-03  -0.623198E-03   0.295113E-01   0.311418E-02   0.350000E-03
 422  -0.881188E-03  -0.116227E-02   0.313227E-01   0.307913E-02   0.450000E-03
 423  -0.296079E-03  -0.550455E-03   0.338123E-01   0.337869E-02   0.350000E-03
 424   0.445855E-03  -0.444872E-03   0.347375E-01   0.374400E-02   0.300000E-03
 425   0.212759E-03   0.176419E-03   0.370007E-01   0.340055E-02   0.300000E-03
 426   0.820211E-03   0.195248E-03   0.371815E-01   0.282849E-02   0.300000E-03
 427   0.537095E-03  -0.127992E-03   0.380400E-01   0.312340E-02   0.300000E-03
 428   0.819171E-03   0.813834E-03   0.385859E-01   0.210207E-02   0.250000E-03
 429  -0.136122E-02   0.358135E-03   0.402357E-01   0.191634E-02   0.300000E-03
 430   0.372942E-03   0.316879E-03   0.419312E-01   0.188597E-02   0.350000E-03
 431   0.494971E-03   0.432600E-03   0.426718E-01   0.179164E-02   0.400000E-03
 432   0.389408E-04   0.422080E-03   0.432994E-01   0.148534E-02   0.300000E-03
 433  -0.312146E-03  -0.289896E-03   0.347840E-03   0.404753E-02   0.350000E-03
 434  -0.216679E-02  -0.270837E-03   0.162426E-02   0.192554E-02   0.200000E-03
 435   0.874342E-03  -0.508660E-03   0.317153E-02   0.294904E-02   0.350000E-03
 436   0.602188E-03   0.797224E-04   0.527586E-02   0.296126E-02   0.250000E-03
 437   0.201959E-03  -0.715347E-03   0.565949E-02   0.361328E-02   0.200000E-03
 438   0.562474E-03  -0.353918E-03   0.674616E-02   0.386670E-02   0.300000E-03
 439  -0.493301E-04  -0.132237E-03   0.792574E-02   0.365889E-02   0.350000E-03
 440   0.448467E-03  -0.259682E-03   0.108768E-01   0.378524E-02   0.200000E-03
 441   0.536701E-03  -0.471840E-03   0.109105E-01   0.328899E-02   0.300000E-03
 442   0.107265E-02  -0.304750E-03   0.130729E-01   0.375869E-02   0.300000E-03
 443   0.350723E-03  -0.514631E-05   0.135797E-01   0.354561E-02   0.250000E-03
 444   0.112832E-02  -0.793226E-03   0.152061E-01   0.397805E-02   0.300000E-03
 445   0.116251E-02  -0.811651E-03   0.156575E-01   0.450675E-02   0.400000E-03
 446   0.933343E-03  -0.966587E-03   0.162559E-01   0.450977E-02   0.200000E-03
 447   0.577569E-02   0.348241E-02   0.171922E-01   0.462185E-02   0.300000E-03
 448   0.556767E-03  -0.339498E-03   0.182782E-01   0.447028E-02   0.500000E-03
 449   0.359144E-03  -0.460758E-03   0.191716E-01   0.444361E-02   0.400000E-03
 450   0.104906E-02  -0.362341E-03   0.198666E-01   0.445972E-02   0.300000E-03
 451   0.671427E-03   0.161587E-03   0.214806E-01   0.397219E-02   0.400000E-03
 452   0.674979E-03   0.217130E-03   0.218597E-01   0.461704E-02   0.350000E-03
 453   0.888687E-03  -0.278776E-03   0.239622E-01   0.396021E-02   0.350000E-03
 454   0.108027E-02  -0.322279E-03   0.256751E-01   0.334226E-02   0.350000E-03
 455   0.105056E-02  -0.378643E-03   0.269192E-01   0.305186E-02   0.200000E-03
 456  -0.503511E-03  -0.649427E-03   0.288169E-01   0.316432E-02   0.350000E-03
 457   0.112907E-03  -0.978524E-03   0.304409E-01   0.322468E-02   0.300000E-03
 458   0.387682E-03  -0.352494E-03   0.306909E-01   0.381436E-02   0.350000E-03
 459   0.110697E-03   0.213630E-03   0.317641E-01   0.374648E-02   0.350000E-03
 460   0.811461E-05  -0.343842E-03   0.341985E-01   0.383548E-02   0.250000E-03
 461   0.205173E-03   0.187288E-03   0.364814E-01   0.357537E-02   0.250000E-03
 462  -0.419347E-03   0.540026E-04   0.376597E-01   0.428662E-02   0.300000E-03
 463   0.540024E-03   0.265293E-03   0.382896E-01   0.258053E-02   0.300000E-03
 464  -0.167472E-03  -0.910830E-04   0.390279E-01   0.264125E-02   0.450000E-03
 465  -0.393909E-04   0.691855E-03   0.407129E-01   0.238553E-02   0.300000E-03
 466  -0.422691E-03   0.627564E-03   0.411690E-01   0.258550E-02   0.200000E-03
 467   0.105770E-03   0.368386E-03   0.435630E-01   0.256108E-02   0.250000E-03
 468  -0.984406E-03   0.730843E-03   0.435829E-01   0.383317E-02   0.350000E-03
 469   0.648836E-04   0.595743E-06   0.105579E-02   0.441433E-02   0.450000E-03
 470   0.379370E-03  -0.665029E-03   0.217742E-02   0.287010E-02   0.300000E-03
 471   0.266170E-03  -0.662290E-03   0.388396E-02   0.318008E-02   0.400000E-03
 472   0.348740E-03   0.405071E-03   0.458603E-02   0.305760E-02   0.300000E-03
 473   0.813183E-03  -0.685029E-03   0.506221E-02   0.357115E-02   0.400000E-03
 474   0.541457E-03  -0.453817E-03   0.745660E-02   0.402989E-02   0.250000E-03
 475   0.168414E-03   0.121950E-03   0.808697E-02   0.433853E-02   0.350000E-03
 476   0.553135E-03   0.297079E-03   0.954288E-02   0.407122E-02   0.300000E-03
 477   0.347888E-03  -0.111363E-03   0.112987E-01   0.297418E-02   0.200000E-03
 478   0.884964E-03  -0.941756E-04   0.122452E-01   0.401432E-02   0.350000E-03
 479   0.707885E-03  -0.156961E-03   0.141919E-01   0.403828E-02   0.250000E-03
 480   0.709697E-03  -0.401168E-04   0.146595E-01   0.386095E-02   0.250000E-03
 481   0.501066E-03  -0.225459E-03   0.147956E-01   0.434215E-02   0.250000E-03
 482   0.855549E-03  -0.281837E-03   0.162513E-01   0.510387E-02   0.400000E-03
 483   0.141063E-02   0.276214E-02   0.169488E-01   0.516992E-02   0.300000E-03
 484   0.489348E-03  -0.470795E-03   0.185475E-01   0.522090E-02   0.300000E-03
 485   0.365464E-03  -0.390927E-03   0.195455E-01   0.509151E-02   0.350000E-03
 486   0.107172E-02  -0.331939E-03   0.201899E-01   0.496320E-02   0.300000E-03
 487   0.965196E-03   0.172105E-03   0.212634E-01   0.497673E-02   0.350000E-03
 488   0.750816E-03   0.940483E-04   0.217804E-01   0.516036E-02   0.200000E-03
 489   0.871146E-03  -0.315596E-03   0.245600E-01   0.399789E-02   0.250000E-03
 490   0.291932E-03  -0.355556E-03   0.272210E-01   0.340216E-02   0.250000E-03
 491   0.128063E-03  -0.104032E-02   0.282384E-01   0.345786E-02   0.300000E-03
 492  -0.309947E-03  -0.265500E-03   0.292159E-01   0.379653E-02   0.400000E-03
 493  -0.571148E-03  -0.524338E-03   0.299605E-01   0.358380E-02   0.300000E-03
 494  -0.100151E-02   0.203769E-03   0.312233E-01   0.371867E-02   0.200000E-03
 495  -0.591674E-03  -0.545909E-03   0.328873E-01   0.400632E-02   0.200000E-03
 496  -0.362228E-04  -0.988772E-05   0.359402E-01   0.419068E-02   0.350000E-03
 497  -0.396076E-04   0.268465E-03   0.361119E-01   0.372305E-02   0.150000E-03
 498   0.945317E-04   0.254653E-03   0.373740E-01   0.381655E-02   0.250000E-03
 499  -0.752796E-04   0.326163E-03   0.375432E-01   0.334692E-02   0.250000E-03
 500  -0.278191E-03  -0.123621E-03   0.394085E-01   0.310469E-02   0.150000E-03
 501  -0.122150E-02   0.903905E-03   0.401700E-01   0.246075E-02   0.250000E-03
 502  -0.177348E-03   0.335190E-03   0.413258E-01   0.211487E-02   0.300000E-03
 503  -0.315403E-03   0.482611E-03   0.429688E-01   0.263557E-02   0.350000E-03
 504  -0.532519E-04   0.134777E-03   0.433063E-01   0.208124E-02   0.300000E-03
 505   0.321470E-03  -0.161158E-03   0.165216E-02   0.388309E-02   0.350000E-03
 506   0.389680E-03  -0.463873E-03   0.186950E-02   0.332500E-02   0.250000E-03
 507   0.913387E-03  -0.336757E-03   0.333108E-02   0.352676E-02   0.250000E-03
 508   0.210309E-03  -0.709899E-03   0.437241E-02   0.367970E-02   0.300000E-03
 509   0.722572E-03  -0.180676E-03   0.607520E-02   0.428881E-02   0.250000E-03
 510   0.563090E-03  -0.318685E-04   0.748213E-02   0.457177E-02   0.300000E-03
 511   0.419674E-03  -0.302534E-03   0.874884E-02   0.423588E-02   0.300000E-03
 512   0.515408E-03  -0.332900E-03   0.103293E-01   0.377365E-02   0.350000E-03
 513   0.821554E-03  -0.457522E-03   0.114586E-01   0.352308E-02   0.300000E-03
 514   0.862354E-03  -0.350105E-03   0.128656E-01   0.442762E-02   0.400000E-03
 515   0.337635E-03  -0.930085E-04   0.136015E-01   0.414453E-02   0.350000E-03
 516   0.681962E-03  -0.318549E-03   0.142726E-01   0.463018E-02   0.350000E-03
 517   0.179752E-03  -0.492297E-03   0.151140E-01   0.458341E-02   0.150000E-03
 518   0.831160E-03  -0.108835E-03   0.154725E-01   0.527969E-02   0.400000E-03
 519   0.125772E-02  -0.720177E-03   0.176652E-01   0.505431E-02   0.350000E-03
 520   0.490904E-03  -0.525472E-03   0.190620E-01   0.552543E-02   0.300000E-03
 521   0.929047E-03   0.215383E-03   0.200463E-01   0.564740E-02   0.400000E-03
 522   0.413621E-03  -0.795099E-03   0.206248E-01   0.529684E-02   0.250000E-03
 523   0.756551E-03  -0.340214E-03   0.217623E-01   0.560825E-02   0.250000E-03
 524   0.945607E-03  -0.573113E-03   0.230511E-01   0.414295E-02   0.300000E-03
 525   0.771742E-03  -0.281267E-03   0.251082E-01   0.440297E-02   0.400000E-03
 526   0.705065E-03  -0.493441E-03   0.255701E-01   0.395125E-02   0.250000E-03
 527   0.520720E-03   0.101955E-02   0.276999E-01   0.372809E-02   0.300000E-03
 528  -0.359382E-04  -0.899969E-03   0.291008E-01   0.453733E-02   0.350000E-03
 529   0.153512E-03   0.251316E-03   0.304343E-01   0.440103E-02   0.300000E-03
 530   0.489320E-03  -0.539321E-05   0.321483E-01   0.406638E-02   0.150000E-03
 531   0.713253E-03  -0.149939E-03   0.330473E-01   0.356897E-02   0.200000E-03
 532   0.692071E-03  -0.231452E-03   0.351961E-01   0.427212E-02   0.400000E-03
 533   0.165197E-03   0.182563E-03   0.368490E-01   0.397966E-02   0.300000E-03
 534   0.104007E-03  -0.329710E-03   0.382378E-01   0.444848E-02   0.300000E-03
 535   0.260042E-04   0.359817E-03   0.379205E-01   0.374631E-02   0.300000E-03
 536   0.378080E-03  -0.791029E-03   0.387106E-01   0.314770E-02   0.150000E-03
 537  -0.686423E-03   0.134432E-02   0.404500E-01   0.274511E-02   0.150000E-03
 538   0.510352E-07   0.708477E-03   0.417689E-01   0.251360E-02   0.300000E-03
 539   0.233602E-03   0.699083E-03   0.423589E-01   0.241408E-02   0.300000E-03
 540  -0.327817E-03   0.167847E-04   0.439694E-01   0.284515E-02   0.250000E-03
 541   0.457938E-03  -0.373917E-03   0.472028E-02   0.858243E-02   0.300000E-03
 542   0.479674E-03  -0.268028E-03   0.258180E-02   0.355596E-02   0.500000E-03
 543   0.404597E-03  -0.695922E-03   0.376336E-02   0.386611E-02   0.300000E-03
 544   0.202288E-03  -0.620956E-03   0.419995E-02   0.420035E-02   0.250000E-03
 545   0.832631E-03  -0.551162E-03   0.531489E-02   0.416746E-02   0.250000E-03
 546   0.218194E-03   0.100408E-03   0.857664E-02   0.496483E-02   0.450000E-03
 547   0.736572E-03  -0.938724E-04   0.923568E-02   0.458496E-02   0.300000E-03
 548   0.619073E-03   0.368495E-03   0.976142E-02   0.451805E-02   0.200000E-03
 549   0.542626E-03   0.158468E-03   0.110773E-01   0.434794E-02   0.400000E-03
 550   0.927851E-03  -0.931708E-04   0.116469E-01   0.403625E-02   0.250000E-03
 551   0.719567E-03  -0.449049E-03   0.135369E-01   0.494144E-02   0.450000E-03
 552   0.613499E-03  -0.311480E-03   0.142361E-01   0.532625E-02   0.350000E-03
 553   0.385001E-03  -0.270947E-03   0.148262E-01   0.486097E-02   0.250000E-03
 554   0.873638E-03  -0.299512E-03   0.150988E-01   0.580640E-02   0.250000E-03
 555   0.916742E-03  -0.100859E-03   0.160134E-01   0.586614E-02   0.400000E-03
 556   0.910130E-03  -0.782098E-03   0.180599E-01   0.556736E-02   0.300000E-03
 557   0.509008E-03  -0.520218E-03   0.188042E-01   0.485174E-02   0.150000E-03
 558   0.116379E-02  -0.228347E-03   0.211242E-01   0.571034E-02   0.400000E-03
 559   0.121673E-02  -0.231889E-03   0.225463E-01   0.467966E-02   0.250000E-03
 560   0.914544E-03  -0.101289E-03   0.236327E-01   0.445560E-02   0.250000E-03
 561   0.829349E-03  -0.157415E-03   0.258542E-01   0.447756E-02   0.350000E-03
 562   0.651246E-03  -0.691427E-03   0.261571E-01   0.384815E-02   0.350000E-03
 563   0.332693E-03  -0.359142E-03   0.284851E-01   0.411105E-02   0.400000E-03
 564   0.827234E-05  -0.129948E-02   0.285051E-01   0.481035E-02   0.300000E-03
 565   0.289087E-04   0.128434E-03   0.298090E-01   0.424826E-02   0.350000E-03
 566   0.292823E-03  -0.436380E-03   0.312646E-01   0.437114E-02   0.450000E-03
 567   0.502228E-04   0.508524E-04   0.332572E-01   0.328917E-02   0.150000E-03
 568  -0.519456E-03  -0.597104E-03   0.338545E-01   0.382468E-02   0.100000E-03
 569   0.235775E-03  -0.458301E-03   0.369825E-01   0.451010E-02   0.250000E-03
 570  -0.381103E-03   0.786690E-04   0.378121E-01   0.486967E-02   0.300000E-03
 571   0.235378E-03  -0.419510E-03   0.384787E-01   0.352781E-02   0.300000E-03
 572   0.165420E-03  -0.544879E-03   0.390770E-01   0.340778E-02   0.300000E-03
 573  -0.128159E-03   0.183759E-03   0.397529E-01   0.281592E-02   0.300000E-03
 574  -0.200915E-04   0.110261E-02   0.414274E-01   0.323246E-02   0.500000E-03
 575   0.159077E-03   0.910995E-03   0.421408E-01   0.291654E-02   0.250000E-03
 576  -0.553881E-03   0.962422E-04   0.444197E-01   0.385616E-02   0.300000E-03
 577  -0.252435E-03  -0.966937E-03   0.303757E-03   0.469442E-02   0.300000E-03
 578   0.612641E-03  -0.663038E-04   0.261579E-02   0.439948E-02   0.350000E-03
 579   0.526978E-03  -0.357273E-03   0.476636E-02   0.440053E-02   0.350000E-03
 580   0.904085E-03  -0.551110E-03   0.542970E-02   0.465296E-02   0.250000E-03
 581   0.453804E-03  -0.456667E-03   0.708110E-02   0.416698E-02   0.150000E-03
 582   0.371919E-03  -0.110699E-03   0.793407E-02   0.486652E-02   0.200000E-03
 583   0.410491E-03   0.284076E-03   0.994902E-02   0.492430E-02   0.250000E-03
 584   0.432263E-03   0.127568E-03   0.103394E-01   0.447120E-02   0.350000E-03
 585   0.531428E-03   0.760326E-04   0.107018E-01   0.518195E-02   0.450000E-03
 586   0.942954E-03  -0.135013E-03   0.118655E-01   0.453892E-02   0.300000E-03
 587   0.762843E-03  -0.222994E-03   0.123353E-01   0.470626E-02   0.200000E-03
 588   0.483606E-03  -0.365492E-03   0.136701E-01   0.557720E-02   0.200000E-03
 589   0.973604E-03  -0.286418E-03   0.148320E-01   0.538381E-02   0.250000E-03
 590   0.776502E-03  -0.796477E-04   0.154546E-01   0.608092E-02   0.200000E-03
 591   0.916776E-03  -0.307539E-03   0.173619E-01   0.556529E-02   0.250000E-03
 592   0.944739E-03  -0.160462E-03   0.181142E-01   0.616233E-02   0.300000E-03
 593   0.731532E-03  -0.103985E-03   0.194344E-01   0.599294E-02   0.300000E-03
 594   0.793943E-03   0.669903E-04   0.205571E-01   0.619579E-02   0.350000E-03
 595   0.620645E-03  -0.286259E-05   0.221691E-01   0.507025E-02   0.200000E-03
 596   0.952927E-03  -0.200088E-03   0.231366E-01   0.478590E-02   0.350000E-03
 597   0.883366E-03  -0.334463E-03   0.243374E-01   0.460698E-02   0.400000E-03
 598   0.907421E-03  -0.280778E-03   0.265525E-01   0.442082E-02   0.350000E-03
 599   0.382339E-03  -0.664303E-03   0.271016E-01   0.398778E-02   0.350000E-03
 600   0.671502E-06   0.232793E-03   0.298472E-01   0.489504E-02   0.300000E-03
 601   0.327943E-04   0.312889E-03   0.304782E-01   0.504038E-02   0.350000E-03
 602   0.315921E-03  -0.496341E-03   0.309530E-01   0.488368E-02   0.150000E-03
 603  -0.405296E-03   0.310662E-03   0.330298E-01   0.453553E-02   0.350000E-03
 604  -0.206377E-03  -0.495395E-03   0.334323E-01   0.396343E-02   0.350000E-03
 605  -0.108865E-03  -0.150900E-03   0.363970E-01   0.478323E-02   0.400000E-03
 606   0.405755E-03   0.464345E-03   0.385052E-01   0.514843E-02   0.450000E-03
 607   0.267519E-03  -0.464249E-03   0.386172E-01   0.405396E-02   0.250000E-03
 608   0.156136E-03   0.463390E-03   0.396745E-01   0.346702E-02   0.300000E-03
 609  -0.162168E-03   0.415048E-04   0.402701E-01   0.320676E-02   0.350000E-03
 610   0.161699E-02  -0.352051E-03   0.408914E-01   0.279809E-02   0.150000E-03
 611  -0.476821E-03   0.976737E-03   0.428130E-01   0.362556E-02   0.450000E-03
 612   0.107778E-03   0.541802E-03   0.434484E-01   0.314562E-02   0.350000E-03
 613   0.904794E-03  -0.672632E-03   0.104083E-01   0.864725E-02   0.350000E-03
 614   0.312569E-03  -0.143507E-03   0.313778E-02   0.456364E-02   0.200000E-03
 615   0.371190E-03  -0.176768E-03   0.368243E-02   0.450785E-02   0.350000E-03
 616   0.425602E-03  -0.645507E-04   0.568029E-02   0.434537E-02   0.150000E-03
 617   0.489673E-03  -0.246680E-03   0.663176E-02   0.450450E-02   0.350000E-03
 618   0.418749E-03  -0.179795E-03   0.812147E-02   0.555774E-02   0.300000E-03
 619   0.687374E-03   0.280781E-03   0.929400E-02   0.518096E-02   0.300000E-03
 620   0.525711E-03   0.804631E-04   0.987195E-02   0.556728E-02   0.400000E-03
 621   0.531179E-03   0.273079E-03   0.113918E-01   0.536968E-02   0.250000E-03
 622   0.403961E-03   0.198544E-03   0.114402E-01   0.488012E-02   0.250000E-03
 623   0.953193E-03   0.528258E-04   0.126604E-01   0.514885E-02   0.350000E-03
 624   0.583749E-03  -0.321724E-03   0.139902E-01   0.581661E-02   0.200000E-03
 625   0.587915E-03  -0.291378E-03   0.145201E-01   0.596033E-02   0.350000E-03
 626   0.945527E-03   0.114677E-03   0.166247E-01   0.550338E-02   0.150000E-03
 627   0.484194E-03  -0.155923E-03   0.169284E-01   0.567036E-02   0.200000E-03
 628   0.103865E-02  -0.942675E-04   0.175194E-01   0.608707E-02   0.300000E-03
 629   0.112649E-02  -0.356853E-04   0.187219E-01   0.659378E-02   0.450000E-03
 630   0.805998E-03   0.563332E-03   0.217754E-01   0.615800E-02   0.300000E-03
 631   0.785538E-03  -0.195476E-04   0.226656E-01   0.530172E-02   0.350000E-03
 632   0.833990E-03  -0.284098E-03   0.237525E-01   0.499043E-02   0.300000E-03
 633   0.962991E-03  -0.295820E-03   0.245855E-01   0.520558E-02   0.250000E-03
 634   0.308887E-03  -0.436654E-03   0.270868E-01   0.453464E-02   0.200000E-03
 635   0.641863E-03  -0.474801E-03   0.277286E-01   0.447935E-02   0.450000E-03
 636   0.309122E-03  -0.299063E-05   0.293073E-01   0.515217E-02   0.300000E-03
 637   0.137527E-03  -0.846965E-04   0.302796E-01   0.565491E-02   0.300000E-03
 638   0.520214E-03  -0.485238E-04   0.321467E-01   0.474826E-02   0.350000E-03
 639   0.168050E-03   0.287367E-03   0.342847E-01   0.479724E-02   0.250000E-03
 640   0.243394E-03  -0.414746E-04   0.344985E-01   0.429425E-02   0.300000E-03
 641   0.196058E-03   0.196043E-03   0.368741E-01   0.529298E-02   0.300000E-03
 642   0.383146E-03   0.113113E-03   0.372680E-01   0.491316E-02   0.250000E-03
 643   0.460256E-03   0.618797E-03   0.388001E-01   0.451488E-02   0.250000E-03
 644   0.265909E-03  -0.181071E-03   0.392818E-01   0.407701E-02   0.400000E-03
 645   0.522285E-03   0.107824E-02   0.417288E-01   0.386367E-02   0.200000E-03
 646   0.188378E-02  -0.160503E-03   0.407897E-01   0.335636E-02   0.150000E-03
 647  -0.579654E-03   0.724880E-03   0.425781E-01   0.302062E-02   0.200000E-03
 648  -0.375323E-03  -0.107769E-03   0.448031E-01   0.353927E-02   0.200000E-03
 649   0.423248E-03  -0.540250E-03   0.720348E-03   0.497063E-02   0.200000E-03
 650   0.611247E-03  -0.197803E-03   0.266255E-02   0.509169E-02   0.350000E-03
 651   0.387096E-03  -0.816528E-03   0.319784E-02   0.406617E-02   0.300000E-03
 652   0.116681E-03  -0.446012E-03   0.458134E-02   0.499569E-02   0.200000E-03
 653   0.608554E-03  -0.704803E-03   0.656061E-02   0.499729E-02   0.150000E-03
 654   0.571316E-03  -0.188861E-03   0.748626E-02   0.526545E-02   0.400000E-03
 655   0.249245E-03  -0.809327E-04   0.875286E-02   0.574427E-02   0.350000E-03
 656   0.526937E-03   0.900839E-05   0.932639E-02   0.591868E-02   0.250000E-03
 657   0.921389E-03   0.314776E-03   0.104455E-01   0.596188E-02   0.300000E-03
 658   0.920809E-03   0.129266E-03   0.119613E-01   0.518096E-02   0.350000E-03
 659   0.561716E-03  -0.242968E-03   0.131363E-01   0.551370E-02   0.250000E-03
 660   0.518197E-03  -0.229462E-03   0.136046E-01   0.627517E-02   0.400000E-03
 661   0.796669E-03  -0.152029E-03   0.150350E-01   0.635119E-02   0.300000E-03
 662   0.796651E-03  -0.205670E-03   0.163468E-01   0.647819E-02   0.300000E-03
 663   0.131358E-02  -0.114426E-02   0.166509E-01   0.602200E-02   0.250000E-03
 664   0.905957E-03  -0.135338E-03   0.177573E-01   0.657965E-02   0.250000E-03
 665   0.952991E-03  -0.437719E-04   0.199246E-01   0.633562E-02   0.300000E-03
 666   0.102150E-02  -0.120806E-03   0.211792E-01   0.640706E-02   0.300000E-03
 667   0.951050E-03  -0.210026E-03   0.222704E-01   0.581358E-02   0.300000E-03
 668   0.696206E-03  -0.167847E-03   0.233234E-01   0.540799E-02   0.300000E-03
 669   0.862858E-03  -0.319915E-03   0.248000E-01   0.479614E-02   0.100000E-03
 670   0.878816E-03  -0.208066E-03   0.262907E-01   0.490074E-02   0.200000E-03
 671   0.939666E-03  -0.822914E-04   0.284327E-01   0.530503E-02   0.200000E-03
 672   0.870304E-03  -0.157626E-03   0.280342E-01   0.510720E-02   0.250000E-03
 673  -0.731287E-04   0.257348E-03   0.309814E-01   0.551444E-02   0.350000E-03
 674   0.304737E-03   0.643635E-04   0.315529E-01   0.511558E-02   0.350000E-03
 675   0.520868E-04   0.545925E-03   0.324964E-01   0.426588E-02   0.250000E-03
 676   0.215586E-03   0.306590E-03   0.347833E-01   0.477307E-02   0.250000E-03
 677   0.313010E-03   0.720168E-03   0.369648E-01   0.598521E-02   0.400000E-03
 678   0.180020E-03   0.209853E-03   0.374137E-01   0.539068E-02   0.250000E-03
 679   0.751146E-04   0.347965E-03   0.390954E-01   0.541779E-02   0.200000E-03
 680   0.370641E-03   0.488248E-03   0.392624E-01   0.489517E-02   0.350000E-03
 681   0.175121E-03   0.506902E-03   0.410992E-01   0.390229E-02   0.250000E-03
 682   0.484137E-04   0.110034E-02   0.421508E-01   0.341468E-02   0.250000E-03
 683  -0.858738E-03   0.735201E-03   0.440294E-01   0.455134E-02   0.500000E-03
 684  -0.364072E-03   0.361451E-03   0.440486E-01   0.338807E-02   0.300000E-03
 685   0.169698E-03  -0.259425E-03   0.348673E-03   0.741667E-02   0.350000E-03
 686   0.405612E-03  -0.411031E-03   0.332708E-02   0.567899E-02   0.350000E-03
 687   0.374455E-03  -0.241634E-03   0.330740E-02   0.503290E-02   0.300000E-03
 688   0.489965E-03  -0.481551E-03   0.502601E-02   0.494143E-02   0.250000E-03
 689   0.557411E-03  -0.111293E-03   0.706371E-02   0.484055E-02   0.200000E-03
 690   0.635799E-03  -0.294351E-03   0.760914E-02   0.599845E-02   0.350000E-03
 691   0.550297E-03  -0.241184E-03   0.876587E-02   0.652202E-02   0.350000E-03
 692   0.482238E-03  -0.278314E-03   0.988110E-02   0.626506E-02   0.300000E-03
 693   0.939331E-03  -0.121198E-03   0.103723E-01   0.650509E-02   0.250000E-03
 694   0.545361E-03   0.314782E-03   0.110891E-01   0.588082E-02   0.350000E-03
 695   0.425479E-03   0.105310E-04   0.128848E-01   0.605784E-02   0.350000E-03
 696   0.752199E-03  -0.264253E-04   0.146121E-01   0.727390E-02   0.250000E-03
 697   0.604083E-03  -0.321282E-03   0.143141E-01   0.667839E-02   0.400000E-03
 698   0.849531E-03  -0.240028E-03   0.156688E-01   0.664016E-02   0.400000E-03
 699   0.104136E-02  -0.179300E-03   0.170656E-01   0.668176E-02   0.450000E-03
 700   0.107898E-02   0.676600E-05   0.180980E-01   0.700913E-02   0.300000E-03
 701   0.859762E-03  -0.125711E-04   0.194610E-01   0.671207E-02   0.300000E-03
 702   0.916310E-03  -0.273703E-03   0.203301E-01   0.690503E-02   0.400000E-03
 703   0.723885E-03  -0.197702E-03   0.229454E-01   0.599595E-02   0.400000E-03
 704   0.872993E-03  -0.238115E-03   0.240795E-01   0.560787E-02   0.400000E-03
 705   0.821017E-03  -0.237340E-03   0.250592E-01   0.504976E-02   0.250000E-03
 706   0.795390E-03  -0.220232E-03   0.258770E-01   0.507514E-02   0.250000E-03
 707   0.291529E-03  -0.146412E-03   0.268918E-01   0.509817E-02   0.400000E-03
 708   0.233775E-04  -0.163315E-03   0.297750E-01   0.543929E-02   0.250000E-03
 709   0.482459E-03   0.172201E-03   0.320736E-01   0.529271E-02   0.200000E-03
 710   0.304715E-04  -0.291443E-03   0.326804E-01   0.502082E-02   0.250000E-03
 711   0.212516E-03   0.324127E-03   0.337236E-01   0.459607E-02   0.350000E-03
 712   0.678102E-04   0.980108E-04   0.351092E-01   0.521574E-02   0.300000E-03
 713   0.363305E-03   0.409550E-03   0.381535E-01   0.636064E-02   0.350000E-03
 714   0.454539E-03   0.414954E-03   0.379260E-01   0.569917E-02   0.350000E-03
 715   0.104708E-03   0.194345E-03   0.388333E-01   0.564614E-02   0.150000E-03
 716   0.691483E-03   0.243850E-03   0.397384E-01   0.453929E-02   0.250000E-03
 717  -0.271753E-03   0.234082E-03   0.400771E-01   0.366780E-02   0.150000E-03
 718  -0.155476E-04   0.747789E-03   0.421761E-01   0.391300E-02   0.250000E-03
 719  -0.154195E-02   0.133214E-02   0.448013E-01   0.546959E-02   0.200000E-03
 720  -0.742037E-03  -0.943814E-03   0.434073E-01   0.730893E-02   0.350000E-03
 721   0.472773E-03  -0.908150E-04   0.215336E-02   0.410751E-02   0.200000E-03
 722   0.386397E-03  -0.203974E-03   0.202072E-02   0.518344E-02   0.300000E-03
 723   0.310819E-03  -0.217891E-03   0.424939E-02   0.469727E-02   0.250000E-03
 724   0.796927E-03  -0.668740E-03   0.601449E-02   0.493542E-02   0.400000E-03
 725   0.405015E-03   0.202487E-03   0.692872E-02   0.516250E-02   0.150000E-03
 726   0.609435E-03  -0.285485E-04   0.653513E-02   0.554477E-02   0.400000E-03
 727   0.449585E-03  -0.329997E-03   0.824124E-02   0.614443E-02   0.300000E-03
 728   0.498120E-03  -0.317869E-03   0.935484E-02   0.641689E-02   0.250000E-03
 729   0.575386E-03  -0.221787E-03   0.971152E-02   0.684024E-02   0.300000E-03
 730   0.919646E-03   0.103516E-03   0.123334E-01   0.565138E-02   0.250000E-03
 731   0.565862E-03   0.271634E-03   0.121971E-01   0.625148E-02   0.350000E-03
 732   0.266076E-03   0.304803E-04   0.130858E-01   0.666209E-02   0.250000E-03
 733   0.842938E-03  -0.230511E-03   0.149284E-01   0.688910E-02   0.250000E-03
 734   0.573040E-03   0.455729E-03   0.161827E-01   0.694985E-02   0.200000E-03
 735   0.118925E-02  -0.550619E-04   0.175332E-01   0.732908E-02   0.350000E-03
 736   0.961202E-03  -0.319109E-03   0.190366E-01   0.738248E-02   0.400000E-03
 737   0.741231E-03  -0.225798E-03   0.197226E-01   0.725094E-02   0.300000E-03
 738   0.995236E-03  -0.182143E-03   0.214055E-01   0.706766E-02   0.400000E-03
 739   0.884480E-03  -0.342977E-03   0.223538E-01   0.645554E-02   0.350000E-03
 740   0.769753E-03  -0.216435E-03   0.236576E-01   0.622686E-02   0.350000E-03
 741   0.850821E-03  -0.445535E-03   0.247503E-01   0.567410E-02   0.250000E-03
 742   0.854686E-03  -0.413662E-03   0.262965E-01   0.534963E-02   0.250000E-03
 743   0.620891E-03  -0.827622E-04   0.275377E-01   0.515097E-02   0.250000E-03
 744   0.951506E-03  -0.642428E-04   0.288145E-01   0.520287E-02   0.200000E-03
 745   0.324888E-03   0.150548E-02   0.315605E-01   0.571523E-02   0.250000E-03
 746   0.107613E-03  -0.661075E-04   0.328009E-01   0.560636E-02   0.350000E-03
 747  -0.285105E-03   0.301807E-03   0.332564E-01   0.514363E-02   0.300000E-03
 748   0.604435E-03  -0.236129E-03   0.356524E-01   0.486151E-02   0.350000E-03
 749  -0.187675E-03   0.327778E-03   0.363075E-01   0.547682E-02   0.300000E-03
 750  -0.175204E-03   0.371119E-03   0.385014E-01   0.586759E-02   0.250000E-03
 751   0.191339E-03   0.243557E-03   0.391599E-01   0.594895E-02   0.300000E-03
 752   0.417494E-03   0.628040E-03   0.401922E-01   0.423874E-02   0.300000E-03
 753   0.183389E-02  -0.715982E-03   0.407476E-01   0.305971E-02   0.150000E-03
 754   0.514698E-03   0.295506E-03   0.418930E-01   0.419397E-02   0.150000E-03
 755  -0.163860E-05   0.174846E-03   0.425378E-01   0.415656E-02   0.150000E-03
 756  -0.609026E-03  -0.664829E-03   0.431114E-01   0.673042E-02   0.300000E-03
 757   0.415787E-03   0.164260E-04   0.184131E-02   0.455936E-02   0.350000E-03
 758   0.178829E-03  -0.447693E-03   0.402171E-02   0.575755E-02   0.350000E-03
 759   0.257469E-03  -0.208961E-03   0.389975E-02   0.512013E-02   0.300000E-03
 760   0.113058E-03  -0.312336E-03   0.473722E-02   0.564561E-02   0.300000E-03
 761   0.547211E-03  -0.428360E-03   0.541183E-02   0.546043E-02   0.400000E-03
 762   0.781780E-03  -0.197522E-03   0.593620E-02   0.599388E-02   0.350000E-03
 763   0.462460E-03  -0.324647E-03   0.690473E-02   0.625264E-02   0.400000E-03
 764   0.946173E-03  -0.411275E-03   0.817086E-02   0.678266E-02   0.300000E-03
 765   0.495908E-03   0.123007E-03   0.115197E-01   0.642734E-02   0.350000E-03
 766   0.713516E-03   0.525620E-03   0.117393E-01   0.579141E-02   0.300000E-03
 767   0.379251E-03   0.104572E-03   0.126516E-01   0.655522E-02   0.200000E-03
 768   0.594979E-03   0.125615E-03   0.137077E-01   0.691588E-02   0.250000E-03
 769   0.919346E-03  -0.654755E-04   0.152269E-01   0.740788E-02   0.350000E-03
 770   0.894987E-03  -0.388598E-04   0.158101E-01   0.727272E-02   0.250000E-03
 771   0.917019E-03  -0.124959E-03   0.165361E-01   0.683003E-02   0.100000E-03
 772   0.867210E-03  -0.314188E-03   0.183942E-01   0.746873E-02   0.250000E-03
 773   0.101453E-02   0.217762E-03   0.200817E-01   0.785073E-02   0.400000E-03
 774   0.931993E-03  -0.124666E-03   0.207890E-01   0.749243E-02   0.350000E-03
 775   0.763689E-03  -0.980281E-04   0.231884E-01   0.659751E-02   0.250000E-03
 776   0.872689E-03  -0.927480E-04   0.247809E-01   0.611991E-02   0.200000E-03
 777   0.803985E-03  -0.256682E-03   0.254741E-01   0.487674E-02   0.200000E-03
 778   0.850337E-03  -0.420021E-03   0.258856E-01   0.552263E-02   0.200000E-03
 779   0.548870E-03  -0.119586E-02   0.275850E-01   0.569685E-02   0.300000E-03
 780   0.322522E-03  -0.350534E-03   0.292988E-01   0.580100E-02   0.350000E-03
 781  -0.447427E-04  -0.202784E-03   0.306695E-01   0.596605E-02   0.200000E-03
 782   0.550958E-03   0.141540E-02   0.321053E-01   0.579118E-02   0.300000E-03
 783   0.241393E-03   0.405949E-03   0.338923E-01   0.527406E-02   0.350000E-03
 784   0.270125E-03   0.424147E-03   0.344374E-01   0.521669E-02   0.200000E-03
 785   0.567333E-03   0.294601E-03   0.356658E-01   0.556018E-02   0.350000E-03
 786   0.183549E-02   0.850598E-03   0.375802E-01   0.619072E-02   0.250000E-03
 787  -0.193609E-03   0.176987E-03   0.397229E-01   0.615046E-02   0.300000E-03
 788   0.363286E-03   0.401120E-03   0.396360E-01   0.550406E-02   0.350000E-03
 789   0.343139E-03   0.687422E-03   0.405680E-01   0.377505E-02   0.300000E-03
 790   0.142452E-03   0.438350E-03   0.414598E-01   0.430542E-02   0.300000E-03
 791  -0.648508E-03   0.352847E-03   0.431264E-01   0.436110E-02   0.350000E-03
 792  -0.881382E-03   0.285273E-03   0.438874E-01   0.518526E-02   0.150000E-03
 793   0.581202E-03  -0.335705E-03   0.284347E-02   0.555580E-02   0.150000E-03
 794   0.661935E-03  -0.335433E-03   0.242292E-02   0.552583E-02   0.150000E-03
 795   0.731404E-04  -0.307680E-03   0.435587E-02   0.532299E-02   0.200000E-03
 796   0.424397E-03  -0.341405E-03   0.265321E-02   0.655010E-02   0.300000E-03
 797   0.186868E-03  -0.472102E-03   0.451315E-02   0.632259E-02   0.400000E-03
 798   0.620799E-03  -0.621587E-03   0.518279E-02   0.612033E-02   0.300000E-03
 799   0.578477E-03  -0.406267E-03   0.752777E-02   0.668905E-02   0.350000E-03
 800   0.660593E-03   0.317448E-03   0.883434E-02   0.711709E-02   0.250000E-03
 801   0.899316E-03  -0.186672E-03   0.107851E-01   0.678499E-02   0.250000E-03
 802   0.654775E-03  -0.224980E-03   0.112520E-01   0.696373E-02   0.250000E-03
 803   0.593869E-03   0.203320E-03   0.119779E-01   0.680950E-02   0.250000E-03
 804   0.422541E-03   0.990319E-04   0.132320E-01   0.719167E-02   0.300000E-03
 805   0.435400E-03  -0.269894E-04   0.140668E-01   0.733190E-02   0.300000E-03
 806   0.954561E-03  -0.193856E-03   0.157071E-01   0.771012E-02   0.200000E-03
 807   0.134634E-02   0.117253E-03   0.179585E-01   0.775141E-02   0.250000E-03
 808   0.967647E-03  -0.362719E-03   0.190574E-01   0.823076E-02   0.450000E-03
 809   0.699859E-03  -0.249189E-03   0.213715E-01   0.777720E-02   0.300000E-03
 810   0.882999E-03  -0.242599E-03   0.221043E-01   0.705310E-02   0.300000E-03
 811   0.807853E-03  -0.197039E-03   0.236808E-01   0.687413E-02   0.300000E-03
 812   0.809389E-03  -0.125254E-03   0.243053E-01   0.626959E-02   0.300000E-03
 813   0.738558E-03  -0.352725E-03   0.253414E-01   0.557839E-02   0.350000E-03
 814  -0.457976E-04  -0.124230E-02   0.270861E-01   0.566534E-02   0.200000E-03
 815   0.827172E-03  -0.448372E-03   0.285554E-01   0.588945E-02   0.400000E-03
 816  -0.230520E-03   0.324681E-03   0.312142E-01   0.600530E-02   0.200000E-03
 817   0.736339E-04   0.358839E-03   0.302212E-01   0.625039E-02   0.300000E-03
 818  -0.207724E-03   0.662104E-03   0.325436E-01   0.620048E-02   0.300000E-03
 819   0.614256E-03   0.426739E-04   0.334371E-01   0.573613E-02   0.300000E-03
 820   0.392253E-04   0.104071E-03   0.346922E-01   0.564328E-02   0.300000E-03
 821  -0.186851E-03   0.781489E-03   0.361857E-01   0.606233E-02   0.300000E-03
 822  -0.103430E-03   0.111330E-03   0.378152E-01   0.691551E-02   0.300000E-03
 823   0.109850E-03   0.339923E-03   0.387502E-01   0.631442E-02   0.250000E-03
 824   0.443560E-03   0.565954E-04   0.408181E-01   0.557523E-02   0.350000E-03
 825   0.403834E-03  -0.693536E-05   0.402597E-01   0.500425E-02   0.450000E-03
 826   0.418514E-03  -0.714699E-04   0.408140E-01   0.442915E-02   0.350000E-03
 827  -0.862706E-04   0.211898E-03   0.422299E-01   0.440934E-02   0.250000E-03
 828  -0.492742E-03  -0.223864E-03   0.402862E-01   0.693929E-02   0.350000E-03
 829   0.414432E-03  -0.315313E-04   0.263031E-02   0.595096E-02   0.300000E-03
 830  -0.216155E-03  -0.640314E-03   0.299515E-03   0.529311E-02   0.300000E-03
 831  -0.205432E-03  -0.115043E-02   0.314352E-03   0.579240E-02   0.200000E-03
 832   0.354736E-03  -0.260798E-03   0.310142E-02   0.623403E-02   0.250000E-03
 833   0.295917E-03  -0.547761E-03   0.329391E-02   0.674797E-02   0.300000E-03
 834   0.554840E-03  -0.227153E-03   0.509264E-02   0.671315E-02   0.300000E-03
 835   0.856837E-03  -0.551238E-03   0.577172E-02   0.687924E-02   0.300000E-03
 836   0.555782E-03  -0.214697E-04   0.760409E-02   0.738274E-02   0.350000E-03
 837   0.852148E-03  -0.147655E-03   0.107882E-01   0.633716E-02   0.200000E-03
 838   0.738790E-03  -0.152496E-03   0.117313E-01   0.735542E-02   0.350000E-03
 839   0.356770E-03   0.111417E-03   0.125348E-01   0.714244E-02   0.400000E-03
 840   0.415527E-03  -0.152258E-03   0.141300E-01   0.792799E-02   0.300000E-03
 841   0.727729E-03  -0.762966E-04   0.147186E-01   0.781254E-02   0.300000E-03
 842   0.126632E-02  -0.134831E-03   0.169774E-01   0.766254E-02   0.300000E-03
 843   0.897087E-03  -0.107423E-03   0.184095E-01   0.796621E-02   0.250000E-03
 844   0.125529E-02  -0.254479E-03   0.197662E-01   0.847524E-02   0.300000E-03
 845   0.936205E-03   0.185949E-03   0.207499E-01   0.818966E-02   0.350000E-03
 846   0.928282E-03  -0.348682E-03   0.218719E-01   0.755073E-02   0.250000E-03
 847   0.744655E-03  -0.193691E-05   0.231461E-01   0.714463E-02   0.300000E-03
 848   0.816899E-03  -0.179969E-03   0.243743E-01   0.696413E-02   0.400000E-03
 849   0.455830E-03  -0.291731E-03   0.253062E-01   0.627880E-02   0.350000E-03
 850   0.578042E-03  -0.686439E-03   0.266421E-01   0.563828E-02   0.200000E-03
 851   0.527147E-03  -0.431902E-03   0.264905E-01   0.611003E-02   0.300000E-03
 852   0.178802E-04  -0.470735E-03   0.298646E-01   0.582882E-02   0.150000E-03
 853  -0.263760E-03   0.369267E-03   0.316634E-01   0.631756E-02   0.350000E-03
 854  -0.319193E-03   0.354005E-03   0.327430E-01   0.681733E-02   0.350000E-03
 855  -0.529890E-04   0.877383E-03   0.331408E-01   0.625754E-02   0.300000E-03
 856   0.148694E-03   0.625766E-04   0.340921E-01   0.599567E-02   0.400000E-03
 857   0.441803E-03   0.441282E-03   0.351839E-01   0.606284E-02   0.350000E-03
 858   0.132349E-03   0.121910E-02   0.365440E-01   0.654242E-02   0.300000E-03
 859   0.399203E-04   0.101068E-04   0.392858E-01   0.648338E-02   0.250000E-03
 860  -0.221288E-04   0.213996E-03   0.402115E-01   0.580264E-02   0.300000E-03
 861   0.603721E-04   0.446023E-04   0.415153E-01   0.558727E-02   0.350000E-03
 862   0.484085E-03   0.171871E-03   0.409927E-01   0.500147E-02   0.250000E-03
 863  -0.401535E-03   0.395922E-03   0.432892E-01   0.514358E-02   0.450000E-03
 864  -0.102392E-02  -0.720244E-04   0.445520E-01   0.606893E-02   0.450000E-03
 865   0.979981E-04  -0.227864E-03   0.137319E-02   0.514160E-02   0.350000E-03
 866   0.232589E-03  -0.344593E-04   0.171014E-02   0.557342E-02   0.200000E-03
 867   0.294694E-03  -0.376656E-03   0.203222E-02   0.636410E-02   0.350000E-03
 868   0.226568E-03  -0.528112E-03   0.373109E-02   0.633808E-02   0.300000E-03
 869   0.296430E-03  -0.413416E-03   0.338599E-02   0.728784E-02   0.250000E-03
 870   0.659166E-03  -0.411822E-03   0.627244E-02   0.654919E-02   0.300000E-03
 871   0.487902E-03  -0.433812E-03   0.693443E-02   0.695146E-02   0.300000E-03
 872   0.478873E-03  -0.294389E-03   0.921160E-02   0.684200E-02   0.200000E-03
 873   0.911518E-03   0.108825E-03   0.102850E-01   0.704460E-02   0.300000E-03
 874   0.831565E-03  -0.418708E-03   0.116827E-01   0.801505E-02   0.300000E-03
 875   0.564435E-03  -0.295890E-03   0.122306E-01   0.777099E-02   0.300000E-03
 876   0.352984E-03   0.398366E-04   0.135801E-01   0.767782E-02   0.300000E-03
 877   0.712907E-03   0.364779E-04   0.147058E-01   0.841203E-02   0.300000E-03
 878   0.122164E-02  -0.135993E-03   0.163378E-01   0.755573E-02   0.350000E-03
 879   0.122251E-02  -0.413298E-03   0.174614E-01   0.792305E-02   0.250000E-03
 880   0.127513E-02  -0.326275E-03   0.177152E-01   0.840988E-02   0.300000E-03
 881   0.899144E-03  -0.934809E-04   0.218423E-01   0.814829E-02   0.300000E-03
 882   0.118264E-02  -0.111980E-03   0.226113E-01   0.726289E-02   0.250000E-03
 883   0.117613E-02  -0.199379E-03   0.227983E-01   0.668222E-02   0.150000E-03
 884   0.814142E-03  -0.171533E-03   0.238507E-01   0.749999E-02   0.350000E-03
 885   0.871979E-03  -0.419075E-03   0.257352E-01   0.740289E-02   0.400000E-03
 886   0.879469E-03  -0.397992E-03   0.258993E-01   0.601970E-02   0.300000E-03
 887   0.723935E-03  -0.706726E-04   0.282753E-01   0.658216E-02   0.350000E-03
 888   0.465010E-03   0.146735E-03   0.295398E-01   0.656215E-02   0.450000E-03
 889  -0.204553E-04  -0.112822E-03   0.308994E-01   0.657266E-02   0.450000E-03
 890  -0.384363E-04   0.481038E-03   0.321826E-01   0.661370E-02   0.250000E-03
 891   0.365000E-03  -0.220257E-03   0.336930E-01   0.662812E-02   0.350000E-03
 892   0.457558E-03   0.395503E-03   0.346399E-01   0.657727E-02   0.400000E-03
 893   0.352943E-03   0.377737E-03   0.357153E-01   0.643339E-02   0.300000E-03
 894   0.154024E-03   0.199727E-03   0.385783E-01   0.678320E-02   0.250000E-03
 895   0.345851E-03   0.241016E-03   0.390855E-01   0.699522E-02   0.300000E-03
 896  -0.351401E-03  -0.924292E-03   0.419225E-01   0.696411E-02   0.300000E-03
 897   0.734288E-03  -0.424429E-03   0.424734E-01   0.661863E-02   0.350000E-03
 898  -0.343314E-03   0.107342E-03   0.426342E-01   0.460511E-02   0.200000E-03
 899   0.574082E-03   0.346526E-03   0.424940E-01   0.520232E-02   0.350000E-03
 900  -0.521095E-03   0.177064E-03   0.438297E-01   0.572830E-02   0.350000E-03
 901   0.765130E-04   0.945121E-05   0.129238E-02   0.573355E-02   0.250000E-03
 902   0.357531E-03  -0.539112E-03   0.310202E-02   0.769882E-02   0.250000E-03
 903   0.258087E-03  -0.202793E-04   0.211119E-02   0.577077E-02   0.250000E-03
 904   0.416050E-03  -0.364107E-03   0.279574E-02   0.718301E-02   0.350000E-03
 905   0.225907E-03  -0.541380E-03   0.403417E-02   0.702397E-02   0.450000E-03
 906   0.262863E-03  -0.292239E-03   0.589374E-02   0.741886E-02   0.250000E-03
 907   0.930900E-03  -0.369933E-03   0.558488E-02   0.641590E-02   0.200000E-03
 908   0.655770E-03  -0.210180E-03   0.886010E-02   0.766568E-02   0.300000E-03
 909   0.586245E-03   0.909113E-04   0.935101E-02   0.732071E-02   0.300000E-03
 910   0.872746E-03  -0.175948E-03   0.100923E-01   0.807948E-02   0.300000E-03
 911   0.951649E-03  -0.310597E-03   0.112375E-01   0.769412E-02   0.250000E-03
 912   0.688014E-03   0.185695E-03   0.151989E-01   0.868786E-02   0.250000E-03
 913   0.816607E-03   0.128282E-04   0.153204E-01   0.810072E-02   0.350000E-03
 914   0.133974E-02  -0.507497E-03   0.160907E-01   0.831585E-02   0.450000E-03
 915   0.124697E-02  -0.425326E-03   0.169827E-01   0.836218E-02   0.400000E-03
 916   0.938644E-03   0.176430E-03   0.203348E-01   0.868757E-02   0.300000E-03
 917   0.668029E-03   0.462297E-03   0.199220E-01   0.912122E-02   0.300000E-03
 918   0.125667E-02  -0.310864E-03   0.224051E-01   0.782463E-02   0.350000E-03
 919   0.729337E-03  -0.291785E-03   0.231042E-01   0.779290E-02   0.350000E-03
 920   0.579127E-03   0.158505E-03   0.247289E-01   0.646553E-02   0.150000E-03
 921   0.761701E-03  -0.120178E-03   0.232775E-01   0.853631E-02   0.350000E-03
 922   0.823077E-03  -0.177133E-03   0.258873E-01   0.666881E-02   0.350000E-03
 923   0.615187E-03  -0.126230E-03   0.276186E-01   0.634486E-02   0.350000E-03
 924   0.522763E-04   0.497054E-03   0.288491E-01   0.713849E-02   0.450000E-03
 925  -0.860551E-04  -0.213456E-03   0.310729E-01   0.735278E-02   0.350000E-03
 926  -0.207005E-03  -0.124849E-03   0.315917E-01   0.696236E-02   0.300000E-03
 927  -0.735357E-05   0.476375E-03   0.336105E-01   0.717732E-02   0.200000E-03
 928   0.719293E-04  -0.733252E-03   0.341409E-01   0.649268E-02   0.100000E-03
 929   0.269028E-03   0.250477E-03   0.372036E-01   0.669586E-02   0.350000E-03
 930   0.117854E-02   0.970052E-05   0.412187E-01   0.664662E-02   0.300000E-03
 931   0.619775E-03  -0.614741E-03   0.411884E-01   0.608660E-02   0.250000E-03
 932  -0.200743E-03  -0.980977E-04   0.397366E-01   0.669933E-02   0.250000E-03
 933  -0.383130E-03  -0.994554E-03   0.418107E-01   0.627352E-02   0.400000E-03
 934  -0.458521E-05   0.720205E-03   0.412654E-01   0.470969E-02   0.150000E-03
 935   0.346782E-05   0.103104E-03   0.418093E-01   0.490365E-02   0.400000E-03
 936  -0.915304E-04  -0.244969E-03   0.433695E-01   0.618685E-02   0.300000E-03
 937   0.294362E-04  -0.229889E-03   0.102846E-02   0.725501E-02   0.350000E-03
 938   0.337129E-03  -0.473911E-04   0.298266E-03   0.629278E-02   0.300000E-03
 939   0.458740E-03  -0.194984E-03   0.374187E-02   0.776890E-02   0.350000E-03
 940   0.526181E-03  -0.204818E-03   0.792213E-03   0.595474E-02   0.300000E-03
 941   0.323004E-03  -0.376729E-03   0.166074E-02   0.695627E-02   0.350000E-03
 942   0.477448E-03  -0.218514E-03   0.459136E-02   0.779317E-02   0.500000E-03
 943   0.553200E-03  -0.246964E-03   0.530204E-02   0.732815E-02   0.350000E-03
 944   0.640420E-03  -0.518458E-03   0.636603E-02   0.714055E-02   0.300000E-03
 945   0.875647E-03  -0.367340E-03   0.108246E-01   0.733228E-02   0.300000E-03
 946   0.919913E-03  -0.192813E-03   0.983989E-02   0.757115E-02   0.250000E-03
 947   0.801006E-03  -0.209258E-03   0.129280E-01   0.804554E-02   0.450000E-03
 948   0.899085E-03  -0.333359E-03   0.125352E-01   0.862408E-02   0.250000E-03
 949   0.833703E-03   0.265055E-03   0.156845E-01   0.894559E-02   0.300000E-03
 950   0.397326E-03  -0.187616E-05   0.139781E-01   0.861085E-02   0.400000E-03
 951   0.856896E-03   0.731211E-04   0.165475E-01   0.890989E-02   0.300000E-03
 952   0.923715E-03  -0.340738E-03   0.182638E-01   0.844275E-02   0.250000E-03
 953   0.893949E-03   0.775854E-04   0.209586E-01   0.875169E-02   0.250000E-03
 954   0.863399E-03  -0.132564E-03   0.224404E-01   0.867907E-02   0.500000E-03
 955   0.842221E-03  -0.235478E-03   0.236410E-01   0.806031E-02   0.250000E-03
 956   0.324912E-03  -0.448634E-03   0.250969E-01   0.728151E-02   0.250000E-03
 957   0.714873E-03  -0.297628E-03   0.268138E-01   0.766804E-02   0.350000E-03
 958   0.762187E-03  -0.220572E-03   0.264667E-01   0.706076E-02   0.350000E-03
 959   0.801508E-03  -0.196531E-03   0.269544E-01   0.656004E-02   0.350000E-03
 960   0.105776E-06  -0.112722E-03   0.302372E-01   0.679885E-02   0.250000E-03
 961   0.109160E-03  -0.301330E-03   0.320992E-01   0.797901E-02   0.400000E-03
 962   0.301925E-03  -0.104247E-03   0.316503E-01   0.750942E-02   0.250000E-03
 963  -0.296365E-03   0.367953E-03   0.332686E-01   0.697107E-02   0.200000E-03
 964   0.399842E-03   0.341352E-03   0.352843E-01   0.684950E-02   0.300000E-03
 965   0.753070E-03   0.859211E-03   0.360833E-01   0.684133E-02   0.250000E-03
 966  -0.161626E-05   0.508299E-03   0.366759E-01   0.722888E-02   0.400000E-03
 967  -0.609188E-03  -0.670011E-04   0.406463E-01   0.633977E-02   0.350000E-03
 968  -0.163301E-02  -0.235807E-03   0.401572E-01   0.625328E-02   0.150000E-03
 969  -0.331024E-03  -0.414263E-03   0.447504E-01   0.715025E-02   0.250000E-03
 970  -0.770192E-03  -0.695945E-03   0.442567E-01   0.681031E-02   0.350000E-03
 971   0.551565E-03   0.291892E-04   0.427256E-01   0.591358E-02   0.400000E-03
 972  -0.456072E-03  -0.654874E-03   0.436596E-01   0.675986E-02   0.250000E-03
 973   0.554268E-03  -0.479144E-03   0.836491E-03   0.540670E-02   0.250000E-03
 974   0.467716E-03  -0.142914E-03   0.403302E-02   0.829303E-02   0.250000E-03
 975   0.508445E-04  -0.387741E-03   0.133406E-02   0.633064E-02   0.350000E-03
 976  -0.225049E-04  -0.338651E-03   0.772790E-03   0.665762E-02   0.300000E-03
 977   0.588887E-03  -0.118706E-03   0.736830E-02   0.793355E-02   0.250000E-03
 978   0.505648E-03  -0.206887E-03   0.697515E-02   0.754952E-02   0.300000E-03
 979   0.688285E-03  -0.215453E-03   0.644206E-02   0.768438E-02   0.250000E-03
 980   0.433221E-03  -0.133817E-03   0.818633E-02   0.785379E-02   0.400000E-03
 981   0.864463E-03  -0.189293E-03   0.103390E-01   0.758924E-02   0.250000E-03
 982   0.758403E-03  -0.151087E-03   0.935713E-02   0.822668E-02   0.450000E-03
 983   0.615106E-03  -0.560288E-03   0.121437E-01   0.831377E-02   0.250000E-03
 984   0.764066E-03  -0.316203E-03   0.107424E-01   0.803235E-02   0.350000E-03
 985   0.364962E-03  -0.312458E-03   0.135644E-01   0.817655E-02   0.200000E-03
 986   0.103613E-02  -0.147615E-03   0.189345E-01   0.948772E-02   0.300000E-03
 987   0.926433E-03  -0.343901E-03   0.186378E-01   0.891049E-02   0.350000E-03
 988   0.923576E-03  -0.478610E-03   0.193583E-01   0.891590E-02   0.300000E-03
 989   0.547245E-03   0.543251E-03   0.194830E-01   0.945097E-02   0.250000E-03
 990   0.458328E-03   0.596522E-04   0.213290E-01   0.834275E-02   0.250000E-03
 991   0.297781E-04  -0.392660E-03   0.242283E-01   0.818235E-02   0.350000E-03
 992   0.875876E-03  -0.816384E-04   0.245739E-01   0.763297E-02   0.300000E-03
 993   0.404036E-03  -0.764962E-04   0.249991E-01   0.679169E-02   0.250000E-03
 994   0.734923E-03  -0.325588E-03   0.271005E-01   0.714125E-02   0.250000E-03
 995  -0.177264E-03   0.796492E-03   0.277496E-01   0.711590E-02   0.400000E-03
 996  -0.493998E-04  -0.215364E-03   0.304249E-01   0.731426E-02   0.300000E-03
 997   0.192692E-03  -0.299362E-03   0.298960E-01   0.716406E-02   0.250000E-03
 998   0.765940E-04   0.113383E-04   0.321820E-01   0.723391E-02   0.350000E-03
 999  -0.185302E-03  -0.202883E-04   0.330235E-01   0.734748E-02   0.250000E-03
1000   0.457117E-03   0.449346E-03   0.341592E-01   0.715027E-02   0.350000E-03
