   1  -0.197257E-02   0.645476E-03   0.112595E-01   0.850366E-02   0.350000E-03
   2   0.112436E-02   0.140341E-03   0.157117E-03   0.149991E-03   0.150000E-03
   3   0.688875E-03  -0.312963E-03   0.452004E-02   0.447680E-03   0.450000E-03
   4   0.165819E-04   0.987575E-03   0.567529E-02   0.569549E-03   0.200000E-03
   5   0.669085E-02  -0.324965E-03   0.569744E-02   0.100265E-03   0.100000E-03
   6   0.223589E-02  -0.196940E-03   0.742347E-02   0.249379E-03   0.250000E-03
   7  -0.869693E-03   0.504875E-03   0.805548E-02   0.398535E-03   0.400000E-03
   8   0.400720E-03  -0.109378E-03   0.882724E-02   0.347556E-03   0.350000E-03
   9   0.420836E-03  -0.288342E-03   0.926855E-02   0.577452E-03   0.150000E-03
  10   0.345293E-02  -0.690158E-03   0.117705E-01   0.296898E-03   0.300000E-03
  11   0.399413E-03  -0.221914E-02   0.130129E-01   0.349842E-03   0.350000E-03
  12   0.194270E-04  -0.266740E-02   0.147464E-01   0.195134E-03   0.200000E-03
  13  -0.577605E-04   0.580328E-03   0.168763E-01   0.343518E-03   0.350000E-03
  14   0.685529E-05  -0.461372E-04   0.175746E-01   0.348390E-03   0.350000E-03
  15  -0.131439E-02  -0.437119E-03   0.187942E-01   0.399196E-03   0.400000E-03
  16  -0.558732E-03   0.610791E-03   0.195406E-01   0.348184E-03   0.350000E-03
  17  -0.141517E-02   0.201861E-02   0.204557E-01   0.338604E-03   0.350000E-03
  18  -0.648881E-04   0.138213E-02   0.219066E-01   0.349144E-03   0.350000E-03
  19  -0.161564E-02   0.137588E-02   0.224955E-01   0.240925E-03   0.250000E-03
  20   0.161759E-03   0.830359E-03   0.229951E-01   0.249077E-03   0.250000E-03
  21  -0.243568E-02   0.426730E-03   0.244490E-01   0.249869E-03   0.250000E-03
  22  -0.116424E-03  -0.728793E-03   0.257273E-01   0.199932E-03   0.200000E-03
  23  -0.567270E-02   0.458799E-03   0.267706E-01   0.999309E-04   0.100000E-03
  24  -0.929975E-04  -0.223267E-02   0.282521E-01   0.395913E-03   0.400000E-03
  25  -0.738174E-03   0.162524E-02   0.297747E-01   0.397526E-03   0.400000E-03
  26  -0.152205E-02   0.902620E-03   0.305218E-01   0.341577E-03   0.350000E-03
  27   0.153847E-02   0.273700E-02   0.318647E-01   0.298032E-03   0.300000E-03
  28   0.540269E-02   0.219098E-02   0.333433E-01   0.299733E-03   0.300000E-03
  29  -0.106566E-02   0.856528E-03   0.355504E-01   0.447128E-03   0.450000E-03
  30   0.667634E-03   0.453992E-03   0.373984E-01   0.346192E-03   0.350000E-03
  31   0.984841E-03   0.785476E-03   0.379904E-01   0.249456E-03   0.250000E-03
  32  -0.166049E-03  -0.869458E-03   0.401228E-01   0.196863E-03   0.200000E-03
  33   0.114501E-02  -0.150765E-02   0.410125E-01   0.194292E-03   0.200000E-03
  34   0.981463E-03  -0.213517E-02   0.446052E-01   0.881483E-03   0.400000E-03
  35   0.116196E-02  -0.499110E-03   0.446511E-01   0.192394E-02   0.350000E-03
  36   0.499214E-04  -0.110130E-03   0.862881E-02   0.839052E-02   0.300000E-03
  37  -0.173208E-02   0.329351E-02   0.248511E-03   0.184410E-02   0.250000E-03
  38  -0.102547E-02  -0.419484E-02   0.760540E-03   0.774049E-03   0.300000E-03
  39   0.421831E-02   0.178075E-03   0.257738E-02   0.395648E-03   0.400000E-03
  40  -0.821427E-03   0.717909E-03   0.609667E-02   0.299987E-03   0.300000E-03
  41  -0.121779E-03  -0.468323E-03   0.679036E-02   0.393977E-03   0.400000E-03
  42  -0.157159E-02   0.289437E-03   0.722328E-02   0.100226E-02   0.350000E-03
  43   0.250785E-03  -0.717397E-03   0.852295E-02   0.916731E-03   0.300000E-03
  44   0.124407E-02   0.155436E-03   0.933868E-02   0.969916E-03   0.250000E-03
  45  -0.148603E-02   0.886266E-03   0.991094E-02   0.491748E-03   0.500000E-03
  46  -0.519330E-03  -0.836784E-03   0.108497E-01   0.299699E-03   0.300000E-03
  47   0.357357E-03  -0.816931E-03   0.151385E-01   0.149921E-03   0.150000E-03
  48   0.896471E-03  -0.720788E-03   0.157718E-01   0.447927E-03   0.450000E-03
  49   0.116115E-02  -0.576818E-03   0.164415E-01   0.879874E-03   0.350000E-03
  50  -0.259568E-03   0.147536E-03   0.181642E-01   0.247259E-03   0.250000E-03
  51  -0.717795E-03  -0.248122E-03   0.192683E-01   0.879208E-03   0.250000E-03
  52  -0.179042E-02   0.225775E-03   0.199961E-01   0.148002E-03   0.150000E-03
  53  -0.617519E-03   0.403252E-03   0.204638E-01   0.100235E-02   0.200000E-03
  54  -0.484850E-03  -0.935467E-04   0.211276E-01   0.298635E-03   0.300000E-03
  55   0.301744E-03   0.790130E-04   0.233996E-01   0.998844E-04   0.100000E-03
  56   0.118423E-02   0.155930E-03   0.238158E-01   0.396213E-03   0.400000E-03
  57  -0.711681E-03  -0.370696E-03   0.244938E-01   0.930643E-03   0.400000E-03
  58  -0.142844E-03  -0.791877E-03   0.250826E-01   0.394969E-03   0.400000E-03
  59  -0.802505E-03   0.246025E-02   0.270618E-01   0.199979E-03   0.200000E-03
  60  -0.558989E-03  -0.192212E-02   0.275593E-01   0.298629E-03   0.300000E-03
  61  -0.202539E-03   0.163064E-02   0.290824E-01   0.298120E-03   0.300000E-03
  62  -0.251748E-03   0.165505E-02   0.312195E-01   0.347241E-03   0.350000E-03
  63   0.127777E-02   0.153495E-02   0.328556E-01   0.196617E-03   0.200000E-03
  64  -0.824569E-03   0.833602E-03   0.347585E-01   0.346068E-03   0.350000E-03
  65   0.695612E-03   0.731712E-03   0.363297E-01   0.619266E-03   0.350000E-03
  66   0.358349E-03   0.115172E-03   0.364261E-01   0.139111E-03   0.150000E-03
  67   0.130496E-02  -0.101144E-02   0.391370E-01   0.298957E-03   0.300000E-03
  68   0.216092E-03  -0.917665E-03   0.423027E-01   0.223285E-03   0.200000E-03
  69   0.190577E-02  -0.227260E-02   0.438626E-01   0.820178E-03   0.350000E-03
  70   0.305253E-03  -0.450726E-03   0.424144E-01   0.721824E-02   0.250000E-03
  71  -0.505659E-03  -0.364009E-03   0.447013E-01   0.498299E-02   0.300000E-03
  72   0.129386E-02  -0.160362E-02   0.447502E-01   0.248950E-03   0.250000E-03
  73   0.932273E-04   0.790100E-03   0.258466E-02   0.799749E-02   0.350000E-03
  74  -0.824860E-03   0.237597E-03   0.111081E-02   0.294034E-03   0.300000E-03
  75   0.315285E-02   0.399037E-03   0.384896E-02   0.249813E-03   0.250000E-03
  76   0.729653E-03   0.169175E-02   0.517000E-02   0.923584E-03   0.350000E-03
  77  -0.434696E-03  -0.156971E-03   0.640253E-02   0.840449E-03   0.200000E-03
  78  -0.586965E-03   0.205252E-03   0.659541E-02   0.135255E-02   0.350000E-03
  79   0.589509E-04   0.947186E-05   0.791020E-02   0.113353E-02   0.350000E-03
  80  -0.182780E-03  -0.190574E-03   0.901910E-02   0.134786E-02   0.250000E-03
  81  -0.113121E-02   0.573943E-03   0.106404E-01   0.914732E-03   0.350000E-03
  82  -0.944487E-03   0.804669E-03   0.132607E-01   0.986911E-03   0.300000E-03
  83  -0.272800E-02  -0.231696E-02   0.137110E-01   0.345756E-03   0.350000E-03
  84  -0.850354E-03  -0.273886E-02   0.143010E-01   0.245230E-03   0.250000E-03
  85   0.626484E-03  -0.179470E-03   0.153760E-01   0.102173E-02   0.250000E-03
  86   0.144470E-03  -0.645574E-03   0.172189E-01   0.106311E-02   0.450000E-03
  87  -0.142033E-02  -0.391154E-03   0.187994E-01   0.104783E-02   0.250000E-03
  88  -0.297754E-03   0.262366E-03   0.200063E-01   0.800513E-03   0.300000E-03
  89  -0.395314E-03   0.312314E-03   0.202615E-01   0.160853E-02   0.400000E-03
  90   0.265601E-03   0.100945E-02   0.214399E-01   0.866800E-03   0.350000E-03
  91  -0.128945E-02  -0.670892E-03   0.225672E-01   0.726888E-03   0.250000E-03
  92  -0.108101E-03  -0.945148E-03   0.231554E-01   0.826317E-03   0.350000E-03
  93   0.698789E-03  -0.778787E-03   0.237777E-01   0.114169E-02   0.350000E-03
  94  -0.220936E-03  -0.211408E-03   0.252147E-01   0.112986E-02   0.350000E-03
  95  -0.961969E-03  -0.705911E-03   0.272996E-01   0.893220E-03   0.350000E-03
  96  -0.602199E-03  -0.580795E-03   0.280025E-01   0.115335E-02   0.400000E-03
  97   0.922789E-03  -0.116019E-02   0.294745E-01   0.969799E-03   0.250000E-03
  98  -0.589326E-03   0.198169E-02   0.302655E-01   0.109002E-02   0.450000E-03
  99   0.114882E-02   0.177982E-02   0.324090E-01   0.245262E-03   0.250000E-03
 100   0.112210E-02   0.177796E-02   0.327287E-01   0.622207E-03   0.250000E-03
 101  -0.132470E-02   0.692740E-03   0.349668E-01   0.106339E-02   0.400000E-03
 102   0.154991E-02   0.522419E-03   0.368071E-01   0.255390E-03   0.250000E-03
 103   0.607864E-04  -0.105564E-02   0.376429E-01   0.889416E-03   0.250000E-03
 104   0.181797E-03  -0.128192E-02   0.385385E-01   0.294618E-03   0.300000E-03
 105  -0.588243E-04  -0.118333E-02   0.405678E-01   0.245103E-03   0.250000E-03
 106   0.170690E-02  -0.105926E-02   0.431888E-01   0.297811E-03   0.300000E-03
 107  -0.259162E-03   0.324118E-03   0.440877E-01   0.749139E-02   0.350000E-03
 108  -0.975524E-03  -0.106449E-03   0.348878E-01   0.748729E-02   0.450000E-03
 109   0.343308E-03  -0.295348E-02   0.240429E-03   0.625721E-03   0.250000E-03
 110  -0.209956E-02   0.109006E-03   0.563538E-03   0.247616E-03   0.250000E-03
 111  -0.509371E-04  -0.424768E-03   0.178351E-02   0.457766E-03   0.400000E-03
 112  -0.664578E-03  -0.456301E-02   0.310967E-02   0.917520E-03   0.350000E-03
 113  -0.665316E-03   0.970312E-03   0.588312E-02   0.113296E-02   0.400000E-03
 114  -0.863272E-04   0.217372E-03   0.709699E-02   0.156450E-02   0.200000E-03
 115   0.101342E-03   0.534135E-03   0.846370E-02   0.155860E-02   0.350000E-03
 116  -0.906760E-03   0.480890E-03   0.981738E-02   0.133129E-02   0.350000E-03
 117   0.782213E-03   0.644301E-03   0.113178E-01   0.750536E-03   0.350000E-03
 118  -0.252556E-02  -0.175043E-02   0.123673E-01   0.289445E-03   0.300000E-03
 119  -0.135972E-02   0.799853E-03   0.142356E-01   0.786556E-03   0.300000E-03
 120   0.289785E-03  -0.128106E-02   0.150372E-01   0.594561E-03   0.300000E-03
 121   0.975276E-03  -0.611072E-03   0.166558E-01   0.138416E-02   0.200000E-03
 122  -0.544074E-03  -0.502751E-03   0.181083E-01   0.943127E-03   0.450000E-03
 123  -0.142690E-02  -0.831633E-03   0.185472E-01   0.141655E-02   0.200000E-03
 124  -0.473566E-03   0.126983E-04   0.196464E-01   0.127709E-02   0.300000E-03
 125  -0.851955E-03   0.106122E-02   0.208510E-01   0.773222E-03   0.250000E-03
 126  -0.101364E-02   0.817227E-03   0.208948E-01   0.131688E-02   0.300000E-03
 127  -0.142075E-02  -0.657992E-04   0.226907E-01   0.120548E-02   0.250000E-03
 128  -0.110239E-02   0.408353E-03   0.230444E-01   0.162116E-02   0.300000E-03
 129   0.809080E-03   0.839182E-03   0.235874E-01   0.169889E-02   0.250000E-03
 130   0.128386E-03  -0.868233E-03   0.257065E-01   0.707196E-03   0.300000E-03
 131   0.805822E-03  -0.123851E-02   0.263302E-01   0.394142E-03   0.400000E-03
 132   0.957957E-03  -0.169798E-02   0.275056E-01   0.148705E-02   0.200000E-03
 133   0.108011E-02  -0.106711E-02   0.288258E-01   0.947207E-03   0.400000E-03
 134   0.219232E-04   0.760273E-03   0.311488E-01   0.109093E-02   0.400000E-03
 135   0.180630E-02   0.812946E-03   0.319954E-01   0.103454E-02   0.450000E-03
 136  -0.984280E-03   0.910810E-03   0.340225E-01   0.458911E-03   0.400000E-03
 137   0.140973E-02  -0.182622E-02   0.372251E-01   0.761036E-03   0.100000E-03
 138  -0.105075E-02  -0.327985E-04   0.374072E-01   0.132446E-02   0.250000E-03
 139   0.346271E-03  -0.822958E-03   0.381771E-01   0.766309E-03   0.300000E-03
 140  -0.125467E-02  -0.579262E-03   0.396819E-01   0.262959E-03   0.250000E-03
 141  -0.177083E-03  -0.599616E-03   0.414588E-01   0.248074E-03   0.250000E-03
 142   0.774769E-03  -0.495709E-03   0.419045E-01   0.197723E-03   0.200000E-03
 143  -0.408182E-03   0.126890E-03   0.439015E-01   0.632622E-02   0.250000E-03
 144   0.703634E-03   0.106620E-02   0.294898E-01   0.753870E-02   0.300000E-03
 145   0.621151E-04   0.700593E-03   0.294909E-03   0.339535E-02   0.300000E-03
 146  -0.363892E-03   0.107488E-02   0.657614E-03   0.141095E-02   0.350000E-03
 147   0.312012E-02   0.138968E-02   0.400455E-02   0.843422E-03   0.200000E-03
 148   0.155415E-02  -0.145140E-03   0.526036E-02   0.290049E-03   0.300000E-03
 149  -0.847934E-03   0.215319E-03   0.607370E-02   0.195847E-02   0.450000E-03
 150  -0.414259E-03   0.533866E-03   0.748401E-02   0.147979E-02   0.200000E-03
 151  -0.308093E-03  -0.457865E-04   0.936726E-02   0.162823E-02   0.200000E-03
 152  -0.772500E-03   0.351369E-03   0.103603E-01   0.138393E-02   0.200000E-03
 153  -0.434660E-03   0.752039E-03   0.111071E-01   0.136334E-02   0.300000E-03
 154  -0.245108E-02   0.137910E-02   0.125646E-01   0.950016E-03   0.400000E-03
 155  -0.257660E-02   0.116796E-02   0.137468E-01   0.885384E-03   0.200000E-03
 156  -0.170110E-02   0.983116E-03   0.147666E-01   0.123956E-02   0.400000E-03
 157   0.610950E-03   0.194773E-03   0.159032E-01   0.139544E-02   0.400000E-03
 158   0.115742E-03  -0.859143E-03   0.173257E-01   0.185231E-02   0.350000E-03
 159  -0.134871E-02  -0.780034E-03   0.177266E-01   0.146903E-02   0.200000E-03
 160  -0.114782E-02  -0.166995E-03   0.181575E-01   0.164120E-02   0.250000E-03
 161  -0.385043E-03   0.204657E-03   0.195532E-01   0.181443E-02   0.250000E-03
 162  -0.865926E-03   0.726830E-03   0.208636E-01   0.181261E-02   0.200000E-03
 163  -0.193870E-02   0.330677E-03   0.220985E-01   0.109436E-02   0.350000E-03
 164  -0.119090E-02   0.933408E-03   0.227073E-01   0.217231E-02   0.300000E-03
 165  -0.568909E-03   0.727702E-03   0.247942E-01   0.155693E-02   0.250000E-03
 166  -0.302084E-04  -0.417754E-03   0.255748E-01   0.159788E-02   0.250000E-03
 167   0.720149E-03  -0.137254E-02   0.265917E-01   0.113829E-02   0.400000E-03
 168   0.344135E-03  -0.104461E-02   0.285510E-01   0.153473E-02   0.250000E-03
 169  -0.338721E-03  -0.110863E-02   0.301712E-01   0.172796E-02   0.200000E-03
 170   0.562615E-03  -0.245725E-03   0.307649E-01   0.178878E-02   0.400000E-03
 171  -0.761155E-03   0.714504E-03   0.334916E-01   0.909634E-03   0.300000E-03
 172   0.152108E-02  -0.337807E-03   0.341944E-01   0.126574E-02   0.400000E-03
 173  -0.141518E-02   0.181609E-03   0.356539E-01   0.118563E-02   0.300000E-03
 174  -0.716509E-03  -0.930825E-04   0.368785E-01   0.104771E-02   0.350000E-03
 175   0.132659E-02  -0.437963E-03   0.390290E-01   0.888163E-03   0.300000E-03
 176  -0.535880E-03   0.574228E-04   0.400901E-01   0.988622E-03   0.200000E-03
 177   0.130037E-03  -0.113360E-02   0.406093E-01   0.787472E-03   0.300000E-03
 178   0.795429E-03  -0.104931E-02   0.443947E-01   0.144021E-02   0.200000E-03
 179   0.516754E-03  -0.106206E-02   0.427005E-01   0.195413E-03   0.200000E-03
 180  -0.687116E-03   0.578946E-04   0.400243E-01   0.753634E-02   0.300000E-03
 181   0.559622E-03   0.222484E-02   0.200118E-03   0.107373E-02   0.200000E-03
 182   0.113961E-02   0.222637E-02   0.135867E-02   0.221403E-02   0.200000E-03
 183  -0.147068E-02   0.858399E-03   0.330157E-02   0.297890E-03   0.300000E-03
 184  -0.358050E-03   0.664436E-03   0.526759E-02   0.161160E-02   0.350000E-03
 185  -0.720309E-03   0.298257E-03   0.623242E-02   0.263830E-02   0.250000E-03
 186  -0.724869E-03  -0.450123E-03   0.677868E-02   0.186938E-02   0.200000E-03
 187  -0.184341E-03   0.257336E-03   0.786549E-02   0.179100E-02   0.300000E-03
 188   0.695680E-04   0.112547E-02   0.961245E-02   0.200443E-02   0.250000E-03
 189   0.106949E-02   0.389471E-03   0.116429E-01   0.125244E-02   0.250000E-03
 190   0.184474E-03   0.182767E-03   0.119270E-01   0.823984E-03   0.250000E-03
 191  -0.268516E-02   0.168765E-02   0.139683E-01   0.126627E-02   0.250000E-03
 192  -0.259429E-02   0.160344E-02   0.142511E-01   0.184577E-02   0.400000E-03
 193  -0.884160E-03  -0.369158E-04   0.152809E-01   0.171442E-02   0.300000E-03
 194   0.809448E-03   0.617739E-03   0.164747E-01   0.195332E-02   0.400000E-03
 195  -0.125162E-02  -0.236717E-03   0.179109E-01   0.207609E-02   0.250000E-03
 196  -0.760593E-03   0.425067E-04   0.190960E-01   0.151014E-02   0.300000E-03
 197  -0.432315E-03   0.232666E-03   0.199291E-01   0.228035E-02   0.350000E-03
 198  -0.644595E-03  -0.304174E-03   0.206260E-01   0.224909E-02   0.300000E-03
 199   0.621594E-04   0.753557E-03   0.214568E-01   0.151379E-02   0.300000E-03
 200   0.180262E-03   0.957815E-03   0.222086E-01   0.216026E-02   0.200000E-03
 201   0.104089E-02   0.594609E-03   0.242462E-01   0.159125E-02   0.300000E-03
 202   0.123141E-02   0.142466E-02   0.259450E-01   0.120275E-02   0.250000E-03
 203   0.418376E-03  -0.872230E-03   0.265118E-01   0.182546E-02   0.300000E-03
 204   0.134963E-03  -0.156244E-02   0.270659E-01   0.157641E-02   0.250000E-03
 205   0.807558E-03  -0.112776E-02   0.295893E-01   0.160646E-02   0.400000E-03
 206   0.223620E-02   0.131262E-02   0.322125E-01   0.180312E-02   0.350000E-03
 207  -0.700295E-04   0.125629E-03   0.328536E-01   0.130061E-02   0.450000E-03
 208   0.934879E-03   0.747606E-04   0.335633E-01   0.166496E-02   0.350000E-03
 209  -0.235853E-03   0.297942E-03   0.362478E-01   0.125987E-02   0.300000E-03
 210  -0.842890E-03  -0.110851E-03   0.366493E-01   0.154650E-02   0.200000E-03
 211  -0.913752E-03  -0.428791E-03   0.370703E-01   0.168889E-02   0.250000E-03
 212  -0.401309E-03   0.285198E-04   0.400728E-01   0.591254E-03   0.200000E-03
 213   0.127569E-02  -0.151391E-02   0.411321E-01   0.622384E-03   0.250000E-03
 214   0.243843E-03  -0.191038E-02   0.420796E-01   0.555009E-03   0.200000E-03
 215  -0.329804E-02   0.102747E-02   0.443159E-01   0.150184E-03   0.150000E-03
 216  -0.622391E-03  -0.123789E-03   0.215872E-01   0.893835E-02   0.400000E-03
 217  -0.396044E-03   0.614779E-03   0.140928E-01   0.934848E-02   0.350000E-03
 218   0.135957E-04   0.209858E-02   0.826533E-03   0.208674E-02   0.350000E-03
 219   0.105358E-02   0.415545E-03   0.365191E-02   0.654329E-03   0.200000E-03
 220  -0.673089E-03   0.868240E-03   0.452701E-02   0.129548E-02   0.400000E-03
 221  -0.802393E-05   0.415655E-03   0.532720E-02   0.219913E-02   0.250000E-03
 222  -0.176744E-03   0.336295E-04   0.728663E-02   0.207908E-02   0.350000E-03
 223  -0.589756E-03   0.279524E-04   0.898899E-02   0.201384E-02   0.350000E-03
 224  -0.104122E-02  -0.206343E-03   0.102049E-01   0.191099E-02   0.350000E-03
 225   0.227257E-04   0.492923E-03   0.106801E-01   0.161759E-02   0.200000E-03
 226  -0.257328E-03  -0.530898E-03   0.121338E-01   0.149185E-02   0.300000E-03
 227  -0.118088E-02   0.219534E-02   0.129685E-01   0.145145E-02   0.250000E-03
 228  -0.178704E-02   0.105744E-03   0.148367E-01   0.178294E-02   0.150000E-03
 229   0.547526E-03   0.101126E-02   0.158317E-01   0.203686E-02   0.250000E-03
 230   0.422350E-03  -0.238111E-03   0.175234E-01   0.246628E-02   0.300000E-03
 231  -0.898001E-03  -0.462105E-03   0.183314E-01   0.228386E-02   0.200000E-03
 232  -0.134252E-02   0.192694E-03   0.186440E-01   0.190110E-02   0.300000E-03
 233  -0.855198E-03   0.721896E-03   0.191819E-01   0.234586E-02   0.400000E-03
 234   0.391072E-03   0.145043E-02   0.212811E-01   0.208710E-02   0.300000E-03
 235  -0.158930E-02   0.421573E-03   0.223963E-01   0.166654E-02   0.300000E-03
 236  -0.197136E-03   0.110507E-02   0.233026E-01   0.215894E-02   0.300000E-03
 237   0.723120E-03   0.119542E-02   0.239516E-01   0.217010E-02   0.350000E-03
 238  -0.126441E-02   0.218136E-03   0.251729E-01   0.179962E-02   0.200000E-03
 239   0.492144E-03  -0.197212E-03   0.266827E-01   0.234372E-02   0.250000E-03
 240   0.770918E-03  -0.994573E-03   0.289997E-01   0.151873E-02   0.200000E-03
 241  -0.921393E-03   0.764824E-03   0.301940E-01   0.227217E-02   0.350000E-03
 242  -0.127593E-02   0.939991E-03   0.315150E-01   0.174503E-02   0.350000E-03
 243   0.280924E-03   0.715879E-03   0.329401E-01   0.224100E-02   0.500000E-03
 244  -0.373675E-03   0.229612E-03   0.354588E-01   0.199378E-02   0.200000E-03
 245  -0.112515E-02  -0.627401E-04   0.349421E-01   0.181043E-02   0.350000E-03
 246  -0.993346E-03  -0.499289E-03   0.366071E-01   0.214183E-02   0.400000E-03
 247  -0.761814E-04   0.116035E-03   0.380013E-01   0.139045E-02   0.350000E-03
 248  -0.867907E-03  -0.877394E-04   0.396234E-01   0.809543E-03   0.300000E-03
 249  -0.133849E-03  -0.177411E-02   0.416487E-01   0.801047E-03   0.300000E-03
 250   0.176892E-02  -0.109360E-02   0.437352E-01   0.241901E-03   0.250000E-03
 251   0.171609E-02  -0.359848E-03   0.446051E-01   0.297517E-02   0.400000E-03
 252  -0.150364E-02   0.176552E-02   0.336387E-01   0.773061E-02   0.350000E-03
 253  -0.192715E-03   0.417673E-03   0.215009E-02   0.744891E-02   0.350000E-03
 254  -0.324817E-02  -0.467585E-02   0.134113E-02   0.106373E-02   0.350000E-03
 255  -0.596635E-03  -0.126227E-03   0.222267E-02   0.998793E-03   0.300000E-03
 256  -0.771525E-03   0.758293E-03   0.472347E-02   0.196663E-02   0.300000E-03
 257  -0.694768E-03   0.546080E-03   0.670380E-02   0.236274E-02   0.300000E-03
 258   0.239622E-03   0.131225E-03   0.833036E-02   0.224312E-02   0.350000E-03
 259  -0.102162E-02   0.141547E-03   0.907354E-02   0.280516E-02   0.450000E-03
 260  -0.122544E-02   0.124945E-03   0.989224E-02   0.259039E-02   0.400000E-03
 261  -0.872516E-03  -0.467200E-03   0.116309E-01   0.180734E-02   0.300000E-03
 262  -0.127226E-05   0.677190E-03   0.121895E-01   0.213910E-02   0.350000E-03
 263  -0.168935E-02   0.187850E-02   0.135241E-01   0.166900E-02   0.350000E-03
 264  -0.154946E-02   0.208540E-02   0.148285E-01   0.223090E-02   0.300000E-03
 265  -0.700667E-03  -0.388558E-03   0.165826E-01   0.254336E-02   0.200000E-03
 266  -0.345330E-03  -0.295783E-03   0.169871E-01   0.234605E-02   0.250000E-03
 267  -0.449857E-03   0.421100E-03   0.171153E-01   0.282670E-02   0.250000E-03
 268  -0.233947E-03   0.399390E-03   0.186048E-01   0.264003E-02   0.250000E-03
 269  -0.411444E-03   0.145594E-03   0.190569E-01   0.298341E-02   0.250000E-03
 270  -0.627915E-03   0.692741E-03   0.196535E-01   0.292290E-02   0.350000E-03
 271  -0.754742E-03   0.220823E-03   0.218824E-01   0.185288E-02   0.250000E-03
 272  -0.271898E-03  -0.388262E-03   0.223189E-01   0.274755E-02   0.400000E-03
 273  -0.569325E-03  -0.147219E-02   0.235482E-01   0.280243E-02   0.400000E-03
 274   0.403250E-03  -0.636834E-03   0.257422E-01   0.205922E-02   0.250000E-03
 275  -0.125399E-03  -0.433709E-03   0.261908E-01   0.226639E-02   0.250000E-03
 276   0.861240E-03  -0.688902E-03   0.274331E-01   0.198127E-02   0.300000E-03
 277   0.318147E-03   0.733461E-03   0.293995E-01   0.217427E-02   0.200000E-03
 278   0.292250E-02   0.215984E-03   0.318322E-01   0.238932E-02   0.350000E-03
 279   0.186086E-02  -0.555795E-03   0.323463E-01   0.269206E-02   0.250000E-03
 280  -0.923166E-03  -0.138516E-03   0.343105E-01   0.195587E-02   0.300000E-03
 281  -0.742745E-03   0.786004E-03   0.358854E-01   0.173451E-02   0.300000E-03
 282  -0.466759E-03  -0.385228E-03   0.375515E-01   0.179971E-02   0.250000E-03
 283   0.397991E-03   0.810456E-03   0.385054E-01   0.161161E-02   0.200000E-03
 284   0.789455E-03  -0.147980E-03   0.385547E-01   0.116445E-02   0.250000E-03
 285   0.954516E-03  -0.892430E-03   0.410976E-01   0.121585E-02   0.350000E-03
 286   0.140449E-02  -0.149076E-02   0.432209E-01   0.894145E-03   0.300000E-03
 287   0.523069E-03  -0.959836E-03   0.428438E-01   0.121990E-02   0.200000E-03
 288  -0.271732E-03  -0.125671E-02   0.593795E-02   0.801036E-02   0.350000E-03
 289  -0.229449E-02  -0.219109E-02   0.247444E-03   0.234277E-02   0.250000E-03
 290   0.285291E-02   0.372570E-03   0.184337E-02   0.146900E-02   0.300000E-03
 291  -0.124096E-02  -0.527051E-03   0.252159E-02   0.162576E-02   0.400000E-03
 292  -0.553824E-03  -0.262964E-03   0.315129E-02   0.151256E-02   0.250000E-03
 293  -0.834126E-03   0.186084E-03   0.568975E-02   0.260081E-02   0.300000E-03
 294  -0.111098E-04  -0.149175E-04   0.824451E-02   0.298429E-02   0.400000E-03
 295  -0.179305E-03   0.621288E-03   0.968840E-02   0.338745E-02   0.400000E-03
 296  -0.331857E-03  -0.505348E-03   0.110941E-01   0.191118E-02   0.250000E-03
 297  -0.284649E-03  -0.409010E-03   0.106998E-01   0.196321E-02   0.150000E-03
 298   0.530143E-03  -0.221309E-03   0.125883E-01   0.169128E-02   0.200000E-03
 299  -0.531311E-03  -0.720090E-03   0.138391E-01   0.234324E-02   0.250000E-03
 300  -0.191325E-02   0.798454E-03   0.148954E-01   0.272240E-02   0.200000E-03
 301  -0.856966E-03   0.238881E-02   0.154037E-01   0.237007E-02   0.300000E-03
 302  -0.523927E-03   0.371619E-03   0.170211E-01   0.336418E-02   0.300000E-03
 303  -0.608764E-03  -0.354965E-03   0.180146E-01   0.251889E-02   0.200000E-03
 304  -0.389089E-03   0.433952E-03   0.181977E-01   0.292742E-02   0.250000E-03
 305  -0.388724E-03   0.296377E-03   0.193670E-01   0.333135E-02   0.150000E-03
 306  -0.564026E-03   0.134386E-03   0.203542E-01   0.283315E-02   0.350000E-03
 307  -0.611762E-03   0.900527E-03   0.217687E-01   0.233858E-02   0.250000E-03
 308  -0.101743E-03  -0.407736E-03   0.227003E-01   0.338974E-02   0.350000E-03
 309  -0.597865E-03  -0.328912E-03   0.245029E-01   0.266996E-02   0.400000E-03
 310  -0.902971E-03  -0.203794E-03   0.250936E-01   0.229325E-02   0.300000E-03
 311   0.410491E-03  -0.340069E-04   0.272230E-01   0.259205E-02   0.350000E-03
 312  -0.415603E-03  -0.696867E-03   0.280759E-01   0.189766E-02   0.350000E-03
 313   0.263051E-03   0.667336E-03   0.296599E-01   0.253677E-02   0.250000E-03
 314   0.852997E-03   0.167677E-03   0.311874E-01   0.234466E-02   0.300000E-03
 315  -0.784053E-03  -0.608063E-03   0.334225E-01   0.287090E-02   0.300000E-03
 316  -0.146909E-02   0.386634E-03   0.337837E-01   0.233366E-02   0.350000E-03
 317  -0.113331E-02  -0.187569E-03   0.350791E-01   0.254674E-02   0.400000E-03
 318  -0.465288E-03  -0.210000E-03   0.358663E-01   0.243026E-02   0.400000E-03
 319   0.105896E-02   0.702363E-04   0.389718E-01   0.143501E-02   0.250000E-03
 320  -0.342101E-03   0.286481E-03   0.398317E-01   0.141520E-02   0.300000E-03
 321  -0.203631E-03   0.120326E-03   0.404276E-01   0.135242E-02   0.300000E-03
 322   0.524839E-03  -0.161634E-02   0.425947E-01   0.731514E-03   0.350000E-03
 323   0.146699E-02  -0.762453E-03   0.439552E-01   0.211151E-02   0.350000E-03
 324  -0.510797E-03   0.196078E-03   0.396031E-01   0.718267E-02   0.250000E-03
 325  -0.598145E-04   0.383573E-03   0.153381E-02   0.765479E-02   0.300000E-03
 326  -0.613988E-03   0.769676E-03   0.124965E-02   0.165675E-02   0.250000E-03
 327  -0.501175E-03  -0.171895E-02   0.207444E-02   0.222501E-02   0.350000E-03
 328   0.211241E-03  -0.144292E-04   0.380676E-02   0.171765E-02   0.450000E-03
 329  -0.402148E-03   0.978925E-04   0.657520E-02   0.318310E-02   0.400000E-03
 330  -0.313408E-03   0.757335E-03   0.720769E-02   0.277209E-02   0.350000E-03
 331  -0.268037E-03  -0.127813E-03   0.776428E-02   0.244179E-02   0.250000E-03
 332  -0.516460E-03   0.962359E-04   0.108090E-01   0.254765E-02   0.450000E-03
 333  -0.908071E-03  -0.393067E-03   0.115960E-01   0.240390E-02   0.300000E-03
 334  -0.100642E-02  -0.104704E-02   0.129535E-01   0.194862E-02   0.250000E-03
 335  -0.403367E-03  -0.623676E-03   0.133539E-01   0.224488E-02   0.250000E-03
 336  -0.391312E-03  -0.148629E-03   0.143376E-01   0.257545E-02   0.300000E-03
 337  -0.702198E-03  -0.121010E-02   0.160529E-01   0.253758E-02   0.300000E-03
 338  -0.416005E-03   0.234598E-03   0.166364E-01   0.374720E-02   0.250000E-03
 339  -0.201929E-03  -0.413192E-03   0.176331E-01   0.313011E-02   0.350000E-03
 340  -0.425359E-03   0.317965E-03   0.189617E-01   0.352494E-02   0.300000E-03
 341  -0.485726E-03   0.505232E-03   0.200753E-01   0.341391E-02   0.300000E-03
 342  -0.438599E-03   0.383902E-03   0.205984E-01   0.332294E-02   0.200000E-03
 343  -0.352228E-03  -0.278200E-04   0.216299E-01   0.286844E-02   0.300000E-03
 344  -0.207995E-04  -0.469317E-05   0.238130E-01   0.338340E-02   0.250000E-03
 345   0.401963E-03   0.400200E-03   0.251118E-01   0.301066E-02   0.300000E-03
 346   0.158443E-03   0.850766E-03   0.256420E-01   0.264439E-02   0.350000E-03
 347   0.143189E-03   0.640113E-03   0.263441E-01   0.289552E-02   0.400000E-03
 348   0.721126E-03   0.877571E-03   0.289286E-01   0.201115E-02   0.300000E-03
 349  -0.256997E-03   0.647481E-03   0.300497E-01   0.284971E-02   0.250000E-03
 350   0.674016E-03   0.113405E-02   0.320665E-01   0.316074E-02   0.300000E-03
 351   0.291766E-03  -0.100801E-02   0.328073E-01   0.307725E-02   0.350000E-03
 352  -0.804945E-03  -0.608720E-03   0.344974E-01   0.308940E-02   0.400000E-03
 353  -0.386294E-03  -0.341037E-03   0.359002E-01   0.302447E-02   0.200000E-03
 354  -0.387529E-03  -0.418490E-03   0.372535E-01   0.220064E-02   0.250000E-03
 355  -0.335592E-03   0.190582E-03   0.380432E-01   0.203694E-02   0.300000E-03
 356   0.534785E-03  -0.166653E-03   0.393796E-01   0.162119E-02   0.200000E-03
 357   0.747183E-04   0.669092E-04   0.408216E-01   0.179837E-02   0.300000E-03
 358  -0.216179E-03  -0.106998E-02   0.416788E-01   0.134740E-02   0.250000E-03
 359  -0.833283E-03  -0.116821E-03   0.442653E-01   0.531768E-02   0.250000E-03
 360  -0.126107E-02  -0.953932E-03   0.448001E-01   0.418153E-02   0.200000E-03
 361  -0.156925E-03   0.636783E-03   0.683110E-03   0.281989E-02   0.400000E-03
 362   0.775363E-03   0.730218E-03   0.148129E-02   0.279964E-02   0.400000E-03
 363  -0.918243E-03   0.133739E-02   0.311454E-02   0.201096E-02   0.250000E-03
 364   0.758526E-03  -0.306397E-03   0.491126E-02   0.255195E-02   0.300000E-03
 365  -0.880876E-03   0.468042E-03   0.587695E-02   0.316536E-02   0.300000E-03
 366  -0.421185E-03  -0.157422E-03   0.615854E-02   0.374136E-02   0.300000E-03
 367  -0.817309E-03  -0.387958E-03   0.872189E-02   0.334609E-02   0.200000E-03
 368  -0.712533E-03   0.712684E-03   0.103362E-01   0.312593E-02   0.300000E-03
 369  -0.364239E-03   0.512535E-03   0.118486E-01   0.300057E-02   0.350000E-03
 370  -0.126708E-02  -0.183932E-03   0.127967E-01   0.257696E-02   0.400000E-03
 371  -0.575404E-03  -0.275979E-03   0.137334E-01   0.287931E-02   0.300000E-03
 372  -0.202258E-02  -0.163718E-03   0.150073E-01   0.330818E-02   0.400000E-03
 373  -0.187945E-02  -0.386662E-03   0.156000E-01   0.293022E-02   0.300000E-03
 374  -0.415283E-03  -0.233977E-03   0.163492E-01   0.316914E-02   0.400000E-03
 375  -0.409160E-03   0.250640E-03   0.174982E-01   0.393651E-02   0.450000E-03
 376  -0.237331E-03   0.971784E-04   0.186198E-01   0.308904E-02   0.200000E-03
 377  -0.382404E-03   0.404981E-03   0.195523E-01   0.379539E-02   0.350000E-03
 378   0.335182E-03   0.326699E-03   0.210719E-01   0.264958E-02   0.300000E-03
 379  -0.773982E-03   0.378407E-03   0.211467E-01   0.330186E-02   0.350000E-03
 380  -0.441615E-03   0.319432E-04   0.219801E-01   0.341394E-02   0.350000E-03
 381  -0.782804E-03  -0.416491E-04   0.244062E-01   0.341198E-02   0.350000E-03
 382   0.862880E-04   0.730699E-03   0.266923E-01   0.349304E-02   0.300000E-03
 383  -0.899363E-03   0.995896E-04   0.278008E-01   0.243058E-02   0.250000E-03
 384   0.105082E-02   0.869173E-03   0.284799E-01   0.240065E-02   0.300000E-03
 385   0.529486E-03   0.323963E-03   0.291112E-01   0.258249E-02   0.300000E-03
 386  -0.158555E-03   0.126256E-02   0.306927E-01   0.268090E-02   0.300000E-03
 387  -0.259031E-03   0.968033E-04   0.324572E-01   0.367474E-02   0.350000E-03
 388  -0.117769E-02   0.662784E-04   0.354271E-01   0.345840E-02   0.450000E-03
 389  -0.553608E-03  -0.427104E-03   0.360815E-01   0.337822E-02   0.200000E-03
 390  -0.842678E-03  -0.248027E-03   0.364906E-01   0.292856E-02   0.400000E-03
 391  -0.138287E-03  -0.128759E-03   0.376960E-01   0.252479E-02   0.300000E-03
 392   0.102030E-02  -0.305581E-03   0.390525E-01   0.192754E-02   0.250000E-03
 393   0.409026E-03  -0.393364E-03   0.396217E-01   0.211349E-02   0.350000E-03
 394   0.434432E-03  -0.129178E-02   0.422195E-01   0.126096E-02   0.300000E-03
 395   0.163236E-02  -0.111153E-02   0.438974E-01   0.146662E-02   0.300000E-03
 396   0.149778E-02  -0.111353E-02   0.444080E-01   0.241444E-02   0.200000E-03
 397   0.155348E-03   0.492521E-03   0.973173E-03   0.356331E-02   0.400000E-03
 398  -0.765193E-04   0.417347E-03   0.270580E-02   0.237877E-02   0.300000E-03
 399   0.144663E-03  -0.873106E-05   0.350660E-02   0.239647E-02   0.300000E-03
 400  -0.391830E-04  -0.610472E-03   0.422326E-02   0.245455E-02   0.400000E-03
 401  -0.668222E-04  -0.108831E-03   0.573132E-02   0.399815E-02   0.200000E-03
 402  -0.372171E-03   0.153733E-03   0.726070E-02   0.346720E-02   0.350000E-03
 403  -0.876541E-03   0.302402E-03   0.851737E-02   0.374213E-02   0.250000E-03
 404  -0.182863E-03   0.181065E-03   0.906589E-02   0.370745E-02   0.300000E-03
 405  -0.143520E-02  -0.128655E-03   0.119641E-01   0.353830E-02   0.200000E-03
 406  -0.155892E-02   0.105634E-03   0.125241E-01   0.332281E-02   0.400000E-03
 407  -0.111921E-02  -0.479430E-04   0.131997E-01   0.314855E-02   0.300000E-03
 408  -0.460602E-03  -0.330649E-03   0.142130E-01   0.338736E-02   0.400000E-03
 409  -0.162467E-02  -0.587952E-04   0.157094E-01   0.356465E-02   0.350000E-03
 410  -0.761288E-03   0.566117E-03   0.161656E-01   0.402206E-02   0.300000E-03
 411  -0.232608E-03   0.112198E-02   0.167019E-01   0.428722E-02   0.300000E-03
 412  -0.414509E-03   0.261623E-03   0.182646E-01   0.357144E-02   0.400000E-03
 413  -0.663695E-03   0.352155E-04   0.202383E-01   0.398723E-02   0.300000E-03
 414  -0.467237E-03  -0.276178E-04   0.207447E-01   0.374643E-02   0.250000E-03
 415  -0.324740E-03   0.957444E-04   0.208051E-01   0.439169E-02   0.400000E-03
 416  -0.385616E-03   0.116692E-03   0.223630E-01   0.405742E-02   0.400000E-03
 417   0.113570E-03  -0.237620E-03   0.233123E-01   0.360104E-02   0.300000E-03
 418   0.237477E-03   0.375508E-03   0.250559E-01   0.365554E-02   0.350000E-03
 419   0.113247E-02   0.590690E-03   0.277182E-01   0.307828E-02   0.350000E-03
 420   0.863244E-03   0.100580E-02   0.282868E-01   0.290740E-02   0.250000E-03
 421   0.206796E-03   0.726450E-03   0.295168E-01   0.311476E-02   0.350000E-03
 422  -0.979813E-03   0.920074E-03   0.313234E-01   0.308158E-02   0.450000E-03
 423  -0.868702E-03  -0.494367E-03   0.338117E-01   0.338151E-02   0.350000E-03
 424  -0.782301E-03  -0.100722E-03   0.347375E-01   0.374617E-02   0.300000E-03
 425  -0.872263E-03  -0.527453E-03   0.370021E-01   0.340129E-02   0.300000E-03
 426   0.296116E-03  -0.383206E-03   0.371822E-01   0.282917E-02   0.300000E-03
 427  -0.186673E-03  -0.544505E-03   0.380420E-01   0.312389E-02   0.300000E-03
 428   0.680517E-04   0.136219E-03   0.385864E-01   0.210242E-02   0.250000E-03
 429  -0.395029E-03   0.143028E-03   0.402369E-01   0.191639E-02   0.300000E-03
 430  -0.102231E-03  -0.925318E-03   0.419320E-01   0.188653E-02   0.350000E-03
 431   0.661383E-03  -0.106008E-02   0.426725E-01   0.179277E-02   0.400000E-03
 432   0.134511E-02  -0.112864E-02   0.432999E-01   0.148595E-02   0.300000E-03
 433   0.217979E-04   0.443684E-03   0.347431E-03   0.404096E-02   0.350000E-03
 434   0.273498E-02   0.430515E-03   0.162101E-02   0.191493E-02   0.200000E-03
 435   0.188719E-03  -0.409789E-04   0.316991E-02   0.294337E-02   0.350000E-03
 436   0.240132E-03  -0.773507E-03   0.527640E-02   0.295898E-02   0.250000E-03
 437  -0.330235E-03  -0.632574E-03   0.565768E-02   0.360947E-02   0.200000E-03
 438  -0.198234E-03   0.186015E-04   0.674558E-02   0.386150E-02   0.300000E-03
 439  -0.289038E-03   0.209961E-03   0.792696E-02   0.365886E-02   0.350000E-03
 440  -0.151157E-03   0.313408E-03   0.108779E-01   0.378319E-02   0.200000E-03
 441  -0.291234E-03   0.763541E-03   0.109123E-01   0.328714E-02   0.300000E-03
 442  -0.525914E-03  -0.151544E-03   0.130754E-01   0.375373E-02   0.300000E-03
 443  -0.130302E-02  -0.182087E-03   0.135825E-01   0.354175E-02   0.250000E-03
 444  -0.176753E-02   0.588384E-03   0.152081E-01   0.397589E-02   0.300000E-03
 445  -0.126265E-02   0.123941E-02   0.156607E-01   0.450460E-02   0.400000E-03
 446  -0.702910E-03   0.126925E-02   0.162579E-01   0.450843E-02   0.200000E-03
 447  -0.756176E-03   0.874404E-03   0.171962E-01   0.462061E-02   0.300000E-03
 448  -0.520565E-03   0.128159E-03   0.182830E-01   0.446877E-02   0.500000E-03
 449  -0.235911E-03   0.902108E-04   0.191763E-01   0.444162E-02   0.400000E-03
 450  -0.696924E-03   0.808103E-04   0.198715E-01   0.445886E-02   0.300000E-03
 451  -0.835256E-03   0.431926E-03   0.214839E-01   0.397120E-02   0.400000E-03
 452  -0.814229E-03   0.492453E-03   0.218643E-01   0.461521E-02   0.350000E-03
 453  -0.142766E-03   0.560260E-03   0.239675E-01   0.395884E-02   0.350000E-03
 454  -0.573426E-04   0.449704E-03   0.256799E-01   0.334129E-02   0.350000E-03
 455   0.285805E-04   0.801255E-03   0.269230E-01   0.305174E-02   0.200000E-03
 456   0.344648E-03   0.566543E-03   0.288229E-01   0.316484E-02   0.350000E-03
 457  -0.410540E-04   0.710195E-03   0.304461E-01   0.322482E-02   0.300000E-03
 458   0.159333E-04   0.729278E-03   0.306923E-01   0.381604E-02   0.350000E-03
 459  -0.124968E-02   0.514785E-04   0.317653E-01   0.374972E-02   0.350000E-03
 460  -0.641713E-03  -0.158730E-03   0.341984E-01   0.383776E-02   0.250000E-03
 461  -0.727305E-03  -0.523326E-03   0.364825E-01   0.357663E-02   0.250000E-03
 462   0.852302E-03  -0.607748E-03   0.376605E-01   0.428801E-02   0.300000E-03
 463  -0.342266E-03  -0.355213E-03   0.382898E-01   0.258040E-02   0.300000E-03
 464  -0.720040E-04  -0.712656E-04   0.390284E-01   0.264119E-02   0.450000E-03
 465  -0.307649E-03  -0.198101E-03   0.407136E-01   0.238503E-02   0.300000E-03
 466  -0.798600E-03  -0.331435E-03   0.411701E-01   0.258543E-02   0.200000E-03
 467   0.116541E-02  -0.487789E-03   0.435629E-01   0.256195E-02   0.250000E-03
 468   0.771458E-03   0.602339E-03   0.435825E-01   0.383438E-02   0.350000E-03
 469   0.117812E-03   0.623730E-03   0.105501E-02   0.440787E-02   0.450000E-03
 470   0.131232E-03   0.541600E-03   0.217716E-02   0.286444E-02   0.300000E-03
 471  -0.339341E-04  -0.191135E-03   0.388200E-02   0.317402E-02   0.400000E-03
 472   0.468155E-03   0.140007E-02   0.458353E-02   0.305432E-02   0.300000E-03
 473   0.141682E-03  -0.566311E-03   0.506037E-02   0.356824E-02   0.400000E-03
 474  -0.726611E-03   0.619137E-03   0.745638E-02   0.402769E-02   0.250000E-03
 475  -0.382998E-03   0.574109E-03   0.808817E-02   0.433860E-02   0.350000E-03
 476  -0.612691E-04   0.286298E-03   0.954407E-02   0.406885E-02   0.300000E-03
 477   0.225973E-03   0.531818E-03   0.113000E-01   0.297192E-02   0.200000E-03
 478  -0.152491E-02  -0.812963E-04   0.122457E-01   0.401127E-02   0.350000E-03
 479  -0.640119E-03   0.997969E-03   0.141931E-01   0.403413E-02   0.250000E-03
 480  -0.572059E-03   0.426759E-03   0.146611E-01   0.385792E-02   0.250000E-03
 481  -0.801887E-03  -0.118638E-03   0.147973E-01   0.433880E-02   0.250000E-03
 482  -0.738151E-03   0.191175E-03   0.162540E-01   0.510219E-02   0.400000E-03
 483  -0.699812E-03   0.531471E-04   0.169508E-01   0.516807E-02   0.300000E-03
 484  -0.290502E-03   0.861873E-03   0.185532E-01   0.521912E-02   0.300000E-03
 485   0.463129E-03   0.129139E-02   0.195513E-01   0.508923E-02   0.350000E-03
 486  -0.295937E-03   0.693212E-03   0.201966E-01   0.496121E-02   0.300000E-03
 487  -0.443467E-03   0.140538E-03   0.212689E-01   0.497622E-02   0.350000E-03
 488  -0.511392E-03   0.182327E-03   0.217864E-01   0.515881E-02   0.200000E-03
 489  -0.374466E-03   0.735003E-03   0.245651E-01   0.399777E-02   0.250000E-03
 490   0.287362E-03   0.114116E-02   0.272263E-01   0.340207E-02   0.250000E-03
 491   0.640073E-03   0.158917E-03   0.282444E-01   0.345795E-02   0.300000E-03
 492   0.259191E-03   0.661915E-03   0.292212E-01   0.379750E-02   0.400000E-03
 493   0.791985E-03   0.497328E-03   0.299659E-01   0.358405E-02   0.300000E-03
 494   0.981751E-03   0.394584E-03   0.312241E-01   0.372090E-02   0.200000E-03
 495  -0.378584E-03   0.401960E-04   0.328872E-01   0.401040E-02   0.200000E-03
 496  -0.593814E-03  -0.380422E-03   0.359398E-01   0.419237E-02   0.350000E-03
 497  -0.584174E-03  -0.528633E-03   0.361126E-01   0.372513E-02   0.150000E-03
 498   0.415426E-03  -0.959244E-03   0.373757E-01   0.381754E-02   0.250000E-03
 499   0.151080E-03  -0.755832E-03   0.375449E-01   0.334773E-02   0.250000E-03
 500  -0.284049E-03  -0.462719E-03   0.394093E-01   0.310439E-02   0.150000E-03
 501  -0.336360E-03  -0.296315E-03   0.401709E-01   0.246060E-02   0.250000E-03
 502  -0.845370E-03  -0.554022E-03   0.413265E-01   0.211521E-02   0.300000E-03
 503   0.317951E-03  -0.275672E-03   0.429689E-01   0.263647E-02   0.350000E-03
 504   0.105401E-02  -0.830523E-03   0.433071E-01   0.208208E-02   0.300000E-03
 505   0.267726E-03   0.399280E-03   0.165142E-02   0.387704E-02   0.350000E-03
 506   0.339924E-03   0.179012E-03   0.186886E-02   0.331903E-02   0.250000E-03
 507  -0.112058E-03  -0.641226E-05   0.332978E-02   0.352107E-02   0.250000E-03
 508  -0.459921E-03  -0.508367E-03   0.437041E-02   0.367374E-02   0.300000E-03
 509  -0.519358E-04  -0.351360E-04   0.607555E-02   0.428428E-02   0.250000E-03
 510  -0.449666E-03   0.727769E-03   0.748251E-02   0.456925E-02   0.300000E-03
 511  -0.992759E-03   0.676521E-04   0.875134E-02   0.423564E-02   0.300000E-03
 512  -0.475765E-03   0.385521E-03   0.103306E-01   0.377180E-02   0.350000E-03
 513  -0.483565E-03   0.680491E-03   0.114609E-01   0.352005E-02   0.300000E-03
 514  -0.991128E-03   0.338924E-03   0.128676E-01   0.442296E-02   0.400000E-03
 515  -0.131181E-02   0.111925E-02   0.136028E-01   0.414047E-02   0.350000E-03
 516  -0.837360E-03  -0.137247E-03   0.142740E-01   0.462587E-02   0.350000E-03
 517  -0.394873E-03   0.972195E-04   0.151163E-01   0.457958E-02   0.150000E-03
 518  -0.101407E-02   0.176179E-03   0.154739E-01   0.527710E-02   0.400000E-03
 519  -0.684309E-03   0.628880E-03   0.176705E-01   0.505307E-02   0.350000E-03
 520   0.399319E-03   0.129798E-02   0.190675E-01   0.552315E-02   0.300000E-03
 521  -0.330320E-03   0.500354E-03   0.200524E-01   0.564534E-02   0.400000E-03
 522   0.923035E-03   0.165070E-02   0.206330E-01   0.529307E-02   0.250000E-03
 523  -0.521682E-03   0.543648E-03   0.217676E-01   0.560628E-02   0.250000E-03
 524  -0.844788E-04   0.163532E-03   0.230570E-01   0.414083E-02   0.300000E-03
 525   0.203561E-03   0.348495E-03   0.251121E-01   0.440227E-02   0.400000E-03
 526   0.167205E-03   0.594165E-03   0.255742E-01   0.395086E-02   0.250000E-03
 527   0.564326E-03   0.158595E-02   0.277022E-01   0.372790E-02   0.300000E-03
 528   0.379168E-03  -0.889838E-04   0.291059E-01   0.453791E-02   0.350000E-03
 529   0.297148E-03   0.767259E-03   0.304386E-01   0.440409E-02   0.300000E-03
 530  -0.318892E-03   0.515700E-04   0.321500E-01   0.406912E-02   0.150000E-03
 531   0.370750E-03  -0.171115E-02   0.330488E-01   0.357133E-02   0.200000E-03
 532  -0.119259E-02  -0.174863E-03   0.351961E-01   0.427434E-02   0.400000E-03
 533  -0.899115E-03  -0.622089E-03   0.368506E-01   0.398029E-02   0.300000E-03
 534  -0.500243E-03  -0.481038E-03   0.382386E-01   0.444866E-02   0.300000E-03
 535   0.325747E-03  -0.451535E-03   0.379217E-01   0.374780E-02   0.300000E-03
 536  -0.759795E-04  -0.261164E-03   0.387104E-01   0.314736E-02   0.150000E-03
 537  -0.379173E-03  -0.505255E-03   0.404504E-01   0.274535E-02   0.150000E-03
 538  -0.257367E-03  -0.182691E-03   0.417690E-01   0.251433E-02   0.300000E-03
 539   0.226616E-03  -0.292942E-03   0.423589E-01   0.241500E-02   0.300000E-03
 540   0.153312E-02  -0.381636E-03   0.439692E-01   0.284614E-02   0.250000E-03
 541  -0.956351E-04  -0.771857E-03   0.472001E-02   0.857535E-02   0.300000E-03
 542  -0.102893E-03   0.184612E-03   0.258071E-02   0.355053E-02   0.500000E-03
 543  -0.130650E-03   0.353507E-04   0.376181E-02   0.386017E-02   0.300000E-03
 544  -0.598647E-03  -0.177873E-03   0.419821E-02   0.419453E-02   0.250000E-03
 545   0.278593E-03  -0.292936E-03   0.531494E-02   0.416374E-02   0.250000E-03
 546  -0.919442E-03  -0.134164E-03   0.857818E-02   0.496447E-02   0.450000E-03
 547  -0.192984E-03   0.619187E-03   0.923878E-02   0.458358E-02   0.300000E-03
 548  -0.120862E-03   0.594042E-04   0.976272E-02   0.451514E-02   0.200000E-03
 549  -0.301012E-03  -0.273346E-03   0.110778E-01   0.434597E-02   0.400000E-03
 550  -0.782638E-03  -0.383363E-04   0.116474E-01   0.403437E-02   0.250000E-03
 551  -0.127222E-02   0.902573E-04   0.135388E-01   0.493712E-02   0.450000E-03
 552  -0.882697E-03   0.424953E-03   0.142379E-01   0.532191E-02   0.350000E-03
 553  -0.458365E-03  -0.223764E-03   0.148278E-01   0.485639E-02   0.250000E-03
 554  -0.104987E-02   0.331439E-03   0.150995E-01   0.580212E-02   0.250000E-03
 555  -0.925484E-03   0.453666E-03   0.160161E-01   0.586427E-02   0.400000E-03
 556  -0.535090E-03   0.988660E-03   0.180657E-01   0.556565E-02   0.300000E-03
 557  -0.368181E-03   0.628595E-03   0.188092E-01   0.484992E-02   0.150000E-03
 558  -0.233197E-03   0.682929E-03   0.211300E-01   0.570960E-02   0.400000E-03
 559  -0.437087E-03   0.557686E-03   0.225504E-01   0.467951E-02   0.250000E-03
 560  -0.158836E-03   0.421781E-03   0.236376E-01   0.445422E-02   0.250000E-03
 561   0.490235E-04   0.319611E-03   0.258583E-01   0.447733E-02   0.350000E-03
 562   0.522443E-04   0.659009E-03   0.261614E-01   0.384823E-02   0.350000E-03
 563   0.688069E-03   0.194080E-03   0.284897E-01   0.411166E-02   0.400000E-03
 564   0.533424E-03   0.164474E-02   0.285079E-01   0.481118E-02   0.300000E-03
 565   0.507756E-03   0.600462E-03   0.298138E-01   0.425007E-02   0.350000E-03
 566  -0.145330E-02  -0.140958E-03   0.312658E-01   0.437371E-02   0.450000E-03
 567  -0.147778E-02  -0.150204E-02   0.332598E-01   0.329028E-02   0.150000E-03
 568  -0.840410E-03   0.800810E-07   0.338543E-01   0.382767E-02   0.100000E-03
 569  -0.636851E-03   0.501302E-03   0.369837E-01   0.451085E-02   0.250000E-03
 570  -0.649821E-03   0.119501E-03   0.378127E-01   0.487019E-02   0.300000E-03
 571   0.903747E-04  -0.407906E-03   0.384802E-01   0.352924E-02   0.300000E-03
 572  -0.317061E-03  -0.438119E-03   0.390771E-01   0.340713E-02   0.300000E-03
 573  -0.287941E-03  -0.257104E-03   0.397536E-01   0.281538E-02   0.300000E-03
 574  -0.343191E-03   0.400791E-03   0.414275E-01   0.323356E-02   0.500000E-03
 575  -0.449315E-04   0.968714E-04   0.421404E-01   0.291785E-02   0.250000E-03
 576   0.135656E-02  -0.393269E-03   0.444196E-01   0.385728E-02   0.300000E-03
 577   0.101880E-04  -0.266380E-03   0.302974E-03   0.468764E-02   0.300000E-03
 578  -0.353015E-03   0.396327E-03   0.261485E-02   0.439388E-02   0.350000E-03
 579  -0.167244E-03  -0.669212E-04   0.476510E-02   0.439437E-02   0.350000E-03
 580   0.348128E-03   0.227997E-03   0.543022E-02   0.464908E-02   0.250000E-03
 581  -0.148991E-04   0.374709E-03   0.708006E-02   0.416229E-02   0.150000E-03
 582  -0.155580E-03  -0.308372E-03   0.793567E-02   0.486664E-02   0.200000E-03
 583  -0.440628E-03  -0.430062E-03   0.994948E-02   0.492184E-02   0.250000E-03
 584  -0.673903E-03  -0.298708E-03   0.103404E-01   0.446922E-02   0.350000E-03
 585  -0.694719E-03  -0.639180E-03   0.107034E-01   0.517892E-02   0.450000E-03
 586  -0.962873E-03  -0.330804E-03   0.118672E-01   0.453647E-02   0.300000E-03
 587  -0.285661E-03  -0.503658E-04   0.123374E-01   0.470219E-02   0.200000E-03
 588  -0.122635E-02   0.165911E-03   0.136705E-01   0.557308E-02   0.200000E-03
 589  -0.110949E-02   0.285645E-03   0.148335E-01   0.537898E-02   0.250000E-03
 590  -0.872629E-03   0.401186E-03   0.154555E-01   0.607637E-02   0.200000E-03
 591  -0.643977E-03   0.459983E-03   0.173649E-01   0.556263E-02   0.250000E-03
 592  -0.556008E-03   0.677053E-03   0.181174E-01   0.616082E-02   0.300000E-03
 593  -0.236716E-03   0.593649E-03   0.194405E-01   0.599023E-02   0.300000E-03
 594  -0.218108E-03   0.581236E-03   0.205625E-01   0.619431E-02   0.350000E-03
 595  -0.899409E-03   0.363977E-03   0.221746E-01   0.506762E-02   0.200000E-03
 596   0.134249E-05   0.503756E-03   0.231411E-01   0.478396E-02   0.350000E-03
 597  -0.336470E-03   0.458178E-03   0.243416E-01   0.460633E-02   0.400000E-03
 598  -0.122403E-03   0.472407E-03   0.265571E-01   0.442134E-02   0.350000E-03
 599   0.151667E-03   0.970800E-03   0.271062E-01   0.398793E-02   0.350000E-03
 600   0.520955E-03   0.583189E-03   0.298507E-01   0.489660E-02   0.300000E-03
 601   0.685368E-04   0.583999E-03   0.304813E-01   0.504392E-02   0.350000E-03
 602   0.602601E-03  -0.597252E-04   0.309558E-01   0.488711E-02   0.150000E-03
 603  -0.482085E-03  -0.534424E-03   0.330309E-01   0.453914E-02   0.350000E-03
 604  -0.121562E-02   0.295946E-03   0.334320E-01   0.396623E-02   0.350000E-03
 605  -0.129967E-03   0.198725E-03   0.363977E-01   0.478426E-02   0.400000E-03
 606  -0.248174E-03   0.351393E-03   0.385049E-01   0.515052E-02   0.450000E-03
 607  -0.344824E-05  -0.998643E-03   0.386204E-01   0.405551E-02   0.250000E-03
 608  -0.508510E-03  -0.785407E-03   0.396741E-01   0.346778E-02   0.300000E-03
 609  -0.631662E-03  -0.338024E-03   0.402703E-01   0.320715E-02   0.350000E-03
 610  -0.693018E-03  -0.843966E-03   0.408924E-01   0.279762E-02   0.150000E-03
 611   0.161873E-03   0.442786E-03   0.428123E-01   0.362673E-02   0.450000E-03
 612   0.114846E-02  -0.295629E-03   0.434482E-01   0.314714E-02   0.350000E-03
 613  -0.457452E-03   0.369738E-03   0.104112E-01   0.864378E-02   0.350000E-03
 614   0.140784E-04   0.342214E-03   0.313684E-02   0.455748E-02   0.200000E-03
 615  -0.240525E-03   0.499958E-03   0.368144E-02   0.450199E-02   0.350000E-03
 616   0.126220E-03   0.257647E-03   0.568091E-02   0.434150E-02   0.150000E-03
 617  -0.189891E-03  -0.747800E-04   0.663232E-02   0.449937E-02   0.350000E-03
 618  -0.853929E-03  -0.197014E-03   0.811983E-02   0.555514E-02   0.300000E-03
 619  -0.351442E-03   0.152629E-03   0.929567E-02   0.517977E-02   0.300000E-03
 620  -0.320522E-03   0.113025E-03   0.987429E-02   0.556507E-02   0.400000E-03
 621  -0.447265E-03   0.795222E-04   0.113937E-01   0.536662E-02   0.250000E-03
 622  -0.394317E-03  -0.532247E-03   0.114420E-01   0.487693E-02   0.250000E-03
 623  -0.601656E-03  -0.504669E-03   0.126632E-01   0.514446E-02   0.350000E-03
 624  -0.874345E-03   0.454720E-03   0.139913E-01   0.581177E-02   0.200000E-03
 625  -0.734230E-03   0.646133E-03   0.145210E-01   0.595625E-02   0.350000E-03
 626  -0.349630E-03   0.769280E-03   0.166284E-01   0.550026E-02   0.150000E-03
 627  -0.661990E-03   0.466329E-03   0.169310E-01   0.566882E-02   0.200000E-03
 628  -0.575431E-03   0.808043E-03   0.175227E-01   0.608463E-02   0.300000E-03
 629  -0.297221E-03   0.626065E-03   0.187268E-01   0.659008E-02   0.450000E-03
 630  -0.529459E-03   0.189356E-03   0.217808E-01   0.615598E-02   0.300000E-03
 631  -0.193133E-03   0.791033E-03   0.226708E-01   0.530030E-02   0.350000E-03
 632  -0.182717E-03   0.368048E-03   0.237566E-01   0.498940E-02   0.300000E-03
 633  -0.493228E-03   0.940201E-04   0.245911E-01   0.520412E-02   0.250000E-03
 634   0.143718E-03   0.474730E-03   0.270912E-01   0.453512E-02   0.200000E-03
 635  -0.381905E-03   0.548604E-03   0.277329E-01   0.448004E-02   0.450000E-03
 636   0.604528E-03   0.625556E-03   0.293107E-01   0.515301E-02   0.300000E-03
 637   0.161641E-03   0.508952E-03   0.302816E-01   0.565813E-02   0.300000E-03
 638  -0.109972E-02   0.555913E-03   0.321475E-01   0.475041E-02   0.350000E-03
 639  -0.566309E-03  -0.350924E-03   0.342856E-01   0.479984E-02   0.250000E-03
 640  -0.655063E-03  -0.226888E-03   0.344986E-01   0.429647E-02   0.300000E-03
 641  -0.601748E-03  -0.335601E-03   0.368744E-01   0.529428E-02   0.300000E-03
 642  -0.982200E-03   0.104553E-03   0.372685E-01   0.491425E-02   0.250000E-03
 643   0.442379E-03   0.228790E-03   0.388000E-01   0.451714E-02   0.250000E-03
 644  -0.231357E-03  -0.357056E-03   0.392839E-01   0.407577E-02   0.400000E-03
 645   0.766314E-03   0.794667E-03   0.417283E-01   0.386521E-02   0.200000E-03
 646  -0.104088E-02  -0.203474E-03   0.407893E-01   0.335565E-02   0.150000E-03
 647  -0.701516E-05   0.356489E-04   0.425777E-01   0.302161E-02   0.200000E-03
 648   0.148811E-02  -0.509842E-03   0.448030E-01   0.354067E-02   0.200000E-03
 649   0.425686E-03   0.509116E-04   0.719187E-03   0.496410E-02   0.200000E-03
 650  -0.198682E-03   0.111856E-03   0.266204E-02   0.508619E-02   0.350000E-03
 651   0.683046E-04   0.115967E-03   0.319661E-02   0.406072E-02   0.300000E-03
 652  -0.421298E-03   0.507978E-03   0.458023E-02   0.498970E-02   0.200000E-03
 653  -0.210251E-03   0.183886E-04   0.656103E-02   0.499218E-02   0.150000E-03
 654  -0.556273E-03  -0.138228E-03   0.748512E-02   0.526260E-02   0.400000E-03
 655  -0.785830E-03   0.996878E-04   0.875377E-02   0.574372E-02   0.350000E-03
 656  -0.436741E-03   0.195730E-03   0.932796E-02   0.591487E-02   0.250000E-03
 657  -0.601315E-03  -0.124370E-03   0.104480E-01   0.595892E-02   0.300000E-03
 658  -0.960211E-03  -0.160773E-03   0.119642E-01   0.517835E-02   0.350000E-03
 659  -0.618617E-03  -0.491906E-03   0.131387E-01   0.550970E-02   0.250000E-03
 660  -0.522443E-03   0.139877E-03   0.136065E-01   0.627083E-02   0.400000E-03
 661  -0.952282E-03   0.448519E-03   0.150362E-01   0.634687E-02   0.300000E-03
 662  -0.897443E-03   0.504932E-03   0.163495E-01   0.647619E-02   0.300000E-03
 663  -0.676961E-03   0.227535E-03   0.166530E-01   0.601967E-02   0.250000E-03
 664  -0.595607E-03   0.663195E-03   0.177598E-01   0.657750E-02   0.250000E-03
 665  -0.346609E-03   0.504352E-03   0.199301E-01   0.633362E-02   0.300000E-03
 666  -0.488698E-03   0.949980E-03   0.211834E-01   0.640641E-02   0.300000E-03
 667  -0.213865E-03   0.690572E-03   0.222754E-01   0.581205E-02   0.300000E-03
 668  -0.176613E-03   0.268692E-03   0.233272E-01   0.540642E-02   0.300000E-03
 669  -0.379031E-03   0.509667E-03   0.248042E-01   0.479554E-02   0.100000E-03
 670   0.396996E-03  -0.227238E-03   0.262961E-01   0.490202E-02   0.200000E-03
 671   0.354595E-03   0.513990E-03   0.284365E-01   0.530577E-02   0.200000E-03
 672  -0.697585E-03  -0.164607E-05   0.280389E-01   0.510737E-02   0.250000E-03
 673  -0.324595E-03   0.143177E-03   0.309831E-01   0.551894E-02   0.350000E-03
 674  -0.115156E-02   0.638391E-03   0.315541E-01   0.511890E-02   0.350000E-03
 675  -0.302592E-03  -0.513355E-03   0.324990E-01   0.426866E-02   0.250000E-03
 676  -0.121271E-02  -0.318147E-03   0.347842E-01   0.477626E-02   0.250000E-03
 677  -0.578128E-03   0.248150E-03   0.369636E-01   0.598680E-02   0.400000E-03
 678  -0.729056E-03  -0.370030E-03   0.374144E-01   0.539087E-02   0.250000E-03
 679   0.110086E-03   0.212935E-03   0.390946E-01   0.542038E-02   0.200000E-03
 680   0.287703E-03   0.743355E-04   0.392619E-01   0.489756E-02   0.350000E-03
 681  -0.232026E-03   0.271823E-03   0.410987E-01   0.390321E-02   0.250000E-03
 682   0.104127E-04   0.484225E-03   0.421503E-01   0.341600E-02   0.250000E-03
 683   0.767772E-03   0.604403E-03   0.440293E-01   0.455238E-02   0.500000E-03
 684   0.160546E-02  -0.626111E-04   0.440483E-01   0.338923E-02   0.300000E-03
 685  -0.378871E-04   0.513818E-03   0.348311E-03   0.740949E-02   0.350000E-03
 686  -0.957606E-04   0.262585E-03   0.332625E-02   0.567286E-02   0.350000E-03
 687  -0.689367E-04   0.187652E-03   0.330644E-02   0.502700E-02   0.300000E-03
 688   0.178051E-04   0.405506E-03   0.502473E-02   0.493507E-02   0.250000E-03
 689   0.648046E-04   0.200908E-03   0.706342E-02   0.483671E-02   0.200000E-03
 690  -0.432110E-03   0.209252E-03   0.760885E-02   0.599539E-02   0.350000E-03
 691  -0.516204E-03   0.284002E-03   0.876663E-02   0.651755E-02   0.350000E-03
 692  -0.302286E-03   0.265808E-03   0.988251E-02   0.626295E-02   0.300000E-03
 693  -0.677155E-03   0.104431E-03   0.103743E-01   0.650181E-02   0.250000E-03
 694  -0.359409E-03  -0.401175E-04   0.110911E-01   0.587751E-02   0.350000E-03
 695  -0.123583E-02   0.857190E-03   0.128866E-01   0.605360E-02   0.350000E-03
 696  -0.225530E-04  -0.355063E-03   0.146141E-01   0.726984E-02   0.250000E-03
 697  -0.364552E-03  -0.239709E-03   0.143152E-01   0.667419E-02   0.400000E-03
 698  -0.810871E-03   0.505991E-03   0.156706E-01   0.663547E-02   0.400000E-03
 699  -0.384159E-03   0.628053E-03   0.170683E-01   0.667843E-02   0.450000E-03
 700  -0.545701E-03   0.763524E-03   0.181029E-01   0.700498E-02   0.300000E-03
 701  -0.493957E-03   0.613870E-03   0.194659E-01   0.670963E-02   0.300000E-03
 702  -0.249465E-03   0.545633E-03   0.203353E-01   0.690337E-02   0.400000E-03
 703  -0.315641E-03   0.573857E-03   0.229503E-01   0.599472E-02   0.400000E-03
 704  -0.396592E-03  -0.687648E-04   0.240849E-01   0.560621E-02   0.400000E-03
 705   0.245789E-03  -0.124432E-03   0.250650E-01   0.504929E-02   0.250000E-03
 706  -0.768244E-04  -0.244843E-05   0.258818E-01   0.507491E-02   0.250000E-03
 707   0.424705E-03  -0.287996E-04   0.268969E-01   0.509854E-02   0.400000E-03
 708   0.505592E-03   0.593421E-03   0.297780E-01   0.544052E-02   0.250000E-03
 709  -0.102944E-02   0.268740E-04   0.320749E-01   0.529506E-02   0.200000E-03
 710  -0.122742E-02   0.475017E-03   0.326806E-01   0.502443E-02   0.250000E-03
 711  -0.147957E-02  -0.721834E-03   0.337245E-01   0.459834E-02   0.350000E-03
 712  -0.790038E-03   0.272333E-03   0.351104E-01   0.521876E-02   0.300000E-03
 713   0.347728E-03   0.563997E-03   0.381530E-01   0.636234E-02   0.350000E-03
 714   0.104841E-03   0.114121E-03   0.379260E-01   0.570054E-02   0.350000E-03
 715  -0.368999E-03   0.125408E-03   0.388321E-01   0.564850E-02   0.150000E-03
 716  -0.733355E-04   0.230763E-03   0.397380E-01   0.454074E-02   0.250000E-03
 717  -0.519670E-03  -0.787911E-03   0.400769E-01   0.366791E-02   0.150000E-03
 718   0.695049E-04   0.260248E-03   0.421756E-01   0.391458E-02   0.250000E-03
 719  -0.277290E-03   0.276558E-03   0.448010E-01   0.547177E-02   0.200000E-03
 720  -0.760870E-03  -0.675256E-03   0.434120E-01   0.730873E-02   0.350000E-03
 721  -0.199758E-03   0.297510E-03   0.215235E-02   0.410196E-02   0.200000E-03
 722  -0.548037E-03   0.189350E-03   0.202046E-02   0.517747E-02   0.300000E-03
 723  -0.566111E-03   0.403404E-03   0.424803E-02   0.469134E-02   0.250000E-03
 724  -0.712595E-04   0.641926E-04   0.601512E-02   0.493077E-02   0.400000E-03
 725   0.453727E-03  -0.640030E-03   0.692862E-02   0.515862E-02   0.150000E-03
 726  -0.293473E-03   0.649402E-04   0.653380E-02   0.553957E-02   0.400000E-03
 727  -0.758948E-03   0.920920E-04   0.824061E-02   0.614184E-02   0.300000E-03
 728  -0.412182E-03   0.293221E-03   0.935575E-02   0.641299E-02   0.250000E-03
 729  -0.880822E-05  -0.364076E-03   0.971249E-02   0.683794E-02   0.300000E-03
 730  -0.875207E-03  -0.870183E-04   0.123373E-01   0.564792E-02   0.250000E-03
 731  -0.376123E-03   0.221890E-03   0.121999E-01   0.624744E-02   0.350000E-03
 732  -0.448339E-03   0.668570E-04   0.130883E-01   0.665842E-02   0.250000E-03
 733  -0.768356E-03  -0.395110E-03   0.149297E-01   0.688459E-02   0.250000E-03
 734  -0.978001E-03   0.662961E-03   0.161833E-01   0.694730E-02   0.200000E-03
 735  -0.130345E-03   0.503125E-03   0.175379E-01   0.732418E-02   0.350000E-03
 736  -0.384654E-03   0.578380E-03   0.190414E-01   0.737899E-02   0.400000E-03
 737  -0.446522E-03   0.678480E-03   0.197276E-01   0.724868E-02   0.300000E-03
 738  -0.666167E-03   0.445430E-03   0.214105E-01   0.706636E-02   0.400000E-03
 739  -0.260473E-03   0.515905E-03   0.223588E-01   0.645400E-02   0.350000E-03
 740  -0.583348E-03   0.279660E-03   0.236629E-01   0.622515E-02   0.350000E-03
 741  -0.476142E-03   0.901106E-04   0.247543E-01   0.567352E-02   0.250000E-03
 742   0.397489E-03  -0.112917E-03   0.263018E-01   0.535098E-02   0.250000E-03
 743  -0.232629E-03  -0.267570E-05   0.275427E-01   0.515122E-02   0.250000E-03
 744  -0.574107E-03   0.731122E-03   0.288183E-01   0.520364E-02   0.200000E-03
 745  -0.116786E-02  -0.342389E-04   0.315596E-01   0.571871E-02   0.250000E-03
 746  -0.103002E-02   0.129699E-02   0.328003E-01   0.561026E-02   0.350000E-03
 747  -0.992319E-04   0.452861E-03   0.332566E-01   0.514782E-02   0.300000E-03
 748  -0.860160E-03   0.274180E-03   0.356531E-01   0.486336E-02   0.350000E-03
 749  -0.190479E-04  -0.528474E-03   0.363075E-01   0.547771E-02   0.300000E-03
 750  -0.239164E-03   0.304341E-04   0.385007E-01   0.587176E-02   0.250000E-03
 751  -0.214410E-03   0.251085E-03   0.391594E-01   0.595027E-02   0.300000E-03
 752  -0.176951E-03   0.220529E-03   0.401920E-01   0.423973E-02   0.300000E-03
 753  -0.102491E-02  -0.249379E-03   0.407475E-01   0.305894E-02   0.150000E-03
 754  -0.214782E-03   0.536268E-03   0.418928E-01   0.419556E-02   0.150000E-03
 755  -0.462192E-03   0.150378E-02   0.425373E-01   0.415782E-02   0.150000E-03
 756  -0.100269E-03   0.236894E-03   0.431111E-01   0.673174E-02   0.300000E-03
 757  -0.423559E-03   0.594160E-03   0.184022E-02   0.455354E-02   0.350000E-03
 758  -0.233299E-03   0.188257E-03   0.402071E-02   0.575157E-02   0.350000E-03
 759  -0.256086E-03   0.994891E-04   0.389868E-02   0.511433E-02   0.300000E-03
 760  -0.896114E-04   0.201697E-03   0.473659E-02   0.563898E-02   0.300000E-03
 761  -0.166794E-03   0.200215E-03   0.541113E-02   0.545382E-02   0.400000E-03
 762  -0.307498E-03   0.920469E-04   0.593489E-02   0.598761E-02   0.350000E-03
 763  -0.404160E-03   0.138664E-03   0.690380E-02   0.624728E-02   0.400000E-03
 764  -0.245134E-04   0.664254E-04   0.817054E-02   0.677507E-02   0.300000E-03
 765  -0.234396E-03   0.141226E-03   0.115229E-01   0.642343E-02   0.350000E-03
 766  -0.881937E-03  -0.291862E-03   0.117411E-01   0.578830E-02   0.300000E-03
 767  -0.562499E-03   0.623274E-04   0.126543E-01   0.655143E-02   0.200000E-03
 768  -0.517105E-03  -0.133074E-03   0.137103E-01   0.691148E-02   0.250000E-03
 769  -0.334032E-03   0.371703E-03   0.152286E-01   0.740335E-02   0.350000E-03
 770  -0.847287E-03   0.472115E-03   0.158122E-01   0.726820E-02   0.250000E-03
 771  -0.769528E-03   0.753252E-03   0.165393E-01   0.682790E-02   0.100000E-03
 772  -0.676944E-03   0.626664E-03   0.183989E-01   0.746509E-02   0.250000E-03
 773  -0.740971E-03   0.909838E-04   0.200877E-01   0.784804E-02   0.400000E-03
 774  -0.466191E-03   0.270373E-03   0.207944E-01   0.749078E-02   0.350000E-03
 775  -0.502577E-03   0.227530E-03   0.231941E-01   0.659608E-02   0.250000E-03
 776  -0.465615E-03   0.377687E-03   0.247866E-01   0.611933E-02   0.200000E-03
 777  -0.479597E-04  -0.245259E-04   0.254793E-01   0.487519E-02   0.200000E-03
 778  -0.564755E-04   0.414931E-04   0.258901E-01   0.552257E-02   0.200000E-03
 779  -0.927936E-04   0.884654E-03   0.275920E-01   0.569676E-02   0.300000E-03
 780   0.597895E-03   0.472731E-03   0.293015E-01   0.580169E-02   0.350000E-03
 781  -0.292636E-03   0.139444E-03   0.306706E-01   0.596984E-02   0.200000E-03
 782  -0.104134E-02  -0.151179E-04   0.321045E-01   0.579373E-02   0.300000E-03
 783  -0.127523E-02   0.170884E-03   0.338932E-01   0.527606E-02   0.350000E-03
 784  -0.446482E-03   0.106975E-03   0.344390E-01   0.521895E-02   0.200000E-03
 785  -0.901594E-03  -0.439912E-03   0.356659E-01   0.556205E-02   0.350000E-03
 786  -0.101990E-03   0.417671E-03   0.375799E-01   0.619033E-02   0.250000E-03
 787  -0.147620E-03   0.213007E-03   0.397224E-01   0.615197E-02   0.300000E-03
 788  -0.273216E-03   0.138769E-03   0.396357E-01   0.550596E-02   0.350000E-03
 789  -0.300909E-03   0.349550E-03   0.405678E-01   0.377565E-02   0.300000E-03
 790  -0.182740E-03   0.570356E-03   0.414593E-01   0.430694E-02   0.300000E-03
 791   0.326838E-03   0.821703E-03   0.431258E-01   0.436254E-02   0.350000E-03
 792   0.799836E-03   0.872093E-03   0.438875E-01   0.518645E-02   0.150000E-03
 793  -0.171571E-03   0.179404E-03   0.284294E-02   0.555022E-02   0.150000E-03
 794  -0.282494E-03   0.323561E-03   0.242261E-02   0.552061E-02   0.150000E-03
 795  -0.166984E-03   0.144250E-03   0.435486E-02   0.531713E-02   0.200000E-03
 796  -0.200447E-03   0.330794E-03   0.265216E-02   0.654380E-02   0.300000E-03
 797  -0.184405E-03   0.290920E-03   0.451224E-02   0.631617E-02   0.400000E-03
 798  -0.171952E-03   0.218347E-03   0.518157E-02   0.611325E-02   0.300000E-03
 799  -0.425351E-03   0.442207E-05   0.752706E-02   0.668589E-02   0.350000E-03
 800  -0.486721E-03   0.544720E-03   0.883510E-02   0.711251E-02   0.250000E-03
 801  -0.329342E-03   0.364590E-03   0.107876E-01   0.678117E-02   0.250000E-03
 802  -0.343907E-03  -0.522360E-05   0.112545E-01   0.695966E-02   0.250000E-03
 803  -0.331867E-03   0.980577E-04   0.119813E-01   0.680566E-02   0.250000E-03
 804  -0.484135E-03  -0.905017E-04   0.132353E-01   0.718771E-02   0.300000E-03
 805  -0.436006E-03  -0.367026E-04   0.140686E-01   0.732799E-02   0.300000E-03
 806  -0.905608E-03  -0.603871E-04   0.157092E-01   0.770575E-02   0.200000E-03
 807   0.309231E-03   0.695283E-03   0.179651E-01   0.774459E-02   0.250000E-03
 808  -0.399051E-03   0.327703E-03   0.190624E-01   0.822720E-02   0.450000E-03
 809  -0.362975E-03   0.340067E-03   0.213771E-01   0.777453E-02   0.300000E-03
 810  -0.220905E-03   0.449699E-03   0.221094E-01   0.705126E-02   0.300000E-03
 811  -0.581052E-03   0.350788E-03   0.236865E-01   0.687205E-02   0.300000E-03
 812  -0.300155E-03   0.326768E-03   0.243106E-01   0.626813E-02   0.300000E-03
 813   0.274989E-03  -0.845517E-05   0.253457E-01   0.557870E-02   0.350000E-03
 814   0.739326E-03   0.636060E-03   0.270929E-01   0.566518E-02   0.200000E-03
 815   0.333734E-03   0.506227E-03   0.285582E-01   0.589065E-02   0.400000E-03
 816  -0.302684E-03   0.441812E-03   0.312153E-01   0.601025E-02   0.200000E-03
 817   0.185896E-03   0.352036E-03   0.302220E-01   0.625340E-02   0.300000E-03
 818  -0.509009E-03   0.148072E-03   0.325417E-01   0.620427E-02   0.300000E-03
 819  -0.108592E-02   0.236106E-04   0.334371E-01   0.573758E-02   0.300000E-03
 820  -0.465322E-03  -0.819758E-04   0.346923E-01   0.564558E-02   0.300000E-03
 821  -0.940824E-04  -0.142434E-03   0.361863E-01   0.606299E-02   0.300000E-03
 822   0.158356E-03   0.869985E-03   0.378147E-01   0.691692E-02   0.300000E-03
 823  -0.709243E-03   0.656616E-03   0.387501E-01   0.631649E-02   0.250000E-03
 824  -0.805613E-04   0.191467E-03   0.408179E-01   0.557736E-02   0.350000E-03
 825  -0.243521E-03   0.583932E-04   0.402595E-01   0.500600E-02   0.450000E-03
 826  -0.568121E-03   0.397046E-03   0.408140E-01   0.443049E-02   0.350000E-03
 827   0.121873E-03   0.839073E-03   0.422294E-01   0.441123E-02   0.250000E-03
 828  -0.520229E-03  -0.320834E-03   0.402861E-01   0.694155E-02   0.350000E-03
 829  -0.131805E-03   0.611103E-04   0.262900E-02   0.594479E-02   0.300000E-03
 830   0.917678E-06   0.298591E-03   0.299093E-03   0.528603E-02   0.300000E-03
 831  -0.156105E-04   0.754232E-04   0.313839E-03   0.578530E-02   0.200000E-03
 832  -0.843279E-04   0.185402E-03   0.310005E-02   0.622769E-02   0.250000E-03
 833  -0.138610E-03   0.179741E-03   0.329255E-02   0.674150E-02   0.300000E-03
 834  -0.162324E-03   0.277253E-03   0.509189E-02   0.670614E-02   0.300000E-03
 835  -0.320220E-03   0.110442E-03   0.577050E-02   0.687258E-02   0.300000E-03
 836  -0.449225E-03   0.157336E-03   0.760239E-02   0.737982E-02   0.350000E-03
 837  -0.292999E-03  -0.153728E-03   0.107897E-01   0.633332E-02   0.200000E-03
 838  -0.443292E-03   0.359710E-03   0.117334E-01   0.735124E-02   0.350000E-03
 839  -0.538447E-03  -0.220938E-04   0.125379E-01   0.713888E-02   0.400000E-03
 840  -0.415654E-03   0.109869E-03   0.141318E-01   0.792411E-02   0.300000E-03
 841   0.118615E-03   0.745122E-05   0.147204E-01   0.780844E-02   0.300000E-03
 842  -0.519739E-03   0.688522E-03   0.169814E-01   0.765651E-02   0.300000E-03
 843  -0.694241E-03   0.229224E-03   0.184147E-01   0.796255E-02   0.250000E-03
 844  -0.773755E-03   0.169915E-03   0.197709E-01   0.847182E-02   0.300000E-03
 845  -0.471329E-03   0.218660E-03   0.207558E-01   0.818787E-02   0.350000E-03
 846  -0.239850E-03   0.298456E-03   0.218778E-01   0.754933E-02   0.250000E-03
 847  -0.547029E-03   0.364909E-03   0.231521E-01   0.714322E-02   0.300000E-03
 848  -0.257949E-03   0.417776E-03   0.243799E-01   0.696221E-02   0.400000E-03
 849  -0.641355E-03   0.321659E-03   0.253124E-01   0.627781E-02   0.350000E-03
 850   0.314136E-03   0.329834E-03   0.266480E-01   0.563906E-02   0.200000E-03
 851   0.387811E-03   0.183206E-03   0.264964E-01   0.611090E-02   0.300000E-03
 852   0.636601E-03   0.243275E-03   0.298657E-01   0.583041E-02   0.150000E-03
 853  -0.843342E-03   0.968643E-04   0.316637E-01   0.632320E-02   0.350000E-03
 854  -0.478765E-03   0.252068E-03   0.327446E-01   0.682042E-02   0.350000E-03
 855  -0.112126E-02   0.834961E-04   0.331391E-01   0.625788E-02   0.300000E-03
 856  -0.127685E-02   0.432947E-03   0.340924E-01   0.599769E-02   0.400000E-03
 857  -0.875938E-03  -0.445275E-03   0.351843E-01   0.606533E-02   0.350000E-03
 858  -0.189593E-03  -0.252418E-03   0.365430E-01   0.654449E-02   0.300000E-03
 859  -0.166476E-03   0.228099E-03   0.392853E-01   0.648473E-02   0.250000E-03
 860  -0.142152E-03   0.226337E-03   0.402114E-01   0.580464E-02   0.300000E-03
 861   0.359971E-03   0.230892E-03   0.415150E-01   0.558890E-02   0.350000E-03
 862  -0.446320E-03   0.798238E-03   0.409919E-01   0.500314E-02   0.250000E-03
 863   0.613906E-03   0.762670E-03   0.432892E-01   0.514517E-02   0.450000E-03
 864  -0.186083E-03   0.495108E-04   0.445516E-01   0.607088E-02   0.450000E-03
 865  -0.188963E-04   0.235849E-03   0.137294E-02   0.513509E-02   0.350000E-03
 866  -0.315670E-03  -0.135336E-03   0.170963E-02   0.556696E-02   0.200000E-03
 867   0.121315E-04   0.381469E-03   0.203126E-02   0.635773E-02   0.350000E-03
 868  -0.327841E-03   0.348869E-03   0.372948E-02   0.633163E-02   0.300000E-03
 869  -0.562065E-04   0.423954E-03   0.338480E-02   0.728130E-02   0.250000E-03
 870  -0.300869E-03   0.101549E-03   0.627116E-02   0.654283E-02   0.300000E-03
 871  -0.452407E-03   0.218628E-05   0.693292E-02   0.694608E-02   0.300000E-03
 872  -0.444562E-03   0.335306E-03   0.921236E-02   0.683807E-02   0.200000E-03
 873  -0.584134E-03  -0.568170E-03   0.102866E-01   0.704150E-02   0.300000E-03
 874  -0.541705E-03   0.161346E-03   0.116845E-01   0.801149E-02   0.300000E-03
 875  -0.646761E-03   0.196207E-03   0.122323E-01   0.776715E-02   0.300000E-03
 876  -0.379550E-03   0.813545E-04   0.135821E-01   0.767447E-02   0.300000E-03
 877   0.111646E-03   0.393194E-03   0.147075E-01   0.840798E-02   0.300000E-03
 878  -0.289585E-03   0.703062E-03   0.163428E-01   0.754564E-02   0.350000E-03
 879  -0.114655E-03   0.368761E-03   0.174651E-01   0.791792E-02   0.250000E-03
 880  -0.191324E-03   0.236645E-03   0.177186E-01   0.840502E-02   0.300000E-03
 881  -0.504078E-03   0.219667E-03   0.218485E-01   0.814484E-02   0.300000E-03
 882  -0.495235E-03   0.313775E-03   0.226167E-01   0.725986E-02   0.250000E-03
 883  -0.826201E-03   0.259699E-03   0.228040E-01   0.668004E-02   0.150000E-03
 884  -0.461601E-03   0.639353E-03   0.238566E-01   0.749801E-02   0.350000E-03
 885  -0.432618E-03   0.155843E-02   0.257415E-01   0.740283E-02   0.400000E-03
 886  -0.987241E-04   0.558513E-04   0.259056E-01   0.601953E-02   0.300000E-03
 887   0.409525E-03   0.364198E-03   0.282814E-01   0.658439E-02   0.350000E-03
 888   0.498970E-03   0.198014E-03   0.295398E-01   0.656350E-02   0.450000E-03
 889  -0.217495E-03   0.274186E-03   0.308997E-01   0.657702E-02   0.450000E-03
 890  -0.567737E-03   0.272235E-03   0.321828E-01   0.661968E-02   0.250000E-03
 891  -0.467210E-03  -0.832563E-03   0.336940E-01   0.663052E-02   0.350000E-03
 892  -0.130758E-02  -0.404414E-04   0.346403E-01   0.657996E-02   0.400000E-03
 893  -0.246844E-03  -0.485772E-04   0.357166E-01   0.643536E-02   0.300000E-03
 894  -0.422780E-03  -0.168371E-03   0.385778E-01   0.678523E-02   0.250000E-03
 895  -0.571971E-04  -0.175875E-04   0.390854E-01   0.699645E-02   0.300000E-03
 896  -0.852247E-03  -0.376601E-03   0.419228E-01   0.696663E-02   0.300000E-03
 897   0.237187E-03   0.275993E-03   0.424730E-01   0.662121E-02   0.350000E-03
 898  -0.134358E-03   0.717127E-03   0.426340E-01   0.460700E-02   0.200000E-03
 899   0.226203E-03   0.847732E-03   0.424937E-01   0.520382E-02   0.350000E-03
 900   0.192860E-03   0.290839E-03   0.438294E-01   0.573003E-02   0.350000E-03
 901   0.668358E-04  -0.301737E-03   0.129167E-02   0.572668E-02   0.250000E-03
 902  -0.101675E-03   0.521710E-03   0.310113E-02   0.769234E-02   0.250000E-03
 903   0.404563E-04   0.445976E-04   0.211021E-02   0.576455E-02   0.250000E-03
 904  -0.187503E-03   0.403192E-03   0.279457E-02   0.717681E-02   0.350000E-03
 905  -0.286775E-03   0.431771E-03   0.403279E-02   0.701715E-02   0.450000E-03
 906  -0.426104E-03   0.898879E-05   0.589212E-02   0.741219E-02   0.250000E-03
 907  -0.332610E-03   0.964788E-04   0.558333E-02   0.640930E-02   0.200000E-03
 908  -0.499352E-03   0.315150E-03   0.886080E-02   0.766105E-02   0.300000E-03
 909  -0.469385E-03   0.256832E-03   0.935186E-02   0.731692E-02   0.300000E-03
 910  -0.456622E-03   0.462192E-03   0.100948E-01   0.807621E-02   0.300000E-03
 911  -0.332388E-03   0.292782E-03   0.112398E-01   0.769017E-02   0.250000E-03
 912  -0.312843E-03   0.598853E-03   0.151945E-01   0.868227E-02   0.250000E-03
 913  -0.309129E-03   0.560669E-03   0.153219E-01   0.809632E-02   0.350000E-03
 914  -0.115020E-03   0.128209E-03   0.160942E-01   0.830517E-02   0.450000E-03
 915  -0.669134E-03   0.853792E-03   0.169855E-01   0.835619E-02   0.400000E-03
 916  -0.527262E-03   0.232126E-03   0.203400E-01   0.868529E-02   0.300000E-03
 917  -0.220493E-03  -0.107784E-03   0.199269E-01   0.911886E-02   0.300000E-03
 918  -0.461637E-03   0.201212E-03   0.224118E-01   0.782211E-02   0.350000E-03
 919  -0.715584E-03   0.213471E-03   0.231107E-01   0.779138E-02   0.350000E-03
 920  -0.496300E-03   0.582803E-03   0.247293E-01   0.646371E-02   0.150000E-03
 921   0.240462E-03  -0.229516E-03   0.232850E-01   0.853471E-02   0.350000E-03
 922  -0.187057E-03   0.519497E-03   0.258920E-01   0.666856E-02   0.350000E-03
 923  -0.117488E-03   0.174298E-03   0.276256E-01   0.634437E-02   0.350000E-03
 924  -0.107048E-04   0.622871E-03   0.288524E-01   0.714363E-02   0.450000E-03
 925  -0.188818E-03   0.384715E-03   0.310709E-01   0.735787E-02   0.350000E-03
 926  -0.948402E-03   0.796091E-03   0.315900E-01   0.696654E-02   0.300000E-03
 927  -0.159155E-02  -0.136997E-03   0.336120E-01   0.718126E-02   0.200000E-03
 928  -0.137110E-02  -0.891949E-04   0.341437E-01   0.649466E-02   0.100000E-03
 929  -0.493397E-03   0.629009E-03   0.372032E-01   0.669687E-02   0.350000E-03
 930   0.434314E-03   0.235450E-03   0.412183E-01   0.664861E-02   0.300000E-03
 931   0.364832E-03   0.251008E-03   0.411881E-01   0.608841E-02   0.250000E-03
 932  -0.157748E-03  -0.334633E-03   0.397362E-01   0.670103E-02   0.250000E-03
 933   0.326272E-03   0.306647E-03   0.418102E-01   0.627584E-02   0.400000E-03
 934   0.217462E-04   0.280196E-03   0.412648E-01   0.471128E-02   0.150000E-03
 935   0.125059E-03   0.799939E-03   0.418084E-01   0.490536E-02   0.400000E-03
 936   0.197627E-03   0.283728E-03   0.433692E-01   0.618877E-02   0.300000E-03
 937   0.829366E-04   0.495219E-03   0.102749E-02   0.724767E-02   0.350000E-03
 938  -0.435818E-03   0.304246E-04   0.297842E-03   0.628529E-02   0.300000E-03
 939  -0.205990E-03   0.228269E-03   0.374095E-02   0.776182E-02   0.350000E-03
 940  -0.735198E-04  -0.250025E-03   0.791653E-03   0.594728E-02   0.300000E-03
 941  -0.530078E-04   0.561707E-03   0.165973E-02   0.694958E-02   0.350000E-03
 942  -0.450948E-03   0.218119E-03   0.459014E-02   0.778598E-02   0.500000E-03
 943  -0.243200E-03   0.509461E-04   0.530083E-02   0.732131E-02   0.350000E-03
 944  -0.322384E-03  -0.423788E-04   0.636438E-02   0.713422E-02   0.300000E-03
 945  -0.302701E-03   0.344275E-03   0.108264E-01   0.732875E-02   0.300000E-03
 946  -0.195528E-03   0.397162E-03   0.984247E-02   0.756368E-02   0.250000E-03
 947  -0.613420E-03   0.203063E-03   0.129297E-01   0.804152E-02   0.450000E-03
 948  -0.573087E-03   0.153998E-03   0.125368E-01   0.862044E-02   0.250000E-03
 949  -0.559024E-03   0.472131E-03   0.156840E-01   0.893240E-02   0.300000E-03
 950  -0.445760E-03   0.236650E-03   0.139800E-01   0.860709E-02   0.400000E-03
 951  -0.104149E-03   0.144746E-03   0.165479E-01   0.890189E-02   0.300000E-03
 952  -0.676265E-03   0.202573E-03   0.182670E-01   0.843847E-02   0.250000E-03
 953  -0.597118E-03  -0.113436E-03   0.209655E-01   0.874964E-02   0.250000E-03
 954  -0.826623E-03  -0.597175E-04   0.224475E-01   0.867447E-02   0.500000E-03
 955  -0.280986E-03   0.441930E-03   0.236475E-01   0.805809E-02   0.250000E-03
 956  -0.783961E-03   0.563047E-03   0.251033E-01   0.728014E-02   0.250000E-03
 957  -0.290595E-03   0.490610E-03   0.268171E-01   0.766754E-02   0.350000E-03
 958  -0.339861E-03   0.409815E-03   0.264726E-01   0.705892E-02   0.350000E-03
 959   0.240057E-03   0.611360E-04   0.269618E-01   0.655974E-02   0.350000E-03
 960   0.208065E-03   0.686339E-03   0.302361E-01   0.680183E-02   0.250000E-03
 961  -0.325446E-03  -0.673095E-04   0.321011E-01   0.797992E-02   0.400000E-03
 962   0.868019E-04   0.361043E-03   0.316499E-01   0.751251E-02   0.250000E-03
 963  -0.146471E-02  -0.144221E-04   0.332704E-01   0.697496E-02   0.200000E-03
 964  -0.589513E-03   0.257196E-03   0.352852E-01   0.685130E-02   0.300000E-03
 965  -0.182480E-03   0.190205E-04   0.360828E-01   0.684518E-02   0.250000E-03
 966  -0.881327E-04  -0.478841E-03   0.366751E-01   0.723101E-02   0.400000E-03
 967   0.366336E-03   0.247568E-03   0.406460E-01   0.634178E-02   0.350000E-03
 968  -0.932499E-03   0.291175E-04   0.401572E-01   0.625281E-02   0.150000E-03
 969   0.193323E-03   0.587862E-03   0.447506E-01   0.715064E-02   0.250000E-03
 970  -0.291546E-03   0.255076E-03   0.442563E-01   0.681195E-02   0.350000E-03
 971   0.178615E-03   0.301567E-03   0.427250E-01   0.591544E-02   0.400000E-03
 972  -0.414169E-03   0.220079E-03   0.436591E-01   0.676201E-02   0.250000E-03
 973  -0.112700E-03   0.266270E-03   0.835919E-03   0.539915E-02   0.250000E-03
 974  -0.187116E-03   0.229457E-03   0.403177E-02   0.828610E-02   0.250000E-03
 975   0.115376E-03   0.399443E-03   0.133327E-02   0.632367E-02   0.350000E-03
 976   0.703058E-04   0.423013E-03   0.771978E-03   0.665032E-02   0.300000E-03
 977  -0.507166E-03   0.278349E-03   0.736511E-02   0.792983E-02   0.250000E-03
 978  -0.448623E-03   0.222064E-03   0.697363E-02   0.754418E-02   0.300000E-03
 979  -0.301188E-03   0.207568E-03   0.644040E-02   0.767793E-02   0.250000E-03
 980  -0.325930E-03   0.258776E-03   0.818720E-02   0.784746E-02   0.400000E-03
 981  -0.467188E-03   0.441312E-03   0.103414E-01   0.758614E-02   0.250000E-03
 982  -0.379536E-03   0.446352E-03   0.935931E-02   0.822058E-02   0.450000E-03
 983  -0.605180E-03   0.135247E-03   0.121457E-01   0.830976E-02   0.250000E-03
 984  -0.487915E-03   0.421563E-03   0.107449E-01   0.802859E-02   0.350000E-03
 985  -0.397728E-03   0.288213E-03   0.135662E-01   0.817301E-02   0.200000E-03
 986  -0.647222E-03   0.108353E-03   0.189382E-01   0.948317E-02   0.300000E-03
 987  -0.490290E-03   0.429176E-03   0.186411E-01   0.890611E-02   0.350000E-03
 988  -0.618488E-03  -0.245135E-03   0.193638E-01   0.891219E-02   0.300000E-03
 989  -0.534235E-03   0.128164E-03   0.194868E-01   0.944746E-02   0.250000E-03
 990  -0.296634E-03   0.149008E-03   0.213352E-01   0.833923E-02   0.250000E-03
 991  -0.634636E-03   0.249376E-03   0.242364E-01   0.817275E-02   0.350000E-03
 992  -0.302182E-03   0.238088E-03   0.245900E-01   0.762827E-02   0.300000E-03
 993  -0.757828E-03   0.567449E-03   0.250050E-01   0.679041E-02   0.250000E-03
 994   0.149494E-03  -0.307384E-03   0.271055E-01   0.714156E-02   0.250000E-03
 995   0.799763E-03  -0.517279E-04   0.277549E-01   0.711714E-02   0.400000E-03
 996   0.813321E-04   0.401562E-03   0.304228E-01   0.731772E-02   0.300000E-03
 997   0.271714E-03   0.635165E-03   0.298943E-01   0.716627E-02   0.250000E-03
 998  -0.344800E-03   0.117079E-03   0.321815E-01   0.723471E-02   0.350000E-03
 999  -0.155887E-02   0.960546E-04   0.330247E-01   0.735079E-02   0.250000E-03
1000  -0.115640E-02  -0.164699E-03   0.341606E-01   0.715381E-02   0.350000E-03
