   1   0.149272E-02   0.661278E-03   0.112629E-01   0.850260E-02   0.350000E-03
   2   0.112436E-02  -0.134264E-03   0.164961E-03   0.149984E-03   0.150000E-03
   3   0.276478E-02  -0.146241E-03   0.452529E-02   0.447258E-03   0.450000E-03
   4  -0.668976E-03  -0.358555E-03   0.567883E-02   0.569449E-03   0.200000E-03
   5   0.669085E-02  -0.963699E-03   0.574307E-02   0.100060E-03   0.100000E-03
   6   0.297203E-02  -0.522754E-03   0.742591E-02   0.249281E-03   0.250000E-03
   7  -0.294119E-03  -0.616386E-03   0.805798E-02   0.398220E-03   0.400000E-03
   8  -0.200262E-02  -0.169424E-03   0.882987E-02   0.347221E-03   0.350000E-03
   9  -0.887346E-03   0.437382E-03   0.927131E-02   0.576643E-03   0.150000E-03
  10   0.116127E-02   0.337784E-03   0.117737E-01   0.296602E-03   0.300000E-03
  11   0.107315E-02   0.401117E-03   0.130162E-01   0.349626E-03   0.350000E-03
  12   0.123417E-02   0.871454E-03   0.147502E-01   0.194816E-03   0.200000E-03
  13   0.861487E-03  -0.118721E-02   0.168805E-01   0.343391E-03   0.350000E-03
  14   0.224001E-03  -0.985091E-04   0.175788E-01   0.348234E-03   0.350000E-03
  15   0.105440E-02   0.146581E-02   0.187985E-01   0.399015E-03   0.400000E-03
  16   0.143386E-02   0.366466E-03   0.195448E-01   0.348076E-03   0.350000E-03
  17   0.174074E-02   0.165846E-02   0.204599E-01   0.338307E-03   0.350000E-03
  18   0.166617E-02  -0.897835E-03   0.219115E-01   0.348968E-03   0.350000E-03
  19   0.185558E-02  -0.957612E-03   0.225008E-01   0.240567E-03   0.250000E-03
  20  -0.167052E-02  -0.877001E-03   0.230003E-01   0.248840E-03   0.250000E-03
  21   0.208130E-02   0.202255E-02   0.244548E-01   0.249763E-03   0.250000E-03
  22  -0.116424E-03  -0.884451E-03   0.257273E-01   0.199956E-03   0.200000E-03
  23   0.489413E-02   0.777204E-03   0.267452E-01   0.100366E-03   0.100000E-03
  24   0.171162E-02   0.271016E-03   0.282561E-01   0.395750E-03   0.400000E-03
  25   0.255771E-02   0.427090E-03   0.297787E-01   0.397293E-03   0.400000E-03
  26   0.124359E-02   0.475300E-03   0.305255E-01   0.341138E-03   0.350000E-03
  27   0.255838E-02  -0.485729E-04   0.318684E-01   0.297504E-03   0.300000E-03
  28   0.196784E-02   0.100500E-02   0.333480E-01   0.299735E-03   0.300000E-03
  29   0.194556E-02  -0.571355E-03   0.355540E-01   0.447113E-03   0.450000E-03
  30   0.115249E-02  -0.421487E-03   0.374009E-01   0.346181E-03   0.350000E-03
  31   0.988803E-03  -0.211766E-05   0.379928E-01   0.249148E-03   0.250000E-03
  32   0.454395E-03   0.103601E-03   0.401254E-01   0.196860E-03   0.200000E-03
  33   0.468062E-03   0.411600E-03   0.410160E-01   0.194028E-03   0.200000E-03
  34   0.274639E-02   0.103789E-02   0.446056E-01   0.881912E-03   0.400000E-03
  35   0.623820E-03  -0.514066E-02   0.446517E-01   0.192436E-02   0.350000E-03
  36   0.496350E-03  -0.566158E-03   0.863151E-02   0.838908E-02   0.300000E-03
  37  -0.137311E-03  -0.461943E-03   0.248683E-03   0.184169E-02   0.250000E-03
  38   0.556097E-03   0.923014E-03   0.761333E-03   0.772035E-03   0.300000E-03
  39   0.121720E-02  -0.376183E-03   0.258102E-02   0.395014E-03   0.400000E-03
  40  -0.289258E-03  -0.158055E-03   0.609935E-02   0.299814E-03   0.300000E-03
  41  -0.700378E-03  -0.763716E-04   0.679280E-02   0.393549E-03   0.400000E-03
  42  -0.100380E-02   0.127079E-02   0.722569E-02   0.100167E-02   0.350000E-03
  43  -0.282569E-04  -0.190466E-02   0.852543E-02   0.916306E-03   0.300000E-03
  44  -0.775533E-03   0.158172E-04   0.934132E-02   0.969042E-03   0.250000E-03
  45  -0.158761E-02  -0.296445E-03   0.991374E-02   0.491093E-03   0.500000E-03
  46   0.719632E-03   0.292230E-03   0.108522E-01   0.299459E-03   0.300000E-03
  47   0.357357E-03   0.562810E-03   0.151385E-01   0.150009E-03   0.150000E-03
  48  -0.362933E-03  -0.142307E-02   0.157757E-01   0.447735E-03   0.450000E-03
  49   0.903283E-03  -0.640228E-03   0.164455E-01   0.879711E-03   0.350000E-03
  50  -0.655236E-03   0.316609E-03   0.181685E-01   0.247095E-03   0.250000E-03
  51   0.226551E-02  -0.111853E-02   0.192724E-01   0.878925E-03   0.250000E-03
  52   0.169480E-02   0.279079E-03   0.200002E-01   0.147880E-03   0.150000E-03
  53  -0.617623E-03  -0.134285E-02   0.204682E-01   0.100219E-02   0.200000E-03
  54   0.104960E-02  -0.165917E-02   0.211321E-01   0.298382E-03   0.300000E-03
  55   0.301744E-03  -0.238214E-03   0.233996E-01   0.998936E-04   0.100000E-03
  56   0.212746E-02  -0.483104E-03   0.238214E-01   0.396003E-03   0.400000E-03
  57   0.294489E-02   0.696759E-04   0.244992E-01   0.929767E-03   0.400000E-03
  58   0.356438E-02   0.311488E-03   0.250884E-01   0.394600E-03   0.400000E-03
  59  -0.802505E-03   0.950121E-03   0.270618E-01   0.199823E-03   0.200000E-03
  60  -0.534170E-03   0.265176E-03   0.275636E-01   0.298417E-03   0.300000E-03
  61   0.152104E-02   0.768897E-03   0.290865E-01   0.297828E-03   0.300000E-03
  62   0.195838E-02   0.297416E-03   0.312231E-01   0.346824E-03   0.350000E-03
  63   0.201368E-02   0.741255E-03   0.328604E-01   0.196790E-03   0.200000E-03
  64   0.273666E-02  -0.265190E-03   0.347621E-01   0.346016E-03   0.350000E-03
  65   0.920571E-03  -0.288438E-03   0.363334E-01   0.619210E-03   0.350000E-03
  66   0.260099E-03  -0.112886E-03   0.364300E-01   0.139318E-03   0.150000E-03
  67   0.544764E-03  -0.510985E-03   0.391395E-01   0.299109E-03   0.300000E-03
  68   0.132954E-02  -0.133734E-03   0.423051E-01   0.223617E-03   0.200000E-03
  69   0.658041E-03   0.230729E-03   0.438638E-01   0.821071E-03   0.350000E-03
  70   0.104358E-02  -0.468414E-04   0.424144E-01   0.721694E-02   0.250000E-03
  71   0.116213E-02  -0.265031E-03   0.447017E-01   0.498146E-02   0.300000E-03
  72   0.239335E-02  -0.653838E-03   0.447502E-01   0.249089E-03   0.250000E-03
  73   0.103815E-03  -0.739272E-04   0.258571E-02   0.799616E-02   0.350000E-03
  74   0.106999E-02  -0.514509E-03   0.111341E-02   0.293341E-03   0.300000E-03
  75   0.223802E-02  -0.521202E-03   0.385395E-02   0.249779E-03   0.250000E-03
  76   0.128518E-03   0.111492E-02   0.517172E-02   0.922132E-03   0.350000E-03
  77  -0.135725E-03   0.183348E-03   0.640476E-02   0.839434E-03   0.200000E-03
  78   0.154500E-03   0.890150E-03   0.659773E-02   0.135136E-02   0.350000E-03
  79   0.421865E-03   0.594399E-03   0.791260E-02   0.113292E-02   0.350000E-03
  80  -0.101001E-02  -0.610777E-04   0.902160E-02   0.134682E-02   0.250000E-03
  81   0.156205E-03   0.758919E-03   0.106432E-01   0.914256E-03   0.350000E-03
  82  -0.161053E-03  -0.791855E-03   0.132641E-01   0.986160E-03   0.300000E-03
  83   0.520319E-03   0.235876E-03   0.137146E-01   0.345482E-03   0.350000E-03
  84   0.148193E-02   0.302427E-03   0.143047E-01   0.244940E-03   0.250000E-03
  85  -0.188236E-03  -0.202409E-02   0.153800E-01   0.102142E-02   0.250000E-03
  86   0.303900E-03  -0.103720E-02   0.172231E-01   0.106289E-02   0.450000E-03
  87   0.113474E-02  -0.863590E-03   0.188036E-01   0.104763E-02   0.250000E-03
  88   0.229763E-02   0.268769E-04   0.200107E-01   0.800255E-03   0.300000E-03
  89   0.212093E-02  -0.117146E-02   0.202657E-01   0.160768E-02   0.400000E-03
  90   0.143242E-02  -0.114744E-02   0.214446E-01   0.866322E-03   0.350000E-03
  91   0.111994E-02  -0.131412E-02   0.225722E-01   0.726227E-03   0.250000E-03
  92  -0.169446E-02  -0.210767E-02   0.231605E-01   0.825831E-03   0.350000E-03
  93   0.322602E-02   0.237610E-03   0.237830E-01   0.114111E-02   0.350000E-03
  94   0.273912E-02   0.582287E-03   0.252200E-01   0.112945E-02   0.350000E-03
  95   0.140389E-03  -0.686290E-03   0.273046E-01   0.892860E-03   0.350000E-03
  96   0.142424E-02  -0.100751E-03   0.280073E-01   0.115319E-02   0.400000E-03
  97   0.257245E-02   0.332485E-03   0.294784E-01   0.969286E-03   0.250000E-03
  98   0.236737E-02   0.460782E-03   0.302697E-01   0.108942E-02   0.450000E-03
  99   0.272039E-02   0.525646E-04   0.324136E-01   0.244757E-03   0.250000E-03
 100   0.299349E-02  -0.298490E-03   0.327325E-01   0.622064E-03   0.250000E-03
 101   0.264419E-02   0.615433E-04   0.349698E-01   0.106305E-02   0.400000E-03
 102   0.143095E-02   0.141450E-03   0.368102E-01   0.255639E-03   0.250000E-03
 103   0.863147E-03  -0.228455E-03   0.376453E-01   0.889467E-03   0.250000E-03
 104   0.744306E-03  -0.227477E-03   0.385415E-01   0.295204E-03   0.300000E-03
 105   0.539667E-03   0.446518E-04   0.405707E-01   0.244702E-03   0.250000E-03
 106   0.201296E-02  -0.386862E-03   0.431904E-01   0.298138E-03   0.300000E-03
 107   0.100482E-02  -0.478134E-05   0.440877E-01   0.748951E-02   0.350000E-03
 108   0.160306E-02  -0.250864E-03   0.348895E-01   0.748607E-02   0.450000E-03
 109  -0.272750E-02   0.317391E-05   0.240850E-03   0.623669E-03   0.250000E-03
 110  -0.189389E-02  -0.765485E-03   0.565772E-03   0.247088E-03   0.250000E-03
 111  -0.791173E-03  -0.128950E-02   0.178648E-02   0.455582E-03   0.400000E-03
 112   0.686811E-03  -0.170768E-02   0.311386E-02   0.915827E-03   0.350000E-03
 113  -0.219335E-03  -0.254997E-03   0.588530E-02   0.113203E-02   0.400000E-03
 114   0.333661E-03   0.108005E-02   0.709949E-02   0.156327E-02   0.200000E-03
 115  -0.636090E-03  -0.656916E-03   0.846615E-02   0.155781E-02   0.350000E-03
 116  -0.140400E-02  -0.483802E-03   0.982009E-02   0.133042E-02   0.350000E-03
 117   0.109541E-02   0.728026E-03   0.113207E-01   0.749737E-03   0.350000E-03
 118   0.231974E-02   0.334652E-03   0.123705E-01   0.289160E-03   0.300000E-03
 119   0.144482E-02  -0.141571E-02   0.142392E-01   0.786063E-03   0.300000E-03
 120   0.228330E-03  -0.127415E-02   0.150411E-01   0.594311E-03   0.300000E-03
 121   0.298794E-03  -0.106632E-02   0.166600E-01   0.138394E-02   0.200000E-03
 122  -0.634259E-03  -0.589636E-03   0.181126E-01   0.942861E-03   0.450000E-03
 123   0.414102E-03   0.385710E-03   0.185516E-01   0.141618E-02   0.200000E-03
 124   0.258824E-02  -0.856621E-03   0.196506E-01   0.127661E-02   0.300000E-03
 125   0.836490E-03  -0.557674E-03   0.208555E-01   0.772727E-03   0.250000E-03
 126   0.108113E-02  -0.701142E-03   0.208992E-01   0.131632E-02   0.300000E-03
 127   0.128803E-02  -0.815397E-03   0.226956E-01   0.120468E-02   0.250000E-03
 128   0.149840E-02  -0.618979E-03   0.230495E-01   0.162008E-02   0.300000E-03
 129   0.238689E-02  -0.735151E-03   0.235926E-01   0.169784E-02   0.250000E-03
 130   0.468767E-02   0.174824E-02   0.257122E-01   0.707096E-03   0.300000E-03
 131   0.304239E-02   0.255357E-02   0.263359E-01   0.393693E-03   0.400000E-03
 132   0.201171E-02  -0.485122E-04   0.275105E-01   0.148635E-02   0.200000E-03
 133   0.214570E-02   0.363101E-04   0.288297E-01   0.946635E-03   0.400000E-03
 134   0.251016E-02  -0.453401E-03   0.311524E-01   0.109000E-02   0.400000E-03
 135   0.190500E-02  -0.321236E-03   0.319987E-01   0.103348E-02   0.450000E-03
 136   0.202256E-02   0.132196E-03   0.340262E-01   0.458793E-03   0.400000E-03
 137  -0.181689E-03   0.230490E-02   0.372291E-01   0.761551E-03   0.100000E-03
 138   0.861590E-03   0.362371E-03   0.374090E-01   0.132398E-02   0.250000E-03
 139   0.927867E-03  -0.252710E-03   0.381788E-01   0.765860E-03   0.300000E-03
 140   0.957480E-03  -0.256961E-03   0.396845E-01   0.263163E-03   0.250000E-03
 141   0.142229E-02  -0.238136E-03   0.414619E-01   0.248118E-03   0.250000E-03
 142   0.125139E-02   0.161696E-04   0.419074E-01   0.198023E-03   0.200000E-03
 143   0.123290E-02  -0.248438E-03   0.439015E-01   0.632376E-02   0.250000E-03
 144   0.125256E-02  -0.322490E-03   0.294937E-01   0.753893E-02   0.300000E-03
 145  -0.466300E-03  -0.334442E-03   0.295579E-03   0.339311E-02   0.300000E-03
 146  -0.940228E-04   0.724783E-03   0.658149E-03   0.140862E-02   0.350000E-03
 147  -0.449162E-03   0.182303E-03   0.400893E-02   0.842259E-03   0.200000E-03
 148   0.412886E-03  -0.728824E-03   0.526555E-02   0.289416E-03   0.300000E-03
 149  -0.114959E-03  -0.879511E-03   0.607581E-02   0.195741E-02   0.450000E-03
 150   0.546480E-03   0.827826E-03   0.748648E-02   0.147885E-02   0.200000E-03
 151  -0.748586E-03   0.341275E-03   0.936975E-02   0.162734E-02   0.200000E-03
 152   0.378465E-03   0.649179E-04   0.103631E-01   0.138341E-02   0.200000E-03
 153   0.880044E-03   0.469291E-03   0.111104E-01   0.136267E-02   0.300000E-03
 154   0.231269E-02  -0.192053E-03   0.125677E-01   0.949337E-03   0.400000E-03
 155   0.771883E-03  -0.104626E-02   0.137503E-01   0.884806E-03   0.200000E-03
 156   0.609986E-03  -0.207890E-02   0.147703E-01   0.123907E-02   0.400000E-03
 157   0.158045E-02  -0.583423E-03   0.159072E-01   0.139524E-02   0.400000E-03
 158   0.662630E-03  -0.927543E-03   0.173303E-01   0.185191E-02   0.350000E-03
 159   0.107144E-02   0.102982E-03   0.177307E-01   0.146874E-02   0.200000E-03
 160   0.105063E-02   0.339036E-03   0.181618E-01   0.164102E-02   0.250000E-03
 161   0.237982E-02   0.104040E-03   0.195578E-01   0.181360E-02   0.250000E-03
 162   0.111919E-02   0.219001E-04   0.208687E-01   0.181216E-02   0.200000E-03
 163   0.990091E-03  -0.142989E-02   0.221035E-01   0.109382E-02   0.350000E-03
 164   0.183841E-02  -0.174475E-03   0.227122E-01   0.217133E-02   0.300000E-03
 165   0.348511E-02  -0.331325E-04   0.247996E-01   0.155688E-02   0.250000E-03
 166   0.203800E-02  -0.147621E-02   0.255812E-01   0.159630E-02   0.250000E-03
 167   0.157581E-02  -0.982224E-03   0.265971E-01   0.113775E-02   0.400000E-03
 168   0.128664E-02   0.275719E-03   0.285554E-01   0.153409E-02   0.250000E-03
 169   0.225745E-02   0.286545E-03   0.301756E-01   0.172706E-02   0.200000E-03
 170   0.195775E-02   0.337699E-03   0.307693E-01   0.178784E-02   0.400000E-03
 171   0.342527E-02  -0.653239E-03   0.334953E-01   0.910684E-03   0.300000E-03
 172   0.358542E-03   0.538905E-03   0.341975E-01   0.126497E-02   0.400000E-03
 173   0.117173E-02  -0.313903E-03   0.356568E-01   0.118545E-02   0.300000E-03
 174   0.141629E-02   0.191894E-03   0.368808E-01   0.104801E-02   0.350000E-03
 175   0.426378E-03   0.354425E-03   0.390308E-01   0.888095E-03   0.300000E-03
 176   0.968411E-03  -0.310666E-04   0.400913E-01   0.988369E-03   0.200000E-03
 177   0.204509E-03  -0.625114E-04   0.406115E-01   0.787287E-03   0.300000E-03
 178   0.263964E-02  -0.543213E-03   0.443951E-01   0.144094E-02   0.200000E-03
 179   0.226654E-02  -0.183168E-03   0.427023E-01   0.195817E-03   0.200000E-03
 180   0.164088E-02   0.406079E-03   0.400243E-01   0.753579E-02   0.300000E-03
 181  -0.187305E-02   0.177752E-02   0.202558E-03   0.107201E-02   0.200000E-03
 182   0.686927E-03   0.439611E-03   0.136016E-02   0.221196E-02   0.200000E-03
 183   0.410257E-03  -0.384115E-03   0.330613E-02   0.297333E-03   0.300000E-03
 184   0.204057E-03  -0.536202E-03   0.527006E-02   0.161013E-02   0.350000E-03
 185  -0.116375E-03   0.298802E-03   0.623464E-02   0.263714E-02   0.250000E-03
 186   0.364268E-03  -0.424788E-03   0.678072E-02   0.186831E-02   0.200000E-03
 187  -0.206536E-04   0.307217E-03   0.786789E-02   0.179020E-02   0.300000E-03
 188   0.312810E-03   0.195137E-02   0.961489E-02   0.200370E-02   0.250000E-03
 189   0.922291E-03   0.301167E-03   0.116464E-01   0.125140E-02   0.250000E-03
 190  -0.878297E-04  -0.371875E-03   0.119300E-01   0.823822E-03   0.250000E-03
 191   0.724139E-03  -0.727957E-04   0.139718E-01   0.126572E-02   0.250000E-03
 192   0.378560E-03  -0.159973E-02   0.142548E-01   0.184515E-02   0.400000E-03
 193   0.486701E-03  -0.136476E-02   0.152846E-01   0.171398E-02   0.300000E-03
 194   0.303572E-03  -0.907139E-03   0.164789E-01   0.195298E-02   0.400000E-03
 195   0.797798E-03   0.794199E-03   0.179143E-01   0.207527E-02   0.250000E-03
 196   0.166059E-02  -0.324073E-03   0.191004E-01   0.150976E-02   0.300000E-03
 197   0.176382E-02  -0.732775E-03   0.199336E-01   0.227947E-02   0.350000E-03
 198   0.833319E-03   0.888980E-03   0.206304E-01   0.224838E-02   0.300000E-03
 199   0.143488E-02  -0.607287E-03   0.214612E-01   0.151330E-02   0.300000E-03
 200   0.157519E-02  -0.183633E-03   0.222133E-01   0.215915E-02   0.200000E-03
 201   0.211833E-02   0.226312E-04   0.242518E-01   0.159050E-02   0.300000E-03
 202   0.399991E-02   0.105437E-02   0.259502E-01   0.120369E-02   0.250000E-03
 203   0.128242E-02  -0.133475E-02   0.265174E-01   0.182472E-02   0.300000E-03
 204   0.204691E-02  -0.169086E-03   0.270709E-01   0.157580E-02   0.250000E-03
 205   0.249566E-02   0.230632E-03   0.295936E-01   0.160543E-02   0.400000E-03
 206   0.185156E-02  -0.431959E-03   0.322158E-01   0.180171E-02   0.350000E-03
 207   0.253786E-02  -0.161566E-03   0.328560E-01   0.130037E-02   0.450000E-03
 208   0.195534E-02  -0.277271E-03   0.335666E-01   0.166471E-02   0.350000E-03
 209   0.111752E-02  -0.785704E-03   0.362504E-01   0.125962E-02   0.300000E-03
 210   0.156639E-02  -0.298353E-03   0.366511E-01   0.154617E-02   0.200000E-03
 211   0.178469E-02  -0.153220E-04   0.370720E-01   0.168831E-02   0.250000E-03
 212   0.770684E-03   0.149297E-03   0.400742E-01   0.591034E-03   0.200000E-03
 213   0.120519E-02  -0.543682E-03   0.411344E-01   0.622203E-03   0.250000E-03
 214   0.120412E-02  -0.438221E-03   0.420822E-01   0.555629E-03   0.200000E-03
 215  -0.329804E-02  -0.394449E-05   0.442898E-01   0.150206E-03   0.150000E-03
 216   0.852590E-03   0.369861E-03   0.215925E-01   0.893725E-02   0.400000E-03
 217   0.979710E-03   0.183802E-03   0.140975E-01   0.934709E-02   0.350000E-03
 218  -0.129136E-03   0.114660E-03   0.827487E-03   0.208461E-02   0.350000E-03
 219   0.156896E-02   0.840129E-03   0.365629E-02   0.653916E-03   0.200000E-03
 220   0.291487E-02  -0.155125E-03   0.452888E-02   0.129448E-02   0.400000E-03
 221   0.198593E-03  -0.130428E-03   0.532881E-02   0.219766E-02   0.250000E-03
 222   0.522108E-03   0.274954E-03   0.728883E-02   0.207785E-02   0.350000E-03
 223  -0.148101E-03  -0.356210E-03   0.899160E-02   0.201310E-02   0.350000E-03
 224  -0.607188E-03   0.387244E-04   0.102075E-01   0.191029E-02   0.350000E-03
 225   0.104378E-02   0.770503E-04   0.106834E-01   0.161686E-02   0.200000E-03
 226   0.106345E-02   0.271938E-03   0.121371E-01   0.149124E-02   0.300000E-03
 227   0.334778E-03  -0.184698E-02   0.129718E-01   0.145070E-02   0.250000E-03
 228   0.899562E-03  -0.144294E-02   0.148403E-01   0.178249E-02   0.150000E-03
 229   0.661468E-03  -0.928617E-03   0.158358E-01   0.203658E-02   0.250000E-03
 230   0.965701E-03   0.482755E-03   0.175276E-01   0.246600E-02   0.300000E-03
 231   0.889143E-03   0.571098E-03   0.183355E-01   0.228342E-02   0.200000E-03
 232   0.869027E-03   0.394257E-03   0.186483E-01   0.190051E-02   0.300000E-03
 233   0.176962E-02   0.756093E-03   0.191863E-01   0.234493E-02   0.400000E-03
 234   0.132744E-02   0.230803E-03   0.212861E-01   0.208670E-02   0.300000E-03
 235   0.146106E-02  -0.121253E-02   0.224014E-01   0.166589E-02   0.300000E-03
 236   0.178644E-02  -0.429197E-04   0.233077E-01   0.215780E-02   0.300000E-03
 237   0.244970E-02  -0.390723E-03   0.239568E-01   0.216904E-02   0.350000E-03
 238   0.151226E-02  -0.126925E-02   0.251792E-01   0.179822E-02   0.200000E-03
 239   0.130892E-02  -0.128719E-02   0.266880E-01   0.234270E-02   0.250000E-03
 240   0.184068E-02   0.883059E-04   0.290040E-01   0.151761E-02   0.200000E-03
 241   0.168597E-02   0.229969E-03   0.301982E-01   0.227100E-02   0.350000E-03
 242   0.210092E-02  -0.343472E-03   0.315183E-01   0.174465E-02   0.350000E-03
 243   0.235844E-02  -0.667616E-04   0.329425E-01   0.224023E-02   0.500000E-03
 244   0.132439E-02   0.367600E-03   0.354607E-01   0.199349E-02   0.200000E-03
 245   0.227693E-02   0.696439E-03   0.349444E-01   0.180987E-02   0.350000E-03
 246   0.161200E-02   0.128847E-03   0.366088E-01   0.214104E-02   0.400000E-03
 247   0.100099E-02  -0.462178E-04   0.380023E-01   0.138996E-02   0.350000E-03
 248   0.929630E-03   0.759331E-04   0.396251E-01   0.809580E-03   0.300000E-03
 249   0.191384E-02  -0.517832E-03   0.416504E-01   0.800665E-03   0.300000E-03
 250   0.727151E-03  -0.287366E-03   0.437365E-01   0.242441E-03   0.250000E-03
 251  -0.756496E-03   0.545782E-03   0.446055E-01   0.297526E-02   0.400000E-03
 252   0.120196E-02  -0.100216E-02   0.336411E-01   0.772958E-02   0.350000E-03
 253   0.417511E-03  -0.249182E-03   0.215101E-02   0.744752E-02   0.350000E-03
 254  -0.148675E-02  -0.161758E-02   0.134241E-02   0.106066E-02   0.350000E-03
 255   0.637615E-03   0.381688E-03   0.222492E-02   0.997247E-03   0.300000E-03
 256   0.206539E-02  -0.164171E-02   0.472615E-02   0.196554E-02   0.300000E-03
 257   0.744121E-03  -0.360475E-04   0.670601E-02   0.236157E-02   0.300000E-03
 258  -0.340482E-03  -0.799368E-04   0.833285E-02   0.224240E-02   0.350000E-03
 259  -0.230475E-03  -0.107320E-03   0.907577E-02   0.280438E-02   0.450000E-03
 260  -0.328201E-03  -0.503686E-03   0.989467E-02   0.258957E-02   0.400000E-03
 261   0.939746E-03   0.972441E-04   0.116340E-01   0.180620E-02   0.300000E-03
 262  -0.843172E-04  -0.881311E-03   0.121922E-01   0.213851E-02   0.350000E-03
 263   0.525728E-03  -0.167436E-02   0.135274E-01   0.166861E-02   0.350000E-03
 264   0.575889E-03  -0.911837E-03   0.148324E-01   0.223026E-02   0.300000E-03
 265   0.560030E-03   0.259466E-03   0.165873E-01   0.254298E-02   0.200000E-03
 266   0.786674E-03  -0.821774E-03   0.169916E-01   0.234541E-02   0.250000E-03
 267   0.749403E-03   0.262989E-03   0.171192E-01   0.282610E-02   0.250000E-03
 268   0.117356E-02   0.104546E-02   0.186091E-01   0.263925E-02   0.250000E-03
 269   0.142609E-02   0.101174E-03   0.190614E-01   0.298257E-02   0.250000E-03
 270   0.106880E-02   0.318768E-03   0.196581E-01   0.292191E-02   0.350000E-03
 271   0.808711E-03  -0.856951E-03   0.218868E-01   0.185220E-02   0.250000E-03
 272   0.128777E-02   0.583873E-03   0.223234E-01   0.274646E-02   0.400000E-03
 273   0.133098E-02  -0.210277E-02   0.235532E-01   0.280118E-02   0.400000E-03
 274   0.221177E-02  -0.873998E-03   0.257478E-01   0.205799E-02   0.250000E-03
 275   0.117929E-02  -0.107028E-02   0.261961E-01   0.226559E-02   0.250000E-03
 276   0.207816E-02  -0.203331E-03   0.274379E-01   0.198050E-02   0.300000E-03
 277   0.210479E-02   0.102299E-02   0.294041E-01   0.217325E-02   0.200000E-03
 278   0.136076E-02   0.170153E-03   0.318357E-01   0.238828E-02   0.350000E-03
 279   0.158179E-02   0.321610E-03   0.323497E-01   0.269206E-02   0.250000E-03
 280   0.344869E-03   0.904216E-03   0.343130E-01   0.195517E-02   0.300000E-03
 281   0.127279E-02  -0.409128E-03   0.358873E-01   0.173408E-02   0.300000E-03
 282   0.624776E-03  -0.467825E-03   0.375533E-01   0.179889E-02   0.250000E-03
 283   0.132774E-02  -0.158942E-02   0.385058E-01   0.161111E-02   0.200000E-03
 284   0.115512E-02  -0.109363E-03   0.385560E-01   0.116415E-02   0.250000E-03
 285   0.116336E-02   0.467433E-04   0.410998E-01   0.121596E-02   0.350000E-03
 286   0.189531E-02   0.820045E-04   0.432222E-01   0.895212E-03   0.300000E-03
 287   0.184185E-02  -0.179311E-03   0.428448E-01   0.122017E-02   0.200000E-03
 288   0.523149E-03  -0.956267E-03   0.593988E-02   0.800902E-02   0.350000E-03
 289   0.290705E-03  -0.614365E-04   0.247750E-03   0.234017E-02   0.250000E-03
 290   0.727096E-03   0.365568E-03   0.184461E-02   0.146671E-02   0.300000E-03
 291   0.518175E-03   0.144921E-03   0.252217E-02   0.162519E-02   0.400000E-03
 292   0.482250E-03   0.572161E-03   0.315238E-02   0.151129E-02   0.250000E-03
 293  -0.196935E-03   0.842136E-04   0.569166E-02   0.259953E-02   0.300000E-03
 294  -0.561866E-03  -0.482267E-03   0.824663E-02   0.298345E-02   0.400000E-03
 295   0.392398E-03   0.550053E-03   0.969104E-02   0.338670E-02   0.400000E-03
 296   0.730910E-03   0.279899E-03   0.110972E-01   0.191034E-02   0.250000E-03
 297   0.956990E-03   0.279509E-03   0.107028E-01   0.196221E-02   0.150000E-03
 298  -0.647342E-03  -0.535076E-03   0.125917E-01   0.169051E-02   0.200000E-03
 299  -0.664556E-03  -0.630926E-03   0.138427E-01   0.234249E-02   0.250000E-03
 300   0.106941E-02   0.167989E-02   0.148991E-01   0.272183E-02   0.200000E-03
 301   0.551259E-03  -0.761775E-03   0.154077E-01   0.236970E-02   0.300000E-03
 302   0.780878E-03   0.279243E-03   0.170252E-01   0.336336E-02   0.300000E-03
 303   0.893599E-03   0.599229E-03   0.180187E-01   0.251825E-02   0.200000E-03
 304   0.127435E-02   0.101358E-02   0.182020E-01   0.292654E-02   0.250000E-03
 305   0.129187E-02  -0.738990E-04   0.193715E-01   0.333044E-02   0.150000E-03
 306   0.140507E-02  -0.966942E-03   0.203585E-01   0.283233E-02   0.350000E-03
 307   0.777544E-03  -0.128871E-03   0.217736E-01   0.233809E-02   0.250000E-03
 308   0.120907E-02   0.551034E-03   0.227052E-01   0.338837E-02   0.350000E-03
 309   0.220675E-02  -0.621009E-03   0.245086E-01   0.266880E-02   0.400000E-03
 310   0.114388E-02  -0.118177E-02   0.250985E-01   0.229172E-02   0.300000E-03
 311   0.224421E-02  -0.527488E-03   0.272280E-01   0.259118E-02   0.350000E-03
 312   0.152437E-02   0.164030E-03   0.280806E-01   0.189723E-02   0.350000E-03
 313   0.168536E-02   0.286076E-03   0.296641E-01   0.253574E-02   0.250000E-03
 314   0.188093E-02   0.742192E-04   0.311908E-01   0.234363E-02   0.300000E-03
 315   0.181987E-02  -0.322424E-03   0.334243E-01   0.287008E-02   0.300000E-03
 316   0.188008E-02  -0.116830E-04   0.337862E-01   0.233238E-02   0.350000E-03
 317   0.203877E-02  -0.997466E-04   0.350810E-01   0.254626E-02   0.400000E-03
 318   0.113057E-02   0.204229E-03   0.358681E-01   0.242987E-02   0.400000E-03
 319   0.489654E-03  -0.613193E-03   0.389734E-01   0.143459E-02   0.250000E-03
 320   0.110889E-02  -0.838534E-03   0.398340E-01   0.141608E-02   0.300000E-03
 321   0.813665E-03  -0.838919E-03   0.404287E-01   0.135258E-02   0.300000E-03
 322   0.219068E-02  -0.220000E-03   0.425963E-01   0.732239E-03   0.350000E-03
 323   0.919631E-03   0.523412E-03   0.439559E-01   0.211211E-02   0.350000E-03
 324   0.121787E-02   0.450842E-04   0.396033E-01   0.718203E-02   0.250000E-03
 325   0.752444E-03  -0.358073E-03   0.153462E-02   0.765361E-02   0.300000E-03
 326   0.279848E-03   0.629086E-03   0.124760E-02   0.165371E-02   0.250000E-03
 327   0.557683E-03   0.195938E-03   0.207398E-02   0.222331E-02   0.350000E-03
 328   0.338973E-03   0.871844E-03   0.380807E-02   0.171596E-02   0.450000E-03
 329   0.555324E-04   0.305941E-03   0.657742E-02   0.318145E-02   0.400000E-03
 330   0.409586E-03  -0.578233E-03   0.721011E-02   0.277076E-02   0.350000E-03
 331   0.264273E-03  -0.860791E-03   0.776657E-02   0.244055E-02   0.250000E-03
 332   0.114592E-02   0.115863E-03   0.108118E-01   0.254682E-02   0.450000E-03
 333   0.620811E-03  -0.474915E-03   0.115984E-01   0.240285E-02   0.300000E-03
 334   0.212894E-03  -0.574778E-04   0.129569E-01   0.194777E-02   0.250000E-03
 335  -0.306300E-03  -0.609398E-03   0.133571E-01   0.224426E-02   0.250000E-03
 336   0.516991E-03  -0.513112E-03   0.143413E-01   0.257468E-02   0.300000E-03
 337   0.686108E-03  -0.290742E-03   0.160574E-01   0.253707E-02   0.300000E-03
 338   0.104216E-02   0.340809E-03   0.166405E-01   0.374653E-02   0.250000E-03
 339   0.280907E-03   0.246740E-03   0.176371E-01   0.312867E-02   0.350000E-03
 340   0.145048E-02  -0.142724E-03   0.189661E-01   0.352412E-02   0.300000E-03
 341   0.662888E-03   0.739819E-04   0.200799E-01   0.341301E-02   0.300000E-03
 342   0.194166E-02  -0.720725E-04   0.206030E-01   0.332206E-02   0.200000E-03
 343   0.541956E-03   0.649999E-03   0.216343E-01   0.286747E-02   0.300000E-03
 344   0.188725E-02  -0.301891E-03   0.238183E-01   0.338215E-02   0.250000E-03
 345   0.186783E-02  -0.751707E-03   0.251171E-01   0.300952E-02   0.300000E-03
 346   0.200869E-02  -0.108910E-02   0.256474E-01   0.264310E-02   0.350000E-03
 347   0.137763E-02  -0.128538E-02   0.263494E-01   0.289468E-02   0.400000E-03
 348   0.149017E-02   0.693648E-03   0.289334E-01   0.200997E-02   0.300000E-03
 349   0.176719E-02  -0.404478E-03   0.300543E-01   0.284881E-02   0.250000E-03
 350   0.150344E-02   0.373802E-03   0.320686E-01   0.316030E-02   0.300000E-03
 351   0.228141E-02  -0.203783E-03   0.328094E-01   0.307654E-02   0.350000E-03
 352   0.204936E-02   0.193058E-03   0.344987E-01   0.308849E-02   0.400000E-03
 353   0.163964E-02   0.531169E-04   0.359020E-01   0.302391E-02   0.200000E-03
 354   0.972261E-03  -0.361754E-03   0.372553E-01   0.219980E-02   0.250000E-03
 355   0.834550E-03  -0.151473E-03   0.380443E-01   0.203671E-02   0.300000E-03
 356   0.805505E-03  -0.594152E-03   0.393806E-01   0.162077E-02   0.200000E-03
 357   0.907977E-03   0.100140E-03   0.408228E-01   0.179826E-02   0.300000E-03
 358   0.181268E-02   0.197224E-03   0.416805E-01   0.134748E-02   0.250000E-03
 359   0.214893E-02   0.252450E-04   0.442658E-01   0.531619E-02   0.250000E-03
 360  -0.361118E-02  -0.267507E-02   0.448001E-01   0.418136E-02   0.200000E-03
 361  -0.391185E-03  -0.494147E-03   0.683939E-03   0.281770E-02   0.400000E-03
 362   0.538139E-03  -0.549938E-03   0.148241E-02   0.279742E-02   0.400000E-03
 363   0.349327E-03   0.354422E-03   0.311626E-02   0.200967E-02   0.250000E-03
 364   0.298678E-03   0.122412E-04   0.491293E-02   0.255075E-02   0.300000E-03
 365   0.150264E-03   0.497506E-03   0.587899E-02   0.316397E-02   0.300000E-03
 366   0.373159E-03  -0.113989E-03   0.616048E-02   0.373946E-02   0.300000E-03
 367  -0.360347E-03  -0.526964E-03   0.872422E-02   0.334526E-02   0.200000E-03
 368   0.578510E-03   0.679121E-03   0.103389E-01   0.312514E-02   0.300000E-03
 369   0.975581E-03   0.335330E-03   0.118517E-01   0.299933E-02   0.350000E-03
 370   0.249791E-03  -0.728717E-03   0.127999E-01   0.257607E-02   0.400000E-03
 371  -0.537070E-03   0.150144E-03   0.137368E-01   0.287841E-02   0.300000E-03
 372   0.682089E-03   0.665968E-03   0.150111E-01   0.330731E-02   0.400000E-03
 373   0.651465E-03  -0.153358E-03   0.156040E-01   0.292964E-02   0.300000E-03
 374   0.105263E-02   0.347826E-03   0.163532E-01   0.316865E-02   0.400000E-03
 375   0.714655E-03   0.344201E-04   0.175024E-01   0.393553E-02   0.450000E-03
 376   0.107278E-02   0.184375E-03   0.186242E-01   0.308822E-02   0.200000E-03
 377   0.132721E-02  -0.833450E-04   0.195567E-01   0.379442E-02   0.350000E-03
 378   0.969463E-03   0.109584E-02   0.210762E-01   0.264881E-02   0.300000E-03
 379   0.132570E-02  -0.215971E-04   0.211513E-01   0.330087E-02   0.350000E-03
 380   0.111771E-02   0.157061E-02   0.219848E-01   0.341280E-02   0.350000E-03
 381   0.211478E-02  -0.835956E-04   0.244118E-01   0.341056E-02   0.350000E-03
 382   0.188816E-02  -0.104042E-03   0.266973E-01   0.349193E-02   0.300000E-03
 383   0.204841E-02  -0.639711E-03   0.278059E-01   0.243031E-02   0.250000E-03
 384   0.187110E-02   0.305425E-03   0.284848E-01   0.239978E-02   0.300000E-03
 385   0.138203E-02   0.177138E-02   0.291160E-01   0.258135E-02   0.300000E-03
 386   0.921347E-03  -0.271152E-03   0.306968E-01   0.267987E-02   0.300000E-03
 387   0.175563E-02   0.516590E-03   0.324588E-01   0.367398E-02   0.350000E-03
 388   0.174405E-02  -0.594238E-04   0.354286E-01   0.345727E-02   0.450000E-03
 389   0.159647E-02  -0.341796E-03   0.360832E-01   0.337727E-02   0.200000E-03
 390   0.156303E-02  -0.517097E-04   0.364918E-01   0.292800E-02   0.400000E-03
 391   0.101200E-02  -0.274009E-03   0.376970E-01   0.252466E-02   0.300000E-03
 392   0.505322E-03  -0.409372E-03   0.390539E-01   0.192731E-02   0.250000E-03
 393   0.925385E-03  -0.202753E-03   0.396226E-01   0.211320E-02   0.350000E-03
 394   0.209545E-02   0.144340E-03   0.422209E-01   0.126111E-02   0.300000E-03
 395   0.710371E-03  -0.341008E-03   0.438981E-01   0.146715E-02   0.300000E-03
 396  -0.124296E-02  -0.958689E-03   0.444092E-01   0.241396E-02   0.200000E-03
 397   0.672339E-04  -0.213990E-03   0.973975E-03   0.356120E-02   0.400000E-03
 398   0.460877E-03  -0.159132E-03   0.270567E-02   0.237540E-02   0.300000E-03
 399   0.367861E-03  -0.282483E-05   0.350844E-02   0.239486E-02   0.300000E-03
 400   0.370012E-03   0.262077E-04   0.422476E-02   0.245280E-02   0.400000E-03
 401   0.558305E-03  -0.707411E-04   0.573315E-02   0.399638E-02   0.200000E-03
 402   0.554638E-03   0.242128E-03   0.726322E-02   0.346576E-02   0.350000E-03
 403  -0.567605E-03   0.813632E-04   0.851993E-02   0.374139E-02   0.250000E-03
 404   0.613685E-04  -0.138985E-03   0.906848E-02   0.370650E-02   0.300000E-03
 405   0.359576E-03  -0.827430E-03   0.119670E-01   0.353712E-02   0.200000E-03
 406  -0.745382E-04  -0.185300E-03   0.125271E-01   0.332194E-02   0.400000E-03
 407   0.367948E-03  -0.419618E-03   0.132030E-01   0.314776E-02   0.300000E-03
 408   0.240540E-03   0.638449E-03   0.142166E-01   0.338614E-02   0.400000E-03
 409   0.874957E-03   0.552346E-03   0.157131E-01   0.356383E-02   0.350000E-03
 410   0.924748E-03   0.409808E-03   0.161695E-01   0.402108E-02   0.300000E-03
 411   0.912894E-03   0.580261E-03   0.167061E-01   0.428653E-02   0.300000E-03
 412   0.111766E-02  -0.133933E-03   0.182689E-01   0.357054E-02   0.400000E-03
 413   0.130561E-02   0.747275E-03   0.202427E-01   0.398600E-02   0.300000E-03
 414   0.179729E-02  -0.644684E-03   0.207492E-01   0.374543E-02   0.250000E-03
 415   0.191430E-02   0.926568E-03   0.208096E-01   0.439059E-02   0.400000E-03
 416   0.109289E-02   0.100821E-02   0.223679E-01   0.405602E-02   0.400000E-03
 417   0.860575E-03   0.285458E-03   0.233175E-01   0.359969E-02   0.300000E-03
 418   0.179802E-02  -0.148656E-03   0.250613E-01   0.365429E-02   0.350000E-03
 419   0.266423E-02  -0.251158E-03   0.277230E-01   0.307701E-02   0.350000E-03
 420   0.206533E-02  -0.918880E-04   0.282917E-01   0.290627E-02   0.250000E-03
 421   0.201696E-02  -0.417671E-03   0.295216E-01   0.311389E-02   0.350000E-03
 422   0.182351E-02   0.444319E-03   0.313251E-01   0.308056E-02   0.450000E-03
 423   0.221760E-02   0.316617E-04   0.338130E-01   0.338077E-02   0.350000E-03
 424   0.180144E-02  -0.967366E-05   0.347389E-01   0.374514E-02   0.300000E-03
 425   0.114858E-02  -0.437825E-03   0.370036E-01   0.340043E-02   0.300000E-03
 426   0.788855E-03  -0.635931E-04   0.371835E-01   0.282856E-02   0.300000E-03
 427   0.114274E-02  -0.365375E-03   0.380428E-01   0.312331E-02   0.300000E-03
 428   0.945739E-03  -0.467344E-03   0.385875E-01   0.210228E-02   0.250000E-03
 429   0.282849E-03   0.516310E-04   0.402381E-01   0.191620E-02   0.300000E-03
 430   0.169188E-02  -0.206780E-03   0.419332E-01   0.188638E-02   0.350000E-03
 431   0.190186E-02  -0.418065E-03   0.426736E-01   0.179278E-02   0.400000E-03
 432   0.174752E-02  -0.342529E-03   0.433006E-01   0.148568E-02   0.300000E-03
 433  -0.961518E-07  -0.234325E-03   0.347967E-03   0.403873E-02   0.350000E-03
 434   0.736964E-03   0.311223E-03   0.162165E-02   0.191198E-02   0.200000E-03
 435   0.198187E-03  -0.248868E-03   0.317076E-02   0.294129E-02   0.350000E-03
 436   0.230784E-03  -0.318719E-03   0.527814E-02   0.295782E-02   0.250000E-03
 437   0.453434E-03  -0.345625E-03   0.565920E-02   0.360787E-02   0.200000E-03
 438   0.613793E-03   0.434800E-04   0.674777E-02   0.385985E-02   0.300000E-03
 439  -0.435381E-03  -0.721787E-04   0.792954E-02   0.365798E-02   0.350000E-03
 440   0.127432E-02   0.512071E-03   0.108809E-01   0.378240E-02   0.200000E-03
 441   0.135563E-02   0.865669E-03   0.109154E-01   0.328630E-02   0.300000E-03
 442   0.449736E-03   0.264045E-03   0.130787E-01   0.375264E-02   0.300000E-03
 443   0.995464E-03   0.255884E-03   0.135859E-01   0.354063E-02   0.250000E-03
 444   0.725828E-03   0.583624E-03   0.152118E-01   0.397504E-02   0.300000E-03
 445   0.883533E-03   0.491683E-03   0.156645E-01   0.450358E-02   0.400000E-03
 446   0.102875E-02   0.559419E-03   0.162618E-01   0.450755E-02   0.200000E-03
 447   0.666603E-03   0.359489E-03   0.172005E-01   0.461977E-02   0.300000E-03
 448   0.107347E-02   0.300645E-03   0.182875E-01   0.446753E-02   0.500000E-03
 449   0.115972E-02   0.130550E-03   0.191809E-01   0.444033E-02   0.400000E-03
 450   0.171716E-02   0.129890E-03   0.198762E-01   0.445783E-02   0.300000E-03
 451   0.176467E-02   0.860892E-03   0.214884E-01   0.396999E-02   0.400000E-03
 452   0.151279E-02   0.490465E-03   0.218695E-01   0.461371E-02   0.350000E-03
 453   0.174613E-02  -0.765199E-03   0.239729E-01   0.395753E-02   0.350000E-03
 454   0.221285E-02  -0.365566E-03   0.256851E-01   0.333992E-02   0.350000E-03
 455   0.247211E-02  -0.782132E-03   0.269284E-01   0.305100E-02   0.200000E-03
 456   0.952197E-03  -0.218175E-03   0.288276E-01   0.316375E-02   0.350000E-03
 457   0.118507E-02  -0.843357E-03   0.304505E-01   0.322370E-02   0.300000E-03
 458   0.165899E-02   0.453793E-03   0.306959E-01   0.381518E-02   0.350000E-03
 459   0.156255E-02   0.541852E-03   0.317677E-01   0.374884E-02   0.350000E-03
 460   0.183102E-02   0.865870E-04   0.341997E-01   0.383693E-02   0.250000E-03
 461   0.153148E-02  -0.488176E-03   0.364837E-01   0.357578E-02   0.250000E-03
 462   0.296137E-03  -0.108521E-02   0.376618E-01   0.428758E-02   0.300000E-03
 463   0.975887E-03  -0.428524E-03   0.382908E-01   0.258030E-02   0.300000E-03
 464   0.951507E-03  -0.144731E-03   0.390293E-01   0.264107E-02   0.450000E-03
 465   0.116468E-02  -0.638905E-03   0.407145E-01   0.238516E-02   0.300000E-03
 466   0.159974E-02  -0.478611E-03   0.411706E-01   0.258538E-02   0.200000E-03
 467   0.163048E-02  -0.231345E-03   0.435632E-01   0.256177E-02   0.250000E-03
 468   0.784830E-03  -0.316270E-03   0.435829E-01   0.383345E-02   0.350000E-03
 469   0.256122E-03  -0.616061E-04   0.105581E-02   0.440598E-02   0.450000E-03
 470   0.486940E-03  -0.476177E-03   0.217841E-02   0.286246E-02   0.300000E-03
 471   0.659419E-03  -0.130613E-03   0.388328E-02   0.317217E-02   0.400000E-03
 472   0.427446E-03  -0.178357E-03   0.458484E-02   0.305296E-02   0.300000E-03
 473   0.198659E-03  -0.346079E-03   0.506173E-02   0.356684E-02   0.400000E-03
 474   0.205665E-03  -0.479494E-03   0.745857E-02   0.402663E-02   0.250000E-03
 475  -0.277497E-03  -0.622656E-04   0.809073E-02   0.433763E-02   0.350000E-03
 476   0.557897E-03   0.229072E-03   0.954680E-02   0.406797E-02   0.300000E-03
 477   0.138860E-02   0.430066E-03   0.113031E-01   0.297088E-02   0.200000E-03
 478  -0.143001E-03  -0.165511E-03   0.122488E-01   0.401024E-02   0.350000E-03
 479   0.252639E-03  -0.155105E-03   0.141966E-01   0.403297E-02   0.250000E-03
 480   0.103836E-02   0.188550E-03   0.146646E-01   0.385691E-02   0.250000E-03
 481   0.124430E-02   0.207297E-03   0.148008E-01   0.433798E-02   0.250000E-03
 482   0.933928E-03   0.243200E-03   0.162576E-01   0.510101E-02   0.400000E-03
 483   0.188291E-02  -0.694505E-03   0.169545E-01   0.516683E-02   0.300000E-03
 484   0.126689E-02   0.291268E-03   0.185578E-01   0.521766E-02   0.300000E-03
 485   0.130698E-02   0.439575E-03   0.195561E-01   0.508772E-02   0.350000E-03
 486   0.145173E-02  -0.222927E-03   0.202017E-01   0.495967E-02   0.300000E-03
 487   0.175371E-02   0.470442E-03   0.212737E-01   0.497483E-02   0.350000E-03
 488   0.892748E-03   0.147345E-03   0.217913E-01   0.515722E-02   0.200000E-03
 489   0.244726E-02  -0.676359E-03   0.245705E-01   0.399671E-02   0.250000E-03
 490   0.230327E-02  -0.349314E-04   0.272312E-01   0.340094E-02   0.250000E-03
 491   0.231527E-02  -0.838764E-03   0.282491E-01   0.345646E-02   0.300000E-03
 492   0.155452E-02   0.297875E-03   0.292257E-01   0.379632E-02   0.400000E-03
 493   0.210674E-02   0.304563E-03   0.299706E-01   0.358348E-02   0.300000E-03
 494   0.189835E-02   0.614775E-03   0.312277E-01   0.371989E-02   0.200000E-03
 495   0.149786E-02   0.580068E-03   0.328887E-01   0.400972E-02   0.200000E-03
 496   0.161650E-02  -0.199079E-03   0.359409E-01   0.419133E-02   0.350000E-03
 497   0.160890E-02  -0.469541E-03   0.361143E-01   0.372440E-02   0.150000E-03
 498   0.120737E-02  -0.844663E-03   0.373772E-01   0.381684E-02   0.250000E-03
 499   0.100986E-02  -0.259244E-03   0.375461E-01   0.334699E-02   0.250000E-03
 500   0.116805E-02  -0.568210E-03   0.394098E-01   0.310434E-02   0.150000E-03
 501   0.361850E-03  -0.427105E-03   0.401720E-01   0.246050E-02   0.250000E-03
 502   0.147457E-02  -0.297310E-04   0.413275E-01   0.211486E-02   0.300000E-03
 503   0.143776E-02  -0.214084E-03   0.429696E-01   0.263609E-02   0.350000E-03
 504   0.166918E-02  -0.347764E-03   0.433077E-01   0.208183E-02   0.300000E-03
 505   0.346442E-03  -0.119190E-03   0.165238E-02   0.387500E-02   0.350000E-03
 506   0.547086E-03  -0.552915E-03   0.186979E-02   0.331694E-02   0.250000E-03
 507  -0.196769E-04  -0.429511E-03   0.333093E-02   0.351876E-02   0.250000E-03
 508   0.329047E-03  -0.376616E-03   0.437143E-02   0.367206E-02   0.300000E-03
 509   0.494540E-03  -0.192142E-03   0.607763E-02   0.428252E-02   0.250000E-03
 510   0.430783E-03  -0.196359E-03   0.748484E-02   0.456815E-02   0.300000E-03
 511  -0.715784E-03  -0.300869E-03   0.875416E-02   0.423485E-02   0.300000E-03
 512   0.466364E-03   0.532025E-03   0.103332E-01   0.377107E-02   0.350000E-03
 513   0.868073E-03   0.576877E-03   0.114643E-01   0.351918E-02   0.300000E-03
 514   0.251089E-03  -0.122684E-03   0.128709E-01   0.442182E-02   0.400000E-03
 515   0.925970E-03  -0.174588E-03   0.136062E-01   0.413927E-02   0.350000E-03
 516   0.313410E-03   0.629106E-03   0.142774E-01   0.462481E-02   0.350000E-03
 517   0.143358E-02   0.331357E-03   0.151201E-01   0.457831E-02   0.150000E-03
 518   0.819748E-03   0.262817E-03   0.154776E-01   0.527580E-02   0.400000E-03
 519   0.967872E-03   0.440839E-03   0.176751E-01   0.505203E-02   0.350000E-03
 520   0.385530E-03  -0.319550E-03   0.190721E-01   0.552181E-02   0.300000E-03
 521   0.133886E-02   0.488759E-03   0.200574E-01   0.564366E-02   0.400000E-03
 522   0.727314E-03  -0.811224E-03   0.206379E-01   0.529165E-02   0.250000E-03
 523   0.914953E-03   0.188703E-03   0.217726E-01   0.560455E-02   0.250000E-03
 524   0.535586E-03   0.890379E-03   0.230623E-01   0.413938E-02   0.300000E-03
 525   0.172097E-02   0.945703E-04   0.251172E-01   0.440099E-02   0.400000E-03
 526   0.187079E-02  -0.175289E-03   0.255793E-01   0.394976E-02   0.250000E-03
 527   0.304018E-02   0.760982E-04   0.277067E-01   0.372672E-02   0.300000E-03
 528   0.126459E-02  -0.508283E-03   0.291101E-01   0.453662E-02   0.350000E-03
 529   0.152811E-02   0.333832E-03   0.304425E-01   0.440328E-02   0.300000E-03
 530   0.177742E-02   0.227848E-03   0.321521E-01   0.406855E-02   0.150000E-03
 531   0.254786E-02   0.904956E-03   0.330521E-01   0.356975E-02   0.200000E-03
 532   0.170535E-02  -0.115434E-03   0.351970E-01   0.427341E-02   0.400000E-03
 533   0.132445E-02  -0.802368E-03   0.368519E-01   0.397911E-02   0.300000E-03
 534   0.181018E-02  -0.390376E-03   0.382402E-01   0.444841E-02   0.300000E-03
 535   0.199893E-03  -0.551376E-03   0.379228E-01   0.374731E-02   0.300000E-03
 536   0.735288E-03  -0.422936E-03   0.387111E-01   0.314691E-02   0.150000E-03
 537   0.820803E-03  -0.596798E-05   0.404509E-01   0.274508E-02   0.150000E-03
 538   0.170052E-02  -0.106672E-03   0.417696E-01   0.251400E-02   0.300000E-03
 539   0.175113E-02  -0.115745E-03   0.423596E-01   0.241495E-02   0.300000E-03
 540   0.182231E-02  -0.811362E-04   0.439696E-01   0.284553E-02   0.250000E-03
 541   0.637434E-03   0.140608E-03   0.472181E-02   0.857394E-02   0.300000E-03
 542   0.400634E-03  -0.613270E-03   0.258169E-02   0.354872E-02   0.500000E-03
 543   0.448982E-03  -0.402372E-04   0.376316E-02   0.385830E-02   0.300000E-03
 544   0.277946E-03  -0.178864E-03   0.419955E-02   0.419282E-02   0.250000E-03
 545   0.356852E-03   0.321176E-04   0.531661E-02   0.416212E-02   0.250000E-03
 546  -0.599818E-03  -0.337135E-03   0.858071E-02   0.496356E-02   0.450000E-03
 547   0.437864E-03   0.521227E-03   0.924162E-02   0.458282E-02   0.300000E-03
 548   0.336925E-03  -0.111106E-03   0.976559E-02   0.451440E-02   0.200000E-03
 549   0.768128E-03  -0.389695E-03   0.110808E-01   0.434513E-02   0.400000E-03
 550   0.480114E-03  -0.171207E-03   0.116502E-01   0.403342E-02   0.250000E-03
 551   0.853868E-03   0.459115E-03   0.135421E-01   0.493600E-02   0.450000E-03
 552   0.399251E-03   0.305422E-03   0.142414E-01   0.532077E-02   0.350000E-03
 553   0.127045E-02   0.452282E-03   0.148312E-01   0.485486E-02   0.250000E-03
 554   0.604127E-03   0.423404E-03   0.151029E-01   0.580094E-02   0.250000E-03
 555   0.707319E-03   0.894425E-03   0.160196E-01   0.586310E-02   0.400000E-03
 556   0.954076E-03   0.507428E-03   0.180705E-01   0.556447E-02   0.300000E-03
 557   0.138036E-02   0.137251E-03   0.188138E-01   0.484864E-02   0.150000E-03
 558   0.193022E-02  -0.174923E-04   0.211350E-01   0.570810E-02   0.400000E-03
 559   0.806408E-03   0.209444E-03   0.225552E-01   0.467809E-02   0.250000E-03
 560   0.116903E-02  -0.757831E-04   0.236430E-01   0.445282E-02   0.250000E-03
 561   0.213252E-02   0.147092E-03   0.258631E-01   0.447631E-02   0.350000E-03
 562   0.198978E-02  -0.299173E-03   0.261662E-01   0.384718E-02   0.350000E-03
 563   0.269475E-02   0.834557E-04   0.284941E-01   0.411026E-02   0.400000E-03
 564   0.272960E-02   0.189386E-02   0.285125E-01   0.480958E-02   0.300000E-03
 565   0.149882E-02   0.444698E-03   0.298180E-01   0.424891E-02   0.350000E-03
 566   0.242263E-02  -0.851588E-03   0.312684E-01   0.437327E-02   0.450000E-03
 567   0.206764E-02  -0.351391E-03   0.332618E-01   0.328930E-02   0.150000E-03
 568   0.215429E-02   0.147001E-03   0.338555E-01   0.382676E-02   0.100000E-03
 569   0.140376E-02  -0.172987E-03   0.369852E-01   0.450970E-02   0.250000E-03
 570   0.166875E-02  -0.256529E-03   0.378137E-01   0.486915E-02   0.300000E-03
 571   0.892957E-03  -0.753026E-03   0.384808E-01   0.352837E-02   0.300000E-03
 572   0.889864E-03  -0.317446E-03   0.390778E-01   0.340699E-02   0.300000E-03
 573   0.550526E-03  -0.474559E-03   0.397543E-01   0.281533E-02   0.300000E-03
 574   0.145397E-02  -0.107536E-03   0.414281E-01   0.323317E-02   0.500000E-03
 575   0.171911E-02  -0.116860E-03   0.421408E-01   0.291737E-02   0.250000E-03
 576   0.109162E-02  -0.152153E-02   0.444201E-01   0.385655E-02   0.300000E-03
 577   0.390608E-04  -0.101368E-02   0.303416E-03   0.468541E-02   0.300000E-03
 578   0.393891E-03  -0.122722E-03   0.261577E-02   0.439215E-02   0.350000E-03
 579   0.658259E-03  -0.334519E-03   0.476668E-02   0.439242E-02   0.350000E-03
 580   0.344441E-03  -0.377285E-04   0.543221E-02   0.464750E-02   0.250000E-03
 581   0.163006E-03  -0.668935E-03   0.708204E-02   0.416091E-02   0.150000E-03
 582  -0.139154E-03  -0.308123E-03   0.793811E-02   0.486579E-02   0.200000E-03
 583   0.315535E-03  -0.230236E-03   0.995206E-02   0.492112E-02   0.250000E-03
 584   0.548029E-03  -0.376198E-03   0.103429E-01   0.446835E-02   0.350000E-03
 585   0.130254E-02   0.101666E-02   0.107064E-01   0.517839E-02   0.450000E-03
 586   0.221017E-03  -0.442164E-03   0.118704E-01   0.453555E-02   0.300000E-03
 587   0.752411E-03  -0.253276E-03   0.123407E-01   0.470104E-02   0.200000E-03
 588   0.829486E-03   0.875600E-03   0.136737E-01   0.557204E-02   0.200000E-03
 589   0.880188E-03   0.305343E-03   0.148370E-01   0.537771E-02   0.250000E-03
 590   0.104599E-02   0.731975E-03   0.154590E-01   0.607492E-02   0.200000E-03
 591   0.113329E-02   0.423581E-03   0.173689E-01   0.556151E-02   0.250000E-03
 592   0.101795E-02   0.655690E-03   0.181217E-01   0.615958E-02   0.300000E-03
 593   0.224022E-03  -0.581257E-03   0.194455E-01   0.598855E-02   0.300000E-03
 594   0.140426E-02   0.515867E-03   0.205672E-01   0.619277E-02   0.350000E-03
 595   0.135008E-02   0.492420E-04   0.221796E-01   0.506609E-02   0.200000E-03
 596   0.512111E-03   0.262629E-03   0.231460E-01   0.478247E-02   0.350000E-03
 597   0.214844E-02  -0.479956E-04   0.243468E-01   0.460512E-02   0.400000E-03
 598   0.216890E-02  -0.852257E-04   0.265616E-01   0.441988E-02   0.350000E-03
 599   0.225102E-02   0.714009E-04   0.271109E-01   0.398650E-02   0.350000E-03
 600   0.150602E-02   0.256719E-03   0.298546E-01   0.489537E-02   0.300000E-03
 601   0.178969E-02   0.137241E-03   0.304849E-01   0.504293E-02   0.350000E-03
 602   0.114475E-02   0.186960E-03   0.309604E-01   0.488844E-02   0.150000E-03
 603   0.143971E-02  -0.278774E-03   0.330325E-01   0.453862E-02   0.350000E-03
 604   0.198383E-02   0.458041E-03   0.334333E-01   0.396528E-02   0.350000E-03
 605   0.178213E-02  -0.303776E-03   0.363992E-01   0.478322E-02   0.400000E-03
 606   0.115289E-02  -0.436975E-03   0.385055E-01   0.515001E-02   0.450000E-03
 607   0.128733E-02   0.298780E-03   0.386209E-01   0.405430E-02   0.250000E-03
 608   0.185356E-02   0.368516E-03   0.396750E-01   0.346752E-02   0.300000E-03
 609   0.864268E-03  -0.179582E-03   0.402708E-01   0.320706E-02   0.350000E-03
 610   0.158888E-02   0.210932E-03   0.408931E-01   0.279774E-02   0.150000E-03
 611   0.993778E-03  -0.302389E-03   0.428127E-01   0.362611E-02   0.450000E-03
 612   0.170095E-02  -0.848377E-03   0.434484E-01   0.314674E-02   0.350000E-03
 613   0.780461E-03  -0.291209E-03   0.104146E-01   0.864311E-02   0.350000E-03
 614   0.523297E-03  -0.977734E-04   0.313806E-02   0.455577E-02   0.200000E-03
 615   0.525139E-03   0.508577E-04   0.368284E-02   0.450015E-02   0.350000E-03
 616   0.530851E-03  -0.339133E-03   0.568284E-02   0.433978E-02   0.150000E-03
 617   0.691908E-03  -0.820283E-04   0.663465E-02   0.449773E-02   0.350000E-03
 618  -0.542676E-03  -0.643541E-03   0.812229E-02   0.555415E-02   0.300000E-03
 619   0.420778E-03   0.133907E-04   0.929830E-02   0.517895E-02   0.300000E-03
 620   0.371816E-03  -0.233571E-04   0.987701E-02   0.556421E-02   0.400000E-03
 621   0.575004E-03   0.251935E-03   0.113969E-01   0.536580E-02   0.250000E-03
 622   0.610336E-03  -0.721392E-03   0.114451E-01   0.487620E-02   0.250000E-03
 623   0.648877E-03  -0.348296E-03   0.126665E-01   0.514330E-02   0.350000E-03
 624   0.276905E-03   0.569067E-03   0.139946E-01   0.581046E-02   0.200000E-03
 625   0.534015E-03   0.541919E-03   0.145244E-01   0.595512E-02   0.350000E-03
 626   0.120349E-02   0.379639E-03   0.166317E-01   0.549949E-02   0.150000E-03
 627   0.125376E-02   0.461157E-03   0.169352E-01   0.566784E-02   0.200000E-03
 628   0.123420E-02   0.571168E-03   0.175270E-01   0.608326E-02   0.300000E-03
 629   0.104041E-02   0.493943E-03   0.187318E-01   0.658848E-02   0.450000E-03
 630   0.863828E-03   0.189799E-03   0.217857E-01   0.615430E-02   0.300000E-03
 631   0.943582E-03  -0.114393E-03   0.226759E-01   0.529897E-02   0.350000E-03
 632   0.131581E-02   0.493227E-03   0.237618E-01   0.498807E-02   0.300000E-03
 633   0.224652E-02   0.147614E-03   0.245969E-01   0.520279E-02   0.250000E-03
 634   0.212277E-02  -0.627283E-04   0.270959E-01   0.453358E-02   0.200000E-03
 635   0.219560E-02   0.296185E-04   0.277374E-01   0.447854E-02   0.450000E-03
 636   0.146967E-02   0.248935E-03   0.293149E-01   0.515179E-02   0.300000E-03
 637   0.156219E-02   0.273242E-03   0.302855E-01   0.565721E-02   0.300000E-03
 638   0.188661E-02  -0.775247E-03   0.321491E-01   0.474891E-02   0.350000E-03
 639   0.174806E-02  -0.248031E-03   0.342869E-01   0.479882E-02   0.250000E-03
 640   0.168545E-02  -0.139470E-03   0.344997E-01   0.429553E-02   0.300000E-03
 641   0.162268E-02  -0.403172E-03   0.368757E-01   0.529341E-02   0.300000E-03
 642   0.144238E-02  -0.256860E-03   0.372694E-01   0.491338E-02   0.250000E-03
 643   0.106087E-02  -0.150517E-03   0.388005E-01   0.451669E-02   0.250000E-03
 644   0.116608E-02   0.395910E-03   0.392848E-01   0.407538E-02   0.400000E-03
 645   0.174133E-02  -0.239702E-06   0.417286E-01   0.386462E-02   0.200000E-03
 646   0.203814E-02   0.831108E-04   0.407898E-01   0.335574E-02   0.150000E-03
 647   0.135523E-02  -0.177374E-03   0.425781E-01   0.302078E-02   0.200000E-03
 648  -0.221856E-03  -0.572923E-03   0.448035E-01   0.354063E-02   0.200000E-03
 649   0.594420E-03  -0.804368E-03   0.719799E-03   0.496191E-02   0.200000E-03
 650   0.388020E-03  -0.290816E-03   0.266312E-02   0.508443E-02   0.350000E-03
 651   0.806745E-03  -0.255367E-03   0.319780E-02   0.405881E-02   0.300000E-03
 652   0.276838E-03  -0.242566E-03   0.458172E-02   0.498796E-02   0.200000E-03
 653   0.626496E-03   0.772196E-04   0.656342E-02   0.499051E-02   0.150000E-03
 654   0.289848E-03  -0.365783E-03   0.748716E-02   0.526146E-02   0.400000E-03
 655  -0.528269E-03  -0.476617E-04   0.875626E-02   0.574279E-02   0.350000E-03
 656   0.553301E-04   0.124772E-03   0.933068E-02   0.591384E-02   0.250000E-03
 657   0.535287E-03   0.558639E-04   0.104509E-01   0.595827E-02   0.300000E-03
 658   0.454644E-03   0.762072E-03   0.119673E-01   0.517754E-02   0.350000E-03
 659   0.113541E-02   0.409152E-04   0.131420E-01   0.550867E-02   0.250000E-03
 660   0.514376E-03   0.321083E-03   0.136099E-01   0.626964E-02   0.400000E-03
 661   0.711088E-03   0.806140E-03   0.150395E-01   0.634574E-02   0.300000E-03
 662   0.752837E-03   0.105039E-02   0.163532E-01   0.647514E-02   0.300000E-03
 663   0.112256E-02   0.505981E-03   0.166567E-01   0.601877E-02   0.250000E-03
 664   0.117650E-02   0.498009E-03   0.177640E-01   0.657629E-02   0.250000E-03
 665   0.141175E-02   0.276777E-03   0.199349E-01   0.633205E-02   0.300000E-03
 666   0.197483E-02   0.298165E-03   0.211882E-01   0.640474E-02   0.300000E-03
 667   0.615574E-03   0.148752E-03   0.222804E-01   0.581075E-02   0.300000E-03
 668   0.966844E-03   0.536879E-03   0.233322E-01   0.540491E-02   0.300000E-03
 669   0.970113E-03   0.528213E-03   0.248094E-01   0.479454E-02   0.100000E-03
 670   0.188327E-02   0.412048E-03   0.263012E-01   0.490128E-02   0.200000E-03
 671   0.231643E-02   0.269442E-03   0.284410E-01   0.530447E-02   0.200000E-03
 672   0.230212E-02   0.195254E-03   0.280435E-01   0.510633E-02   0.250000E-03
 673   0.105433E-02  -0.230975E-03   0.309877E-01   0.551864E-02   0.350000E-03
 674   0.237496E-02  -0.104093E-02   0.315559E-01   0.511686E-02   0.350000E-03
 675   0.156232E-02  -0.250457E-03   0.325003E-01   0.426780E-02   0.250000E-03
 676   0.144632E-02   0.903075E-04   0.347856E-01   0.477532E-02   0.250000E-03
 677   0.168407E-02   0.101559E-03   0.369643E-01   0.598617E-02   0.400000E-03
 678   0.128352E-02  -0.444813E-03   0.374154E-01   0.539029E-02   0.250000E-03
 679   0.102066E-02  -0.480284E-03   0.390951E-01   0.541984E-02   0.200000E-03
 680   0.920858E-03  -0.340408E-03   0.392628E-01   0.489716E-02   0.350000E-03
 681   0.183622E-02  -0.464773E-03   0.410991E-01   0.390304E-02   0.250000E-03
 682   0.154641E-02  -0.638301E-04   0.421506E-01   0.341564E-02   0.250000E-03
 683   0.491837E-03  -0.690085E-03   0.440299E-01   0.455125E-02   0.500000E-03
 684   0.147289E-02  -0.102602E-02   0.440483E-01   0.338849E-02   0.300000E-03
 685  -0.125289E-03  -0.316212E-03   0.348745E-03   0.740809E-02   0.350000E-03
 686   0.548072E-03  -0.343638E-03   0.332767E-02   0.567125E-02   0.350000E-03
 687   0.611776E-03  -0.280123E-03   0.330788E-02   0.502516E-02   0.300000E-03
 688   0.655436E-03  -0.285405E-03   0.502639E-02   0.493318E-02   0.250000E-03
 689   0.289217E-03  -0.320516E-03   0.706572E-02   0.483536E-02   0.200000E-03
 690   0.423866E-03  -0.860599E-05   0.761106E-02   0.599425E-02   0.350000E-03
 691   0.181764E-03  -0.436674E-04   0.876934E-02   0.651645E-02   0.350000E-03
 692   0.407473E-03  -0.109798E-03   0.988510E-02   0.626199E-02   0.300000E-03
 693   0.614858E-03  -0.524479E-05   0.103771E-01   0.650090E-02   0.250000E-03
 694   0.624682E-03  -0.374323E-05   0.110943E-01   0.587683E-02   0.350000E-03
 695   0.864353E-03   0.614874E-03   0.128897E-01   0.605262E-02   0.350000E-03
 696   0.875073E-03   0.424162E-03   0.146177E-01   0.726869E-02   0.250000E-03
 697   0.547785E-03   0.484724E-03   0.143186E-01   0.667297E-02   0.400000E-03
 698   0.119007E-02   0.986418E-03   0.156739E-01   0.663396E-02   0.400000E-03
 699   0.110346E-02   0.585486E-03   0.170722E-01   0.667717E-02   0.450000E-03
 700   0.112337E-02   0.437852E-03   0.181077E-01   0.700343E-02   0.300000E-03
 701   0.111029E-02   0.503071E-03   0.194710E-01   0.670829E-02   0.300000E-03
 702   0.139560E-02   0.235286E-03   0.203401E-01   0.690207E-02   0.400000E-03
 703   0.116089E-02   0.250461E-03   0.229555E-01   0.599342E-02   0.400000E-03
 704   0.172963E-02   0.486509E-03   0.240902E-01   0.560476E-02   0.400000E-03
 705   0.171476E-02   0.356717E-03   0.250704E-01   0.504801E-02   0.250000E-03
 706   0.201151E-02   0.339619E-03   0.258867E-01   0.507387E-02   0.250000E-03
 707   0.201924E-02   0.268693E-03   0.269015E-01   0.509754E-02   0.400000E-03
 708   0.152752E-02   0.198726E-03   0.297819E-01   0.543946E-02   0.250000E-03
 709   0.207672E-02  -0.105488E-02   0.320763E-01   0.529361E-02   0.200000E-03
 710   0.187206E-02  -0.791440E-03   0.326818E-01   0.502298E-02   0.250000E-03
 711   0.164086E-02  -0.252510E-03   0.337263E-01   0.459749E-02   0.350000E-03
 712   0.134764E-02  -0.447315E-04   0.351120E-01   0.521782E-02   0.300000E-03
 713   0.139889E-02  -0.268956E-04   0.381537E-01   0.636185E-02   0.350000E-03
 714   0.132172E-02  -0.416387E-03   0.379267E-01   0.570003E-02   0.350000E-03
 715   0.950957E-03  -0.447000E-03   0.388323E-01   0.564792E-02   0.150000E-03
 716   0.942190E-03  -0.572151E-03   0.397390E-01   0.454074E-02   0.250000E-03
 717   0.107822E-02  -0.980021E-05   0.400777E-01   0.366808E-02   0.150000E-03
 718   0.149689E-02  -0.219754E-03   0.421759E-01   0.391392E-02   0.250000E-03
 719   0.136913E-02  -0.414365E-03   0.448010E-01   0.546988E-02   0.200000E-03
 720   0.621341E-03  -0.101539E-02   0.434113E-01   0.730536E-02   0.350000E-03
 721   0.162865E-03  -0.275162E-03   0.215325E-02   0.410014E-02   0.200000E-03
 722   0.651342E-04  -0.290551E-03   0.202128E-02   0.517563E-02   0.300000E-03
 723   0.293165E-03  -0.169122E-03   0.424966E-02   0.468957E-02   0.250000E-03
 724   0.509276E-03   0.590451E-04   0.601728E-02   0.492911E-02   0.400000E-03
 725  -0.176638E-04   0.390403E-03   0.693084E-02   0.515740E-02   0.150000E-03
 726   0.538268E-03  -0.150985E-03   0.653582E-02   0.553803E-02   0.400000E-03
 727  -0.431686E-03  -0.172733E-03   0.824319E-02   0.614070E-02   0.300000E-03
 728   0.463706E-04   0.619861E-05   0.935837E-02   0.641189E-02   0.250000E-03
 729   0.441261E-03  -0.417549E-03   0.971493E-02   0.683687E-02   0.300000E-03
 730   0.224739E-03   0.429129E-03   0.123405E-01   0.564678E-02   0.250000E-03
 731   0.558333E-03   0.159728E-03   0.122030E-01   0.624659E-02   0.350000E-03
 732   0.506479E-03   0.391160E-03   0.130917E-01   0.665764E-02   0.250000E-03
 733   0.839586E-03   0.560533E-03   0.149331E-01   0.688343E-02   0.250000E-03
 734   0.101990E-02   0.284328E-03   0.161863E-01   0.694607E-02   0.200000E-03
 735   0.942233E-03   0.355022E-03   0.175424E-01   0.732255E-02   0.350000E-03
 736   0.926130E-03   0.279681E-03   0.190463E-01   0.737749E-02   0.400000E-03
 737   0.105758E-02   0.369208E-03   0.197325E-01   0.724741E-02   0.300000E-03
 738   0.187059E-02  -0.122204E-03   0.214154E-01   0.706469E-02   0.400000E-03
 739   0.625383E-03   0.561298E-03   0.223638E-01   0.645249E-02   0.350000E-03
 740   0.176674E-02   0.510430E-03   0.236682E-01   0.622354E-02   0.350000E-03
 741   0.222820E-02   0.135087E-03   0.247590E-01   0.567222E-02   0.250000E-03
 742   0.182384E-02   0.280039E-03   0.263068E-01   0.535020E-02   0.250000E-03
 743   0.206991E-02   0.257836E-03   0.275474E-01   0.515027E-02   0.250000E-03
 744   0.300564E-02   0.159730E-03   0.288226E-01   0.520227E-02   0.200000E-03
 745   0.236841E-02  -0.107413E-02   0.315606E-01   0.571629E-02   0.250000E-03
 746   0.182413E-02  -0.918047E-03   0.328012E-01   0.560941E-02   0.350000E-03
 747   0.135521E-02  -0.384381E-03   0.332579E-01   0.514733E-02   0.300000E-03
 748   0.162778E-02  -0.310605E-03   0.356547E-01   0.486248E-02   0.350000E-03
 749   0.175908E-02  -0.445642E-03   0.363086E-01   0.547674E-02   0.300000E-03
 750  -0.725021E-03   0.697548E-03   0.385017E-01   0.587105E-02   0.250000E-03
 751   0.150016E-02   0.230755E-04   0.391598E-01   0.594995E-02   0.300000E-03
 752   0.451977E-03  -0.105854E-03   0.401933E-01   0.424041E-02   0.300000E-03
 753   0.194825E-02  -0.475841E-03   0.407481E-01   0.305909E-02   0.150000E-03
 754   0.169140E-02  -0.439541E-03   0.418930E-01   0.419518E-02   0.150000E-03
 755   0.176818E-02  -0.870301E-03   0.425374E-01   0.415756E-02   0.150000E-03
 756  -0.316716E-03  -0.258255E-03   0.431112E-01   0.672893E-02   0.300000E-03
 757   0.100459E-03  -0.126570E-03   0.184111E-02   0.455182E-02   0.350000E-03
 758   0.408012E-03  -0.357804E-03   0.402217E-02   0.574992E-02   0.350000E-03
 759   0.423583E-03  -0.298039E-03   0.390020E-02   0.511255E-02   0.300000E-03
 760   0.596153E-03  -0.133254E-03   0.473847E-02   0.563740E-02   0.300000E-03
 761   0.749965E-03  -0.178591E-03   0.541309E-02   0.545196E-02   0.400000E-03
 762   0.669964E-03  -0.256954E-03   0.593686E-02   0.598621E-02   0.350000E-03
 763   0.482495E-03  -0.210919E-03   0.690573E-02   0.624596E-02   0.400000E-03
 764   0.818239E-03  -0.320239E-03   0.817287E-02   0.677370E-02   0.300000E-03
 765   0.875469E-03   0.376414E-03   0.115260E-01   0.642264E-02   0.350000E-03
 766   0.644970E-03   0.294246E-03   0.117442E-01   0.578754E-02   0.300000E-03
 767   0.102135E-02   0.475820E-03   0.126574E-01   0.655066E-02   0.200000E-03
 768   0.543002E-03   0.464508E-03   0.137137E-01   0.691025E-02   0.250000E-03
 769   0.430803E-03  -0.853309E-04   0.152322E-01   0.740216E-02   0.350000E-03
 770   0.914150E-03  -0.197511E-03   0.158157E-01   0.726666E-02   0.250000E-03
 771   0.672776E-03   0.465376E-03   0.165431E-01   0.682661E-02   0.100000E-03
 772   0.100715E-02   0.275790E-03   0.184038E-01   0.746366E-02   0.250000E-03
 773   0.992872E-03   0.199506E-03   0.200929E-01   0.784639E-02   0.400000E-03
 774   0.139608E-02   0.193850E-03   0.207996E-01   0.748924E-02   0.350000E-03
 775   0.143597E-02   0.807229E-03   0.231995E-01   0.659483E-02   0.250000E-03
 776   0.227586E-02   0.362107E-03   0.247920E-01   0.611792E-02   0.200000E-03
 777   0.188813E-02   0.287333E-03   0.254844E-01   0.487393E-02   0.200000E-03
 778   0.189057E-02   0.226398E-03   0.258949E-01   0.552137E-02   0.200000E-03
 779   0.187853E-02  -0.150490E-02   0.275966E-01   0.569569E-02   0.300000E-03
 780   0.143498E-02   0.315118E-03   0.293058E-01   0.580059E-02   0.350000E-03
 781   0.957640E-03   0.221280E-04   0.306744E-01   0.596944E-02   0.200000E-03
 782   0.211023E-02  -0.473524E-03   0.321055E-01   0.579243E-02   0.300000E-03
 783   0.165922E-02  -0.285129E-03   0.338946E-01   0.527503E-02   0.350000E-03
 784   0.180391E-02  -0.318788E-03   0.344405E-01   0.521779E-02   0.200000E-03
 785   0.163160E-02  -0.410132E-03   0.356674E-01   0.556135E-02   0.350000E-03
 786   0.106162E-02  -0.126283E-03   0.375806E-01   0.618983E-02   0.250000E-03
 787   0.122973E-02  -0.838044E-04   0.397227E-01   0.615131E-02   0.300000E-03
 788   0.126027E-02  -0.431839E-03   0.396364E-01   0.550527E-02   0.350000E-03
 789   0.868705E-03  -0.665726E-03   0.405681E-01   0.377552E-02   0.300000E-03
 790   0.189845E-02  -0.422299E-03   0.414595E-01   0.430635E-02   0.300000E-03
 791   0.842856E-03   0.563435E-04   0.431261E-01   0.436142E-02   0.350000E-03
 792   0.906911E-03  -0.410592E-03   0.438879E-01   0.518529E-02   0.150000E-03
 793   0.470061E-03  -0.363159E-03   0.284405E-02   0.554860E-02   0.150000E-03
 794   0.484159E-03  -0.435650E-03   0.242383E-02   0.551903E-02   0.150000E-03
 795   0.361262E-03  -0.312941E-03   0.435649E-02   0.531546E-02   0.200000E-03
 796   0.421488E-03  -0.292254E-03   0.265336E-02   0.654234E-02   0.300000E-03
 797   0.508411E-03  -0.249259E-03   0.451402E-02   0.631450E-02   0.400000E-03
 798   0.836538E-03  -0.430363E-03   0.518345E-02   0.611160E-02   0.300000E-03
 799   0.404725E-03  -0.727353E-04   0.752916E-02   0.668467E-02   0.350000E-03
 800   0.171721E-03  -0.211486E-03   0.883781E-02   0.711144E-02   0.250000E-03
 801   0.873012E-03   0.707862E-04   0.107906E-01   0.678024E-02   0.250000E-03
 802   0.642705E-03   0.824342E-03   0.112576E-01   0.695863E-02   0.250000E-03
 803   0.543312E-03   0.937910E-04   0.119845E-01   0.680475E-02   0.250000E-03
 804   0.567175E-03   0.345330E-03   0.132386E-01   0.718682E-02   0.300000E-03
 805   0.558889E-03   0.474432E-03   0.140722E-01   0.732682E-02   0.300000E-03
 806   0.965775E-03  -0.414889E-03   0.157122E-01   0.770388E-02   0.200000E-03
 807   0.906610E-03  -0.333318E-03   0.179698E-01   0.774301E-02   0.250000E-03
 808   0.896359E-03  -0.240836E-03   0.190673E-01   0.822559E-02   0.450000E-03
 809   0.124366E-02   0.824266E-04   0.213823E-01   0.777316E-02   0.300000E-03
 810   0.903056E-03  -0.111651E-03   0.221146E-01   0.704953E-02   0.300000E-03
 811   0.174296E-02   0.957962E-04   0.236918E-01   0.687069E-02   0.300000E-03
 812   0.174779E-02   0.544558E-03   0.243159E-01   0.626651E-02   0.300000E-03
 813   0.584247E-03   0.380134E-03   0.253500E-01   0.557754E-02   0.350000E-03
 814   0.201400E-02  -0.817623E-03   0.270975E-01   0.566418E-02   0.200000E-03
 815   0.229876E-02   0.232999E-03   0.285625E-01   0.588958E-02   0.400000E-03
 816   0.106502E-02  -0.132857E-03   0.312184E-01   0.600904E-02   0.200000E-03
 817   0.150877E-02   0.772372E-04   0.302258E-01   0.625248E-02   0.300000E-03
 818   0.151887E-02  -0.260473E-03   0.325423E-01   0.620379E-02   0.300000E-03
 819   0.143695E-02  -0.756888E-04   0.334384E-01   0.573653E-02   0.300000E-03
 820   0.182293E-02  -0.217045E-03   0.346939E-01   0.564457E-02   0.300000E-03
 821   0.177153E-02  -0.407976E-03   0.361874E-01   0.606219E-02   0.300000E-03
 822   0.168968E-02  -0.519504E-03   0.378159E-01   0.691684E-02   0.300000E-03
 823   0.159699E-02  -0.504933E-04   0.387506E-01   0.631601E-02   0.250000E-03
 824   0.134894E-02  -0.268052E-03   0.408184E-01   0.557697E-02   0.350000E-03
 825   0.166215E-02   0.655046E-04   0.402599E-01   0.500564E-02   0.450000E-03
 826   0.156525E-02   0.128474E-03   0.408142E-01   0.443028E-02   0.350000E-03
 827   0.145617E-02  -0.585984E-03   0.422297E-01   0.441062E-02   0.250000E-03
 828   0.162960E-02   0.381424E-03   0.402861E-01   0.694091E-02   0.350000E-03
 829   0.430224E-03  -0.275149E-03   0.263008E-02   0.594317E-02   0.300000E-03
 830   0.442854E-04  -0.244075E-03   0.299588E-03   0.528417E-02   0.300000E-03
 831   0.720965E-04   0.507256E-03   0.314307E-03   0.578339E-02   0.200000E-03
 832   0.536463E-03  -0.366295E-03   0.310139E-02   0.622610E-02   0.250000E-03
 833   0.476161E-03  -0.616702E-03   0.329382E-02   0.674003E-02   0.300000E-03
 834   0.790381E-03  -0.645559E-04   0.509392E-02   0.670454E-02   0.300000E-03
 835   0.913610E-03  -0.459483E-03   0.577214E-02   0.687119E-02   0.300000E-03
 836   0.336707E-03  -0.419016E-03   0.760421E-02   0.737865E-02   0.350000E-03
 837   0.823333E-03  -0.136712E-03   0.107927E-01   0.633235E-02   0.200000E-03
 838   0.516983E-03   0.786582E-04   0.117364E-01   0.735014E-02   0.350000E-03
 839   0.102818E-02   0.405031E-03   0.125412E-01   0.713806E-02   0.400000E-03
 840   0.600897E-03   0.546631E-03   0.141354E-01   0.792296E-02   0.300000E-03
 841   0.731475E-03  -0.315219E-03   0.147240E-01   0.780715E-02   0.300000E-03
 842   0.844669E-03   0.462195E-04   0.169859E-01   0.765446E-02   0.300000E-03
 843   0.982487E-03  -0.199438E-03   0.184196E-01   0.796100E-02   0.250000E-03
 844   0.116610E-02  -0.152748E-03   0.197759E-01   0.847004E-02   0.300000E-03
 845   0.134554E-02   0.173527E-03   0.207611E-01   0.818647E-02   0.350000E-03
 846   0.775031E-03   0.284546E-03   0.218831E-01   0.754760E-02   0.250000E-03
 847   0.146199E-02   0.261627E-03   0.231577E-01   0.714194E-02   0.300000E-03
 848   0.173308E-02   0.120225E-03   0.243852E-01   0.696089E-02   0.400000E-03
 849   0.112270E-02   0.397578E-05   0.253176E-01   0.627651E-02   0.350000E-03
 850   0.197316E-02   0.298768E-03   0.266530E-01   0.563801E-02   0.200000E-03
 851   0.213642E-02  -0.268751E-03   0.265018E-01   0.610964E-02   0.300000E-03
 852   0.140487E-02  -0.280657E-03   0.298696E-01   0.582928E-02   0.150000E-03
 853   0.178925E-02   0.344401E-03   0.316657E-01   0.632282E-02   0.350000E-03
 854   0.154659E-02   0.183898E-04   0.327459E-01   0.682039E-02   0.350000E-03
 855   0.334296E-03  -0.801236E-03   0.331400E-01   0.625695E-02   0.300000E-03
 856   0.169995E-02  -0.112589E-03   0.340934E-01   0.599678E-02   0.400000E-03
 857   0.170866E-02  -0.317602E-03   0.351853E-01   0.606438E-02   0.350000E-03
 858   0.190665E-02  -0.203468E-03   0.365440E-01   0.654371E-02   0.300000E-03
 859   0.147103E-02  -0.821866E-04   0.392857E-01   0.648434E-02   0.250000E-03
 860   0.150095E-02  -0.297997E-03   0.402117E-01   0.580402E-02   0.300000E-03
 861   0.156028E-02  -0.267110E-03   0.415151E-01   0.558855E-02   0.350000E-03
 862   0.152785E-02  -0.227106E-04   0.409921E-01   0.500288E-02   0.250000E-03
 863   0.655632E-03  -0.884483E-03   0.432896E-01   0.514369E-02   0.450000E-03
 864   0.132565E-02  -0.275216E-03   0.445516E-01   0.606890E-02   0.450000E-03
 865   0.170658E-03  -0.258149E-03   0.137381E-02   0.513310E-02   0.350000E-03
 866   0.123446E-03  -0.413881E-03   0.171043E-02   0.556511E-02   0.200000E-03
 867   0.250743E-03  -0.356927E-03   0.203232E-02   0.635614E-02   0.350000E-03
 868   0.529996E-03  -0.693408E-03   0.373077E-02   0.633004E-02   0.300000E-03
 869   0.511189E-03  -0.290182E-03   0.338602E-02   0.727988E-02   0.250000E-03
 870   0.685905E-03  -0.297036E-03   0.627302E-02   0.654151E-02   0.300000E-03
 871   0.475388E-03  -0.190578E-03   0.693476E-02   0.694472E-02   0.300000E-03
 872   0.641163E-04  -0.130893E-03   0.921491E-02   0.683725E-02   0.200000E-03
 873   0.581868E-03  -0.255347E-03   0.102896E-01   0.704076E-02   0.300000E-03
 874   0.999897E-03  -0.425064E-05   0.116877E-01   0.801030E-02   0.300000E-03
 875   0.991944E-03   0.476177E-03   0.122356E-01   0.776586E-02   0.300000E-03
 876   0.613419E-03   0.421922E-03   0.135856E-01   0.767363E-02   0.300000E-03
 877   0.730226E-03   0.924725E-04   0.147111E-01   0.840655E-02   0.300000E-03
 878   0.946178E-03  -0.205046E-03   0.163469E-01   0.754348E-02   0.350000E-03
 879   0.100927E-02  -0.248745E-03   0.174694E-01   0.791617E-02   0.250000E-03
 880   0.107977E-02  -0.102827E-03   0.177228E-01   0.840326E-02   0.300000E-03
 881   0.112522E-02   0.229845E-04   0.218539E-01   0.814332E-02   0.300000E-03
 882   0.166669E-02   0.191463E-03   0.226220E-01   0.725789E-02   0.250000E-03
 883   0.121897E-02   0.839474E-03   0.228090E-01   0.667850E-02   0.150000E-03
 884   0.179777E-02   0.804143E-04   0.238619E-01   0.749673E-02   0.350000E-03
 885   0.180154E-02   0.515512E-03   0.257468E-01   0.740181E-02   0.400000E-03
 886   0.187706E-02  -0.357883E-03   0.259109E-01   0.601820E-02   0.300000E-03
 887   0.238107E-02   0.116651E-03   0.282862E-01   0.658350E-02   0.350000E-03
 888   0.136870E-02   0.144097E-03   0.295438E-01   0.656254E-02   0.450000E-03
 889   0.985912E-03   0.146507E-03   0.309031E-01   0.657663E-02   0.450000E-03
 890   0.164853E-02   0.229061E-03   0.321843E-01   0.661990E-02   0.250000E-03
 891   0.184546E-02  -0.136924E-03   0.336951E-01   0.663005E-02   0.350000E-03
 892   0.161278E-02  -0.211338E-03   0.346413E-01   0.657880E-02   0.400000E-03
 893   0.171496E-02  -0.353421E-03   0.357178E-01   0.643425E-02   0.300000E-03
 894   0.157208E-02   0.188742E-03   0.385783E-01   0.678467E-02   0.250000E-03
 895   0.139554E-02   0.110292E-03   0.390858E-01   0.699609E-02   0.300000E-03
 896   0.244087E-03   0.541418E-03   0.419228E-01   0.696550E-02   0.300000E-03
 897   0.108856E-02   0.149334E-04   0.424730E-01   0.661989E-02   0.350000E-03
 898   0.193455E-02  -0.354561E-03   0.426343E-01   0.460589E-02   0.200000E-03
 899   0.163822E-02  -0.998100E-03   0.424937E-01   0.520249E-02   0.350000E-03
 900   0.116800E-02  -0.319191E-03   0.438294E-01   0.572818E-02   0.350000E-03
 901   0.215321E-03  -0.486430E-03   0.129251E-02   0.572478E-02   0.250000E-03
 902   0.454721E-03  -0.241591E-03   0.310218E-02   0.769094E-02   0.250000E-03
 903   0.245168E-03  -0.300855E-03   0.211120E-02   0.576281E-02   0.250000E-03
 904   0.443560E-03  -0.263547E-03   0.279563E-02   0.717531E-02   0.350000E-03
 905   0.636143E-03  -0.452602E-03   0.403415E-02   0.701570E-02   0.450000E-03
 906   0.616507E-03  -0.248125E-03   0.589380E-02   0.741083E-02   0.250000E-03
 907   0.908834E-03  -0.384876E-03   0.558524E-02   0.640792E-02   0.200000E-03
 908   0.173034E-03  -0.398695E-03   0.886342E-02   0.766003E-02   0.300000E-03
 909   0.905921E-04  -0.688815E-04   0.935460E-02   0.731606E-02   0.300000E-03
 910   0.444184E-03   0.323198E-03   0.100980E-01   0.807558E-02   0.300000E-03
 911   0.827241E-03  -0.120579E-03   0.112428E-01   0.768889E-02   0.250000E-03
 912   0.407498E-03  -0.372617E-04   0.151965E-01   0.868048E-02   0.250000E-03
 913   0.447492E-03   0.942758E-04   0.153254E-01   0.809495E-02   0.350000E-03
 914   0.897442E-03  -0.969568E-04   0.160979E-01   0.830297E-02   0.450000E-03
 915   0.842716E-03  -0.146812E-03   0.169896E-01   0.835410E-02   0.400000E-03
 916   0.102151E-02   0.438701E-03   0.203445E-01   0.868330E-02   0.300000E-03
 917   0.157633E-02  -0.160845E-03   0.199318E-01   0.911705E-02   0.300000E-03
 918   0.182268E-02  -0.263183E-03   0.224173E-01   0.782027E-02   0.350000E-03
 919   0.148343E-02   0.121537E-03   0.231164E-01   0.778985E-02   0.350000E-03
 920   0.165621E-02   0.136862E-02   0.247335E-01   0.646228E-02   0.150000E-03
 921   0.121442E-02   0.852326E-03   0.232902E-01   0.853298E-02   0.350000E-03
 922   0.189912E-02  -0.174050E-04   0.258970E-01   0.666738E-02   0.350000E-03
 923   0.195464E-02  -0.343498E-03   0.276303E-01   0.634312E-02   0.350000E-03
 924   0.191928E-02  -0.321886E-03   0.288567E-01   0.714323E-02   0.450000E-03
 925   0.910820E-03  -0.242254E-03   0.310738E-01   0.735775E-02   0.350000E-03
 926   0.184763E-02  -0.127180E-03   0.315915E-01   0.696636E-02   0.300000E-03
 927   0.124692E-02  -0.189387E-03   0.336137E-01   0.718058E-02   0.200000E-03
 928   0.188394E-02  -0.762350E-03   0.341457E-01   0.649380E-02   0.100000E-03
 929   0.137561E-02  -0.940304E-03   0.372045E-01   0.669634E-02   0.350000E-03
 930   0.194606E-02   0.274477E-03   0.412189E-01   0.664766E-02   0.300000E-03
 931   0.105857E-02   0.410581E-03   0.411883E-01   0.608785E-02   0.250000E-03
 932   0.122705E-02  -0.680848E-04   0.397367E-01   0.670036E-02   0.250000E-03
 933   0.180482E-02   0.353214E-03   0.418103E-01   0.627493E-02   0.400000E-03
 934   0.188698E-02  -0.416072E-03   0.412650E-01   0.471093E-02   0.150000E-03
 935   0.173443E-02  -0.902964E-03   0.418085E-01   0.490465E-02   0.400000E-03
 936   0.156082E-02  -0.718725E-03   0.433692E-01   0.618675E-02   0.300000E-03
 937   0.315023E-03  -0.407513E-03   0.102833E-02   0.724622E-02   0.350000E-03
 938   0.172724E-03  -0.464523E-03   0.298272E-03   0.628344E-02   0.300000E-03
 939   0.585239E-03  -0.190480E-03   0.374232E-02   0.776058E-02   0.350000E-03
 940   0.684441E-04  -0.393406E-03   0.792195E-03   0.594538E-02   0.300000E-03
 941   0.271803E-03  -0.393008E-03   0.166075E-02   0.694802E-02   0.350000E-03
 942   0.590097E-03  -0.181186E-03   0.459155E-02   0.778469E-02   0.500000E-03
 943   0.669564E-03  -0.256457E-03   0.530232E-02   0.731991E-02   0.350000E-03
 944   0.682173E-03  -0.282924E-03   0.636616E-02   0.713280E-02   0.300000E-03
 945   0.843650E-03  -0.938841E-04   0.108294E-01   0.732748E-02   0.300000E-03
 946   0.837009E-03   0.337969E-04   0.984555E-02   0.756265E-02   0.250000E-03
 947   0.714590E-03   0.364470E-03   0.129330E-01   0.804010E-02   0.450000E-03
 948   0.100924E-02  -0.742331E-04   0.125405E-01   0.861909E-02   0.250000E-03
 949   0.846020E-03  -0.159697E-04   0.156866E-01   0.892949E-02   0.300000E-03
 950   0.853702E-03  -0.581898E-03   0.139835E-01   0.860592E-02   0.400000E-03
 951   0.854943E-03  -0.167580E-03   0.165519E-01   0.889963E-02   0.300000E-03
 952   0.961440E-03  -0.118128E-03   0.182712E-01   0.843655E-02   0.250000E-03
 953   0.137619E-02   0.228329E-03   0.209709E-01   0.874811E-02   0.250000E-03
 954   0.183827E-02   0.738445E-03   0.224529E-01   0.867291E-02   0.500000E-03
 955   0.181161E-02   0.621842E-04   0.236534E-01   0.805701E-02   0.250000E-03
 956   0.916687E-03   0.347529E-03   0.251088E-01   0.727880E-02   0.250000E-03
 957   0.176472E-02  -0.131600E-03   0.268216E-01   0.766604E-02   0.350000E-03
 958   0.177926E-02  -0.108143E-03   0.264774E-01   0.705744E-02   0.350000E-03
 959   0.203384E-02  -0.387230E-03   0.269667E-01   0.655859E-02   0.350000E-03
 960   0.142293E-02  -0.263404E-03   0.302395E-01   0.680099E-02   0.250000E-03
 961   0.173702E-02   0.232824E-03   0.321037E-01   0.797979E-02   0.400000E-03
 962   0.175536E-02  -0.287943E-04   0.316523E-01   0.751255E-02   0.250000E-03
 963   0.163324E-02   0.531875E-04   0.332717E-01   0.697480E-02   0.200000E-03
 964   0.154771E-02  -0.236556E-03   0.352866E-01   0.684987E-02   0.300000E-03
 965   0.186912E-02  -0.195757E-03   0.360841E-01   0.684427E-02   0.250000E-03
 966   0.195476E-02   0.766473E-04   0.366767E-01   0.722992E-02   0.400000E-03
 967   0.186739E-02   0.261665E-04   0.406462E-01   0.634117E-02   0.350000E-03
 968   0.100084E-02  -0.131012E-03   0.401576E-01   0.625166E-02   0.150000E-03
 969   0.898876E-03  -0.383317E-03   0.447506E-01   0.714858E-02   0.250000E-03
 970   0.126938E-02  -0.121655E-03   0.442563E-01   0.681006E-02   0.350000E-03
 971   0.169026E-02  -0.667548E-03   0.427250E-01   0.591377E-02   0.400000E-03
 972   0.114926E-02  -0.140883E-03   0.436591E-01   0.675929E-02   0.250000E-03
 973   0.967467E-04  -0.232243E-03   0.836633E-03   0.539730E-02   0.250000E-03
 974   0.485196E-03  -0.375160E-03   0.403327E-02   0.828496E-02   0.250000E-03
 975   0.243061E-03  -0.352718E-03   0.133410E-02   0.632202E-02   0.350000E-03
 976   0.302483E-03  -0.364473E-03   0.772646E-03   0.664870E-02   0.300000E-03
 977   0.370060E-03  -0.564101E-03   0.736684E-02   0.792881E-02   0.250000E-03
 978   0.463353E-03  -0.466969E-03   0.697545E-02   0.754270E-02   0.300000E-03
 979   0.653478E-03  -0.559840E-03   0.644222E-02   0.767651E-02   0.250000E-03
 980   0.257225E-03  -0.465513E-03   0.818947E-02   0.784630E-02   0.400000E-03
 981   0.609796E-03   0.301299E-04   0.103445E-01   0.758528E-02   0.250000E-03
 982   0.511476E-03  -0.452968E-03   0.936218E-02   0.821979E-02   0.450000E-03
 983   0.106475E-02   0.431178E-04   0.121492E-01   0.830835E-02   0.250000E-03
 984   0.605104E-03   0.304629E-04   0.107483E-01   0.802798E-02   0.350000E-03
 985   0.631508E-03  -0.290015E-03   0.135696E-01   0.817194E-02   0.200000E-03
 986   0.904895E-03  -0.303478E-03   0.189428E-01   0.948105E-02   0.300000E-03
 987   0.896541E-03  -0.250738E-03   0.186454E-01   0.890413E-02   0.350000E-03
 988   0.848861E-03  -0.410533E-03   0.193686E-01   0.891052E-02   0.300000E-03
 989   0.997395E-03   0.266150E-03   0.194918E-01   0.944581E-02   0.250000E-03
 990   0.977838E-03   0.822939E-04   0.213406E-01   0.833767E-02   0.250000E-03
 991   0.166263E-02  -0.738898E-03   0.242427E-01   0.816941E-02   0.350000E-03
 992   0.162365E-02  -0.252520E-03   0.245976E-01   0.762591E-02   0.300000E-03
 993   0.930309E-03   0.364650E-03   0.250105E-01   0.678915E-02   0.250000E-03
 994   0.209121E-02   0.196050E-03   0.271101E-01   0.714003E-02   0.250000E-03
 995   0.226442E-02   0.185733E-03   0.277591E-01   0.711596E-02   0.400000E-03
 996   0.130117E-02  -0.249697E-03   0.304261E-01   0.731710E-02   0.300000E-03
 997   0.109094E-02  -0.313348E-03   0.298977E-01   0.716577E-02   0.250000E-03
 998   0.176400E-02  -0.164393E-03   0.321833E-01   0.723449E-02   0.350000E-03
 999   0.159784E-02   0.245318E-03   0.330257E-01   0.735063E-02   0.250000E-03
1000   0.160250E-02  -0.199244E-03   0.341622E-01   0.715310E-02   0.350000E-03
