   1   0.168488E-02   0.101386E-02   0.112669E-01   0.850074E-02   0.350000E-03
   2  -0.113029E-02  -0.452536E-03   0.161341E-03   0.149983E-03   0.150000E-03
   3   0.190856E-02   0.262905E-02   0.453018E-02   0.447270E-03   0.450000E-03
   4  -0.761834E-03   0.124682E-02   0.568498E-02   0.569803E-03   0.200000E-03
   5   0.250194E-02   0.251912E-03   0.562738E-02   0.999758E-04   0.100000E-03
   6   0.161606E-02   0.836136E-03   0.742996E-02   0.249300E-03   0.250000E-03
   7   0.201255E-02   0.771809E-03   0.806196E-02   0.398401E-03   0.400000E-03
   8   0.913172E-03  -0.345984E-03   0.883387E-02   0.347422E-03   0.350000E-03
   9   0.867831E-03  -0.356882E-03   0.927562E-02   0.576502E-03   0.150000E-03
  10   0.120588E-02   0.109519E-02   0.117779E-01   0.296655E-03   0.300000E-03
  11  -0.131454E-03   0.357174E-03   0.130203E-01   0.349707E-03   0.350000E-03
  12   0.119653E-02   0.269980E-03   0.147544E-01   0.194755E-03   0.200000E-03
  13   0.949346E-03   0.812510E-03   0.168852E-01   0.343478E-03   0.350000E-03
  14   0.720936E-03   0.131897E-02   0.175836E-01   0.348366E-03   0.350000E-03
  15   0.234551E-02   0.103403E-02   0.188036E-01   0.399049E-03   0.400000E-03
  16   0.332758E-02   0.209257E-02   0.195501E-01   0.347947E-03   0.350000E-03
  17   0.148631E-02   0.217469E-02   0.204654E-01   0.338253E-03   0.350000E-03
  18  -0.867085E-03   0.131194E-02   0.219179E-01   0.348790E-03   0.350000E-03
  19   0.216113E-02   0.928426E-03   0.225070E-01   0.240414E-03   0.250000E-03
  20   0.220239E-02   0.151646E-02   0.230068E-01   0.248780E-03   0.250000E-03
  21   0.103934E-02   0.122480E-02   0.244627E-01   0.249944E-03   0.250000E-03
  22  -0.116424E-03  -0.378094E-03   0.257273E-01   0.200013E-03   0.200000E-03
  23   0.413351E-02  -0.185938E-02   0.267524E-01   0.101173E-03   0.100000E-03
  24   0.104388E-02   0.107028E-02   0.282601E-01   0.395709E-03   0.400000E-03
  25   0.130145E-02   0.182934E-02   0.297839E-01   0.397388E-03   0.400000E-03
  26   0.458185E-02   0.183043E-02   0.305310E-01   0.340841E-03   0.350000E-03
  27   0.258994E-02   0.774073E-03   0.318735E-01   0.297783E-03   0.300000E-03
  28   0.207277E-02   0.145638E-02   0.333525E-01   0.299799E-03   0.300000E-03
  29   0.795962E-03   0.161392E-03   0.355572E-01   0.447025E-03   0.450000E-03
  30   0.751827E-04  -0.440626E-03   0.374043E-01   0.346362E-03   0.350000E-03
  31   0.653195E-03  -0.431626E-03   0.379958E-01   0.248991E-03   0.250000E-03
  32   0.174021E-02  -0.141314E-03   0.401282E-01   0.197107E-03   0.200000E-03
  33   0.758913E-03  -0.120121E-02   0.410184E-01   0.194267E-03   0.200000E-03
  34   0.161251E-02  -0.165602E-03   0.446061E-01   0.882124E-03   0.400000E-03
  35   0.146244E-02   0.117231E-03   0.446518E-01   0.192490E-02   0.350000E-03
  36   0.177611E-03  -0.182286E-03   0.863422E-02   0.838478E-02   0.300000E-03
  37  -0.109096E-02  -0.188916E-02   0.248697E-03   0.183712E-02   0.250000E-03
  38  -0.295932E-02   0.907471E-03   0.760203E-03   0.767182E-03   0.300000E-03
  39  -0.334069E-02   0.135794E-02   0.258786E-02   0.395653E-03   0.400000E-03
  40   0.854969E-03  -0.125054E-03   0.610389E-02   0.299473E-03   0.300000E-03
  41   0.116542E-02  -0.180214E-03   0.679695E-02   0.394060E-03   0.400000E-03
  42   0.310119E-05   0.135122E-02   0.722922E-02   0.100237E-02   0.350000E-03
  43   0.216868E-02  -0.922212E-03   0.852919E-02   0.916688E-03   0.300000E-03
  44   0.897221E-03   0.745098E-03   0.934531E-02   0.969075E-03   0.250000E-03
  45   0.145719E-02  -0.219945E-03   0.991818E-02   0.491507E-03   0.500000E-03
  46   0.148328E-02   0.342168E-03   0.108547E-01   0.299793E-03   0.300000E-03
  47   0.357357E-03  -0.190311E-03   0.151385E-01   0.150023E-03   0.150000E-03
  48   0.100262E-02   0.696469E-03   0.157806E-01   0.447665E-03   0.450000E-03
  49   0.669646E-03   0.227941E-03   0.164501E-01   0.879840E-03   0.350000E-03
  50   0.441776E-03   0.699277E-03   0.181734E-01   0.247176E-03   0.250000E-03
  51   0.329121E-02   0.963647E-03   0.192773E-01   0.878363E-03   0.250000E-03
  52   0.292179E-02   0.130451E-02   0.200056E-01   0.147927E-03   0.150000E-03
  53   0.252429E-02  -0.151972E-02   0.204740E-01   0.100135E-02   0.200000E-03
  54   0.140585E-02   0.126724E-02   0.211381E-01   0.298133E-03   0.300000E-03
  55   0.301744E-03  -0.173587E-03   0.233996E-01   0.999375E-04   0.100000E-03
  56   0.111955E-02  -0.261262E-03   0.238292E-01   0.395903E-03   0.400000E-03
  57   0.151450E-02  -0.596994E-03   0.245052E-01   0.927302E-03   0.400000E-03
  58   0.211428E-02  -0.661232E-03   0.250965E-01   0.394397E-03   0.400000E-03
  59   0.480791E-02   0.287368E-03   0.270355E-01   0.200051E-03   0.200000E-03
  60   0.345038E-03   0.292775E-03   0.275673E-01   0.298123E-03   0.300000E-03
  61   0.153034E-03   0.151364E-02   0.290920E-01   0.297847E-03   0.300000E-03
  62   0.317101E-02   0.178550E-02   0.312283E-01   0.346852E-03   0.350000E-03
  63   0.184359E-02   0.922436E-03   0.328649E-01   0.196566E-03   0.200000E-03
  64   0.499460E-03   0.633817E-03   0.347659E-01   0.346006E-03   0.350000E-03
  65   0.124267E-02   0.668774E-03   0.363361E-01   0.619063E-03   0.350000E-03
  66   0.183360E-02   0.234074E-03   0.364335E-01   0.139174E-03   0.150000E-03
  67   0.133318E-02   0.134777E-03   0.391426E-01   0.299104E-03   0.300000E-03
  68   0.600500E-03  -0.589356E-03   0.423067E-01   0.223830E-03   0.200000E-03
  69  -0.194320E-02  -0.984412E-03   0.438644E-01   0.821781E-03   0.350000E-03
  70   0.118757E-02  -0.170256E-02   0.424134E-01   0.721743E-02   0.250000E-03
  71   0.754333E-03   0.791122E-03   0.447019E-01   0.498161E-02   0.300000E-03
  72   0.130556E-02   0.223215E-02   0.447503E-01   0.249181E-03   0.250000E-03
  73   0.204283E-03   0.275300E-03   0.258526E-02   0.799145E-02   0.350000E-03
  74  -0.215342E-02   0.198335E-03   0.111966E-02   0.293800E-03   0.300000E-03
  75   0.251690E-02   0.170898E-02   0.385915E-02   0.249616E-03   0.250000E-03
  76  -0.684131E-03   0.857944E-03   0.517275E-02   0.921702E-03   0.350000E-03
  77   0.832655E-03   0.686908E-03   0.640596E-02   0.838908E-03   0.200000E-03
  78   0.395077E-03   0.657423E-03   0.659943E-02   0.135090E-02   0.350000E-03
  79   0.155648E-02   0.404643E-03   0.791614E-02   0.113323E-02   0.350000E-03
  80   0.347608E-04   0.895010E-03   0.902464E-02   0.134633E-02   0.250000E-03
  81   0.124576E-02  -0.399447E-03   0.106472E-01   0.915422E-03   0.350000E-03
  82   0.566426E-03   0.648416E-03   0.132679E-01   0.985407E-03   0.300000E-03
  83   0.764848E-03   0.544704E-03   0.137186E-01   0.345433E-03   0.350000E-03
  84   0.123569E-02   0.320563E-03   0.143088E-01   0.244946E-03   0.250000E-03
  85   0.700684E-03   0.495728E-03   0.153847E-01   0.102131E-02   0.250000E-03
  86   0.111630E-03   0.667729E-03   0.172278E-01   0.106307E-02   0.450000E-03
  87   0.202865E-02   0.115350E-02   0.188085E-01   0.104758E-02   0.250000E-03
  88   0.242453E-02   0.693946E-03   0.200163E-01   0.799979E-03   0.300000E-03
  89   0.214301E-02  -0.358318E-03   0.202709E-01   0.160616E-02   0.400000E-03
  90   0.773604E-03  -0.696712E-03   0.214506E-01   0.865814E-03   0.350000E-03
  91   0.229696E-02  -0.167079E-04   0.225781E-01   0.726131E-03   0.250000E-03
  92   0.177862E-02   0.339799E-03   0.231668E-01   0.825956E-03   0.350000E-03
  93   0.129186E-02   0.515890E-04   0.237896E-01   0.114071E-02   0.350000E-03
  94   0.169728E-02   0.994752E-04   0.252254E-01   0.112945E-02   0.350000E-03
  95   0.347482E-03   0.449076E-03   0.273123E-01   0.893960E-03   0.350000E-03
  96   0.159614E-02   0.696148E-03   0.280154E-01   0.115426E-02   0.400000E-03
  97   0.687040E-03   0.591549E-03   0.294824E-01   0.969152E-03   0.250000E-03
  98   0.354153E-02   0.252902E-02   0.302759E-01   0.108925E-02   0.450000E-03
  99   0.133017E-02   0.120417E-02   0.324184E-01   0.245387E-03   0.250000E-03
 100   0.218276E-02   0.105642E-02   0.327388E-01   0.622078E-03   0.250000E-03
 101   0.982854E-03   0.379256E-04   0.349738E-01   0.106302E-02   0.400000E-03
 102  -0.305674E-02  -0.115140E-02   0.368136E-01   0.255889E-03   0.250000E-03
 103   0.370722E-03  -0.812918E-03   0.376481E-01   0.890072E-03   0.250000E-03
 104  -0.195037E-03  -0.259256E-03   0.385448E-01   0.295507E-03   0.300000E-03
 105   0.165984E-02  -0.320465E-03   0.405733E-01   0.244875E-03   0.250000E-03
 106   0.219422E-02  -0.931601E-03   0.431921E-01   0.298362E-03   0.300000E-03
 107   0.428161E-03   0.416317E-03   0.440861E-01   0.748972E-02   0.350000E-03
 108   0.334349E-02   0.126795E-02   0.348987E-01   0.748785E-02   0.450000E-03
 109  -0.213545E-02   0.680137E-03   0.240510E-03   0.617927E-03   0.250000E-03
 110  -0.230561E-02   0.116420E-02   0.572345E-03   0.247223E-03   0.250000E-03
 111  -0.734130E-03   0.101135E-02   0.179355E-02   0.450119E-03   0.400000E-03
 112   0.177688E-02   0.521837E-02   0.312170E-02   0.914848E-03   0.350000E-03
 113  -0.486874E-04   0.141949E-02   0.588660E-02   0.113262E-02   0.400000E-03
 114   0.369559E-03   0.834235E-03   0.710185E-02   0.156176E-02   0.200000E-03
 115   0.121608E-02   0.284137E-03   0.846946E-02   0.155839E-02   0.350000E-03
 116   0.358934E-03   0.780608E-04   0.982369E-02   0.133102E-02   0.350000E-03
 117   0.192247E-02   0.236280E-03   0.113243E-01   0.749157E-03   0.350000E-03
 118   0.740801E-03   0.576939E-03   0.123746E-01   0.289153E-03   0.300000E-03
 119   0.157747E-02   0.504910E-03   0.142430E-01   0.786207E-03   0.300000E-03
 120   0.113724E-02   0.653710E-03   0.150460E-01   0.593896E-03   0.300000E-03
 121   0.818074E-03   0.478045E-03   0.166643E-01   0.138397E-02   0.200000E-03
 122   0.726893E-03   0.930232E-03   0.181175E-01   0.942877E-03   0.450000E-03
 123   0.192944E-02   0.155568E-02   0.185567E-01   0.141627E-02   0.200000E-03
 124   0.270349E-02   0.397973E-05   0.196556E-01   0.127577E-02   0.300000E-03
 125   0.208984E-02   0.276089E-03   0.208615E-01   0.772320E-03   0.250000E-03
 126   0.140059E-02   0.183751E-03   0.209049E-01   0.131589E-02   0.300000E-03
 127   0.218022E-02   0.724217E-04   0.227014E-01   0.120448E-02   0.250000E-03
 128   0.191337E-02   0.646307E-03   0.230552E-01   0.161964E-02   0.300000E-03
 129   0.929621E-03   0.334619E-03   0.235983E-01   0.169720E-02   0.250000E-03
 130   0.217216E-02  -0.589819E-03   0.257196E-01   0.709048E-03   0.300000E-03
 131   0.690832E-03  -0.917400E-04   0.263425E-01   0.393581E-03   0.400000E-03
 132   0.135523E-02   0.836480E-03   0.275181E-01   0.148660E-02   0.200000E-03
 133   0.117606E-03   0.775363E-03   0.288339E-01   0.946182E-03   0.400000E-03
 134   0.287466E-02   0.617147E-03   0.311578E-01   0.109012E-02   0.400000E-03
 135   0.260458E-02   0.570349E-03   0.320045E-01   0.103403E-02   0.450000E-03
 136   0.107085E-02   0.205411E-03   0.340306E-01   0.458223E-03   0.400000E-03
 137  -0.138099E-02   0.301954E-02   0.372308E-01   0.761216E-03   0.100000E-03
 138   0.432678E-03   0.264116E-04   0.374110E-01   0.132394E-02   0.250000E-03
 139   0.461081E-03  -0.643991E-03   0.381812E-01   0.765779E-03   0.300000E-03
 140   0.177638E-02   0.177564E-03   0.396873E-01   0.263287E-03   0.250000E-03
 141   0.152958E-02   0.214536E-03   0.414642E-01   0.248519E-03   0.250000E-03
 142   0.308510E-02   0.119051E-06   0.419094E-01   0.198009E-03   0.200000E-03
 143   0.667937E-03  -0.116463E-03   0.439006E-01   0.632358E-02   0.250000E-03
 144   0.308705E-02   0.101610E-02   0.295030E-01   0.754248E-02   0.300000E-03
 145  -0.109133E-03  -0.342533E-03   0.295552E-03   0.338756E-02   0.300000E-03
 146  -0.177934E-02  -0.187306E-02   0.657889E-03   0.140388E-02   0.350000E-03
 147   0.217252E-02  -0.355449E-03   0.401414E-02   0.842282E-03   0.200000E-03
 148   0.341142E-04  -0.353300E-03   0.527404E-02   0.289496E-03   0.300000E-03
 149  -0.102138E-04   0.417441E-03   0.607759E-02   0.195716E-02   0.450000E-03
 150   0.152556E-02   0.348760E-03   0.748975E-02   0.147958E-02   0.200000E-03
 151  -0.285165E-04   0.403704E-03   0.937265E-02   0.162729E-02   0.200000E-03
 152   0.745100E-03   0.927783E-04   0.103666E-01   0.138447E-02   0.200000E-03
 153   0.166657E-02   0.543485E-04   0.111157E-01   0.136264E-02   0.300000E-03
 154   0.898830E-03   0.105641E-02   0.125715E-01   0.949506E-03   0.400000E-03
 155   0.163273E-02   0.176693E-03   0.137542E-01   0.884936E-03   0.200000E-03
 156   0.136339E-02  -0.472747E-04   0.147746E-01   0.123855E-02   0.400000E-03
 157   0.310834E-03   0.601766E-03   0.159117E-01   0.139549E-02   0.400000E-03
 158   0.366264E-03   0.152551E-02   0.173372E-01   0.185191E-02   0.350000E-03
 159   0.836990E-03   0.488066E-04   0.177354E-01   0.146866E-02   0.200000E-03
 160   0.110309E-02  -0.162585E-03   0.181670E-01   0.164100E-02   0.250000E-03
 161   0.242238E-02   0.340134E-03   0.195640E-01   0.181281E-02   0.250000E-03
 162   0.180823E-02   0.953216E-05   0.208788E-01   0.181192E-02   0.200000E-03
 163   0.179397E-02  -0.709486E-04   0.221094E-01   0.109378E-02   0.350000E-03
 164   0.148275E-02   0.100659E-03   0.227183E-01   0.217123E-02   0.300000E-03
 165   0.238056E-02  -0.630751E-03   0.248068E-01   0.155878E-02   0.250000E-03
 166   0.133543E-02  -0.340221E-03   0.255925E-01   0.159104E-02   0.250000E-03
 167   0.139205E-02  -0.297151E-04   0.266034E-01   0.113745E-02   0.400000E-03
 168   0.834308E-03   0.217852E-03   0.285623E-01   0.153453E-02   0.250000E-03
 169   0.326964E-02   0.202926E-02   0.301828E-01   0.172667E-02   0.200000E-03
 170   0.245622E-02   0.174254E-02   0.307765E-01   0.178882E-02   0.400000E-03
 171   0.160861E-02   0.119180E-03   0.335021E-01   0.912686E-03   0.300000E-03
 172   0.138561E-02   0.224331E-03   0.342013E-01   0.126348E-02   0.400000E-03
 173   0.121867E-02   0.484711E-03   0.356605E-01   0.118549E-02   0.300000E-03
 174   0.740487E-03   0.457119E-03   0.368838E-01   0.104749E-02   0.350000E-03
 175   0.138078E-02  -0.207282E-03   0.390317E-01   0.887828E-03   0.300000E-03
 176   0.129534E-02   0.179114E-03   0.400915E-01   0.988907E-03   0.200000E-03
 177   0.153739E-02   0.590136E-03   0.406142E-01   0.787556E-03   0.300000E-03
 178   0.146669E-02   0.271128E-03   0.443961E-01   0.144128E-02   0.200000E-03
 179   0.181220E-02  -0.941761E-03   0.427042E-01   0.195855E-03   0.200000E-03
 180   0.139054E-02   0.660104E-03   0.400283E-01   0.753607E-02   0.300000E-03
 181  -0.603895E-03  -0.102096E-03   0.202132E-03   0.106626E-02   0.200000E-03
 182   0.516465E-04   0.135712E-02   0.136146E-02   0.220595E-02   0.200000E-03
 183   0.262260E-02   0.172165E-02   0.331176E-02   0.296769E-03   0.300000E-03
 184  -0.375665E-03  -0.258091E-03   0.527355E-02   0.160932E-02   0.350000E-03
 185   0.394575E-03   0.454132E-03   0.623596E-02   0.263666E-02   0.250000E-03
 186   0.368559E-03   0.516739E-03   0.678202E-02   0.186789E-02   0.200000E-03
 187   0.113371E-02   0.353030E-03   0.787089E-02   0.179097E-02   0.300000E-03
 188  -0.241726E-03   0.466639E-04   0.961780E-02   0.200357E-02   0.250000E-03
 189   0.106702E-02  -0.208654E-03   0.116517E-01   0.125009E-02   0.250000E-03
 190   0.146255E-02  -0.783471E-03   0.119337E-01   0.824004E-03   0.250000E-03
 191   0.112567E-02   0.435425E-03   0.139753E-01   0.126575E-02   0.250000E-03
 192   0.830313E-03   0.110829E-03   0.142592E-01   0.184484E-02   0.400000E-03
 193   0.166882E-02  -0.546050E-03   0.152887E-01   0.171347E-02   0.300000E-03
 194   0.565939E-03   0.258720E-03   0.164835E-01   0.195314E-02   0.400000E-03
 195   0.107088E-02  -0.131900E-03   0.179178E-01   0.207434E-02   0.250000E-03
 196   0.118425E-02  -0.286750E-03   0.191057E-01   0.150963E-02   0.300000E-03
 197   0.184059E-02  -0.129792E-03   0.199402E-01   0.227857E-02   0.350000E-03
 198   0.130130E-02   0.572371E-03   0.206371E-01   0.224626E-02   0.300000E-03
 199   0.880771E-03  -0.681538E-04   0.214672E-01   0.151267E-02   0.300000E-03
 200   0.952900E-03  -0.649411E-04   0.222196E-01   0.215842E-02   0.200000E-03
 201   0.126584E-02  -0.552413E-03   0.242587E-01   0.159001E-02   0.300000E-03
 202   0.240589E-02  -0.830210E-03   0.259568E-01   0.120530E-02   0.250000E-03
 203   0.187839E-02  -0.514614E-03   0.265254E-01   0.182449E-02   0.300000E-03
 204   0.253579E-02   0.695963E-03   0.270787E-01   0.157692E-02   0.250000E-03
 205  -0.487486E-03   0.991359E-03   0.296000E-01   0.160491E-02   0.400000E-03
 206   0.285292E-02   0.506427E-03   0.322220E-01   0.180215E-02   0.350000E-03
 207   0.212028E-02   0.116923E-03   0.328622E-01   0.130086E-02   0.450000E-03
 208   0.153657E-02   0.271385E-03   0.335721E-01   0.166532E-02   0.350000E-03
 209   0.112465E-02   0.330580E-03   0.362540E-01   0.125960E-02   0.300000E-03
 210   0.103623E-02   0.104781E-03   0.366543E-01   0.154621E-02   0.200000E-03
 211   0.118351E-02   0.210679E-03   0.370748E-01   0.168851E-02   0.250000E-03
 212   0.130164E-02  -0.444884E-03   0.400742E-01   0.591229E-03   0.200000E-03
 213   0.103004E-02   0.107717E-02   0.411368E-01   0.622616E-03   0.250000E-03
 214   0.273048E-02  -0.130969E-03   0.420833E-01   0.555948E-03   0.200000E-03
 215  -0.329804E-02  -0.139060E-02   0.441669E-01   0.149648E-03   0.150000E-03
 216   0.176903E-02   0.784224E-03   0.216030E-01   0.893443E-02   0.400000E-03
 217   0.370316E-03  -0.780053E-03   0.141035E-01   0.934435E-02   0.350000E-03
 218  -0.623793E-03   0.125390E-02   0.828792E-03   0.207923E-02   0.350000E-03
 219  -0.519610E-03  -0.178968E-02   0.366160E-02   0.653896E-03   0.200000E-03
 220   0.241922E-02  -0.181354E-02   0.453030E-02   0.129511E-02   0.400000E-03
 221  -0.303745E-03   0.868053E-04   0.532915E-02   0.219711E-02   0.250000E-03
 222   0.362160E-03   0.552985E-03   0.729045E-02   0.207662E-02   0.350000E-03
 223   0.340564E-03  -0.199105E-03   0.899488E-02   0.201359E-02   0.350000E-03
 224   0.531319E-03   0.154706E-03   0.102105E-01   0.191131E-02   0.350000E-03
 225   0.881027E-03   0.406997E-03   0.106881E-01   0.161602E-02   0.200000E-03
 226   0.130070E-02   0.407341E-03   0.121416E-01   0.149203E-02   0.300000E-03
 227   0.816326E-03   0.405121E-03   0.129762E-01   0.145030E-02   0.250000E-03
 228   0.115192E-02  -0.527607E-03   0.148442E-01   0.178171E-02   0.150000E-03
 229   0.513920E-03   0.229865E-03   0.158404E-01   0.203686E-02   0.250000E-03
 230   0.434495E-04   0.889643E-04   0.175327E-01   0.246674E-02   0.300000E-03
 231   0.504466E-03   0.868088E-04   0.183412E-01   0.228323E-02   0.200000E-03
 232   0.136347E-02  -0.609768E-03   0.186538E-01   0.190060E-02   0.300000E-03
 233   0.230247E-02   0.296810E-03   0.191928E-01   0.234414E-02   0.400000E-03
 234   0.933666E-03  -0.630779E-03   0.212958E-01   0.208727E-02   0.300000E-03
 235   0.178581E-02   0.191042E-03   0.224076E-01   0.166568E-02   0.300000E-03
 236   0.137384E-02  -0.330779E-03   0.233139E-01   0.215713E-02   0.300000E-03
 237   0.652647E-03   0.337549E-03   0.239629E-01   0.216852E-02   0.350000E-03
 238   0.273553E-02  -0.442577E-03   0.251907E-01   0.179325E-02   0.200000E-03
 239   0.210711E-02  -0.493425E-04   0.266959E-01   0.234276E-02   0.250000E-03
 240   0.156066E-03   0.774915E-03   0.290106E-01   0.151631E-02   0.200000E-03
 241   0.356679E-02   0.114078E-02   0.302046E-01   0.227041E-02   0.350000E-03
 242   0.204502E-02   0.481661E-03   0.315248E-01   0.174379E-02   0.350000E-03
 243   0.208290E-02   0.174628E-03   0.329486E-01   0.224095E-02   0.500000E-03
 244   0.124644E-02   0.454935E-03   0.354652E-01   0.199346E-02   0.200000E-03
 245   0.777268E-03   0.335567E-04   0.349488E-01   0.180985E-02   0.350000E-03
 246   0.108113E-02   0.304081E-03   0.366117E-01   0.214120E-02   0.400000E-03
 247   0.106196E-02   0.135141E-03   0.380040E-01   0.138971E-02   0.350000E-03
 248   0.692477E-03  -0.110686E-03   0.396255E-01   0.809630E-03   0.300000E-03
 249   0.648325E-03   0.109075E-02   0.416520E-01   0.801627E-03   0.300000E-03
 250  -0.163188E-02  -0.587949E-03   0.437383E-01   0.242788E-03   0.250000E-03
 251  -0.273633E-03   0.271497E-03   0.446055E-01   0.297615E-02   0.400000E-03
 252   0.346692E-02  -0.226686E-03   0.336487E-01   0.773242E-02   0.350000E-03
 253   0.337865E-04   0.699751E-04   0.215058E-02   0.744287E-02   0.350000E-03
 254  -0.164050E-02  -0.663464E-03   0.134400E-02   0.105032E-02   0.350000E-03
 255  -0.114498E-02   0.412426E-03   0.222773E-02   0.995525E-03   0.300000E-03
 256   0.266648E-02  -0.238276E-02   0.473017E-02   0.196546E-02   0.300000E-03
 257   0.517899E-03   0.439956E-03   0.670783E-02   0.236117E-02   0.300000E-03
 258   0.117029E-02  -0.310787E-03   0.833602E-02   0.224307E-02   0.350000E-03
 259   0.477538E-03   0.525975E-03   0.907755E-02   0.280500E-02   0.450000E-03
 260   0.362635E-03   0.420556E-03   0.989633E-02   0.259004E-02   0.400000E-03
 261   0.637891E-03   0.271139E-03   0.116370E-01   0.180501E-02   0.300000E-03
 262   0.885317E-03   0.396652E-03   0.121938E-01   0.213963E-02   0.350000E-03
 263  -0.307695E-03   0.909076E-07   0.135315E-01   0.166943E-02   0.350000E-03
 264   0.115735E-02   0.212110E-03   0.148369E-01   0.222946E-02   0.300000E-03
 265   0.838988E-03  -0.724156E-04   0.165929E-01   0.254287E-02   0.200000E-03
 266   0.135145E-02   0.534687E-03   0.169969E-01   0.234450E-02   0.250000E-03
 267   0.108839E-02  -0.560485E-03   0.171233E-01   0.282558E-02   0.250000E-03
 268   0.106112E-02   0.768223E-03   0.186156E-01   0.263818E-02   0.250000E-03
 269   0.843045E-03   0.362363E-04   0.190679E-01   0.298186E-02   0.250000E-03
 270   0.174064E-02  -0.390360E-03   0.196648E-01   0.292113E-02   0.350000E-03
 271   0.127263E-02   0.381134E-03   0.218932E-01   0.185149E-02   0.250000E-03
 272   0.115764E-02   0.583569E-03   0.223292E-01   0.274561E-02   0.400000E-03
 273   0.191845E-02   0.985561E-03   0.235579E-01   0.280103E-02   0.400000E-03
 274   0.149844E-02  -0.237868E-03   0.257542E-01   0.205356E-02   0.250000E-03
 275   0.155352E-02  -0.146384E-03   0.262041E-01   0.226537E-02   0.250000E-03
 276   0.167409E-02  -0.532214E-03   0.274458E-01   0.198060E-02   0.300000E-03
 277   0.734753E-03  -0.618038E-04   0.294125E-01   0.217332E-02   0.200000E-03
 278   0.300909E-02   0.223794E-03   0.318430E-01   0.238956E-02   0.350000E-03
 279   0.218131E-02  -0.203246E-03   0.323567E-01   0.269353E-02   0.250000E-03
 280   0.140579E-02  -0.343699E-03   0.343171E-01   0.195350E-02   0.300000E-03
 281   0.902844E-03   0.326746E-03   0.358918E-01   0.173452E-02   0.300000E-03
 282   0.436700E-03  -0.138873E-03   0.375559E-01   0.179887E-02   0.250000E-03
 283   0.117176E-02  -0.375549E-03   0.385074E-01   0.161132E-02   0.200000E-03
 284   0.111408E-02   0.138040E-03   0.385576E-01   0.116445E-02   0.250000E-03
 285   0.995966E-03   0.286631E-03   0.411019E-01   0.121668E-02   0.350000E-03
 286   0.216583E-02  -0.104035E-02   0.432232E-01   0.895684E-03   0.300000E-03
 287   0.212574E-02  -0.125906E-02   0.428458E-01   0.122054E-02   0.200000E-03
 288   0.774468E-03   0.103400E-02   0.593977E-02   0.800463E-02   0.350000E-03
 289  -0.138946E-02  -0.178831E-02   0.247833E-03   0.233561E-02   0.250000E-03
 290   0.658531E-03   0.100328E-02   0.184402E-02   0.145826E-02   0.300000E-03
 291  -0.140584E-02   0.206683E-03   0.251952E-02   0.162610E-02   0.400000E-03
 292   0.157207E-02  -0.774598E-03   0.314945E-02   0.151084E-02   0.250000E-03
 293   0.748732E-04   0.660137E-03   0.569270E-02   0.259872E-02   0.300000E-03
 294   0.799226E-03   0.697424E-04   0.824823E-02   0.298394E-02   0.400000E-03
 295   0.117145E-02   0.687900E-03   0.969380E-02   0.338607E-02   0.400000E-03
 296   0.169516E-02   0.285038E-03   0.111005E-01   0.191034E-02   0.250000E-03
 297   0.101212E-02   0.140690E-03   0.107059E-01   0.196155E-02   0.150000E-03
 298   0.131543E-02   0.123141E-03   0.125963E-01   0.169028E-02   0.200000E-03
 299   0.125580E-02  -0.121111E-03   0.138467E-01   0.234192E-02   0.250000E-03
 300   0.125466E-02  -0.921538E-03   0.149030E-01   0.272112E-02   0.200000E-03
 301   0.493202E-03  -0.163873E-04   0.154120E-01   0.236966E-02   0.300000E-03
 302   0.834416E-03   0.389224E-03   0.170315E-01   0.336320E-02   0.300000E-03
 303   0.615440E-03  -0.595949E-04   0.180238E-01   0.251784E-02   0.200000E-03
 304   0.750761E-03   0.808127E-03   0.182086E-01   0.292565E-02   0.250000E-03
 305   0.110082E-02   0.306908E-03   0.193782E-01   0.332960E-02   0.150000E-03
 306   0.194106E-02  -0.226184E-03   0.203661E-01   0.283086E-02   0.350000E-03
 307   0.147685E-02  -0.334612E-03   0.217840E-01   0.233838E-02   0.250000E-03
 308   0.831563E-03   0.126358E-05   0.227126E-01   0.338624E-02   0.350000E-03
 309   0.177504E-02   0.155531E-02   0.245157E-01   0.266724E-02   0.400000E-03
 310   0.215731E-02  -0.111437E-02   0.251022E-01   0.228524E-02   0.300000E-03
 311   0.161139E-02  -0.751715E-03   0.272370E-01   0.259076E-02   0.350000E-03
 312   0.163072E-02  -0.272976E-03   0.280886E-01   0.189859E-02   0.350000E-03
 313   0.199640E-02   0.175881E-02   0.296719E-01   0.253681E-02   0.250000E-03
 314   0.151002E-02   0.198768E-03   0.311989E-01   0.234432E-02   0.300000E-03
 315   0.191529E-02  -0.526405E-03   0.334314E-01   0.287051E-02   0.300000E-03
 316   0.142087E-02  -0.224609E-03   0.337925E-01   0.233342E-02   0.350000E-03
 317   0.701048E-03   0.298735E-03   0.350846E-01   0.254625E-02   0.400000E-03
 318   0.145037E-02   0.401689E-03   0.358717E-01   0.243057E-02   0.400000E-03
 319   0.138705E-02   0.354461E-03   0.389748E-01   0.143431E-02   0.250000E-03
 320   0.112887E-02   0.546942E-03   0.398356E-01   0.141754E-02   0.300000E-03
 321   0.153966E-02   0.563044E-03   0.404297E-01   0.135257E-02   0.300000E-03
 322   0.176904E-02  -0.672777E-03   0.425976E-01   0.731960E-03   0.350000E-03
 323  -0.167946E-02   0.726510E-03   0.439571E-01   0.211308E-02   0.350000E-03
 324   0.151756E-02   0.563607E-03   0.396068E-01   0.718274E-02   0.250000E-03
 325   0.470017E-03  -0.635433E-04   0.153407E-02   0.764864E-02   0.300000E-03
 326  -0.129081E-02   0.174090E-02   0.124412E-02   0.164482E-02   0.250000E-03
 327  -0.321599E-03  -0.137211E-02   0.206565E-02   0.222025E-02   0.350000E-03
 328   0.157182E-03  -0.714817E-03   0.380688E-02   0.171275E-02   0.450000E-03
 329   0.332819E-03   0.528634E-03   0.658001E-02   0.317948E-02   0.400000E-03
 330   0.415416E-03   0.190239E-03   0.721232E-02   0.276971E-02   0.350000E-03
 331   0.508488E-03  -0.730857E-03   0.776885E-02   0.243860E-02   0.250000E-03
 332   0.113895E-02   0.833258E-03   0.108141E-01   0.254627E-02   0.450000E-03
 333   0.409685E-03   0.203594E-03   0.115987E-01   0.240160E-02   0.300000E-03
 334   0.387901E-03  -0.439418E-03   0.129614E-01   0.194739E-02   0.250000E-03
 335   0.607025E-03  -0.114435E-03   0.133610E-01   0.224475E-02   0.250000E-03
 336   0.839930E-03  -0.307061E-03   0.143454E-01   0.257328E-02   0.300000E-03
 337   0.843627E-03   0.743134E-03   0.160628E-01   0.253719E-02   0.300000E-03
 338   0.477061E-03   0.557459E-03   0.166470E-01   0.374635E-02   0.250000E-03
 339  -0.104171E-02  -0.785401E-03   0.176427E-01   0.312558E-02   0.350000E-03
 340   0.715109E-03   0.493677E-03   0.189731E-01   0.352355E-02   0.300000E-03
 341   0.218465E-02  -0.362044E-03   0.200874E-01   0.341167E-02   0.300000E-03
 342   0.184463E-02  -0.137977E-03   0.206078E-01   0.332214E-02   0.200000E-03
 343   0.112493E-02   0.513171E-03   0.216404E-01   0.286705E-02   0.300000E-03
 344   0.120401E-02   0.281153E-03   0.238260E-01   0.338052E-02   0.250000E-03
 345   0.885598E-03   0.834523E-03   0.251244E-01   0.300834E-02   0.300000E-03
 346   0.168507E-02   0.433044E-03   0.256532E-01   0.264104E-02   0.350000E-03
 347   0.156537E-02   0.465613E-03   0.263564E-01   0.289496E-02   0.400000E-03
 348   0.183017E-03  -0.262249E-03   0.289422E-01   0.200876E-02   0.300000E-03
 349   0.392099E-02  -0.409511E-03   0.300631E-01   0.284844E-02   0.250000E-03
 350   0.209674E-02  -0.994100E-04   0.320751E-01   0.316160E-02   0.300000E-03
 351   0.187187E-02  -0.482580E-03   0.328167E-01   0.307757E-02   0.350000E-03
 352   0.157667E-02  -0.254367E-03   0.345042E-01   0.308994E-02   0.400000E-03
 353   0.164961E-02   0.242513E-03   0.359061E-01   0.302469E-02   0.200000E-03
 354   0.408197E-03   0.169901E-03   0.372579E-01   0.219952E-02   0.250000E-03
 355   0.737014E-03   0.360773E-03   0.380468E-01   0.203643E-02   0.300000E-03
 356   0.156982E-02   0.513062E-03   0.393821E-01   0.162026E-02   0.200000E-03
 357   0.992853E-03   0.966308E-03   0.408238E-01   0.179849E-02   0.300000E-03
 358   0.516467E-03   0.256255E-03   0.416822E-01   0.134813E-02   0.250000E-03
 359  -0.636050E-04   0.101605E-03   0.442656E-01   0.531618E-02   0.250000E-03
 360   0.168762E-02   0.417804E-03   0.448002E-01   0.418264E-02   0.200000E-03
 361   0.423111E-05  -0.417810E-03   0.684378E-03   0.281238E-02   0.400000E-03
 362  -0.281112E-03  -0.362002E-03   0.148276E-02   0.279187E-02   0.400000E-03
 363   0.131084E-02  -0.125100E-02   0.311690E-02   0.200946E-02   0.250000E-03
 364   0.131524E-03  -0.412171E-03   0.491323E-02   0.255021E-02   0.300000E-03
 365   0.364006E-03   0.836196E-03   0.588142E-02   0.316285E-02   0.300000E-03
 366   0.229247E-03   0.745665E-03   0.616146E-02   0.373649E-02   0.300000E-03
 367   0.974404E-03  -0.130363E-03   0.872569E-02   0.334599E-02   0.200000E-03
 368   0.109427E-02   0.887403E-03   0.103418E-01   0.312481E-02   0.300000E-03
 369   0.615346E-03   0.753061E-03   0.118545E-01   0.299706E-02   0.350000E-03
 370   0.167776E-03  -0.152766E-03   0.128028E-01   0.257527E-02   0.400000E-03
 371   0.104351E-02   0.143031E-03   0.137393E-01   0.287762E-02   0.300000E-03
 372   0.133000E-02  -0.357134E-04   0.150160E-01   0.330660E-02   0.400000E-03
 373   0.476533E-03  -0.195306E-04   0.156087E-01   0.292938E-02   0.300000E-03
 374   0.375483E-03  -0.520216E-05   0.163592E-01   0.316865E-02   0.400000E-03
 375   0.995773E-03   0.487603E-03   0.175093E-01   0.393518E-02   0.450000E-03
 376   0.108284E-02   0.378081E-03   0.186304E-01   0.308690E-02   0.200000E-03
 377   0.976566E-03   0.399591E-04   0.195641E-01   0.379305E-02   0.350000E-03
 378   0.103399E-02   0.311038E-03   0.210822E-01   0.264792E-02   0.300000E-03
 379   0.196856E-02  -0.148119E-03   0.211567E-01   0.330019E-02   0.350000E-03
 380   0.104402E-02   0.121318E-03   0.219917E-01   0.341241E-02   0.350000E-03
 381   0.201026E-02   0.398506E-03   0.244195E-01   0.340919E-02   0.350000E-03
 382   0.136116E-02   0.379405E-04   0.267049E-01   0.349120E-02   0.300000E-03
 383   0.105840E-02   0.839952E-03   0.278158E-01   0.243273E-02   0.250000E-03
 384   0.116867E-02  -0.116047E-02   0.284949E-01   0.239961E-02   0.300000E-03
 385   0.163399E-02   0.673497E-03   0.291234E-01   0.258060E-02   0.300000E-03
 386   0.181784E-02   0.318347E-04   0.307028E-01   0.267840E-02   0.300000E-03
 387   0.179779E-02  -0.282883E-03   0.324668E-01   0.367499E-02   0.350000E-03
 388   0.135623E-02   0.175257E-03   0.354333E-01   0.345794E-02   0.450000E-03
 389   0.114999E-02  -0.271123E-03   0.360876E-01   0.337814E-02   0.200000E-03
 390   0.121769E-02   0.976951E-04   0.364959E-01   0.292840E-02   0.400000E-03
 391   0.733221E-03   0.541380E-03   0.376998E-01   0.252415E-02   0.300000E-03
 392   0.148496E-02   0.361929E-03   0.390555E-01   0.192689E-02   0.250000E-03
 393   0.141350E-02   0.478541E-03   0.396243E-01   0.211288E-02   0.350000E-03
 394   0.118938E-02   0.116940E-03   0.422225E-01   0.126128E-02   0.300000E-03
 395  -0.187843E-02   0.488651E-03   0.438991E-01   0.146807E-02   0.300000E-03
 396   0.506389E-03   0.225005E-02   0.444100E-01   0.241501E-02   0.200000E-03
 397  -0.540994E-04  -0.319133E-03   0.973819E-03   0.355613E-02   0.400000E-03
 398  -0.184763E-03  -0.193181E-03   0.269877E-02   0.236643E-02   0.300000E-03
 399   0.424465E-03  -0.561333E-03   0.351086E-02   0.239301E-02   0.300000E-03
 400   0.591106E-03  -0.268507E-03   0.422529E-02   0.244888E-02   0.400000E-03
 401   0.414544E-03   0.475748E-03   0.573407E-02   0.399370E-02   0.200000E-03
 402   0.543574E-03   0.380604E-03   0.726576E-02   0.346473E-02   0.350000E-03
 403   0.870708E-03   0.498984E-03   0.852246E-02   0.374286E-02   0.250000E-03
 404   0.103361E-02  -0.203816E-03   0.907113E-02   0.370603E-02   0.300000E-03
 405   0.640642E-03  -0.198132E-03   0.119689E-01   0.353486E-02   0.200000E-03
 406  -0.905296E-04   0.441234E-03   0.125295E-01   0.332086E-02   0.400000E-03
 407   0.704831E-03   0.265693E-03   0.132056E-01   0.314721E-02   0.300000E-03
 408   0.108161E-02  -0.897837E-04   0.142211E-01   0.338343E-02   0.400000E-03
 409   0.549959E-03  -0.104215E-03   0.157179E-01   0.356356E-02   0.350000E-03
 410   0.112482E-02   0.390026E-03   0.161756E-01   0.401996E-02   0.300000E-03
 411   0.449885E-03   0.471326E-03   0.167121E-01   0.428642E-02   0.300000E-03
 412   0.684544E-03   0.523546E-03   0.182755E-01   0.356961E-02   0.400000E-03
 413   0.216264E-02  -0.622534E-03   0.202498E-01   0.398518E-02   0.300000E-03
 414   0.186596E-02   0.389272E-04   0.207550E-01   0.374516E-02   0.250000E-03
 415   0.175671E-02  -0.571742E-03   0.208161E-01   0.439108E-02   0.400000E-03
 416   0.108355E-02  -0.862174E-04   0.223765E-01   0.405445E-02   0.400000E-03
 417   0.156383E-02   0.238929E-03   0.233248E-01   0.359689E-02   0.300000E-03
 418   0.110348E-02   0.296372E-04   0.250696E-01   0.365329E-02   0.350000E-03
 419   0.215901E-02  -0.594401E-04   0.277329E-01   0.307655E-02   0.350000E-03
 420   0.934214E-03  -0.448015E-04   0.283017E-01   0.290603E-02   0.250000E-03
 421   0.261912E-02   0.442734E-03   0.295309E-01   0.311515E-02   0.350000E-03
 422   0.137139E-02  -0.249931E-03   0.313317E-01   0.308200E-02   0.450000E-03
 423   0.192751E-02  -0.436189E-03   0.338184E-01   0.338235E-02   0.350000E-03
 424   0.180114E-02   0.640576E-04   0.347443E-01   0.374652E-02   0.300000E-03
 425   0.113448E-02   0.731140E-04   0.370075E-01   0.340050E-02   0.300000E-03
 426   0.166782E-02  -0.847587E-05   0.371870E-01   0.282841E-02   0.300000E-03
 427   0.166215E-02   0.846413E-04   0.380456E-01   0.312346E-02   0.300000E-03
 428   0.128352E-02   0.536871E-03   0.385896E-01   0.210165E-02   0.250000E-03
 429   0.155546E-02   0.372795E-03   0.402391E-01   0.191600E-02   0.300000E-03
 430   0.885076E-03   0.860106E-03   0.419347E-01   0.188696E-02   0.350000E-03
 431   0.187284E-02   0.581542E-03   0.426748E-01   0.179343E-02   0.400000E-03
 432   0.237129E-02   0.383658E-03   0.433018E-01   0.148639E-02   0.300000E-03
 433  -0.316941E-03  -0.639580E-04   0.347878E-03   0.403315E-02   0.350000E-03
 434   0.130751E-02  -0.217454E-03   0.161791E-02   0.190201E-02   0.200000E-03
 435   0.263178E-03  -0.355521E-03   0.316958E-02   0.293670E-02   0.350000E-03
 436   0.463570E-03   0.676333E-04   0.527897E-02   0.295676E-02   0.250000E-03
 437   0.440695E-03   0.424243E-03   0.565865E-02   0.360538E-02   0.200000E-03
 438   0.388541E-03   0.504320E-03   0.674892E-02   0.385731E-02   0.300000E-03
 439   0.852904E-03   0.441613E-03   0.793192E-02   0.365897E-02   0.350000E-03
 440   0.125079E-02   0.829741E-04   0.108835E-01   0.378168E-02   0.200000E-03
 441   0.138856E-02   0.961517E-03   0.109186E-01   0.328566E-02   0.300000E-03
 442   0.585923E-03  -0.105835E-03   0.130828E-01   0.374917E-02   0.300000E-03
 443   0.433333E-03   0.699084E-05   0.135905E-01   0.353832E-02   0.250000E-03
 444   0.104638E-02  -0.524942E-03   0.152162E-01   0.397452E-02   0.300000E-03
 445   0.143027E-02   0.578078E-04   0.156698E-01   0.450193E-02   0.400000E-03
 446   0.126509E-02   0.758625E-04   0.162674E-01   0.450665E-02   0.200000E-03
 447   0.893532E-03   0.665820E-03   0.172069E-01   0.461929E-02   0.300000E-03
 448   0.705194E-03   0.509771E-03   0.182949E-01   0.446664E-02   0.500000E-03
 449   0.833958E-03   0.554219E-03   0.191887E-01   0.443929E-02   0.400000E-03
 450   0.129916E-02   0.526165E-03   0.198840E-01   0.445783E-02   0.300000E-03
 451   0.152437E-02  -0.373669E-03   0.214946E-01   0.396942E-02   0.400000E-03
 452   0.140887E-02  -0.497169E-03   0.218781E-01   0.461198E-02   0.350000E-03
 453   0.159591E-02  -0.775281E-05   0.239811E-01   0.395557E-02   0.350000E-03
 454   0.163038E-02  -0.709458E-04   0.256932E-01   0.333872E-02   0.350000E-03
 455   0.264568E-02  -0.244676E-02   0.269364E-01   0.304942E-02   0.200000E-03
 456   0.157790E-02   0.660097E-03   0.288373E-01   0.316404E-02   0.350000E-03
 457   0.251313E-02  -0.133398E-02   0.304593E-01   0.322329E-02   0.300000E-03
 458   0.244434E-02  -0.898187E-03   0.307023E-01   0.381639E-02   0.350000E-03
 459   0.206602E-02  -0.325383E-03   0.317755E-01   0.375058E-02   0.350000E-03
 460   0.219523E-02  -0.723732E-04   0.342053E-01   0.383838E-02   0.250000E-03
 461   0.115274E-02  -0.177001E-03   0.364883E-01   0.357619E-02   0.250000E-03
 462   0.179396E-02   0.862923E-04   0.376648E-01   0.428830E-02   0.300000E-03
 463   0.116696E-02   0.592674E-03   0.382931E-01   0.258006E-02   0.300000E-03
 464   0.144956E-02   0.823788E-03   0.390310E-01   0.264091E-02   0.450000E-03
 465   0.941753E-03   0.134859E-03   0.407152E-01   0.238526E-02   0.300000E-03
 466   0.125846E-02   0.250172E-03   0.411716E-01   0.258464E-02   0.200000E-03
 467   0.195574E-02   0.286300E-03   0.435638E-01   0.256285E-02   0.250000E-03
 468   0.460558E-03  -0.663233E-04   0.435825E-01   0.383415E-02   0.350000E-03
 469   0.911117E-05   0.431239E-04   0.105547E-02   0.440090E-02   0.450000E-03
 470   0.189099E-03  -0.163506E-03   0.217873E-02   0.285791E-02   0.300000E-03
 471   0.616858E-03  -0.252354E-03   0.388209E-02   0.316744E-02   0.400000E-03
 472   0.100303E-03  -0.332718E-03   0.458255E-02   0.305070E-02   0.300000E-03
 473   0.296017E-03   0.402611E-03   0.506097E-02   0.356511E-02   0.400000E-03
 474   0.409633E-03   0.626895E-03   0.745956E-02   0.402598E-02   0.250000E-03
 475   0.721576E-03   0.230513E-03   0.809311E-02   0.433867E-02   0.350000E-03
 476   0.147001E-02   0.142602E-03   0.954942E-02   0.406749E-02   0.300000E-03
 477   0.138332E-02   0.828635E-03   0.113058E-01   0.296962E-02   0.200000E-03
 478   0.231434E-03   0.373282E-04   0.122511E-01   0.400904E-02   0.350000E-03
 479   0.960761E-03  -0.124748E-03   0.141997E-01   0.403047E-02   0.250000E-03
 480  -0.191424E-04  -0.204333E-03   0.146680E-01   0.385533E-02   0.250000E-03
 481   0.285873E-04   0.186149E-03   0.148043E-01   0.433663E-02   0.250000E-03
 482   0.109384E-02   0.383116E-04   0.162620E-01   0.510003E-02   0.400000E-03
 483   0.100711E-02  -0.509823E-03   0.169587E-01   0.516545E-02   0.300000E-03
 484   0.800339E-03   0.465308E-03   0.185662E-01   0.521658E-02   0.300000E-03
 485   0.440562E-03  -0.211260E-03   0.195629E-01   0.508757E-02   0.350000E-03
 486   0.144190E-02   0.715056E-03   0.202118E-01   0.495858E-02   0.300000E-03
 487   0.172318E-02  -0.635513E-03   0.212826E-01   0.497372E-02   0.350000E-03
 488   0.157594E-02  -0.139115E-02   0.218003E-01   0.515587E-02   0.200000E-03
 489   0.144612E-02  -0.711400E-04   0.245785E-01   0.399519E-02   0.250000E-03
 490   0.225381E-02   0.729192E-04   0.272420E-01   0.339999E-02   0.250000E-03
 491   0.238403E-02   0.134772E-03   0.282588E-01   0.345679E-02   0.300000E-03
 492   0.199302E-02   0.146065E-02   0.292353E-01   0.379685E-02   0.400000E-03
 493   0.177608E-02  -0.932482E-04   0.299804E-01   0.358426E-02   0.300000E-03
 494   0.132723E-02  -0.547464E-03   0.312351E-01   0.372153E-02   0.200000E-03
 495   0.165688E-02  -0.110026E-04   0.328951E-01   0.401264E-02   0.200000E-03
 496   0.121867E-02  -0.532122E-03   0.359470E-01   0.419243E-02   0.350000E-03
 497   0.108127E-02  -0.782783E-04   0.361197E-01   0.372521E-02   0.150000E-03
 498   0.168027E-02  -0.108038E-03   0.373810E-01   0.381764E-02   0.250000E-03
 499   0.171418E-02   0.272179E-04   0.375499E-01   0.334827E-02   0.250000E-03
 500   0.133157E-02   0.284696E-03   0.394115E-01   0.310439E-02   0.150000E-03
 501   0.157115E-02  -0.852814E-04   0.401727E-01   0.246011E-02   0.250000E-03
 502   0.109220E-02   0.832641E-03   0.413285E-01   0.211459E-02   0.300000E-03
 503   0.207950E-02   0.265435E-03   0.429703E-01   0.263672E-02   0.350000E-03
 504   0.236020E-02   0.774694E-03   0.433089E-01   0.208273E-02   0.300000E-03
 505   0.154517E-03  -0.124957E-03   0.165212E-02   0.387005E-02   0.350000E-03
 506   0.924970E-04   0.847316E-04   0.186941E-02   0.331195E-02   0.250000E-03
 507   0.710571E-03   0.469137E-03   0.333045E-02   0.351409E-02   0.250000E-03
 508   0.975914E-03   0.201221E-03   0.437030E-02   0.366741E-02   0.300000E-03
 509   0.781581E-04   0.197907E-03   0.607893E-02   0.427965E-02   0.250000E-03
 510   0.424064E-03   0.341415E-03   0.748647E-02   0.456731E-02   0.300000E-03
 511   0.970518E-03   0.540128E-03   0.875753E-02   0.423608E-02   0.300000E-03
 512   0.993497E-03   0.151294E-03   0.103358E-01   0.377066E-02   0.350000E-03
 513   0.746423E-03   0.702778E-03   0.114680E-01   0.351787E-02   0.300000E-03
 514   0.688641E-03   0.206396E-03   0.128740E-01   0.441921E-02   0.400000E-03
 515   0.424441E-03  -0.255787E-04   0.136095E-01   0.413721E-02   0.350000E-03
 516   0.997770E-03  -0.211168E-03   0.142804E-01   0.462238E-02   0.350000E-03
 517   0.725362E-04   0.233209E-03   0.151254E-01   0.457459E-02   0.150000E-03
 518   0.142745E-02  -0.415458E-05   0.154817E-01   0.527359E-02   0.400000E-03
 519   0.575973E-03   0.421672E-03   0.176822E-01   0.505089E-02   0.350000E-03
 520   0.175024E-03  -0.644681E-04   0.190801E-01   0.552181E-02   0.300000E-03
 521   0.134200E-02   0.107154E-02   0.200662E-01   0.564238E-02   0.400000E-03
 522   0.347741E-03   0.223949E-04   0.206464E-01   0.529266E-02   0.250000E-03
 523   0.145344E-02   0.108307E-02   0.217818E-01   0.560342E-02   0.250000E-03
 524   0.179493E-02  -0.649563E-04   0.230709E-01   0.413698E-02   0.300000E-03
 525   0.107271E-02  -0.184074E-04   0.251254E-01   0.440019E-02   0.400000E-03
 526   0.100474E-02  -0.204499E-03   0.255873E-01   0.394912E-02   0.250000E-03
 527   0.229647E-02   0.148193E-02   0.277172E-01   0.372624E-02   0.300000E-03
 528   0.223348E-02   0.481331E-03   0.291191E-01   0.453729E-02   0.350000E-03
 529   0.174866E-02   0.131773E-02   0.304518E-01   0.440558E-02   0.300000E-03
 530   0.255219E-02  -0.981217E-04   0.321600E-01   0.406992E-02   0.150000E-03
 531   0.130048E-02  -0.112559E-02   0.330589E-01   0.357100E-02   0.200000E-03
 532   0.149394E-02  -0.394232E-03   0.352034E-01   0.427443E-02   0.400000E-03
 533   0.105778E-02   0.109774E-04   0.368560E-01   0.397918E-02   0.300000E-03
 534   0.102021E-02   0.120631E-02   0.382434E-01   0.444674E-02   0.300000E-03
 535   0.178437E-02   0.142453E-03   0.379264E-01   0.374843E-02   0.300000E-03
 536   0.181649E-02   0.330828E-03   0.387124E-01   0.314642E-02   0.150000E-03
 537   0.139380E-02  -0.318952E-03   0.404514E-01   0.274491E-02   0.150000E-03
 538   0.929534E-03   0.354030E-03   0.417704E-01   0.251423E-02   0.300000E-03
 539   0.204097E-02   0.222939E-03   0.423605E-01   0.241551E-02   0.300000E-03
 540   0.130762E-02   0.511693E-04   0.439704E-01   0.284582E-02   0.250000E-03
 541   0.412183E-03  -0.282906E-03   0.472240E-02   0.856858E-02   0.300000E-03
 542   0.180084E-03  -0.539301E-04   0.258113E-02   0.354469E-02   0.500000E-03
 543   0.417446E-03   0.860929E-04   0.376252E-02   0.385376E-02   0.300000E-03
 544   0.873537E-03   0.520687E-03   0.419880E-02   0.418834E-02   0.250000E-03
 545   0.439575E-03   0.619491E-03   0.531761E-02   0.415971E-02   0.250000E-03
 546   0.913788E-03   0.438821E-03   0.858331E-02   0.496449E-02   0.450000E-03
 547   0.119709E-02   0.760048E-03   0.924575E-02   0.458329E-02   0.300000E-03
 548   0.140217E-02  -0.119551E-03   0.976835E-02   0.451358E-02   0.200000E-03
 549   0.965779E-03  -0.371401E-03   0.110830E-01   0.434459E-02   0.400000E-03
 550   0.361611E-03   0.158897E-04   0.116526E-01   0.403292E-02   0.250000E-03
 551   0.406090E-03  -0.599432E-04   0.135450E-01   0.493397E-02   0.450000E-03
 552   0.785180E-03   0.955557E-04   0.142446E-01   0.531818E-02   0.350000E-03
 553  -0.248659E-03   0.516866E-03   0.148353E-01   0.484988E-02   0.250000E-03
 554   0.665255E-03  -0.234578E-03   0.151056E-01   0.579783E-02   0.250000E-03
 555   0.925903E-03  -0.128417E-03   0.160234E-01   0.586175E-02   0.400000E-03
 556   0.726934E-03   0.465212E-03   0.180786E-01   0.556277E-02   0.300000E-03
 557   0.688128E-03   0.550249E-03   0.188217E-01   0.484724E-02   0.150000E-03
 558   0.144656E-02   0.945921E-03   0.211444E-01   0.570753E-02   0.400000E-03
 559   0.212445E-02   0.801788E-03   0.225630E-01   0.467693E-02   0.250000E-03
 560   0.167172E-02  -0.272187E-03   0.236516E-01   0.445155E-02   0.250000E-03
 561   0.139418E-02   0.473483E-03   0.258719E-01   0.447561E-02   0.350000E-03
 562   0.158080E-02  -0.537017E-04   0.261740E-01   0.384631E-02   0.350000E-03
 563   0.266955E-02   0.998121E-03   0.285038E-01   0.411059E-02   0.400000E-03
 564   0.265113E-02  -0.526294E-03   0.285214E-01   0.480975E-02   0.300000E-03
 565   0.233535E-02   0.160321E-02   0.298274E-01   0.424949E-02   0.350000E-03
 566   0.212065E-02  -0.618832E-03   0.312752E-01   0.437430E-02   0.450000E-03
 567   0.200308E-02   0.194590E-04   0.332692E-01   0.329011E-02   0.150000E-03
 568   0.180605E-02  -0.107543E-03   0.338612E-01   0.382826E-02   0.100000E-03
 569   0.108849E-02   0.473027E-03   0.369911E-01   0.450887E-02   0.250000E-03
 570   0.181295E-02   0.616087E-03   0.378178E-01   0.486798E-02   0.300000E-03
 571   0.195046E-02   0.179722E-03   0.384835E-01   0.352845E-02   0.300000E-03
 572   0.150450E-02   0.134924E-03   0.390787E-01   0.340637E-02   0.300000E-03
 573   0.107724E-02   0.472407E-03   0.397555E-01   0.281494E-02   0.300000E-03
 574   0.129679E-02   0.153210E-03   0.414280E-01   0.323286E-02   0.500000E-03
 575   0.157757E-02   0.114371E-02   0.421413E-01   0.291762E-02   0.250000E-03
 576   0.148651E-02  -0.312566E-03   0.444207E-01   0.385723E-02   0.300000E-03
 577  -0.286266E-03  -0.338601E-03   0.302716E-03   0.468007E-02   0.300000E-03
 578   0.311601E-03  -0.571335E-04   0.261527E-02   0.438806E-02   0.350000E-03
 579  -0.126451E-03   0.684927E-03   0.476658E-02   0.438762E-02   0.350000E-03
 580   0.275653E-03   0.995246E-04   0.543344E-02   0.464498E-02   0.250000E-03
 581  -0.198541E-03  -0.121273E-03   0.708257E-02   0.415903E-02   0.150000E-03
 582   0.708774E-03   0.119032E-03   0.794034E-02   0.486676E-02   0.200000E-03
 583   0.110704E-02  -0.706405E-03   0.995387E-02   0.492058E-02   0.250000E-03
 584   0.957491E-03  -0.367584E-03   0.103451E-01   0.446800E-02   0.350000E-03
 585   0.101076E-02  -0.224707E-03   0.107091E-01   0.517769E-02   0.450000E-03
 586   0.330846E-03  -0.455595E-04   0.118736E-01   0.453477E-02   0.300000E-03
 587   0.830697E-03   0.117933E-03   0.123443E-01   0.469915E-02   0.200000E-03
 588   0.528405E-03   0.251037E-04   0.136755E-01   0.557040E-02   0.200000E-03
 589   0.875275E-03   0.770263E-04   0.148405E-01   0.537411E-02   0.250000E-03
 590   0.732935E-03  -0.137850E-03   0.154620E-01   0.607147E-02   0.200000E-03
 591   0.960316E-03  -0.137307E-03   0.173744E-01   0.555936E-02   0.250000E-03
 592   0.684069E-03   0.525879E-04   0.181281E-01   0.615821E-02   0.300000E-03
 593   0.625559E-03   0.590467E-03   0.194531E-01   0.598872E-02   0.300000E-03
 594   0.118634E-02   0.110245E-02   0.205760E-01   0.619155E-02   0.350000E-03
 595   0.890749E-03  -0.123451E-02   0.221890E-01   0.506465E-02   0.200000E-03
 596   0.184949E-02  -0.233326E-03   0.231542E-01   0.478020E-02   0.350000E-03
 597   0.154501E-02  -0.163806E-03   0.243543E-01   0.460356E-02   0.400000E-03
 598   0.211132E-02   0.810052E-03   0.265701E-01   0.441915E-02   0.350000E-03
 599   0.222048E-02   0.524321E-03   0.271201E-01   0.398649E-02   0.350000E-03
 600   0.217606E-02   0.295628E-03   0.298633E-01   0.489583E-02   0.300000E-03
 601   0.163713E-02   0.339956E-05   0.304935E-01   0.504477E-02   0.350000E-03
 602   0.171786E-02   0.570252E-04   0.309689E-01   0.488992E-02   0.150000E-03
 603   0.173370E-02   0.238462E-03   0.330405E-01   0.454107E-02   0.350000E-03
 604   0.194167E-02   0.607682E-05   0.334395E-01   0.396710E-02   0.350000E-03
 605   0.177794E-02   0.697877E-04   0.364053E-01   0.478291E-02   0.400000E-03
 606   0.159924E-02   0.571445E-03   0.385087E-01   0.514991E-02   0.450000E-03
 607   0.201051E-02   0.316704E-03   0.386259E-01   0.405448E-02   0.250000E-03
 608   0.139123E-02   0.354524E-03   0.396763E-01   0.346757E-02   0.300000E-03
 609   0.981702E-03   0.592210E-03   0.402716E-01   0.320707E-02   0.350000E-03
 610   0.121247E-02   0.265649E-04   0.408945E-01   0.279759E-02   0.150000E-03
 611   0.126835E-02   0.499533E-04   0.428127E-01   0.362642E-02   0.450000E-03
 612   0.204861E-02  -0.516135E-03   0.434485E-01   0.314758E-02   0.350000E-03
 613   0.663453E-03   0.305351E-03   0.104186E-01   0.864200E-02   0.350000E-03
 614   0.587999E-04  -0.150817E-03   0.313781E-02   0.455119E-02   0.200000E-03
 615   0.392649E-03  -0.191885E-03   0.368271E-02   0.449562E-02   0.350000E-03
 616   0.394422E-03   0.551456E-04   0.568410E-02   0.433725E-02   0.150000E-03
 617   0.384153E-03   0.361303E-03   0.663612E-02   0.449488E-02   0.350000E-03
 618   0.697939E-03   0.487440E-03   0.812227E-02   0.555352E-02   0.300000E-03
 619   0.104696E-02   0.573297E-03   0.930067E-02   0.517882E-02   0.300000E-03
 620   0.106124E-02   0.395425E-03   0.988017E-02   0.556382E-02   0.400000E-03
 621   0.829202E-03   0.187433E-03   0.113999E-01   0.536465E-02   0.250000E-03
 622   0.101504E-02  -0.536545E-03   0.114480E-01   0.487523E-02   0.250000E-03
 623   0.620041E-03  -0.156968E-03   0.126703E-01   0.514095E-02   0.350000E-03
 624   0.819958E-03  -0.205245E-03   0.139972E-01   0.580765E-02   0.200000E-03
 625   0.555128E-03  -0.211536E-03   0.145272E-01   0.595263E-02   0.350000E-03
 626   0.892595E-03  -0.155421E-03   0.166363E-01   0.549894E-02   0.150000E-03
 627   0.993669E-03  -0.784758E-04   0.169406E-01   0.566663E-02   0.200000E-03
 628   0.100008E-02   0.101202E-04   0.175335E-01   0.608100E-02   0.300000E-03
 629   0.107019E-02   0.168711E-03   0.187405E-01   0.658481E-02   0.450000E-03
 630   0.144805E-02   0.959393E-03   0.217946E-01   0.615305E-02   0.300000E-03
 631   0.200316E-02  -0.562958E-03   0.226851E-01   0.529776E-02   0.350000E-03
 632   0.167678E-02  -0.233235E-03   0.237694E-01   0.498713E-02   0.300000E-03
 633   0.180579E-02   0.390719E-03   0.246055E-01   0.520033E-02   0.250000E-03
 634   0.234467E-02   0.968833E-03   0.271046E-01   0.453310E-02   0.200000E-03
 635   0.272785E-02   0.926812E-03   0.277463E-01   0.447841E-02   0.450000E-03
 636   0.218956E-02   0.196157E-03   0.293236E-01   0.515269E-02   0.300000E-03
 637   0.169846E-02   0.506357E-04   0.302940E-01   0.565875E-02   0.300000E-03
 638   0.182120E-02   0.595398E-03   0.321564E-01   0.474928E-02   0.350000E-03
 639   0.168975E-02   0.393158E-04   0.342934E-01   0.480024E-02   0.250000E-03
 640   0.189484E-02  -0.423485E-03   0.345060E-01   0.429685E-02   0.300000E-03
 641   0.173806E-02   0.215499E-03   0.368811E-01   0.529415E-02   0.300000E-03
 642   0.130948E-02   0.744267E-03   0.372739E-01   0.491327E-02   0.250000E-03
 643   0.183379E-02   0.202306E-03   0.388048E-01   0.451743E-02   0.250000E-03
 644   0.162426E-02   0.479872E-03   0.392873E-01   0.407434E-02   0.400000E-03
 645   0.148381E-02   0.503674E-03   0.417292E-01   0.386393E-02   0.200000E-03
 646   0.974076E-03   0.599805E-03   0.407896E-01   0.335510E-02   0.150000E-03
 647   0.139575E-02   0.951489E-03   0.425786E-01   0.302094E-02   0.200000E-03
 648  -0.356077E-05   0.873425E-03   0.448038E-01   0.354127E-02   0.200000E-03
 649   0.252679E-04  -0.101008E-03   0.718996E-03   0.495666E-02   0.200000E-03
 650   0.307853E-03   0.207049E-03   0.266316E-02   0.507999E-02   0.350000E-03
 651   0.196875E-03   0.167883E-03   0.319745E-02   0.405466E-02   0.300000E-03
 652   0.843173E-03   0.804517E-04   0.458147E-02   0.498362E-02   0.200000E-03
 653   0.407637E-03   0.230645E-03   0.656497E-02   0.498758E-02   0.150000E-03
 654   0.545386E-03   0.354433E-03   0.748735E-02   0.526041E-02   0.400000E-03
 655   0.908072E-03   0.349012E-03   0.875831E-02   0.574384E-02   0.350000E-03
 656   0.856296E-03   0.328954E-03   0.933327E-02   0.591278E-02   0.250000E-03
 657   0.661748E-03   0.124867E-03   0.104543E-01   0.595735E-02   0.300000E-03
 658   0.360009E-03  -0.176854E-03   0.119711E-01   0.517660E-02   0.350000E-03
 659   0.531225E-03  -0.199304E-03   0.131453E-01   0.550687E-02   0.250000E-03
 660   0.377605E-03   0.259006E-03   0.136129E-01   0.626720E-02   0.400000E-03
 661   0.629367E-03  -0.190330E-03   0.150429E-01   0.634279E-02   0.300000E-03
 662   0.926306E-03  -0.119648E-03   0.163580E-01   0.647385E-02   0.300000E-03
 663   0.557733E-03   0.434235E-03   0.166595E-01   0.601580E-02   0.250000E-03
 664   0.910566E-03  -0.101248E-03   0.177699E-01   0.657434E-02   0.250000E-03
 665   0.134391E-02   0.110684E-02   0.199435E-01   0.633074E-02   0.300000E-03
 666   0.117580E-02   0.216584E-04   0.211977E-01   0.640391E-02   0.300000E-03
 667   0.112406E-02   0.805403E-03   0.222897E-01   0.580966E-02   0.300000E-03
 668   0.166217E-02  -0.216747E-03   0.233393E-01   0.540290E-02   0.300000E-03
 669   0.102215E-02   0.175109E-03   0.248169E-01   0.479299E-02   0.100000E-03
 670   0.223217E-02   0.641885E-03   0.263099E-01   0.490054E-02   0.200000E-03
 671   0.197167E-02   0.319542E-03   0.284500E-01   0.530489E-02   0.200000E-03
 672   0.248680E-02   0.469587E-03   0.280525E-01   0.510609E-02   0.250000E-03
 673   0.240166E-02   0.813762E-03   0.309944E-01   0.552065E-02   0.350000E-03
 674   0.155418E-02   0.884681E-03   0.315642E-01   0.511900E-02   0.350000E-03
 675   0.197927E-02   0.271398E-03   0.325088E-01   0.426881E-02   0.250000E-03
 676   0.116816E-02  -0.197879E-04   0.347922E-01   0.477660E-02   0.250000E-03
 677   0.179700E-02   0.624417E-03   0.369687E-01   0.598695E-02   0.400000E-03
 678   0.113932E-02   0.132586E-03   0.374208E-01   0.538993E-02   0.250000E-03
 679   0.170588E-02   0.384857E-03   0.390979E-01   0.542044E-02   0.200000E-03
 680   0.175304E-02   0.202038E-03   0.392667E-01   0.489834E-02   0.350000E-03
 681   0.960932E-03   0.525429E-03   0.410998E-01   0.390282E-02   0.250000E-03
 682   0.158119E-02   0.156841E-03   0.421505E-01   0.341581E-02   0.250000E-03
 683   0.938164E-03   0.850219E-03   0.440300E-01   0.455156E-02   0.500000E-03
 684   0.123263E-02  -0.782819E-03   0.440483E-01   0.338916E-02   0.300000E-03
 685   0.815816E-04  -0.214804E-03   0.348594E-03   0.740276E-02   0.350000E-03
 686   0.273529E-03   0.473442E-04   0.332769E-02   0.566651E-02   0.350000E-03
 687   0.203512E-03   0.147702E-03   0.330796E-02   0.502039E-02   0.300000E-03
 688  -0.572644E-04   0.182765E-03   0.502616E-02   0.492850E-02   0.250000E-03
 689   0.405240E-03   0.342832E-03   0.706656E-02   0.483346E-02   0.200000E-03
 690   0.503914E-03   0.428299E-03   0.761191E-02   0.599288E-02   0.350000E-03
 691   0.867398E-03   0.664399E-03   0.877113E-02   0.651459E-02   0.350000E-03
 692   0.105992E-02   0.677594E-03   0.988742E-02   0.626157E-02   0.300000E-03
 693   0.691545E-03   0.448495E-03   0.103799E-01   0.649999E-02   0.250000E-03
 694   0.100598E-02  -0.340080E-04   0.110978E-01   0.587574E-02   0.350000E-03
 695   0.348710E-03   0.220216E-03   0.128928E-01   0.605069E-02   0.350000E-03
 696   0.624179E-04   0.208025E-03   0.146212E-01   0.726569E-02   0.250000E-03
 697   0.513012E-03  -0.405465E-04   0.143219E-01   0.667026E-02   0.400000E-03
 698   0.742190E-03  -0.127391E-03   0.156779E-01   0.663017E-02   0.400000E-03
 699   0.101821E-02  -0.100666E-03   0.170780E-01   0.667440E-02   0.450000E-03
 700   0.111608E-02   0.162718E-03   0.181163E-01   0.699949E-02   0.300000E-03
 701   0.222442E-02   0.345920E-03   0.194794E-01   0.670687E-02   0.300000E-03
 702   0.118914E-02   0.771261E-03   0.203491E-01   0.690077E-02   0.400000E-03
 703   0.111163E-02   0.791185E-03   0.229646E-01   0.599248E-02   0.400000E-03
 704   0.193677E-02   0.285181E-03   0.240997E-01   0.560294E-02   0.400000E-03
 705   0.111491E-02   0.642421E-03   0.250796E-01   0.504728E-02   0.250000E-03
 706   0.147257E-02   0.937030E-03   0.258956E-01   0.507340E-02   0.250000E-03
 707   0.237562E-02   0.567748E-03   0.269098E-01   0.509680E-02   0.400000E-03
 708   0.228487E-02   0.285458E-03   0.297908E-01   0.543983E-02   0.250000E-03
 709   0.177353E-02   0.946406E-03   0.320853E-01   0.529405E-02   0.200000E-03
 710   0.171711E-02   0.355931E-03   0.326885E-01   0.502498E-02   0.250000E-03
 711   0.210094E-02   0.235532E-03   0.337338E-01   0.459827E-02   0.350000E-03
 712   0.305716E-02  -0.696013E-03   0.351200E-01   0.521804E-02   0.300000E-03
 713   0.175866E-02   0.562483E-03   0.381580E-01   0.636237E-02   0.350000E-03
 714   0.169215E-02   0.462575E-03   0.379311E-01   0.570055E-02   0.350000E-03
 715   0.157854E-02   0.510672E-03   0.388347E-01   0.564792E-02   0.150000E-03
 716   0.144497E-02   0.303386E-03   0.397407E-01   0.453987E-02   0.250000E-03
 717   0.137922E-02   0.996116E-04   0.400788E-01   0.366822E-02   0.150000E-03
 718   0.150785E-02   0.558936E-05   0.421761E-01   0.391405E-02   0.250000E-03
 719   0.728604E-03  -0.423885E-03   0.448010E-01   0.547057E-02   0.200000E-03
 720   0.142578E-02   0.262180E-03   0.434102E-01   0.730548E-02   0.350000E-03
 721   0.331019E-03  -0.103235E-03   0.215273E-02   0.409588E-02   0.200000E-03
 722   0.302662E-03   0.145326E-03   0.202132E-02   0.517081E-02   0.300000E-03
 723   0.905540E-03   0.695599E-04   0.424963E-02   0.468494E-02   0.250000E-03
 724   0.862343E-04   0.120365E-04   0.601866E-02   0.492618E-02   0.400000E-03
 725   0.457231E-03   0.297823E-03   0.693222E-02   0.515557E-02   0.150000E-03
 726   0.353839E-03   0.337491E-03   0.653638E-02   0.553522E-02   0.400000E-03
 727   0.692951E-03   0.513199E-03   0.824376E-02   0.614009E-02   0.300000E-03
 728   0.865905E-03   0.683588E-03   0.936033E-02   0.641067E-02   0.250000E-03
 729   0.128256E-02  -0.203588E-03   0.971771E-02   0.683656E-02   0.300000E-03
 730   0.715323E-03  -0.320837E-03   0.123455E-01   0.564519E-02   0.250000E-03
 731   0.871042E-03  -0.350837E-04   0.122072E-01   0.624477E-02   0.350000E-03
 732   0.725606E-03  -0.187539E-04   0.130953E-01   0.665593E-02   0.250000E-03
 733   0.655515E-03  -0.461797E-03   0.149368E-01   0.688047E-02   0.250000E-03
 734   0.853104E-03   0.367955E-03   0.161891E-01   0.694419E-02   0.200000E-03
 735   0.120495E-02   0.743313E-04   0.175509E-01   0.731800E-02   0.350000E-03
 736   0.115992E-02   0.362540E-03   0.190545E-01   0.737403E-02   0.400000E-03
 737   0.215245E-02   0.247169E-03   0.197411E-01   0.724585E-02   0.300000E-03
 738   0.108927E-02  -0.127204E-03   0.214251E-01   0.706350E-02   0.400000E-03
 739   0.118328E-02   0.799450E-03   0.223730E-01   0.645117E-02   0.350000E-03
 740   0.147553E-02   0.939582E-03   0.236775E-01   0.622196E-02   0.350000E-03
 741   0.254888E-02   0.230600E-02   0.247665E-01   0.566999E-02   0.250000E-03
 742   0.225518E-02   0.604070E-03   0.263151E-01   0.534981E-02   0.250000E-03
 743   0.266605E-02   0.549863E-03   0.275561E-01   0.514991E-02   0.250000E-03
 744   0.281469E-02   0.137213E-03   0.288315E-01   0.520224E-02   0.200000E-03
 745   0.154828E-02   0.554854E-03   0.315672E-01   0.571847E-02   0.250000E-03
 746   0.188513E-02   0.108036E-02   0.328082E-01   0.561065E-02   0.350000E-03
 747   0.211481E-02   0.849175E-03   0.332663E-01   0.514983E-02   0.300000E-03
 748   0.193194E-02   0.332436E-04   0.356622E-01   0.486281E-02   0.350000E-03
 749   0.202670E-02   0.155999E-03   0.363142E-01   0.547653E-02   0.300000E-03
 750   0.166180E-02   0.468122E-03   0.385053E-01   0.587291E-02   0.250000E-03
 751   0.140592E-02   0.128417E-03   0.391623E-01   0.594945E-02   0.300000E-03
 752   0.112627E-02   0.466306E-03   0.401945E-01   0.424005E-02   0.300000E-03
 753   0.936217E-03   0.514499E-03   0.407486E-01   0.305830E-02   0.150000E-03
 754   0.151050E-02   0.353160E-04   0.418936E-01   0.419522E-02   0.150000E-03
 755   0.113815E-02   0.289365E-03   0.425387E-01   0.415850E-02   0.150000E-03
 756  -0.362690E-04   0.115968E-03   0.431115E-01   0.672833E-02   0.300000E-03
 757   0.250474E-03   0.660029E-04   0.184056E-02   0.454737E-02   0.350000E-03
 758   0.744912E-03   0.109287E-03   0.402208E-02   0.574537E-02   0.350000E-03
 759   0.754218E-03   0.221161E-03   0.390033E-02   0.510796E-02   0.300000E-03
 760   0.366072E-03  -0.413641E-05   0.473882E-02   0.563276E-02   0.300000E-03
 761  -0.166128E-04   0.120283E-03   0.541326E-02   0.544725E-02   0.400000E-03
 762   0.226791E-03   0.419185E-03   0.593654E-02   0.598203E-02   0.350000E-03
 763   0.391558E-03   0.422258E-03   0.690594E-02   0.624263E-02   0.400000E-03
 764   0.107655E-02   0.570197E-03   0.817369E-02   0.676952E-02   0.300000E-03
 765   0.122334E-02   0.172682E-03   0.115300E-01   0.642138E-02   0.350000E-03
 766   0.435911E-03  -0.407199E-03   0.117474E-01   0.578648E-02   0.300000E-03
 767   0.835908E-03  -0.434356E-04   0.126614E-01   0.654899E-02   0.200000E-03
 768   0.339082E-03   0.263218E-04   0.137172E-01   0.690780E-02   0.250000E-03
 769   0.513668E-03  -0.686086E-03   0.152363E-01   0.739903E-02   0.350000E-03
 770   0.640010E-03  -0.700828E-03   0.158197E-01   0.726280E-02   0.250000E-03
 771   0.135543E-02   0.163370E-03   0.165489E-01   0.682485E-02   0.100000E-03
 772   0.119513E-02   0.354943E-03   0.184120E-01   0.745998E-02   0.250000E-03
 773   0.150229E-02  -0.839620E-03   0.201027E-01   0.784440E-02   0.400000E-03
 774   0.676146E-03   0.955121E-04   0.208090E-01   0.748775E-02   0.350000E-03
 775   0.122543E-02   0.114854E-02   0.232092E-01   0.659375E-02   0.250000E-03
 776   0.248055E-02   0.942912E-03   0.248008E-01   0.611673E-02   0.200000E-03
 777   0.147307E-02   0.479094E-03   0.254934E-01   0.487283E-02   0.200000E-03
 778   0.147924E-02   0.897087E-03   0.259033E-01   0.552126E-02   0.200000E-03
 779   0.268233E-02   0.517758E-03   0.276075E-01   0.569537E-02   0.300000E-03
 780   0.229226E-02   0.259530E-03   0.293144E-01   0.580140E-02   0.350000E-03
 781   0.246536E-02   0.679415E-03   0.306819E-01   0.597217E-02   0.200000E-03
 782   0.177775E-02   0.801147E-03   0.321120E-01   0.579293E-02   0.300000E-03
 783   0.228958E-02   0.835265E-03   0.339035E-01   0.527562E-02   0.350000E-03
 784   0.205321E-02   0.874433E-03   0.344489E-01   0.521845E-02   0.200000E-03
 785   0.194306E-02   0.170783E-03   0.356735E-01   0.556183E-02   0.350000E-03
 786   0.162552E-02   0.577101E-03   0.375850E-01   0.618987E-02   0.250000E-03
 787   0.156091E-02   0.727481E-04   0.397248E-01   0.615138E-02   0.300000E-03
 788   0.139524E-02   0.245331E-03   0.396388E-01   0.550507E-02   0.350000E-03
 789   0.101436E-02   0.666265E-03   0.405692E-01   0.377552E-02   0.300000E-03
 790   0.801111E-03   0.134771E-03   0.414606E-01   0.430591E-02   0.300000E-03
 791   0.101008E-02  -0.336753E-03   0.431251E-01   0.436162E-02   0.350000E-03
 792   0.954552E-03   0.455341E-03   0.438877E-01   0.518551E-02   0.150000E-03
 793   0.268155E-03   0.983279E-04   0.284413E-02   0.554400E-02   0.150000E-03
 794   0.768949E-03  -0.754529E-03   0.242422E-02   0.551472E-02   0.150000E-03
 795   0.703393E-03   0.265830E-03   0.435652E-02   0.531121E-02   0.200000E-03
 796  -0.203535E-04   0.342321E-03   0.265311E-02   0.653764E-02   0.300000E-03
 797   0.327010E-03  -0.332652E-03   0.451399E-02   0.631009E-02   0.400000E-03
 798   0.691003E-04  -0.247208E-03   0.518333E-02   0.610674E-02   0.300000E-03
 799   0.430518E-03   0.597832E-03   0.752967E-02   0.668320E-02   0.350000E-03
 800   0.826309E-03   0.301333E-03   0.883924E-02   0.710980E-02   0.250000E-03
 801   0.716922E-03   0.241932E-03   0.107939E-01   0.677862E-02   0.250000E-03
 802   0.109185E-02   0.372860E-03   0.112609E-01   0.695719E-02   0.250000E-03
 803   0.910001E-03  -0.539596E-04   0.119889E-01   0.680309E-02   0.250000E-03
 804   0.610427E-03  -0.150055E-03   0.132428E-01   0.718503E-02   0.300000E-03
 805   0.450299E-03   0.150621E-03   0.140758E-01   0.732423E-02   0.300000E-03
 806   0.494267E-03  -0.213700E-03   0.157141E-01   0.769952E-02   0.200000E-03
 807   0.746268E-03  -0.596048E-03   0.179795E-01   0.773715E-02   0.250000E-03
 808   0.119327E-02   0.386687E-04   0.190759E-01   0.822218E-02   0.450000E-03
 809   0.911959E-03   0.220590E-03   0.213920E-01   0.777183E-02   0.300000E-03
 810   0.155771E-02  -0.159225E-03   0.221239E-01   0.704813E-02   0.300000E-03
 811   0.140678E-02  -0.917946E-04   0.237016E-01   0.687000E-02   0.300000E-03
 812   0.218675E-02   0.103176E-02   0.243250E-01   0.626496E-02   0.300000E-03
 813   0.125624E-02   0.914815E-03   0.253584E-01   0.557730E-02   0.350000E-03
 814   0.269993E-02   0.146576E-02   0.271085E-01   0.566245E-02   0.200000E-03
 815   0.198379E-02   0.303514E-03   0.285709E-01   0.589000E-02   0.400000E-03
 816   0.237834E-02   0.795273E-03   0.312251E-01   0.601216E-02   0.200000E-03
 817   0.175485E-02  -0.650371E-04   0.302341E-01   0.625408E-02   0.300000E-03
 818   0.183324E-02   0.118328E-02   0.325488E-01   0.620437E-02   0.300000E-03
 819   0.192146E-02   0.882025E-03   0.334455E-01   0.573535E-02   0.300000E-03
 820   0.192671E-02   0.542845E-03   0.347020E-01   0.564572E-02   0.300000E-03
 821   0.203071E-02   0.265885E-03   0.361960E-01   0.606328E-02   0.300000E-03
 822   0.182731E-02   0.445618E-03   0.378212E-01   0.691781E-02   0.300000E-03
 823   0.922741E-03   0.622375E-03   0.387550E-01   0.631773E-02   0.250000E-03
 824   0.131653E-02   0.100251E-03   0.408199E-01   0.557672E-02   0.350000E-03
 825   0.128011E-02   0.142741E-03   0.402621E-01   0.500517E-02   0.450000E-03
 826   0.109995E-02   0.384438E-03   0.408155E-01   0.442977E-02   0.350000E-03
 827   0.146853E-02  -0.308324E-05   0.422302E-01   0.441073E-02   0.250000E-03
 828   0.153799E-02   0.321530E-03   0.402873E-01   0.693997E-02   0.350000E-03
 829   0.191173E-03   0.221886E-03   0.262984E-02   0.593837E-02   0.300000E-03
 830  -0.276305E-03  -0.247080E-03   0.299497E-03   0.527873E-02   0.300000E-03
 831  -0.236728E-03  -0.290172E-03   0.314219E-03   0.577812E-02   0.200000E-03
 832   0.248274E-03   0.207108E-03   0.310107E-02   0.622119E-02   0.250000E-03
 833   0.360901E-03   0.648777E-03   0.329334E-02   0.673516E-02   0.300000E-03
 834   0.247309E-03  -0.390789E-03   0.509416E-02   0.669975E-02   0.300000E-03
 835   0.576990E-03   0.329568E-03   0.577168E-02   0.686644E-02   0.300000E-03
 836   0.409289E-03   0.372895E-03   0.760415E-02   0.737691E-02   0.350000E-03
 837   0.721733E-03   0.426013E-03   0.107953E-01   0.633078E-02   0.200000E-03
 838   0.780599E-03   0.162242E-03   0.117399E-01   0.734856E-02   0.350000E-03
 839   0.874264E-03  -0.117414E-03   0.125454E-01   0.713657E-02   0.400000E-03
 840   0.393672E-03  -0.347092E-03   0.141398E-01   0.792038E-02   0.300000E-03
 841  -0.110695E-04  -0.262433E-03   0.147282E-01   0.780409E-02   0.300000E-03
 842   0.105547E-02   0.154284E-03   0.169923E-01   0.764721E-02   0.300000E-03
 843   0.118893E-02  -0.367839E-03   0.184279E-01   0.795775E-02   0.250000E-03
 844   0.987984E-03   0.164950E-03   0.197846E-01   0.846755E-02   0.300000E-03
 845   0.634555E-03   0.268569E-04   0.207706E-01   0.818499E-02   0.350000E-03
 846   0.151490E-02  -0.375889E-04   0.218929E-01   0.754640E-02   0.250000E-03
 847   0.130112E-02  -0.219855E-04   0.231679E-01   0.714142E-02   0.300000E-03
 848   0.211887E-02   0.320425E-04   0.243951E-01   0.695999E-02   0.400000E-03
 849   0.139129E-02   0.523617E-03   0.253268E-01   0.627533E-02   0.350000E-03
 850   0.191575E-02   0.156728E-02   0.266620E-01   0.563777E-02   0.200000E-03
 851   0.220728E-02   0.623938E-03   0.265117E-01   0.611092E-02   0.300000E-03
 852   0.245797E-02   0.766011E-03   0.298776E-01   0.582988E-02   0.150000E-03
 853   0.228719E-02   0.705038E-03   0.316742E-01   0.632413E-02   0.350000E-03
 854   0.169179E-02   0.572496E-03   0.327551E-01   0.681983E-02   0.350000E-03
 855   0.181052E-02   0.106346E-02   0.331467E-01   0.625502E-02   0.300000E-03
 856   0.218255E-02   0.394544E-03   0.341010E-01   0.599760E-02   0.400000E-03
 857   0.201408E-02   0.645613E-03   0.351937E-01   0.606714E-02   0.350000E-03
 858   0.189097E-02   0.554679E-03   0.365508E-01   0.654594E-02   0.300000E-03
 859   0.137510E-02   0.223568E-03   0.392875E-01   0.648411E-02   0.250000E-03
 860   0.120004E-02   0.174921E-03   0.402137E-01   0.580415E-02   0.300000E-03
 861   0.123015E-02   0.648712E-04   0.415167E-01   0.558831E-02   0.350000E-03
 862   0.114042E-02   0.557449E-03   0.409932E-01   0.500244E-02   0.250000E-03
 863   0.118121E-02   0.597462E-03   0.432894E-01   0.514333E-02   0.450000E-03
 864   0.602574E-03  -0.894138E-04   0.445514E-01   0.606948E-02   0.450000E-03
 865   0.441878E-04   0.813403E-04   0.137391E-02   0.512778E-02   0.350000E-03
 866   0.160299E-03   0.292603E-03   0.171029E-02   0.555999E-02   0.200000E-03
 867  -0.393987E-03   0.238199E-03   0.203228E-02   0.635111E-02   0.350000E-03
 868   0.554169E-03   0.475746E-03   0.372998E-02   0.632498E-02   0.300000E-03
 869   0.264613E-03   0.107143E-03   0.338552E-02   0.727501E-02   0.250000E-03
 870   0.288991E-03   0.501412E-03   0.627288E-02   0.653732E-02   0.300000E-03
 871   0.381572E-03   0.580574E-03   0.693430E-02   0.694134E-02   0.300000E-03
 872   0.865876E-03   0.619152E-03   0.921648E-02   0.683580E-02   0.200000E-03
 873   0.643036E-03   0.344409E-03   0.102918E-01   0.703970E-02   0.300000E-03
 874   0.706119E-03  -0.250181E-03   0.116913E-01   0.800829E-02   0.300000E-03
 875   0.720037E-03   0.111159E-03   0.122394E-01   0.776408E-02   0.300000E-03
 876   0.661212E-03  -0.171688E-04   0.135898E-01   0.767192E-02   0.300000E-03
 877  -0.302408E-04  -0.305037E-03   0.147146E-01   0.840350E-02   0.300000E-03
 878   0.123375E-02  -0.451894E-03   0.163539E-01   0.753181E-02   0.350000E-03
 879   0.121457E-02   0.109289E-03   0.174762E-01   0.791162E-02   0.250000E-03
 880   0.106668E-02  -0.285899E-03   0.177276E-01   0.840008E-02   0.300000E-03
 881   0.701703E-03   0.443237E-04   0.218647E-01   0.814078E-02   0.300000E-03
 882   0.154430E-02  -0.169935E-03   0.226316E-01   0.725506E-02   0.250000E-03
 883   0.175393E-02   0.846215E-03   0.228184E-01   0.667650E-02   0.150000E-03
 884   0.145762E-02   0.207823E-03   0.238726E-01   0.749676E-02   0.350000E-03
 885   0.140914E-02   0.752644E-03   0.257564E-01   0.740175E-02   0.400000E-03
 886   0.150698E-02   0.473360E-03   0.259208E-01   0.601835E-02   0.300000E-03
 887   0.192466E-02   0.525807E-03   0.282968E-01   0.658520E-02   0.350000E-03
 888   0.212943E-02  -0.232726E-03   0.295515E-01   0.656326E-02   0.450000E-03
 889   0.245464E-02   0.663286E-03   0.309106E-01   0.657968E-02   0.450000E-03
 890   0.246402E-02   0.857696E-03   0.321924E-01   0.662182E-02   0.250000E-03
 891   0.244126E-02   0.884155E-04   0.337048E-01   0.663183E-02   0.350000E-03
 892   0.196976E-02   0.636252E-03   0.346484E-01   0.658019E-02   0.400000E-03
 893   0.203852E-02   0.703145E-03   0.357262E-01   0.643535E-02   0.300000E-03
 894   0.149969E-02   0.312239E-03   0.385815E-01   0.678587E-02   0.250000E-03
 895   0.137011E-02   0.256415E-03   0.390893E-01   0.699645E-02   0.300000E-03
 896   0.132265E-02  -0.745468E-04   0.419227E-01   0.696514E-02   0.300000E-03
 897   0.824669E-03   0.246921E-03   0.424735E-01   0.662050E-02   0.350000E-03
 898   0.902221E-03  -0.285462E-03   0.426340E-01   0.460661E-02   0.200000E-03
 899   0.113852E-02   0.648995E-03   0.424939E-01   0.520226E-02   0.350000E-03
 900   0.462200E-03  -0.152948E-03   0.438294E-01   0.572832E-02   0.350000E-03
 901   0.170523E-04   0.366774E-03   0.129243E-02   0.571949E-02   0.250000E-03
 902   0.167763E-03   0.239974E-03   0.310168E-02   0.768616E-02   0.250000E-03
 903  -0.334077E-03   0.255492E-04   0.211101E-02   0.575783E-02   0.250000E-03
 904  -0.757475E-04   0.119316E-03   0.279519E-02   0.717048E-02   0.350000E-03
 905   0.226562E-03  -0.249094E-03   0.403352E-02   0.701063E-02   0.450000E-03
 906   0.724701E-03   0.359454E-03   0.589315E-02   0.740658E-02   0.250000E-03
 907   0.487712E-03   0.895956E-04   0.558488E-02   0.640345E-02   0.200000E-03
 908   0.829523E-03   0.302713E-03   0.886463E-02   0.765846E-02   0.300000E-03
 909   0.781766E-03   0.342317E-03   0.935589E-02   0.731467E-02   0.300000E-03
 910   0.791363E-03  -0.578318E-04   0.101013E-01   0.807497E-02   0.300000E-03
 911   0.728716E-03   0.227004E-03   0.112460E-01   0.768687E-02   0.250000E-03
 912   0.164168E-03  -0.193290E-03   0.151923E-01   0.867587E-02   0.250000E-03
 913   0.534740E-03  -0.512629E-03   0.153292E-01   0.809203E-02   0.350000E-03
 914   0.119793E-02  -0.351733E-03   0.161044E-01   0.829044E-02   0.450000E-03
 915   0.105026E-02   0.229596E-03   0.169937E-01   0.834693E-02   0.400000E-03
 916   0.155633E-03   0.553012E-03   0.203520E-01   0.868027E-02   0.300000E-03
 917   0.929842E-03  -0.265042E-03   0.199395E-01   0.911439E-02   0.300000E-03
 918   0.164493E-02  -0.477144E-03   0.224287E-01   0.781852E-02   0.350000E-03
 919   0.191409E-02  -0.488795E-03   0.231278E-01   0.778966E-02   0.350000E-03
 920   0.192018E-02   0.275042E-03   0.247390E-01   0.646060E-02   0.150000E-03
 921   0.110076E-02   0.244778E-03   0.233018E-01   0.853365E-02   0.350000E-03
 922   0.150638E-02   0.376865E-03   0.259063E-01   0.666710E-02   0.350000E-03
 923   0.271637E-02   0.792640E-03   0.276416E-01   0.634305E-02   0.350000E-03
 924   0.210749E-02   0.596174E-03   0.288662E-01   0.714644E-02   0.450000E-03
 925   0.273515E-02   0.396102E-03   0.310807E-01   0.736096E-02   0.350000E-03
 926   0.232785E-02   0.671633E-05   0.315978E-01   0.696737E-02   0.300000E-03
 927   0.109172E-02   0.698070E-03   0.336220E-01   0.718306E-02   0.200000E-03
 928   0.238840E-02   0.121052E-02   0.341551E-01   0.649401E-02   0.100000E-03
 929   0.186060E-02   0.261481E-03   0.372101E-01   0.669660E-02   0.350000E-03
 930   0.182708E-02   0.277349E-03   0.412206E-01   0.664760E-02   0.300000E-03
 931   0.980682E-03   0.426132E-03   0.411899E-01   0.608735E-02   0.250000E-03
 932   0.157543E-02   0.335049E-03   0.397378E-01   0.670044E-02   0.250000E-03
 933   0.143390E-02   0.550647E-03   0.418117E-01   0.627438E-02   0.400000E-03
 934   0.127543E-02   0.133922E-04   0.412658E-01   0.471050E-02   0.150000E-03
 935   0.106302E-02   0.529704E-03   0.418090E-01   0.490439E-02   0.400000E-03
 936   0.528847E-03  -0.220478E-03   0.433688E-01   0.618636E-02   0.300000E-03
 937  -0.665680E-04  -0.191667E-03   0.102804E-02   0.724080E-02   0.350000E-03
 938   0.177359E-03   0.285001E-03   0.298333E-03   0.627804E-02   0.300000E-03
 939   0.387294E-03   0.296343E-03   0.374172E-02   0.775553E-02   0.350000E-03
 940   0.274262E-03   0.208914E-03   0.791967E-03   0.593963E-02   0.300000E-03
 941  -0.172529E-03  -0.141503E-03   0.166066E-02   0.694303E-02   0.350000E-03
 942   0.497106E-03   0.288228E-03   0.459098E-02   0.777952E-02   0.500000E-03
 943   0.476020E-03   0.317283E-03   0.530185E-02   0.731510E-02   0.350000E-03
 944   0.310972E-03   0.561062E-03   0.636551E-02   0.712889E-02   0.300000E-03
 945   0.725045E-03   0.270388E-03   0.108321E-01   0.732593E-02   0.300000E-03
 946   0.576647E-03   0.231481E-03   0.984863E-02   0.755735E-02   0.250000E-03
 947   0.475851E-03   0.591094E-05   0.129368E-01   0.803882E-02   0.450000E-03
 948   0.572046E-03  -0.213517E-03   0.125444E-01   0.861771E-02   0.250000E-03
 949   0.866916E-03   0.146379E-03   0.156881E-01   0.891334E-02   0.300000E-03
 950   0.429828E-03  -0.421666E-03   0.139878E-01   0.860337E-02   0.400000E-03
 951   0.107362E-02  -0.514225E-03   0.165535E-01   0.889057E-02   0.300000E-03
 952   0.117489E-02  -0.336135E-03   0.182764E-01   0.843253E-02   0.250000E-03
 953   0.793832E-03   0.500470E-03   0.209811E-01   0.874642E-02   0.250000E-03
 954   0.908292E-03   0.233606E-03   0.224635E-01   0.867073E-02   0.500000E-03
 955   0.173604E-02  -0.576197E-03   0.236646E-01   0.805729E-02   0.250000E-03
 956   0.221509E-02  -0.726651E-03   0.251182E-01   0.727813E-02   0.250000E-03
 957   0.270162E-02   0.108250E-02   0.268303E-01   0.766654E-02   0.350000E-03
 958   0.237629E-02   0.505598E-03   0.264869E-01   0.705719E-02   0.350000E-03
 959   0.247653E-02   0.879495E-03   0.269778E-01   0.655899E-02   0.350000E-03
 960   0.177668E-02   0.105886E-02   0.302471E-01   0.680264E-02   0.250000E-03
 961   0.203315E-02  -0.491378E-03   0.321151E-01   0.797798E-02   0.400000E-03
 962   0.237458E-02   0.275153E-03   0.316608E-01   0.751294E-02   0.250000E-03
 963   0.181395E-02   0.616505E-03   0.332804E-01   0.697573E-02   0.200000E-03
 964   0.205385E-02   0.684688E-03   0.352938E-01   0.685011E-02   0.300000E-03
 965   0.226455E-02   0.103823E-02   0.360912E-01   0.684608E-02   0.250000E-03
 966   0.178169E-02   0.749583E-03   0.366852E-01   0.723198E-02   0.400000E-03
 967   0.162670E-02   0.134486E-03   0.406482E-01   0.634107E-02   0.350000E-03
 968   0.120671E-02   0.270189E-04   0.401600E-01   0.625061E-02   0.150000E-03
 969   0.179424E-02   0.102338E-02   0.447510E-01   0.714664E-02   0.250000E-03
 970   0.508561E-03   0.130250E-03   0.442556E-01   0.681066E-02   0.350000E-03
 971   0.889502E-03  -0.729828E-04   0.427247E-01   0.591411E-02   0.400000E-03
 972   0.381212E-03   0.148656E-03   0.436591E-01   0.675946E-02   0.250000E-03
 973   0.303829E-03  -0.124656E-03   0.836572E-03   0.539157E-02   0.250000E-03
 974   0.432327E-03   0.348758E-03   0.403280E-02   0.827974E-02   0.250000E-03
 975  -0.141845E-04   0.256240E-03   0.133401E-02   0.631660E-02   0.350000E-03
 976   0.898603E-04   0.194646E-03   0.772600E-03   0.664333E-02   0.300000E-03
 977   0.360693E-03   0.447007E-03   0.736532E-02   0.792640E-02   0.250000E-03
 978   0.364015E-03   0.331283E-03   0.697486E-02   0.753935E-02   0.300000E-03
 979   0.287142E-03   0.343786E-03   0.644145E-02   0.767261E-02   0.250000E-03
 980   0.479253E-03   0.404792E-03   0.819027E-02   0.784336E-02   0.400000E-03
 981   0.640415E-03   0.239971E-03   0.103473E-01   0.758442E-02   0.250000E-03
 982   0.508182E-03  -0.540623E-04   0.936503E-02   0.821649E-02   0.450000E-03
 983   0.758233E-03  -0.993228E-04   0.121530E-01   0.830672E-02   0.250000E-03
 984   0.682013E-03   0.255324E-03   0.107519E-01   0.802667E-02   0.350000E-03
 985   0.637636E-03  -0.207065E-03   0.135733E-01   0.817028E-02   0.200000E-03
 986   0.115197E-02  -0.480042E-03   0.189496E-01   0.947622E-02   0.300000E-03
 987   0.128005E-02  -0.215155E-03   0.186510E-01   0.889957E-02   0.350000E-03
 988   0.954266E-03  -0.450073E-03   0.193762E-01   0.890724E-02   0.300000E-03
 989   0.105277E-02   0.125470E-03   0.194986E-01   0.944275E-02   0.250000E-03
 990   0.712292E-03   0.365047E-04   0.213507E-01   0.833359E-02   0.250000E-03
 991   0.259768E-02  -0.116960E-02   0.242551E-01   0.816349E-02   0.350000E-03
 992   0.256695E-02  -0.144559E-03   0.246156E-01   0.762312E-02   0.300000E-03
 993   0.170020E-02   0.145835E-03   0.250200E-01   0.678805E-02   0.250000E-03
 994   0.242078E-02   0.794803E-03   0.271200E-01   0.714125E-02   0.250000E-03
 995   0.159430E-02   0.824120E-03   0.277690E-01   0.711704E-02   0.400000E-03
 996   0.151291E-02   0.320096E-03   0.304331E-01   0.731898E-02   0.300000E-03
 997   0.267525E-02   0.657312E-03   0.299050E-01   0.716705E-02   0.250000E-03
 998   0.205554E-02  -0.722103E-03   0.321909E-01   0.723235E-02   0.350000E-03
 999   0.174089E-02   0.732240E-03   0.330339E-01   0.735081E-02   0.250000E-03
1000   0.198844E-02   0.658164E-03   0.341709E-01   0.715599E-02   0.350000E-03
