   1  -0.653429E-03   0.257206E-03   0.112726E-01   0.849527E-02   0.350000E-03
   2   0.326864E-02   0.326537E-03   0.154789E-03   0.150027E-03   0.150000E-03
   3   0.103113E-02   0.862951E-03   0.453068E-02   0.447441E-03   0.450000E-03
   4   0.233106E-02  -0.114054E-02   0.569134E-02   0.567682E-03   0.200000E-03
   5  -0.425194E-02  -0.136124E-02   0.571296E-02   0.100020E-03   0.100000E-03
   6   0.584068E-03   0.164595E-02   0.743640E-02   0.249402E-03   0.250000E-03
   7   0.745947E-03   0.836049E-03   0.806851E-02   0.398618E-03   0.400000E-03
   8   0.123814E-02   0.363984E-04   0.884002E-02   0.347608E-03   0.350000E-03
   9  -0.102886E-02  -0.279874E-03   0.928250E-02   0.575768E-03   0.150000E-03
  10  -0.148124E-02   0.531262E-03   0.117869E-01   0.296605E-03   0.300000E-03
  11  -0.280655E-03   0.699843E-03   0.130294E-01   0.349783E-03   0.350000E-03
  12   0.585394E-03  -0.200240E-03   0.147638E-01   0.194480E-03   0.200000E-03
  13   0.928153E-03   0.438886E-03   0.168981E-01   0.343598E-03   0.350000E-03
  14  -0.545118E-03  -0.157491E-03   0.175963E-01   0.348539E-03   0.350000E-03
  15  -0.417768E-03  -0.457392E-03   0.188161E-01   0.399092E-03   0.400000E-03
  16   0.128151E-03  -0.991736E-03   0.195628E-01   0.347810E-03   0.350000E-03
  17  -0.123943E-02  -0.581856E-03   0.204783E-01   0.338570E-03   0.350000E-03
  18  -0.132574E-02  -0.550790E-03   0.219307E-01   0.349172E-03   0.350000E-03
  19  -0.212366E-02  -0.280507E-03   0.225198E-01   0.240336E-03   0.250000E-03
  20  -0.151909E-02   0.157722E-03   0.230194E-01   0.249042E-03   0.250000E-03
  21  -0.881095E-03  -0.484234E-03   0.244778E-01   0.249865E-03   0.250000E-03
  22  -0.116424E-03   0.156015E-03   0.257273E-01   0.200020E-03   0.200000E-03
  23  -0.799260E-02   0.878941E-03   0.267645E-01   0.100097E-03   0.100000E-03
  24   0.940858E-03  -0.163198E-02   0.282583E-01   0.395956E-03   0.400000E-03
  25  -0.117436E-02   0.157629E-02   0.297864E-01   0.397766E-03   0.400000E-03
  26  -0.378943E-03   0.158609E-02   0.305331E-01   0.340272E-03   0.350000E-03
  27   0.465026E-04   0.108472E-02   0.318760E-01   0.298000E-03   0.300000E-03
  28  -0.181868E-02   0.308138E-02   0.333534E-01   0.300077E-03   0.300000E-03
  29  -0.135083E-02   0.102269E-02   0.355574E-01   0.447245E-03   0.450000E-03
  30  -0.266400E-02   0.297693E-03   0.374047E-01   0.346523E-03   0.350000E-03
  31  -0.128768E-02  -0.347384E-03   0.379964E-01   0.248956E-03   0.250000E-03
  32  -0.123461E-02   0.213186E-03   0.401281E-01   0.197392E-03   0.200000E-03
  33   0.211227E-03   0.161357E-02   0.410176E-01   0.194659E-03   0.200000E-03
  34   0.210379E-02  -0.251834E-02   0.446062E-01   0.881624E-03   0.400000E-03
  35   0.309849E-03  -0.315273E-02   0.446515E-01   0.192477E-02   0.350000E-03
  36  -0.390067E-03  -0.133084E-02   0.863764E-02   0.837774E-02   0.300000E-03
  37   0.136863E-02   0.551910E-03   0.248357E-03   0.183107E-02   0.250000E-03
  38   0.958247E-03   0.374345E-02   0.759193E-03   0.761030E-03   0.300000E-03
  39  -0.872813E-03   0.140451E-02   0.260157E-02   0.396471E-03   0.400000E-03
  40  -0.258153E-03   0.407331E-03   0.611095E-02   0.299327E-03   0.300000E-03
  41   0.115412E-02  -0.569678E-03   0.680346E-02   0.394457E-03   0.400000E-03
  42  -0.321750E-03   0.148379E-03   0.723401E-02   0.100395E-02   0.350000E-03
  43   0.738060E-03   0.156845E-02   0.853573E-02   0.916971E-03   0.300000E-03
  44  -0.155584E-02  -0.186875E-03   0.935171E-02   0.968589E-03   0.250000E-03
  45  -0.107197E-02   0.165724E-03   0.992538E-02   0.491686E-03   0.500000E-03
  46  -0.269203E-03  -0.727130E-04   0.108581E-01   0.299964E-03   0.300000E-03
  47   0.571322E-03   0.232714E-03   0.151460E-01   0.149984E-03   0.150000E-03
  48  -0.159307E-02  -0.248338E-03   0.157932E-01   0.447508E-03   0.450000E-03
  49  -0.585186E-03  -0.744089E-04   0.164627E-01   0.879484E-03   0.350000E-03
  50  -0.270951E-04  -0.101480E-03   0.181859E-01   0.247349E-03   0.250000E-03
  51  -0.133918E-03  -0.344796E-03   0.192886E-01   0.877384E-03   0.250000E-03
  52  -0.415973E-03  -0.613301E-03   0.200185E-01   0.148075E-03   0.150000E-03
  53  -0.136701E-02   0.205075E-03   0.204859E-01   0.100246E-02   0.200000E-03
  54  -0.867583E-03  -0.738067E-03   0.211497E-01   0.298599E-03   0.300000E-03
  55   0.301744E-03   0.207420E-03   0.233996E-01   0.998908E-04   0.100000E-03
  56  -0.105200E-03  -0.450068E-03   0.238447E-01   0.395919E-03   0.400000E-03
  57  -0.181671E-02   0.135640E-02   0.245159E-01   0.923052E-03   0.400000E-03
  58   0.435977E-03  -0.894402E-04   0.251111E-01   0.394846E-03   0.400000E-03
  59  -0.239868E-02   0.110003E-02   0.270682E-01   0.200228E-03   0.200000E-03
  60  -0.627060E-03  -0.121177E-02   0.275656E-01   0.298477E-03   0.300000E-03
  61  -0.355792E-03   0.186122E-02   0.290945E-01   0.297664E-03   0.300000E-03
  62  -0.103685E-03   0.104781E-02   0.312307E-01   0.346712E-03   0.350000E-03
  63  -0.166677E-02   0.272729E-02   0.328672E-01   0.196689E-03   0.200000E-03
  64   0.128115E-03   0.175603E-02   0.347661E-01   0.346029E-03   0.350000E-03
  65  -0.205450E-03   0.104212E-02   0.363357E-01   0.619217E-03   0.350000E-03
  66  -0.646322E-03   0.500442E-04   0.364334E-01   0.139245E-03   0.150000E-03
  67  -0.194075E-02   0.111279E-02   0.391430E-01   0.299236E-03   0.300000E-03
  68  -0.186725E-03   0.644717E-03   0.423068E-01   0.223738E-03   0.200000E-03
  69  -0.474023E-04  -0.311194E-02   0.438640E-01   0.821702E-03   0.350000E-03
  70  -0.100966E-02  -0.756487E-03   0.424139E-01   0.721989E-02   0.250000E-03
  71  -0.844936E-03  -0.781683E-03   0.447018E-01   0.498363E-02   0.300000E-03
  72  -0.210875E-03   0.124141E-01   0.447502E-01   0.248864E-03   0.250000E-03
  73  -0.592979E-03  -0.892436E-03   0.258536E-02   0.798476E-02   0.350000E-03
  74   0.171319E-02   0.313304E-02   0.112858E-02   0.294685E-03   0.300000E-03
  75   0.431748E-02   0.713688E-03   0.386024E-02   0.249585E-03   0.250000E-03
  76   0.307797E-02   0.233766E-02   0.517320E-02   0.920598E-03   0.350000E-03
  77   0.128138E-03   0.104612E-02   0.640675E-02   0.835717E-03   0.200000E-03
  78   0.419936E-03   0.634690E-03   0.660321E-02   0.134820E-02   0.350000E-03
  79   0.619714E-03   0.847062E-04   0.792135E-02   0.113323E-02   0.350000E-03
  80   0.613722E-03  -0.116404E-02   0.902946E-02   0.134477E-02   0.250000E-03
  81  -0.825973E-03   0.100968E-03   0.106534E-01   0.916842E-03   0.350000E-03
  82  -0.101397E-02  -0.511669E-03   0.132759E-01   0.982140E-03   0.300000E-03
  83   0.105445E-02   0.470051E-03   0.137279E-01   0.345116E-03   0.350000E-03
  84   0.128729E-02   0.137248E-03   0.143181E-01   0.244486E-03   0.250000E-03
  85  -0.772721E-03  -0.118435E-02   0.153958E-01   0.101979E-02   0.250000E-03
  86   0.169034E-03  -0.442173E-03   0.172402E-01   0.106357E-02   0.450000E-03
  87  -0.586142E-03  -0.304351E-04   0.188205E-01   0.104776E-02   0.250000E-03
  88   0.803482E-04  -0.110588E-02   0.200288E-01   0.799953E-03   0.300000E-03
  89  -0.190844E-03  -0.282402E-03   0.202819E-01   0.160519E-02   0.400000E-03
  90  -0.101097E-02  -0.578951E-03   0.214629E-01   0.866184E-03   0.350000E-03
  91  -0.126877E-02   0.609249E-03   0.225905E-01   0.725831E-03   0.250000E-03
  92  -0.125628E-02   0.381620E-03   0.231788E-01   0.826506E-03   0.350000E-03
  93  -0.101143E-02   0.452897E-03   0.238020E-01   0.114058E-02   0.350000E-03
  94   0.851666E-03   0.140966E-02   0.252343E-01   0.113126E-02   0.350000E-03
  95  -0.100884E-02   0.398954E-03   0.273190E-01   0.898079E-03   0.350000E-03
  96   0.393267E-03   0.786629E-03   0.280223E-01   0.115758E-02   0.400000E-03
  97   0.800690E-03  -0.149073E-02   0.294823E-01   0.968500E-03   0.250000E-03
  98  -0.149974E-03   0.166281E-02   0.302799E-01   0.108826E-02   0.450000E-03
  99   0.173087E-02   0.214156E-02   0.324207E-01   0.245941E-03   0.250000E-03
 100  -0.199059E-03  -0.682325E-03   0.327421E-01   0.622934E-03   0.250000E-03
 101  -0.527708E-04  -0.588022E-04   0.349741E-01   0.106316E-02   0.400000E-03
 102  -0.385665E-03   0.178405E-03   0.368136E-01   0.256791E-03   0.250000E-03
 103  -0.214496E-02   0.627091E-03   0.376479E-01   0.890507E-03   0.250000E-03
 104  -0.176021E-02   0.144818E-02   0.385448E-01   0.295768E-03   0.300000E-03
 105  -0.877114E-03   0.120261E-02   0.405731E-01   0.245219E-03   0.250000E-03
 106  -0.110521E-02   0.638943E-03   0.431924E-01   0.298376E-03   0.300000E-03
 107  -0.862114E-03  -0.240147E-03   0.440856E-01   0.749226E-02   0.350000E-03
 108  -0.131174E-02   0.777086E-03   0.349051E-01   0.748796E-02   0.450000E-03
 109   0.201539E-02   0.433461E-02   0.240391E-03   0.606070E-03   0.250000E-03
 110   0.120815E-02   0.558145E-02   0.581195E-03   0.244139E-03   0.250000E-03
 111  -0.460316E-02   0.157339E-02   0.180657E-02   0.440035E-03   0.400000E-03
 112   0.141144E-02   0.331105E-02   0.313629E-02   0.917644E-03   0.350000E-03
 113   0.411649E-03   0.149932E-02   0.588776E-02   0.113103E-02   0.400000E-03
 114   0.374421E-03   0.139725E-03   0.710652E-02   0.155730E-02   0.200000E-03
 115   0.309984E-03  -0.123617E-02   0.847459E-02   0.155875E-02   0.350000E-03
 116  -0.112951E-02  -0.745778E-03   0.982975E-02   0.133106E-02   0.350000E-03
 117  -0.468362E-03  -0.895988E-03   0.113306E-01   0.746305E-03   0.350000E-03
 118  -0.108660E-03   0.247454E-03   0.123836E-01   0.288826E-03   0.300000E-03
 119   0.112473E-02  -0.811085E-03   0.142515E-01   0.785178E-03   0.300000E-03
 120   0.101006E-03  -0.822528E-03   0.150582E-01   0.591373E-03   0.300000E-03
 121  -0.898769E-03   0.284660E-04   0.166769E-01   0.138332E-02   0.200000E-03
 122  -0.338188E-03  -0.233287E-03   0.181296E-01   0.943203E-03   0.450000E-03
 123  -0.215662E-03  -0.265307E-03   0.185685E-01   0.141634E-02   0.200000E-03
 124  -0.718780E-03  -0.799143E-03   0.196669E-01   0.127483E-02   0.300000E-03
 125  -0.861848E-03  -0.152555E-03   0.208736E-01   0.773421E-03   0.250000E-03
 126  -0.793575E-03   0.237287E-03   0.209166E-01   0.131717E-02   0.300000E-03
 127  -0.160829E-02   0.370494E-03   0.227128E-01   0.120420E-02   0.250000E-03
 128  -0.815615E-03   0.572116E-03   0.230669E-01   0.161873E-02   0.300000E-03
 129  -0.122376E-02   0.375842E-03   0.236098E-01   0.169626E-02   0.250000E-03
 130   0.161469E-02   0.948558E-03   0.257311E-01   0.714376E-03   0.300000E-03
 131   0.853039E-03   0.110560E-02   0.263508E-01   0.393955E-03   0.400000E-03
 132  -0.401878E-03   0.959090E-03   0.275226E-01   0.148638E-02   0.200000E-03
 133   0.116415E-02  -0.157081E-02   0.288336E-01   0.944750E-03   0.400000E-03
 134  -0.605764E-03   0.485965E-03   0.311604E-01   0.108971E-02   0.400000E-03
 135  -0.300477E-03   0.660499E-03   0.320073E-01   0.103413E-02   0.450000E-03
 136  -0.289129E-02   0.245475E-02   0.340311E-01   0.457762E-03   0.400000E-03
 137  -0.205063E-04  -0.205618E-02   0.372322E-01   0.762032E-03   0.100000E-03
 138  -0.147652E-02  -0.417467E-03   0.374108E-01   0.132442E-02   0.250000E-03
 139  -0.832784E-03   0.190524E-03   0.381811E-01   0.765883E-03   0.300000E-03
 140  -0.140489E-02   0.787297E-03   0.396874E-01   0.263481E-03   0.250000E-03
 141  -0.143956E-02   0.138398E-02   0.414638E-01   0.248475E-03   0.250000E-03
 142   0.152419E-02   0.970071E-03   0.419092E-01   0.197678E-03   0.200000E-03
 143  -0.815300E-03  -0.258331E-03   0.439006E-01   0.632634E-02   0.250000E-03
 144  -0.592422E-03   0.515750E-03   0.295141E-01   0.754945E-02   0.300000E-03
 145  -0.124070E-03  -0.152880E-03   0.295507E-03   0.337926E-02   0.300000E-03
 146   0.138669E-02   0.871622E-03   0.657037E-03   0.139766E-02   0.350000E-03
 147   0.632673E-03  -0.976041E-04   0.401479E-02   0.842674E-03   0.200000E-03
 148   0.347984E-02   0.950742E-03   0.527995E-02   0.289375E-03   0.300000E-03
 149   0.408579E-03  -0.114623E-02   0.608032E-02   0.195503E-02   0.450000E-03
 150   0.661456E-03   0.317876E-03   0.749548E-02   0.148019E-02   0.200000E-03
 151   0.454100E-03  -0.164640E-02   0.937745E-02   0.162606E-02   0.200000E-03
 152  -0.580189E-03  -0.453003E-03   0.103727E-01   0.138568E-02   0.200000E-03
 153  -0.962576E-03  -0.279830E-04   0.111262E-01   0.136114E-02   0.300000E-03
 154   0.165078E-03  -0.294997E-03   0.125795E-01   0.949073E-03   0.400000E-03
 155   0.534438E-03  -0.650829E-03   0.137627E-01   0.884029E-03   0.200000E-03
 156  -0.105601E-03  -0.189929E-02   0.147850E-01   0.123499E-02   0.400000E-03
 157  -0.620499E-03  -0.345302E-03   0.159230E-01   0.139371E-02   0.400000E-03
 158  -0.162682E-03  -0.407402E-03   0.173514E-01   0.184999E-02   0.350000E-03
 159   0.370370E-03   0.115093E-03   0.177480E-01   0.146903E-02   0.200000E-03
 160  -0.370886E-03  -0.879890E-03   0.181793E-01   0.164121E-02   0.250000E-03
 161  -0.374267E-03  -0.459951E-03   0.195764E-01   0.181234E-02   0.250000E-03
 162  -0.606168E-03  -0.521741E-03   0.209018E-01   0.181386E-02   0.200000E-03
 163  -0.430822E-03  -0.398038E-03   0.221218E-01   0.109342E-02   0.350000E-03
 164   0.287169E-03   0.107685E-02   0.227301E-01   0.217123E-02   0.300000E-03
 165   0.653791E-03   0.500741E-03   0.248195E-01   0.156387E-02   0.250000E-03
 166   0.214327E-04   0.149250E-03   0.256156E-01   0.158248E-02   0.250000E-03
 167  -0.144890E-03   0.273520E-05   0.266093E-01   0.113887E-02   0.400000E-03
 168   0.836537E-03  -0.463636E-03   0.285675E-01   0.153527E-02   0.250000E-03
 169   0.879703E-04  -0.841891E-03   0.301886E-01   0.172619E-02   0.200000E-03
 170   0.135109E-03  -0.842297E-03   0.307817E-01   0.178986E-02   0.400000E-03
 171  -0.221675E-02   0.174177E-02   0.335048E-01   0.914641E-03   0.300000E-03
 172  -0.252601E-02   0.424012E-03   0.342002E-01   0.125900E-02   0.400000E-03
 173  -0.152122E-02  -0.311812E-03   0.356606E-01   0.118630E-02   0.300000E-03
 174  -0.198096E-02  -0.399877E-03   0.368841E-01   0.104670E-02   0.350000E-03
 175  -0.160025E-02  -0.420659E-03   0.390314E-01   0.887826E-03   0.300000E-03
 176  -0.164274E-02  -0.421627E-03   0.400915E-01   0.989437E-03   0.200000E-03
 177  -0.892492E-03  -0.626070E-03   0.406146E-01   0.787787E-03   0.300000E-03
 178   0.188379E-02  -0.297813E-03   0.443968E-01   0.144112E-02   0.200000E-03
 179  -0.980703E-03   0.728078E-03   0.427040E-01   0.195657E-03   0.200000E-03
 180  -0.136167E-02   0.334044E-03   0.400296E-01   0.753934E-02   0.300000E-03
 181  -0.993045E-03   0.932147E-03   0.200199E-03   0.105497E-02   0.200000E-03
 182  -0.497438E-05  -0.124146E-02   0.136389E-02   0.219795E-02   0.200000E-03
 183   0.101128E-02   0.882566E-03   0.331329E-02   0.296219E-03   0.300000E-03
 184   0.166476E-02  -0.240376E-02   0.527992E-02   0.160727E-02   0.350000E-03
 185   0.387208E-04  -0.937670E-03   0.623756E-02   0.263442E-02   0.250000E-03
 186  -0.856367E-04  -0.785383E-03   0.678360E-02   0.186601E-02   0.200000E-03
 187  -0.358316E-03  -0.578263E-03   0.787585E-02   0.179220E-02   0.300000E-03
 188   0.142636E-03  -0.633080E-03   0.962240E-02   0.200256E-02   0.250000E-03
 189  -0.582376E-05  -0.134474E-03   0.116616E-01   0.124575E-02   0.250000E-03
 190  -0.850132E-03  -0.111378E-03   0.119416E-01   0.824349E-03   0.250000E-03
 191   0.110200E-02   0.317765E-03   0.139836E-01   0.126464E-02   0.250000E-03
 192  -0.159146E-04  -0.136767E-02   0.142693E-01   0.184256E-02   0.400000E-03
 193  -0.179612E-02  -0.648911E-03   0.152993E-01   0.171050E-02   0.300000E-03
 194  -0.534584E-03  -0.115760E-02   0.164943E-01   0.195119E-02   0.400000E-03
 195  -0.699137E-03  -0.339185E-03   0.179260E-01   0.207201E-02   0.250000E-03
 196  -0.627866E-03  -0.391064E-03   0.191176E-01   0.150985E-02   0.300000E-03
 197  -0.415190E-03  -0.277078E-03   0.199521E-01   0.227819E-02   0.350000E-03
 198  -0.125019E-02   0.499687E-04   0.206508E-01   0.224306E-02   0.300000E-03
 199  -0.850596E-03  -0.482724E-04   0.214784E-01   0.151344E-02   0.300000E-03
 200   0.934522E-04   0.725990E-03   0.222317E-01   0.215692E-02   0.200000E-03
 201  -0.761563E-03   0.494267E-03   0.242714E-01   0.158961E-02   0.300000E-03
 202   0.122554E-02  -0.993334E-04   0.259636E-01   0.121300E-02   0.250000E-03
 203  -0.942987E-04   0.504969E-03   0.265351E-01   0.182669E-02   0.300000E-03
 204   0.431352E-03   0.937617E-03   0.270838E-01   0.157936E-02   0.250000E-03
 205   0.110417E-02  -0.767449E-03   0.296042E-01   0.160377E-02   0.400000E-03
 206  -0.654752E-03  -0.763968E-03   0.322270E-01   0.180191E-02   0.350000E-03
 207  -0.654968E-03   0.614573E-03   0.328648E-01   0.130239E-02   0.450000E-03
 208  -0.198868E-02   0.117242E-03   0.335755E-01   0.166705E-02   0.350000E-03
 209  -0.982825E-03  -0.262984E-03   0.362541E-01   0.125990E-02   0.300000E-03
 210  -0.177656E-02  -0.533445E-03   0.366552E-01   0.154571E-02   0.200000E-03
 211  -0.142830E-02  -0.747732E-03   0.370750E-01   0.168914E-02   0.250000E-03
 212  -0.148291E-02  -0.299967E-03   0.400744E-01   0.591576E-03   0.200000E-03
 213   0.154607E-04  -0.444722E-03   0.411368E-01   0.623126E-03   0.250000E-03
 214   0.626027E-04  -0.179046E-02   0.420821E-01   0.555878E-03   0.200000E-03
 215   0.284804E-02  -0.842824E-04   0.443058E-01   0.150102E-03   0.150000E-03
 216  -0.479514E-03   0.267802E-03   0.216178E-01   0.892399E-02   0.400000E-03
 217  -0.286688E-03  -0.517476E-03   0.141151E-01   0.933780E-02   0.350000E-03
 218   0.195281E-03  -0.123737E-02   0.830127E-03   0.207211E-02   0.350000E-03
 219   0.420366E-03  -0.206308E-03   0.366243E-02   0.653741E-03   0.200000E-03
 220   0.156130E-02   0.209956E-02   0.453188E-02   0.129582E-02   0.400000E-03
 221   0.165734E-02   0.407926E-03   0.532776E-02   0.219581E-02   0.250000E-03
 222   0.173960E-03  -0.888872E-03   0.729271E-02   0.207305E-02   0.350000E-03
 223   0.393048E-03  -0.926897E-03   0.900053E-02   0.201340E-02   0.350000E-03
 224  -0.337247E-03   0.521583E-03   0.102155E-01   0.191213E-02   0.350000E-03
 225  -0.298565E-03  -0.289222E-03   0.106974E-01   0.161287E-02   0.200000E-03
 226  -0.591134E-04  -0.299468E-04   0.121498E-01   0.149217E-02   0.300000E-03
 227  -0.620301E-03  -0.120436E-02   0.129862E-01   0.144813E-02   0.250000E-03
 228   0.296595E-03  -0.995936E-03   0.148549E-01   0.177855E-02   0.150000E-03
 229  -0.756372E-03  -0.984442E-03   0.158514E-01   0.203522E-02   0.250000E-03
 230  -0.195165E-03  -0.887229E-03   0.175432E-01   0.246640E-02   0.300000E-03
 231  -0.779884E-04  -0.551696E-03   0.183527E-01   0.228228E-02   0.200000E-03
 232  -0.368810E-03  -0.181770E-03   0.186658E-01   0.190066E-02   0.300000E-03
 233  -0.615568E-03  -0.140449E-03   0.192051E-01   0.234381E-02   0.400000E-03
 234   0.316163E-03   0.795715E-04   0.213171E-01   0.209129E-02   0.300000E-03
 235  -0.916448E-03  -0.911932E-03   0.224192E-01   0.166590E-02   0.300000E-03
 236  -0.101460E-02   0.920322E-03   0.233253E-01   0.215618E-02   0.300000E-03
 237  -0.660348E-03   0.318703E-03   0.239743E-01   0.216717E-02   0.350000E-03
 238  -0.616926E-04  -0.120722E-03   0.252127E-01   0.178196E-02   0.200000E-03
 239   0.909823E-04   0.431714E-03   0.267050E-01   0.234494E-02   0.250000E-03
 240   0.107873E-02  -0.802906E-03   0.290156E-01   0.151333E-02   0.200000E-03
 241   0.253022E-03  -0.507942E-03   0.302085E-01   0.226971E-02   0.350000E-03
 242  -0.829804E-03  -0.769371E-03   0.315299E-01   0.174214E-02   0.350000E-03
 243  -0.633695E-03  -0.563556E-03   0.329521E-01   0.224282E-02   0.500000E-03
 244  -0.810285E-03  -0.713088E-04   0.354654E-01   0.199353E-02   0.200000E-03
 245   0.145660E-03   0.887591E-04   0.349489E-01   0.180992E-02   0.350000E-03
 246  -0.157199E-02  -0.602242E-03   0.366110E-01   0.214102E-02   0.400000E-03
 247  -0.102237E-02  -0.315307E-03   0.380036E-01   0.138946E-02   0.350000E-03
 248  -0.113594E-02  -0.387679E-03   0.396254E-01   0.809565E-03   0.300000E-03
 249  -0.145727E-02  -0.858306E-03   0.416527E-01   0.802898E-03   0.300000E-03
 250   0.582348E-03   0.417868E-03   0.437386E-01   0.242542E-03   0.250000E-03
 251  -0.570140E-03   0.906045E-03   0.446053E-01   0.297794E-02   0.400000E-03
 252  -0.529018E-03  -0.396811E-03   0.336647E-01   0.773512E-02   0.350000E-03
 253   0.122007E-03  -0.843244E-03   0.215031E-02   0.743636E-02   0.350000E-03
 254   0.306364E-02   0.544695E-02   0.134766E-02   0.103288E-02   0.350000E-03
 255  -0.281567E-02   0.454300E-02   0.223469E-02   0.991160E-03   0.300000E-03
 256   0.531707E-03  -0.164094E-02   0.473729E-02   0.196444E-02   0.300000E-03
 257  -0.565735E-04  -0.892858E-03   0.671059E-02   0.235953E-02   0.300000E-03
 258  -0.141468E-03  -0.553109E-03   0.834178E-02   0.224331E-02   0.350000E-03
 259   0.584517E-03  -0.312321E-03   0.907968E-02   0.280521E-02   0.450000E-03
 260   0.239696E-03  -0.372556E-03   0.989907E-02   0.259000E-02   0.400000E-03
 261  -0.428161E-03   0.364297E-03   0.116427E-01   0.180134E-02   0.300000E-03
 262  -0.331335E-03   0.265858E-03   0.121971E-01   0.214002E-02   0.350000E-03
 263  -0.141456E-02  -0.156489E-02   0.135408E-01   0.166956E-02   0.350000E-03
 264   0.410467E-03  -0.154559E-02   0.148481E-01   0.222647E-02   0.300000E-03
 265   0.248220E-03   0.342912E-03   0.166053E-01   0.254066E-02   0.200000E-03
 266   0.234104E-03  -0.785057E-03   0.170087E-01   0.234029E-02   0.250000E-03
 267   0.471762E-03  -0.100604E-02   0.171312E-01   0.282237E-02   0.250000E-03
 268   0.829943E-04  -0.387221E-03   0.186274E-01   0.263693E-02   0.250000E-03
 269  -0.315073E-03   0.129190E-04   0.190800E-01   0.298132E-02   0.250000E-03
 270  -0.313335E-03  -0.159997E-03   0.196767E-01   0.292063E-02   0.350000E-03
 271  -0.148177E-02  -0.474200E-03   0.219042E-01   0.185153E-02   0.250000E-03
 272   0.397778E-03   0.882651E-03   0.223388E-01   0.274420E-02   0.400000E-03
 273  -0.604996E-03   0.878538E-03   0.235685E-01   0.279958E-02   0.400000E-03
 274  -0.387082E-03   0.414962E-03   0.257658E-01   0.205006E-02   0.250000E-03
 275  -0.786324E-04   0.348011E-03   0.262132E-01   0.226677E-02   0.250000E-03
 276  -0.381944E-03   0.127850E-04   0.274537E-01   0.198053E-02   0.300000E-03
 277   0.742145E-03   0.508657E-03   0.294208E-01   0.217368E-02   0.200000E-03
 278  -0.542790E-03  -0.813367E-03   0.318490E-01   0.238992E-02   0.350000E-03
 279  -0.553301E-03  -0.639658E-03   0.323606E-01   0.269659E-02   0.250000E-03
 280  -0.278355E-02   0.536964E-03   0.343170E-01   0.195086E-02   0.300000E-03
 281  -0.113479E-02   0.153146E-03   0.358925E-01   0.173530E-02   0.300000E-03
 282  -0.117727E-02  -0.216026E-03   0.375556E-01   0.179955E-02   0.250000E-03
 283  -0.140408E-02  -0.649987E-03   0.385067E-01   0.161242E-02   0.200000E-03
 284  -0.167270E-02  -0.950203E-04   0.385573E-01   0.116519E-02   0.250000E-03
 285   0.509394E-03  -0.186414E-03   0.411020E-01   0.121712E-02   0.350000E-03
 286  -0.134395E-02  -0.222282E-02   0.432228E-01   0.895666E-03   0.300000E-03
 287  -0.544427E-03  -0.192149E-02   0.428449E-01   0.122034E-02   0.200000E-03
 288  -0.789184E-04  -0.200822E-03   0.594056E-02   0.799786E-02   0.350000E-03
 289   0.626636E-03   0.598245E-03   0.247535E-03   0.232932E-02   0.250000E-03
 290  -0.139468E-02   0.208727E-02   0.184329E-02   0.144545E-02   0.300000E-03
 291  -0.387235E-02   0.222649E-02   0.251402E-02   0.162906E-02   0.400000E-03
 292   0.311331E-03   0.145904E-02   0.314436E-02   0.151338E-02   0.250000E-03
 293   0.976477E-04  -0.102133E-02   0.569415E-02   0.259575E-02   0.300000E-03
 294  -0.187256E-03  -0.156242E-03   0.825011E-02   0.298368E-02   0.400000E-03
 295  -0.544358E-06  -0.109942E-02   0.969847E-02   0.338366E-02   0.400000E-03
 296  -0.818663E-03   0.484433E-03   0.111064E-01   0.190871E-02   0.250000E-03
 297  -0.368354E-03   0.533630E-03   0.107114E-01   0.195863E-02   0.150000E-03
 298  -0.143206E-02  -0.598354E-03   0.126059E-01   0.168820E-02   0.200000E-03
 299  -0.632041E-03  -0.193972E-03   0.138557E-01   0.233909E-02   0.250000E-03
 300   0.314640E-03   0.149753E-02   0.149119E-01   0.271824E-02   0.200000E-03
 301  -0.315930E-03  -0.174845E-02   0.154231E-01   0.236793E-02   0.300000E-03
 302   0.614716E-03  -0.452234E-03   0.170432E-01   0.336104E-02   0.300000E-03
 303  -0.266334E-04  -0.981695E-03   0.180344E-01   0.251519E-02   0.200000E-03
 304  -0.918897E-04  -0.445900E-03   0.182195E-01   0.292285E-02   0.250000E-03
 305  -0.670713E-03   0.217938E-03   0.193868E-01   0.332605E-02   0.150000E-03
 306  -0.589088E-03  -0.734998E-03   0.203805E-01   0.282823E-02   0.350000E-03
 307   0.235104E-03   0.172830E-05   0.218058E-01   0.234100E-02   0.250000E-03
 308  -0.831037E-04  -0.421064E-04   0.227258E-01   0.338247E-02   0.350000E-03
 309  -0.441105E-03   0.586852E-03   0.245284E-01   0.266321E-02   0.400000E-03
 310  -0.293453E-03   0.912840E-03   0.251079E-01   0.227053E-02   0.300000E-03
 311  -0.579465E-03   0.188655E-03   0.272463E-01   0.259093E-02   0.350000E-03
 312   0.388207E-03  -0.126661E-03   0.280964E-01   0.190183E-02   0.350000E-03
 313  -0.788405E-05  -0.519442E-03   0.296775E-01   0.253859E-02   0.250000E-03
 314   0.281597E-03  -0.809435E-03   0.312051E-01   0.234485E-02   0.300000E-03
 315  -0.118919E-02  -0.630920E-03   0.334349E-01   0.287245E-02   0.300000E-03
 316  -0.139131E-02  -0.579361E-03   0.337956E-01   0.233460E-02   0.350000E-03
 317  -0.284253E-03  -0.973668E-03   0.350839E-01   0.254638E-02   0.400000E-03
 318  -0.949800E-03  -0.905611E-03   0.358713E-01   0.243158E-02   0.400000E-03
 319  -0.157017E-02  -0.500531E-07   0.389751E-01   0.143420E-02   0.250000E-03
 320  -0.155411E-02   0.192641E-03   0.398370E-01   0.141924E-02   0.300000E-03
 321  -0.102605E-02   0.809311E-04   0.404309E-01   0.135214E-02   0.300000E-03
 322  -0.443547E-03  -0.218995E-02   0.425973E-01   0.731540E-03   0.350000E-03
 323  -0.287023E-03  -0.152241E-03   0.439584E-01   0.211348E-02   0.350000E-03
 324  -0.145274E-02   0.388414E-03   0.396087E-01   0.718534E-02   0.250000E-03
 325  -0.968184E-04  -0.112466E-02   0.153366E-02   0.764160E-02   0.300000E-03
 326  -0.730284E-03  -0.357330E-02   0.122821E-02   0.162099E-02   0.250000E-03
 327  -0.254625E-03  -0.265999E-02   0.205017E-02   0.221572E-02   0.350000E-03
 328   0.667512E-03   0.222533E-02   0.380419E-02   0.170597E-02   0.450000E-03
 329   0.281703E-03  -0.565065E-03   0.658526E-02   0.317414E-02   0.400000E-03
 330   0.312568E-03  -0.793978E-03   0.721653E-02   0.276638E-02   0.350000E-03
 331   0.844822E-04  -0.618558E-03   0.777262E-02   0.243288E-02   0.250000E-03
 332  -0.216065E-03  -0.336087E-03   0.108180E-01   0.254375E-02   0.450000E-03
 333  -0.600567E-03   0.638347E-03   0.115989E-01   0.239784E-02   0.300000E-03
 334  -0.619895E-03  -0.304640E-03   0.129713E-01   0.194511E-02   0.250000E-03
 335  -0.704233E-03  -0.134599E-03   0.133692E-01   0.224471E-02   0.250000E-03
 336  -0.151997E-04  -0.188768E-03   0.143554E-01   0.256873E-02   0.300000E-03
 337  -0.371280E-03  -0.615190E-03   0.160749E-01   0.253506E-02   0.300000E-03
 338  -0.182081E-04  -0.105063E-03   0.166585E-01   0.374499E-02   0.250000E-03
 339   0.136707E-03  -0.626402E-03   0.176526E-01   0.311923E-02   0.350000E-03
 340  -0.312737E-03   0.211724E-04   0.189826E-01   0.352238E-02   0.300000E-03
 341  -0.821682E-03  -0.428333E-03   0.201014E-01   0.340934E-02   0.300000E-03
 342  -0.277253E-04   0.470520E-03   0.206169E-01   0.332196E-02   0.200000E-03
 343  -0.758611E-04   0.730555E-03   0.216502E-01   0.286668E-02   0.300000E-03
 344  -0.654828E-03   0.486187E-03   0.238401E-01   0.337700E-02   0.250000E-03
 345  -0.305009E-03   0.737898E-03   0.251355E-01   0.300639E-02   0.300000E-03
 346  -0.589850E-03   0.841805E-03   0.256642E-01   0.263823E-02   0.350000E-03
 347  -0.328142E-03   0.108387E-02   0.263659E-01   0.289596E-02   0.400000E-03
 348   0.941288E-03   0.393039E-03   0.289512E-01   0.200652E-02   0.300000E-03
 349   0.246572E-04  -0.358687E-03   0.300723E-01   0.284908E-02   0.250000E-03
 350  -0.817017E-03  -0.436538E-03   0.320780E-01   0.316403E-02   0.300000E-03
 351  -0.357591E-03  -0.681779E-03   0.328204E-01   0.307935E-02   0.350000E-03
 352  -0.823366E-03  -0.251593E-03   0.345070E-01   0.309367E-02   0.400000E-03
 353  -0.544706E-03  -0.180485E-03   0.359070E-01   0.302596E-02   0.200000E-03
 354  -0.101433E-02  -0.474809E-03   0.372572E-01   0.219996E-02   0.250000E-03
 355  -0.102709E-02  -0.394860E-03   0.380472E-01   0.203611E-02   0.300000E-03
 356  -0.132757E-02   0.208068E-03   0.393827E-01   0.161977E-02   0.200000E-03
 357  -0.410219E-03   0.459449E-03   0.408240E-01   0.179907E-02   0.300000E-03
 358  -0.133661E-02  -0.770310E-03   0.416828E-01   0.134901E-02   0.250000E-03
 359  -0.168346E-02  -0.686161E-04   0.442652E-01   0.531806E-02   0.250000E-03
 360   0.165401E-02   0.235430E-02   0.448001E-01   0.418387E-02   0.200000E-03
 361   0.475587E-04  -0.302573E-03   0.685175E-03   0.280492E-02   0.400000E-03
 362   0.193447E-03  -0.253544E-03   0.148365E-02   0.278370E-02   0.400000E-03
 363   0.485073E-03  -0.135482E-02   0.311793E-02   0.201243E-02   0.250000E-03
 364   0.211968E-02  -0.123042E-03   0.491225E-02   0.254910E-02   0.300000E-03
 365   0.334830E-03  -0.485732E-03   0.588647E-02   0.315896E-02   0.300000E-03
 366   0.783362E-04   0.588821E-06   0.616405E-02   0.372964E-02   0.300000E-03
 367   0.430456E-03   0.234850E-03   0.872718E-02   0.334602E-02   0.200000E-03
 368  -0.150208E-03  -0.858521E-03   0.103468E-01   0.312306E-02   0.300000E-03
 369  -0.775893E-03  -0.381580E-03   0.118598E-01   0.299124E-02   0.350000E-03
 370  -0.662104E-03  -0.175081E-03   0.128090E-01   0.257182E-02   0.400000E-03
 371  -0.805152E-03  -0.398553E-03   0.137448E-01   0.287418E-02   0.300000E-03
 372   0.156692E-04   0.350288E-04   0.150262E-01   0.330276E-02   0.400000E-03
 373   0.812316E-04  -0.979539E-03   0.156221E-01   0.292701E-02   0.300000E-03
 374  -0.118240E-03  -0.240489E-03   0.163704E-01   0.316716E-02   0.400000E-03
 375   0.430507E-03  -0.191008E-03   0.175197E-01   0.393405E-02   0.450000E-03
 376   0.987650E-04  -0.536608E-04   0.186426E-01   0.308590E-02   0.200000E-03
 377  -0.530252E-03  -0.121137E-03   0.195753E-01   0.378824E-02   0.350000E-03
 378  -0.706092E-03   0.441890E-03   0.210927E-01   0.264753E-02   0.300000E-03
 379   0.231448E-03   0.451247E-03   0.211654E-01   0.329869E-02   0.350000E-03
 380   0.135637E-03   0.893509E-03   0.220022E-01   0.341158E-02   0.350000E-03
 381  -0.406466E-03   0.555083E-03   0.244335E-01   0.340562E-02   0.350000E-03
 382  -0.943889E-03   0.175691E-03   0.267161E-01   0.349150E-02   0.300000E-03
 383   0.255574E-03   0.300826E-03   0.278262E-01   0.243738E-02   0.250000E-03
 384   0.970819E-03   0.572636E-03   0.285065E-01   0.239999E-02   0.300000E-03
 385  -0.665333E-04  -0.173267E-02   0.291287E-01   0.257968E-02   0.300000E-03
 386  -0.261395E-03  -0.324478E-03   0.307070E-01   0.267681E-02   0.300000E-03
 387  -0.804257E-03  -0.154205E-03   0.324710E-01   0.367668E-02   0.350000E-03
 388  -0.751167E-03  -0.558667E-03   0.354354E-01   0.346017E-02   0.450000E-03
 389  -0.684877E-03  -0.285839E-05   0.360865E-01   0.338043E-02   0.200000E-03
 390  -0.152579E-02  -0.177884E-03   0.364961E-01   0.292865E-02   0.400000E-03
 391  -0.112211E-02  -0.730493E-03   0.376998E-01   0.252362E-02   0.300000E-03
 392  -0.149931E-02   0.157639E-03   0.390559E-01   0.192686E-02   0.250000E-03
 393  -0.126868E-02   0.296946E-03   0.396243E-01   0.211323E-02   0.350000E-03
 394  -0.156488E-02  -0.676270E-03   0.422234E-01   0.126186E-02   0.300000E-03
 395  -0.220083E-03  -0.147351E-03   0.438999E-01   0.146835E-02   0.300000E-03
 396  -0.978481E-03  -0.553676E-03   0.444110E-01   0.241656E-02   0.200000E-03
 397   0.102273E-03   0.204974E-04   0.973827E-03   0.354860E-02   0.400000E-03
 398  -0.688173E-03  -0.433780E-03   0.268550E-02   0.235201E-02   0.300000E-03
 399   0.171028E-02  -0.243146E-03   0.351736E-02   0.239009E-02   0.300000E-03
 400  -0.583298E-03  -0.663555E-03   0.422558E-02   0.244040E-02   0.400000E-03
 401   0.328263E-03   0.849121E-04   0.573661E-02   0.398695E-02   0.200000E-03
 402   0.966308E-04  -0.373323E-03   0.727042E-02   0.346144E-02   0.350000E-03
 403   0.628609E-03  -0.369703E-03   0.852693E-02   0.374458E-02   0.250000E-03
 404  -0.907466E-04  -0.294221E-03   0.907515E-02   0.370346E-02   0.300000E-03
 405  -0.412360E-03  -0.414457E-03   0.119738E-01   0.352923E-02   0.200000E-03
 406  -0.702845E-03  -0.438311E-03   0.125342E-01   0.331672E-02   0.400000E-03
 407  -0.821421E-03  -0.370310E-03   0.132111E-01   0.314439E-02   0.300000E-03
 408  -0.163881E-03   0.955255E-04   0.142308E-01   0.337613E-02   0.400000E-03
 409   0.585915E-04  -0.801722E-04   0.157272E-01   0.356125E-02   0.350000E-03
 410  -0.194455E-04  -0.102583E-03   0.161854E-01   0.401704E-02   0.300000E-03
 411  -0.104609E-03  -0.143516E-03   0.167218E-01   0.428485E-02   0.300000E-03
 412  -0.810499E-04  -0.249388E-04   0.182852E-01   0.356684E-02   0.400000E-03
 413  -0.671657E-03   0.357631E-03   0.202616E-01   0.398332E-02   0.300000E-03
 414  -0.570629E-04  -0.163716E-03   0.207647E-01   0.374494E-02   0.250000E-03
 415   0.187931E-03   0.798798E-03   0.208262E-01   0.439099E-02   0.400000E-03
 416  -0.331610E-03   0.116334E-03   0.223912E-01   0.405124E-02   0.400000E-03
 417   0.235859E-03   0.884226E-04   0.233383E-01   0.359200E-02   0.300000E-03
 418  -0.234637E-03   0.382125E-03   0.250824E-01   0.365156E-02   0.350000E-03
 419  -0.289082E-03   0.399474E-03   0.277427E-01   0.307600E-02   0.350000E-03
 420   0.725302E-03   0.356133E-03   0.283121E-01   0.290644E-02   0.250000E-03
 421  -0.881223E-04  -0.166955E-03   0.295417E-01   0.311785E-02   0.350000E-03
 422  -0.263497E-03  -0.408609E-03   0.313344E-01   0.308333E-02   0.450000E-03
 423  -0.872888E-03  -0.411459E-03   0.338207E-01   0.338544E-02   0.350000E-03
 424  -0.102193E-02  -0.613612E-03   0.347466E-01   0.374958E-02   0.300000E-03
 425  -0.189760E-02  -0.436696E-03   0.370079E-01   0.340075E-02   0.300000E-03
 426  -0.188509E-02  -0.247666E-03   0.371874E-01   0.282878E-02   0.300000E-03
 427  -0.161277E-02  -0.208366E-03   0.380475E-01   0.312469E-02   0.300000E-03
 428  -0.163570E-03  -0.183632E-03   0.385900E-01   0.210133E-02   0.250000E-03
 429  -0.825950E-03   0.178156E-03   0.402390E-01   0.191551E-02   0.300000E-03
 430  -0.943308E-03   0.143350E-05   0.419361E-01   0.188757E-02   0.350000E-03
 431  -0.961760E-03  -0.213938E-03   0.426760E-01   0.179385E-02   0.400000E-03
 432  -0.837777E-03  -0.174339E-03   0.433025E-01   0.148572E-02   0.300000E-03
 433  -0.243050E-03   0.352737E-03   0.347979E-03   0.402480E-02   0.350000E-03
 434   0.950604E-03  -0.253705E-02   0.161136E-02   0.188563E-02   0.200000E-03
 435   0.170334E-02  -0.660833E-03   0.316736E-02   0.292845E-02   0.350000E-03
 436   0.791730E-03  -0.167066E-02   0.528030E-02   0.295381E-02   0.250000E-03
 437   0.221601E-03  -0.380421E-03   0.565760E-02   0.359887E-02   0.200000E-03
 438   0.360510E-03  -0.696810E-03   0.675144E-02   0.385160E-02   0.300000E-03
 439  -0.833566E-04  -0.469373E-03   0.793593E-02   0.365978E-02   0.350000E-03
 440  -0.603271E-03  -0.102463E-02   0.108882E-01   0.377870E-02   0.200000E-03
 441  -0.510799E-03  -0.678405E-03   0.109242E-01   0.328279E-02   0.300000E-03
 442  -0.415419E-03  -0.289068E-03   0.130913E-01   0.374024E-02   0.300000E-03
 443  -0.447182E-03  -0.236377E-04   0.136001E-01   0.353171E-02   0.250000E-03
 444  -0.688126E-04  -0.454151E-04   0.152250E-01   0.397067E-02   0.300000E-03
 445  -0.628881E-04  -0.289971E-03   0.156777E-01   0.449746E-02   0.400000E-03
 446   0.100040E-03  -0.221449E-03   0.162759E-01   0.450333E-02   0.200000E-03
 447   0.285970E-03  -0.212502E-04   0.172163E-01   0.461793E-02   0.300000E-03
 448  -0.679172E-04  -0.499076E-03   0.183062E-01   0.446379E-02   0.500000E-03
 449  -0.284707E-03  -0.496561E-03   0.192004E-01   0.443536E-02   0.400000E-03
 450  -0.108374E-03  -0.520983E-03   0.198959E-01   0.445600E-02   0.300000E-03
 451   0.313187E-03   0.748081E-03   0.215037E-01   0.396751E-02   0.400000E-03
 452  -0.120232E-03  -0.551157E-04   0.218911E-01   0.460755E-02   0.350000E-03
 453  -0.274514E-03   0.414426E-03   0.239929E-01   0.395258E-02   0.350000E-03
 454  -0.506196E-03   0.337362E-03   0.257064E-01   0.333607E-02   0.350000E-03
 455  -0.111662E-02   0.894550E-03   0.269463E-01   0.304946E-02   0.200000E-03
 456  -0.631685E-03  -0.190585E-03   0.288476E-01   0.316568E-02   0.350000E-03
 457  -0.181692E-03  -0.455332E-03   0.304688E-01   0.322400E-02   0.300000E-03
 458  -0.252624E-03  -0.585067E-03   0.307077E-01   0.381810E-02   0.350000E-03
 459  -0.218253E-03  -0.491487E-03   0.317806E-01   0.375292E-02   0.350000E-03
 460  -0.980684E-03  -0.497654E-03   0.342076E-01   0.384134E-02   0.250000E-03
 461  -0.157863E-02  -0.437164E-03   0.364880E-01   0.357677E-02   0.250000E-03
 462  -0.846363E-03   0.428493E-03   0.376659E-01   0.428876E-02   0.300000E-03
 463  -0.132159E-02  -0.991990E-03   0.382932E-01   0.258001E-02   0.300000E-03
 464  -0.447452E-03  -0.633443E-03   0.390311E-01   0.264120E-02   0.450000E-03
 465  -0.346428E-03  -0.146999E-03   0.407148E-01   0.238594E-02   0.300000E-03
 466  -0.798369E-03  -0.440997E-03   0.411724E-01   0.258410E-02   0.200000E-03
 467  -0.716389E-03   0.440790E-03   0.435644E-01   0.256364E-02   0.250000E-03
 468   0.536553E-04   0.897575E-04   0.435824E-01   0.383617E-02   0.350000E-03
 469   0.122843E-03   0.500389E-03   0.105516E-02   0.439322E-02   0.450000E-03
 470   0.546333E-03  -0.152579E-03   0.217962E-02   0.285054E-02   0.300000E-03
 471  -0.247068E-03  -0.134946E-02   0.388010E-02   0.315838E-02   0.400000E-03
 472  -0.918735E-04  -0.366292E-03   0.457624E-02   0.304615E-02   0.300000E-03
 473   0.135960E-03  -0.351021E-03   0.505968E-02   0.356119E-02   0.400000E-03
 474   0.440263E-04  -0.562573E-03   0.746114E-02   0.402356E-02   0.250000E-03
 475   0.129884E-03   0.882446E-04   0.809737E-02   0.433942E-02   0.350000E-03
 476  -0.359162E-03  -0.414073E-03   0.955353E-02   0.406476E-02   0.300000E-03
 477  -0.569027E-03  -0.419381E-03   0.113110E-01   0.296618E-02   0.200000E-03
 478  -0.651383E-03  -0.114884E-03   0.122552E-01   0.400463E-02   0.350000E-03
 479  -0.947572E-04  -0.532376E-04   0.142066E-01   0.402306E-02   0.250000E-03
 480  -0.798165E-04  -0.383159E-03   0.146757E-01   0.384987E-02   0.250000E-03
 481   0.137360E-03  -0.128062E-03   0.148114E-01   0.433127E-02   0.250000E-03
 482   0.128373E-03  -0.315525E-03   0.162699E-01   0.509721E-02   0.400000E-03
 483   0.112975E-03  -0.671307E-03   0.169667E-01   0.516340E-02   0.300000E-03
 484   0.202869E-04  -0.249633E-03   0.185779E-01   0.521319E-02   0.300000E-03
 485   0.145840E-03   0.182477E-03   0.195759E-01   0.508270E-02   0.350000E-03
 486   0.400823E-05  -0.385956E-03   0.202268E-01   0.495459E-02   0.300000E-03
 487  -0.345702E-03   0.938995E-04   0.212964E-01   0.497063E-02   0.350000E-03
 488  -0.941036E-04   0.219174E-03   0.218144E-01   0.515143E-02   0.200000E-03
 489  -0.380061E-03   0.484380E-03   0.245906E-01   0.399299E-02   0.250000E-03
 490  -0.350341E-03   0.235472E-03   0.272511E-01   0.340192E-02   0.250000E-03
 491  -0.919505E-03  -0.504296E-04   0.282680E-01   0.345729E-02   0.300000E-03
 492  -0.267709E-03   0.461464E-03   0.292459E-01   0.379883E-02   0.400000E-03
 493  -0.664321E-03  -0.147875E-03   0.299913E-01   0.358696E-02   0.300000E-03
 494  -0.278321E-03  -0.431027E-03   0.312404E-01   0.372383E-02   0.200000E-03
 495  -0.126736E-02  -0.601847E-03   0.328962E-01   0.401848E-02   0.200000E-03
 496  -0.119164E-02   0.647486E-04   0.359498E-01   0.419554E-02   0.350000E-03
 497  -0.905214E-03  -0.767046E-03   0.361195E-01   0.372733E-02   0.150000E-03
 498  -0.520857E-04  -0.701995E-03   0.373814E-01   0.381827E-02   0.250000E-03
 499  -0.562102E-04  -0.739995E-03   0.375506E-01   0.334890E-02   0.250000E-03
 500  -0.139535E-02   0.484517E-03   0.394112E-01   0.310494E-02   0.150000E-03
 501  -0.797854E-03  -0.166274E-03   0.401719E-01   0.245977E-02   0.250000E-03
 502  -0.902887E-03  -0.304802E-04   0.413299E-01   0.211387E-02   0.300000E-03
 503  -0.433849E-03   0.459477E-03   0.429711E-01   0.263682E-02   0.350000E-03
 504  -0.773974E-03  -0.109491E-03   0.433105E-01   0.208209E-02   0.300000E-03
 505   0.416588E-03   0.270152E-03   0.165229E-02   0.386232E-02   0.350000E-03
 506   0.463907E-03   0.440984E-04   0.186946E-02   0.330409E-02   0.250000E-03
 507   0.103296E-02  -0.679221E-04   0.333013E-02   0.350539E-02   0.250000E-03
 508   0.224543E-03  -0.624331E-03   0.436825E-02   0.365849E-02   0.300000E-03
 509   0.115059E-03  -0.147376E-03   0.608175E-02   0.427283E-02   0.250000E-03
 510   0.192919E-03   0.221689E-04   0.748956E-02   0.456464E-02   0.300000E-03
 511   0.513774E-03  -0.788799E-03   0.876389E-02   0.423711E-02   0.300000E-03
 512  -0.189512E-03  -0.105418E-02   0.103402E-01   0.376876E-02   0.350000E-03
 513  -0.497380E-03  -0.665166E-03   0.114747E-01   0.351346E-02   0.300000E-03
 514  -0.420206E-03  -0.155855E-03   0.128801E-01   0.441200E-02   0.400000E-03
 515  -0.443861E-03   0.694633E-04   0.136164E-01   0.413080E-02   0.350000E-03
 516  -0.198639E-03  -0.386125E-04   0.142863E-01   0.461519E-02   0.350000E-03
 517  -0.408840E-03  -0.449938E-03   0.151334E-01   0.456790E-02   0.150000E-03
 518  -0.884059E-04  -0.265367E-03   0.154899E-01   0.526941E-02   0.400000E-03
 519   0.236586E-03  -0.282884E-03   0.176928E-01   0.504813E-02   0.350000E-03
 520   0.717700E-05  -0.382042E-03   0.190918E-01   0.551738E-02   0.300000E-03
 521  -0.719813E-04  -0.454368E-04   0.200781E-01   0.563750E-02   0.400000E-03
 522   0.566090E-03   0.214886E-03   0.206611E-01   0.528904E-02   0.250000E-03
 523  -0.516312E-04  -0.304613E-03   0.217961E-01   0.559989E-02   0.250000E-03
 524   0.178361E-03   0.155358E-03   0.230849E-01   0.413276E-02   0.300000E-03
 525  -0.238661E-03  -0.113221E-04   0.251354E-01   0.439915E-02   0.400000E-03
 526  -0.662682E-03   0.141638E-03   0.255997E-01   0.394800E-02   0.250000E-03
 527  -0.607161E-03   0.487355E-03   0.277286E-01   0.372579E-02   0.300000E-03
 528  -0.328744E-03   0.440742E-03   0.291296E-01   0.453920E-02   0.350000E-03
 529  -0.570225E-03   0.422139E-03   0.304622E-01   0.441024E-02   0.300000E-03
 530   0.144271E-02  -0.956746E-03   0.321652E-01   0.407232E-02   0.150000E-03
 531  -0.607429E-03  -0.174651E-03   0.330631E-01   0.357210E-02   0.200000E-03
 532  -0.894935E-03  -0.905716E-04   0.352062E-01   0.427679E-02   0.400000E-03
 533  -0.195883E-02  -0.450995E-03   0.368561E-01   0.397979E-02   0.300000E-03
 534  -0.171965E-05   0.340793E-03   0.382458E-01   0.444719E-02   0.300000E-03
 535  -0.783063E-03   0.242068E-03   0.379274E-01   0.374897E-02   0.300000E-03
 536  -0.123986E-02   0.787528E-03   0.387119E-01   0.314654E-02   0.150000E-03
 537  -0.637350E-03  -0.325759E-05   0.404504E-01   0.274554E-02   0.150000E-03
 538  -0.857685E-03   0.150697E-03   0.417711E-01   0.251463E-02   0.300000E-03
 539  -0.112412E-02   0.186417E-03   0.423613E-01   0.241594E-02   0.300000E-03
 540  -0.206469E-03   0.919999E-03   0.439707E-01   0.284708E-02   0.250000E-03
 541   0.501934E-03  -0.167996E-03   0.472645E-02   0.855919E-02   0.300000E-03
 542   0.792036E-03   0.805885E-04   0.258067E-02   0.353820E-02   0.500000E-03
 543  -0.647360E-03  -0.608128E-04   0.376245E-02   0.384519E-02   0.300000E-03
 544  -0.600977E-04   0.277719E-03   0.419856E-02   0.418009E-02   0.250000E-03
 545   0.389832E-03   0.185751E-03   0.532030E-02   0.415373E-02   0.250000E-03
 546   0.194313E-03   0.153288E-03   0.858776E-02   0.496526E-02   0.450000E-03
 547   0.242343E-04  -0.108989E-02   0.925325E-02   0.458267E-02   0.300000E-03
 548  -0.634216E-04   0.102495E-03   0.977240E-02   0.451083E-02   0.200000E-03
 549  -0.235539E-03  -0.225131E-03   0.110867E-01   0.434189E-02   0.400000E-03
 550  -0.320076E-03  -0.161922E-03   0.116564E-01   0.403008E-02   0.250000E-03
 551  -0.354316E-03  -0.985464E-04   0.135504E-01   0.492771E-02   0.450000E-03
 552  -0.123896E-03  -0.106133E-03   0.142514E-01   0.531144E-02   0.350000E-03
 553  -0.506308E-03  -0.361659E-03   0.148417E-01   0.484142E-02   0.250000E-03
 554  -0.259614E-03  -0.127000E-03   0.151106E-01   0.579150E-02   0.250000E-03
 555   0.100900E-04  -0.136887E-03   0.160289E-01   0.585829E-02   0.400000E-03
 556   0.311551E-03  -0.290743E-03   0.180901E-01   0.555912E-02   0.300000E-03
 557   0.115101E-03  -0.378855E-03   0.188331E-01   0.484352E-02   0.150000E-03
 558  -0.216033E-03  -0.272007E-03   0.211588E-01   0.570478E-02   0.400000E-03
 559  -0.413420E-03  -0.617862E-04   0.225748E-01   0.467436E-02   0.250000E-03
 560  -0.104003E-03  -0.280994E-04   0.236638E-01   0.444833E-02   0.250000E-03
 561  -0.566619E-03   0.224388E-03   0.258836E-01   0.447449E-02   0.350000E-03
 562  -0.587568E-03   0.413006E-03   0.261857E-01   0.384531E-02   0.350000E-03
 563  -0.529353E-03   0.450510E-03   0.285140E-01   0.411124E-02   0.400000E-03
 564  -0.496356E-03   0.705594E-03   0.285312E-01   0.481167E-02   0.300000E-03
 565  -0.119842E-03   0.333432E-03   0.298388E-01   0.425096E-02   0.350000E-03
 566  -0.238812E-03  -0.314856E-03   0.312804E-01   0.437588E-02   0.450000E-03
 567  -0.561113E-03  -0.270093E-03   0.332728E-01   0.329195E-02   0.150000E-03
 568  -0.922005E-03  -0.601193E-03   0.338629E-01   0.383120E-02   0.100000E-03
 569  -0.150506E-02   0.519335E-03   0.369936E-01   0.450946E-02   0.250000E-03
 570  -0.732371E-03   0.835114E-03   0.378198E-01   0.486808E-02   0.300000E-03
 571  -0.911367E-03   0.396867E-03   0.384850E-01   0.353035E-02   0.300000E-03
 572  -0.151685E-02   0.583539E-03   0.390785E-01   0.340654E-02   0.300000E-03
 573  -0.142380E-03  -0.460687E-03   0.397553E-01   0.281578E-02   0.300000E-03
 574  -0.977406E-03  -0.100870E-03   0.414281E-01   0.323327E-02   0.500000E-03
 575  -0.986513E-03   0.320131E-04   0.421419E-01   0.291875E-02   0.250000E-03
 576  -0.238459E-03   0.405733E-03   0.444196E-01   0.385934E-02   0.300000E-03
 577  -0.183920E-03  -0.561755E-03   0.301482E-03   0.467129E-02   0.300000E-03
 578   0.779414E-03   0.461061E-03   0.261520E-02   0.438142E-02   0.350000E-03
 579   0.396427E-03   0.171023E-03   0.476722E-02   0.437818E-02   0.350000E-03
 580   0.388664E-03   0.358532E-04   0.543608E-02   0.463864E-02   0.250000E-03
 581   0.493476E-03  -0.621087E-03   0.708359E-02   0.415494E-02   0.150000E-03
 582   0.193540E-03  -0.691660E-04   0.794345E-02   0.486725E-02   0.200000E-03
 583  -0.120163E-03  -0.183643E-03   0.995717E-02   0.491811E-02   0.250000E-03
 584  -0.177105E-03  -0.114745E-03   0.103488E-01   0.446604E-02   0.350000E-03
 585  -0.107891E-02  -0.179645E-02   0.107143E-01   0.517512E-02   0.450000E-03
 586  -0.396796E-03  -0.289235E-03   0.118792E-01   0.453149E-02   0.300000E-03
 587  -0.212013E-03  -0.266505E-03   0.123510E-01   0.469305E-02   0.200000E-03
 588  -0.330593E-03  -0.734029E-04   0.136795E-01   0.556448E-02   0.200000E-03
 589  -0.484651E-03  -0.138591E-03   0.148480E-01   0.536599E-02   0.250000E-03
 590  -0.236334E-03  -0.125653E-03   0.154671E-01   0.606497E-02   0.200000E-03
 591   0.388785E-03  -0.309981E-03   0.173812E-01   0.555391E-02   0.250000E-03
 592   0.365636E-03  -0.173932E-03   0.181365E-01   0.615458E-02   0.300000E-03
 593   0.595697E-03   0.289067E-03   0.194655E-01   0.598356E-02   0.300000E-03
 594  -0.399028E-03  -0.301660E-03   0.205884E-01   0.618641E-02   0.350000E-03
 595   0.605458E-05   0.163368E-03   0.222025E-01   0.505892E-02   0.200000E-03
 596   0.183343E-03  -0.685017E-04   0.231657E-01   0.477595E-02   0.350000E-03
 597  -0.459004E-03   0.571310E-04   0.243647E-01   0.460097E-02   0.400000E-03
 598  -0.671615E-03   0.406108E-03   0.265820E-01   0.441812E-02   0.350000E-03
 599  -0.339596E-03   0.499854E-03   0.271325E-01   0.398597E-02   0.350000E-03
 600  -0.192413E-03   0.169820E-03   0.298734E-01   0.489794E-02   0.300000E-03
 601  -0.470931E-03   0.154896E-03   0.305027E-01   0.505019E-02   0.350000E-03
 602  -0.362802E-03  -0.354349E-04   0.309775E-01   0.489359E-02   0.150000E-03
 603  -0.113537E-02   0.366536E-03   0.330439E-01   0.454633E-02   0.350000E-03
 604  -0.992148E-03  -0.589673E-03   0.334405E-01   0.397025E-02   0.350000E-03
 605  -0.105499E-02   0.337389E-03   0.364091E-01   0.478472E-02   0.400000E-03
 606  -0.811889E-03   0.853252E-03   0.385104E-01   0.515136E-02   0.450000E-03
 607  -0.751218E-03   0.104641E-02   0.386289E-01   0.405626E-02   0.250000E-03
 608  -0.152267E-02   0.528457E-03   0.396760E-01   0.346821E-02   0.300000E-03
 609  -0.304907E-03  -0.662927E-03   0.402714E-01   0.320811E-02   0.350000E-03
 610  -0.634569E-03  -0.686720E-03   0.408954E-01   0.279759E-02   0.150000E-03
 611  -0.491311E-03  -0.158580E-03   0.428125E-01   0.362744E-02   0.450000E-03
 612  -0.833854E-03   0.448504E-04   0.434490E-01   0.314901E-02   0.350000E-03
 613  -0.339461E-03  -0.476614E-03   0.104246E-01   0.863695E-02   0.350000E-03
 614   0.342215E-04   0.151261E-03   0.313830E-02   0.454381E-02   0.200000E-03
 615  -0.494170E-03   0.292618E-03   0.368360E-02   0.448754E-02   0.350000E-03
 616   0.417359E-03  -0.138431E-03   0.568701E-02   0.433077E-02   0.150000E-03
 617   0.273122E-03  -0.944031E-04   0.663906E-02   0.448882E-02   0.350000E-03
 618  -0.267213E-04  -0.331631E-03   0.812248E-02   0.555148E-02   0.300000E-03
 619   0.112875E-03   0.765558E-04   0.930542E-02   0.517822E-02   0.300000E-03
 620  -0.309704E-03  -0.116321E-03   0.988594E-02   0.556152E-02   0.400000E-03
 621  -0.458753E-03   0.859732E-04   0.114054E-01   0.536073E-02   0.250000E-03
 622  -0.483762E-03  -0.467159E-03   0.114531E-01   0.487142E-02   0.250000E-03
 623  -0.352247E-03  -0.452899E-03   0.126781E-01   0.513417E-02   0.350000E-03
 624  -0.276642E-03  -0.187239E-03   0.140028E-01   0.580058E-02   0.200000E-03
 625  -0.304906E-03  -0.214305E-03   0.145322E-01   0.594682E-02   0.350000E-03
 626  -0.585726E-03  -0.851477E-03   0.166442E-01   0.549661E-02   0.150000E-03
 627   0.361032E-03  -0.227879E-03   0.169486E-01   0.566350E-02   0.200000E-03
 628   0.282514E-03  -0.752194E-03   0.175419E-01   0.607503E-02   0.300000E-03
 629   0.362113E-03  -0.925344E-04   0.187525E-01   0.657552E-02   0.450000E-03
 630  -0.349195E-04  -0.117339E-03   0.218077E-01   0.614964E-02   0.300000E-03
 631   0.599451E-04   0.206328E-03   0.226977E-01   0.529450E-02   0.350000E-03
 632  -0.145333E-03  -0.174133E-03   0.237801E-01   0.498434E-02   0.300000E-03
 633  -0.463523E-03   0.548154E-04   0.246170E-01   0.519744E-02   0.250000E-03
 634  -0.365076E-03   0.370490E-03   0.271160E-01   0.453273E-02   0.200000E-03
 635  -0.304595E-03   0.517960E-03   0.277579E-01   0.447857E-02   0.450000E-03
 636  -0.339594E-03   0.429256E-03   0.293338E-01   0.515502E-02   0.300000E-03
 637  -0.631513E-03   0.286457E-03   0.303038E-01   0.566458E-02   0.300000E-03
 638  -0.884494E-03   0.658584E-03   0.321600E-01   0.475010E-02   0.350000E-03
 639  -0.866104E-03   0.380512E-03   0.342974E-01   0.480377E-02   0.250000E-03
 640  -0.731453E-03  -0.460588E-04   0.345080E-01   0.429981E-02   0.300000E-03
 641  -0.725107E-03   0.713223E-03   0.368835E-01   0.529683E-02   0.300000E-03
 642  -0.122575E-02   0.112256E-02   0.372759E-01   0.491519E-02   0.250000E-03
 643  -0.869762E-03   0.999954E-03   0.388078E-01   0.451961E-02   0.250000E-03
 644  -0.180654E-02  -0.341326E-03   0.392881E-01   0.407397E-02   0.400000E-03
 645  -0.783239E-03   0.139979E-03   0.417291E-01   0.386468E-02   0.200000E-03
 646  -0.166210E-02   0.163317E-03   0.407893E-01   0.335447E-02   0.150000E-03
 647  -0.142995E-03   0.197510E-03   0.425792E-01   0.302156E-02   0.200000E-03
 648  -0.636804E-03   0.687676E-03   0.448034E-01   0.354321E-02   0.200000E-03
 649   0.485106E-03  -0.116973E-03   0.717574E-03   0.494814E-02   0.200000E-03
 650   0.715958E-03  -0.376620E-03   0.266398E-02   0.507334E-02   0.350000E-03
 651   0.332482E-03  -0.236137E-03   0.319766E-02   0.404711E-02   0.300000E-03
 652  -0.179090E-03   0.187418E-03   0.458196E-02   0.497556E-02   0.200000E-03
 653   0.254437E-03  -0.118742E-03   0.656769E-02   0.498154E-02   0.150000E-03
 654   0.266339E-04  -0.250157E-03   0.748779E-02   0.525753E-02   0.400000E-03
 655   0.109025E-03  -0.497137E-03   0.876219E-02   0.574469E-02   0.350000E-03
 656   0.141437E-03  -0.526432E-03   0.933835E-02   0.590934E-02   0.250000E-03
 657  -0.515309E-04  -0.701815E-04   0.104605E-01   0.595445E-02   0.300000E-03
 658  -0.373035E-03  -0.207851E-03   0.119787E-01   0.517316E-02   0.350000E-03
 659  -0.203825E-03  -0.341803E-03   0.131519E-01   0.550158E-02   0.250000E-03
 660  -0.383434E-03  -0.599020E-04   0.136191E-01   0.626090E-02   0.400000E-03
 661  -0.212410E-03  -0.122105E-03   0.150484E-01   0.633622E-02   0.300000E-03
 662   0.861965E-04  -0.116049E-03   0.163640E-01   0.646931E-02   0.300000E-03
 663  -0.342866E-03   0.550693E-03   0.166659E-01   0.601113E-02   0.250000E-03
 664   0.460902E-03  -0.305303E-03   0.177766E-01   0.656916E-02   0.250000E-03
 665  -0.105450E-03  -0.198298E-03   0.199555E-01   0.632559E-02   0.300000E-03
 666  -0.166443E-03   0.622066E-03   0.212093E-01   0.640172E-02   0.300000E-03
 667   0.649604E-04  -0.164522E-03   0.223018E-01   0.580634E-02   0.300000E-03
 668  -0.200145E-03  -0.196571E-04   0.233492E-01   0.539908E-02   0.300000E-03
 669  -0.221173E-03   0.219720E-03   0.248265E-01   0.479177E-02   0.100000E-03
 670  -0.150392E-03  -0.438069E-03   0.263213E-01   0.489984E-02   0.200000E-03
 671   0.405004E-03   0.251489E-03   0.284592E-01   0.530658E-02   0.200000E-03
 672  -0.553889E-03  -0.215959E-03   0.280629E-01   0.510659E-02   0.250000E-03
 673  -0.406350E-03   0.210926E-03   0.310041E-01   0.552737E-02   0.350000E-03
 674  -0.454052E-04   0.124345E-03   0.315675E-01   0.511961E-02   0.350000E-03
 675  -0.660739E-03   0.520598E-03   0.325129E-01   0.427031E-02   0.250000E-03
 676  -0.702179E-03   0.290120E-03   0.347957E-01   0.477931E-02   0.250000E-03
 677  -0.764039E-03   0.556088E-03   0.369704E-01   0.598980E-02   0.400000E-03
 678  -0.140710E-02   0.630935E-03   0.374230E-01   0.539207E-02   0.250000E-03
 679  -0.115280E-02   0.631928E-03   0.390990E-01   0.542405E-02   0.200000E-03
 680  -0.110691E-02   0.107817E-02   0.392688E-01   0.490205E-02   0.350000E-03
 681  -0.810577E-03  -0.881217E-04   0.410996E-01   0.390375E-02   0.250000E-03
 682  -0.974468E-03  -0.123688E-03   0.421500E-01   0.341710E-02   0.250000E-03
 683   0.268416E-04  -0.114928E-03   0.440294E-01   0.455442E-02   0.500000E-03
 684  -0.177894E-03   0.411060E-03   0.440486E-01   0.339108E-02   0.300000E-03
 685  -0.885934E-04  -0.438633E-03   0.348761E-03   0.739514E-02   0.350000E-03
 686  -0.174568E-03  -0.776154E-03   0.332844E-02   0.565858E-02   0.350000E-03
 687  -0.121648E-03  -0.325912E-03   0.330885E-02   0.501288E-02   0.300000E-03
 688   0.258068E-03   0.140539E-03   0.502672E-02   0.491958E-02   0.250000E-03
 689   0.250592E-03  -0.664186E-04   0.706851E-02   0.482895E-02   0.200000E-03
 690   0.145574E-03  -0.331781E-03   0.761380E-02   0.598956E-02   0.350000E-03
 691  -0.167470E-03  -0.466428E-03   0.877462E-02   0.651003E-02   0.350000E-03
 692  -0.313569E-03  -0.296422E-03   0.989177E-02   0.625927E-02   0.300000E-03
 693  -0.660595E-04  -0.199216E-03   0.103846E-01   0.649687E-02   0.250000E-03
 694  -0.267604E-03  -0.108832E-03   0.111040E-01   0.587259E-02   0.350000E-03
 695  -0.551813E-03   0.413439E-03   0.128968E-01   0.604412E-02   0.350000E-03
 696  -0.307050E-03  -0.218069E-03   0.146270E-01   0.725908E-02   0.250000E-03
 697  -0.304439E-03  -0.301794E-03   0.143280E-01   0.666453E-02   0.400000E-03
 698  -0.187625E-03  -0.529494E-04   0.156834E-01   0.662315E-02   0.400000E-03
 699  -0.155888E-03  -0.204994E-03   0.170845E-01   0.666685E-02   0.450000E-03
 700   0.808357E-03  -0.342414E-03   0.181280E-01   0.699003E-02   0.300000E-03
 701  -0.199069E-03  -0.114787E-03   0.194907E-01   0.670102E-02   0.300000E-03
 702  -0.331680E-03  -0.617055E-05   0.203605E-01   0.689557E-02   0.400000E-03
 703  -0.834668E-04  -0.219369E-03   0.229766E-01   0.598945E-02   0.400000E-03
 704  -0.134338E-03  -0.213139E-03   0.241112E-01   0.559950E-02   0.400000E-03
 705  -0.211319E-03  -0.500070E-04   0.250916E-01   0.504571E-02   0.250000E-03
 706  -0.497887E-03  -0.300169E-03   0.259067E-01   0.507231E-02   0.250000E-03
 707  -0.196153E-03  -0.176095E-03   0.269213E-01   0.509680E-02   0.400000E-03
 708  -0.224216E-03   0.428277E-03   0.298021E-01   0.544239E-02   0.250000E-03
 709  -0.978314E-03   0.722333E-03   0.320886E-01   0.529489E-02   0.200000E-03
 710  -0.123218E-02   0.454836E-03   0.326908E-01   0.502858E-02   0.250000E-03
 711  -0.626355E-03   0.378130E-03   0.337381E-01   0.459979E-02   0.350000E-03
 712  -0.619127E-03   0.378387E-03   0.351237E-01   0.522056E-02   0.300000E-03
 713  -0.139278E-02   0.379588E-03   0.381595E-01   0.636556E-02   0.350000E-03
 714  -0.939482E-03   0.949364E-03   0.379333E-01   0.570328E-02   0.350000E-03
 715  -0.113598E-02   0.609496E-03   0.388351E-01   0.565066E-02   0.150000E-03
 716  -0.478531E-03   0.668877E-03   0.397403E-01   0.454052E-02   0.250000E-03
 717  -0.127737E-02   0.810247E-03   0.400785E-01   0.366916E-02   0.150000E-03
 718  -0.962652E-03   0.538693E-04   0.421761E-01   0.391528E-02   0.250000E-03
 719  -0.798634E-03  -0.312859E-03   0.448011E-01   0.547268E-02   0.200000E-03
 720  -0.112183E-02  -0.634932E-03   0.434100E-01   0.730815E-02   0.350000E-03
 721   0.526737E-03   0.379699E-03   0.215226E-02   0.408937E-02   0.200000E-03
 722  -0.358669E-05  -0.262112E-03   0.202182E-02   0.516369E-02   0.300000E-03
 723  -0.367322E-04   0.429056E-03   0.424999E-02   0.467631E-02   0.250000E-03
 724   0.136023E-03  -0.134290E-03   0.602141E-02   0.491921E-02   0.400000E-03
 725   0.286051E-03  -0.210983E-03   0.693498E-02   0.515124E-02   0.150000E-03
 726   0.197706E-03  -0.152765E-03   0.653751E-02   0.552910E-02   0.400000E-03
 727  -0.220288E-04  -0.408884E-03   0.824539E-02   0.613795E-02   0.300000E-03
 728   0.122141E-03  -0.429029E-03   0.936452E-02   0.640723E-02   0.250000E-03
 729  -0.320161E-03  -0.275504E-03   0.972216E-02   0.683435E-02   0.300000E-03
 730  -0.450015E-03  -0.295805E-03   0.123554E-01   0.563969E-02   0.250000E-03
 731  -0.557202E-03  -0.211265E-03   0.122135E-01   0.623953E-02   0.350000E-03
 732  -0.342572E-03  -0.110277E-03   0.131023E-01   0.665110E-02   0.250000E-03
 733  -0.233833E-03  -0.267382E-03   0.149429E-01   0.687411E-02   0.250000E-03
 734   0.977943E-04  -0.144289E-03   0.161935E-01   0.693900E-02   0.200000E-03
 735   0.545308E-04   0.418087E-04   0.175618E-01   0.730713E-02   0.350000E-03
 736   0.339620E-03  -0.241946E-03   0.190650E-01   0.736535E-02   0.400000E-03
 737  -0.222432E-03  -0.710713E-04   0.197522E-01   0.724022E-02   0.300000E-03
 738  -0.275089E-03   0.209681E-03   0.214373E-01   0.706148E-02   0.400000E-03
 739  -0.553609E-04  -0.223333E-03   0.223849E-01   0.644839E-02   0.350000E-03
 740  -0.140869E-03  -0.203252E-03   0.236900E-01   0.621771E-02   0.350000E-03
 741  -0.532784E-03  -0.587181E-04   0.247783E-01   0.566704E-02   0.250000E-03
 742  -0.131445E-03  -0.130816E-03   0.263259E-01   0.534872E-02   0.250000E-03
 743  -0.124422E-03  -0.254303E-03   0.275669E-01   0.515021E-02   0.250000E-03
 744  -0.107720E-02   0.473731E-03   0.288412E-01   0.520376E-02   0.200000E-03
 745  -0.100592E-03   0.601504E-03   0.315723E-01   0.571929E-02   0.250000E-03
 746  -0.119338E-02   0.432308E-03   0.328123E-01   0.561453E-02   0.350000E-03
 747  -0.102823E-02   0.251047E-03   0.332712E-01   0.515473E-02   0.300000E-03
 748  -0.536900E-03   0.262908E-03   0.356655E-01   0.486436E-02   0.350000E-03
 749  -0.106169E-02   0.764370E-03   0.363164E-01   0.547780E-02   0.300000E-03
 750  -0.142095E-02   0.806096E-03   0.385070E-01   0.587673E-02   0.250000E-03
 751  -0.137234E-02   0.298225E-03   0.391633E-01   0.595224E-02   0.300000E-03
 752  -0.477652E-05   0.277977E-03   0.401932E-01   0.423938E-02   0.300000E-03
 753  -0.160379E-02   0.586664E-03   0.407484E-01   0.305794E-02   0.150000E-03
 754  -0.109129E-02   0.222002E-03   0.418933E-01   0.419599E-02   0.150000E-03
 755  -0.541669E-03   0.173051E-03   0.425398E-01   0.415999E-02   0.150000E-03
 756  -0.112136E-02  -0.630590E-05   0.431111E-01   0.673044E-02   0.300000E-03
 757   0.251719E-03   0.739919E-03   0.184000E-02   0.454060E-02   0.350000E-03
 758   0.438077E-03  -0.693517E-03   0.402303E-02   0.573735E-02   0.350000E-03
 759   0.531006E-03  -0.273548E-03   0.390142E-02   0.509972E-02   0.300000E-03
 760   0.223814E-03  -0.338519E-03   0.473946E-02   0.562485E-02   0.300000E-03
 761  -0.453673E-04  -0.236205E-03   0.541375E-02   0.543841E-02   0.400000E-03
 762   0.100360E-03  -0.105915E-03   0.593618E-02   0.597420E-02   0.350000E-03
 763   0.798021E-04  -0.363431E-03   0.690668E-02   0.623664E-02   0.400000E-03
 764   0.336937E-03  -0.694162E-03   0.817535E-02   0.676069E-02   0.300000E-03
 765  -0.394510E-03  -0.373004E-03   0.115368E-01   0.641760E-02   0.350000E-03
 766  -0.470122E-03  -0.802854E-04   0.117529E-01   0.578231E-02   0.300000E-03
 767  -0.306022E-03  -0.701098E-04   0.126679E-01   0.654371E-02   0.200000E-03
 768  -0.454285E-03  -0.272324E-03   0.137234E-01   0.690176E-02   0.250000E-03
 769  -0.137410E-03  -0.100646E-03   0.152428E-01   0.739264E-02   0.350000E-03
 770  -0.196254E-03  -0.753188E-04   0.158258E-01   0.725553E-02   0.250000E-03
 771   0.672674E-04  -0.226839E-03   0.165563E-01   0.681942E-02   0.100000E-03
 772   0.796483E-03  -0.339841E-03   0.184225E-01   0.745131E-02   0.250000E-03
 773  -0.108837E-04   0.228322E-03   0.201162E-01   0.783707E-02   0.400000E-03
 774  -0.160708E-03   0.120183E-03   0.208200E-01   0.748336E-02   0.350000E-03
 775  -0.439597E-04  -0.258785E-03   0.232220E-01   0.659020E-02   0.250000E-03
 776  -0.498341E-03  -0.746674E-04   0.248142E-01   0.611393E-02   0.200000E-03
 777  -0.244406E-03  -0.808445E-04   0.255051E-01   0.487095E-02   0.200000E-03
 778  -0.426056E-03   0.146444E-04   0.259141E-01   0.551993E-02   0.200000E-03
 779  -0.382367E-04   0.548106E-03   0.276218E-01   0.569534E-02   0.300000E-03
 780  -0.315144E-03   0.512960E-03   0.293249E-01   0.580336E-02   0.350000E-03
 781  -0.565566E-03   0.301321E-03   0.306917E-01   0.597907E-02   0.200000E-03
 782  -0.992871E-03   0.627021E-03   0.321171E-01   0.579374E-02   0.300000E-03
 783  -0.697072E-03   0.266027E-03   0.339093E-01   0.527695E-02   0.350000E-03
 784  -0.885635E-03   0.323117E-03   0.344544E-01   0.522117E-02   0.200000E-03
 785  -0.497342E-03   0.733089E-03   0.356752E-01   0.556321E-02   0.350000E-03
 786  -0.717978E-03   0.622538E-03   0.375868E-01   0.619261E-02   0.250000E-03
 787  -0.141641E-02   0.357819E-03   0.397262E-01   0.615382E-02   0.300000E-03
 788  -0.132808E-02   0.557679E-03   0.396399E-01   0.550841E-02   0.350000E-03
 789   0.101423E-03   0.159928E-03   0.405696E-01   0.377603E-02   0.300000E-03
 790  -0.593398E-03   0.233378E-04   0.414603E-01   0.430704E-02   0.300000E-03
 791  -0.229601E-03   0.590425E-03   0.431245E-01   0.436361E-02   0.350000E-03
 792  -0.155570E-03   0.768186E-03   0.438870E-01   0.518835E-02   0.150000E-03
 793   0.659986E-03  -0.567467E-03   0.284448E-02   0.553702E-02   0.150000E-03
 794   0.707044E-03  -0.120745E-03   0.242566E-02   0.550873E-02   0.150000E-03
 795   0.164354E-03  -0.398590E-03   0.435736E-02   0.530336E-02   0.200000E-03
 796  -0.107216E-04  -0.814938E-03   0.265364E-02   0.653004E-02   0.300000E-03
 797   0.282786E-03  -0.882578E-03   0.451466E-02   0.630248E-02   0.400000E-03
 798   0.163850E-03  -0.856653E-03   0.518363E-02   0.609785E-02   0.300000E-03
 799   0.145624E-03  -0.720222E-03   0.753060E-02   0.668012E-02   0.350000E-03
 800  -0.198615E-03  -0.773411E-03   0.884264E-02   0.710521E-02   0.250000E-03
 801  -0.248259E-03  -0.312829E-03   0.107992E-01   0.677432E-02   0.250000E-03
 802  -0.413046E-03  -0.367655E-03   0.112662E-01   0.695256E-02   0.250000E-03
 803  -0.408010E-03  -0.426667E-03   0.119961E-01   0.679822E-02   0.250000E-03
 804  -0.405893E-03  -0.275072E-03   0.132497E-01   0.718029E-02   0.300000E-03
 805  -0.350006E-03  -0.182211E-03   0.140817E-01   0.731835E-02   0.300000E-03
 806  -0.132600E-03  -0.323886E-03   0.157175E-01   0.769153E-02   0.200000E-03
 807   0.414335E-04  -0.622205E-06   0.179933E-01   0.772309E-02   0.250000E-03
 808   0.329638E-03   0.218730E-03   0.190864E-01   0.821365E-02   0.450000E-03
 809   0.763950E-03   0.564683E-03   0.214035E-01   0.776659E-02   0.300000E-03
 810  -0.247107E-03   0.184713E-03   0.221359E-01   0.704583E-02   0.300000E-03
 811  -0.132512E-03   0.148683E-03   0.237153E-01   0.686602E-02   0.300000E-03
 812  -0.119210E-03  -0.177633E-03   0.243376E-01   0.626075E-02   0.300000E-03
 813  -0.103716E-03  -0.417696E-04   0.253694E-01   0.557455E-02   0.350000E-03
 814   0.845659E-04   0.716486E-03   0.271230E-01   0.566168E-02   0.200000E-03
 815   0.456079E-03   0.407864E-03   0.285813E-01   0.589134E-02   0.400000E-03
 816  -0.273789E-03   0.546412E-03   0.312311E-01   0.601861E-02   0.200000E-03
 817  -0.779385E-03   0.114104E-02   0.302439E-01   0.625841E-02   0.300000E-03
 818  -0.120362E-02   0.455486E-03   0.325512E-01   0.620764E-02   0.300000E-03
 819  -0.952346E-03   0.471878E-03   0.334504E-01   0.573556E-02   0.300000E-03
 820  -0.691725E-03   0.656427E-03   0.347059E-01   0.564895E-02   0.300000E-03
 821  -0.938898E-03   0.348864E-03   0.362021E-01   0.606479E-02   0.300000E-03
 822  -0.136983E-02   0.344816E-03   0.378231E-01   0.692156E-02   0.300000E-03
 823  -0.151606E-02   0.403661E-03   0.387567E-01   0.632118E-02   0.250000E-03
 824  -0.622857E-03   0.130766E-03   0.408207E-01   0.557768E-02   0.350000E-03
 825  -0.948116E-03   0.239833E-03   0.402616E-01   0.500628E-02   0.450000E-03
 826  -0.698313E-03  -0.312902E-04   0.408142E-01   0.442998E-02   0.350000E-03
 827  -0.873883E-03   0.439586E-03   0.422300E-01   0.441149E-02   0.250000E-03
 828  -0.132260E-02   0.344519E-03   0.402884E-01   0.694317E-02   0.350000E-03
 829   0.422963E-04   0.233716E-04   0.262957E-02   0.593110E-02   0.300000E-03
 830  -0.149912E-03  -0.811597E-03   0.299426E-03   0.526990E-02   0.300000E-03
 831  -0.111044E-03  -0.217734E-03   0.314051E-03   0.576927E-02   0.200000E-03
 832  -0.186340E-03  -0.709713E-03   0.310143E-02   0.621309E-02   0.250000E-03
 833  -0.440287E-05  -0.263506E-03   0.329290E-02   0.672726E-02   0.300000E-03
 834   0.218050E-03  -0.953233E-03   0.509563E-02   0.669103E-02   0.300000E-03
 835   0.449800E-03  -0.716051E-03   0.577129E-02   0.685891E-02   0.300000E-03
 836   0.211151E-03  -0.265094E-03   0.760368E-02   0.737404E-02   0.350000E-03
 837  -0.289787E-03  -0.144940E-03   0.107994E-01   0.632630E-02   0.200000E-03
 838  -0.427401E-03  -0.437463E-03   0.117449E-01   0.734263E-02   0.350000E-03
 839  -0.264059E-03  -0.303068E-03   0.125528E-01   0.713159E-02   0.400000E-03
 840  -0.360846E-03  -0.113593E-03   0.141463E-01   0.791445E-02   0.300000E-03
 841  -0.281997E-03  -0.412174E-05   0.147345E-01   0.779728E-02   0.300000E-03
 842  -0.210479E-03  -0.138412E-03   0.170027E-01   0.763522E-02   0.300000E-03
 843   0.820389E-03   0.401835E-03   0.184387E-01   0.794897E-02   0.250000E-03
 844   0.137485E-03  -0.565139E-04   0.197956E-01   0.845890E-02   0.300000E-03
 845  -0.990493E-04   0.212197E-03   0.207822E-01   0.818038E-02   0.350000E-03
 846  -0.724336E-03   0.124133E-02   0.219053E-01   0.754414E-02   0.250000E-03
 847  -0.501389E-04   0.858523E-04   0.231818E-01   0.713768E-02   0.300000E-03
 848  -0.788038E-04   0.170445E-03   0.244086E-01   0.695561E-02   0.400000E-03
 849  -0.688268E-04   0.844791E-04   0.253402E-01   0.627230E-02   0.350000E-03
 850  -0.440323E-03   0.356837E-03   0.266725E-01   0.563734E-02   0.200000E-03
 851  -0.374100E-03   0.270673E-03   0.265262E-01   0.611069E-02   0.300000E-03
 852  -0.222560E-03   0.437244E-03   0.298867E-01   0.583296E-02   0.150000E-03
 853  -0.594194E-03   0.283334E-03   0.316801E-01   0.632985E-02   0.350000E-03
 854  -0.236287E-03   0.453905E-03   0.327615E-01   0.682171E-02   0.350000E-03
 855  -0.100978E-02   0.561744E-03   0.331493E-01   0.625409E-02   0.300000E-03
 856  -0.623721E-03   0.629219E-03   0.341048E-01   0.599961E-02   0.400000E-03
 857  -0.558339E-03   0.785527E-03   0.351985E-01   0.607058E-02   0.350000E-03
 858  -0.896726E-03   0.755291E-03   0.365539E-01   0.655005E-02   0.300000E-03
 859  -0.136930E-02   0.317240E-03   0.392885E-01   0.648659E-02   0.250000E-03
 860  -0.150944E-02   0.470400E-03   0.402151E-01   0.580667E-02   0.300000E-03
 861  -0.660280E-03   0.938125E-04   0.415180E-01   0.558974E-02   0.350000E-03
 862  -0.585584E-03  -0.112420E-03   0.409917E-01   0.500278E-02   0.250000E-03
 863  -0.528615E-03   0.275168E-03   0.432888E-01   0.514598E-02   0.450000E-03
 864  -0.862469E-03  -0.157866E-03   0.445516E-01   0.607178E-02   0.450000E-03
 865  -0.155166E-03  -0.215671E-03   0.137436E-02   0.511963E-02   0.350000E-03
 866  -0.128089E-03  -0.107011E-03   0.171027E-02   0.555218E-02   0.200000E-03
 867   0.465627E-03  -0.659977E-03   0.203269E-02   0.634363E-02   0.350000E-03
 868   0.455588E-03  -0.742425E-03   0.372910E-02   0.631624E-02   0.300000E-03
 869  -0.932338E-04  -0.810677E-03   0.338479E-02   0.726708E-02   0.250000E-03
 870  -0.361781E-04  -0.387320E-03   0.627244E-02   0.652963E-02   0.300000E-03
 871   0.506567E-04  -0.741948E-03   0.693398E-02   0.693544E-02   0.300000E-03
 872   0.488600E-04  -0.285967E-03   0.921996E-02   0.683160E-02   0.200000E-03
 873  -0.358962E-04  -0.613994E-03   0.102951E-01   0.703608E-02   0.300000E-03
 874  -0.441073E-04  -0.433872E-03   0.116968E-01   0.800279E-02   0.300000E-03
 875  -0.280836E-03  -0.305159E-03   0.122445E-01   0.775793E-02   0.300000E-03
 876  -0.342139E-03  -0.182148E-03   0.135967E-01   0.766728E-02   0.300000E-03
 877  -0.288817E-03  -0.382014E-03   0.147159E-01   0.839661E-02   0.300000E-03
 878  -0.347880E-03  -0.186054E-03   0.163662E-01   0.751117E-02   0.350000E-03
 879   0.591600E-04   0.326907E-05   0.174843E-01   0.790048E-02   0.250000E-03
 880  -0.128016E-04   0.378867E-03   0.177333E-01   0.838999E-02   0.300000E-03
 881   0.282701E-03   0.207194E-03   0.218785E-01   0.813247E-02   0.300000E-03
 882  -0.404449E-03   0.126523E-03   0.226451E-01   0.724935E-02   0.250000E-03
 883  -0.181917E-03  -0.261846E-03   0.228313E-01   0.667177E-02   0.150000E-03
 884  -0.174807E-03   0.251651E-03   0.238869E-01   0.749214E-02   0.350000E-03
 885  -0.563110E-03   0.690046E-03   0.257708E-01   0.740131E-02   0.400000E-03
 886  -0.394599E-03   0.245632E-03   0.259353E-01   0.601722E-02   0.300000E-03
 887   0.503516E-03   0.443742E-03   0.283117E-01   0.658826E-02   0.350000E-03
 888  -0.232225E-03   0.886033E-03   0.295601E-01   0.656580E-02   0.450000E-03
 889  -0.403473E-03   0.670096E-03   0.309188E-01   0.658733E-02   0.450000E-03
 890  -0.711804E-03   0.275258E-03   0.321979E-01   0.662801E-02   0.250000E-03
 891  -0.649366E-03   0.669205E-03   0.337111E-01   0.663536E-02   0.350000E-03
 892  -0.573688E-03   0.771940E-03   0.346520E-01   0.658205E-02   0.400000E-03
 893  -0.105947E-02   0.460212E-03   0.357330E-01   0.643718E-02   0.300000E-03
 894  -0.147507E-02   0.355103E-03   0.385830E-01   0.678950E-02   0.250000E-03
 895  -0.140076E-02   0.387218E-03   0.390912E-01   0.699926E-02   0.300000E-03
 896  -0.665292E-03   0.360542E-03   0.419229E-01   0.696741E-02   0.300000E-03
 897  -0.535547E-03   0.395072E-04   0.424737E-01   0.662283E-02   0.350000E-03
 898  -0.390651E-03   0.677936E-03   0.426333E-01   0.460882E-02   0.200000E-03
 899  -0.337138E-03   0.286247E-03   0.424934E-01   0.520481E-02   0.350000E-03
 900  -0.104087E-02  -0.300731E-03   0.438294E-01   0.573097E-02   0.350000E-03
 901  -0.180881E-03  -0.741712E-04   0.129237E-02   0.571138E-02   0.250000E-03
 902   0.683391E-04  -0.685469E-03   0.310127E-02   0.767861E-02   0.250000E-03
 903   0.359489E-03   0.118303E-03   0.211113E-02   0.574999E-02   0.250000E-03
 904  -0.460415E-05  -0.791543E-03   0.279450E-02   0.716314E-02   0.350000E-03
 905   0.346199E-03  -0.982290E-03   0.403247E-02   0.700189E-02   0.450000E-03
 906  -0.110880E-03  -0.690560E-03   0.589246E-02   0.740000E-02   0.250000E-03
 907   0.500138E-03  -0.598875E-03   0.558434E-02   0.639574E-02   0.200000E-03
 908  -0.212077E-03  -0.513445E-03   0.886675E-02   0.765401E-02   0.300000E-03
 909  -0.448543E-04  -0.633329E-03   0.935803E-02   0.731068E-02   0.300000E-03
 910  -0.212128E-03  -0.131027E-03   0.101054E-01   0.807077E-02   0.300000E-03
 911  -0.337403E-03  -0.515276E-03   0.112512E-01   0.768171E-02   0.250000E-03
 912  -0.198565E-03  -0.328573E-03   0.151937E-01   0.866861E-02   0.250000E-03
 913  -0.178697E-03  -0.358427E-03   0.153345E-01   0.808588E-02   0.350000E-03
 914  -0.265423E-03  -0.430106E-03   0.161146E-01   0.826927E-02   0.450000E-03
 915  -0.223988E-03   0.252401E-03   0.170014E-01   0.833488E-02   0.400000E-03
 916  -0.721798E-04   0.147092E-03   0.203614E-01   0.867308E-02   0.300000E-03
 917  -0.339825E-03   0.445751E-03   0.199507E-01   0.910858E-02   0.300000E-03
 918  -0.630378E-03   0.735184E-03   0.224433E-01   0.781224E-02   0.350000E-03
 919   0.240800E-03   0.696787E-03   0.231426E-01   0.778619E-02   0.350000E-03
 920  -0.546684E-03   0.167397E-03   0.247429E-01   0.645597E-02   0.150000E-03
 921   0.139639E-03   0.919713E-04   0.233175E-01   0.852971E-02   0.350000E-03
 922  -0.398542E-03  -0.130641E-03   0.259181E-01   0.666621E-02   0.350000E-03
 923  -0.755985E-04   0.238943E-03   0.276570E-01   0.634256E-02   0.350000E-03
 924   0.400966E-03   0.348894E-03   0.288779E-01   0.715235E-02   0.450000E-03
 925  -0.479798E-03   0.335301E-03   0.310872E-01   0.736919E-02   0.350000E-03
 926  -0.672978E-03   0.584866E-03   0.316002E-01   0.697185E-02   0.300000E-03
 927  -0.627584E-03   0.396553E-03   0.336275E-01   0.718638E-02   0.200000E-03
 928  -0.487013E-03   0.213419E-02   0.341595E-01   0.649592E-02   0.100000E-03
 929  -0.717644E-03   0.582557E-03   0.372126E-01   0.669915E-02   0.350000E-03
 930  -0.133499E-02   0.356036E-03   0.412219E-01   0.665112E-02   0.300000E-03
 931  -0.554585E-03  -0.476189E-06   0.411908E-01   0.608914E-02   0.250000E-03
 932  -0.142499E-02   0.292756E-03   0.397391E-01   0.670284E-02   0.250000E-03
 933  -0.704245E-03  -0.432557E-04   0.418124E-01   0.627652E-02   0.400000E-03
 934  -0.101871E-02   0.350213E-03   0.412651E-01   0.471154E-02   0.150000E-03
 935  -0.629025E-03   0.624613E-04   0.418091E-01   0.490544E-02   0.400000E-03
 936  -0.929562E-03  -0.405570E-03   0.433685E-01   0.618890E-02   0.300000E-03
 937   0.534899E-03  -0.603351E-03   0.102832E-02   0.723303E-02   0.350000E-03
 938   0.450026E-03  -0.346991E-03   0.298468E-03   0.627004E-02   0.300000E-03
 939   0.211045E-05  -0.678177E-03   0.374055E-02   0.774777E-02   0.350000E-03
 940   0.720633E-03  -0.540074E-03   0.791461E-03   0.593059E-02   0.300000E-03
 941   0.408271E-03  -0.542596E-03   0.166126E-02   0.693569E-02   0.350000E-03
 942   0.396493E-03  -0.673155E-03   0.458978E-02   0.777105E-02   0.500000E-03
 943   0.334013E-03  -0.623505E-03   0.530107E-02   0.730724E-02   0.350000E-03
 944  -0.936755E-04  -0.702616E-03   0.636447E-02   0.712118E-02   0.300000E-03
 945  -0.270517E-03  -0.437067E-03   0.108369E-01   0.732194E-02   0.300000E-03
 946   0.286484E-04  -0.604367E-03   0.985347E-02   0.754787E-02   0.250000E-03
 947  -0.174516E-03  -0.289742E-03   0.129424E-01   0.803193E-02   0.450000E-03
 948  -0.786822E-04  -0.434579E-03   0.125502E-01   0.861121E-02   0.250000E-03
 949   0.682330E-03  -0.599753E-03   0.156961E-01   0.889109E-02   0.300000E-03
 950  -0.282677E-03  -0.478109E-03   0.139952E-01   0.859759E-02   0.400000E-03
 951   0.163717E-04  -0.328113E-04   0.165566E-01   0.887451E-02   0.300000E-03
 952   0.506681E-03   0.413417E-03   0.182816E-01   0.842219E-02   0.250000E-03
 953   0.535816E-05   0.413302E-03   0.209944E-01   0.874116E-02   0.250000E-03
 954   0.138148E-03   0.864564E-04   0.224785E-01   0.866125E-02   0.500000E-03
 955  -0.345210E-03   0.748609E-03   0.236799E-01   0.805308E-02   0.250000E-03
 956  -0.264477E-04   0.707997E-03   0.251332E-01   0.727473E-02   0.250000E-03
 957  -0.121817E-03   0.224955E-04   0.268421E-01   0.766436E-02   0.350000E-03
 958  -0.654050E-04   0.892202E-04   0.265000E-01   0.705406E-02   0.350000E-03
 959  -0.243752E-03   0.287773E-03   0.269927E-01   0.655823E-02   0.350000E-03
 960  -0.792341E-03   0.769090E-03   0.302543E-01   0.680609E-02   0.250000E-03
 961   0.785072E-03   0.729511E-03   0.321248E-01   0.797830E-02   0.400000E-03
 962  -0.341760E-03   0.366498E-03   0.316679E-01   0.751678E-02   0.250000E-03
 963  -0.452217E-03   0.487666E-03   0.332865E-01   0.697885E-02   0.200000E-03
 964  -0.114102E-02   0.529414E-03   0.352985E-01   0.684944E-02   0.300000E-03
 965  -0.856964E-03   0.748640E-03   0.360946E-01   0.685084E-02   0.250000E-03
 966  -0.894892E-03   0.781832E-03   0.366891E-01   0.723618E-02   0.400000E-03
 967  -0.134553E-02   0.371147E-03   0.406497E-01   0.634432E-02   0.350000E-03
 968  -0.149821E-02   0.315431E-03   0.401616E-01   0.625299E-02   0.150000E-03
 969  -0.181625E-03   0.498733E-03   0.447510E-01   0.714895E-02   0.250000E-03
 970  -0.922172E-03  -0.226836E-04   0.442551E-01   0.681316E-02   0.350000E-03
 971  -0.472979E-03  -0.203691E-03   0.427244E-01   0.591624E-02   0.400000E-03
 972  -0.945159E-03  -0.127446E-04   0.436586E-01   0.676222E-02   0.250000E-03
 973   0.720468E-03  -0.640241E-03   0.836676E-03   0.538260E-02   0.250000E-03
 974   0.137867E-03  -0.458441E-03   0.403198E-02   0.827184E-02   0.250000E-03
 975  -0.217033E-03  -0.291944E-03   0.133378E-02   0.630852E-02   0.350000E-03
 976   0.206844E-03  -0.536409E-03   0.772566E-03   0.663570E-02   0.300000E-03
 977   0.705099E-04  -0.246730E-03   0.736238E-02   0.792242E-02   0.250000E-03
 978   0.851087E-04  -0.234793E-03   0.697369E-02   0.753353E-02   0.300000E-03
 979  -0.214653E-04  -0.214990E-03   0.643981E-02   0.766503E-02   0.250000E-03
 980  -0.499411E-04  -0.560876E-03   0.819186E-02   0.783804E-02   0.400000E-03
 981   0.605957E-05  -0.589073E-03   0.103519E-01   0.758030E-02   0.250000E-03
 982   0.323188E-04  -0.245410E-03   0.936876E-02   0.821066E-02   0.450000E-03
 983  -0.224268E-03  -0.549971E-03   0.121587E-01   0.830070E-02   0.250000E-03
 984  -0.940356E-04  -0.713944E-03   0.107574E-01   0.802137E-02   0.350000E-03
 985  -0.332645E-03  -0.524056E-03   0.135791E-01   0.816569E-02   0.200000E-03
 986   0.178972E-03  -0.277337E-04   0.189598E-01   0.946312E-02   0.300000E-03
 987   0.244248E-03   0.860663E-04   0.186574E-01   0.888838E-02   0.350000E-03
 988   0.451987E-03   0.468543E-03   0.193879E-01   0.889858E-02   0.300000E-03
 989   0.342425E-03  -0.380116E-04   0.195084E-01   0.943444E-02   0.250000E-03
 990   0.770813E-03   0.234982E-04   0.213638E-01   0.832344E-02   0.250000E-03
 991   0.969086E-03  -0.274562E-02   0.242763E-01   0.811818E-02   0.350000E-03
 992   0.150389E-02  -0.163107E-02   0.246708E-01   0.760264E-02   0.300000E-03
 993  -0.147287E-03   0.180486E-03   0.250341E-01   0.678525E-02   0.250000E-03
 994  -0.253601E-03   0.267130E-03   0.271336E-01   0.714039E-02   0.250000E-03
 995   0.700604E-03   0.239857E-03   0.277826E-01   0.711836E-02   0.400000E-03
 996  -0.964659E-03   0.298572E-03   0.304398E-01   0.732269E-02   0.300000E-03
 997  -0.496154E-03   0.439121E-03   0.299123E-01   0.717027E-02   0.250000E-03
 998  -0.516834E-03   0.653943E-03   0.321956E-01   0.723183E-02   0.350000E-03
 999   0.784087E-04   0.100491E-02   0.330379E-01   0.735368E-02   0.250000E-03
1000  -0.281761E-03   0.395391E-03   0.341761E-01   0.715861E-02   0.350000E-03
