     1        0.0002500000        0.0002500000        0.0002500000
     2        0.0007977226        0.0003000000        0.0003000000
     3        0.0014457966        0.0003500000        0.0003500000
     4        0.0020938707        0.0003000000        0.0003000000
     5        0.0026415933        0.0002500000        0.0002500000
     6        0.0031415933        0.0002500000        0.0002500000
     7        0.0037332012        0.0003500000        0.0003500000
     8        0.0044332012        0.0003500000        0.0003500000
     9        0.0050248092        0.0002500000        0.0002500000
    10        0.0054720228        0.0002000000        0.0002000000
    11        0.0059192364        0.0002500000        0.0002500000
    12        0.0064192364        0.0002500000        0.0002500000
    13        0.0069669590        0.0003000000        0.0003000000
    14        0.0075146815        0.0002500000        0.0002500000
    15        0.0080624041        0.0003000000        0.0003000000
    16        0.0087104781        0.0003500000        0.0003500000
    17        0.0094588096        0.0004000000        0.0004000000
    18        0.0102588096        0.0004000000        0.0004000000
    19        0.0108244950        0.0002000000        0.0002000000
    20        0.0113143930        0.0003000000        0.0003000000
    21        0.0118621156        0.0002500000        0.0002500000
    22        0.0123621156        0.0002500000        0.0002500000
    23        0.0129945711        0.0004000000        0.0004000000
    24        0.0136270266        0.0002500000        0.0002500000
    25        0.0141747492        0.0003000000        0.0003000000
    26        0.0147747492        0.0003000000        0.0003000000
    27        0.0153224717        0.0002500000        0.0002500000
    28        0.0159140797        0.0003500000        0.0003500000
    29        0.0165056877        0.0002500000        0.0002500000
    30        0.0170534102        0.0003000000        0.0003000000
    31        0.0175433082        0.0002000000        0.0002000000
    32        0.0180724585        0.0003500000        0.0003500000
    33        0.0186016087        0.0002000000        0.0002000000
    34        0.0191307590        0.0003500000        0.0003500000
    35        0.0195890166        0.0001500000        0.0001500000
    36        0.0200472741        0.0003500000        0.0003500000
    37        0.0206953482        0.0003000000        0.0003000000
    38        0.0213434223        0.0003500000        0.0003500000
    39        0.0220434223        0.0003500000        0.0003500000
    40        0.0227434223        0.0003500000        0.0003500000
    41        0.0234917537        0.0004000000        0.0004000000
    42        0.0241242093        0.0002500000        0.0002500000
    43        0.0246719318        0.0003000000        0.0003000000
    44        0.0251618298        0.0002000000        0.0002000000
    45        0.0254446725        0.0001000000        0.0001000000
    46        0.0257609003        0.0002500000        0.0002500000
    47        0.0263525082        0.0003500000        0.0003500000
    48        0.0269441162        0.0002500000        0.0002500000
    49        0.0275357242        0.0003500000        0.0003500000
    50        0.0280648745        0.0002000000        0.0002000000
    51        0.0284648745        0.0002000000        0.0002000000
    52        0.0289940247        0.0003500000        0.0003500000
    53        0.0295856327        0.0002500000        0.0002500000
    54        0.0302180882        0.0004000000        0.0004000000
    55        0.0310180882        0.0004000000        0.0004000000
    56        0.0318666164        0.0004500000        0.0004500000
    57        0.0326603418        0.0003500000        0.0003500000
    58        0.0334086732        0.0004000000        0.0004000000
    59        0.0343031004        0.0005000000        0.0005000000
    60        0.0350102072        0.0002500000        0.0002500000
    61        0.0356426627        0.0004000000        0.0004000000
    62        0.0364426627        0.0004000000        0.0004000000
    63        0.0372426627        0.0004000000        0.0004000000
    64        0.0379354831        0.0003000000        0.0003000000
    65        0.0384832056        0.0002500000        0.0002500000
    66        0.0389832056        0.0002500000        0.0002500000
    67        0.0394832056        0.0002500000        0.0002500000
    68        0.0400309282        0.0003000000        0.0003000000
    69        0.0406309282        0.0003000000        0.0003000000
    70        0.0412309282        0.0003000000        0.0003000000
    71        0.0417786507        0.0002500000        0.0002500000
    72        0.0422258643        0.0002000000        0.0002000000
    73        0.0427915498        0.0004000000        0.0004000000
    74        0.0434843701        0.0003000000        0.0003000000
    75        0.0442589667        0.0005000000        0.0005000000
    76        0.0447500000        0.0010669095        0.0002500000
    77        0.0003000000        0.0007977226        0.0003000000
    78        0.0008925183        0.0008924249        0.0003000000
    79        0.0015242812        0.0010455454        0.0003500000
    80        0.0020915903        0.0008500594        0.0002500000
    81        0.0026916322        0.0008478446        0.0003500000
    82        0.0034189161        0.0010309366        0.0004000000
    83        0.0041682268        0.0009979600        0.0003500000
    84        0.0048769721        0.0006749566        0.0002000000
    85        0.0054221777        0.0007476657        0.0003500000
    86        0.0061649669        0.0008517100        0.0004000000
    87        0.0069088488        0.0009473512        0.0003500000
    88        0.0075417360        0.0007992761        0.0003000000
    89        0.0081763779        0.0009398952        0.0003500000
    90        0.0088244991        0.0009898751        0.0003000000
    91        0.0093718794        0.0010441616        0.0002500000
    92        0.0099700089        0.0010921904        0.0003500000
    93        0.0107885259        0.0005480356        0.0001500000
    94        0.0111092320        0.0008638051        0.0003000000
    95        0.0116763376        0.0007141608        0.0002500000
    96        0.0121180843        0.0006281845        0.0002000000
    97        0.0124939622        0.0006277675        0.0001500000
    98        0.0135710601        0.0007971080        0.0003000000
    99        0.0142420352        0.0009967207        0.0004000000
   100        0.0149874998        0.0009141411        0.0003500000
   101        0.0156370954        0.0009380704        0.0003000000
   102        0.0164115364        0.0008425344        0.0003500000
   103        0.0171035786        0.0009480102        0.0003500000
   104        0.0178019888        0.0009956738        0.0003500000
   105        0.0185922275        0.0006498284        0.0002500000
   106        0.0190834645        0.0011485545        0.0004500000
   107        0.0198079088        0.0009543754        0.0003000000
   108        0.0205076619        0.0009743818        0.0004000000
   109        0.0212075355        0.0009855736        0.0003000000
   110        0.0218068213        0.0009554439        0.0003000000
   111        0.0224047260        0.0009048534        0.0003000000
   112        0.0230583143        0.0007384765        0.0001500000
   113        0.0240184950        0.0006873416        0.0002000000
   114        0.0244840638        0.0008698218        0.0003000000
   115        0.0251207819        0.0006982579        0.0003000000
   116        0.0257528776        0.0008498987        0.0003500000
   117        0.0263008242        0.0008974816        0.0002000000
   118        0.0268499649        0.0008425344        0.0003500000
   119        0.0274415850        0.0009425247        0.0002500000
   120        0.0281392533        0.0007953322        0.0004000000
   121        0.0288823878        0.0010916156        0.0004000000
   122        0.0295924218        0.0008500026        0.0003500000
   123        0.0302249571        0.0011499344        0.0003500000
   124        0.0309249383        0.0011441582        0.0003500000
   125        0.0313858951        0.0008089613        0.0001500000
   126        0.0324076830        0.0008941590        0.0002500000
   127        0.0330238240        0.0011013663        0.0004000000
   128        0.0337194309        0.0009709566        0.0002500000
   129        0.0350452033        0.0007988280        0.0003000000
   130        0.0355093544        0.0009849756        0.0002000000
   131        0.0360427425        0.0008472080        0.0002000000
   132        0.0368427121        0.0011499939        0.0004500000
   133        0.0377889687        0.0009844467        0.0004000000
   134        0.0385836300        0.0008921489        0.0004000000
   135        0.0392041225        0.0006984934        0.0002500000
   136        0.0397990472        0.0009604515        0.0004000000
   137        0.0404949274        0.0008844230        0.0003000000
   138        0.0412264594        0.0010499591        0.0004500000
   139        0.0418560962        0.0007440419        0.0002500000
   140        0.0424011751        0.0010982783        0.0004000000
   141        0.0433073740        0.0008732497        0.0003000000
   142        0.0438578801        0.0013056751        0.0004000000
   143        0.0445094645        0.0015614655        0.0003000000
   144        0.0446000000        0.0022555861        0.0004000000
   145        0.0002500000        0.0013454451        0.0002500000
   146        0.0007827489        0.0014822782        0.0003000000
   147        0.0013832488        0.0017311679        0.0003500000
   148        0.0020694596        0.0013995681        0.0003000000
   149        0.0027023789        0.0015477400        0.0003500000
   150        0.0032902365        0.0016680383        0.0002500000
   151        0.0038571892        0.0015109944        0.0002500000
   152        0.0048893421        0.0013444444        0.0004500000
   153        0.0056953594        0.0012251042        0.0002000000
   154        0.0065101817        0.0014606946        0.0003000000
   155        0.0073761906        0.0013237075        0.0002500000
   156        0.0079378660        0.0016509378        0.0004000000
   157        0.0085103658        0.0013120055        0.0001500000
   158        0.0091006518        0.0015225753        0.0003000000
   159        0.0096811697        0.0016745178        0.0003000000
   160        0.0105010789        0.0009488716        0.0002000000
   161        0.0107789008        0.0013646498        0.0003000000
   162        0.0115660033        0.0012529196        0.0003000000
   163        0.0121526138        0.0011269400        0.0003000000
   164        0.0128500880        0.0011868479        0.0004000000
   165        0.0134818597        0.0013397553        0.0002500000
   166        0.0139479144        0.0016319189        0.0003000000
   167        0.0147310197        0.0015654298        0.0003500000
   168        0.0154309630        0.0015545587        0.0003500000
   169        0.0161809971        0.0015562610        0.0004000000
   170        0.0168810208        0.0015587613        0.0003000000
   171        0.0174810645        0.0015609688        0.0003000000
   172        0.0183568358        0.0013343954        0.0003000000
   173        0.0196933199        0.0014922320        0.0002500000
   174        0.0201908926        0.0015419968        0.0002500000
   175        0.0209543031        0.0016381132        0.0004000000
   176        0.0215782182        0.0014557592        0.0002500000
   177        0.0221447365        0.0013894628        0.0002500000
   178        0.0229415047        0.0011729750        0.0003000000
   179        0.0234085175        0.0009942310        0.0002000000
   180        0.0238777364        0.0011670600        0.0003000000
   181        0.0243432900        0.0013495410        0.0002000000
   182        0.0249482627        0.0013248889        0.0003500000
   183        0.0255419737        0.0014115409        0.0002500000
   184        0.0261323860        0.0013146892        0.0002500000
   185        0.0266616151        0.0014646456        0.0003000000
   186        0.0273509999        0.0015861356        0.0004000000
   187        0.0280442439        0.0014888865        0.0003000000
   188        0.0286184456        0.0017936182        0.0003500000
   189        0.0294604508        0.0014864306        0.0003000000
   190        0.0299701752        0.0016931086        0.0002500000
   191        0.0305795249        0.0016947481        0.0003000000
   192        0.0314749466        0.0011473512        0.0002000000
   193        0.0318722426        0.0010999828        0.0002000000
   194        0.0322545409        0.0014223527        0.0003000000
   195        0.0327767357        0.0018094736        0.0003500000
   196        0.0335730869        0.0014489862        0.0002500000
   197        0.0341452312        0.0012331797        0.0002500000
   198        0.0346928738        0.0012845363        0.0003000000
   199        0.0352757034        0.0014269563        0.0003000000
   200        0.0358651391        0.0012606090        0.0002500000
   201        0.0362673820        0.0017058646        0.0003500000
   202        0.0374465116        0.0015949155        0.0003000000
   203        0.0382454837        0.0014472141        0.0002500000
   204        0.0391581156        0.0011962970        0.0002500000
   205        0.0395160242        0.0015455647        0.0002500000
   206        0.0402846591        0.0013925699        0.0002500000
   207        0.0407723861        0.0016468947        0.0003000000
   208        0.0418251263        0.0016533615        0.0004000000
   209        0.0430302244        0.0014053485        0.0003000000
   210        0.0434274897        0.0019198679        0.0003500000
   211        0.0440370635        0.0019305122        0.0002500000
   212        0.0448500000        0.0027454840        0.0001500000
   213        0.0003000000        0.0018931677        0.0003000000
   214        0.0003500000        0.0019672817        0.0003500000
   215        0.0009685057        0.0022949976        0.0003500000
   216        0.0020081634        0.0020466355        0.0003500000
   217        0.0025572496        0.0020781853        0.0002000000
   218        0.0030853553        0.0022319295        0.0003500000
   219        0.0037738106        0.0021052110        0.0003500000
   220        0.0043927107        0.0019065172        0.0003000000
   221        0.0055481680        0.0017028661        0.0003000000
   222        0.0060871943        0.0018123218        0.0002500000
   223        0.0070336169        0.0017539246        0.0003000000
   224        0.0074670362        0.0021689218        0.0003000000
   225        0.0086589436        0.0021895150        0.0005000000
   226        0.0094080411        0.0021519645        0.0002500000
   227        0.0102806970        0.0016991212        0.0003000000
   228        0.0112258956        0.0016850972        0.0002500000
   229        0.0119684724        0.0016979554        0.0003000000
   230        0.0126492615        0.0020127583        0.0004500000
   231        0.0132236178        0.0017083874        0.0002000000
   232        0.0135536213        0.0020841389        0.0003000000
   233        0.0143430988        0.0021480609        0.0003500000
   234        0.0150895548        0.0021076410        0.0003000000
   235        0.0157632634        0.0020542035        0.0002500000
   236        0.0166150817        0.0020401162        0.0002500000
   237        0.0172050643        0.0021494874        0.0003500000
   238        0.0180528039        0.0019648911        0.0004000000
   239        0.0187362376        0.0018133850        0.0003000000
   240        0.0193612409        0.0019919954        0.0003500000
   241        0.0199049563        0.0018894128        0.0002000000
   242        0.0204090645        0.0019919520        0.0002500000
   243        0.0214660720        0.0018396155        0.0001500000
   244        0.0219093152        0.0018305044        0.0002500000
   245        0.0226143192        0.0016758744        0.0003000000
   246        0.0233591424        0.0013406268        0.0001500000
   247        0.0236313334        0.0018753768        0.0004500000
   248        0.0240881846        0.0015072240        0.0001000000
   249        0.0245427204        0.0016963889        0.0002000000
   250        0.0252710011        0.0020569150        0.0004500000
   251        0.0258666173        0.0015425662        0.0001000000
   252        0.0261900723        0.0019119823        0.0003500000
   253        0.0268561259        0.0019253469        0.0002000000
   254        0.0279097608        0.0022266893        0.0004500000
   255        0.0285499478        0.0023392600        0.0002000000
   256        0.0292212940        0.0020366542        0.0003000000
   257        0.0298258797        0.0022754358        0.0003500000
   258        0.0305226900        0.0023422094        0.0003500000
   259        0.0310790655        0.0016720862        0.0002000000
   260        0.0315778459        0.0016366033        0.0003000000
   261        0.0320806219        0.0020486200        0.0003500000
   262        0.0326410555        0.0025470672        0.0004000000
   263        0.0334397955        0.0020339212        0.0003500000
   264        0.0339988892        0.0017112113        0.0002500000
   265        0.0344916352        0.0017964277        0.0002500000
   266        0.0349824286        0.0018922984        0.0002500000
   267        0.0356465959        0.0018986409        0.0003000000
   268        0.0368498686        0.0018499382        0.0002500000
   269        0.0373133040        0.0022310880        0.0003500000
   270        0.0379700564        0.0019801974        0.0003500000
   271        0.0387761105        0.0015920387        0.0003000000
   272        0.0392047063        0.0019367234        0.0002500000
   273        0.0399161081        0.0015482224        0.0001500000
   274        0.0401903493        0.0020357468        0.0004000000
   275        0.0412400171        0.0019365056        0.0002500000
   276        0.0425118153        0.0017894370        0.0003000000
   277        0.0428907605        0.0021881543        0.0002500000
   278        0.0438075234        0.0023174907        0.0002000000
   279        0.0441012533        0.0025891625        0.0002000000
   280        0.0446000636        0.0027555629        0.0001000000
   281        0.0446500000        0.0032037416        0.0003500000
   282        0.0001500000        0.0024255393        0.0001500000
   283        0.0004828927        0.0026474158        0.0002500000
   284        0.0015517006        0.0024361207        0.0002500000
   285        0.0024115091        0.0025564166        0.0003000000
   286        0.0029029631        0.0028034954        0.0002500000
   287        0.0034942765        0.0025196872        0.0001500000
   288        0.0042700200        0.0024425960        0.0002500000
   289        0.0049637744        0.0020907238        0.0003000000
   290        0.0055252402        0.0023023894        0.0003000000
   291        0.0061223849        0.0023611428        0.0003000000
   292        0.0067723117        0.0023491294        0.0003500000
   293        0.0073264452        0.0028546098        0.0004000000
   294        0.0079876976        0.0026248320        0.0003000000
   295        0.0093041905        0.0027428689        0.0003500000
   296        0.0099075429        0.0021757177        0.0002500000
   297        0.0104914269        0.0023139769        0.0003500000
   298        0.0111907711        0.0022840123        0.0003500000
   299        0.0118882774        0.0023429357        0.0003500000
   300        0.0124506428        0.0028392081        0.0004000000
   301        0.0132992346        0.0027897335        0.0004500000
   302        0.0138973497        0.0023746741        0.0001500000
   303        0.0147851519        0.0026246400        0.0003000000
   304        0.0155055534        0.0025400481        0.0003000000
   305        0.0161935038        0.0023090649        0.0002500000
   306        0.0167371654        0.0025250361        0.0002500000
   307        0.0177217514        0.0026931559        0.0004000000
   308        0.0186025628        0.0023982559        0.0003000000
   309        0.0190968129        0.0024743119        0.0002000000
   310        0.0198526581        0.0023363073        0.0002500000
   311        0.0204264881        0.0026416905        0.0004000000
   312        0.0210538178        0.0023310378        0.0003000000
   313        0.0215923134        0.0022190791        0.0002500000
   314        0.0222573144        0.0024378552        0.0004500000
   315        0.0230573485        0.0024326692        0.0003500000
   316        0.0243562571        0.0022137465        0.0003500000
   317        0.0248138467        0.0025190271        0.0002000000
   318        0.0259013270        0.0025495950        0.0003500000
   319        0.0266535472        0.0024366051        0.0003500000
   320        0.0272527540        0.0024683708        0.0002500000
   321        0.0283469844        0.0025603903        0.0001000000
   322        0.0289352928        0.0024468186        0.0002000000
   323        0.0293592923        0.0027972622        0.0003500000
   324        0.0301338803        0.0027311571        0.0002000000
   325        0.0312093838        0.0022063450        0.0003500000
   326        0.0317416373        0.0026610352        0.0003500000
   327        0.0322043108        0.0029585315        0.0002000000
   328        0.0332875479        0.0026142269        0.0002500000
   329        0.0340131176        0.0022109465        0.0002500000
   330        0.0344618139        0.0022453729        0.0002000000
   331        0.0349536737        0.0024915795        0.0003500000
   332        0.0356036372        0.0024970504        0.0003000000
   333        0.0361855623        0.0023507245        0.0003000000
   334        0.0367497690        0.0025550666        0.0003000000
   335        0.0378152644        0.0025598464        0.0002500000
   336        0.0386260779        0.0022244515        0.0003500000
   337        0.0391155323        0.0023265892        0.0001500000
   338        0.0395820352        0.0022648759        0.0002500000
   339        0.0408180402        0.0022048077        0.0002500000
   340        0.0415983729        0.0022088356        0.0002000000
   341        0.0421542501        0.0022711943        0.0003000000
   342        0.0425875747        0.0025205595        0.0002000000
   343        0.0433167534        0.0027436247        0.0004500000
   344        0.0439612636        0.0030167753        0.0002500000
   345        0.0440768766        0.0036055899        0.0003500000
   346        0.0448000000        0.0037328918        0.0002000000
   347        0.0003000000        0.0031661164        0.0003000000
   348        0.0009457628        0.0029445788        0.0003000000
   349        0.0014405422        0.0028722359        0.0002000000
   350        0.0019672115        0.0030309041        0.0003500000
   351        0.0025226555        0.0030439444        0.0002000000
   352        0.0034288015        0.0029648062        0.0003000000
   353        0.0038199937        0.0026533291        0.0002000000
   354        0.0041294678        0.0028170445        0.0001500000
   355        0.0047460252        0.0025957447        0.0002500000
   356        0.0052846099        0.0029597068        0.0004000000
   357        0.0059844406        0.0029449932        0.0003000000
   358        0.0066220521        0.0032339611        0.0004000000
   359        0.0078964207        0.0031671369        0.0002500000
   360        0.0084331467        0.0028520871        0.0002000000
   361        0.0088167597        0.0031729081        0.0003000000
   362        0.0099539171        0.0027236846        0.0003000000
   363        0.0104701557        0.0029135640        0.0002500000
   364        0.0110672753        0.0029730376        0.0003500000
   365        0.0117172980        0.0029700751        0.0003000000
   366        0.0120866606        0.0033776989        0.0002500000
   367        0.0128649103        0.0032732969        0.0002000000
   368        0.0139986657        0.0027615350        0.0002500000
   369        0.0144066936        0.0029514689        0.0002000000
   370        0.0151936444        0.0029929924        0.0002500000
   371        0.0160962656        0.0030022370        0.0004500000
   372        0.0168436934        0.0030645452        0.0003000000
   373        0.0174137485        0.0033769775        0.0003500000
   374        0.0183989830        0.0030154780        0.0003500000
   375        0.0190989305        0.0030242248        0.0003500000
   376        0.0197984008        0.0030516725        0.0003500000
   377        0.0210639796        0.0029309042        0.0003000000
   378        0.0214811814        0.0026551885        0.0002000000
   379        0.0218027151        0.0029701458        0.0002500000
   380        0.0227485669        0.0030046023        0.0003000000
   381        0.0236786291        0.0026238638        0.0003000000
   382        0.0242921657        0.0029609662        0.0004000000
   383        0.0249917231        0.0029862610        0.0003000000
   384        0.0255781007        0.0031135621        0.0003000000
   385        0.0263365233        0.0028859588        0.0002000000
   386        0.0270259658        0.0029693865        0.0003000000
   387        0.0276756372        0.0029916859        0.0003500000
   388        0.0284230108        0.0030545177        0.0004000000
   389        0.0290487684        0.0033682318        0.0003000000
   390        0.0298606718        0.0030234018        0.0002000000
   391        0.0306176518        0.0030861294        0.0004000000
   392        0.0312648441        0.0030253522        0.0002500000
   393        0.0318422189        0.0033032561        0.0003000000
   394        0.0325601033        0.0031415570        0.0002000000
   395        0.0330385813        0.0029271776        0.0001500000
   396        0.0338608541        0.0027912657        0.0003500000
   397        0.0344915349        0.0029487405        0.0003000000
   398        0.0353256934        0.0030845713        0.0003500000
   399        0.0361255584        0.0030982575        0.0004500000
   400        0.0370112950        0.0032579464        0.0004500000
   401        0.0376766135        0.0030403113        0.0002500000
   402        0.0383129713        0.0027940748        0.0003000000
   403        0.0390037440        0.0028138522        0.0003500000
   404        0.0395445177        0.0027133554        0.0002000000
   405        0.0399907022        0.0026543585        0.0002500000
   406        0.0405169078        0.0025391166        0.0002000000
   407        0.0412372373        0.0024774076        0.0002500000
   408        0.0417739347        0.0025117254        0.0001500000
   409        0.0421905042        0.0029702803        0.0004000000
   410        0.0428099010        0.0032964740        0.0003000000
   411        0.0435071515        0.0034172512        0.0002500000
   412        0.0444829066        0.0039765619        0.0002000000
   413        0.0447000000        0.0044269733        0.0003000000
   414        0.0002000000        0.0036560143        0.0002000000
   415        0.0007414960        0.0034008878        0.0002000000
   416        0.0013781795        0.0034950984        0.0004000000
   417        0.0024010662        0.0035802592        0.0003500000
   418        0.0028370290        0.0031979779        0.0001500000
   419        0.0031402113        0.0033731293        0.0002000000
   420        0.0039124503        0.0030917261        0.0002000000
   421        0.0044921247        0.0030836064        0.0003000000
   422        0.0048867492        0.0035356237        0.0003000000
   423        0.0057388278        0.0034923662        0.0003000000
   424        0.0062254012        0.0037489385        0.0002500000
   425        0.0072751228        0.0036028152        0.0003500000
   426        0.0078717461        0.0036664603        0.0002500000
   427        0.0085077039        0.0038010161        0.0004000000
   428        0.0093766184        0.0033887904        0.0003000000
   429        0.0100754402        0.0034300297        0.0004000000
   430        0.0108008723        0.0036202953        0.0003500000
   431        0.0114428714        0.0035035821        0.0003000000
   432        0.0119282059        0.0040080455        0.0004000000
   433        0.0125551865        0.0036657007        0.0003000000
   434        0.0133149613        0.0035895720        0.0003500000
   435        0.0140484218        0.0034328305        0.0004000000
   436        0.0147983696        0.0034444296        0.0003500000
   437        0.0155081190        0.0033818398        0.0002500000
   438        0.0165539276        0.0035319381        0.0002500000
   439        0.0169808035        0.0037924271        0.0002500000
   440        0.0180385235        0.0035564118        0.0003000000
   441        0.0187421704        0.0035675312        0.0003000000
   442        0.0194347314        0.0033947094        0.0001500000
   443        0.0203809226        0.0033401692        0.0003000000
   444        0.0210184292        0.0036293795        0.0004000000
   445        0.0217085684        0.0035121089        0.0003000000
   446        0.0222396463        0.0032132993        0.0002500000
   447        0.0233698008        0.0031957377        0.0003500000
   448        0.0239145908        0.0035503605        0.0003000000
   449        0.0247152203        0.0035186980        0.0003000000
   450        0.0252288257        0.0033083721        0.0001000000
   451        0.0261829698        0.0034659313        0.0004000000
   452        0.0268327440        0.0034844049        0.0002500000
   453        0.0274737619        0.0037657741        0.0004500000
   454        0.0282733918        0.0037894076        0.0003500000
   455        0.0288654198        0.0038867159        0.0002500000
   456        0.0296753286        0.0035411792        0.0003500000
   457        0.0302681187        0.0036341879        0.0002500000
   458        0.0311165862        0.0035027877        0.0002500000
   459        0.0315714649        0.0038941371        0.0003500000
   460        0.0323631141        0.0036010552        0.0003000000
   461        0.0329725420        0.0033216263        0.0002500000
   462        0.0335992633        0.0034941716        0.0004000000
   463        0.0342471550        0.0034415344        0.0002500000
   464        0.0348959218        0.0038179096        0.0005000000
   465        0.0356883302        0.0037076540        0.0003000000
   466        0.0364620120        0.0037685835        0.0003000000
   467        0.0377147088        0.0036390660        0.0003500000
   468        0.0383168109        0.0033940993        0.0003000000
   469        0.0388668609        0.0033980667        0.0002500000
   470        0.0394936081        0.0031603922        0.0002500000
   471        0.0398742086        0.0030370732        0.0001500000
   472        0.0403624410        0.0029080143        0.0002000000
   473        0.0408706656        0.0028174198        0.0002500000
   474        0.0414161009        0.0031710725        0.0004000000
   475        0.0423091942        0.0037108741        0.0003500000
   476        0.0431013338        0.0039875620        0.0004500000
   477        0.0438198428        0.0042025439        0.0003000000
   478        0.0440972357        0.0049529373        0.0005000000
   479        0.0447500000        0.0053222594        0.0002500000
   480        0.0002500000        0.0041032279        0.0002500000
   481        0.0007613389        0.0039005532        0.0003000000
   482        0.0012874442        0.0041891557        0.0003000000
   483        0.0018860779        0.0039767564        0.0003000000
   484        0.0030188410        0.0039094893        0.0003500000
   485        0.0035320593        0.0034539790        0.0002000000
   486        0.0039743188        0.0035373948        0.0002500000
   487        0.0043945591        0.0040333332        0.0004000000
   488        0.0053304149        0.0038606526        0.0002500000
   489        0.0058269335        0.0041974503        0.0003500000
   490        0.0067084946        0.0038781564        0.0002500000
   491        0.0071265805        0.0042355863        0.0003000000
   492        0.0076646832        0.0041216564        0.0002500000
   493        0.0081219272        0.0043241879        0.0002500000
   494        0.0089417068        0.0035527955        0.0001000000
   495        0.0092580290        0.0040786077        0.0004000000
   496        0.0099567817        0.0041198403        0.0003000000
   497        0.0106186720        0.0043477995        0.0004000000
   498        0.0113807108        0.0045913867        0.0004000000
   499        0.0125442454        0.0042155163        0.0002500000
   500        0.0129367653        0.0039888614        0.0002000000
   501        0.0137547913        0.0040682280        0.0003000000
   502        0.0144574006        0.0039380781        0.0002500000
   503        0.0152914596        0.0039413144        0.0003500000
   504        0.0159114817        0.0036773908        0.0002500000
   505        0.0163435025        0.0040937969        0.0003500000
   506        0.0169766627        0.0043923686        0.0003500000
   507        0.0173722244        0.0038752327        0.0001500000
   508        0.0177669589        0.0040914347        0.0003000000
   509        0.0184158690        0.0041297402        0.0003500000
   510        0.0193124616        0.0038794550        0.0003500000
   511        0.0200124944        0.0038757354        0.0003500000
   512        0.0206020804        0.0042531417        0.0003500000
   513        0.0215954936        0.0042534946        0.0004500000
   514        0.0221862286        0.0036600356        0.0002000000
   515        0.0226197915        0.0035393457        0.0002500000
   516        0.0231088747        0.0037910571        0.0003000000
   517        0.0236720042        0.0042069314        0.0004000000
   518        0.0244135446        0.0040945016        0.0003500000
   519        0.0252858334        0.0037042039        0.0003000000
   520        0.0257953025        0.0041079494        0.0003500000
   521        0.0266176154        0.0038795793        0.0002000000
   522        0.0269344150        0.0040286644        0.0001500000
   523        0.0279398295        0.0042880875        0.0002500000
   524        0.0285850751        0.0043598505        0.0003000000
   525        0.0293889680        0.0041799113        0.0003500000
   526        0.0300373339        0.0041334794        0.0003000000
   527        0.0307316024        0.0038219291        0.0002500000
   528        0.0310564929        0.0042020834        0.0002500000
   529        0.0321618159        0.0041662046        0.0003000000
   530        0.0328713932        0.0038112435        0.0002500000
   531        0.0333325693        0.0041951324        0.0003500000
   532        0.0341090788        0.0039738824        0.0003000000
   533        0.0344393935        0.0044748356        0.0003000000
   534        0.0354559281        0.0040333608        0.0001000000
   535        0.0360504459        0.0040524146        0.0002000000
   536        0.0370756719        0.0041054866        0.0004000000
   537        0.0377514975        0.0042879808        0.0003000000
   538        0.0382350317        0.0039379244        0.0002500000
   539        0.0388321328        0.0039970225        0.0003500000
   540        0.0394126110        0.0037044813        0.0003000000
   541        0.0398824737        0.0033868929        0.0002000000
   542        0.0404721572        0.0034978630        0.0004000000
   543        0.0410802095        0.0037274875        0.0002500000
   544        0.0416691251        0.0038237033        0.0003000000
   545        0.0425269404        0.0041610485        0.0001500000
   546        0.0432670815        0.0047702313        0.0003500000
   547        0.0443336499        0.0058213630        0.0004000000
   548        0.0447000000        0.0064178423        0.0003000000
   549        0.0003000000        0.0046509505        0.0003000000
   550        0.0009437808        0.0047409198        0.0003500000
   551        0.0017369658        0.0045061222        0.0002500000
   552        0.0023971117        0.0041802132        0.0002500000
   553        0.0028047027        0.0044699423        0.0002500000
   554        0.0036607690        0.0041886986        0.0003500000
   555        0.0050529245        0.0043925785        0.0003500000
   556        0.0055495207        0.0047294036        0.0002500000
   557        0.0063767788        0.0041823214        0.0002000000
   558        0.0066745957        0.0044494701        0.0002000000
   559        0.0075829282        0.0047664619        0.0004000000
   560        0.0083227930        0.0048895218        0.0003500000
   561        0.0090721186        0.0048567386        0.0004000000
   562        0.0097503036        0.0046832590        0.0003000000
   563        0.0102600668        0.0048899630        0.0002500000
   564        0.0108437683        0.0049576284        0.0002500000
   565        0.0120733700        0.0046927856        0.0003000000
   566        0.0126706160        0.0047507283        0.0003000000
   567        0.0131762166        0.0044276931        0.0003000000
   568        0.0137577338        0.0047181846        0.0003500000
   569        0.0144961285        0.0045868620        0.0004000000
   570        0.0152893073        0.0046912730        0.0004000000
   571        0.0160386288        0.0047239663        0.0003500000
   572        0.0165858548        0.0047794656        0.0002000000
   573        0.0175699027        0.0046580763        0.0003000000
   574        0.0182048723        0.0047971215        0.0003500000
   575        0.0190047886        0.0045081775        0.0003500000
   576        0.0197048215        0.0045045412        0.0003500000
   577        0.0202024769        0.0045537315        0.0001500000
   578        0.0210180905        0.0048772448        0.0004000000
   579        0.0224952444        0.0042318210        0.0004500000
   580        0.0231192677        0.0045490723        0.0002500000
   581        0.0241588112        0.0046376955        0.0002500000
   582        0.0250764032        0.0043194877        0.0003500000
   583        0.0255858524        0.0047232369        0.0003000000
   584        0.0264326348        0.0043974662        0.0003500000
   585        0.0270801519        0.0044543521        0.0003000000
   586        0.0275715956        0.0045468092        0.0002000000
   587        0.0281768612        0.0047283945        0.0002500000
   588        0.0290636779        0.0047997142        0.0003500000
   589        0.0297992068        0.0046841473        0.0003000000
   590        0.0305572801        0.0044330411        0.0003000000
   591        0.0315128928        0.0045916330        0.0003500000
   592        0.0321391752        0.0047657308        0.0003000000
   593        0.0327710445        0.0046131839        0.0003500000
   594        0.0338264363        0.0046912600        0.0003500000
   595        0.0349377118        0.0045166511        0.0002000000
   596        0.0353946251        0.0043780196        0.0002500000
   597        0.0358858345        0.0044711298        0.0002500000
   598        0.0364148950        0.0043165011        0.0002500000
   599        0.0367850974        0.0048508158        0.0004000000
   600        0.0376169063        0.0050257501        0.0004500000
   601        0.0383195226        0.0044813471        0.0003000000
   602        0.0388971831        0.0046437233        0.0003000000
   603        0.0394777025        0.0043512483        0.0003500000
   604        0.0400610635        0.0040644605        0.0003000000
   605        0.0407276650        0.0041495915        0.0003000000
   606        0.0413349756        0.0043811678        0.0003500000
   607        0.0420208258        0.0041791763        0.0002000000
   608        0.0423421810        0.0046256035        0.0003500000
   609        0.0427141393        0.0052769006        0.0004000000
   610        0.0434775326        0.0052784449        0.0002000000
   611        0.0437846930        0.0055792953        0.0002000000
   612        0.0440579549        0.0065189007        0.0003500000
   614        0.0002000000        0.0051408484        0.0002000000
   615        0.0006639032        0.0053275862        0.0003000000
   616        0.0015806863        0.0051370102        0.0004000000
   617        0.0024271883        0.0050594657        0.0004500000
   618        0.0033251676        0.0048594012        0.0004000000
   619        0.0040903199        0.0046076908        0.0002500000
   620        0.0045864225        0.0048452452        0.0003000000
   621        0.0051342329        0.0050900649        0.0003000000
   622        0.0060963358        0.0047889698        0.0003000000
   623        0.0065461724        0.0047751783        0.0001500000
   624        0.0069761892        0.0047123826        0.0002000000
   625        0.0069768927        0.0053624445        0.0004500000
   626        0.0079272957        0.0051953031        0.0001500000
   627        0.0086755019        0.0055514512        0.0004000000
   628        0.0096777661        0.0053794426        0.0004000000
   629        0.0103277495        0.0053853095        0.0002500000
   630        0.0107773822        0.0054026262        0.0002000000
   631        0.0112383200        0.0051742190        0.0002000000
   632        0.0117420707        0.0051317239        0.0002500000
   633        0.0123218778        0.0052389376        0.0003000000
   634        0.0131951168        0.0051347199        0.0003500000
   635        0.0141733458        0.0051510070        0.0002500000
   636        0.0148178188        0.0052086125        0.0003000000
   637        0.0156861695        0.0053859290        0.0004000000
   638        0.0164113866        0.0051941879        0.0002500000
   639        0.0169515317        0.0049417690        0.0002000000
   640        0.0174024069        0.0053377111        0.0004000000
   641        0.0180952153        0.0054377520        0.0003000000
   642        0.0187486551        0.0050507093        0.0002500000
   643        0.0193577077        0.0050540606        0.0003000000
   644        0.0201284800        0.0049975184        0.0003000000
   645        0.0205641807        0.0054101152        0.0003000000
   646        0.0217918754        0.0050804740        0.0004000000
   647        0.0224238292        0.0049281991        0.0002500000
   648        0.0229176826        0.0050066751        0.0002500000
   649        0.0236141607        0.0050774610        0.0004500000
   650        0.0245538552        0.0045743926        0.0001500000
   651        0.0248457978        0.0049804016        0.0003500000
   652        0.0253884177        0.0052365046        0.0002500000
   653        0.0261063807        0.0049010606        0.0002500000
   654        0.0267577889        0.0049603381        0.0003000000
   655        0.0273466146        0.0048774672        0.0002000000
   656        0.0278153752        0.0053278080        0.0004500000
   657        0.0285328960        0.0050795649        0.0002500000
   658        0.0295507101        0.0052302233        0.0003000000
   659        0.0303191391        0.0049836960        0.0003000000
   660        0.0309751966        0.0047075912        0.0002000000
   661        0.0317549450        0.0050855588        0.0002000000
   662        0.0325333557        0.0052181339        0.0003000000
   663        0.0332778483        0.0049344360        0.0002500000
   664        0.0344007085        0.0051737034        0.0004000000
   665        0.0350145606        0.0049599850        0.0002500000
   666        0.0355055764        0.0048654858        0.0002500000
   667        0.0360391102        0.0049992754        0.0003000000
   668        0.0364303318        0.0054542349        0.0003000000
   669        0.0370386377        0.0055033184        0.0003000000
   670        0.0384107616        0.0051248636        0.0003500000
   671        0.0390080230        0.0051823997        0.0002500000
   672        0.0393102869        0.0048223552        0.0001500000
   673        0.0399870579        0.0045588753        0.0002000000
   674        0.0404996956        0.0047582980        0.0003500000
   675        0.0411070640        0.0049898501        0.0003000000
   676        0.0417568142        0.0050094982        0.0003500000
   677        0.0420801067        0.0055734160        0.0003000000
   678        0.0432651591        0.0057857272        0.0003500000
   679        0.0434157873        0.0064180699        0.0003000000
   682        0.0002500000        0.0056897797        0.0002500000
   683        0.0011355324        0.0056106974        0.0002500000
   684        0.0020091055        0.0055571383        0.0002000000
   685        0.0030012180        0.0053643715        0.0002000000
   686        0.0039650752        0.0051431906        0.0003000000
   687        0.0044881940        0.0054371130        0.0003000000
   688        0.0049720735        0.0055629499        0.0002000000
   689        0.0056699709        0.0052146361        0.0002500000
   690        0.0061942771        0.0053808948        0.0003000000
   691        0.0064690557        0.0059143261        0.0003000000
   692        0.0076945088        0.0055805138        0.0003000000
   693        0.0081340786        0.0059111609        0.0002500000
   694        0.0092811522        0.0060741716        0.0004000000
   695        0.0101203445        0.0057845918        0.0002000000
   696        0.0106487541        0.0059373021        0.0003500000
   697        0.0113769869        0.0057579259        0.0004000000
   698        0.0120245735        0.0057017381        0.0002500000
   699        0.0127628175        0.0054748305        0.0002000000
   700        0.0137397790        0.0054895310        0.0003000000
   701        0.0144091992        0.0056479199        0.0003000000
   702        0.0150856439        0.0057455833        0.0003000000
   703        0.0162948790        0.0057316321        0.0003000000
   704        0.0168059903        0.0052600249        0.0001500000
   705        0.0169195193        0.0059116182        0.0003500000
   706        0.0177621306        0.0059958643        0.0003500000
   707        0.0186741143        0.0055955768        0.0003000000
   708        0.0193152634        0.0057026415        0.0003500000
   709        0.0199518217        0.0055709687        0.0003000000
   710        0.0204023392        0.0060395985        0.0003500000
   711        0.0211436705        0.0055658558        0.0003000000
   712        0.0217691860        0.0058801337        0.0004000000
   713        0.0224315172        0.0055282037        0.0003500000
   714        0.0230774584        0.0056013725        0.0003000000
   715        0.0243122445        0.0053517479        0.0003000000
   716        0.0250242061        0.0055006899        0.0002000000
   717        0.0258765242        0.0053451373        0.0002500000
   718        0.0264158089        0.0054533739        0.0003000000
   719        0.0270544268        0.0055747717        0.0003500000
   720        0.0284012519        0.0054571853        0.0001500000
   721        0.0289488554        0.0054394710        0.0003000000
   722        0.0294359298        0.0058699680        0.0003500000
   723        0.0300706508        0.0055297551        0.0003000000
   724        0.0308468111        0.0051388142        0.0002500000
   725        0.0313530339        0.0054609244        0.0003500000
   726        0.0320117416        0.0055146464        0.0003000000
   727        0.0330254294        0.0053070471        0.0002000000
   728        0.0336551364        0.0054637968        0.0004000000
   729        0.0351017136        0.0056545039        0.0004500000
   730        0.0359280193        0.0060112416        0.0004500000
   731        0.0368397601        0.0062781449        0.0005000000
   732        0.0375739016        0.0057744983        0.0003000000
   733        0.0382234620        0.0057993649        0.0003500000
   734        0.0388678918        0.0057142886        0.0003000000
   735        0.0395578218        0.0051980622        0.0003000000
   736        0.0401076713        0.0052126075        0.0002500000
   737        0.0406763273        0.0053317556        0.0002500000
   738        0.0413792205        0.0054093561        0.0002000000
   739        0.0415837175        0.0058102708        0.0002500000
   740        0.0425239054        0.0058984034        0.0002500000
   741        0.0427664132        0.0064472549        0.0003500000
   746        0.0003500000        0.0062813877        0.0003500000
   747        0.0009843663        0.0061395650        0.0003000000
   748        0.0016199740        0.0058712100        0.0003000000
   749        0.0024409190        0.0058093340        0.0003000000
   750        0.0029384975        0.0057594229        0.0002000000
   751        0.0034301115        0.0055008597        0.0002500000
   752        0.0039524901        0.0058877288        0.0004000000
   753        0.0047118991        0.0060474713        0.0003500000
   754        0.0054475836        0.0057176322        0.0003000000
   755        0.0058845968        0.0061988374        0.0003500000
   756        0.0071070988        0.0062023939        0.0004000000
   757        0.0077929284        0.0063426368        0.0003000000
   759        0.0099901140        0.0063188832        0.0003500000
   760        0.0106139951        0.0066364046        0.0003500000
   761        0.0113014274        0.0065041402        0.0003500000
   762        0.0119708313        0.0062993679        0.0003500000
   763        0.0125041944        0.0058431537        0.0002500000
   764        0.0131872077        0.0059966849        0.0004500000
   765        0.0139756571        0.0061323042        0.0003500000
   766        0.0146993319        0.0063293788        0.0004000000
   767        0.0156313796        0.0061840110        0.0004000000
   768        0.0162740923        0.0062811764        0.0002500000
   769        0.0167322097        0.0064816206        0.0002500000
   770        0.0172918425        0.0064444818        0.0003000000
   771        0.0184320581        0.0061987654        0.0003500000
   772        0.0190312168        0.0062311866        0.0002500000
   773        0.0197141736        0.0063377291        0.0004000000
   774        0.0210806280        0.0062127286        0.0003500000
   775        0.0216496391        0.0066205103        0.0003500000
   776        0.0224635731        0.0062774665        0.0004000000
   777        0.0231010950        0.0061508085        0.0002500000
   778        0.0235986203        0.0057772715        0.0002500000
   779        0.0241925630        0.0060414184        0.0004000000
   780        0.0249425467        0.0060445316        0.0003500000
   781        0.0254548581        0.0057321458        0.0002500000
   782        0.0259005969        0.0057944232        0.0002000000
   783        0.0263574672        0.0061007232        0.0003500000
   784        0.0269538662        0.0061662348        0.0002500000
   785        0.0275479408        0.0060817977        0.0003500000
   786        0.0282778355        0.0057845622        0.0002000000
   787        0.0286715623        0.0058555792        0.0002000000
   788        0.0289330661        0.0062818106        0.0003000000
   789        0.0299655080        0.0060185083        0.0002000000
   790        0.0306180637        0.0055834907        0.0002500000
   791        0.0309828780        0.0059951902        0.0003000000
   792        0.0317046683        0.0061988686        0.0004500000
   793        0.0325293886        0.0058180929        0.0003000000
   794        0.0331892212        0.0061747247        0.0004500000
   795        0.0342580327        0.0059099702        0.0003500000
   796        0.0347605086        0.0063223725        0.0003000000
   797        0.0353290061        0.0062634903        0.0002000000
   799        0.0376343171        0.0063714032        0.0003000000
   800        0.0382292747        0.0064493180        0.0003000000
   801        0.0387418185        0.0062497117        0.0002500000
   802        0.0394177115        0.0057298736        0.0002500000
   803        0.0399675643        0.0057444250        0.0003000000
   804        0.0405918046        0.0059257117        0.0003500000
   805        0.0411857093        0.0061899182        0.0003000000
   806        0.0419807356        0.0061143149        0.0002500000
   807        0.0422185685        0.0064964386        0.0002000000
   808        0.0431431561        0.0067760082        0.0001500000
   815        0.0020627851        0.0063469501        0.0003500000
   816        0.0025523449        0.0062452566        0.0001500000
   817        0.0030495989        0.0062980514        0.0003500000
   818        0.0036863678        0.0065888959        0.0003500000
   820        0.0052797329        0.0062413087        0.0002500000
   822        0.0063608735        0.0063510690        0.0001500000
   823        0.0066316485        0.0066456168        0.0002500000
   831        0.0126201440        0.0065610384        0.0003500000
   838        0.0178214895        0.0065928876        0.0002500000
   842        0.0203222122        0.0066846075        0.0003000000
   843        0.0208221039        0.0066982472        0.0002000000
   847        0.0237292105        0.0065661914        0.0003000000
   848        0.0246010826        0.0064096652        0.0001500000
   849        0.0256230157        0.0063599519        0.0004000000
   853        0.0280468462        0.0060475879        0.0001500000
   854        0.0283423228        0.0063870797        0.0003000000
   855        0.0294137938        0.0064194889        0.0002000000
   856        0.0298622355        0.0064564138        0.0002500000
   857        0.0303600463        0.0059522911        0.0002000000
   858        0.0305408953        0.0064717573        0.0003500000
   860        0.0324246960        0.0064088184        0.0003000000
   862        0.0339331624        0.0065859023        0.0004000000
   864        0.0351583929        0.0066252067        0.0002000000
   870        0.0392390881        0.0061969445        0.0002500000
   871        0.0398445494        0.0064335082        0.0004000000
   872        0.0405696492        0.0066253064        0.0003500000
   873        0.0411587680        0.0067392026        0.0002500000
   885        0.0025536099        0.0065951421        0.0002000000
   916        0.0249451968        0.0066445633        0.0002500000
